id,y_true,y_pred,prob_pos,correct
0,1,1,0.9812029,1
1,0,0,0.2200909,1
2,1,0,0.051510453,0
3,1,1,0.99999905,1
4,1,1,0.9999888,1
5,1,1,0.99986064,1
6,1,1,0.8178656,1
7,1,1,0.9994715,1
8,1,1,1.0,1
9,1,1,0.9921233,1
10,1,1,0.9999726,1
11,0,1,0.9495292,0
12,0,0,0.024168443,1
13,0,1,0.83682144,0
14,0,0,0.060863446,1
15,0,1,0.50115967,0
16,1,0,0.21092878,0
17,0,1,0.9990854,0
18,0,1,0.92475563,0
19,0,0,0.22456521,1
20,1,1,0.99992716,1
21,0,0,0.08733005,1
22,1,1,1.0,1
23,0,1,0.74991226,0
24,0,0,0.17674264,1
25,1,1,0.36800814,1
26,1,1,0.9869795,1
27,1,1,0.9999721,1
28,0,1,0.5619962,0
29,1,1,0.9944988,1
30,1,1,0.9835338,1
31,0,0,0.086477645,1
32,1,1,1.0,1
33,1,1,0.98201376,1
34,0,0,0.26402614,1
35,0,1,0.98866826,0
36,1,1,0.9999094,1
37,0,0,0.07477004,1
38,1,1,0.9999999,1
39,0,0,0.011441684,1
40,0,0,0.19019702,1
41,0,1,0.83748704,0
42,1,1,0.99993026,1
43,1,1,0.9998623,1
44,0,0,0.17645861,1
45,1,1,1.0,1
46,1,1,1.0,1
47,1,1,0.992062,1
48,1,0,0.15052764,0
49,1,1,0.9997367,1
50,0,0,0.2295352,1
51,0,0,0.04773565,1
52,1,1,1.0,1
53,1,0,0.008235631,0
54,1,1,0.99990356,1
55,1,1,1.0,1
56,1,0,0.019215846,0
57,1,1,0.9999541,1
58,0,0,0.19559407,1
59,0,1,0.9999883,0
60,1,0,0.0076658744,0
61,0,0,0.0029579026,1
62,0,0,0.04111437,1
63,1,1,0.9784877,1
64,0,1,0.93546456,0
65,1,1,0.9923638,1
66,0,1,0.5644586,0
67,1,1,0.84581506,1
68,1,1,1.0,1
69,0,1,0.4606225,0
70,1,1,0.96912026,1
71,0,1,0.81844676,0
72,1,0,0.077867545,0
73,0,1,0.6901938,0
74,0,1,0.98166555,0
75,0,1,0.99987173,0
76,0,0,0.05261895,1
77,0,0,0.23109324,1
78,1,1,0.9953725,1
79,1,1,0.59819484,1
80,1,1,0.9999982,1
81,1,1,0.999992,1
82,0,0,0.022694087,1
83,0,0,0.14584377,1
84,1,1,0.99997425,1
85,0,1,0.9147487,0
86,1,1,0.8775817,1
87,0,1,0.9999901,0
88,0,0,0.21992333,1
89,1,1,1.0,1
90,1,0,0.10475175,0
91,1,1,0.9267028,1
92,0,0,0.026180506,1
93,0,1,0.93880075,0
94,1,0,0.04488975,0
95,0,1,0.98046875,0
96,1,1,0.436592,1
97,1,1,0.7783125,1
98,0,0,0.14217234,1
99,1,1,0.99867237,1
100,0,1,0.66893435,0
101,1,1,0.9987281,1
102,1,1,1.0,1
103,0,0,0.1496556,1
104,1,0,0.16092427,0
105,1,1,0.9737197,1
106,1,1,0.44912082,1
107,1,1,0.992837,1
108,0,1,0.6985866,0
109,0,0,0.14878777,1
110,1,0,0.03061778,0
111,1,1,0.99992776,1
112,0,0,0.13313322,1
113,0,1,0.99960417,0
114,1,0,0.24301313,0
115,1,1,0.5097644,1
116,0,0,0.08336651,1
117,1,1,1.0,1
118,1,1,0.9999881,1
119,1,0,0.19102567,0
120,0,0,0.284576,1
121,1,0,0.28120816,0
122,0,0,0.051605962,1
123,1,1,0.99999964,1
124,0,0,0.0018066852,1
125,1,1,0.9999938,1
126,1,1,0.9999999,1
127,0,1,0.68283814,0
128,1,1,1.0,1
129,1,1,0.9951514,1
130,0,1,0.9269014,0
131,1,1,0.97624266,1
132,1,1,0.91022676,1
133,0,0,0.058884703,1
134,1,0,0.28987402,0
135,0,0,0.040464837,1
136,0,1,0.9999379,0
137,0,0,0.11240509,1
138,0,0,0.24113183,1
139,1,1,0.9969722,1
140,0,0,0.31536686,1
141,0,1,0.4971314,0
142,1,1,0.9999758,1
143,0,0,0.06903792,1
144,0,0,0.3019792,1
145,0,1,0.97840524,0
146,0,1,0.8044059,0
147,0,0,0.21428008,1
148,0,0,0.20882359,1
149,0,0,0.32039586,1
150,1,0,0.22661243,0
151,0,0,0.07276838,1
152,0,1,0.89796406,0
153,1,1,0.7466011,1
154,1,1,0.73120254,1
155,1,0,0.054954547,0
156,1,1,0.99800056,1
157,1,1,0.99999976,1
158,1,1,0.9829547,1
159,0,0,0.09534946,1
160,0,0,0.30424836,1
161,1,0,0.093016796,0
162,0,0,0.2844269,1
163,1,1,0.9509604,1
164,1,1,1.0,1
165,1,1,0.999995,1
166,0,1,0.66426814,0
167,1,1,0.79581684,1
168,0,0,0.10185715,1
169,1,1,0.9416005,1
170,1,1,0.56517875,1
171,1,1,0.6221725,1
172,1,1,0.8926561,1
173,0,0,0.033684738,1
174,0,0,0.07689149,1
175,0,0,0.07626997,1
176,1,1,0.99998045,1
177,0,1,0.72389543,0
178,1,1,0.99998784,1
179,1,0,0.21850257,0
180,1,1,0.99981695,1
181,1,1,0.9920466,1
182,0,0,0.09999631,1
183,0,1,0.9931096,0
184,1,1,0.98971164,1
185,1,1,0.5266471,1
186,1,1,0.9999969,1
187,0,0,0.07024005,1
188,0,0,0.111627996,1
189,0,1,0.9552774,0
190,0,0,0.05315703,1
191,1,1,1.0,1
192,0,1,0.8546422,0
193,1,1,0.99938095,1
194,1,1,0.99999726,1
195,1,1,0.61751264,1
196,0,1,0.99959785,0
197,1,1,1.0,1
198,0,1,0.9291196,0
199,0,0,0.03810662,1
200,1,1,1.0,1
201,0,0,0.11037522,1
202,0,1,0.9807288,0
203,1,0,0.1447523,0
204,0,0,0.19721243,1
205,1,1,0.99999714,1
206,0,0,0.11446747,1
207,0,1,0.9999963,0
208,0,1,0.98475236,0
209,1,1,0.9994128,1
210,1,1,0.71735847,1
211,0,0,0.03378023,1
212,1,1,1.0,1
213,1,1,0.8620035,1
214,1,1,0.99999774,1
215,1,1,0.9973218,1
216,0,0,0.18952107,1
217,1,0,0.16224726,0
218,0,0,0.06903792,1
219,0,1,0.9813286,0
220,0,0,0.17133832,1
221,0,1,0.4299977,0
222,0,1,0.46074378,0
223,1,1,0.754282,1
224,0,0,0.047074176,1
225,1,1,0.9431384,1
226,0,0,0.060363002,1
227,0,0,0.12721826,1
228,0,0,0.31663334,1
229,1,1,0.9999999,1
230,1,1,1.0,1
231,0,1,0.37587827,0
232,0,0,0.11666332,1
233,0,0,0.18616903,1
234,1,1,0.99993694,1
235,1,0,0.092196204,0
236,0,1,0.9999956,0
237,0,1,0.78727776,0
238,1,1,0.99945897,1
239,0,1,0.9997818,0
240,1,1,1.0,1
241,0,1,0.5691942,0
242,1,1,0.9999815,1
243,1,0,0.17674264,0
244,1,0,0.047780067,0
245,1,1,0.99999595,1
246,0,1,0.7794058,0
247,0,0,0.08874129,1
248,1,1,0.9998666,1
249,1,1,0.8106289,1
250,1,1,1.0,1
251,1,1,0.9999496,1
252,1,1,0.55694187,1
253,0,1,0.41905347,0
254,0,1,0.9214283,0
255,0,0,0.03442355,1
256,1,1,1.0,1
257,1,1,0.9999083,1
258,0,1,0.937669,0
259,1,1,1.0,1
260,1,1,0.9890765,1
261,1,0,0.20110625,0
262,0,0,0.10622612,1
263,1,1,0.9999999,1
264,1,1,1.0,1
265,0,1,0.39455083,0
266,0,0,0.3082423,1
267,0,0,0.10230471,1
268,1,0,0.00046190582,0
269,0,0,0.19814174,1
270,0,1,0.83508044,0
271,1,1,1.0,1
272,1,1,0.99995255,1
273,0,1,0.8636218,0
274,1,1,0.99999714,1
275,1,1,0.96312666,1
276,0,0,0.037361998,1
277,0,1,0.42712787,0
278,0,1,0.91949815,0
279,1,1,0.99999964,1
280,0,0,0.32231262,1
281,0,0,0.05770532,1
282,1,1,0.9999931,1
283,0,0,0.09713317,1
284,1,1,0.9999999,1
285,1,1,0.99952066,1
286,1,1,0.9912209,1
287,0,0,0.30751395,1
288,0,1,0.73777264,0
289,0,1,0.9912717,0
290,0,0,0.15726623,1
291,1,1,0.9882449,1
292,0,0,0.055720285,1
293,0,0,0.07921033,1
294,1,1,0.99999833,1
295,0,1,0.98282325,0
296,0,1,0.9458513,0
297,1,1,1.0,1
298,1,1,1.0,1
299,0,0,0.118998006,1
300,1,1,0.8394709,1
301,0,0,0.029816542,1
302,1,1,0.9996302,1
303,1,1,0.9989818,1
304,1,1,1.0,1
305,0,0,0.038647197,1
306,1,0,0.16796798,0
307,0,0,0.041812986,1
308,1,1,0.99999845,1
309,0,0,0.022116588,1
310,1,1,0.99977916,1
311,1,1,0.90337944,1
312,0,1,0.9518184,0
313,0,1,0.8470844,0
314,0,1,0.999961,0
315,0,0,0.29138398,1
316,0,1,0.6062071,0
317,1,0,0.09560247,0
318,1,1,0.983597,1
319,1,1,0.998147,1
320,0,0,0.10818896,1
321,1,1,0.9984841,1
322,0,0,0.11940814,1
323,1,1,0.99999964,1
324,0,0,0.11506276,1
325,0,1,0.8853344,0
326,1,1,0.99996924,1
327,1,1,0.99394965,1
328,0,0,0.28397995,1
329,0,1,0.9450455,0
330,0,1,0.9743129,0
331,1,1,0.999995,1
332,1,1,1.0,1
333,1,1,1.0,1
334,0,1,0.9986802,0
335,0,0,0.10706346,1
336,1,1,1.0,1
337,0,0,0.16052906,1
338,1,1,0.6131787,1
339,1,1,0.8240375,1
340,1,0,0.24229527,0
341,1,1,0.9916196,1
342,0,1,0.9826576,0
343,1,1,0.9429811,1
344,1,0,0.07517641,0
345,1,0,0.04831607,0
346,0,0,0.09260568,1
347,1,1,0.9999994,1
348,0,0,0.2043419,1
349,1,1,0.9999927,1
350,0,0,0.24131057,1
351,0,0,0.0628467,1
352,1,1,0.92821383,1
353,1,1,0.99961025,1
354,1,1,0.6081287,1
355,0,0,0.09326426,1
356,1,1,0.3979677,1
357,1,1,0.82261705,1
358,0,0,0.2344943,1
359,1,1,0.61120796,1
360,0,1,0.8821236,0
361,0,1,0.46016762,0
362,1,1,0.6302868,1
363,0,0,0.016121825,1
364,0,1,0.36846253,0
365,1,1,0.9999989,1
366,0,0,0.053353984,1
367,1,0,0.15431227,0
368,0,1,0.49664313,0
369,0,0,0.059921406,1
370,1,1,0.9843364,1
371,0,1,0.99991417,0
372,1,0,0.041230027,0
373,0,0,0.011687257,1
374,1,1,0.8039445,1
375,1,1,0.9999994,1
376,0,1,0.91157407,0
377,0,1,0.94407386,0
378,0,1,0.9911527,0
379,0,0,0.13887003,1
380,1,1,0.9951231,1
381,1,1,1.0,1
382,1,1,0.9967963,1
383,1,1,0.99999714,1
384,0,1,0.9554855,0
385,1,1,0.9933589,1
386,0,0,0.21190566,1
387,1,1,0.88759494,1
388,0,1,0.99953544,0
389,1,1,0.97104686,1
390,1,1,0.9992461,1
391,1,1,0.9999187,1
392,1,0,0.0065769986,0
393,1,0,0.027663978,0
394,1,1,0.99999845,1
395,1,1,1.0,1
396,0,0,0.12262824,1
397,1,1,0.9999069,1
398,1,1,0.99999845,1
399,0,1,0.82104415,0
400,1,1,0.99718815,1
401,1,1,0.99999964,1
402,1,1,0.6472967,1
403,1,1,0.9999542,1
404,1,1,0.9999658,1
405,1,1,0.6082451,1
406,0,1,0.999972,0
407,0,0,0.0015307451,1
408,1,1,0.9999999,1
409,0,1,0.6285214,0
410,1,1,0.99297464,1
411,0,1,0.5616357,0
412,1,0,0.048181534,0
413,0,1,0.9643886,0
414,0,0,0.11104826,1
415,1,1,0.9999219,1
416,0,0,0.11230769,1
417,1,1,1.0,1
418,1,1,1.0,1
419,1,0,0.0066798786,0
420,0,1,0.75082695,0
421,1,1,0.98067343,1
422,1,1,0.99999654,1
423,0,1,0.5500636,0
424,0,0,0.13375428,1
425,1,0,0.25460163,0
426,1,0,0.10221505,0
427,1,1,0.99949956,1
428,0,0,0.015306354,1
429,1,1,0.9997439,1
430,0,1,0.9924959,0
431,0,0,0.26860553,1
432,0,1,0.5168393,0
433,0,1,0.7216942,0
434,1,1,0.9999995,1
435,0,0,0.1834473,1
436,1,1,0.9999999,1
437,0,1,0.98007214,0
438,0,0,0.029901406,1
439,1,0,0.0073600817,0
440,1,1,0.9999999,1
441,1,1,0.97682446,1
442,0,1,0.9931363,0
443,1,1,0.9995566,1
444,1,1,0.9997398,1
445,1,1,0.99613816,1
446,1,1,0.9999976,1
447,1,1,0.9999294,1
448,1,1,0.5880614,1
449,1,1,0.9726495,1
450,1,0,0.113383114,0
451,1,1,1.0,1
452,0,1,0.68558115,0
453,0,1,0.83748704,0
454,1,0,0.07921033,0
455,0,0,0.12331283,1
456,0,0,0.055617616,1
457,0,0,0.1305069,1
458,0,0,0.32167304,1
459,1,1,0.46885142,1
460,0,0,0.04747001,1
461,1,0,0.31636927,0
462,0,0,0.17002513,1
463,1,0,0.015276946,0
464,0,0,0.30461022,1
465,0,0,0.074500255,1
466,1,1,0.99991107,1
467,1,1,0.8802834,1
468,0,0,0.2925953,1
469,1,1,0.9997757,1
470,1,1,0.8959786,1
471,1,1,0.9999956,1
472,1,1,0.99456257,1
473,0,1,0.7796576,0
474,1,1,1.0,1
475,1,0,0.31158394,0
476,1,0,0.1488496,0
477,0,0,0.2188363,1
478,1,1,1.0,1
479,0,1,0.99812883,0
480,1,1,0.8478418,1
481,1,1,0.9996947,1
482,1,1,0.9878762,1
483,1,1,1.0,1
484,0,0,0.003794834,1
485,0,1,0.9327602,0
486,0,0,0.011375601,1
487,0,1,0.9305845,0
488,0,0,0.20362833,1
489,0,0,0.12278593,1
490,1,0,0.05014425,0
491,1,0,0.040162582,0
492,1,1,0.6580331,1
493,1,0,0.022802634,0
494,0,0,0.089057684,1
495,1,1,1.0,1
496,1,1,0.87568074,1
497,1,1,1.0,1
498,0,1,0.8255897,0
499,1,1,0.65880173,1
500,0,1,0.99980897,0
501,0,0,0.070880495,1
502,0,0,0.2931009,1
503,0,0,0.06307716,1
504,0,0,0.025540898,1
505,0,1,0.42554554,0
506,0,1,0.97376966,0
507,1,0,0.047780067,0
508,1,1,1.0,1
509,0,1,0.9973008,0
510,0,0,0.05184547,1
511,1,1,0.41537306,1
512,0,0,0.22000709,1
513,0,1,0.99998844,0
514,1,1,1.0,1
515,0,1,0.9956937,0
516,0,0,0.095433734,1
517,0,0,0.20040116,1
518,1,1,0.9998148,1
519,0,0,0.14306794,1
520,0,1,0.99903405,0
521,0,0,0.016866265,1
522,0,1,0.9999994,0
523,1,0,0.07423137,0
524,1,0,0.088425905,0
525,0,0,0.09065494,1
526,1,1,1.0,1
527,0,0,0.049176436,1
528,0,0,0.1613863,1
529,0,0,0.28811818,1
530,1,0,0.061932698,0
531,1,1,0.9873018,1
532,1,1,0.99999344,1
533,1,1,0.51135063,1
534,1,1,0.99568534,1
535,1,0,0.32804486,0
536,1,1,0.969985,1
537,0,0,0.06142404,1
538,1,1,0.9995851,1
539,0,0,0.10230471,1
540,1,1,0.999992,1
541,1,1,0.87674,1
542,1,1,1.0,1
543,1,0,0.047602654,0
544,1,1,1.0,1
545,0,1,0.99990535,0
546,1,1,0.9999999,1
547,1,1,0.9999629,1
548,1,1,0.99999297,1
549,1,1,0.47359636,1
550,1,1,0.98951083,1
551,1,1,0.7067473,1
552,1,1,0.94479126,1
553,0,1,0.99863297,0
554,1,1,0.89442116,1
555,1,0,0.07094482,0
556,1,1,0.99557483,1
557,1,0,0.028463027,0
558,1,0,0.29951483,0
559,0,0,0.33906126,1
560,0,1,0.72115445,0
561,0,0,0.010150015,1
562,1,1,0.9993525,1
563,1,1,0.99989283,1
564,1,0,0.112600096,0
565,1,1,0.9996911,1
566,0,0,0.08517511,1
567,1,1,0.9999237,1
568,1,1,0.96882665,1
569,1,1,0.9999933,1
570,1,1,0.9999168,1
571,1,1,0.9999994,1
572,0,0,0.26507115,1
573,0,1,0.47094953,0
574,0,1,1.0,0
575,0,0,0.1866133,1
576,0,1,0.9957767,0
577,0,0,0.0026163394,1
578,1,0,0.34908882,0
579,1,0,0.100436606,0
580,1,1,0.99999857,1
581,0,1,0.5072627,0
582,0,1,0.84758973,0
583,1,1,0.55187565,1
584,0,0,0.10941996,1
585,1,1,0.9999999,1
586,0,1,0.71118027,0
587,1,1,1.0,1
588,1,1,0.63742584,1
589,1,1,1.0,1
590,0,0,0.310433,1
591,0,1,0.7728737,0
592,0,1,0.9494823,0
593,0,1,0.6219428,0
594,1,1,0.99921906,1
595,1,1,0.9999901,1
596,1,1,1.0,1
597,1,1,1.0,1
598,0,0,0.084040605,1
599,1,1,0.9983991,1
600,0,1,0.6337504,0
601,1,1,1.0,1
602,0,0,0.31864414,1
603,1,0,0.26630956,0
604,1,1,0.99999976,1
605,0,0,0.1336412,1
606,1,1,0.9998952,1
607,1,1,0.9892855,1
608,0,0,0.06614567,1
609,0,1,0.9991623,0
610,1,0,0.0069038384,0
611,1,1,0.96182173,1
612,1,1,0.99994814,1
613,1,0,0.017695315,0
614,1,1,0.9979691,1
615,1,1,1.0,1
616,1,1,0.9348725,1
617,0,0,0.028355207,1
618,1,1,1.0,1
619,1,1,0.99864095,1
620,1,1,0.99937004,1
621,1,1,0.9992563,1
622,1,0,0.10203597,0
623,1,1,0.9965233,1
624,1,1,0.9374402,1
625,1,1,0.9914225,1
626,1,1,0.9999999,1
627,1,1,1.0,1
628,0,1,0.45226377,0
629,1,1,0.99999976,1
630,1,1,0.9999999,1
631,1,1,1.0,1
632,1,1,0.99999964,1
633,1,1,0.9999993,1
634,1,1,0.8938666,1
635,1,0,0.0689125,0
636,0,1,0.38268924,0
637,0,0,0.10356715,1
638,1,1,0.70043397,1
639,0,0,0.18227991,1
640,1,1,1.0,1
641,1,1,0.9103862,1
642,1,1,0.40868968,1
643,1,1,1.0,1
644,1,1,0.9999969,1
645,0,0,0.18810017,1
646,0,0,0.089853115,1
647,1,1,0.6834723,1
648,1,0,0.34444347,0
649,0,0,0.13951358,1
650,1,1,0.9863369,1
651,1,1,0.99992096,1
652,0,1,0.9999027,0
653,0,0,0.10800066,1
654,0,1,0.86488205,0
655,0,1,0.4421547,0
656,0,0,0.016308766,1
657,0,0,0.04954302,1
658,1,1,0.5597714,1
659,1,1,0.99884856,1
660,1,0,0.13324596,0
661,1,1,0.99961555,1
662,1,1,1.0,1
663,1,0,0.056184534,0
664,0,0,0.2516477,1
665,1,1,0.79486305,1
666,1,0,0.13678125,0
667,1,1,0.9992649,1
668,0,1,0.99998677,0
669,0,0,0.010944577,1
670,1,1,0.8136089,1
671,1,1,0.9999802,1
672,0,1,0.56787676,0
673,0,1,0.9455505,0
674,0,0,0.18126321,1
675,1,1,0.9974738,1
676,0,0,0.21983956,1
677,1,0,0.06872476,0
678,1,1,0.9920002,1
679,0,1,0.44999677,0
680,1,0,0.06866228,0
681,0,0,0.18609506,1
682,0,1,0.9983802,0
683,0,1,0.9985619,0
684,0,0,0.1435475,1
685,0,0,0.05515777,1
686,0,1,0.615839,0
687,1,0,0.29350573,0
688,0,1,0.44158268,0
689,1,1,0.93183565,1
690,1,1,0.40300873,1
691,1,1,0.99852496,1
692,1,1,0.9999938,1
693,0,1,0.99871826,0
694,0,0,0.06884988,1
695,1,1,0.99999976,1
696,0,0,0.0882686,1
697,0,1,0.36704338,0
698,1,1,0.999966,1
699,0,0,0.016090875,1
700,1,1,0.98959166,1
701,1,1,0.7107287,1
702,1,1,1.0,1
703,1,0,0.06935241,0
704,1,1,0.99980134,1
705,1,1,0.9999956,1
706,0,0,0.046421416,1
707,1,0,0.12797923,0
708,0,0,0.028301448,1
709,0,0,0.09518112,1
710,0,1,0.99767226,0
711,0,0,0.21950476,1
712,0,1,0.988085,0
713,0,0,0.09713317,1
714,1,1,0.9995408,1
715,1,1,1.0,1
716,1,1,0.99999976,1
717,1,0,0.028220985,0
718,1,1,0.9964412,1
719,1,1,0.9964825,1
720,1,1,0.999998,1
721,0,0,0.15597628,1
722,0,0,0.050051305,1
723,0,0,0.0019043302,1
724,1,0,0.2193375,0
725,0,0,0.28120816,1
726,1,0,0.06530615,0
727,1,0,0.24826072,0
728,1,1,0.5132415,1
729,1,0,0.16391331,0
730,1,1,0.9813107,1
731,1,1,0.9999989,1
732,1,1,0.99400806,1
733,0,0,0.026180506,1
734,1,1,0.9999869,1
735,1,1,0.9996458,1
736,1,1,1.0,1
737,0,0,0.2986959,1
738,0,1,0.91321325,0
739,0,0,0.20593424,1
740,1,1,1.0,1
741,0,0,0.3300392,1
742,0,1,0.9999999,0
743,0,1,0.65074474,0
744,0,1,0.99688244,0
745,0,0,0.031618766,1
746,1,1,1.0,1
747,1,0,0.023984872,0
748,1,1,0.9999292,1
749,0,0,0.093512304,1
750,1,1,0.99988854,1
751,1,1,0.73848057,1
752,0,0,0.08929564,1
753,0,1,1.0,0
754,0,0,0.09534946,1
755,1,1,0.52670795,1
756,1,1,0.9741658,1
757,1,1,0.692486,1
758,0,0,0.035678547,1
759,1,0,0.11586064,0
760,0,1,0.62171316,0
761,1,1,0.97455615,1
762,0,1,0.9983354,0
763,0,0,0.19620943,1
764,0,0,0.07303238,1
765,1,1,1.0,1
766,0,1,0.63221896,0
767,1,1,0.995008,1
768,0,1,0.9726495,0
769,0,0,0.12121686,1
770,1,1,0.9989434,1
771,0,0,0.093595125,1
772,1,1,0.9992446,1
773,0,0,0.05261895,1
774,0,1,0.8190264,0
775,0,1,0.99869555,0
776,1,1,0.4673014,1
777,1,0,0.029958112,0
778,1,1,0.4729573,1
779,1,1,0.9999924,1
780,0,1,0.9094255,0
781,0,1,0.98262435,0
782,1,0,0.31184584,0
783,1,0,0.0705596,0
784,0,0,0.245537,1
785,1,1,1.0,1
786,1,1,0.917746,1
787,1,1,0.45356438,1
788,0,0,0.07928158,1
789,1,1,0.99999475,1
790,0,1,0.8358858,0
791,0,0,0.0606962,1
792,0,1,0.37579238,0
793,0,1,0.97578543,0
794,1,1,0.91796696,1
795,1,1,0.9994116,1
796,0,1,0.9999888,0
797,1,1,0.95594025,1
798,1,1,0.9335521,1
799,1,1,0.9737197,1
800,0,0,0.2683658,1
801,0,0,0.32193944,1
802,1,1,0.99447733,1
803,0,1,0.4020986,0
804,1,1,0.99999976,1
805,0,1,0.8539127,0
806,1,1,1.0,1
807,1,0,0.2200909,0
808,0,1,0.99992,0
809,0,0,0.12304914,1
810,0,1,0.9996959,0
811,1,1,1.0,1
812,0,1,0.44812435,0
813,0,0,0.09747628,1
814,0,0,0.0118920505,1
815,0,0,0.08601587,1
816,1,1,0.99999833,1
817,0,0,0.018743115,1
818,1,1,0.99790895,1
819,0,1,0.9221325,0
820,0,1,0.9999893,0
821,1,1,0.993255,1
822,0,1,0.43524128,0
823,1,0,0.00026426834,0
824,0,0,0.32863715,1
825,0,0,0.17168525,1
826,0,1,0.7927853,0
827,0,0,0.019069158,1
828,1,1,0.40436044,1
829,1,1,0.9999999,1
830,0,1,0.995523,0
831,0,1,0.3690876,0
832,0,0,0.0946777,1
833,1,1,0.35577488,1
834,1,1,1.0,1
835,0,0,0.11240509,1
836,1,1,0.60708094,1
837,0,0,0.1509652,1
838,1,1,0.9997942,1
839,1,1,1.0,1
840,1,1,0.99908364,1
841,0,0,0.056809194,1
842,1,1,0.9999999,1
843,0,1,0.79358625,0
844,1,1,0.9999999,1
845,1,0,0.07024005,0
846,1,1,0.98535615,1
847,0,0,0.08609269,1
848,1,1,0.9999987,1
849,0,0,0.07758752,1
850,1,0,0.35031024,0
851,0,0,0.007460643,1
852,0,0,0.14724834,1
853,1,0,0.17106119,0
854,0,0,0.074635044,1
855,1,1,0.9999995,1
856,0,0,0.041578867,1
857,1,0,0.043936532,0
858,1,1,0.7858021,1
859,0,1,0.99101454,0
860,0,1,0.99021614,0
861,1,1,0.95987505,1
862,1,1,0.9998036,1
863,0,1,0.77475387,0
864,0,1,0.99736834,0
865,1,1,1.0,1
866,1,0,0.04782452,0
867,1,1,1.0,1
868,1,1,0.45819718,1
869,0,0,0.059319146,1
870,0,0,0.022824407,1
871,1,1,0.92886186,1
872,0,0,0.04111437,1
873,0,1,0.41389167,0
874,0,0,0.11651246,1
875,0,0,0.023264103,1
876,0,1,0.9999982,0
877,1,1,0.6256097,1
878,1,1,0.4820024,1
879,0,1,0.9974934,0
880,0,0,0.03197956,1
881,1,1,0.9849997,1
882,1,1,0.999962,1
883,1,0,0.15190639,0
884,0,1,0.99279517,0
885,0,0,0.01890545,1
886,1,1,0.99174845,1
887,1,0,0.06273176,0
888,1,1,0.9164094,1
889,0,1,0.9999937,0
890,1,1,0.9998184,1
891,1,1,0.99743915,1
892,1,0,0.23970512,0
893,1,1,0.99790895,1
894,0,1,0.997783,0
895,1,1,0.99993575,1
896,1,1,0.9951041,1
897,0,1,0.9962638,0
898,1,0,0.098512106,0
899,1,1,1.0,1
900,0,0,0.049589023,1
901,1,1,0.9911011,1
902,1,1,1.0,1
903,0,0,0.0039685,1
904,1,1,1.0,1
905,1,1,0.91730267,1
906,1,1,0.54873395,1
907,0,1,0.9886901,0
908,0,1,0.99922967,0
909,1,1,1.0,1
910,1,1,0.5983122,1
911,1,1,0.9904591,1
912,0,0,0.07165614,1
913,0,0,0.0006667023,1
914,1,1,0.937726,1
915,1,1,0.9999999,1
916,1,0,0.0046909326,0
917,0,1,0.8949732,0
918,0,0,0.16458358,1
919,1,1,0.992725,1
920,1,1,0.9999876,1
921,1,1,0.9998634,1
922,1,1,0.83775276,1
923,0,0,0.12787029,1
924,1,1,1.0,1
925,0,0,0.019966036,1
926,1,1,0.9999974,1
927,0,0,0.05098815,1
928,0,1,0.5642185,0
929,0,1,0.6436654,0
930,0,1,0.9967077,0
931,0,1,0.71646667,0
932,0,0,0.07276838,1
933,0,1,0.99825555,0
934,0,0,0.11501305,1
935,1,1,1.0,1
936,1,1,0.99979895,1
937,0,0,0.003907215,1
938,0,0,0.107250325,1
939,0,1,0.96653706,0
940,0,1,0.65296096,0
941,1,1,0.95626813,1
942,1,1,0.87652874,1
943,1,1,1.0,1
944,0,0,0.017342346,1
945,0,1,0.6187228,0
946,0,0,0.18191628,1
947,1,0,0.11446747,0
948,0,0,0.060863446,1
949,0,0,0.17539679,1
950,0,1,0.9999999,0
951,0,0,0.05098815,1
952,0,0,0.16331196,1
953,1,1,0.9744834,1
954,1,0,0.13660839,0
955,1,1,1.0,1
956,0,0,0.14977995,1
957,1,1,0.9998969,1
958,1,1,0.7494999,1
959,1,1,1.0,1
960,1,1,0.7772999,1
961,0,0,0.09611029,1
962,0,1,0.7210071,0
963,0,0,0.13939638,1
964,1,0,0.14780103,0
965,1,1,0.99986815,1
966,0,0,0.34543642,1
967,0,0,0.24355245,1
968,1,1,0.9994241,1
969,0,0,0.1603975,1
970,1,0,0.02145073,0
971,1,0,0.053601146,0
972,1,0,0.10484337,0
973,0,1,0.6166473,0
974,0,0,0.24771436,1
975,0,1,0.77932185,0
976,1,1,0.99996066,1
977,1,0,0.08532742,0
978,0,0,0.023375314,1
979,1,1,0.99992037,1
980,0,1,0.7611836,0
981,1,0,0.038865484,0
982,1,1,0.37441894,1
983,1,1,1.0,1
984,0,1,0.7754348,0
985,1,0,0.12085323,0
986,1,1,0.9701552,1
987,1,1,1.0,1
988,0,0,0.048496004,1
989,1,1,0.5134855,1
990,1,1,1.0,1
991,1,1,1.0,1
992,1,1,0.7704648,1
993,1,1,0.9938548,1
994,1,1,0.9869544,1
995,1,1,1.0,1
996,0,0,0.31949285,1
997,1,1,0.9928786,1
998,1,1,0.43242285,1
999,0,0,0.14330755,1
1000,1,1,0.9203613,1
1001,0,1,0.9980122,0
1002,1,1,0.99999845,1
1003,0,1,0.9370958,0
1004,0,0,0.033085983,1
1005,1,1,0.99995124,1
1006,0,1,0.9732661,0
1007,1,1,0.99999976,1
1008,0,1,0.7989722,0
1009,0,0,0.1596755,1
1010,1,0,0.11951087,0
1011,1,1,0.9999994,1
1012,0,0,0.29920757,1
1013,1,1,0.87125593,1
1014,0,1,0.5541086,0
1015,0,0,0.18148069,1
1016,1,0,0.0770997,0
1017,1,1,0.9999467,1
1018,0,0,0.04196977,1
1019,1,1,0.7256972,1
1020,1,0,0.13805456,0
1021,1,1,1.0,1
1022,0,1,0.9999479,0
1023,0,1,0.5885344,0
1024,1,1,0.9981756,1
1025,0,1,0.999159,0
1026,1,1,0.8449215,1
1027,1,1,0.9889492,1
1028,1,1,0.99997723,1
1029,1,1,0.63108295,1
1030,0,1,0.96432143,0
1031,1,0,0.2771794,0
1032,0,0,0.18140818,1
1033,0,1,0.9998155,0
1034,0,1,0.7421415,0
1035,1,1,0.39831868,1
1036,1,1,0.9999877,1
1037,1,1,0.8500957,1
1038,0,1,0.9812029,0
1039,1,0,0.09713317,0
1040,0,0,0.20955054,1
1041,0,0,0.10266401,1
1042,0,1,0.9999993,0
1043,0,0,0.18257123,1
1044,0,1,0.4508731,0
1045,1,1,0.988085,1
1046,1,1,0.63414687,1
1047,0,0,0.066206016,1
1048,1,1,0.52013075,1
1049,1,1,0.99849594,1
1050,0,1,0.50250244,0
1051,0,0,0.039937317,1
1052,1,0,0.1201288,0
1053,1,1,0.9327602,1
1054,0,1,0.7326875,0
1055,1,0,0.022933563,0
1056,1,1,0.82810634,1
1057,1,1,0.6476311,1
1058,0,1,0.9999783,0
1059,0,1,0.7879312,0
1060,1,0,0.01678549,0
1061,0,1,0.63250273,0
1062,1,1,0.9790958,1
1063,1,1,0.9998579,1
1064,0,0,0.021024454,1
1065,1,0,0.079068,0
1066,1,1,0.9538373,1
1067,1,1,1.0,1
1068,1,1,0.9999995,1
1069,1,1,0.9467446,1
1070,0,1,0.8601343,0
1071,0,0,0.15437602,1
1072,1,1,0.9923786,1
1073,0,1,0.9994715,0
1074,0,0,0.10493506,1
1075,0,0,0.0027469008,1
1076,0,1,0.9999993,0
1077,1,1,0.95719784,1
1078,0,0,0.068537496,1
1079,1,0,0.17405902,0
1080,0,1,0.9992693,0
1081,0,1,0.9996424,0
1082,1,1,0.9997613,1
1083,0,0,0.07723879,1
1084,0,1,0.40039763,0
1085,0,1,0.9973477,0
1086,1,1,0.96841115,1
1087,0,0,0.14511536,1
1088,1,1,1.0,1
1089,1,1,0.47064537,1
1090,1,1,0.9962638,1
1091,0,0,0.11240509,1
1092,1,1,0.8308688,1
1093,1,0,0.10493506,0
1094,1,1,0.9991736,1
1095,1,1,1.0,1
1096,1,1,0.95068645,1
1097,0,0,0.32103413,1
1098,1,1,1.0,1
1099,0,1,0.80746067,0
1100,1,0,0.029284457,0
1101,1,1,0.99999857,1
1102,1,1,1.0,1
1103,1,1,0.7966882,1
1104,0,0,0.093595125,1
1105,0,1,0.37524846,0
1106,1,1,0.93868846,1
1107,1,1,0.97782,1
1108,0,0,0.062388144,1
1109,1,1,0.99999905,1
1110,1,0,0.054148693,0
1111,0,0,0.029063188,1
1112,1,0,0.01361059,0
1113,0,1,0.9999831,0
1114,1,1,0.9034647,1
1115,0,1,0.5661984,0
1116,0,0,0.09713317,1
1117,1,1,0.9999403,1
1118,1,1,0.9741166,1
1119,1,0,0.09730459,0
1120,1,1,0.9652504,1
1121,0,0,0.20793757,1
1122,1,1,0.99999106,1
1123,0,1,0.79975533,0
1124,0,1,0.682415,0
1125,0,0,0.2607658,1
1126,1,1,0.42301106,1
1127,1,1,1.0,1
1128,1,1,0.7102767,1
1129,1,1,0.9999833,1
1130,0,0,0.24409263,1
1131,1,0,0.022564495,0
1132,0,0,0.070751965,1
1133,0,0,0.33551413,1
1134,0,0,0.021718834,1
1135,1,1,1.0,1
1136,1,1,0.99999547,1
1137,1,1,0.61259943,1
1138,1,1,0.9999578,1
1139,0,1,0.50970334,0
1140,0,1,0.9941347,0
1141,0,1,0.9996686,0
1142,1,0,0.032589745,0
1143,0,1,0.46514452,0
1144,1,0,0.17924303,0
1145,1,0,0.17624585,0
1146,1,0,0.3489224,0
1147,1,1,0.9999863,1
1148,0,1,0.9890765,0
1149,0,0,0.30213365,1
1150,0,0,0.27250826,1
1151,0,0,0.07626997,1
1152,1,1,0.9986541,1
1153,1,1,1.0,1
1154,1,0,0.05404875,0
1155,0,0,0.033242542,1
1156,1,1,1.0,1
1157,0,1,0.8358858,0
1158,1,1,0.9979292,1
1159,0,0,0.07303238,1
1160,1,1,1.0,1
1161,0,0,0.003750789,1
1162,1,1,0.99990606,1
1163,1,0,0.014531521,0
1164,0,0,0.18300883,1
1165,0,1,0.4843801,0
1166,1,1,1.0,1
1167,0,1,0.98862445,0
1168,0,0,0.07538034,1
1169,1,1,0.8064718,1
1170,1,1,1.0,1
1171,1,1,1.0,1
1172,1,1,1.0,1
1173,0,0,0.03355782,1
1174,1,1,0.52542967,1
1175,1,0,0.031143833,0
1176,1,1,0.99356186,1
1177,1,1,0.9510968,1
1178,1,0,0.013325147,0
1179,1,1,0.98873377,1
1180,1,1,0.9999989,1
1181,1,1,1.0,1
1182,0,1,0.99999976,0
1183,1,1,0.9814,1
1184,1,1,0.9999982,1
1185,1,1,0.9998795,1
1186,1,1,0.97953105,1
1187,0,0,0.13117322,1
1188,1,1,0.98644173,1
1189,1,1,1.0,1
1190,1,1,0.99615306,1
1191,1,0,0.12189465,0
1192,1,0,0.18010665,0
1193,1,1,0.9924959,1
1194,0,0,0.089057684,1
1195,1,1,0.36766753,1
1196,1,0,0.039453376,0
1197,0,1,0.84479356,0
1198,0,0,0.18330103,1
1199,0,0,0.30352533,1
1200,0,1,0.9623913,0
1201,0,0,0.09041373,1
1202,1,0,0.02774289,0
1203,0,1,0.99976224,0
1204,0,0,0.01717671,1
1205,1,1,0.9999963,1
1206,1,0,0.022457054,0
1207,0,0,0.13437785,1
1208,1,1,1.0,1
1209,1,1,0.999985,1
1210,1,1,0.71992546,1
1211,0,1,0.81844676,0
1212,1,1,0.9999852,1
1213,0,1,0.78481424,0
1214,0,0,0.0049245106,1
1215,1,0,0.33813176,0
1216,1,1,0.8697146,1
1217,0,1,0.42283228,0
1218,0,1,0.9691495,0
1219,1,1,0.99998987,1
1220,1,0,0.316739,0
1221,0,0,0.2202586,1
1222,1,1,0.96395,1
1223,1,0,0.10875559,0
1224,1,1,0.9999776,1
1225,0,1,0.9999993,0
1226,0,1,0.5213493,0
1227,1,1,0.9891187,1
1228,0,0,0.17085357,1
1229,0,1,0.66979885,0
1230,1,0,0.036322463,0
1231,1,0,0.0016743996,0
1232,0,0,0.08456833,1
1233,1,1,0.99988544,1
1234,0,1,0.99999654,0
1235,0,0,0.17161581,1
1236,1,1,0.9925103,1
1237,1,1,0.55012405,1
1238,1,1,0.99999833,1
1239,0,0,0.3174263,1
1240,0,1,0.9978258,0
1241,1,0,0.15052764,0
1242,1,1,1.0,1
1243,0,1,0.9887554,0
1244,1,1,0.89778495,1
1245,1,1,0.82204634,1
1246,0,0,0.11716748,1
1247,1,1,0.9993893,1
1248,0,1,0.9996057,0
1249,0,0,0.1153614,1
1250,0,0,0.08517511,1
1251,1,1,1.0,1
1252,1,1,0.98262435,1
1253,1,1,0.9946878,1
1254,0,0,0.25395352,1
1255,0,0,0.325199,1
1256,0,0,0.11762279,1
1257,0,0,0.11818139,1
1258,1,1,0.8688268,1
1259,1,1,0.99582565,1
1260,1,1,0.3657115,1
1261,1,1,0.9730109,1
1262,1,1,0.9813286,1
1263,0,0,0.055463932,1
1264,1,1,0.99999094,1
1265,1,1,0.62629557,1
1266,0,0,0.036769465,1
1267,0,0,0.04418332,1
1268,1,1,0.96823144,1
1269,1,1,0.44405243,1
1270,1,1,0.9999989,1
1271,1,0,0.0012918457,0
1272,0,1,0.9979849,0
1273,1,1,0.7762839,1
1274,1,1,0.9874721,1
1275,1,0,0.014559519,0
1276,1,1,0.9084556,1
1277,1,1,1.0,1
1278,1,1,0.87810534,1
1279,0,1,0.9989371,0
1280,0,0,0.15431227,1
1281,1,1,0.99999285,1
1282,0,0,0.24816959,1
1283,0,0,0.0762012,1
1284,0,0,0.07389652,1
1285,1,1,0.70755625,1
1286,1,0,0.34482944,0
1287,1,1,1.0,1
1288,1,0,0.23660442,0
1289,0,0,0.042842172,1
1290,1,1,0.45819718,1
1291,1,0,0.13546064,0
1292,1,0,0.25460163,0
1293,1,1,0.9999995,1
1294,1,0,0.046638034,0
1295,1,0,0.12890846,0
1296,0,1,0.99916387,0
1297,0,0,0.23361893,1
1298,1,0,0.20577459,0
1299,1,1,0.99932015,1
1300,0,1,0.99700147,0
1301,1,1,0.9999981,1
1302,1,1,0.86153823,1
1303,1,1,1.0,1
1304,0,0,0.25344503,1
1305,1,1,0.88252914,1
1306,1,1,0.9999931,1
1307,1,1,0.8664719,1
1308,0,0,0.0703677,1
1309,0,1,0.9991721,0
1310,0,1,0.39004013,0
1311,0,0,0.2638364,1
1312,1,1,0.63108295,1
1313,1,1,0.9999814,1
1314,0,0,0.23231015,1
1315,0,0,0.12694745,1
1316,0,0,0.020042615,1
1317,1,0,0.020567097,0
1318,1,1,0.99998367,1
1319,1,1,1.0,1
1320,0,1,1.0,0
1321,1,1,1.0,1
1322,1,0,0.038538493,0
1323,1,1,0.93183565,1
1324,0,1,0.99999464,0
1325,1,1,0.6778473,1
1326,0,1,0.4775237,0
1327,0,1,0.7572562,0
1328,1,1,0.9998118,1
1329,0,1,0.9999746,0
1330,0,1,0.9965771,0
1331,0,0,0.08122775,1
1332,1,1,0.94154674,1
1333,0,0,0.16633658,1
1334,1,1,0.9999671,1
1335,0,1,0.37593552,0
1336,0,0,0.06307716,1
1337,1,1,0.968111,1
1338,0,0,0.015424551,1
1339,1,1,0.9906238,1
1340,0,1,0.90397453,0
1341,1,1,1.0,1
1342,0,0,0.31137452,1
1343,0,1,0.6575934,0
1344,0,1,0.85989916,0
1345,0,1,1.0,0
1346,1,1,0.896614,1
1347,0,0,0.009994227,1
1348,1,0,0.16184944,0
1349,1,0,0.1138749,0
1350,0,1,0.63312674,0
1351,1,1,0.99999547,1
1352,1,1,0.9851003,1
1353,0,0,0.19744445,1
1354,1,1,0.9999982,1
1355,0,0,0.020390792,1
1356,0,0,0.080574244,1
1357,0,0,0.17106119,1
1358,0,1,0.99053264,0
1359,0,0,0.02143024,1
1360,0,0,0.047293693,1
1361,1,1,0.99865156,1
1362,0,0,0.12951279,1
1363,1,1,0.7137809,1
1364,1,1,0.7611836,1
1365,1,1,0.6280083,1
1366,0,1,0.95388025,0
1367,1,1,0.50402826,1
1368,0,0,0.04260254,1
1369,1,1,1.0,1
1370,0,0,0.05802475,1
1371,1,1,0.99999976,1
1372,1,1,0.3703677,1
1373,1,1,1.0,1
1374,0,1,0.66709346,0
1375,1,1,0.8595459,1
1376,1,1,0.9926684,1
1377,1,0,0.09568695,0
1378,1,1,0.5995438,1
1379,1,0,0.087252244,0
1380,0,0,0.2330948,1
1381,1,0,0.116261385,0
1382,1,1,0.9994777,1
1383,1,1,0.999998,1
1384,0,1,0.9997603,0
1385,1,1,1.0,1
1386,1,0,0.09645018,0
1387,1,1,0.9999999,1
1388,0,0,0.06500874,1
1389,1,0,0.093760945,0
1390,0,1,0.71248233,0
1391,1,0,0.32034272,0
1392,1,1,0.97321534,1
1393,1,1,0.99999964,1
1394,1,0,0.088425905,0
1395,0,0,0.09739039,1
1396,1,1,0.9944559,1
1397,1,1,1.0,1
1398,0,1,0.9995851,0
1399,0,0,0.13863662,1
1400,1,1,1.0,1
1401,0,0,0.043123364,1
1402,0,0,0.08173938,1
1403,0,1,0.9999999,0
1404,0,1,0.9885361,0
1405,1,1,0.8490974,1
1406,1,1,0.6569335,1
1407,0,0,0.017078074,1
1408,0,0,0.13910376,1
1409,0,1,0.99635005,0
1410,1,0,0.1466363,0
1411,0,1,0.97573924,0
1412,0,0,0.05404875,1
1413,1,1,0.6016521,1
1414,1,1,1.0,1
1415,1,1,0.990329,1
1416,1,1,0.9997818,1
1417,0,0,0.16505408,1
1418,0,0,0.1056711,1
1419,1,1,0.9989718,1
1420,1,1,0.9996768,1
1421,0,0,0.03102618,1
1422,1,1,0.54177254,1
1423,1,0,0.00011820537,0
1424,0,1,0.9836285,0
1425,1,1,0.99674594,1
1426,1,0,0.2414894,0
1427,0,1,0.704211,0
1428,1,1,0.75770473,1
1429,0,1,0.5911923,0
1430,1,1,0.9999865,1
1431,1,1,0.9322685,1
1432,1,1,0.9999522,1
1433,1,1,0.68747264,1
1434,0,0,0.29178745,1
1435,0,0,0.015321081,1
1436,1,1,1.0,1
1437,0,0,0.029788304,1
1438,1,1,0.9903476,1
1439,0,0,0.17859745,1
1440,0,0,0.02732453,1
1441,1,1,0.99580115,1
1442,1,1,0.9791357,1
1443,1,0,0.15291561,0
1444,1,0,0.26999873,0
1445,0,1,0.9912548,0
1446,0,0,0.19961987,1
1447,0,0,0.10212547,1
1448,0,1,0.98609793,0
1449,1,0,0.3016191,0
1450,0,1,0.9947595,0
1451,1,1,0.99998677,1
1452,1,1,1.0,1
1453,1,0,0.14891149,0
1454,1,1,0.5086661,1
1455,1,0,0.26812616,0
1456,0,1,0.9982488,0
1457,1,1,0.49029663,1
1458,1,1,0.9854124,1
1459,1,1,0.46083477,1
1460,0,0,0.058185086,1
1461,1,0,0.28022227,0
1462,1,1,0.9999826,1
1463,0,0,0.07626997,1
1464,0,0,0.23961616,1
1465,1,1,0.9995652,1
1466,1,1,0.7580631,1
1467,0,0,0.15034041,1
1468,1,1,0.99895763,1
1469,1,1,0.999577,1
1470,1,1,0.7266681,1
1471,1,1,1.0,1
1472,0,1,0.50964236,0
1473,0,1,0.78099674,0
1474,1,0,0.027143434,0
1475,0,1,0.99990904,0
1476,0,1,0.9980732,0
1477,1,1,1.0,1
1478,1,0,0.012194132,0
1479,0,0,0.02184368,1
1480,0,0,0.046421416,1
1481,0,1,0.5458305,0
1482,0,0,0.31790254,1
1483,1,1,0.9818926,1
1484,1,1,0.9999379,1
1485,1,0,0.09713317,0
1486,0,1,0.985129,0
1487,0,0,0.13805456,1
1488,0,0,0.078078166,1
1489,1,1,1.0,1
1490,1,1,0.38320842,1
1491,0,1,0.9240733,0
1492,0,0,0.061143138,1
1493,0,1,0.9712385,0
1494,1,0,0.073098525,0
1495,1,1,0.9829874,1
1496,1,1,0.7967673,1
1497,1,1,1.0,1
1498,1,1,0.99998,1
1499,0,0,0.28407922,1
1500,0,1,0.6618682,0
1501,0,0,0.0041179177,1
1502,0,0,0.14258969,1
1503,1,1,0.9827406,1
1504,1,1,1.0,1
1505,1,1,0.9992505,1
1506,0,1,0.9812928,0
1507,1,1,0.9999994,1
1508,1,0,0.12252321,0
1509,0,0,0.1138749,1
1510,1,1,0.9205757,1
1511,0,1,0.9997459,0
1512,0,1,0.99605453,0
1513,1,1,0.9999999,1
1514,1,1,0.99999976,1
1515,1,1,0.9994956,1
1516,1,1,0.9984812,1
1517,1,1,0.62903434,1
1518,1,0,0.022737447,0
1519,0,1,0.9994956,0
1520,1,1,0.99813604,1
1521,1,1,0.999997,1
1522,1,0,0.2193375,0
1523,1,0,0.23757595,0
1524,1,1,1.0,1
1525,0,1,0.38864705,0
1526,1,0,0.06916357,0
1527,1,1,0.9999919,1
1528,1,1,0.79534036,1
1529,0,1,0.4600463,0
1530,0,1,0.61855006,0
1531,1,0,0.094594024,0
1532,0,0,0.029256709,1
1533,0,1,0.9999875,0
1534,0,0,0.25711167,1
1535,1,1,0.99998724,1
1536,1,1,0.68883485,1
1537,1,1,0.9875683,1
1538,1,1,0.9999876,1
1539,0,1,0.7036004,0
1540,1,1,0.9985562,1
1541,0,0,0.053551625,1
1542,1,0,0.25991955,0
1543,1,0,0.18111832,0
1544,0,0,0.14675854,1
1545,1,1,0.9999738,1
1546,1,0,0.2509128,0
1547,1,1,1.0,1
1548,1,0,0.1490353,0
1549,1,0,0.025371311,0
1550,0,0,0.22893131,1
1551,1,1,0.9974241,1
1552,0,0,0.047249712,1
1553,0,1,0.8315539,0
1554,1,1,0.5276208,1
1555,1,0,0.09065494,0
1556,1,1,0.97726256,1
1557,0,0,0.2055353,1
1558,1,1,1.0,1
1559,0,0,0.10221505,1
1560,1,1,0.88778967,1
1561,1,1,0.9999999,1
1562,1,1,0.78099674,1
1563,0,1,0.8782099,0
1564,1,1,0.9994777,1
1565,0,1,0.93611,0
1566,1,1,0.9694979,1
1567,0,1,0.9999858,0
1568,0,1,0.99999917,0
1569,1,1,0.6093498,1
1570,0,0,0.28487432,1
1571,1,0,0.16398025,0
1572,0,1,0.8828326,0
1573,0,0,0.03897507,1
1574,1,1,1.0,1
1575,0,0,0.3250383,1
1576,0,1,0.9974837,0
1577,1,1,0.9989956,1
1578,0,0,0.23440666,1
1579,1,1,0.90252376,1
1580,1,0,0.21992333,0
1581,0,0,0.055515114,1
1582,0,0,0.043813635,1
1583,1,1,0.3794934,1
1584,1,1,0.9741658,1
1585,0,1,0.6887302,0
1586,1,1,0.9999083,1
1587,1,1,0.999982,1
1588,0,1,0.999995,0
1589,1,0,0.036977556,0
1590,1,1,0.99981767,1
1591,1,1,0.77990913,1
1592,0,1,0.9998623,0
1593,0,0,0.16783156,1
1594,1,1,0.996682,1
1595,1,0,0.017968968,0
1596,0,1,0.9999206,0
1597,1,1,0.4155509,1
1598,1,1,1.0,1
1599,0,0,0.24229527,1
1600,0,0,0.0369428,1
1601,0,0,0.10771874,1
1602,0,0,0.27250826,1
1603,0,1,0.99975365,0
1604,1,0,0.14163724,0
1605,0,1,0.9999738,0
1606,0,1,0.95159405,0
1607,1,1,0.5251253,1
1608,0,1,0.99998105,0
1609,1,1,0.99999523,1
1610,0,1,0.6430491,0
1611,0,1,1.0,0
1612,1,1,0.9999479,1
1613,1,0,0.01124456,0
1614,0,0,0.019985154,1
1615,0,0,0.16052906,1
1616,1,1,0.99999976,1
1617,1,1,1.0,1
1618,0,0,0.009340025,1
1619,1,1,1.0,1
1620,1,1,0.9999994,1
1621,0,0,0.090896755,1
1622,1,1,0.9978719,1
1623,0,0,0.29477292,1
1624,0,0,0.3338832,1
1625,0,0,0.0762012,1
1626,1,0,0.023264103,0
1627,1,0,0.2338813,0
1628,1,1,0.7858021,1
1629,1,1,0.5545308,1
1630,1,1,0.42125416,1
1631,0,0,0.012288597,1
1632,0,1,0.35409796,0
1633,0,0,0.3154723,1
1634,1,0,0.26246354,0
1635,1,1,0.35874614,1
1636,0,1,0.9999473,0
1637,0,1,0.9999988,0
1638,1,1,0.9956262,1
1639,1,1,0.5051878,1
1640,0,1,0.6350527,0
1641,1,1,0.99994195,1
1642,0,1,0.35153365,0
1643,1,1,0.92310846,1
1644,1,1,0.99993217,1
1645,1,1,0.39338502,1
1646,0,0,0.10132237,1
1647,0,0,0.16988736,1
1648,1,1,0.99999964,1
1649,1,1,0.9999976,1
1650,1,1,0.99664307,1
1651,1,1,0.9999658,1
1652,0,0,0.01977584,1
1653,0,1,0.996108,0
1654,0,0,0.010052368,1
1655,0,1,0.64170307,0
1656,0,0,0.1668111,1
1657,1,1,0.99988127,1
1658,1,1,0.9996499,1
1659,1,0,0.19360435,0
1660,1,1,0.9899087,1
1661,0,0,0.11104826,1
1662,1,1,0.9997739,1
1663,0,0,0.0060152626,1
1664,0,1,0.99986863,0
1665,1,1,0.9716448,1
1666,0,0,0.19605544,1
1667,1,1,1.0,1
1668,1,1,1.0,1
1669,0,1,0.73616356,0
1670,0,0,0.17709816,1
1671,0,1,0.997851,0
1672,1,0,0.32247266,0
1673,0,0,0.043650273,1
1674,1,1,0.98685336,1
1675,1,1,0.99997973,1
1676,1,1,0.47186205,1
1677,1,0,0.31017175,0
1678,1,1,0.9999995,1
1679,1,1,0.4781024,1
1680,1,1,1.0,1
1681,1,0,0.31153157,0
1682,0,1,0.45078245,0
1683,0,1,0.9960776,0
1684,1,1,0.8614217,1
1685,1,1,0.94980925,1
1686,1,1,0.99983525,1
1687,1,1,0.9999844,1
1688,0,1,0.40789342,0
1689,0,0,0.19049802,1
1690,0,0,0.14996658,1
1691,0,0,0.26010746,1
1692,1,0,0.14792407,0
1693,0,0,0.10302444,1
1694,1,1,0.9999994,1
1695,0,0,0.095265254,1
1696,0,1,0.9007919,0
1697,1,1,0.999188,1
1698,0,1,1.0,0
1699,0,1,0.4364419,0
1700,1,1,0.9998832,1
1701,1,1,0.61929864,1
1702,1,1,0.68505466,1
1703,0,0,0.1584346,1
1704,0,1,0.99999523,0
1705,1,0,0.07850098,0
1706,0,0,0.10132237,1
1707,1,1,0.99996674,1
1708,1,1,0.999998,1
1709,1,1,0.91204524,1
1710,0,1,0.9914722,0
1711,0,0,0.031618766,1
1712,0,0,0.15765488,1
1713,0,1,0.91796696,0
1714,1,1,0.94905907,1
1715,0,0,0.11556087,1
1716,1,1,1.0,1
1717,1,1,0.9999995,1
1718,0,0,0.06424133,1
1719,1,1,0.99999714,1
1720,0,0,0.1364357,1
1721,1,1,0.40277377,1
1722,0,1,0.5029296,0
1723,1,1,0.9999982,1
1724,1,1,0.993807,1
1725,1,0,0.31426096,0
1726,0,1,0.80115914,0
1727,1,0,0.32257935,0
1728,1,1,0.3857217,1
1729,0,0,0.11377637,1
1730,1,1,1.0,1
1731,1,1,1.0,1
1732,0,0,0.07165614,1
1733,1,1,0.86025184,1
1734,1,1,0.9629877,1
1735,0,0,0.068040416,1
1736,0,1,0.9975321,0
1737,0,0,0.27265352,1
1738,1,1,0.99999845,1
1739,0,1,0.99474937,0
1740,1,1,1.0,1
1741,1,1,1.0,1
1742,1,1,0.6212537,1
1743,0,0,0.29573816,1
1744,1,1,1.0,1
1745,1,1,0.98609793,1
1746,0,0,0.120957024,1
1747,1,0,0.2129677,0
1748,1,0,0.2448141,0
1749,1,0,0.07303238,0
1750,0,0,0.015723988,1
1751,1,1,0.9999995,1
1752,1,1,0.9999932,1
1753,0,1,0.96378,0
1754,1,0,0.067546695,0
1755,1,1,0.99021614,1
1756,0,1,0.80662423,0
1757,1,0,0.057123974,0
1758,0,1,0.49389675,0
1759,1,0,0.04501553,0
1760,1,1,0.5771379,1
1761,0,1,0.5343088,0
1762,0,1,0.8601343,0
1763,1,1,1.0,1
1764,1,1,0.99999857,1
1765,1,1,0.6931096,1
1766,1,1,0.99729556,1
1767,1,1,0.9846347,1
1768,0,0,0.33627656,1
1769,1,1,0.9999999,1
1770,0,0,0.1609902,1
1771,1,0,0.25884086,0
1772,1,1,1.0,1
1773,0,1,0.97865146,0
1774,0,0,0.09342957,1
1775,1,1,0.9999807,1
1776,0,0,0.017325716,1
1777,0,0,0.052765187,1
1778,1,1,0.76681787,1
1779,1,1,1.0,1
1780,1,1,0.9975177,1
1781,0,0,0.15974101,1
1782,1,1,1.0,1
1783,0,1,0.9951041,0
1784,0,1,0.90657043,0
1785,0,1,0.9993242,0
1786,1,0,0.081154905,0
1787,1,1,0.64170307,1
1788,1,1,0.5045165,1
1789,1,1,0.9998313,1
1790,0,1,0.99999976,0
1791,0,1,0.9055731,0
1792,1,1,0.98507166,1
1793,0,1,0.6142205,0
1794,1,1,1.0,1
1795,1,1,0.9995592,1
1796,1,1,0.99985623,1
1797,1,1,1.0,1
1798,0,1,0.9151287,0
1799,0,0,0.060863446,1
1800,0,1,0.9405718,0
1801,1,1,1.0,1
1802,1,0,0.061255362,0
1803,0,1,0.93645954,0
1804,1,1,0.985129,1
1805,1,1,1.0,1
1806,1,1,1.0,1
1807,0,0,0.0628467,1
1808,0,0,0.19559407,1
1809,0,1,0.4879174,0
1810,0,1,0.9776072,0
1811,1,0,0.24328268,0
1812,0,0,0.25293726,1
1813,1,0,0.0726367,0
1814,0,0,0.2972149,1
1815,0,0,0.03767939,1
1816,1,1,1.0,1
1817,1,1,0.9384633,1
1818,0,1,0.6674187,0
1819,0,0,0.122891165,1
1820,0,0,0.06742378,1
1821,0,1,0.99999845,0
1822,1,1,0.9341553,1
1823,1,1,0.84156543,1
1824,1,1,0.41513592,1
1825,0,1,0.6700148,0
1826,0,1,0.95869267,0
1827,1,1,0.9999995,1
1828,1,1,0.9999684,1
1829,1,1,0.9999957,1
1830,1,0,0.10008423,0
1831,0,1,0.6720627,0
1832,1,1,0.999959,1
1833,0,0,0.02876159,1
1834,0,1,0.95136863,0
1835,1,1,0.7424217,1
1836,0,0,0.0705596,1
1837,0,1,0.99890554,0
1838,1,1,1.0,1
1839,0,1,0.67976356,0
1840,0,0,0.019531239,1
1841,1,0,0.21833587,0
1842,0,0,0.2973679,1
1843,1,1,1.0,1
1844,0,1,0.9991928,0
1845,1,1,0.48434958,1
1846,0,1,0.7240418,0
1847,1,1,0.9999982,1
1848,0,1,0.9970073,0
1849,1,0,0.17384852,0
1850,0,1,0.87883514,0
1851,0,0,0.1746917,1
1852,0,0,0.31869712,1
1853,0,1,0.87147486,0
1854,1,1,0.99999857,1
1855,1,1,1.0,1
1856,0,1,0.970771,0
1857,1,1,0.9999999,1
1858,1,1,1.0,1
1859,1,1,1.0,1
1860,0,1,0.8641959,0
1861,1,1,0.9999999,1
1862,1,0,0.020371297,0
1863,0,1,0.99987566,0
1864,1,1,0.9998965,1
1865,1,1,0.99999976,1
1866,1,0,0.23563562,0
1867,1,0,0.18528292,0
1868,1,1,0.9992649,1
1869,0,1,0.99997187,0
1870,0,0,0.023397617,1
1871,0,1,0.9406263,0
1872,0,0,0.09001297,1
1873,1,1,0.9999989,1
1874,0,0,0.13330236,1
1875,0,0,0.10203597,1
1876,0,0,0.027769245,1
1877,0,0,0.17106119,1
1878,0,0,0.10697014,1
1879,1,0,0.008610767,0
1880,0,1,0.35236892,0
1881,1,1,0.9999968,1
1882,1,1,0.76215863,1
1883,1,1,0.86499614,1
1884,1,0,0.0012303583,0
1885,1,1,1.0,1
1886,1,0,0.02580962,0
1887,1,1,0.9999956,1
1888,1,1,0.99998724,1
1889,1,0,0.04836099,0
1890,0,1,0.99974686,0
1891,0,1,0.99912554,0
1892,1,1,0.97180575,1
1893,1,1,0.97527254,1
1894,0,0,0.038502328,1
1895,0,1,0.3685193,0
1896,1,1,0.9424538,1
1897,1,1,0.9067358,1
1898,0,0,0.033589505,1
1899,0,1,0.6509667,0
1900,1,0,0.08517511,0
1901,1,1,0.9894091,1
1902,1,1,0.99995935,1
1903,1,1,0.99986064,1
1904,0,0,0.12247072,1
1905,1,1,0.9999963,1
1906,0,1,0.99992156,0
1907,0,0,0.16776335,1
1908,0,1,0.9574373,0
1909,1,1,0.9998795,1
1910,0,1,0.6443929,0
1911,1,1,0.9191359,1
1912,1,1,0.99911004,1
1913,1,1,0.9999999,1
1914,1,1,1.0,1
1915,1,0,0.06506812,0
1916,1,0,0.08181271,0
1917,0,1,0.8596637,0
1918,1,1,0.9807473,1
1919,1,1,0.9999988,1
1920,0,1,0.37330452,0
1921,0,0,0.19806418,1
1922,0,0,0.31816727,1
1923,0,0,0.19993211,1
1924,0,1,0.9929061,0
1925,0,0,0.06244529,1
1926,1,1,0.9999653,1
1927,0,1,0.9835338,0
1928,1,0,0.011915022,0
1929,0,1,0.4914559,0
1930,0,0,0.3149453,1
1931,1,1,0.99935,1
1932,0,0,0.103930384,1
1933,0,0,0.12570794,1
1934,1,1,0.9967013,1
1935,0,1,0.68167377,0
1936,1,1,0.7824132,1
1937,0,0,0.01665704,1
1938,0,1,0.70176417,0
1939,1,1,0.99998903,1
1940,0,0,0.27469173,1
1941,0,0,0.31320965,1
1942,1,1,0.99998164,1
1943,1,1,0.99040353,1
1944,1,1,1.0,1
1945,1,1,1.0,1
1946,1,1,0.46967226,1
1947,1,1,0.75396514,1
1948,0,1,0.8490974,0
1949,0,0,0.033589505,1
1950,0,1,0.99999976,0
1951,0,0,0.14971778,1
1952,0,1,0.7670798,0
1953,1,1,0.9999994,1
1954,1,1,0.999572,1
1955,1,0,0.0640069,0
1956,0,1,0.99999166,0
1957,1,1,0.9962782,1
1958,1,0,0.15791446,0
1959,1,0,0.08787644,0
1960,1,1,0.999892,1
1961,1,1,0.9999635,1
1962,1,1,0.9996057,1
1963,0,1,0.35919553,0
1964,1,0,0.0842664,0
1965,1,1,0.99504673,1
1966,0,0,0.028707078,1
1967,1,1,1.0,1
1968,1,1,0.9999453,1
1969,0,1,0.9999999,0
1970,0,1,0.47548354,0
1971,0,1,0.9946464,0
1972,0,0,0.035880692,1
1973,1,1,0.9911355,1
1974,1,1,0.99999595,1
1975,0,1,0.9996959,0
1976,0,0,0.32718444,1
1977,0,0,0.32343352,1
1978,0,1,0.8311431,0
1979,1,1,0.9999994,1
1980,0,1,0.42757598,0
1981,0,0,0.24328268,1
1982,1,1,0.799129,1
1983,0,0,0.25757828,1
1984,1,0,0.22507577,0
1985,1,0,0.05350215,0
1986,0,1,0.9868787,0
1987,0,0,0.010408314,1
1988,1,1,0.6344867,1
1989,1,1,0.99999166,1
1990,1,0,0.0022040894,0
1991,1,1,0.99998677,1
1992,0,1,0.85195273,0
1993,0,1,0.9977482,0
1994,1,1,1.0,1
1995,1,1,1.0,1
1996,1,1,0.9999999,1
1997,1,1,0.9972691,1
1998,1,1,0.99999607,1
1999,0,1,0.99941957,0
2000,1,1,0.99999535,1
2001,1,1,0.35846534,1
2002,0,1,0.995793,0
2003,0,0,0.080574244,1
2004,0,0,0.009485712,1
2005,0,1,0.611556,0
2006,1,1,1.0,1
2007,0,1,0.5600722,0
2008,1,1,0.99991107,1
2009,1,1,0.9980882,1
2010,1,1,0.98387814,1
2011,0,1,0.9745077,0
2012,1,1,0.9999968,1
2013,1,1,0.87652874,1
2014,0,1,0.9955576,0
2015,1,1,1.0,1
2016,0,1,0.8587186,0
2017,0,0,0.25534368,1
2018,0,0,0.28776783,1
2019,1,1,0.9999925,1
2020,0,1,0.9512782,0
2021,1,1,0.99984527,1
2022,1,0,0.30012983,0
2023,0,1,0.92756045,0
2024,1,1,0.64226425,1
2025,0,0,0.16418117,1
2026,0,0,0.24490437,1
2027,1,1,0.99835795,1
2028,0,1,0.79549927,0
2029,1,1,0.9776072,1
2030,1,1,0.9919224,1
2031,0,1,0.92879725,0
2032,0,1,0.35476828,0
2033,1,1,0.999985,1
2034,1,1,0.9998067,1
2035,1,1,0.8621197,1
2036,1,1,0.99999976,1
2037,1,0,0.0018639287,0
2038,0,1,0.8784186,0
2039,0,1,0.99817204,0
2040,0,1,0.9998247,0
2041,1,0,0.24562746,0
2042,0,1,0.999572,0
2043,1,0,0.043568812,0
2044,0,0,0.021004366,1
2045,1,0,0.2434625,0
2046,1,1,1.0,1
2047,1,1,1.0,1
2048,1,1,0.9975561,1
2049,1,1,0.9433476,1
2050,0,1,0.83775276,0
2051,0,1,0.35253608,0
2052,1,1,0.95230865,1
2053,0,0,0.07323097,1
2054,0,1,0.999966,0
2055,1,0,0.06687324,0
2056,1,1,1.0,1
2057,0,1,0.59837085,0
2058,0,0,0.033462938,1
2059,0,1,0.381162,0
2060,1,1,0.9599126,1
2061,1,0,0.010052368,0
2062,1,1,0.97865146,1
2063,1,1,0.9999987,1
2064,0,1,0.9988373,0
2065,0,1,0.99999774,0
2066,0,0,0.039416388,1
2067,1,1,0.3797521,1
2068,1,0,0.08969352,0
2069,0,1,0.78224695,0
2070,1,1,0.99996114,1
2071,0,0,0.08240149,1
2072,1,1,0.58658206,1
2073,1,1,0.99998975,1
2074,0,1,0.8728902,0
2075,1,0,0.088820286,0
2076,1,1,0.99995553,1
2077,0,0,0.087252244,1
2078,0,1,0.95190793,0
2079,1,1,0.9999931,1
2080,0,0,0.22807053,1
2081,1,1,1.0,1
2082,0,0,0.2573916,1
2083,0,1,0.7033967,0
2084,0,0,0.07172112,1
2085,0,0,0.30466193,1
2086,1,1,0.88592786,1
2087,1,1,1.0,1
2088,0,1,0.82190347,0
2089,1,1,0.9999994,1
2090,1,1,0.99999726,1
2091,1,1,0.9320215,1
2092,1,0,0.13695431,0
2093,0,1,0.99844813,0
2094,0,1,0.65704346,0
2095,0,0,0.28056708,1
2096,0,1,0.9999993,0
2097,0,1,0.8763172,0
2098,1,1,0.99999464,1
2099,0,0,0.2786492,1
2100,0,1,0.99999547,0
2101,1,1,0.9958741,1
2102,0,0,0.17217185,1
2103,1,1,0.9998977,1
2104,1,1,0.4711928,1
2105,0,1,0.66405034,0
2106,1,1,0.9914391,1
2107,1,1,0.9978594,1
2108,1,0,0.024680348,0
2109,1,0,0.1368966,0
2110,0,0,0.09065494,1
2111,1,1,1.0,1
2112,0,0,0.16471791,1
2113,1,1,0.9409528,1
2114,1,0,0.30673468,0
2115,1,0,0.016121825,0
2116,1,1,0.9914391,1
2117,1,1,0.9999347,1
2118,1,1,0.8031738,1
2119,0,1,0.97110176,0
2120,1,1,0.99999905,1
2121,1,1,0.9819447,1
2122,0,1,0.9998945,0
2123,1,1,1.0,1
2124,1,1,0.6702306,1
2125,1,0,0.043528132,0
2126,0,0,0.1454792,1
2127,1,0,0.027454607,0
2128,1,1,0.9007919,1
2129,0,0,0.07942426,1
2130,1,1,0.9999999,1
2131,0,0,0.25534368,1
2132,1,0,0.20291662,0
2133,1,1,1.0,1
2134,0,1,0.37874627,0
2135,1,1,0.9999993,1
2136,1,1,0.80348235,1
2137,0,0,0.008627458,1
2138,0,0,0.2642634,1
2139,0,1,0.5829066,0
2140,1,1,0.66774374,1
2141,0,1,0.9993525,0
2142,1,1,0.999884,1
2143,1,1,0.75927,1
2144,0,0,0.11940814,1
2145,1,1,0.8736466,1
2146,0,0,0.09426001,1
2147,1,1,0.99999225,1
2148,1,1,0.99349916,1
2149,1,1,0.99932146,1
2150,0,1,0.9118885,0
2151,0,0,0.11456651,1
2152,1,1,0.9999999,1
2153,0,1,0.9999807,0
2154,0,0,0.0672398,1
2155,0,0,0.024586499,1
2156,0,1,0.9981828,0
2157,1,1,0.9999962,1
2158,1,1,0.99910825,1
2159,0,0,0.053899158,1
2160,1,1,0.97856975,1
2161,0,1,0.3897788,0
2162,1,1,0.9957353,1
2163,1,1,0.99998796,1
2164,1,1,0.7150759,1
2165,0,1,0.47533134,0
2166,0,0,0.021864556,1
2167,1,1,0.99980205,1
2168,0,0,0.02463338,1
2169,1,0,0.31853816,0
2170,1,0,0.031232351,0
2171,1,1,0.8509647,1
2172,0,0,0.09401018,1
2173,1,1,0.7514658,1
2174,0,1,0.87321484,0
2175,1,0,0.29660332,0
2176,1,0,0.01335085,0
2177,1,1,0.9349319,1
2178,0,0,0.16572809,1
2179,1,1,0.9999995,1
2180,0,1,0.99986494,0
2181,1,1,0.9622852,1
2182,0,0,0.014785409,1
2183,0,1,0.46541786,0
2184,0,0,0.20545557,1
2185,1,1,0.69549316,1
2186,1,1,0.99996805,1
2187,1,1,0.43968722,1
2188,0,0,0.10706346,1
2189,0,0,0.028328313,1
2190,1,1,1.0,1
2191,1,1,0.93177354,1
2192,0,1,0.98975134,0
2193,0,0,0.11616108,1
2194,0,1,0.3588023,0
2195,1,1,0.8597815,1
2196,1,1,1.0,1
2197,0,1,0.9551521,0
2198,1,1,0.9530133,1
2199,1,1,1.0,1
2200,0,0,0.111724876,1
2201,1,1,0.99980813,1
2202,1,1,1.0,1
2203,0,1,0.9896918,0
2204,0,0,0.34809092,1
2205,0,1,0.9968458,0
2206,0,0,0.073098525,1
2207,1,1,0.9997316,1
2208,1,1,0.9999347,1
2209,1,1,0.99992967,1
2210,0,1,0.8688268,0
2211,1,1,0.99997747,1
2212,1,1,0.9734181,1
2213,0,0,0.15178062,1
2214,1,1,0.9993773,1
2215,0,0,0.17023194,1
2216,1,1,1.0,1
2217,1,1,0.37969458,1
2218,1,1,0.9729595,1
2219,1,0,0.34947726,0
2220,0,0,0.00402291,1
2221,1,1,0.52463824,1
2222,1,1,0.99780446,1
2223,0,0,0.25813892,1
2224,1,1,0.99999964,1
2225,1,1,0.9996395,1
2226,1,1,0.6180315,1
2227,0,1,0.70987463,0
2228,0,0,0.026531339,1
2229,1,1,0.992961,1
2230,0,0,0.023419945,1
2231,1,1,1.0,1
2232,0,1,0.7203191,0
2233,1,1,0.8251675,1
2234,1,0,0.20641372,0
2235,1,1,0.9999982,1
2236,0,0,0.21967211,1
2237,1,1,1.0,1
2238,0,1,0.9999249,0
2239,0,0,0.033054754,1
2240,0,1,0.9964619,0
2241,0,0,0.09401018,1
2242,0,0,0.064653486,1
2243,0,1,0.99888617,0
2244,1,1,0.8774768,1
2245,1,1,0.9999286,1
2246,0,1,0.9999777,0
2247,1,1,0.99986017,1
2248,0,0,0.008796121,1
2249,1,1,0.79438496,1
2250,0,0,0.01433703,1
2251,0,1,0.48050913,0
2252,0,1,0.9981067,0
2253,1,1,0.99999905,1
2254,1,0,0.08874129,0
2255,1,0,0.057440385,0
2256,1,1,1.0,1
2257,0,1,0.60818696,0
2258,0,0,0.17455095,1
2259,0,1,0.39033058,0
2260,1,1,0.99999833,1
2261,0,0,0.3217796,1
2262,1,1,0.98293835,1
2263,1,1,0.99999964,1
2264,0,0,0.17645861,1
2265,1,1,1.0,1
2266,0,0,0.10141131,1
2267,0,1,0.49481216,0
2268,1,0,0.056184534,0
2269,1,0,0.08336651,0
2270,1,0,0.064830884,0
2271,1,1,1.0,1
2272,0,0,0.037082024,1
2273,1,1,0.9893063,1
2274,0,0,0.14211279,1
2275,0,0,0.077308424,1
2276,0,0,0.29007506,1
2277,1,1,0.99999714,1
2278,1,1,0.99964166,1
2279,1,1,1.0,1
2280,0,0,0.21526824,1
2281,0,0,0.27850202,1
2282,0,1,0.5006714,0
2283,1,1,0.97943294,1
2284,0,1,1.0,0
2285,0,0,0.031202815,1
2286,1,0,0.12163357,0
2287,1,1,1.0,1
2288,0,1,0.999997,0
2289,1,1,0.68621236,1
2290,1,1,1.0,1
2291,0,0,0.24926446,1
2292,0,1,0.9985952,0
2293,0,1,0.39852345,0
2294,1,1,0.9999999,1
2295,1,1,0.9999999,1
2296,0,0,0.004564981,1
2297,1,0,1.5446309e-05,0
2298,1,1,0.61259943,1
2299,0,1,0.82118756,0
2300,1,1,0.99980134,1
2301,1,0,0.086400524,0
2302,1,1,0.95787287,1
2303,1,1,0.9979572,1
2304,0,0,0.27076936,1
2305,0,0,0.035846926,1
2306,1,1,0.6365226,1
2307,1,1,0.9932811,1
2308,0,1,0.84453726,0
2309,1,1,0.7122322,1
2310,0,1,0.950503,0
2311,0,0,0.049313605,1
2312,1,1,0.9933589,1
2313,1,0,0.10132237,0
2314,0,0,0.06153674,1
2315,0,0,0.19102567,1
2316,1,1,0.9999999,1
2317,1,1,0.9999994,1
2318,1,1,0.99021614,1
2319,1,1,0.75219464,1
2320,1,0,0.083142914,0
2321,1,1,0.8632764,1
2322,0,1,0.9233162,0
2323,0,0,0.034132607,1
2324,1,1,1.0,1
2325,0,0,0.08210661,1
2326,0,1,0.9999987,0
2327,1,1,0.99987614,1
2328,0,0,0.11095189,1
2329,1,1,0.7397046,1
2330,0,1,0.8543993,0
2331,0,0,0.055566337,1
2332,0,1,0.49371374,0
2333,1,1,0.99911004,1
2334,0,1,0.9999869,0
2335,0,0,0.25155574,1
2336,0,1,0.99979657,0
2337,1,1,0.99989367,1
2338,1,1,0.5675172,1
2339,1,1,0.9997478,1
2340,1,1,0.3741902,1
2341,0,0,0.056340095,1
2342,0,1,0.99990976,0
2343,1,0,0.15987214,0
2344,1,1,0.9824568,1
2345,1,0,0.1649868,0
2346,0,0,0.037963696,1
2347,1,1,0.5043334,1
2348,1,1,1.0,1
2349,1,1,0.6401298,1
2350,1,1,0.9995479,1
2351,1,0,0.08686416,0
2352,0,0,0.2188363,1
2353,0,1,0.9983321,0
2354,0,0,0.20252202,1
2355,0,0,0.13268304,1
2356,1,1,0.999969,1
2357,0,0,0.18535665,1
2358,1,0,0.06866228,0
2359,1,0,0.017110892,0
2360,0,0,0.09955772,1
2361,0,1,0.9905691,0
2362,0,0,0.049176436,1
2363,0,0,0.32890654,1
2364,1,0,0.14057204,0
2365,0,1,0.98707956,0
2366,0,0,0.060252324,1
2367,0,1,0.5943159,0
2368,1,1,0.7364954,1
2369,0,0,0.061649624,1
2370,0,1,0.48983902,0
2371,0,1,0.5095813,0
2372,1,1,1.0,1
2373,1,1,0.9957848,1
2374,1,1,0.99993074,1
2375,1,1,0.99999917,1
2376,1,0,0.08181271,0
2377,0,1,0.692174,0
2378,0,0,0.20212801,1
2379,0,1,0.4473094,0
2380,0,0,0.31573597,1
2381,0,1,0.9999969,0
2382,0,1,0.9962638,0
2383,1,1,0.99999964,1
2384,0,0,0.12517229,1
2385,1,1,0.8037906,1
2386,1,1,0.544317,1
2387,1,1,0.99999976,1
2388,1,1,0.9991013,1
2389,1,1,1.0,1
2390,1,1,1.0,1
2391,1,1,1.0,1
2392,1,0,0.027014792,0
2393,0,1,1.0,0
2394,0,0,0.21584621,1
2395,1,1,0.99522626,1
2396,1,1,0.9996737,1
2397,0,1,0.3520904,0
2398,1,1,0.67539006,1
2399,0,0,0.021267017,1
2400,1,1,0.9615699,1
2401,1,1,1.0,1
2402,1,1,0.99938214,1
2403,0,0,0.15974101,1
2404,0,1,0.99999845,0
2405,1,1,0.9888419,1
2406,1,1,0.8025555,1
2407,0,1,0.71972847,0
2408,0,1,0.9995819,0
2409,1,1,1.0,1
2410,1,1,1.0,1
2411,0,0,0.3429015,1
2412,1,1,0.9185534,1
2413,1,1,0.99871576,1
2414,0,1,0.5073237,0
2415,0,0,0.040807478,1
2416,0,0,0.03491378,1
2417,1,1,0.9982039,1
2418,0,0,0.14021848,1
2419,1,1,0.84376645,1
2420,1,1,0.99999774,1
2421,0,1,0.9851003,0
2422,1,0,0.016215032,0
2423,1,1,0.9354055,1
2424,0,1,0.844409,0
2425,0,0,0.0894546,1
2426,1,1,0.99999785,1
2427,0,1,0.99193794,0
2428,1,1,1.0,1
2429,1,0,0.026280278,0
2430,1,0,0.32761452,0
2431,1,1,0.87987113,1
2432,1,1,0.9113377,1
2433,0,0,0.14934519,1
2434,1,1,1.0,1
2435,0,1,0.9390807,0
2436,1,1,1.0,1
2437,0,0,0.06052939,1
2438,0,0,0.21345916,1
2439,1,1,0.9999951,1
2440,1,0,0.24364243,0
2441,0,1,0.9679902,0
2442,1,1,0.9999999,1
2443,1,0,0.21419789,0
2444,0,0,0.18403316,1
2445,1,1,0.94728357,1
2446,1,0,0.13764834,0
2447,1,1,0.99751294,1
2448,1,1,1.0,1
2449,1,1,0.9921537,1
2450,0,0,0.06841291,1
2451,0,1,0.9520419,0
2452,1,1,0.9993724,1
2453,0,1,0.77670765,0
2454,1,1,0.99603915,1
2455,0,1,0.9999827,0
2456,1,0,0.03760863,0
2457,1,1,0.99999905,1
2458,1,1,0.97121114,1
2459,1,1,1.0,1
2460,0,1,0.91204524,0
2461,1,0,0.012264914,0
2462,1,1,0.89368117,1
2463,0,0,0.0876419,1
2464,0,1,1.0,0
2465,1,1,1.0,1
2466,0,1,0.96312666,0
2467,0,0,0.20633379,1
2468,1,1,0.43965712,1
2469,1,1,0.967194,1
2470,0,0,0.08779819,1
2471,1,0,0.26322043,0
2472,0,1,0.7942254,0
2473,0,0,0.23837286,1
2474,0,1,0.99937004,0
2475,0,1,0.9870546,0
2476,1,1,0.9999893,1
2477,1,1,0.9999994,1
2478,1,1,0.99980515,1
2479,1,1,0.99996114,1
2480,1,1,0.86499614,1
2481,1,1,1.0,1
2482,0,0,0.18579942,1
2483,1,1,0.41105178,1
2484,1,1,1.0,1
2485,1,1,0.7684726,1
2486,1,1,0.9551521,1
2487,0,0,0.32257935,1
2488,1,1,0.9965837,1
2489,1,1,0.5015869,1
2490,1,0,0.27537322,0
2491,1,1,0.9825575,1
2492,1,0,0.012383786,0
2493,1,1,0.98314995,1
2494,1,1,0.99783,1
2495,1,1,0.9994797,1
2496,1,1,1.0,1
2497,0,1,0.99209267,0
2498,1,0,0.11114469,0
2499,0,1,0.9797647,0
2500,1,0,0.0773781,0
2501,0,0,0.08601587,1
2502,1,1,0.9993475,1
2503,1,1,0.9997584,1
2504,1,0,0.026056305,0
2505,0,0,0.14915918,1
2506,1,1,0.9999994,1
2507,0,0,0.028953163,1
2508,1,0,0.13817081,0
2509,1,0,0.020081012,0
2510,0,0,0.07871317,1
2511,0,0,0.14724834,1
2512,0,1,0.75770473,0
2513,1,1,0.5559777,1
2514,0,1,0.8697146,0
2515,1,1,0.58575296,1
2516,1,1,0.99999964,1
2517,1,0,0.26846167,0
2518,0,1,0.6702306,0
2519,0,1,0.66492116,0
2520,0,1,0.81888175,0
2521,1,0,0.031768616,0
2522,1,1,1.0,1
2523,1,1,0.62926215,1
2524,0,0,0.04733772,1
2525,0,0,0.068288535,1
2526,1,1,1.0,1
2527,1,1,0.3756492,1
2528,1,1,0.98546845,1
2529,0,0,0.025347177,1
2530,0,1,0.38751647,0
2531,1,1,0.9537082,1
2532,1,1,0.9999999,1
2533,0,0,0.25552937,1
2534,0,1,0.9969426,0
2535,1,1,0.99998116,1
2536,1,0,0.16954333,0
2537,0,0,0.06626642,1
2538,1,1,0.9999989,1
2539,1,1,0.9975656,1
2540,0,1,0.9827572,0
2541,1,1,0.58165956,1
2542,1,0,0.07043161,0
2543,1,0,0.11230769,0
2544,0,1,0.5245774,0
2545,1,1,0.999905,1
2546,0,1,0.45740935,0
2547,0,0,0.07250525,1
2548,0,0,0.03618598,1
2549,0,1,0.99999726,0
2550,1,1,0.60539085,1
2551,0,0,0.03601607,1
2552,1,0,0.32971537,0
2553,0,0,0.043813635,1
2554,0,1,0.8701566,0
2555,0,1,0.9323302,0
2556,1,1,0.9997241,1
2557,0,1,0.42545602,0
2558,0,1,0.85729086,0
2559,1,1,0.9999888,1
2560,1,1,0.9999833,1
2561,1,0,0.22721201,0
2562,1,0,0.08889936,0
2563,1,1,0.9999993,1
2564,1,1,0.988425,1
2565,0,0,0.07113817,1
2566,0,0,0.102484226,1
2567,0,1,0.7186438,0
2568,1,1,0.9999993,1
2569,0,1,1.0,0
2570,1,0,0.27275035,0
2571,1,0,0.12163357,0
2572,0,1,0.99630713,0
2573,0,0,0.07356305,1
2574,1,1,0.76020586,1
2575,0,0,0.18587328,1
2576,0,1,0.9590394,0
2577,1,1,1.0,1
2578,1,1,0.97110176,1
2579,0,0,0.078078166,1
2580,1,1,0.93177354,1
2581,1,1,1.0,1
2582,1,1,0.9955142,1
2583,1,0,0.31520876,0
2584,0,0,0.09268777,1
2585,0,1,0.4181028,0
2586,1,1,0.98279023,1
2587,1,1,0.994292,1
2588,1,0,0.10132237,0
2589,1,1,0.55217755,1
2590,0,1,0.9949397,0
2591,1,0,0.0830685,0
2592,0,1,0.86373675,0
2593,1,1,0.47764552,1
2594,0,0,0.054600604,1
2595,1,1,0.9969246,1
2596,0,0,0.07524433,1
2597,0,1,1.0,0
2598,1,1,0.99999976,1
2599,1,1,0.9995819,1
2600,1,1,0.9450455,1
2601,0,1,0.5172661,0
2602,0,0,0.16579561,1
2603,1,1,0.99979013,1
2604,0,1,0.9064049,0
2605,1,1,0.99846625,1
2606,1,1,0.9997142,1
2607,1,1,0.5555558,1
2608,1,1,0.9983223,1
2609,0,0,0.028517084,1
2610,0,1,0.99983966,0
2611,1,0,0.13100637,0
2612,0,1,0.9960238,0
2613,1,0,0.04650795,0
2614,1,1,0.474479,1
2615,1,1,0.78274554,1
2616,0,1,0.46532676,0
2617,1,1,0.99999976,1
2618,0,1,0.6887302,0
2619,0,0,0.09920809,1
2620,0,0,0.05170164,1
2621,0,1,0.9999877,0
2622,1,1,0.39024344,1
2623,1,1,0.99999857,1
2624,0,1,0.9999274,0
2625,1,1,0.9891816,1
2626,0,1,0.99865156,0
2627,1,1,0.73053026,1
2628,0,0,0.062216975,1
2629,0,1,0.97346866,0
2630,1,1,1.0,1
2631,0,1,0.99984586,0
2632,1,1,0.80654806,1
2633,1,1,0.9812749,1
2634,0,0,0.011288075,1
2635,0,0,0.12940273,1
2636,1,1,0.99693066,1
2637,1,1,0.9999993,1
2638,0,1,0.7482603,0
2639,1,1,0.9884919,1
2640,0,1,0.3994602,0
2641,0,0,0.28641868,1
2642,0,0,0.13128456,1
2643,0,1,0.99994564,0
2644,0,1,1.0,0
2645,0,0,0.12054232,1
2646,0,1,0.9815067,0
2647,1,1,0.95945925,1
2648,1,1,0.99038494,1
2649,0,1,0.94772077,0
2650,1,1,0.90422857,1
2651,1,0,0.19605544,0
2652,1,1,0.9230392,1
2653,0,0,0.0894546,1
2654,0,1,0.99766326,0
2655,1,1,1.0,1
2656,0,0,0.022521457,1
2657,1,1,0.99976856,1
2658,0,0,0.16865148,1
2659,0,0,0.017325716,1
2660,1,1,1.0,1
2661,0,1,0.99999285,0
2662,0,1,0.4590155,0
2663,0,0,0.13313322,1
2664,1,1,0.9045662,1
2665,0,0,0.14773951,1
2666,1,1,0.86748546,1
2667,1,1,1.0,1
2668,1,1,0.9572378,1
2669,1,1,0.99999404,1
2670,1,1,0.6418153,1
2671,0,1,0.9997086,0
2672,1,0,0.12792476,0
2673,0,1,0.9996026,0
2674,0,0,0.32852942,1
2675,1,0,0.005322535,0
2676,0,1,0.9999999,0
2677,0,0,0.32890654,1
2678,1,1,0.99978346,1
2679,1,1,0.47993022,1
2680,1,1,0.99999964,1
2681,1,0,0.24499467,0
2682,0,0,0.0139288595,1
2683,1,1,0.9998499,1
2684,1,1,0.7360687,1
2685,0,0,0.11676401,1
2686,1,1,0.9989956,1
2687,0,0,0.048541088,1
2688,0,0,0.10420353,1
2689,0,0,0.06052939,1
2690,1,0,0.19705787,0
2691,0,1,0.4013358,0
2692,0,1,0.99999774,0
2693,1,1,0.96628344,1
2694,1,1,0.9730109,1
2695,0,0,0.0021827165,1
2696,0,0,0.044224583,1
2697,1,1,0.99999774,1
2698,1,0,0.0025311115,0
2699,1,1,0.999992,1
2700,1,1,0.9998771,1
2701,1,1,0.64985645,1
2702,0,0,0.07329728,1
2703,0,1,0.38208383,0
2704,0,1,0.5724838,0
2705,0,1,0.998912,0
2706,0,0,0.11456651,1
2707,0,0,0.29864475,1
2708,0,0,0.005301895,1
2709,1,1,0.99986863,1
2710,1,1,0.9789353,1
2711,1,1,0.999998,1
2712,1,0,0.022414219,0
2713,0,0,0.14688088,1
2714,1,1,0.464689,1
2715,0,0,0.021471238,1
2716,0,0,0.1666076,1
2717,0,1,0.917746,0
2718,1,1,0.9997594,1
2719,1,1,1.0,1
2720,0,1,0.9814889,0
2721,0,1,0.9988463,0
2722,1,1,0.9999956,1
2723,1,0,0.32804486,0
2724,0,1,0.468517,0
2725,0,0,0.15908672,1
2726,1,1,0.92827886,1
2727,1,1,0.84389514,1
2728,0,0,0.26114246,1
2729,1,1,0.9971384,1
2730,1,1,0.99999917,1
2731,1,1,1.0,1
2732,1,1,0.99998546,1
2733,0,0,0.1742697,1
2734,1,1,0.96814114,1
2735,0,0,0.18594721,1
2736,1,1,0.9999994,1
2737,0,0,0.12137298,1
2738,1,0,0.057652235,0
2739,1,1,0.46025857,1
2740,1,1,0.9940544,1
2741,1,1,1.0,1
2742,1,1,0.99964166,1
2743,0,1,0.9999999,0
2744,1,1,0.87883514,1
2745,1,0,0.006241259,0
2746,1,1,0.7889899,1
2747,0,1,0.9001793,0
2748,0,1,0.4321832,0
2749,0,1,0.73426247,0
2750,1,1,0.9999999,1
2751,0,1,1.0,0
2752,0,0,0.0024201942,1
2753,1,1,0.99891615,1
2754,1,1,1.0,1
2755,1,1,0.9999993,1
2756,1,1,0.9999981,1
2757,1,1,0.9999839,1
2758,1,1,0.98651993,1
2759,0,0,0.17738298,1
2760,0,1,0.99374664,0
2761,0,1,0.99999917,0
2762,1,1,0.9999999,1
2763,1,0,0.34698373,0
2764,1,0,0.01433703,0
2765,0,0,0.08953418,1
2766,0,0,0.07198163,1
2767,1,1,0.61537683,1
2768,1,1,0.9999975,1
2769,0,1,1.0,0
2770,0,1,0.99983907,0
2771,1,1,0.9839708,1
2772,0,1,0.995142,0
2773,1,1,0.99996674,1
2774,0,1,0.35885847,0
2775,1,1,0.99883276,1
2776,0,1,0.99040353,0
2777,1,1,0.9999987,1
2778,0,0,0.058776554,1
2779,1,0,0.16297863,0
2780,1,1,0.9999999,1
2781,0,1,0.9748452,0
2782,1,1,0.95145893,1
2783,1,1,0.96805066,1
2784,1,0,0.33654907,0
2785,1,1,0.9907678,1
2786,0,1,0.73890465,0
2787,1,1,1.0,1
2788,1,0,0.07504072,0
2789,0,0,0.11621123,1
2790,0,1,1.0,0
2791,0,1,0.7674286,0
2792,1,1,0.9837225,1
2793,1,0,0.14780103,0
2794,0,1,0.9999747,0
2795,1,1,1.0,1
2796,0,0,0.11056715,1
2797,1,1,0.9995851,1
2798,1,1,0.94762397,1
2799,1,1,0.992062,1
2800,0,0,0.15215817,1
2801,0,1,0.50878817,0
2802,1,0,0.19406216,0
2803,0,1,0.99771273,0
2804,0,0,0.035177976,1
2805,1,1,0.9966691,1
2806,1,1,0.99256825,1
2807,1,1,0.998784,1
2808,1,1,0.90286684,1
2809,1,1,0.9427707,1
2810,1,1,1.0,1
2811,0,1,0.9994917,0
2812,0,1,0.57892436,0
2813,0,1,0.99999106,0
2814,1,1,0.996503,1
2815,1,1,0.99727446,1
2816,1,1,0.9999995,1
2817,0,0,0.033117235,1
2818,0,0,0.10420353,1
2819,0,1,0.35779187,0
2820,0,0,0.07024005,1
2821,0,1,0.94176143,0
2822,0,0,0.15052764,1
2823,1,1,0.9905143,1
2824,1,1,0.9773924,1
2825,0,1,0.71118027,0
2826,1,1,0.9968273,1
2827,1,0,0.16505408,0
2828,1,1,0.99631435,1
2829,0,0,0.22592856,1
2830,0,1,0.99361163,0
2831,1,1,1.0,1
2832,1,1,0.99999666,1
2833,0,1,0.9983223,0
2834,1,0,0.12137298,0
2835,1,1,0.9999039,1
2836,0,1,0.4795646,0
2837,0,1,0.99997795,0
2838,1,0,0.12106091,0
2839,1,0,0.14940722,0
2840,0,0,0.19482696,1
2841,1,1,1.0,1
2842,0,0,0.21084754,1
2843,0,0,0.083441176,1
2844,1,1,0.9999913,1
2845,1,1,0.9996309,1
2846,0,0,0.032589745,1
2847,1,1,0.98147124,1
2848,1,1,0.99990726,1
2849,1,1,0.7913377,1
2850,1,1,1.0,1
2851,1,1,0.73866904,1
2852,0,0,0.12527926,1
2853,0,1,0.9993013,0
2854,1,1,0.9964551,1
2855,1,1,1.0,1
2856,1,1,0.40309682,1
2857,0,0,0.33486128,1
2858,0,1,0.99969935,0
2859,1,1,0.9666317,1
2860,0,1,0.99975175,0
2861,1,1,0.9999999,1
2862,0,1,0.9988796,0
2863,1,1,0.99554896,1
2864,1,1,1.0,1
2865,0,1,0.7516026,0
2866,0,0,0.16458358,1
2867,0,0,0.013222823,1
2868,1,1,0.85452086,1
2869,1,1,0.9406263,1
2870,0,0,0.018264279,1
2871,1,1,1.0,1
2872,1,1,0.9989936,1
2873,0,0,0.2683658,1
2874,0,1,0.98792297,0
2875,0,0,0.12189465,1
2876,1,1,0.99987996,1
2877,0,1,0.44860744,0
2878,1,1,0.5795789,1
2879,0,0,0.022846196,1
2880,1,1,0.9866491,1
2881,0,0,0.01637155,1
2882,0,0,0.25823247,1
2883,1,1,0.9999995,1
2884,0,1,0.999979,0
2885,1,1,0.69868934,1
2886,0,0,0.1328517,1
2887,1,1,1.0,1
2888,1,1,0.9999988,1
2889,0,1,0.9999999,0
2890,0,1,0.6132945,0
2891,1,1,0.9835496,1
2892,0,1,0.8578872,0
2893,1,1,0.54461974,1
2894,0,1,0.5072627,0
2895,0,0,0.1676952,1
2896,1,1,0.99852496,1
2897,1,1,0.79105544,1
2898,0,1,1.0,0
2899,0,0,0.014813886,1
2900,0,1,0.99946314,0
2901,1,1,0.9563497,1
2902,0,1,0.9470882,0
2903,0,1,0.9563497,0
2904,1,1,0.9702681,1
2905,0,0,0.15140381,1
2906,1,1,0.9999974,1
2907,1,1,0.9999993,1
2908,1,0,0.2699025,0
2909,0,0,0.057229258,1
2910,1,0,0.069921836,0
2911,1,1,0.9740673,1
2912,0,1,0.43395147,0
2913,0,0,0.1261379,1
2914,0,1,0.3970906,0
2915,1,1,1.0,1
2916,1,0,0.17497346,0
2917,1,1,0.95253,1
2918,0,1,0.9774355,0
2919,1,1,0.99982184,1
2920,0,1,0.8109285,0
2921,0,1,0.43932635,0
2922,0,0,0.040275678,1
2923,1,1,0.8607207,1
2924,0,0,0.06047389,1
2925,1,1,0.9984542,1
2926,0,1,0.45066157,0
2927,1,1,0.99945253,1
2928,1,0,0.0050998176,0
2929,1,1,0.9241418,1
2930,0,1,0.9992735,0
2931,0,0,0.024869107,1
2932,1,1,0.9996222,1
2933,1,1,0.98833525,1
2934,1,1,0.9999988,1
2935,0,1,1.0,0
2936,1,0,0.06080765,0
2937,1,1,0.9793738,1
2938,0,0,0.010150015,1
2939,1,1,0.9999255,1
2940,1,1,1.0,1
2941,1,1,0.9852997,1
2942,1,1,0.99999964,1
2943,0,0,0.2177531,1
2944,1,1,0.71696234,1
2945,0,0,0.029675618,1
2946,0,1,0.9856353,0
2947,1,1,0.99999225,1
2948,0,1,0.9828892,0
2949,0,0,0.19852991,1
2950,1,0,0.13735881,0
2951,1,0,0.11318691,0
2952,0,0,0.23466964,1
2953,1,1,0.99999964,1
2954,1,0,0.006463138,0
2955,0,1,0.9786107,0
2956,1,1,0.73225695,1
2957,1,0,0.20705435,0
2958,1,1,0.99262565,1
2959,0,0,0.34411275,1
2960,1,1,1.0,1
2961,1,1,1.0,1
2962,0,0,0.14493375,1
2963,1,1,0.99993646,1
2964,0,1,0.89010334,0
2965,1,1,0.39966518,1
2966,1,1,1.0,1
2967,1,1,0.9999956,1
2968,0,0,0.08733005,1
2969,1,1,0.9998957,1
2970,0,0,0.04050277,1
2971,1,1,0.99998033,1
2972,0,1,0.40042695,0
2973,1,0,0.2608599,0
2974,1,1,0.9998907,1
2975,1,1,0.999982,1
2976,1,1,0.99998105,1
2977,1,0,0.07004896,0
2978,1,0,0.09342957,0
2979,1,1,0.65880173,1
2980,1,1,0.83250916,1
2981,1,1,0.99972945,1
2982,1,1,0.3716496,1
2983,1,1,0.99981767,1
2984,1,1,0.9999993,1
2985,0,0,0.29589072,1
2986,1,1,0.99889046,1
2987,0,0,0.3190153,1
2988,1,0,0.11945948,0
2989,0,0,0.1737784,1
2990,0,0,0.0034766507,1
2991,0,1,0.61022115,0
2992,0,0,0.18557791,1
2993,1,1,1.0,1
2994,0,1,0.99981624,0
2995,1,1,1.0,1
2996,0,1,0.9692369,0
2997,0,0,0.15921742,1
2998,1,1,0.9274948,1
2999,0,1,0.9988121,0
3000,1,1,0.80131465,1
3001,1,1,1.0,1
3002,0,1,0.7580631,0
3003,1,1,0.43518126,1
3004,0,0,0.13951358,1
3005,1,0,0.33835036,0
3006,0,1,0.98780584,0
3007,1,1,0.9960083,1
3008,1,1,0.9999832,1
3009,1,1,0.99837387,1
3010,0,1,0.62937605,0
3011,1,1,0.96073127,1
3012,1,1,0.96964204,1
3013,1,1,0.9999963,1
3014,1,1,0.9999908,1
3015,1,1,1.0,1
3016,1,1,0.99979264,1
3017,0,0,0.22781274,1
3018,0,1,0.9999852,0
3019,1,0,0.11056715,0
3020,1,1,1.0,1
3021,1,1,0.9999993,1
3022,0,0,0.13335878,1
3023,1,1,0.97254544,1
3024,1,1,0.9999515,1
3025,0,0,0.015218292,1
3026,1,1,0.805173,1
3027,0,1,0.9685601,0
3028,0,0,0.20793757,1
3029,0,0,0.02138932,1
3030,0,1,0.9864157,0
3031,0,1,0.9999999,0
3032,1,1,0.9995035,1
3033,0,1,0.9999168,0
3034,1,1,0.99711037,1
3035,1,0,0.037999377,0
3036,0,0,0.028463027,1
3037,0,0,0.08108211,1
3038,0,1,0.8193158,0
3039,1,1,1.0,1
3040,1,1,0.9726495,1
3041,1,1,0.99998593,1
3042,1,0,0.2671691,0
3043,0,1,0.6825208,0
3044,1,1,0.9999995,1
3045,1,1,0.43437132,1
3046,0,1,0.8161134,0
3047,0,1,0.9912378,0
3048,1,1,0.49444604,1
3049,1,1,0.9998915,1
3050,0,0,0.095518075,1
3051,0,1,0.91767234,0
3052,0,1,0.99961925,0
3053,1,1,0.7700327,1
3054,1,0,0.10311471,0
3055,0,1,0.70684856,0
3056,0,0,0.06966823,1
3057,0,0,0.042048372,1
3058,0,1,0.9993917,0
3059,1,1,0.976513,1
3060,1,1,0.99991846,1
3061,1,1,0.55724305,1
3062,1,1,0.8687154,1
3063,1,1,0.98178816,1
3064,0,0,0.2500877,1
3065,1,0,0.28313676,0
3066,1,0,0.05839952,0
3067,1,1,0.99999857,1
3068,1,0,0.2216875,0
3069,0,0,0.07290027,1
3070,1,1,0.969814,1
3071,0,0,0.24853417,1
3072,1,1,0.9998184,1
3073,0,1,0.9999988,0
3074,0,0,0.14027737,1
3075,1,1,0.99999905,1
3076,0,1,0.97259754,0
3077,1,1,0.99986017,1
3078,1,1,1.0,1
3079,0,1,0.999433,0
3080,1,1,1.0,1
3081,0,0,0.07899691,1
3082,1,1,0.9999794,1
3083,0,1,0.9999999,0
3084,1,1,0.9860174,1
3085,0,1,0.9759694,0
3086,0,0,0.24544656,1
3087,0,1,0.9996935,0
3088,1,0,0.27586067,0
3089,0,0,0.0038244838,1
3090,0,0,0.19238758,1
3091,0,0,0.2615195,1
3092,1,1,0.99999905,1
3093,0,1,0.88393915,0
3094,1,1,0.9459013,1
3095,0,0,0.031232351,1
3096,1,1,0.7588682,1
3097,0,0,0.05686155,1
3098,0,0,0.14258969,1
3099,1,1,1.0,1
3100,0,1,0.88523525,0
3101,0,0,0.01524759,1
3102,1,1,1.0,1
3103,0,1,0.9999448,0
3104,1,1,0.9850285,1
3105,1,1,0.99997056,1
3106,1,1,0.9999467,1
3107,0,1,0.6936286,0
3108,0,1,0.9184803,0
3109,1,1,0.9995073,1
3110,0,1,0.7410655,0
3111,0,0,0.029788304,1
3112,0,0,0.2434625,1
3113,0,0,0.19057333,1
3114,1,1,0.6097566,1
3115,0,1,0.99196917,0
3116,1,1,0.9985923,1
3117,0,0,0.03452106,1
3118,0,1,0.87212974,0
3119,1,1,1.0,1
3120,0,1,0.99743915,0
3121,1,1,0.4967957,1
3122,1,1,0.86511016,1
3123,1,1,0.9999299,1
3124,0,1,0.9920466,0
3125,0,1,0.99816847,0
3126,1,1,0.9973374,1
3127,0,0,0.08525123,1
3128,0,1,0.999015,0
3129,1,1,1.0,1
3130,1,0,0.026255298,0
3131,1,0,0.22541662,0
3132,0,0,0.15469499,1
3133,0,1,0.7880128,0
3134,1,0,0.19567093,0
3135,0,0,0.13614833,1
3136,0,0,0.34958827,1
3137,1,0,0.100967236,0
3138,1,1,1.0,1
3139,1,1,1.0,1
3140,0,0,0.064653486,1
3141,1,1,0.9979292,1
3142,0,1,0.4638085,0
3143,0,0,0.013480104,1
3144,0,0,0.04276215,1
3145,1,1,0.9804874,1
3146,1,1,0.94980925,1
3147,1,0,0.0288983,0
3148,0,0,0.018194366,1
3149,1,1,0.9462003,1
3150,1,1,0.9911011,1
3151,1,1,0.99998176,1
3152,1,1,0.99999905,1
3153,0,1,0.8965235,0
3154,1,0,0.007562568,0
3155,1,1,0.90982693,1
3156,1,1,1.0,1
3157,1,1,0.9999764,1
3158,1,1,0.9565531,1
3159,1,0,0.20721471,0
3160,1,1,0.9999993,1
3161,0,0,0.0354775,1
3162,1,1,0.9625677,1
3163,1,0,0.15649123,0
3164,1,1,0.9996118,1
3165,0,0,0.017848738,1
3166,1,0,0.10922978,0
3167,1,0,0.073963374,0
3168,1,1,0.9998148,1
3169,0,0,0.036700353,1
3170,0,1,0.9890976,0
3171,1,1,0.7761991,1
3172,1,1,0.9984988,1
3173,0,0,0.03915837,1
3174,1,1,0.54607254,1
3175,1,1,0.47639698,1
3176,0,1,0.99994934,0
3177,1,1,1.0,1
3178,1,1,0.67869973,1
3179,0,0,0.2594502,1
3180,1,1,1.0,1
3181,1,1,0.59825355,1
3182,0,1,0.9590394,0
3183,1,1,1.0,1
3184,1,1,0.9697281,1
3185,0,1,0.47496602,0
3186,0,1,0.9701552,0
3187,1,1,0.8017807,1
3188,1,0,0.30404168,0
3189,1,1,0.99999785,1
3190,1,1,0.9999994,1
3191,0,0,0.0349467,1
3192,0,1,0.38919824,0
3193,1,1,1.0,1
3194,0,1,0.5298108,0
3195,0,1,0.9989975,0
3196,1,1,0.99977654,1
3197,1,1,0.9729595,1
3198,0,1,0.9988752,0
3199,0,1,0.8880812,0
3200,0,0,0.19238758,1
3201,0,0,0.1768137,1
3202,1,1,0.9997998,1
3203,0,0,0.1098012,1
3204,0,0,0.09057448,1
3205,0,0,0.043895524,1
3206,1,0,0.069541745,0
3207,0,1,0.9995054,0
3208,1,0,0.23074637,0
3209,0,0,0.024563085,1
3210,0,1,0.99999666,0
3211,1,1,0.5872924,1
3212,1,1,1.0,1
3213,1,1,0.99999964,1
3214,0,1,0.3714786,0
3215,0,0,0.086554825,1
3216,0,1,0.60118383,0
3217,1,1,0.99863833,1
3218,0,1,0.9994777,0
3219,1,1,1.0,1
3220,0,0,0.18609506,1
3221,1,0,0.13963085,0
3222,0,0,0.19582467,1
3223,1,1,0.98498523,1
3224,0,1,1.0,0
3225,1,1,0.92827886,1
3226,1,0,0.043731883,0
3227,1,1,0.9986223,1
3228,1,1,0.9934865,1
3229,0,1,0.984516,0
3230,0,0,0.20024472,1
3231,1,0,0.023779985,0
3232,1,1,0.9998666,1
3233,0,1,0.47058454,0
3234,0,0,0.03327394,1
3235,1,0,0.19360435,0
3236,0,1,0.6994084,0
3237,1,1,0.99517965,1
3238,1,0,0.028301448,0
3239,1,0,0.32686204,0
3240,0,1,0.8393393,0
3241,1,1,0.9837225,1
3242,0,0,0.10167862,1
3243,1,1,0.9999733,1
3244,1,1,1.0,1
3245,1,0,0.1694746,0
3246,1,1,0.99182796,1
3247,0,1,0.80662423,0
3248,0,0,0.124213,1
3249,0,0,0.12543987,1
3250,1,1,0.42922002,1
3251,0,1,0.99993944,0
3252,0,0,0.12199923,1
3253,0,1,0.6846331,0
3254,0,1,0.55579686,0
3255,0,0,0.16647205,1
3256,1,1,1.0,1
3257,1,1,0.88463855,1
3258,1,1,1.0,1
3259,1,1,0.90174776,1
3260,0,1,0.9928786,0
3261,1,1,0.9999957,1
3262,0,0,0.24981311,1
3263,1,1,1.0,1
3264,1,1,0.99999523,1
3265,1,1,0.99999523,1
3266,1,0,0.27899283,0
3267,0,0,0.074500255,1
3268,1,1,0.9860174,1
3269,0,0,0.041930523,1
3270,1,1,0.9999999,1
3271,0,0,0.09017308,1
3272,1,1,0.99864894,1
3273,0,1,0.99821436,0
3274,0,1,0.6446167,0
3275,1,0,0.29042712,0
3276,0,0,0.10203597,1
3277,1,0,0.061199225,0
3278,0,1,0.3972367,0
3279,1,0,0.1447523,0
3280,0,0,0.10123348,1
3281,0,0,0.3143662,1
3282,0,0,0.31795546,1
3283,1,0,0.18550415,0
3284,0,1,0.81271875,0
3285,1,1,1.0,1
3286,1,1,0.99999726,1
3287,0,0,0.1635122,1
3288,0,0,0.24131057,1
3289,0,0,0.05802475,1
3290,0,0,0.0527164,1
3291,0,1,0.9776499,0
3292,0,1,0.35236892,0
3293,1,1,1.0,1
3294,0,0,0.3451053,1
3295,1,1,0.9978636,1
3296,1,0,0.047958106,0
3297,1,0,0.05623634,0
3298,0,1,0.37860265,0
3299,1,1,0.66568226,1
3300,1,1,1.0,1
3301,1,1,0.9999968,1
3302,0,0,0.18520921,1
3303,1,1,0.9999993,1
3304,1,1,0.99997675,1
3305,0,0,0.040807478,1
3306,0,0,0.1265691,1
3307,1,0,0.02945148,0
3308,1,1,0.99998677,1
3309,0,0,0.25954404,1
3310,0,0,0.24653336,1
3311,0,0,0.21808594,1
3312,0,0,0.070623666,1
3313,1,0,0.09409338,0
3314,1,1,1.0,1
3315,0,1,0.9983418,0
3316,1,1,1.0,1
3317,0,1,0.6175703,0
3318,1,0,0.10762492,0
3319,1,1,0.4299977,1
3320,0,1,0.9969897,0
3321,0,0,0.09203286,1
3322,0,1,0.98228765,0
3323,0,1,0.9999958,0
3324,1,1,0.9711565,1
3325,1,0,0.15726623,0
3326,0,0,0.2686535,1
3327,1,1,0.40830624,1
3328,1,0,0.07899691,0
3329,0,1,1.0,0
3330,0,0,0.11211313,1
3331,0,0,0.13863662,1
3332,1,1,0.99962807,1
3333,0,1,0.9999919,0
3334,0,0,0.19231172,1
3335,1,1,0.8358858,1
3336,0,1,0.9954704,0
3337,0,0,0.103930384,1
3338,0,0,0.14946929,1
3339,1,1,0.9265699,1
3340,1,1,0.9991541,1
3341,1,1,0.99999964,1
3342,0,0,0.015365342,1
3343,1,1,0.99999523,1
3344,0,1,0.9856353,0
3345,1,1,0.9999943,1
3346,1,1,0.9790558,1
3347,0,0,0.23414387,1
3348,1,0,0.2004794,0
3349,1,1,0.86001676,1
3350,0,0,0.10374862,1
3351,0,1,0.8857304,0
3352,1,1,0.9998952,1
3353,0,1,0.5224458,0
3354,1,1,0.43938652,1
3355,0,0,0.095518075,1
3356,0,1,0.9999589,0
3357,1,1,0.99812883,1
3358,0,1,0.98965186,0
3359,0,1,0.50836104,0
3360,0,1,0.9948803,0
3361,0,1,0.98871195,0
3362,0,0,0.048948623,1
3363,0,0,0.15636237,1
3364,1,1,0.9918595,1
3365,1,1,0.9963924,1
3366,0,0,0.06779314,1
3367,0,1,0.51738805,0
3368,1,1,0.9797647,1
3369,1,1,1.0,1
3370,1,1,0.9160345,1
3371,0,1,0.972178,0
3372,0,0,0.18388654,1
3373,1,1,0.49621585,1
3374,1,1,0.97079873,1
3375,1,1,0.9993013,1
3376,0,0,0.12168575,1
3377,0,0,0.096620515,1
3378,1,1,0.99999833,1
3379,1,1,0.7555468,1
3380,1,0,0.1444503,0
3381,0,0,0.104660206,1
3382,0,0,0.019308088,1
3383,0,1,0.966156,0
3384,1,1,0.99953544,1
3385,1,1,1.0,1
3386,0,1,0.98125684,0
3387,0,0,0.021801988,1
3388,1,1,1.0,1
3389,0,1,0.99958676,0
3390,1,1,1.0,1
3391,1,1,0.9999243,1
3392,0,0,0.15720153,1
3393,1,1,0.99982053,1
3394,1,0,0.22695492,0
3395,1,1,0.9999999,1
3396,1,0,0.09696201,0
3397,1,1,1.0,1
3398,0,1,0.60141796,0
3399,0,0,0.08517511,1
3400,0,1,0.5598015,0
3401,0,1,0.73753643,0
3402,1,1,0.99219924,1
3403,0,1,0.9993749,0
3404,1,1,0.9999999,1
3405,0,0,0.079068,1
3406,1,0,0.19783162,0
3407,0,1,0.99403125,0
3408,1,0,0.18286288,0
3409,1,1,0.9999956,1
3410,0,0,0.088425905,1
3411,0,0,0.27561688,1
3412,1,0,0.10650459,0
3413,0,0,0.07654563,1
3414,0,0,0.08779819,1
3415,0,0,0.038647197,1
3416,1,1,1.0,1
3417,0,1,0.9144437,0
3418,0,1,0.46590382,0
3419,1,0,0.14294825,0
3420,0,1,0.69569993,0
3421,1,1,1.0,1
3422,1,1,0.9989287,1
3423,1,1,0.9122018,1
3424,1,1,0.9975274,1
3425,0,1,0.41255975,0
3426,0,1,0.9996026,0
3427,0,1,0.477006,0
3428,0,0,0.10530251,1
3429,1,0,0.10239443,0
3430,1,0,0.04747001,0
3431,0,1,0.35751146,0
3432,0,1,0.83788544,0
3433,0,1,0.9091839,0
3434,1,1,0.9999951,1
3435,1,0,0.06319269,0
3436,1,1,0.999539,1
3437,0,1,0.649523,0
3438,1,0,0.067056276,0
3439,0,0,0.011664719,1
3440,1,1,0.9983223,1
3441,0,0,0.06030764,1
3442,1,1,0.8892406,1
3443,1,1,0.996682,1
3444,1,1,0.403655,1
3445,0,1,0.9901592,0
3446,1,0,0.18300883,0
3447,0,1,1.0,0
3448,0,0,0.1979091,1
3449,1,1,1.0,1
3450,1,1,1.0,1
3451,0,1,0.49252376,0
3452,1,1,0.9999993,1
3453,0,1,0.95814794,0
3454,1,0,0.10230471,0
3455,1,1,0.9999981,1
3456,0,1,0.9998623,0
3457,0,1,0.8290772,0
3458,0,0,0.18690996,1
3459,1,1,0.50768983,1
3460,0,1,0.96391606,0
3461,0,0,0.050424065,1
3462,1,1,0.9999975,1
3463,1,1,0.999964,1
3464,0,1,0.43521124,0
3465,1,0,0.14384791,0
3466,0,1,0.92241246,0
3467,1,1,0.9999107,1
3468,1,0,0.07751766,0
3469,0,0,0.28666824,1
3470,0,1,0.906156,0
3471,0,1,0.6220576,0
3472,0,0,0.009633653,1
3473,0,1,0.99858415,0
3474,0,0,0.038178273,1
3475,1,1,0.99424744,1
3476,0,1,0.69071555,0
3477,1,0,0.19012183,0
3478,1,0,0.2968071,0
3479,0,0,0.19163007,1
3480,1,1,0.9999988,1
3481,1,1,1.0,1
3482,0,0,0.1297883,1
3483,1,0,0.0279544,0
3484,1,1,0.9999956,1
3485,0,0,0.22456521,1
3486,0,0,0.01361059,1
3487,1,0,0.040426936,0
3488,0,0,0.2955348,1
3489,0,0,0.08449276,1
3490,0,1,0.9818056,0
3491,1,1,0.999998,1
3492,0,1,0.49459857,0
3493,1,1,0.53795177,1
3494,1,1,0.99884856,1
3495,1,0,0.047780067,0
3496,1,0,0.15084006,0
3497,1,0,0.0002157,0
3498,0,1,0.9552774,0
3499,1,1,0.9999944,1
3500,1,1,0.8938666,1
3501,0,1,0.39408436,0
3502,0,1,0.42435235,0
3503,0,0,0.15584776,1
3504,1,1,0.9701552,1
3505,0,0,0.17589168,1
3506,1,1,0.9999443,1
3507,1,1,1.0,1
3508,0,0,0.10141131,1
3509,1,1,1.0,1
3510,1,1,0.9999968,1
3511,0,1,0.5434085,0
3512,0,1,0.9801293,0
3513,1,1,0.9302051,1
3514,0,1,0.85633236,0
3515,0,1,0.5818972,0
3516,1,1,0.9999989,1
3517,1,1,0.9999999,1
3518,1,0,0.098512106,0
3519,1,1,0.99999976,1
3520,0,0,0.17085357,1
3521,0,0,0.048002712,1
3522,1,1,0.9999479,1
3523,1,1,1.0,1
3524,1,0,0.012821213,0
3525,1,1,0.9475269,1
3526,1,1,0.99997234,1
3527,0,1,0.86025184,0
3528,1,1,0.99983966,1
3529,0,1,1.0,0
3530,1,1,0.99955493,1
3531,0,0,0.09799298,1
3532,1,0,0.14432967,0
3533,1,1,0.9987576,1
3534,0,1,0.9825743,0
3535,1,1,0.61114997,1
3536,1,1,1.0,1
3537,0,1,0.7069497,0
3538,1,1,0.99998915,1
3539,1,0,0.09326426,0
3540,1,1,0.9999769,1
3541,1,1,0.9999999,1
3542,1,1,0.9828892,1
3543,1,1,1.0,1
3544,0,1,0.9965301,0
3545,1,1,0.99060565,1
3546,1,1,0.3643251,1
3547,1,1,0.9776499,1
3548,1,1,1.0,1
3549,0,0,0.11328496,1
3550,1,0,0.17667161,0
3551,0,0,0.021165619,1
3552,1,1,0.43734282,1
3553,1,0,0.043650273,0
3554,0,1,0.978733,0
3555,1,1,0.55157375,1
3556,0,1,0.97786224,0
3557,1,1,0.9561864,1
3558,1,0,0.22755517,0
3559,0,1,0.6214835,0
3560,0,1,0.418994,0
3561,1,1,0.42757598,1
3562,1,1,0.99999976,1
3563,1,1,0.9999896,1
3564,1,1,0.40130648,1
3565,1,1,1.0,1
3566,1,1,1.0,1
3567,1,0,0.15713686,0
3568,1,1,0.9999988,1
3569,0,0,0.13017482,1
3570,1,1,0.950457,1
3571,0,0,0.04782452,1
3572,1,1,0.9999999,1
3573,0,1,1.0,0
3574,1,1,0.9980276,1
3575,0,1,0.9972691,0
3576,1,1,1.0,1
3577,1,1,0.999992,1
3578,0,1,0.6469622,0
3579,0,0,0.00011637298,1
3580,1,1,0.9593071,1
3581,1,1,0.99963164,1
3582,1,0,0.1647851,0
3583,1,1,0.99918646,1
3584,0,1,0.9837382,0
3585,1,1,1.0,1
3586,1,1,0.6785932,1
3587,1,1,1.0,1
3588,0,1,0.8307315,0
3589,1,1,1.0,1
3590,1,1,0.9988991,1
3591,0,1,0.35521552,0
3592,1,1,1.0,1
3593,1,1,0.9999889,1
3594,0,0,0.30352533,1
3595,1,1,0.36240488,1
3596,1,1,0.8550057,1
3597,1,1,0.99999964,1
3598,1,0,0.16371268,0
3599,1,1,0.99944395,1
3600,1,1,1.0,1
3601,1,1,1.0,1
3602,1,1,0.9948902,1
3603,0,0,9.278282e-05,1
3604,1,0,0.18757874,0
3605,1,1,0.8878869,1
3606,1,1,0.9994653,1
3607,0,1,0.9939143,0
3608,1,1,0.9999671,1
3609,1,1,1.0,1
3610,0,1,0.99999726,0
3611,1,1,1.0,1
3612,1,1,0.99890125,1
3613,0,1,0.59837085,0
3614,1,1,1.0,1
3615,1,1,0.999049,1
3616,1,1,0.99994004,1
3617,1,1,0.9992206,1
3618,1,1,0.9999999,1
3619,0,1,0.57630354,0
3620,0,0,0.061255362,1
3621,0,0,0.17823958,1
3622,0,1,0.99906737,0
3623,0,0,0.22354652,1
3624,1,1,0.9999993,1
3625,0,0,0.01317195,1
3626,0,0,0.061875977,1
3627,0,0,0.11191885,1
3628,1,1,0.6826266,1
3629,1,1,0.68378913,1
3630,1,0,0.13268304,0
3631,1,1,0.9999083,1
3632,0,0,0.041346,1
3633,0,0,0.07043161,1
3634,0,0,0.016466172,1
3635,0,1,0.984063,0
3636,0,0,0.27943504,1
3637,1,0,0.086323485,0
3638,1,1,0.92296976,1
3639,0,0,0.015483986,1
3640,1,1,0.99588215,1
3641,0,0,0.022264916,1
3642,1,1,0.99999654,1
3643,0,0,0.049912184,1
3644,1,1,0.5117166,1
3645,1,1,0.997065,1
3646,0,1,0.69342107,0
3647,1,1,0.76065063,1
3648,1,1,0.6220576,1
3649,1,1,0.99999964,1
3650,0,1,0.5842119,0
3651,0,1,0.9966036,0
3652,1,1,0.9973322,1
3653,0,1,0.65880173,0
3654,0,1,0.36988392,0
3655,0,1,0.37090874,0
3656,1,1,0.87925047,1
3657,1,1,1.0,1
3658,1,1,0.9953815,1
3659,0,0,0.14872593,1
3660,0,1,0.75068986,0
3661,0,0,0.012217682,1
3662,1,1,0.99999666,1
3663,0,0,0.28298813,1
3664,0,1,0.9931229,0
3665,1,1,1.0,1
3666,0,0,0.23502058,1
3667,0,1,0.99999404,0
3668,0,1,0.9173767,0
3669,0,0,0.07230849,1
3670,0,1,0.6222872,0
3671,1,1,0.99999905,1
3672,0,1,0.9821854,0
3673,1,0,0.2703839,0
3674,1,1,1.0,1
3675,0,1,0.9980882,0
3676,1,0,0.29701096,0
3677,1,1,0.9718593,1
3678,1,0,0.12527926,0
3679,1,0,0.21708846,0
3680,0,1,0.8025555,0
3681,0,1,0.39861125,0
3682,1,1,0.99980444,1
3683,1,1,0.9666317,1
3684,0,0,0.117319085,1
3685,0,1,0.9957188,0
3686,1,1,0.9998629,1
3687,0,0,0.0385747,1
3688,0,0,0.08419108,1
3689,0,1,0.9999125,0
3690,0,0,0.018869255,1
3691,1,1,0.9999995,1
3692,1,1,1.0,1
3693,1,1,0.9999957,1
3694,1,1,0.9998332,1
3695,1,0,0.22177176,0
3696,0,0,0.0763388,1
3697,1,1,1.0,1
3698,1,1,0.9974039,1
3699,1,1,0.9998517,1
3700,1,1,0.995793,1
3701,1,1,0.999926,1
3702,1,0,0.057918087,0
3703,1,1,0.99642736,1
3704,0,0,0.000628784,1
3705,0,0,0.039268754,1
3706,1,1,0.99997914,1
3707,1,1,0.9996898,1
3708,0,0,0.06903792,1
3709,1,1,0.99998546,1
3710,0,0,0.0050998176,1
3711,1,1,1.0,1
3712,0,0,0.1488496,1
3713,0,0,0.17781086,1
3714,1,1,0.99509466,1
3715,1,1,0.9908213,1
3716,1,1,0.3869951,1
3717,0,0,0.17881243,1
3718,1,1,0.9999988,1
3719,1,1,0.99806577,1
3720,1,1,0.8934954,1
3721,0,0,0.2844269,1
3722,1,1,0.9999963,1
3723,1,1,1.0,1
3724,1,1,1.0,1
3725,1,1,0.9994128,1
3726,1,1,0.4084537,1
3727,1,0,0.03213106,0
3728,1,1,0.8329173,1
3729,0,0,0.12721826,1
3730,0,1,0.999998,0
3731,0,1,0.87997437,0
3732,0,0,0.09081609,1
3733,0,1,0.9980161,0
3734,1,1,0.99999523,1
3735,0,1,0.9999362,0
3736,0,0,0.07892589,1
3737,0,0,0.25358367,1
3738,0,1,0.9999424,0
3739,1,0,3.4528122e-07,0
3740,0,1,0.6564931,0
3741,1,1,0.9996352,1
3742,0,1,0.9899087,0
3743,0,0,0.30876312,1
3744,1,1,0.9993013,1
3745,1,1,0.9991048,1
3746,0,1,0.9892855,0
3747,0,0,0.09509706,1
3748,0,0,0.06947859,1
3749,0,0,0.24844302,1
3750,0,0,0.22601396,1
3751,1,1,0.63312674,1
3752,0,1,0.90337944,0
3753,1,1,0.9244834,1
3754,0,1,0.9999999,0
3755,0,0,0.05179748,1
3756,0,0,0.066629894,1
3757,0,1,0.998844,0
3758,1,1,0.37324739,1
3759,1,1,0.708868,1
3760,0,1,0.7195314,0
3761,1,1,0.999984,1
3762,1,1,0.99518895,1
3763,0,0,0.29305032,1
3764,1,1,0.99999857,1
3765,0,1,0.9181873,0
3766,1,1,0.4627158,1
3767,1,0,0.30404168,0
3768,1,1,1.0,1
3769,1,1,0.99999917,1
3770,1,1,0.9604726,1
3771,1,1,0.9741166,1
3772,0,1,0.99979585,0
3773,1,0,0.013795365,0
3774,1,1,0.99999726,1
3775,1,0,0.26750383,0
3776,0,1,1.0,0
3777,1,1,0.99804676,1
3778,0,1,0.7025811,0
3779,0,0,0.032558974,1
3780,0,1,0.6866328,0
3781,0,1,0.9893885,0
3782,1,1,1.0,1
3783,0,1,0.99926645,0
3784,0,1,0.66405034,0
3785,0,0,0.055926174,1
3786,0,1,0.9998902,0
3787,1,1,0.9991817,1
3788,0,1,0.7107789,0
3789,1,1,1.0,1
3790,0,1,0.9999522,0
3791,0,1,0.35231322,0
3792,1,0,0.08756384,0
3793,0,1,0.5734396,0
3794,1,1,0.9997818,1
3795,0,0,0.00021654405,1
3796,1,0,0.31017175,0
3797,0,0,0.031618766,1
3798,0,1,0.99966526,0
3799,0,0,0.0145035805,1
3800,0,1,0.41116998,0
3801,1,1,0.8253083,1
3802,0,1,0.9966036,0
3803,1,1,0.8480936,1
3804,1,1,0.9824568,1
3805,1,1,0.99999964,1
3806,1,1,0.99998665,1
3807,0,0,0.1728689,1
3808,1,1,0.9964064,1
3809,1,1,0.40436044,1
3810,1,1,0.99999976,1
3811,1,0,0.09955772,0
3812,0,1,0.43926623,0
3813,1,1,1.0,1
3814,1,0,0.014559519,0
3815,0,0,0.24598956,1
3816,0,0,0.11666332,1
3817,1,1,0.9999862,1
3818,1,1,0.9920773,1
3819,0,1,0.62457985,0
3820,0,0,0.081154905,1
3821,1,1,0.999998,1
3822,1,1,0.9999982,1
3823,0,1,0.5644586,0
3824,0,0,0.091544405,1
3825,0,0,0.14110379,1
3826,0,0,0.2552508,1
3827,1,1,0.77534974,1
3828,1,1,0.99827254,1
3829,0,0,0.0045561143,1
3830,1,0,0.1754674,0
3831,1,1,0.9973888,1
3832,1,1,0.99999976,1
3833,0,0,0.057652235,1
3834,1,0,0.06518703,0
3835,1,1,0.9990996,1
3836,1,1,0.97527254,1
3837,0,1,0.9999894,0
3838,1,1,0.37662312,1
3839,0,0,0.08593914,1
3840,1,1,1.0,1
3841,0,0,0.26764736,1
3842,0,1,0.9599126,0
3843,1,0,0.114072114,0
3844,0,0,0.27028757,1
3845,0,1,0.99989104,0
3846,0,0,0.15475886,1
3847,0,0,0.021864556,1
3848,0,0,0.15954451,1
3849,1,0,0.11008789,0
3850,1,1,0.99341017,1
3851,0,1,0.99712163,0
3852,0,1,0.97966766,0
3853,1,1,0.799129,1
3854,0,1,0.99996555,0
3855,1,1,0.7727022,1
3856,0,0,0.2786983,1
3857,1,1,0.995142,1
3858,0,1,0.486484,0
3859,0,1,0.9186994,0
3860,1,0,0.23493281,0
3861,0,0,0.078289315,1
3862,0,0,0.22244667,1
3863,1,1,1.0,1
3864,1,1,0.99998355,1
3865,1,1,1.0,1
3866,0,1,0.80783993,0
3867,1,1,1.0,1
3868,1,0,0.3477032,0
3869,1,1,0.7008436,1
3870,0,0,0.23642808,1
3871,0,0,0.03429395,1
3872,1,1,0.99999976,1
3873,0,1,0.9549004,0
3874,0,1,0.9784466,0
3875,1,1,0.64237636,1
3876,0,1,0.9966036,0
3877,1,1,1.0,1
3878,0,1,0.99992,0
3879,0,0,0.12463858,1
3880,1,1,0.99999225,1
3881,0,0,0.04560694,1
3882,0,0,0.12759827,1
3883,0,1,0.999688,0
3884,0,1,0.6581429,0
3885,1,0,0.17182414,0
3886,0,1,0.9999814,0
3887,1,1,0.99999285,1
3888,0,0,0.0111580305,1
3889,0,0,0.33660358,1
3890,0,1,0.9932156,0
3891,1,1,0.99999046,1
3892,0,1,0.8076124,0
3893,1,0,0.14572217,0
3894,0,0,0.05345272,1
3895,0,1,0.8987666,0
3896,1,1,0.99999976,1
3897,0,1,0.913368,0
3898,1,1,0.9999999,1
3899,0,1,0.8076124,0
3900,0,0,0.1732882,1
3901,0,0,0.064065434,1
3902,1,1,0.88059187,1
3903,1,1,0.99994004,1
3904,1,1,0.65373504,1
3905,1,1,0.40615514,1
3906,0,0,0.089853115,1
3907,0,1,0.384161,0
3908,1,1,0.65967923,1
3909,1,1,1.0,1
3910,0,1,0.3856349,0
3911,0,1,0.58136255,0
3912,1,1,0.9999999,1
3913,1,0,0.061255362,0
3914,1,1,0.69735134,1
3915,0,0,0.26511872,1
3916,0,1,0.46948987,0
3917,1,1,0.999984,1
3918,0,0,0.10475175,1
3919,1,1,0.99942076,1
3920,1,1,1.0,1
3921,0,0,0.08811155,1
3922,1,1,0.5434691,1
3923,0,0,0.0062291576,1
3924,0,1,0.8911497,0
3925,1,0,0.037538007,0
3926,0,1,0.45111492,0
3927,0,1,0.9998517,0
3928,0,1,1.0,0
3929,0,0,0.046464663,1
3930,1,1,1.0,1
3931,1,1,1.0,1
3932,0,0,0.023264103,1
3933,1,1,0.99816847,1
3934,0,0,0.17731173,1
3935,1,1,0.7766653,1
3936,1,1,0.46177518,1
3937,0,0,0.09244169,1
3938,1,1,0.99999976,1
3939,1,1,0.9986904,1
3940,0,0,0.23213603,1
3941,0,0,0.030014923,1
3942,1,1,0.999658,1
3943,1,1,0.998835,1
3944,0,1,0.74844426,0
3945,1,1,0.72130173,1
3946,1,1,0.5712285,1
3947,1,1,0.9999263,1
3948,0,0,0.07250525,1
3949,1,1,1.0,1
3950,1,0,0.23757595,0
3951,1,1,0.8879841,1
3952,1,1,1.0,1
3953,1,0,0.13517499,0
3954,1,1,0.9627082,1
3955,1,0,0.21576357,0
3956,1,1,0.9999646,1
3957,0,1,0.42301106,0
3958,0,1,0.9950563,0
3959,1,1,0.9863369,1
3960,1,1,0.9999989,1
3961,0,1,0.5517549,0
3962,0,0,0.14737104,1
3963,1,1,1.0,1
3964,1,1,0.9999825,1
3965,0,1,1.0,0
3966,1,0,0.22194035,0
3967,1,1,0.96628344,1
3968,0,1,0.6297177,0
3969,1,1,0.9991573,1
3970,0,1,0.9940659,0
3971,1,1,0.9999739,1
3972,0,0,0.038538493,1
3973,1,1,0.4047133,1
3974,0,1,0.71248233,0
3975,1,1,0.9999995,1
3976,0,0,0.21044159,1
3977,1,1,1.0,1
3978,0,0,0.09885954,1
3979,1,0,0.13006428,0
3980,1,1,0.99544394,1
3981,1,1,0.99504673,1
3982,1,1,0.9255671,1
3983,1,1,0.9907141,1
3984,1,0,0.23572361,0
3985,0,1,0.8429925,0
3986,0,0,0.14596547,1
3987,0,0,0.15234725,1
3988,1,1,1.0,1
3989,1,1,0.5711687,1
3990,1,1,0.98846966,1
3991,1,1,0.99999905,1
3992,0,1,0.9999362,0
3993,0,1,0.99153805,0
3994,1,1,0.9998827,1
3995,0,1,0.9999969,0
3996,0,1,0.8288003,0
3997,1,1,0.37771282,1
3998,1,1,0.9929472,1
3999,1,1,0.97249323,1
4000,1,1,0.999998,1
4001,0,0,0.33025518,1
4002,0,0,0.17895591,1
4003,1,1,1.0,1
4004,1,1,0.99996626,1
4005,1,1,0.9754135,1
4006,0,0,0.03807084,1
4007,1,1,0.9994012,1
4008,1,1,0.999998,1
4009,1,1,0.662196,1
4010,0,0,0.3122127,1
4011,1,1,0.9993,1
4012,1,1,0.9999999,1
4013,0,0,0.064771704,1
4014,1,0,0.33009318,0
4015,1,0,0.113383114,0
4016,1,1,0.99998116,1
4017,1,1,0.6489671,1
4018,1,1,1.0,1
4019,1,1,0.9982317,1
4020,1,0,0.21182416,0
4021,0,0,0.1908748,1
4022,1,1,1.0,1
4023,0,1,0.99992,0
4024,0,1,0.9928231,0
4025,1,1,0.9957767,1
4026,1,1,0.6412539,1
4027,1,0,0.04560694,0
4028,1,0,0.34931073,0
4029,1,0,0.24373244,0
4030,1,0,0.056288198,0
4031,0,1,0.667527,0
4032,0,0,0.010776726,1
4033,0,0,0.06656919,1
4034,0,1,0.86613256,0
4035,0,1,1.0,0
4036,0,1,0.3731046,0
4037,0,1,0.9999999,0
4038,0,0,0.103839464,1
4039,1,1,0.9915216,1
4040,0,1,0.9998989,0
4041,1,1,0.9999969,1
4042,1,1,0.9999515,1
4043,1,0,0.04308309,0
4044,1,1,0.9998832,1
4045,0,1,0.9425068,0
4046,1,0,0.08269734,0
4047,1,1,0.68768245,1
4048,1,1,0.9999924,1
4049,0,1,0.9999988,0
4050,1,1,1.0,1
4051,0,1,0.98054343,0
4052,1,0,0.32993123,0
4053,0,1,0.7083639,0
4054,0,1,0.80639565,0
4055,0,0,0.17023194,1
4056,1,1,1.0,1
4057,1,1,0.5021057,1
4058,0,0,0.070816204,1
4059,0,0,0.25916883,1
4060,1,1,1.0,1
4061,1,1,1.0,1
4062,1,0,0.09518112,0
4063,1,1,0.999995,1
4064,0,1,0.88038635,0
4065,1,1,0.7313465,1
4066,1,0,0.059537485,0
4067,0,1,0.99999905,0
4068,1,1,0.99994993,1
4069,0,1,0.8923751,0
4070,1,1,1.0,1
4071,0,1,0.7497291,0
4072,1,1,0.9848984,1
4073,0,1,0.42286208,0
4074,1,1,0.9936487,1
4075,0,1,0.9984269,0
4076,1,0,0.30600834,0
4077,1,1,0.49591073,1
4078,0,1,0.93558234,0
4079,1,1,1.0,1
4080,0,1,0.98439646,0
4081,0,1,0.6411416,0
4082,0,1,0.98279023,0
4083,0,1,0.9848401,0
4084,1,1,0.99986553,1
4085,0,0,0.026912306,1
4086,1,1,1.0,1
4087,0,0,0.03027187,1
4088,0,1,0.92788786,0
4089,1,1,1.0,1
4090,1,1,0.7940658,1
4091,1,1,0.6316511,1
4092,1,0,0.1419343,0
4093,1,0,0.35058814,0
4094,0,0,0.014842417,1
4095,0,0,0.23943825,1
4096,1,1,0.6163587,1
4097,1,1,0.9946774,1
4098,1,1,0.7871142,1
4099,1,1,1.0,1
4100,0,1,0.9960238,0
4101,0,1,0.82161736,0
4102,0,0,0.033242542,1
4103,1,1,0.9999995,1
4104,1,1,0.9992778,1
4105,1,1,0.9989141,1
4106,1,0,0.003846872,0
4107,0,0,0.27595824,1
4108,0,0,0.09509706,1
4109,0,0,0.23440666,1
4110,0,0,0.1126489,1
4111,1,1,0.97708833,1
4112,1,1,0.87925047,1
4113,0,1,0.9999995,0
4114,1,1,0.6758181,1
4115,0,0,0.10374862,1
4116,0,0,0.06779314,1
4117,1,0,0.31132215,0
4118,1,1,0.98617804,1
4119,1,1,0.99989927,1
4120,1,0,0.038901985,0
4121,1,1,1.0,1
4122,1,1,0.99664307,1
4123,0,0,0.1357468,1
4124,0,0,0.0489941,1
4125,0,0,0.12770702,1
4126,0,0,0.15469499,1
4127,1,1,0.9912378,1
4128,1,1,0.90690076,1
4129,1,1,0.39158043,1
4130,0,0,0.069604956,1
4131,1,1,0.9993893,1
4132,1,1,1.0,1
4133,0,1,0.9673178,0
4134,1,1,0.99424744,1
4135,1,1,0.9882222,1
4136,1,1,0.583144,1
4137,0,1,0.87831426,0
4138,1,0,0.0010282107,0
4139,0,1,0.6378771,0
4140,1,1,0.9999982,1
4141,0,1,0.6183772,0
4142,0,1,0.9903476,0
4143,0,0,0.348368,1
4144,0,1,0.9936487,0
4145,1,1,0.9991358,1
4146,0,0,0.095265254,1
4147,0,1,0.9999877,0
4148,1,1,1.0,1
4149,0,0,0.33458945,1
4150,0,1,0.5953161,0
4151,1,1,1.0,1
4152,0,1,0.89796406,0
4153,0,0,0.16871993,1
4154,1,1,0.35432136,1
4155,1,0,0.042285025,0
4156,1,0,0.004314688,0
4157,0,0,0.120438814,1
4158,1,1,0.9354055,1
4159,0,1,0.7943052,0
4160,0,1,0.99944824,0
4161,0,0,0.04169577,1
4162,0,1,0.9745077,0
4163,0,1,0.9532751,0
4164,1,1,0.99886644,1
4165,1,1,0.97316426,1
4166,0,1,0.52585584,0
4167,1,1,0.99999225,1
4168,0,0,0.041307308,1
4169,0,0,0.085023046,1
4170,1,0,0.009285965,0
4171,1,1,0.9999684,1
4172,1,1,0.97682446,1
4173,0,0,0.25977868,1
4174,1,1,0.9999932,1
4175,0,0,0.2613309,1
4176,1,1,0.99564314,1
4177,1,1,1.0,1
4178,1,1,0.7589575,1
4179,0,0,0.08953418,1
4180,0,0,0.10293422,1
4181,1,1,0.66263276,1
4182,0,1,0.6674187,0
4183,0,1,0.9999999,0
4184,1,1,0.86060363,1
4185,0,0,0.023330769,1
4186,0,0,0.2163425,1
4187,1,0,0.030675802,0
4188,0,0,0.14922118,1
4189,1,1,0.9718593,1
4190,1,1,1.0,1
4191,1,1,0.6461812,1
4192,1,1,0.60550755,1
4193,0,1,0.62515205,0
4194,1,1,1.0,1
4195,0,1,0.840259,0
4196,0,0,0.0054059,1
4197,0,1,0.9999528,0
4198,0,1,0.99720997,0
4199,0,1,0.8100285,0
4200,0,1,0.4438716,0
4201,1,1,0.8333246,1
4202,0,0,0.027014792,1
4203,1,1,1.0,1
4204,1,0,0.023308529,0
4205,1,1,0.99999833,1
4206,0,0,0.09868569,1
4207,1,1,0.9999999,1
4208,1,1,0.99634284,1
4209,1,1,1.0,1
4210,1,1,0.9261035,1
4211,1,1,0.9999385,1
4212,1,1,0.4910288,1
4213,1,1,0.9993869,1
4214,1,1,0.9999994,1
4215,0,0,0.10275402,1
4216,0,1,0.8722386,0
4217,1,1,0.9999999,1
4218,0,0,0.016340127,1
4219,1,1,0.9999999,1
4220,1,1,0.9999964,1
4221,0,1,0.74581516,0
4222,1,1,0.5591697,1
4223,0,0,0.080574244,1
4224,1,0,0.16620122,0
4225,1,1,0.99937004,1
4226,1,1,0.99797314,1
4227,1,1,1.0,1
4228,0,1,0.86476797,0
4229,1,1,0.9999995,1
4230,1,1,1.0,1
4231,0,0,0.094176665,1
4232,0,0,0.23970512,1
4233,1,0,0.039750516,0
4234,1,1,0.6679604,1
4235,1,1,0.9022657,1
4236,1,1,0.9713746,1
4237,1,1,0.9999994,1
4238,1,0,0.21386933,0
4239,0,1,0.71696234,0
4240,1,1,0.621828,1
4241,0,0,0.076407686,1
4242,1,1,1.0,1
4243,1,1,0.9999646,1
4244,1,1,0.99937004,1
4245,0,1,0.82824534,0
4246,1,0,0.09451042,0
4247,0,1,0.51494914,0
4248,1,1,1.0,1
4249,1,0,0.24499467,0
4250,0,1,0.89460546,0
4251,1,1,0.43632177,1
4252,0,0,0.0548532,1
4253,1,1,0.9399685,1
4254,0,0,0.28596976,1
4255,1,1,0.61987406,1
4256,0,1,0.57110894,0
4257,1,1,0.9835022,1
4258,1,0,0.16593072,0
4259,1,0,0.012100385,0
4260,0,0,0.3292839,1
4261,0,0,0.08419108,1
4262,1,1,0.9999677,1
4263,1,1,0.6999214,1
4264,1,1,1.0,1
4265,1,1,0.999998,1
4266,0,0,0.07423137,1
4267,1,0,0.13875328,0
4268,0,1,0.49426293,0
4269,0,0,0.072177574,1
4270,1,1,0.35320505,1
4271,1,1,0.97840524,1
4272,0,1,1.0,0
4273,1,0,0.063773274,0
4274,1,1,0.99949765,1
4275,0,1,0.3918713,0
4276,0,1,0.5162296,0
4277,1,1,0.98242307,1
4278,1,1,0.80022407,1
4279,0,0,0.03971326,1
4280,1,1,0.9672869,1
4281,0,1,0.99351174,0
4282,0,0,0.034261618,1
4283,0,0,0.19375685,1
4284,1,1,0.99987113,1
4285,1,1,0.9999994,1
4286,1,1,1.0,1
4287,1,1,1.0,1
4288,1,1,0.8334602,1
4289,0,1,0.9958175,0
4290,1,1,0.99962807,1
4291,1,1,0.9999901,1
4292,1,1,1.0,1
4293,1,1,0.8494724,1
4294,0,0,0.086632065,1
4295,0,1,0.59384483,0
4296,0,0,0.030646773,1
4297,0,1,0.9999995,0
4298,0,1,0.7660312,0
4299,1,0,6.5028165e-05,0
4300,0,1,0.999708,0
4301,1,0,0.01361059,0
4302,0,1,0.42056984,0
4303,0,1,0.9798034,0
4304,1,1,0.40633184,1
4305,0,0,0.0130707845,1
4306,0,1,0.9999746,0
4307,1,1,0.999997,1
4308,1,1,1.0,1
4309,0,0,0.07821887,1
4310,0,0,0.026006784,1
4311,0,1,0.9999057,0
4312,1,1,1.0,1
4313,1,1,0.9999989,1
4314,0,1,0.9711565,0
4315,0,0,0.07538034,1
4316,1,1,0.90397453,1
4317,1,1,0.5432874,1
4318,1,1,0.9999845,1
4319,1,1,0.99987113,1
4320,1,1,0.9998293,1
4321,1,1,0.5910743,1
4322,0,0,0.0014750634,1
4323,0,1,0.5054929,0
4324,0,0,0.1454185,1
4325,1,1,0.9996207,1
4326,1,1,0.9984452,1
4327,0,0,0.02798095,1
4328,0,0,0.19806418,1
4329,1,1,0.9999999,1
4330,0,0,0.1466363,1
4331,1,1,0.97673583,1
4332,1,1,0.7523766,1
4333,0,0,0.10484337,1
4334,1,0,0.09203286,0
4335,0,1,0.4423354,0
4336,0,0,0.22789864,1
4337,0,0,0.086632065,1
4338,1,1,0.99743915,1
4339,1,1,0.99940586,1
4340,1,1,0.7495458,1
4341,1,1,0.9973477,1
4342,0,1,0.54389304,0
4343,0,0,0.3296075,1
4344,0,0,0.119151674,1
4345,0,1,0.99909246,0
4346,0,0,0.18198897,1
4347,1,1,0.99959236,1
4348,1,0,0.28427786,0
4349,1,1,0.98045003,1
4350,0,1,0.99097973,0
4351,1,1,0.46344426,1
4352,0,1,0.49975583,0
4353,0,0,0.045948204,1
4354,0,0,0.056966383,1
4355,0,1,0.9998067,0
4356,1,0,0.252338,0
4357,0,0,0.005968731,1
4358,0,0,0.11235639,1
4359,1,1,1.0,1
4360,1,1,0.91655886,1
4361,1,1,0.38245857,1
4362,1,1,1.0,1
4363,1,1,1.0,1
4364,1,1,0.48108816,1
4365,0,1,0.99999964,0
4366,0,1,0.71348155,0
4367,1,1,0.99648935,1
4368,1,1,0.8908652,1
4369,0,0,0.27401125,1
4370,0,1,0.66557366,0
4371,0,1,0.9681713,0
4372,0,1,0.99448806,0
4373,1,1,0.99998176,1
4374,1,0,0.21518578,0
4375,1,1,0.9999932,1
4376,0,0,0.087720014,1
4377,0,0,0.05525965,1
4378,0,0,0.23493281,1
4379,1,1,1.0,1
4380,0,0,0.023962023,1
4381,0,0,0.116261385,1
4382,1,1,1.0,1
4383,1,1,0.9999893,1
4384,0,0,0.04126865,1
4385,0,1,0.99999905,0
4386,0,0,0.033812117,1
4387,0,0,0.008478402,1
4388,1,1,0.99094474,1
4389,0,1,0.99998844,0
4390,0,1,0.9871293,0
4391,0,1,0.6459579,0
4392,0,0,0.24549176,1
4393,0,1,0.65967923,0
4394,0,1,0.91490096,0
4395,0,0,0.10230471,1
4396,1,0,0.14145924,0
4397,1,1,1.0,1
4398,1,1,0.97949183,1
4399,1,1,0.99960107,1
4400,0,1,0.8143483,0
4401,0,0,0.17210227,1
4402,0,0,0.2983891,1
4403,0,1,0.98768765,0
4404,0,1,0.97675806,0
4405,0,1,0.9375548,0
4406,0,1,0.87546796,0
4407,1,0,0.23616374,0
4408,1,1,0.9999831,1
4409,1,1,0.99999905,1
4410,1,1,1.0,1
4411,1,1,0.7663811,1
4412,1,1,0.9704367,1
4413,1,1,0.9997981,1
4414,0,1,0.83894384,0
4415,1,0,0.0416178,0
4416,0,0,0.26913345,1
4417,1,1,0.97991896,1
4418,0,1,0.9992387,0
4419,1,1,0.9982351,1
4420,1,1,0.9906238,1
4421,1,1,0.72189033,1
4422,1,1,1.0,1
4423,1,1,0.99999547,1
4424,1,1,1.0,1
4425,0,1,0.9933717,0
4426,0,1,0.9434519,0
4427,0,1,0.7114811,0
4428,1,1,1.0,1
4429,0,0,0.07647662,1
4430,1,1,0.9951514,1
4431,0,0,0.07928158,1
4432,0,1,0.952131,0
4433,1,1,0.9923193,1
4434,0,1,0.5657787,0
4435,1,1,0.9999286,1
4436,0,1,1.0,0
4437,1,1,0.65946,1
4438,1,1,0.99999833,1
4439,0,1,0.5011902,0
4440,0,1,0.9969897,0
4441,1,1,1.0,1
4442,0,0,0.13262686,1
4443,0,1,0.36800814,0
4444,1,1,1.0,1
4445,1,0,0.09476145,0
4446,0,1,0.6028802,0
4447,1,1,0.99996626,1
4448,0,1,0.9998523,0
4449,0,1,0.92379886,0
4450,1,0,0.02917362,0
4451,1,1,0.8878869,1
4452,0,0,0.21109137,1
4453,1,0,0.21272227,0
4454,1,1,0.99996555,1
4455,0,0,0.05122493,1
4456,0,1,0.828523,0
4457,1,1,0.9999453,1
4458,1,0,0.09227797,0
4459,1,0,0.029591372,0
4460,1,0,0.15954451,0
4461,1,0,0.21125406,0
4462,0,0,0.2305731,1
4463,0,0,0.093016796,1
4464,1,1,1.0,1
4465,1,1,0.9999478,1
4466,1,1,0.9999949,1
4467,0,0,0.04836099,1
4468,1,1,0.8159668,1
4469,1,1,0.99945897,1
4470,1,1,0.99973875,1
4471,1,1,0.99697804,1
4472,0,0,0.19057333,1
4473,0,1,0.6282934,0
4474,1,1,0.9926684,1
4475,1,1,0.7426084,1
4476,0,1,0.9596487,0
4477,0,1,0.49456805,0
4478,0,1,0.6977634,0
4479,0,1,0.99970055,0
4480,0,0,0.03317983,1
4481,1,1,0.77509457,1
4482,1,1,0.9999107,1
4483,1,0,0.26913345,0
4484,1,1,0.5618159,1
4485,1,1,0.9046505,1
4486,1,1,0.92988735,1
4487,1,0,0.13341522,0
4488,1,1,1.0,1
4489,0,1,0.5037841,0
4490,0,0,0.32034272,1
4491,0,0,0.32611045,1
4492,1,1,0.572902,1
4493,1,1,1.0,1
4494,0,0,0.071396716,1
4495,1,1,0.99994123,1
4496,0,0,0.17967446,1
4497,1,1,0.43734282,1
4498,1,1,0.9999988,1
4499,1,1,0.99999976,1
4500,0,0,0.1979091,1
4501,1,1,1.0,1
4502,1,1,0.9999918,1
4503,0,1,0.8929365,0
4504,1,1,0.6494119,1
4505,0,0,0.064653486,1
4506,0,1,0.99997926,0
4507,1,1,1.0,1
4508,0,1,0.7912571,0
4509,0,1,0.65107757,0
4510,0,1,0.9999995,0
4511,0,0,0.3019792,1
4512,0,1,0.9991272,0
4513,1,0,0.114616044,0
4514,1,1,0.9991736,1
4515,1,1,1.0,1
4516,1,1,0.99999976,1
4517,0,1,0.9658352,0
4518,1,1,1.0,1
4519,1,1,0.99997294,1
4520,1,1,0.99273914,1
4521,0,0,0.2713965,1
4522,0,1,0.65107757,0
4523,1,0,0.009232214,0
4524,1,1,1.0,1
4525,0,0,0.0076658744,1
4526,1,1,0.99937856,1
4527,0,0,0.1965176,1
4528,1,0,0.042048372,0
4529,0,0,0.009652304,1
4530,1,1,0.99999964,1
4531,0,0,0.066751465,1
4532,0,1,0.85269034,0
4533,0,0,0.17617498,1
4534,1,1,0.99403125,1
4535,0,1,0.99390244,0
4536,1,1,0.7072531,1
4537,1,1,0.995793,1
4538,1,1,0.8161134,1
4539,0,0,0.044722572,1
4540,1,1,0.9999988,1
4541,0,1,0.5143393,0
4542,0,0,0.08555635,1
4543,0,0,0.008046387,1
4544,0,0,0.21942112,1
4545,1,1,0.9967013,1
4546,1,1,0.99999857,1
4547,0,1,0.9635748,0
4548,1,0,0.011375601,0
4549,1,1,0.99999833,1
4550,1,0,0.0673624,0
4551,1,1,0.9999403,1
4552,0,0,0.03132112,1
4553,1,1,0.9991135,1
4554,0,1,0.39245322,0
4555,0,1,0.9999919,0
4556,0,0,0.12825193,1
4557,1,1,0.71587116,1
4558,1,1,1.0,1
4559,1,1,0.9995426,1
4560,1,1,0.9999702,1
4561,1,1,0.9998247,1
4562,0,1,0.5758862,0
4563,0,0,0.02237146,1
4564,0,0,0.05797139,1
4565,1,1,1.0,1
4566,0,1,0.66470355,0
4567,0,0,0.10257407,1
4568,1,1,0.6719551,1
4569,1,1,0.99401975,1
4570,1,1,0.9693532,1
4571,0,1,0.4166186,0
4572,0,0,0.16371268,1
4573,0,1,0.9999994,0
4574,0,0,0.3180084,1
4575,1,1,0.6693667,1
4576,1,1,0.99989235,1
4577,0,0,0.07878402,1
4578,1,0,0.18520921,0
4579,1,1,0.77670765,1
4580,1,0,0.095518075,0
4581,1,1,1.0,1
4582,0,0,0.030821325,1
4583,0,0,0.21559837,1
4584,0,0,0.002491968,1
4585,0,1,0.99992156,0
4586,1,1,1.0,1
4587,1,0,0.05728198,0
4588,1,0,0.10631887,0
4589,0,1,0.99812883,0
4590,1,1,0.458379,1
4591,1,1,0.42805406,1
4592,1,1,0.8495972,1
4593,1,1,0.9999844,1
4594,1,1,0.99963665,1
4595,1,1,0.99521697,1
4596,1,1,0.9998499,1
4597,1,1,0.9263037,1
4598,1,0,0.010755925,0
4599,1,1,0.6042822,1
4600,0,1,0.745954,0
4601,1,1,0.9996561,1
4602,1,1,0.68135583,1
4603,1,1,0.83359575,1
4604,0,0,0.22499062,1
4605,1,0,0.24762337,0
4606,0,0,0.029008126,1
4607,1,0,0.018564347,0
4608,0,0,0.19852991,1
4609,1,1,0.9992549,1
4610,0,0,0.077727415,1
4611,0,0,0.14934519,1
4612,1,1,0.7632191,1
4613,0,0,0.31938666,1
4614,1,1,1.0,1
4615,1,0,0.24337259,0
4616,1,1,0.99999917,1
4617,1,1,0.9999999,1
4618,1,1,0.9999778,1
4619,1,1,0.70957285,1
4620,1,1,0.9999999,1
4621,0,0,0.10194652,1
4622,0,1,0.5526,0
4623,0,1,0.9441254,0
4624,0,0,0.17455095,1
4625,0,0,0.059866417,1
4626,1,0,0.0037217087,0
4627,1,1,1.0,1
4628,0,1,0.99901116,0
4629,1,1,0.9253649,1
4630,0,1,0.75219464,0
4631,1,1,0.99998724,1
4632,1,1,0.99999964,1
4633,1,0,0.0818861,0
4634,0,0,0.10922978,1
4635,1,1,0.9926542,1
4636,0,1,1.0,0
4637,1,0,0.008933403,0
4638,0,1,0.968441,0
4639,1,1,0.9965503,1
4640,1,0,0.24671482,0
4641,1,1,0.86748546,1
4642,0,0,0.01042845,1
4643,1,0,0.33020115,0
4644,1,1,0.9999999,1
4645,0,0,0.0037217087,1
4646,1,0,0.07323097,0
4647,0,0,0.30177343,1
4648,0,1,0.4231302,0
4649,1,1,1.0,1
4650,1,1,0.4777978,1
4651,0,1,0.39280257,0
4652,1,0,0.24698713,0
4653,0,0,0.16505408,1
4654,1,1,0.9183339,1
4655,1,1,1.0,1
4656,1,1,0.9999751,1
4657,0,1,0.60550755,0
4658,1,1,0.83999664,1
4659,0,0,0.064771704,1
4660,1,1,1.0,1
4661,0,0,0.08487122,1
4662,1,1,0.5570623,1
4663,0,0,0.06681232,1
4664,0,0,0.050424065,1
4665,1,1,0.99101454,1
4666,1,1,1.0,1
4667,0,0,0.1917057,1
4668,1,1,0.50836104,1
4669,0,0,0.09825224,1
4670,0,1,0.9763782,0
4671,1,1,0.99993646,1
4672,0,0,0.04569203,1
4673,1,1,0.99693656,1
4674,1,1,0.9999938,1
4675,1,0,0.0053640567,0
4676,1,1,0.86339164,1
4677,0,1,0.990892,0
4678,1,1,0.99982125,1
4679,0,1,0.6826266,0
4680,1,1,0.99999976,1
4681,0,1,0.5157418,0
4682,0,1,0.7595823,0
4683,1,1,0.9978677,1
4684,1,1,0.999977,1
4685,0,1,0.8945133,0
4686,1,1,0.9989141,1
4687,1,1,0.83004373,1
4688,0,1,0.9868281,0
4689,1,1,0.995142,1
4690,0,1,0.467271,0
4691,1,1,1.0,1
4692,1,1,0.69755745,1
4693,1,1,0.9995372,1
4694,0,0,0.1979091,1
4695,1,0,0.017442483,0
4696,1,1,0.40215728,1
4697,1,1,1.0,1
4698,0,0,0.13432106,1
4699,0,1,0.41602537,0
4700,1,0,0.12326005,0
4701,1,1,0.9999974,1
4702,1,1,0.9973374,1
4703,0,0,0.26350462,1
4704,1,1,0.99999857,1
4705,0,0,0.15662017,1
4706,1,0,0.030996837,0
4707,1,1,0.9999999,1
4708,0,0,0.024007749,1
4709,0,0,0.18017878,1
4710,1,1,0.9999999,1
4711,0,1,0.76821196,0
4712,0,1,0.51159465,0
4713,1,1,0.9989759,1
4714,0,0,0.07899691,1
4715,0,0,0.052814018,1
4716,0,0,0.01302049,1
4717,0,1,0.46796995,0
4718,0,0,0.012217682,1
4719,0,1,0.99996674,0
4720,1,0,0.06717857,0
4721,1,1,0.6953898,1
4722,1,1,0.76942694,1
4723,0,0,0.052765187,1
4724,0,0,0.071202725,1
4725,1,1,1.0,1
4726,1,1,0.94433105,1
4727,0,1,0.6781671,0
4728,1,0,0.20386599,0
4729,1,1,0.87925047,1
4730,1,1,1.0,1
4731,1,1,0.6664425,1
4732,1,1,0.37501955,1
4733,1,1,0.9985979,1
4734,0,0,0.26284182,1
4735,0,1,0.4702196,0
4736,0,0,0.011463797,1
4737,0,1,0.83196384,0
4738,1,1,0.9999901,1
4739,1,1,0.9997358,1
4740,0,1,0.9705485,0
4741,1,1,0.581719,1
4742,0,1,0.5343695,0
4743,1,0,0.20505732,0
4744,1,1,0.99999714,1
4745,0,1,0.37073782,0
4746,1,0,0.26592815,0
4747,1,1,0.75590736,1
4748,1,1,0.9999999,1
4749,1,1,0.99879813,1
4750,1,1,0.9987232,1
4751,1,1,0.9999999,1
4752,1,1,0.6283504,1
4753,0,1,0.37456188,0
4754,0,0,0.1606607,1
4755,1,1,0.78735954,1
4756,1,1,0.9772191,1
4757,1,1,0.9966299,1
4758,1,1,0.99999464,1
4759,0,1,1.0,0
4760,0,1,0.9998134,0
4761,1,1,0.9999999,1
4762,1,1,1.0,1
4763,1,1,1.0,1
4764,1,1,0.9955142,1
4765,1,1,1.0,1
4766,0,1,0.9999864,0
4767,0,0,0.042842172,1
4768,1,1,0.9999925,1
4769,0,0,0.09653531,1
4770,1,1,1.0,1
4771,1,1,0.99996424,1
4772,0,1,0.43872508,0
4773,1,0,0.0894546,0
4774,0,1,0.8664719,0
4775,1,0,0.3149453,0
4776,1,1,0.99991286,1
4777,1,1,0.999962,1
4778,0,1,0.8951567,0
4779,1,1,0.6989977,1
4780,1,1,0.93564117,1
4781,0,1,0.9994105,0
4782,1,1,0.9999862,1
4783,1,1,1.0,1
4784,0,0,0.027402505,1
4785,0,1,0.9711565,0
4786,1,1,0.924347,1
4787,0,1,0.98486924,0
4788,0,1,1.0,0
4789,0,1,0.7398456,0
4790,1,1,0.77304506,1
4791,0,1,0.5408632,0
4792,1,1,0.9999963,1
4793,0,1,0.8349459,0
4794,0,0,0.095940754,1
4795,0,0,0.022868007,1
4796,0,1,0.9994568,0
4797,1,1,0.79246426,1
4798,0,1,0.36122105,0
4799,0,1,0.9892441,0
4800,0,1,0.99830914,0
4801,0,0,0.09999631,1
4802,1,1,0.99998903,1
4803,1,1,1.0,1
4804,0,0,0.16626887,1
4805,1,1,1.0,1
4806,0,1,0.9828892,0
4807,0,0,0.14737104,1
4808,1,1,0.52658623,1
4809,0,0,0.34842342,1
4810,1,1,1.0,1
4811,1,1,0.5463146,1
4812,1,0,0.16118816,0
4813,1,1,1.0,1
4814,1,1,0.9999999,1
4815,1,1,1.0,1
4816,1,1,0.99688846,1
4817,0,0,0.13951358,1
4818,0,0,0.043528132,1
4819,1,1,1.0,1
4820,0,0,0.042166542,1
4821,1,1,0.9998945,1
4822,0,1,1.0,0
4823,0,1,0.38716888,0
4824,0,1,0.42865187,0
4825,0,1,0.99999213,0
4826,0,1,0.9999988,0
4827,0,0,0.011072159,1
4828,1,1,0.99637836,1
4829,0,1,0.9989392,0
4830,1,1,1.0,1
4831,1,1,0.9994986,1
4832,1,1,0.98041254,1
4833,1,1,0.999355,1
4834,1,1,0.9946359,1
4835,0,0,0.103839464,1
4836,0,0,0.077867545,1
4837,1,1,0.9896718,1
4838,0,1,0.99711037,0
4839,1,1,0.996858,1
4840,0,0,0.2639787,1
4841,0,1,0.999723,0
4842,1,1,0.9999716,1
4843,1,1,0.9999685,1
4844,0,1,0.8241791,0
4845,0,1,0.81530607,0
4846,1,1,0.89715594,1
4847,1,1,0.99999356,1
4848,1,1,0.99688846,1
4849,0,1,0.44697747,0
4850,1,0,0.017951746,0
4851,0,0,0.085632786,1
4852,0,1,0.98546845,0
4853,1,1,0.8040984,1
4854,0,1,0.9976265,0
4855,0,1,0.602354,0
4856,1,1,0.9284088,1
4857,1,1,0.8893368,1
4858,0,0,0.09041373,1
4859,0,0,0.14151855,1
4860,0,0,0.03491378,1
4861,1,1,0.9999752,1
4862,0,0,0.27469173,1
4863,1,0,0.13100637,0
4864,0,0,0.007968815,1
4865,1,1,0.982591,1
4866,0,1,0.73932827,0
4867,1,1,1.0,1
4868,1,0,0.13992442,0
4869,1,1,0.99999154,1
4870,1,0,0.12549345,0
4871,0,1,0.99648935,0
4872,0,0,0.04650795,1
4873,0,0,0.19590156,1
4874,1,0,0.24707794,0
4875,1,1,0.99865156,1
4876,1,1,0.9868281,1
4877,0,0,0.047602654,1
4878,1,1,0.9999988,1
4879,0,1,0.9458012,0
4880,1,1,0.9980506,1
4881,1,1,1.0,1
4882,1,1,0.5994265,1
4883,0,0,0.10697014,1
4884,0,1,0.37891865,0
4885,0,0,0.039825134,1
4886,0,1,0.8949732,0
4887,1,0,0.161717,0
4888,1,1,1.0,1
4889,1,1,0.9999995,1
4890,1,1,1.0,1
4891,1,1,0.85705173,1
4892,0,1,1.0,0
4893,1,1,0.9999999,1
4894,0,0,0.09990845,1
4895,0,1,0.9999255,0
4896,1,1,0.9770007,1
4897,0,1,0.9984145,0
4898,1,1,0.99844813,1
4899,1,1,0.98018634,1
4900,1,1,0.9999454,1
4901,0,0,0.12215622,1
4902,1,0,0.123365626,0
4903,1,1,0.9958418,1
4904,0,1,0.9994286,0
4905,0,1,0.99999976,0
4906,1,1,1.0,1
4907,1,1,1.0,1
4908,0,0,0.22592856,1
4909,0,1,0.42515767,0
4910,1,0,0.002382762,0
4911,0,1,0.9939964,0
4912,1,1,1.0,1
4913,1,0,0.11075938,0
4914,1,0,0.1552705,0
4915,0,1,0.5432268,0
4916,1,1,1.0,1
4917,0,0,0.025908018,1
4918,1,0,0.28046855,0
4919,0,0,0.23283304,1
4920,1,1,0.999708,1
4921,1,1,0.9012275,1
4922,0,1,0.9996178,0
4923,0,1,0.49017462,0
4924,1,0,0.0043653254,0
4925,1,1,0.80247813,1
4926,1,1,0.99990463,1
4927,1,1,0.9890343,1
4928,0,1,0.99989927,0
4929,1,0,0.016215032,0
4930,1,1,1.0,1
4931,1,1,0.61468315,1
4932,0,0,0.07172112,1
4933,1,1,0.9994035,1
4934,1,1,0.9417078,1
4935,0,0,0.12721826,1
4936,0,1,0.9999933,0
4937,1,1,0.96131647,1
4938,1,1,1.0,1
4939,1,0,0.06847518,0
4940,1,1,1.0,1
4941,0,1,0.3754202,0
4942,1,1,1.0,1
4943,0,0,0.0065008723,1
4944,0,1,0.97376966,0
4945,1,1,1.0,1
4946,1,1,0.9602495,1
4947,1,1,0.99999905,1
4948,1,1,1.0,1
4949,1,1,0.9998596,1
4950,0,1,0.99455196,0
4951,0,1,0.70217276,0
4952,1,1,0.6509667,1
4953,1,1,0.97949183,1
4954,0,0,0.051367506,1
4955,0,1,0.99999964,0
4956,1,1,0.9999999,1
4957,0,1,0.4855082,0
4958,0,0,0.31489265,1
4959,0,1,0.96858984,0
4960,0,0,0.044265874,1
4961,0,1,0.74279505,0
4962,1,0,0.2524762,0
4963,1,1,0.9999405,1
4964,0,0,0.019624962,1
4965,0,1,0.7776378,0
4966,0,1,0.6411416,0
4967,0,1,1.0,0
4968,1,1,0.9999788,1
4969,0,1,0.99995124,0
4970,1,1,0.9999956,1
4971,1,1,0.9998184,1
4972,1,1,0.99999475,1
4973,1,1,0.54685915,1
4974,1,1,0.74502754,1
4975,1,1,0.9621432,1
4976,0,0,0.21808594,1
4977,1,1,0.9999976,1
4978,0,1,0.5579055,0
4979,0,1,0.98942953,0
4980,1,0,8.220189e-05,0
4981,0,1,0.99379504,0
4982,1,0,0.29670522,0
4983,0,0,0.22550188,1
4984,1,0,0.062046263,0
4985,1,1,0.9959849,1
4986,1,1,0.98977125,1
4987,1,1,0.9999995,1
4988,1,0,0.1627789,0
4989,0,0,0.1164622,1
4990,0,1,0.9999249,0
4991,1,0,0.081154905,0
4992,1,1,0.74101865,1
4993,0,0,0.06530615,1
4994,0,1,0.6530716,0
4995,0,0,0.061199225,1
4996,1,1,0.99849296,1
4997,1,1,0.99999976,1
4998,0,0,0.11230769,1
4999,0,1,0.99999094,0
5000,0,0,0.02931223,1
5001,0,0,0.2795334,1
5002,0,0,0.26798248,1
5003,1,1,0.99999857,1
5004,1,1,0.938576,1
5005,1,0,0.04972728,0
5006,0,0,0.0762012,1
5007,1,1,0.6794446,1
5008,1,1,0.9946464,1
5009,1,1,0.99998057,1
5010,1,1,0.9993268,1
5011,1,1,0.8720208,1
5012,1,0,0.33036318,0
5013,1,1,0.7895584,1
5014,0,0,0.11201595,1
5015,1,1,0.8143483,1
5016,1,1,0.99993265,1
5017,1,1,0.9125142,1
5018,0,1,0.9137535,0
5019,1,1,0.999723,1
5020,1,1,0.9987405,1
5021,1,0,0.1653908,0
5022,0,0,0.07992553,1
5023,0,1,0.99700147,0
5024,1,1,1.0,1
5025,0,1,0.57391727,0
5026,1,0,0.022933563,0
5027,1,1,0.9998629,1
5028,1,1,0.99980444,1
5029,0,0,0.0793529,1
5030,1,1,0.9999993,1
5031,1,1,0.99987996,1
5032,0,0,0.29007506,1
5033,1,0,0.13145173,0
5034,0,0,0.010509383,1
5035,0,0,0.20809844,1
5036,1,1,0.9999914,1
5037,0,1,0.9984452,0
5038,1,1,0.9036349,1
5039,1,1,0.99648935,1
5040,1,1,0.95787287,1
5041,0,0,0.10017222,1
5042,0,1,0.35543925,0
5043,1,1,0.580471,1
5044,1,1,0.9999999,1
5045,1,1,0.9999995,1
5046,1,1,0.99951684,1
5047,1,1,1.0,1
5048,1,1,1.0,1
5049,0,1,0.83815056,0
5050,1,1,0.99998116,1
5051,0,1,0.6065567,0
5052,0,0,0.02873432,1
5053,1,1,1.0,1
5054,0,0,0.1655931,1
5055,1,1,0.9999255,1
5056,0,1,0.7343101,0
5057,0,0,0.018743115,1
5058,1,1,1.0,1
5059,0,1,0.7776378,0
5060,1,1,0.50744575,1
5061,0,1,0.4529896,0
5062,0,0,0.08144666,1
5063,1,1,1.0,1
5064,1,1,1.0,1
5065,1,1,0.37650847,1
5066,0,0,0.107812636,1
5067,1,1,0.9999999,1
5068,0,0,0.03390796,1
5069,0,0,0.061480366,1
5070,1,1,0.9955835,1
5071,1,1,0.9784877,1
5072,1,1,0.99837697,1
5073,0,0,0.22017473,1
5074,1,1,0.999984,1
5075,1,0,0.031410128,0
5076,1,1,0.9950563,1
5077,1,0,0.115960725,0
5078,0,0,0.12608409,1
5079,0,0,0.09730459,1
5080,0,1,0.99861145,0
5081,1,0,0.16317856,0
5082,1,1,0.9946878,1
5083,0,0,0.039416388,1
5084,0,1,0.9555686,0
5085,1,1,0.7273465,1
5086,1,1,0.9986827,1
5087,1,1,0.9999999,1
5088,0,0,0.008933403,1
5089,1,1,0.9892855,1
5090,0,1,0.9915052,0
5091,1,0,0.06412401,0
5092,1,1,1.0,1
5093,0,0,0.24653336,1
5094,1,1,0.998662,1
5095,1,1,0.9999347,1
5096,1,1,0.99999964,1
5097,1,1,0.80069196,1
5098,0,0,0.062617026,1
5099,1,1,0.9995461,1
5100,1,1,0.99668854,1
5101,0,1,0.9614253,0
5102,0,0,0.066206016,1
5103,0,0,0.28155375,1
5104,0,1,0.99887305,0
5105,1,1,1.0,1
5106,0,0,0.051415116,1
5107,1,1,1.0,1
5108,1,1,0.89190525,1
5109,1,1,0.99997675,1
5110,1,1,0.94924754,1
5111,1,1,0.9869292,1
5112,0,0,0.09868569,1
5113,1,1,0.9999993,1
5114,1,1,0.9993175,1
5115,1,0,0.2724115,0
5116,0,1,0.99999785,0
5117,1,0,0.17085357,0
5118,1,1,0.9997017,1
5119,1,1,0.61236763,1
5120,0,0,0.3480355,1
5121,1,1,0.999969,1
5122,0,0,0.09687654,1
5123,0,1,0.99671423,0
5124,1,1,0.9631613,1
5125,1,1,0.99999976,1
5126,0,0,0.28482458,1
5127,1,1,0.87800074,1
5128,1,1,0.6343734,1
5129,1,1,1.0,1
5130,0,0,0.01821182,1
5131,1,1,0.5124486,1
5132,0,1,0.99165195,0
5133,0,0,0.2748377,1
5134,0,0,0.2614252,1
5135,1,1,0.98749614,1
5136,0,1,0.63798994,0
5137,1,1,1.0,1
5138,0,0,0.16304526,1
5139,0,1,0.9999906,0
5140,1,0,0.17945866,0
5141,1,1,0.9999782,1
5142,1,0,0.021969227,0
5143,1,1,0.3539584,1
5144,1,1,0.97376966,1
5145,1,0,0.19004667,0
5146,1,1,0.43365166,1
5147,1,1,1.0,1
5148,1,1,0.96395,1
5149,0,0,0.10913479,1
5150,1,1,0.9997063,1
5151,0,0,0.21568096,1
5152,1,1,0.998487,1
5153,1,1,1.0,1
5154,0,0,0.018281795,1
5155,1,1,0.8564525,1
5156,1,1,0.9998691,1
5157,1,1,1.0,1
5158,0,0,0.09687654,1
5159,0,0,0.10771874,1
5160,1,1,1.0,1
5161,1,0,0.04146227,0
5162,0,0,0.14157787,1
5163,0,1,0.39714903,0
5164,0,0,0.161717,1
5165,0,0,0.17553806,1
5166,1,1,0.9999994,1
5167,1,1,0.9999342,1
5168,0,1,0.99993134,0
5169,1,1,0.9971495,1
5170,1,1,1.0,1
5171,1,1,0.96333414,1
5172,0,0,0.10484337,1
5173,1,1,0.8645393,1
5174,0,0,0.22832853,1
5175,1,0,0.23890513,0
5176,1,1,1.0,1
5177,1,1,1.0,1
5178,1,1,0.9999999,1
5179,0,1,0.99964786,0
5180,0,0,0.058830604,1
5181,0,0,0.064065434,1
5182,1,1,0.56925416,1
5183,1,0,0.056548137,0
5184,1,1,0.7966091,1
5185,0,1,0.7436803,0
5186,0,0,0.005865338,1
5187,1,1,0.9996118,1
5188,0,1,0.41475067,0
5189,1,1,1.0,1
5190,0,1,0.9843664,0
5191,1,1,0.99999905,1
5192,1,1,1.0,1
5193,1,0,0.2985425,0
5194,1,1,0.9896918,1
5195,1,0,0.04681203,0
5196,1,1,0.77149934,1
5197,0,0,0.060919292,1
5198,1,0,0.19938593,0
5199,1,1,0.67986983,1
5200,1,1,0.97773504,1
5201,1,0,0.04451443,0
5202,0,1,0.37679508,0
5203,0,0,0.22798456,1
5204,1,0,0.31336722,0
5205,1,1,0.99999964,1
5206,1,1,0.69673264,1
5207,0,0,0.12033541,1
5208,1,1,0.99999785,1
5209,1,1,0.9999999,1
5210,1,1,1.0,1
5211,1,1,0.9999993,1
5212,0,0,0.04698664,1
5213,0,1,0.7272012,0
5214,0,0,0.28766775,1
5215,0,0,0.2647859,1
5216,1,1,0.9999881,1
5217,1,1,1.0,1
5218,0,1,0.8076124,0
5219,0,1,0.99767226,0
5220,0,0,0.014700298,1
5221,0,1,0.5649388,0
5222,1,1,0.99979335,1
5223,1,1,0.994729,1
5224,0,1,0.8906752,0
5225,0,0,0.03739713,1
5226,1,1,1.0,1
5227,1,1,0.9999999,1
5228,1,0,0.12554705,0
5229,1,0,0.2862191,0
5230,0,0,0.2507293,1
5231,1,0,0.098772585,0
5232,0,0,0.065604836,1
5233,0,0,0.19238758,1
5234,1,1,0.99999785,1
5235,1,1,0.9999988,1
5236,1,1,0.6413662,1
5237,1,1,0.5079339,1
5238,1,0,0.029507361,0
5239,1,1,0.63301337,1
5240,1,1,0.99999714,1
5241,1,1,0.99983394,1
5242,1,1,0.99999964,1
5243,0,0,0.10275402,1
5244,0,0,0.051130094,1
5245,0,1,0.99984884,0
5246,0,1,0.995858,0
5247,0,0,0.046551276,1
5248,0,0,0.03701235,1
5249,0,1,0.48849693,0
5250,0,1,0.60562414,0
5251,0,0,0.14866413,1
5252,1,1,0.9999913,1
5253,1,0,0.22927627,0
5254,1,1,0.99999976,1
5255,0,1,0.4285622,0
5256,1,1,1.0,1
5257,1,1,0.99987614,1
5258,1,1,1.0,1
5259,0,1,0.84834504,0
5260,0,0,0.19147882,1
5261,0,1,0.9832628,0
5262,0,1,0.771241,0
5263,1,0,0.093595125,0
5264,0,1,0.9983865,0
5265,0,1,0.9794526,0
5266,0,1,0.63108295,0
5267,0,1,0.999998,0
5268,0,1,0.9772191,0
5269,1,0,0.1621809,0
5270,1,0,0.026480937,0
5271,0,1,0.9579909,0
5272,1,1,0.99998283,1
5273,0,1,0.99999535,0
5274,1,1,0.9987503,1
5275,1,1,1.0,1
5276,1,1,1.0,1
5277,0,1,0.98607117,0
5278,1,1,0.9999999,1
5279,1,1,0.9944126,1
5280,1,1,0.9999995,1
5281,0,0,0.2680783,1
5282,0,1,0.39951876,0
5283,1,1,0.9999995,1
5284,0,0,0.08953418,1
5285,0,1,0.99984705,0
5286,1,1,0.9999993,1
5287,1,1,0.99957854,1
5288,0,1,0.7345958,0
5289,0,0,0.14688088,1
5290,1,1,0.723749,1
5291,0,0,0.050564528,1
5292,1,1,0.99999833,1
5293,0,0,0.11556087,1
5294,1,1,0.9999927,1
5295,0,1,0.9845754,0
5296,0,1,0.69580334,0
5297,1,1,0.99999106,1
5298,0,0,0.0017926508,1
5299,0,0,0.108850285,1
5300,1,1,0.9990564,1
5301,0,0,0.23766439,1
5302,1,0,0.055926174,0
5303,0,1,0.36690158,0
5304,1,1,0.99998856,1
5305,0,0,0.04344689,1
5306,1,0,0.07043161,0
5307,1,1,0.5214102,1
5308,1,1,0.98026204,1
5309,1,1,0.98421544,1
5310,1,1,0.96544635,1
5311,1,1,0.9999937,1
5312,0,0,0.1737083,1
5313,1,1,0.74298155,1
5314,1,1,0.99983525,1
5315,0,0,0.199854,1
5316,0,0,0.07992553,1
5317,1,1,0.99021614,1
5318,1,1,0.99999905,1
5319,0,0,0.07389652,1
5320,0,0,0.23528405,1
5321,0,0,0.10239443,1
5322,1,1,0.8849373,1
5323,1,1,0.9976993,1
5324,0,1,0.9999994,0
5325,1,1,0.99951494,1
5326,0,0,0.24131057,1
5327,1,1,1.0,1
5328,1,1,0.99997735,1
5329,1,1,0.88778967,1
5330,1,1,0.5339443,1
5331,1,0,0.14342749,0
5332,0,1,0.9939261,0
5333,1,1,0.99999034,1
5334,1,1,0.9730621,1
5335,0,0,0.10818896,1
5336,0,1,0.9989392,0
5337,1,1,0.99999905,1
5338,0,1,0.9222726,0
5339,1,0,0.26170808,0
5340,1,1,1.0,1
5341,1,1,0.43395147,1
5342,1,1,0.9999981,1
5343,1,1,0.5045165,1
5344,1,0,0.20040116,0
5345,0,1,0.9956176,0
5346,1,1,0.9999976,1
5347,1,1,1.0,1
5348,1,1,0.99987614,1
5349,1,1,0.99966204,1
5350,0,1,1.0,0
5351,0,1,0.99993956,0
5352,0,1,0.4430883,0
5353,0,1,0.9212869,0
5354,1,0,0.30208215,0
5355,0,1,0.5316957,0
5356,1,1,1.0,1
5357,1,1,0.99991345,1
5358,0,0,0.04146227,1
5359,0,1,0.99813974,0
5360,1,1,0.5972556,1
5361,1,1,0.99998665,1
5362,1,1,0.9999721,1
5363,1,1,0.9978677,1
5364,1,0,0.27556813,0
5365,1,1,0.9999993,1
5366,1,1,0.977132,1
5367,0,0,0.061255362,1
5368,0,0,0.053304683,1
5369,1,1,0.9995372,1
5370,1,1,0.9622852,1
5371,1,1,0.86838096,1
5372,1,1,0.7211054,1
5373,1,1,1.0,1
5374,0,1,0.46283722,0
5375,1,0,0.09252366,0
5376,1,0,0.029507361,0
5377,0,1,0.4610471,0
5378,0,0,0.033117235,1
5379,1,0,0.06614567,0
5380,0,1,0.7890712,0
5381,1,1,1.0,1
5382,0,1,0.9634375,0
5383,1,1,0.99999607,1
5384,1,1,0.9167827,1
5385,1,1,1.0,1
5386,1,1,0.9449439,1
5387,0,0,0.06530615,1
5388,0,1,0.4849289,0
5389,1,0,0.16749083,0
5390,0,0,0.31305215,1
5391,0,0,0.04038907,1
5392,1,1,0.9999912,1
5393,0,1,0.9511876,0
5394,1,1,0.9999764,1
5395,0,1,0.8653379,0
5396,1,1,1.0,1
5397,0,0,0.00932197,1
5398,1,1,0.99999964,1
5399,0,1,0.5093983,0
5400,0,0,0.14572217,1
5401,1,0,0.30580094,0
5402,0,1,0.9999963,0
5403,0,0,0.10484337,1
5404,0,0,0.06441766,1
5405,1,1,0.9934738,1
5406,0,1,0.9922294,0
5407,1,1,0.9948403,1
5408,0,1,0.99877685,0
5409,1,0,0.012796518,0
5410,0,0,0.18602112,1
5411,1,1,0.99922514,1
5412,0,1,0.8213309,0
5413,0,0,0.09113915,1
5414,1,1,0.99789256,1
5415,1,1,1.0,1
5416,1,1,0.80730873,1
5417,1,1,0.9999999,1
5418,1,0,0.026081098,0
5419,1,1,0.99974483,1
5420,0,0,0.024191484,1
5421,0,0,0.20040116,1
5422,0,0,0.17314835,1
5423,1,0,0.0595922,0
5424,0,0,0.04954302,1
5425,1,0,0.069541745,0
5426,0,0,0.32514542,1
5427,1,1,0.6355052,1
5428,0,1,0.8253083,0
5429,0,1,0.53540206,0
5430,1,0,0.14718705,0
5431,1,1,0.9856076,1
5432,1,0,0.34676248,0
5433,0,1,0.9252299,0
5434,1,1,1.0,1
5435,1,1,1.0,1
5436,1,1,1.0,1
5437,0,1,0.99965334,0
5438,1,1,0.9891606,1
5439,0,0,0.13563229,1
5440,1,1,0.9999999,1
5441,1,1,0.99996877,1
5442,1,1,0.45147768,1
5443,0,1,0.83642095,0
5444,1,1,0.6478539,1
5445,1,1,0.6110919,1
5446,0,0,0.051272422,1
5447,0,1,0.7821637,0
5448,1,1,0.99457306,1
5449,1,0,0.0343263,0
5450,0,1,0.8778961,0
5451,1,1,0.9994023,1
5452,0,0,0.10284408,1
5453,0,0,0.008985428,1
5454,1,1,0.9999993,1
5455,0,0,0.012359919,1
5456,1,1,0.99991345,1
5457,1,1,1.0,1
5458,0,1,0.9593071,0
5459,1,1,0.9883802,1
5460,1,1,1.0,1
5461,0,0,0.02630528,1
5462,0,0,0.04676847,1
5463,0,0,0.01578456,1
5464,0,0,0.07928158,1
5465,0,0,0.07165614,1
5466,1,1,1.0,1
5467,0,1,0.84834504,0
5468,0,1,0.42408398,0
5469,1,0,0.06841291,0
5470,1,1,0.44899997,1
5471,0,1,0.6848439,0
5472,0,0,0.08359068,1
5473,0,1,0.52201945,0
5474,0,0,0.28056708,1
5475,1,1,0.9999964,1
5476,1,0,0.23484507,0
5477,1,1,0.99986446,1
5478,1,1,0.99947566,1
5479,1,0,0.06489012,0
5480,1,0,0.027663978,0
5481,0,1,0.9892441,0
5482,0,0,0.14823206,1
5483,1,1,0.9999993,1
5484,0,1,0.98571813,0
5485,0,1,0.99999964,0
5486,1,0,0.0065261493,0
5487,1,0,0.16899405,0
5488,1,1,0.99596137,1
5489,1,1,0.99964166,1
5490,1,0,0.28957257,0
5491,0,1,0.7509182,0
5492,0,1,0.85573065,0
5493,1,1,1.0,1
5494,1,1,0.9999999,1
5495,0,0,0.010797569,1
5496,1,1,0.9876639,1
5497,1,1,0.36729866,1
5498,0,1,0.90523857,0
5499,0,1,0.9896318,0
5500,1,1,1.0,1
5501,0,1,0.43176386,0
5502,1,0,0.07538034,0
5503,1,1,1.0,1
5504,1,1,0.9998579,1
5505,1,1,0.9999802,1
5506,0,1,0.7535573,0
5507,1,0,0.24104248,0
5508,1,1,0.9995092,1
5509,1,1,0.9859904,1
5510,1,1,0.7473394,1
5511,1,1,0.8039445,1
5512,1,1,0.98544043,1
5513,1,1,0.9442283,1
5514,1,1,0.9999999,1
5515,0,1,0.5233594,0
5516,0,1,0.97881407,0
5517,1,1,1.0,1
5518,0,1,0.9632651,0
5519,0,0,0.017593754,1
5520,0,1,0.9378969,0
5521,0,1,0.9957021,0
5522,0,0,0.020725062,1
5523,1,1,0.84453726,1
5524,1,1,0.99999464,1
5525,1,1,0.99999976,1
5526,1,0,0.037538007,0
5527,0,0,0.2846257,1
5528,1,1,1.0,1
5529,0,1,0.38283342,0
5530,1,1,0.98175323,1
5531,1,1,0.9992749,1
5532,1,1,1.0,1
5533,1,1,0.99999976,1
5534,1,1,0.9916681,1
5535,1,1,0.9998795,1
5536,0,0,0.018725162,1
5537,1,1,0.99835473,1
5538,1,1,0.75967145,1
5539,1,0,0.337149,0
5540,1,1,0.9997154,1
5541,1,1,0.9995753,1
5542,0,0,0.038865484,1
5543,0,0,0.04050277,1
5544,0,0,0.015633563,1
5545,1,1,0.36897394,1
5546,1,1,1.0,1
5547,1,1,1.0,1
5548,0,0,0.1737784,1
5549,0,0,0.07821887,1
5550,1,1,0.9999989,1
5551,0,0,0.12437245,1
5552,1,1,0.8934954,1
5553,0,1,0.7578839,0
5554,1,1,0.9992099,1
5555,1,1,0.9999994,1
5556,1,1,0.99999917,1
5557,0,1,0.9995652,0
5558,0,0,0.22270013,1
5559,1,1,1.0,1
5560,1,1,0.97889495,1
5561,1,0,0.05899303,0
5562,1,0,0.03191915,0
5563,1,0,0.1886227,0
5564,1,1,1.0,1
5565,0,0,0.17321827,1
5566,1,0,0.30435172,0
5567,1,1,1.0,1
5568,0,0,0.060363002,1
5569,0,1,0.4121456,0
5570,1,1,1.0,1
5571,1,1,0.999433,1
5572,0,1,0.58936185,0
5573,0,1,0.98951083,0
5574,0,0,0.012771868,1
5575,1,1,1.0,1
5576,0,1,0.38783523,0
5577,0,1,0.9797453,0
5578,1,1,0.9994307,1
5579,0,1,0.62994534,0
5580,0,0,0.17293873,1
5581,0,0,0.05340333,1
5582,1,1,0.9999703,1
5583,1,1,1.0,1
5584,1,1,0.72603726,1
5585,1,1,0.6867378,1
5586,1,1,0.9973374,1
5587,0,0,0.026031531,1
5588,1,1,0.99492985,1
5589,1,1,0.9946568,1
5590,1,1,0.98651993,1
5591,0,1,0.6178009,0
5592,0,1,0.9747491,0
5593,0,1,0.57660156,0
5594,1,1,1.0,1
5595,1,1,0.9835496,1
5596,0,0,0.14773951,1
5597,1,1,0.8701566,1
5598,1,1,0.85705173,1
5599,0,1,0.7102767,0
5600,0,1,0.99871063,0
5601,1,0,0.16606593,0
5602,0,0,0.052376077,1
5603,0,1,0.7390459,0
5604,1,1,0.6202767,1
5605,1,1,0.9999968,1
5606,1,1,0.9999603,1
5607,0,1,0.35857764,0
5608,0,1,1.0,0
5609,1,1,0.99998426,1
5610,1,0,0.22962157,0
5611,1,0,0.029591372,0
5612,1,1,0.9999994,1
5613,1,1,1.0,1
5614,1,1,0.9022657,1
5615,0,0,0.19253935,1
5616,0,0,0.011309892,1
5617,0,0,0.18713267,1
5618,1,0,0.0794957,0
5619,1,1,0.95239735,1
5620,1,1,0.89552265,1
5621,0,1,0.9999286,0
5622,1,1,1.0,1
5623,1,1,0.998242,1
5624,1,1,0.4567429,1
5625,1,1,0.9999906,1
5626,1,1,0.4645372,1
5627,1,0,0.23152734,0
5628,1,0,0.16331196,0
5629,0,1,0.41389167,0
5630,0,0,0.25916883,1
5631,1,1,0.9907499,1
5632,0,0,0.03021459,1
5633,0,0,0.086400524,1
5634,1,1,0.9991272,1
5635,1,1,0.9997378,1
5636,1,1,0.595963,1
5637,1,1,0.95695716,1
5638,0,1,0.9998005,0
5639,0,0,0.08532742,1
5640,0,0,0.034068275,1
5641,1,1,0.84695786,1
5642,0,1,0.9973477,0
5643,0,1,0.39732438,0
5644,1,1,1.0,1
5645,1,1,1.0,1
5646,1,0,0.2174206,0
5647,1,0,0.2725567,0
5648,0,0,0.058722552,1
5649,0,0,0.113383114,1
5650,1,1,0.9999491,1
5651,1,1,0.9851003,1
5652,1,1,0.89077026,1
5653,1,1,0.41537306,1
5654,1,0,0.033589505,0
5655,1,1,1.0,1
5656,1,1,0.8159668,1
5657,1,0,0.08456833,0
5658,0,0,0.22422528,1
5659,1,0,0.34246156,0
5660,1,1,1.0,1
5661,0,0,0.1185891,1
5662,1,1,0.99999917,1
5663,0,0,0.2683658,1
5664,1,1,1.0,1
5665,1,1,0.67763406,1
5666,1,1,1.0,1
5667,1,1,0.9998148,1
5668,1,1,0.7999117,1
5669,1,1,0.37524846,1
5670,1,1,0.5939037,1
5671,1,1,0.74083114,1
5672,0,1,0.95226437,0
5673,1,1,0.8022459,1
5674,1,1,1.0,1
5675,1,1,0.9999999,1
5676,1,0,0.06730107,0
5677,1,0,0.1336412,0
5678,1,1,0.99990904,1
5679,0,0,0.029367853,1
5680,1,0,0.14342749,0
5681,1,1,1.0,1
5682,0,1,0.99609274,0
5683,0,0,0.08748585,1
5684,0,0,0.088425905,1
5685,1,1,0.97869223,1
5686,0,0,0.058614686,1
5687,1,1,1.0,1
5688,0,0,0.106411695,1
5689,0,1,0.9955662,0
5690,0,0,0.0111580305,1
5691,1,1,0.9997131,1
5692,0,0,0.04377274,1
5693,1,1,0.9826909,1
5694,0,1,0.81815636,0
5695,1,1,0.9999845,1
5696,1,1,0.96969944,1
5697,1,1,1.0,1
5698,0,1,0.9998074,0
5699,0,1,0.66437703,0
5700,1,1,0.3599264,1
5701,1,1,0.6044573,1
5702,1,1,0.4423655,1
5703,1,0,0.02188545,0
5704,0,1,0.53382283,0
5705,0,1,0.9999999,0
5706,0,0,0.034391105,1
5707,0,1,0.39332676,0
5708,0,0,0.0094490815,1
5709,0,1,0.7767923,0
5710,0,0,0.0055765444,1
5711,1,1,0.999892,1
5712,1,1,0.9999993,1
5713,1,1,0.9999999,1
5714,0,0,0.09097748,1
5715,0,1,0.9999999,0
5716,1,0,0.099820666,0
5717,1,0,0.03265138,0
5718,0,1,0.97366965,0
5719,1,0,0.073098525,0
5720,0,0,0.2502251,1
5721,0,1,0.68040097,0
5722,1,1,0.39837718,1
5723,1,1,0.92775697,1
5724,0,1,0.9997508,0
5725,1,1,1.0,1
5726,1,1,0.99996746,1
5727,1,1,0.9999578,1
5728,1,1,0.52670795,1
5729,0,1,0.88413936,0
5730,1,1,0.99999976,1
5731,0,1,0.8595459,0
5732,0,1,0.3577358,0
5733,0,1,0.9999633,0
5734,0,0,0.012945406,1
5735,1,1,0.9789353,1
5736,1,1,0.9928647,1
5737,0,0,0.060863446,1
5738,1,1,0.76065063,1
5739,1,1,0.99989927,1
5740,1,1,0.9975514,1
5741,0,1,0.79390603,0
5742,1,1,0.9999858,1
5743,0,1,0.69735134,0
5744,1,1,0.9996724,1
5745,0,0,0.2646433,1
5746,1,0,0.2608599,0
5747,1,1,0.99908364,1
5748,0,0,0.10493506,1
5749,1,1,0.9963642,1
5750,0,1,0.99910307,0
5751,1,1,1.0,1
5752,0,1,0.67752737,0
5753,0,1,0.9998727,0
5754,1,1,0.999188,1
5755,1,1,0.52329856,1
5756,1,1,0.9998568,1
5757,1,1,0.9151287,1
5758,1,0,0.0649494,0
5759,1,1,0.99787605,1
5760,0,1,0.6476868,0
5761,0,1,0.9999999,0
5762,1,1,0.9997241,1
5763,0,1,0.8330532,0
5764,1,1,0.88353777,1
5765,0,1,0.99695444,0
5766,1,1,1.0,1
5767,0,0,0.32896045,1
5768,1,1,0.5274991,1
5769,1,1,1.0,1
5770,1,0,0.03448853,0
5771,1,0,0.30316418,0
5772,1,1,0.99999833,1
5773,1,1,0.99995077,1
5774,0,0,0.1949802,1
5775,1,1,0.99999845,1
5776,0,0,0.010652511,1
5777,0,1,0.8267118,0
5778,1,1,1.0,1
5779,1,1,0.9999912,1
5780,1,1,0.99647564,1
5781,1,1,1.0,1
5782,1,0,0.21354114,0
5783,0,0,0.124053754,1
5784,0,0,0.12640727,1
5785,0,0,0.11516222,1
5786,1,1,0.9999821,1
5787,0,1,0.9665687,0
5788,0,0,0.3051794,1
5789,1,1,0.9240733,1
5790,0,0,0.016137324,1
5791,1,1,0.9999994,1
5792,0,1,0.53266823,0
5793,0,1,0.9976993,0
5794,1,1,1.0,1
5795,0,0,0.25109637,1
5796,1,1,1.0,1
5797,1,0,0.0715912,0
5798,0,0,0.05717659,1
5799,0,1,0.9999678,0
5800,1,0,0.057334732,0
5801,1,1,0.9988883,1
5802,1,1,0.99770385,1
5803,1,1,1.0,1
5804,0,1,0.9799574,0
5805,1,0,0.22962157,0
5806,1,0,0.019870713,0
5807,1,1,0.99999833,1
5808,0,1,0.99603146,0
5809,1,1,0.99999,1
5810,0,1,0.7327353,0
5811,1,1,0.3718777,1
5812,0,1,0.999908,0
5813,1,0,0.22261563,0
5814,1,1,1.0,1
5815,0,0,0.103839464,1
5816,0,0,0.05948283,1
5817,1,1,0.86759764,1
5818,1,1,0.99987996,1
5819,0,1,0.9045662,0
5820,1,1,0.99529994,1
5821,1,0,0.047691282,0
5822,1,1,0.9947901,1
5823,0,0,0.11726853,1
5824,1,1,1.0,1
5825,0,1,0.49383575,0
5826,1,0,0.1237887,0
5827,0,1,0.4039783,0
5828,0,1,0.81257004,0
5829,1,1,0.9883802,1
5830,1,1,0.99366105,1
5831,1,1,0.3913187,1
5832,1,0,0.019179069,0
5833,1,1,0.9998727,1
5834,1,1,0.99419135,1
5835,1,1,0.99993896,1
5836,1,0,0.27308947,0
5837,1,1,0.99988544,1
5838,1,1,0.9999702,1
5839,1,1,0.82275945,1
5840,0,1,0.97032446,0
5841,1,1,0.99941957,1
5842,1,1,0.84038997,1
5843,1,1,0.9999999,1
5844,0,0,0.19567093,1
5845,0,1,0.9956006,0
5846,1,0,0.11676401,0
5847,1,1,1.0,1
5848,1,1,1.0,1
5849,1,0,0.1437277,0
5850,1,1,0.9998722,1
5851,1,1,0.99958676,1
5852,1,1,0.98445636,1
5853,1,1,0.9999646,1
5854,0,0,0.031114377,1
5855,1,1,0.99999976,1
5856,0,0,0.047913536,1
5857,0,1,0.682415,0
5858,1,1,1.0,1
5859,0,1,0.9988121,0
5860,0,0,0.29941237,1
5861,1,1,0.84247476,1
5862,1,1,0.9603984,1
5863,1,0,0.055412795,0
5864,1,1,0.99698395,1
5865,1,0,0.073098525,0
5866,1,0,0.1304515,0
5867,0,0,0.046421416,1
5868,1,1,0.5823723,1
5869,0,1,0.6618682,0
5870,1,0,0.085785836,0
5871,1,1,1.0,1
5872,1,1,0.9828892,1
5873,1,1,0.90574,1
5874,1,0,0.11676401,0
5875,0,1,0.99987113,0
5876,1,1,0.5239075,1
5877,0,1,0.98569053,0
5878,1,1,1.0,1
5879,0,1,0.714379,0
5880,1,0,0.14481276,0
5881,0,1,0.9978677,0
5882,1,1,0.99999774,1
5883,0,0,0.24131057,1
5884,1,1,1.0,1
5885,1,1,0.6758181,1
5886,1,1,0.99927634,1
5887,1,0,0.007176882,0
5888,0,1,0.7888273,0
5889,1,0,0.13184245,0
5890,1,1,0.38566384,1
5891,0,1,0.9830688,0
5892,1,1,0.9999999,1
5893,0,0,0.010735163,1
5894,0,0,0.04020025,1
5895,0,0,0.05500529,1
5896,1,1,0.5085441,1
5897,1,1,0.9984573,1
5898,1,0,0.1056711,0
5899,1,1,1.0,1
5900,0,1,0.9916358,0
5901,1,1,0.999765,1
5902,0,0,0.042285025,1
5903,1,0,0.07257096,0
5904,0,1,0.7789858,0
5905,0,0,0.13078417,1
5906,0,1,0.98780584,0
5907,1,1,1.0,1
5908,1,0,0.056913942,0
5909,1,0,0.0045032725,0
5910,1,1,0.9981541,1
5911,0,0,0.022011232,1
5912,0,0,0.1203871,1
5913,0,0,0.08079154,1
5914,1,1,0.9999989,1
5915,0,1,0.5616957,0
5916,0,0,0.31074667,1
5917,1,0,0.012796518,0
5918,0,0,0.14229147,1
5919,1,1,1.0,1
5920,1,1,0.8089743,1
5921,0,0,0.09097748,1
5922,0,1,0.98739934,0
5923,0,1,0.77149934,0
5924,1,1,1.0,1
5925,0,1,0.96602803,0
5926,0,1,0.9789755,0
5927,0,0,0.00571913,1
5928,1,1,0.99832565,1
5929,1,1,0.9999685,1
5930,1,1,0.85427785,1
5931,0,0,0.048271183,1
5932,0,0,0.029535338,1
5933,1,1,0.99719906,1
5934,0,1,0.72095805,0
5935,0,1,0.72277164,0
5936,1,1,0.9999999,1
5937,0,1,0.9222025,0
5938,1,0,0.14773951,0
5939,0,0,0.042842172,1
5940,1,1,0.99945897,1
5941,0,0,0.28517282,1
5942,0,0,0.0672398,1
5943,1,1,0.9999999,1
5944,1,1,0.9877351,1
5945,1,1,1.0,1
5946,0,1,0.81479084,0
5947,0,1,0.8901988,0
5948,0,0,0.1969034,1
5949,0,1,0.9995054,0
5950,0,0,0.03803509,1
5951,0,0,0.05399884,1
5952,0,0,0.110663235,1
5953,1,0,0.076683804,0
5954,1,1,0.9971048,1
5955,1,0,0.09518112,0
5956,0,1,0.5214102,0
5957,1,1,0.9951514,1
5958,1,1,0.99998283,1
5959,1,0,0.1683778,0
5960,1,1,0.9962126,1
5961,0,1,0.43581146,0
5962,0,0,0.07992553,1
5963,1,0,0.2934551,0
5964,0,1,0.5690745,0
5965,0,0,0.27532452,1
5966,1,1,0.9999994,1
5967,1,1,0.9922444,1
5968,1,0,0.15052764,0
5969,1,0,0.23686911,0
5970,1,1,0.99040353,1
5971,0,0,0.18757874,1
5972,1,1,0.9999999,1
5973,1,1,1.0,1
5974,1,1,1.0,1
5975,1,0,0.07470251,0
5976,0,0,0.13189834,1
5977,1,1,0.950411,1
5978,1,1,1.0,1
5979,1,0,0.079638734,0
5980,1,1,0.94791394,1
5981,0,1,0.7891525,0
5982,1,1,0.81946033,1
5983,0,0,0.29467145,1
5984,1,1,1.0,1
5985,0,1,0.44332927,0
5986,0,0,0.0830685,1
5987,0,0,0.17539679,1
5988,0,1,0.7498207,0
5989,0,1,0.8308688,0
5990,0,0,0.0715912,1
5991,0,0,0.06255973,1
5992,0,0,0.31352484,1
5993,0,1,0.81077874,0
5994,1,1,0.40095457,1
5995,1,1,0.99491006,1
5996,1,1,0.9905509,1
5997,1,1,0.9999994,1
5998,0,1,0.9998795,0
5999,0,0,0.14915918,1
6000,1,1,0.71388066,1
6001,0,1,0.9827406,0
6002,1,0,0.24095315,0
6003,0,1,0.4412215,0
6004,1,1,1.0,1
6005,1,1,0.9999969,1
6006,1,1,0.7977145,1
6007,0,1,0.39338502,0
6008,0,1,0.44360042,0
6009,1,1,0.57146764,1
6010,0,0,0.0415011,1
6011,1,1,1.0,1
6012,1,1,0.92324704,1
6013,1,1,0.9999379,1
6014,1,1,0.37952214,1
6015,1,1,1.0,1
6016,0,0,0.0035657368,1
6017,0,0,0.0019267347,1
6018,1,1,0.9951703,1
6019,1,1,0.8539127,1
6020,1,1,0.9997478,1
6021,0,0,0.14953136,1
6022,1,1,1.0,1
6023,0,0,0.03989989,1
6024,1,0,0.047646955,0
6025,0,0,0.12002561,1
6026,1,0,0.05505607,0
6027,1,1,0.99979264,1
6028,0,0,0.037256766,1
6029,1,1,0.9999919,1
6030,0,0,0.24671482,1
6031,1,1,1.0,1
6032,1,1,0.99999845,1
6033,1,0,0.015967654,0
6034,1,0,0.044639204,0
6035,0,0,0.017143765,1
6036,0,1,0.99999905,0
6037,1,1,0.9726495,1
6038,0,1,0.9809856,0
6039,0,1,0.5786863,0
6040,0,0,0.09484525,1
6041,1,1,0.99948776,1
6042,0,0,0.049497057,1
6043,1,1,0.99950635,1
6044,0,0,0.15974101,1
6045,0,0,0.13403742,1
6046,1,1,1.0,1
6047,1,1,0.9999987,1
6048,0,0,0.21675669,1
6049,0,0,0.02218004,1
6050,1,1,0.99750805,1
6051,1,1,0.96408546,1
6052,0,0,0.15027805,1
6053,0,0,0.037186775,1
6054,1,1,0.9999914,1
6055,0,0,0.10706346,1
6056,1,1,0.9958175,1
6057,1,0,0.010860332,0
6058,0,1,0.8200375,0
6059,1,1,0.9591543,1
6060,1,1,0.9805807,1
6061,0,1,0.6806133,0
6062,0,0,0.24328268,1
6063,1,1,0.99999964,1
6064,0,1,0.9737447,0
6065,1,1,1.0,1
6066,1,1,0.37857395,1
6067,0,0,0.019087434,1
6068,0,0,0.109324835,1
6069,0,1,0.9128255,0
6070,0,1,0.99989283,0
6071,1,1,1.0,1
6072,0,0,0.09653531,1
6073,1,1,0.94176143,1
6074,0,1,0.5986056,0
6075,1,1,0.6203342,1
6076,1,0,0.16257937,0
6077,0,1,0.9906961,0
6078,0,1,0.67055434,0
6079,1,1,0.9617859,1
6080,1,1,0.9998952,1
6081,1,1,0.99664956,1
6082,1,0,0.08014123,0
6083,1,0,0.17624585,0
6084,1,0,0.18322797,0
6085,0,1,0.99739385,0
6086,0,1,0.9221325,0
6087,0,1,0.9804874,0
6088,0,1,0.83575183,0
6089,0,0,0.09782047,1
6090,1,1,1.0,1
6091,0,1,0.9984452,0
6092,1,1,0.99932146,1
6093,1,0,0.108471945,0
6094,0,1,0.99995613,0
6095,0,1,0.49395782,0
6096,0,0,0.087720014,1
6097,1,0,0.077308424,0
6098,0,1,0.93463427,0
6099,0,1,0.7999117,0
6100,0,1,0.99929726,0
6101,0,0,0.06572467,1
6102,0,1,0.97790456,0
6103,0,0,0.07113817,1
6104,1,1,0.99999523,1
6105,0,1,0.9983059,0
6106,0,0,0.09713317,1
6107,0,0,0.29695997,1
6108,1,1,0.84834504,1
6109,0,0,0.22962157,1
6110,0,0,0.009232214,1
6111,0,1,0.9323302,0
6112,1,1,0.9999981,1
6113,0,0,0.18454698,1
6114,0,0,0.16072656,1
6115,1,1,1.0,1
6116,0,0,0.2829386,1
6117,1,0,0.0683507,0
6118,1,1,0.99999714,1
6119,1,0,0.09929539,0
6120,0,0,0.20244318,1
6121,0,0,0.03541073,1
6122,1,1,0.98780584,1
6123,0,0,0.065904796,1
6124,0,1,0.88523525,0
6125,1,1,0.9998591,1
6126,0,0,0.20418316,1
6127,0,1,0.97923523,0
6128,0,0,0.0728343,1
6129,1,1,0.99999225,1
6130,0,1,0.65074474,0
6131,1,0,0.2032327,0
6132,0,0,0.10293422,1
6133,1,1,0.44275695,1
6134,0,1,0.99999726,0
6135,1,0,0.13134027,0
6136,0,1,1.0,0
6137,1,1,0.7750094,1
6138,0,1,0.9999995,0
6139,1,0,0.036734894,0
6140,1,0,0.19102567,0
6141,1,0,0.15059009,0
6142,1,1,0.99992216,1
6143,1,1,0.88373864,1
6144,1,1,0.99988127,1
6145,0,0,0.16968088,1
6146,1,1,1.0,1
6147,0,1,0.9791158,0
6148,1,0,0.053551625,0
6149,1,1,0.9999939,1
6150,1,0,0.021064695,0
6151,0,1,0.9339146,0
6152,0,0,0.19475038,1
6153,1,1,1.0,1
6154,0,0,0.048541088,1
6155,1,1,0.9557341,1
6156,0,0,0.05470151,1
6157,0,1,0.48535576,0
6158,0,1,0.99996734,0
6159,1,1,0.99999964,1
6160,1,1,0.9999906,1
6161,0,0,0.22067817,1
6162,0,0,0.016817752,1
6163,0,1,0.99958354,0
6164,1,1,0.9999844,1
6165,1,0,0.23660442,0
6166,0,0,0.010818448,1
6167,0,0,0.23100649,1
6168,1,0,0.16566059,0
6169,1,1,0.9999999,1
6170,0,1,0.88171685,0
6171,1,1,0.49511734,1
6172,0,0,0.1653908,1
6173,1,1,0.8037906,1
6174,1,1,0.9996886,1
6175,1,1,0.37347588,1
6176,0,0,0.23361893,1
6177,0,0,0.27425417,1
6178,1,1,0.9999999,1
6179,1,1,0.96926606,1
6180,0,0,0.030967517,1
6181,1,1,0.99999464,1
6182,1,1,0.9999943,1
6183,0,1,0.7014575,0
6184,1,1,0.6522968,1
6185,1,1,0.9968087,1
6186,0,0,0.042483207,1
6187,1,1,0.9934738,1
6188,0,1,0.84169555,0
6189,0,1,0.93318766,0
6190,0,1,0.9999969,0
6191,1,1,0.95961094,1
6192,0,0,0.3207149,1
6193,1,1,0.9600252,1
6194,0,0,0.15830442,1
6195,0,0,0.17852582,1
6196,1,1,0.9999982,1
6197,0,1,0.40174648,0
6198,0,1,0.99988544,0
6199,1,1,1.0,1
6200,0,1,0.9902727,0
6201,1,1,0.98782945,1
6202,0,1,0.9847231,0
6203,1,1,0.9992792,1
6204,0,1,0.9999329,0
6205,1,1,0.9999777,1
6206,0,0,0.13100637,1
6207,1,1,0.99999774,1
6208,0,0,0.08517511,1
6209,1,0,0.14823206,0
6210,1,1,0.999998,1
6211,0,1,0.9870546,0
6212,1,0,0.08509905,0
6213,0,0,0.03521114,1
6214,1,1,0.99999905,1
6215,0,0,0.049451128,1
6216,0,1,0.831006,0
6217,1,0,0.0025459477,0
6218,0,0,0.06602512,1
6219,1,0,0.07382971,0
6220,0,0,0.033716537,1
6221,0,1,0.9007919,0
6222,0,1,0.9746528,0
6223,0,0,0.09081609,1
6224,1,1,1.0,1
6225,0,1,0.93127525,0
6226,0,1,0.9927532,0
6227,0,0,0.010348136,1
6228,0,1,0.81873685,0
6229,1,1,0.9806919,1
6230,1,1,0.9999839,1
6231,1,1,1.0,1
6232,1,1,0.99668854,1
6233,0,0,0.06650853,1
6234,1,1,0.99996936,1
6235,0,1,0.49450707,0
6236,1,1,0.9999982,1
6237,0,0,0.2739627,1
6238,0,0,0.051319942,1
6239,0,1,0.5245164,0
6240,1,1,0.9959378,1
6241,0,1,0.44200417,0
6242,1,0,0.035244327,0
6243,0,1,0.9764681,0
6244,1,1,1.0,1
6245,1,0,0.2500877,0
6246,0,0,0.06910072,1
6247,1,1,1.0,1
6248,0,1,0.99999964,0
6249,1,1,0.9999957,1
6250,0,0,0.072243005,1
6251,1,1,0.98801583,1
6252,0,0,0.09611029,1
6253,0,1,0.4259335,0
6254,1,1,0.98507166,1
6255,0,0,0.055566337,1
6256,1,1,0.99852777,1
6257,1,1,0.9999604,1
6258,0,0,0.088820286,1
6259,0,0,0.058938842,1
6260,0,1,0.9999896,0
6261,1,1,0.9997428,1
6262,1,1,1.0,1
6263,1,0,0.11656275,0
6264,1,1,0.97223073,1
6265,1,1,0.9999708,1
6266,1,1,0.99964714,1
6267,1,1,0.99998593,1
6268,0,0,0.008315778,1
6269,1,0,0.2658328,0
6270,1,0,0.08151975,0
6271,1,0,0.006731917,0
6272,0,0,0.08291986,1
6273,1,1,0.99999964,1
6274,1,1,0.9992592,1
6275,1,1,0.9999945,1
6276,0,0,0.08953418,1
6277,0,1,0.8984996,0
6278,1,1,0.9999993,1
6279,0,1,0.8818186,0
6280,0,0,0.29138398,1
6281,1,1,0.9999813,1
6282,1,1,1.0,1
6283,1,1,0.9583432,1
6284,0,1,1.0,0
6285,0,0,0.026230346,1
6286,0,1,0.4368623,0
6287,1,1,1.0,1
6288,1,1,1.0,1
6289,1,1,0.86442494,1
6290,1,0,0.021635992,0
6291,0,1,0.99996614,0
6292,1,1,0.9999981,1
6293,1,1,0.9846347,1
6294,1,1,0.96312666,1
6295,1,1,1.0,1
6296,1,1,0.7777222,1
6297,0,0,0.18025091,1
6298,1,0,0.13741668,0
6299,0,1,0.9930962,0
6300,0,0,0.008577485,1
6301,1,0,0.2548797,0
6302,0,0,0.11486404,1
6303,0,0,0.068102375,1
6304,0,0,0.17272931,1
6305,0,1,0.99963665,0
6306,1,0,0.11328496,0
6307,0,0,2.9773113e-05,1
6308,0,0,0.3494217,1
6309,1,0,0.04836099,0
6310,1,1,0.9972262,1
6311,0,1,0.7105781,0
6312,1,0,0.18594721,0
6313,1,1,1.0,1
6314,1,1,0.9999937,1
6315,0,1,0.8008478,0
6316,1,1,0.82866174,1
6317,0,1,0.9999999,0
6318,1,1,0.9991768,1
6319,0,0,0.060086653,1
6320,0,0,0.31636927,1
6321,1,1,0.8749346,1
6322,0,1,0.9706599,0
6323,1,0,0.021287354,0
6324,0,1,0.9958901,0
6325,0,0,0.043650273,1
6326,0,0,0.0279544,1
6327,0,0,0.09260568,1
6328,1,1,0.9999994,1
6329,0,1,0.79438496,0
6330,1,1,0.9770007,1
6331,1,1,0.88759494,1
6332,1,1,1.0,1
6333,1,1,0.9999132,1
6334,1,1,1.0,1
6335,1,1,0.40783447,1
6336,0,1,0.7175565,0
6337,1,1,1.0,1
6338,1,1,0.7744129,1
6339,1,1,1.0,1
6340,1,1,1.0,1
6341,0,0,0.025011595,1
6342,0,0,0.13951358,1
6343,1,1,0.9939261,1
6344,0,0,0.23091978,1
6345,0,0,0.069289416,1
6346,1,0,0.052086018,0
6347,0,0,0.050893724,1
6348,0,1,0.7104777,0
6349,0,1,0.9996352,0
6350,0,1,0.9996026,0
6351,1,1,0.48578265,1
6352,0,1,0.7649794,0
6353,1,1,0.9999962,1
6354,1,1,1.0,1
6355,1,0,0.056184534,0
6356,1,1,0.999539,1
6357,0,0,0.018564347,1
6358,1,0,0.12252321,0
6359,0,1,0.99504673,0
6360,0,0,0.09146322,1
6361,0,1,0.93071055,0
6362,0,0,0.07423137,1
6363,0,0,0.27688602,1
6364,0,0,0.19329962,1
6365,1,1,1.0,1
6366,0,0,0.28007457,1
6367,0,1,0.6568234,0
6368,0,0,0.04716187,1
6369,0,0,0.068102375,1
6370,1,0,0.107250325,0
6371,0,1,0.99994564,0
6372,0,0,0.035611417,1
6373,0,0,0.18639106,1
6374,1,1,0.42871168,1
6375,1,1,0.9996526,1
6376,1,1,0.96347195,1
6377,1,1,0.56895477,1
6378,0,1,0.52256763,0
6379,1,1,0.9998074,1
6380,0,0,0.05315703,1
6381,0,0,0.15272596,1
6382,0,1,0.9931496,0
6383,1,1,0.97628796,1
6384,1,1,0.99727964,1
6385,0,1,0.78604853,0
6386,1,0,0.034782395,0
6387,0,1,0.63742584,0
6388,1,1,1.0,1
6389,1,1,0.99999857,1
6390,0,1,1.0,0
6391,0,0,0.10257407,1
6392,1,1,0.97889495,1
6393,1,1,0.91046584,1
6394,0,1,0.9979048,0
6395,1,1,0.99394965,1
6396,0,1,0.40559587,0
6397,0,0,0.19421494,1
6398,1,1,0.9610981,1
6399,1,0,0.17064616,0
6400,0,1,0.37450472,0
6401,1,0,0.1939858,0
6402,0,0,0.14940722,1
6403,0,1,0.9976357,0
6404,1,0,0.1357468,0
6405,1,1,0.99999976,1
6406,0,1,0.5110456,0
6407,1,1,0.9993869,1
6408,1,1,0.9815244,1
6409,1,1,0.99390244,1
6410,1,1,1.0,1
6411,1,1,0.998147,1
6412,1,1,0.99988675,1
6413,1,1,0.87914675,1
6414,0,0,0.05926467,1
6415,1,0,0.077727415,0
6416,1,1,0.9537512,1
6417,1,1,0.9999994,1
6418,1,1,1.0,1
6419,1,0,0.17859745,0
6420,1,1,0.9962782,1
6421,1,0,0.15386674,0
6422,0,0,0.05686155,1
6423,1,1,0.99972624,1
6424,1,1,0.59125125,1
6425,0,1,0.72115445,0
6426,1,1,0.9996587,1
6427,1,1,1.0,1
6428,0,0,0.29512835,1
6429,1,1,1.0,1
6430,1,1,0.78809434,1
6431,1,1,1.0,1
6432,1,1,0.99999464,1
6433,1,1,1.0,1
6434,0,0,0.082475364,1
6435,1,1,1.0,1
6436,1,1,1.0,1
6437,1,1,0.9981828,1
6438,1,1,1.0,1
6439,1,1,0.83960253,1
6440,0,1,0.73335636,0
6441,1,1,0.47207496,1
6442,0,0,0.028953163,1
6443,1,0,0.02308724,0
6444,1,1,0.9125142,1
6445,1,1,1.0,1
6446,0,1,0.9830851,0
6447,0,1,0.86293024,0
6448,0,1,0.9974934,0
6449,1,1,0.82544905,1
6450,0,1,0.9813286,0
6451,1,1,1.0,1
6452,0,0,0.0553617,1
6453,0,1,0.99981767,0
6454,1,1,1.0,1
6455,1,0,0.13927925,0
6456,0,0,0.020626193,1
6457,0,1,0.74991226,0
6458,1,0,0.3154723,0
6459,0,1,0.9935243,0
6460,0,1,0.78208053,0
6461,0,0,0.17030093,1
6462,1,1,0.9989141,1
6463,1,1,0.98942953,1
6464,1,1,0.99912554,1
6465,1,1,0.99883276,1
6466,0,0,0.034358688,1
6467,0,1,1.0,0
6468,1,1,0.99998593,1
6469,0,0,0.13706978,1
6470,1,0,0.17518502,0
6471,1,0,0.16518871,0
6472,0,0,0.05728198,1
6473,1,1,0.9346938,1
6474,1,1,0.99403125,1
6475,0,0,0.1635122,1
6476,1,1,1.0,1
6477,0,1,0.41605502,0
6478,1,0,0.0248928,0
6479,1,1,0.9952356,1
6480,1,0,0.03825006,0
6481,1,1,1.0,1
6482,0,1,0.99111825,0
6483,1,0,0.34444347,0
6484,1,1,0.3679797,1
6485,0,1,0.9742149,0
6486,0,0,0.19049802,1
6487,0,0,0.0071352525,1
6488,1,1,0.9938309,1
6489,1,1,0.9999962,1
6490,1,0,0.20801799,0
6491,1,1,0.9038049,1
6492,0,1,0.97223073,0
6493,1,1,0.9999999,1
6494,1,0,0.16052906,0
6495,1,1,0.97925514,1
6496,1,0,0.30388674,0
6497,0,0,0.12431929,1
6498,1,1,0.9742639,1
6499,1,1,0.99914575,1
6500,0,0,0.010944577,1
6501,0,1,0.9246196,0
6502,1,1,0.9998273,1
6503,1,1,0.99789256,1
6504,1,1,0.9892855,1
6505,1,1,0.5279859,1
6506,0,1,0.995037,0
6507,1,0,0.03135076,0
6508,1,1,0.99961627,1
6509,0,0,0.16885696,1
6510,0,0,0.18454698,1
6511,0,0,0.036493763,1
6512,1,1,0.99999833,1
6513,1,1,0.99969995,1
6514,0,0,0.09568695,1
6515,0,0,0.10585582,1
6516,1,1,0.9991204,1
6517,1,1,0.999995,1
6518,1,1,1.0,1
6519,1,1,1.0,1
6520,1,1,1.0,1
6521,1,1,0.9993917,1
6522,1,1,0.99805814,1
6523,0,0,0.114665605,1
6524,0,1,0.6367485,0
6525,1,1,0.9691787,1
6526,0,0,0.15707219,1
6527,1,1,0.9999994,1
6528,0,1,0.99369794,0
6529,0,0,0.107812636,1
6530,1,1,0.99865156,1
6531,1,1,0.99987566,1
6532,1,1,0.9939731,1
6533,0,1,0.41495812,0
6534,1,1,0.5124486,1
6535,0,1,0.98899186,0
6536,0,1,0.9998902,0
6537,0,1,0.5070796,0
6538,1,1,0.9999347,1
6539,1,1,0.8824279,1
6540,1,0,0.021927299,0
6541,0,0,0.17231107,1
6542,1,1,0.9999919,1
6543,1,1,1.0,1
6544,1,1,0.9996451,1
6545,1,0,0.055668924,0
6546,0,1,0.80746067,0
6547,1,0,0.063540444,0
6548,1,1,0.9999709,1
6549,1,1,0.99999964,1
6550,0,1,0.753648,0
6551,1,1,0.9999999,1
6552,0,0,0.08035747,1
6553,0,1,0.9238675,0
6554,1,0,0.1991522,0
6555,1,1,0.99999964,1
6556,0,1,0.9739189,0
6557,0,0,0.18982127,1
6558,0,0,0.08181271,1
6559,1,1,0.9999738,1
6560,1,1,1.0,1
6561,1,1,0.9871293,1
6562,1,1,0.47094953,1
6563,1,0,0.29997602,0
6564,0,0,0.3317689,1
6565,0,0,0.08601587,1
6566,0,1,1.0,0
6567,0,0,0.19406216,1
6568,0,1,0.43011743,0
6569,0,0,0.19429137,1
6570,1,0,0.031588882,0
6571,0,0,0.05374995,1
6572,1,1,0.3988454,1
6573,1,1,0.9999987,1
6574,0,1,0.9998741,0
6575,1,1,0.9993917,1
6576,1,1,0.9984269,1
6577,0,0,0.052037824,1
6578,1,1,1.0,1
6579,1,1,0.99991655,1
6580,0,1,0.54716164,0
6581,1,1,0.88483775,1
6582,0,1,0.91228,0
6583,0,0,0.15902139,1
6584,0,1,0.5610946,0
6585,1,0,0.044847906,0
6586,1,1,0.9781146,1
6587,0,0,0.11397346,1
6588,1,1,1.0,1
6589,1,0,0.06742378,0
6590,1,1,0.95814794,1
6591,0,0,0.026886744,1
6592,0,0,0.1899715,1
6593,0,1,0.99993074,0
6594,1,0,0.09401018,0
6595,1,0,0.11018359,0
6596,1,1,1.0,1
6597,1,1,0.9935743,1
6598,1,0,0.06650853,0
6599,1,1,0.9627082,1
6600,1,0,0.06273176,0
6601,0,1,1.0,0
6602,1,1,0.99967504,1
6603,0,1,0.98475236,0
6604,1,1,0.99999845,1
6605,1,0,0.018869255,0
6606,0,1,0.9996983,0
6607,1,1,1.0,1
6608,0,1,0.57666117,0
6609,0,0,0.32664722,1
6610,0,1,0.9695268,0
6611,0,1,0.99999774,0
6612,1,1,0.997414,1
6613,1,0,0.11221037,0
6614,1,1,0.99999857,1
6615,1,1,0.9999999,1
6616,1,0,0.04328485,0
6617,0,1,0.729086,0
6618,1,1,1.0,1
6619,1,1,1.0,1
6620,1,0,0.039676033,0
6621,0,0,0.026683092,1
6622,1,0,0.29401222,0
6623,1,1,0.87716144,1
6624,0,0,0.016466172,1
6625,1,1,0.9999585,1
6626,0,1,0.7814974,0
6627,1,1,0.8337311,1
6628,0,0,0.012503792,1
6629,0,1,0.9449947,0
6630,1,1,0.99999964,1
6631,0,1,0.48349598,0
6632,1,1,1.0,1
6633,1,1,0.9999982,1
6634,1,1,0.59455127,1
6635,0,1,0.9455002,0
6636,0,1,0.519826,0
6637,0,1,0.7148271,0
6638,0,1,0.9952448,0
6639,1,1,1.0,1
6640,0,1,0.9999654,0
6641,1,1,1.0,1
6642,0,1,0.61808914,0
6643,1,0,0.090735495,0
6644,1,1,0.5008545,1
6645,0,0,0.20737517,1
6646,0,0,0.14749378,1
6647,1,0,0.14627008,0
6648,0,1,0.4053016,0
6649,1,1,0.9999999,1
6650,1,1,1.0,1
6651,1,1,0.35846534,1
6652,0,0,0.30239108,1
6653,0,0,0.1098012,1
6654,1,1,0.9924666,1
6655,0,0,0.23846151,1
6656,0,1,0.84376645,0
6657,0,1,0.9998074,0
6658,1,1,0.6219428,1
6659,1,1,0.99997604,1
6660,0,1,0.7252596,0
6661,0,0,0.10809477,1
6662,1,1,0.92696756,1
6663,1,1,0.9999993,1
6664,1,1,0.99977654,1
6665,0,0,0.056966383,1
6666,0,1,0.99999917,0
6667,1,0,0.13506088,0
6668,1,1,0.9760608,1
6669,0,1,0.39729518,0
6670,0,1,0.53497696,0
6671,0,0,0.33529645,1
6672,0,0,0.11318691,1
6673,0,0,0.16667542,1
6674,1,1,1.0,1
6675,1,0,0.044806086,0
6676,1,1,0.9997063,1
6677,1,1,0.9999769,1
6678,0,1,0.98026204,0
6679,0,1,0.9999615,0
6680,0,0,0.11747085,1
6681,0,1,0.99989843,0
6682,1,1,0.44803378,1
6683,1,1,0.99279517,1
6684,0,1,0.68715787,0
6685,1,1,0.99984586,1
6686,1,1,0.6343734,1
6687,1,1,0.62983155,1
6688,0,1,0.47134495,0
6689,1,1,0.99615306,1
6690,1,1,0.99529994,1
6691,0,1,0.74627775,0
6692,1,1,0.99998224,1
6693,0,1,1.0,0
6694,0,0,0.28746766,1
6695,0,1,0.7292306,0
6696,0,1,0.91978675,0
6697,0,1,0.7552762,0
6698,1,1,0.98672616,1
6699,1,1,0.99771273,1
6700,1,1,0.99425864,1
6701,1,0,0.18498825,0
6702,0,1,0.997783,0
6703,0,0,0.091382094,1
6704,0,0,0.19821933,1
6705,0,1,0.4368623,0
6706,0,1,0.62309027,0
6707,0,1,0.9967397,0
6708,0,1,0.9601001,0
6709,0,1,0.6820975,0
6710,0,0,0.019087434,1
6711,1,1,0.9993513,1
6712,1,0,0.20055768,0
6713,1,1,1.0,1
6714,1,1,1.0,1
6715,1,1,0.99999976,1
6716,1,1,0.8990328,1
6717,1,0,0.026506122,0
6718,0,0,0.12885365,1
6719,1,1,0.9985758,1
6720,0,1,0.95430803,0
6721,0,0,0.011597362,1
6722,1,1,0.9988949,1
6723,1,1,1.0,1
6724,0,0,0.082475364,1
6725,1,0,0.020488555,0
6726,0,1,0.5854567,0
6727,0,0,0.32231262,1
6728,1,1,1.0,1
6729,1,0,0.023779985,0
6730,1,1,0.9986142,1
6731,0,0,0.05037733,1
6732,1,1,0.9999999,1
6733,1,1,0.47770643,1
6734,1,0,0.1229438,0
6735,0,1,0.3689171,0
6736,1,1,1.0,1
6737,1,1,0.99806195,1
6738,0,0,0.13724312,1
6739,0,1,0.80131465,0
6740,0,0,0.19042274,1
6741,0,1,0.9808576,0
6742,0,1,1.0,0
6743,1,1,0.9996057,1
6744,1,1,0.3671001,1
6745,1,1,0.9996338,1
6746,0,0,0.19223589,1
6747,0,1,0.9987081,0
6748,1,1,0.9968149,1
6749,1,1,0.9999999,1
6750,0,0,0.17967446,1
6751,1,0,0.0042069694,0
6752,0,0,0.21609424,1
6753,1,0,0.19574778,0
6754,0,1,0.3737615,0
6755,0,0,0.09833879,1
6756,1,1,0.9980544,1
6757,1,1,0.99807703,1
6758,1,1,0.63640964,1
6759,0,1,0.99925774,0
6760,1,0,0.22893131,0
6761,1,1,0.9999398,1
6762,1,1,0.99995303,1
6763,1,1,1.0,1
6764,0,0,0.0015041126,1
6765,1,0,0.041191436,0
6766,1,0,0.11471518,0
6767,1,1,0.99991906,1
6768,0,0,0.34334174,1
6769,0,1,0.9999374,0
6770,0,0,0.07821887,1
6771,1,0,0.017160231,0
6772,0,0,0.014199682,1
6773,1,1,0.9999994,1
6774,0,0,0.33633107,1
6775,1,1,0.99970347,1
6776,1,1,0.99997604,1
6777,0,1,0.82375413,0
6778,1,1,0.7464625,1
6779,1,1,0.95305705,1
6780,1,1,0.9999944,1
6781,1,0,0.23405632,0
6782,1,1,0.9999963,1
6783,1,1,1.0,1
6784,0,1,0.3918713,0
6785,1,1,0.99999976,1
6786,1,1,1.0,1
6787,1,1,1.0,1
6788,1,1,0.9999993,1
6789,1,1,1.0,1
6790,0,1,0.95806944,0
6791,0,0,0.05424881,1
6792,1,1,1.0,1
6793,0,0,0.06383161,1
6794,1,1,1.0,1
6795,1,0,0.16885696,0
6796,0,0,0.3110082,1
6797,1,1,0.99999964,1
6798,0,0,0.17356819,1
6799,0,0,0.09276993,1
6800,0,0,0.06489012,1
6801,1,0,0.005609132,0
6802,0,1,0.36755398,0
6803,0,1,0.91730267,0
6804,0,0,0.13358468,1
6805,0,0,0.049176436,1
6806,1,1,1.0,1
6807,0,1,0.46177518,0
6808,1,1,0.99999917,1
6809,1,1,0.9996345,1
6810,1,1,0.6021201,1
6811,1,1,0.9605466,1
6812,1,0,0.30213365,0
6813,1,0,0.14432967,0
6814,1,1,0.9959849,1
6815,0,0,0.17245041,1
6816,1,0,0.049958523,0
6817,0,0,0.06693421,1
6818,0,1,0.99983263,0
6819,1,1,0.99999976,1
6820,1,0,0.18937114,0
6821,1,1,0.98199654,1
6822,0,0,0.26067168,1
6823,1,1,0.9999982,1
6824,0,1,0.35725912,0
6825,1,0,0.0077255345,0
6826,0,0,0.18010665,1
6827,0,1,0.9815244,0
6828,1,1,0.99999964,1
6829,0,0,0.15752526,1
6830,0,1,0.9555271,0
6831,1,1,0.9999993,1
6832,0,1,0.7364006,0
6833,0,1,0.9999329,0
6834,0,0,0.13828714,1
6835,1,1,0.9984084,1
6836,0,1,0.90657043,0
6837,0,0,0.08570927,1
6838,0,1,0.9067358,0
6839,1,0,0.0056309616,0
6840,1,1,0.92756045,1
6841,1,1,0.41985607,1
6842,0,0,0.29798043,1
6843,1,0,0.06244529,0
6844,0,1,0.84632385,0
6845,1,0,0.08210661,0
6846,1,1,0.99999976,1
6847,0,0,0.030243218,1
6848,0,1,0.7823301,0
6849,0,1,0.6077214,0
6850,1,1,0.9999976,1
6851,1,1,0.99999976,1
6852,1,1,0.9989034,1
6853,0,1,1.0,0
6854,0,1,0.55953074,0
6855,0,1,0.36506045,0
6856,0,1,0.9803374,0
6857,1,1,0.9983865,1
6858,1,1,0.99999547,1
6859,1,1,0.99999166,1
6860,0,1,0.89947516,0
6861,0,1,0.91550726,0
6862,1,1,1.0,1
6863,1,1,0.99999976,1
6864,1,1,0.7967673,1
6865,0,1,0.91693145,0
6866,1,0,0.04340633,0
6867,0,1,0.97678024,0
6868,0,1,0.999828,0
6869,1,0,0.28363255,0
6870,0,0,0.15733096,1
6871,1,1,0.9864938,1
6872,0,0,0.068537496,1
6873,0,0,0.06170614,1
6874,1,0,0.08359068,0
6875,1,1,0.80730873,1
6876,0,0,0.018422542,1
6877,0,1,0.9650533,0
6878,0,0,0.069289416,1
6879,0,0,0.16545825,1
6880,1,1,0.99999964,1
6881,1,0,0.2180027,0
6882,1,1,0.9999857,1
6883,0,0,0.12511882,1
6884,1,1,0.9999988,1
6885,0,0,0.26322043,1
6886,1,0,0.15687834,0
6887,0,1,0.9999918,0
6888,1,1,0.8247444,1
6889,0,0,0.059866417,1
6890,0,1,1.0,0
6891,0,0,0.04611975,1
6892,1,0,0.08050193,0
6893,0,0,0.09057448,1
6894,0,1,0.7436803,0
6895,0,0,0.1274353,1
6896,1,0,0.11616108,0
6897,0,1,0.9996207,0
6898,1,1,0.9962999,1
6899,1,1,0.96131647,1
6900,0,0,0.010489091,1
6901,1,0,0.2913336,0
6902,1,1,0.59455127,1
6903,1,1,1.0,1
6904,1,0,0.14977995,0
6905,1,1,0.9999882,1
6906,0,0,0.32428887,1
6907,1,1,0.99999976,1
6908,1,1,0.99979264,1
6909,1,1,1.0,1
6910,1,1,0.9999995,1
6911,1,1,1.0,1
6912,0,1,0.98087597,0
6913,0,1,0.99926203,0
6914,1,1,1.0,1
6915,0,0,0.3338832,1
6916,1,0,0.08787644,0
6917,0,1,0.9995802,0
6918,0,0,0.15285237,1
6919,0,0,0.12814279,1
6920,1,1,0.74181426,1
6921,1,1,1.0,1
6922,1,1,1.0,1
6923,1,0,0.19117662,0
6924,0,0,0.0672398,1
6925,0,0,0.18126321,1
6926,1,1,0.99854493,1
6927,0,0,0.29808256,1
6928,1,1,0.99751294,1
6929,0,1,0.60100824,0
6930,0,1,0.9509148,0
6931,1,1,0.9999995,1
6932,1,1,0.99999475,1
6933,1,0,0.03330537,0
6934,1,1,0.6229756,1
6935,1,1,1.0,1
6936,1,1,0.9943031,1
6937,1,1,1.0,1
6938,1,1,0.99999976,1
6939,1,1,0.9214283,1
6940,1,0,0.32782966,0
6941,0,1,0.4571973,0
6942,1,1,0.8017807,1
6943,1,1,0.99992716,1
6944,0,1,0.99097973,0
6945,1,0,0.04012495,0
6946,0,0,0.052037824,1
6947,0,1,0.97254544,0
6948,0,1,0.9746528,0
6949,1,1,0.9999995,1
6950,1,0,0.2168396,0
6951,1,1,0.7646281,1
6952,1,1,0.999908,1
6953,1,1,1.0,1
6954,0,1,0.9994105,0
6955,0,0,0.017242776,1
6956,1,0,0.23979414,0
6957,1,0,0.13150749,0
6958,0,0,0.19775413,1
6959,0,0,0.13951358,1
6960,1,1,0.88463855,1
6961,1,1,0.99783,1
6962,0,0,0.044597577,1
6963,1,1,1.0,1
6964,1,1,0.9999994,1
6965,1,0,0.32799113,0
6966,0,0,0.30393836,1
6967,1,1,0.5887118,1
6968,0,1,0.89029425,0
6969,1,1,0.74381983,1
6970,1,1,0.91928095,1
6971,0,1,0.9996486,0
6972,0,1,0.6771005,0
6973,1,1,0.94402224,1
6974,1,1,0.9999989,1
6975,1,1,1.0,1
6976,0,1,0.59372705,0
6977,0,0,0.04001227,1
6978,1,1,1.0,1
6979,1,1,0.9998273,1
6980,1,0,0.1067837,0
6981,0,0,0.010328152,1
6982,1,1,1.0,1
6983,1,1,0.9999995,1
6984,1,1,0.99495924,1
6985,0,0,0.12934773,1
6986,0,0,0.23731071,1
6987,1,1,0.99993074,1
6988,1,1,1.0,1
6989,0,0,0.021004366,1
6990,0,0,0.24608012,1
6991,0,1,0.5481293,0
6992,1,1,0.99999154,1
6993,0,0,0.04111437,1
6994,1,0,0.10194652,0
6995,1,1,1.0,1
6996,1,1,0.99991345,1
6997,0,0,0.3412531,1
6998,1,1,0.996682,1
6999,0,1,0.84733725,0
7000,1,1,0.99216896,1
7001,1,0,0.23563562,0
7002,0,0,0.015936995,1
7003,1,1,0.9981969,1
7004,0,1,0.6908199,0
7005,1,0,0.21403356,0
7006,0,1,0.9931363,0
7007,0,0,0.2913336,1
7008,1,1,0.9999821,1
7009,1,1,0.99999976,1
7010,1,1,1.0,1
7011,0,0,0.13341522,1
7012,0,0,0.062216975,1
7013,0,1,0.9888419,0
7014,1,1,0.99965405,1
7015,1,1,0.9998574,1
7016,0,0,0.17016298,1
7017,0,1,0.900267,0
7018,1,1,0.9923638,1
7019,0,1,0.9999181,0
7020,0,1,0.9979849,0
7021,0,1,0.40706822,0
7022,1,1,0.91452,1
7023,1,1,0.9994504,1
7024,1,0,0.20299561,0
7025,1,1,0.9045662,1
7026,0,1,0.6679604,0
7027,1,1,0.9979412,1
7028,1,0,0.22388572,0
7029,0,0,0.07843036,1
7030,1,1,0.64159083,1
7031,0,0,0.018869255,1
7032,1,1,0.9999988,1
7033,1,1,0.99999154,1
7034,1,1,1.0,1
7035,0,1,0.9983834,0
7036,1,1,0.9999964,1
7037,1,1,0.99999464,1
7038,0,0,0.07198163,1
7039,0,1,0.99999845,0
7040,0,1,0.48666698,0
7041,0,1,0.6984837,0
7042,0,1,0.64640445,0
7043,0,0,0.044472914,1
7044,1,1,0.99907815,1
7045,0,1,0.8153795,0
7046,0,0,0.06330841,1
7047,1,1,0.9990978,1
7048,1,1,1.0,1
7049,1,1,1.0,1
7050,1,0,0.07126734,0
7051,1,1,0.441673,1
7052,1,1,0.753376,1
7053,1,1,1.0,1
7054,1,1,0.9999763,1
7055,0,1,0.6715244,0
7056,0,1,0.6846331,0
7057,0,0,0.18148069,1
7058,1,1,0.99999964,1
7059,1,1,0.99653685,1
7060,0,0,0.026180506,1
7061,0,1,0.99980205,0
7062,0,0,0.22746935,1
7063,1,1,1.0,1
7064,1,1,0.99999905,1
7065,1,1,0.9808209,1
7066,0,1,0.9951514,0
7067,1,1,0.9999329,1
7068,1,0,0.11153119,0
7069,1,1,1.0,1
7070,0,1,0.94853723,0
7071,1,0,0.22970796,0
7072,1,1,0.9807473,1
7073,1,1,0.9999862,1
7074,0,1,0.46034953,0
7075,0,0,0.0069038384,1
7076,0,0,0.1488496,1
7077,1,1,0.99999976,1
7078,1,0,0.045948204,0
7079,0,0,0.24835183,1
7080,0,1,0.37983838,0
7081,1,0,0.011530388,0
7082,1,1,0.96606,1
7083,1,1,0.75319445,1
7084,1,0,0.286269,0
7085,0,0,0.098512106,1
7086,1,1,0.9342753,1
7087,1,1,1.0,1
7088,1,1,1.0,1
7089,0,1,0.49920654,0
7090,1,1,1.0,1
7091,1,1,0.9975514,1
7092,0,1,0.9978636,0
7093,1,0,0.0527164,0
7094,1,1,0.99997675,1
7095,0,1,0.999998,0
7096,1,0,0.03971326,0
7097,1,1,0.9532751,1
7098,0,1,0.99620515,0
7099,0,1,0.9591543,0
7100,0,0,0.05505607,1
7101,1,1,0.9983865,1
7102,0,0,0.20657375,1
7103,0,1,0.96820134,0
7104,0,1,0.8372211,0
7105,0,0,0.08173938,1
7106,1,0,0.012170629,0
7107,0,1,0.9999914,0
7108,0,1,0.97877365,0
7109,1,1,0.99999917,1
7110,0,0,0.31557775,1
7111,1,1,0.9996222,1
7112,1,1,0.9999999,1
7113,0,0,0.27649513,1
7114,0,0,0.066751465,1
7115,1,1,0.9990396,1
7116,0,1,0.42775524,0
7117,1,1,0.8118252,1
7118,0,0,0.120749526,1
7119,1,1,0.9999969,1
7120,0,0,0.24853417,1
7121,0,1,0.618262,0
7122,1,1,0.9654138,1
7123,1,1,0.47371808,1
7124,0,0,0.09492911,1
7125,1,1,0.992725,1
7126,1,1,0.99997723,1
7127,1,1,1.0,1
7128,1,1,0.99952996,1
7129,0,1,0.36296922,0
7130,0,0,0.010189338,1
7131,1,1,0.9992549,1
7132,1,1,1.0,1
7133,0,0,0.049176436,1
7134,0,0,0.06388999,1
7135,0,0,0.03581319,1
7136,1,1,0.9796482,1
7137,1,0,0.30167052,0
7138,0,0,0.124106824,1
7139,0,0,0.058830604,1
7140,0,1,0.9193534,0
7141,0,0,0.111434445,1
7142,1,1,1.0,1
7143,0,1,0.98871195,0
7144,0,1,0.6751759,0
7145,1,1,0.96961325,1
7146,1,0,0.023599295,0
7147,0,0,0.15222117,1
7148,0,1,0.93045825,0
7149,0,0,0.049176436,1
7150,0,0,0.28651848,1
7151,0,1,0.9857729,0
7152,1,0,0.28532216,0
7153,1,1,0.9999989,1
7154,1,1,1.0,1
7155,0,0,0.14675854,1
7156,1,1,0.99999666,1
7157,0,1,0.9999589,0
7158,1,1,0.99999857,1
7159,1,1,1.0,1
7160,1,1,0.99993956,1
7161,1,0,0.30424836,0
7162,1,0,0.08108211,0
7163,0,0,0.13506088,1
7164,0,1,0.45534995,0
7165,1,1,0.9999981,1
7166,1,0,0.04054074,0
7167,1,1,1.0,1
7168,1,1,0.99998546,1
7169,0,1,0.9991943,0
7170,0,0,0.009002837,1
7171,1,1,0.35883036,1
7172,0,1,0.9999969,0
7173,0,0,0.05218253,1
7174,1,1,0.9997851,1
7175,1,0,0.017359,0
7176,0,0,0.14535783,1
7177,1,1,1.0,1
7178,0,1,1.0,0
7179,0,1,0.99956685,0
7180,1,0,0.11636177,0
7181,1,0,0.21272227,0
7182,0,0,0.07942426,1
7183,0,1,0.40653795,0
7184,0,0,0.043977574,1
7185,1,1,0.9604726,1
7186,0,1,0.99424744,0
7187,0,1,0.9841851,0
7188,1,1,0.9999937,1
7189,0,1,0.999795,0
7190,1,1,1.0,1
7191,1,0,0.090896755,0
7192,0,0,0.15674922,1
7193,0,1,0.96472245,0
7194,1,1,0.99999976,1
7195,1,1,0.99990046,1
7196,0,0,0.28328544,1
7197,1,1,0.99999714,1
7198,0,0,0.054499876,1
7199,1,1,0.9997131,1
7200,0,1,0.99999964,0
7201,0,1,0.9370958,0
7202,1,1,0.9987527,1
7203,1,1,0.999984,1
7204,1,1,0.99998605,1
7205,1,1,0.49627692,1
7206,0,1,0.8345418,0
7207,0,1,0.99940586,0
7208,0,0,0.024076486,1
7209,0,0,0.056600258,1
7210,0,0,0.10771874,1
7211,0,0,0.096705794,1
7212,0,0,0.14414886,1
7213,1,1,0.7397046,1
7214,1,1,0.9938788,1
7215,1,1,0.988062,1
7216,0,0,0.09799298,1
7217,1,1,0.9981578,1
7218,0,0,0.090092994,1
7219,0,1,0.9948303,0
7220,1,1,0.43557134,1
7221,0,0,0.05098815,1
7222,0,1,0.98934746,0
7223,0,0,0.107250325,1
7224,1,1,1.0,1
7225,1,1,0.9999367,1
7226,1,1,1.0,1
7227,1,1,0.99888617,1
7228,0,0,0.09244169,1
7229,0,0,0.2881683,1
7230,1,1,0.9993773,1
7231,0,0,0.09833879,1
7232,1,1,1.0,1
7233,1,0,0.044597577,0
7234,0,1,0.4879174,0
7235,0,1,0.9452985,0
7236,0,1,0.9996026,0
7237,1,0,0.11757212,0
7238,0,0,0.050611433,1
7239,0,0,0.20418316,1
7240,1,1,0.94980925,1
7241,1,1,0.65406656,1
7242,1,1,0.77662295,1
7243,0,0,0.12929276,1
7244,0,1,0.9329437,0
7245,0,0,0.06301948,1
7246,1,1,0.99920684,1
7247,1,1,0.99999964,1
7248,1,1,0.9999269,1
7249,1,1,1.0,1
7250,1,0,0.07172112,0
7251,0,1,0.52822924,0
7252,1,1,0.99261135,1
7253,1,1,0.3749051,1
7254,1,1,0.9928231,1
7255,0,0,0.30918014,1
7256,1,1,0.99997747,1
7257,1,1,0.9533619,1
7258,1,1,0.9974191,1
7259,0,0,0.10771874,1
7260,0,0,0.3227394,1
7261,1,1,0.9999385,1
7262,1,1,0.56517875,1
7263,1,0,0.26654816,0
7264,0,0,0.20657375,1
7265,1,0,0.018725162,0
7266,1,1,0.60626537,1
7267,0,1,0.79502225,0
7268,0,0,0.26693016,1
7269,0,1,0.98792297,0
7270,0,1,0.8614217,0
7271,1,1,1.0,1
7272,1,1,0.8900078,1
7273,0,1,0.84156543,0
7274,0,0,0.28801808,1
7275,0,1,0.88059187,0
7276,1,0,0.008461998,0
7277,1,1,0.999892,1
7278,1,1,1.0,1
7279,1,1,0.99948573,1
7280,0,0,0.026708465,1
7281,1,1,0.9997981,1
7282,1,1,0.99999976,1
7283,0,0,0.038502328,1
7284,0,0,0.05266766,1
7285,1,1,0.99999976,1
7286,0,1,0.97966766,0
7287,1,0,0.16545825,0
7288,1,1,0.94834626,1
7289,1,1,0.99999845,1
7290,1,1,0.9999039,1
7291,1,1,0.7578839,1
7292,1,1,0.9899671,1
7293,0,0,0.03237491,1
7294,1,1,0.9999821,1
7295,0,1,0.44960406,0
7296,1,1,0.9999237,1
7297,1,0,0.09426001,0
7298,0,0,0.085785836,1
7299,0,1,0.9810765,0
7300,0,0,0.3149453,1
7301,0,1,0.99999404,0
7302,1,1,0.9999249,1
7303,1,1,0.9990978,1
7304,0,0,0.27629983,1
7305,1,1,1.0,1
7306,1,1,0.9534488,1
7307,0,0,0.11992252,1
7308,0,0,0.061143138,1
7309,0,1,0.99846625,0
7310,0,1,0.41629228,0
7311,1,1,0.9999968,1
7312,0,0,0.3176379,1
7313,0,1,0.98844737,0
7314,0,0,0.073098525,1
7315,1,1,0.9999788,1
7316,1,1,0.76882,1
7317,0,0,0.011331754,1
7318,0,0,0.33480692,1
7319,0,0,0.018457891,1
7320,1,1,1.0,1
7321,0,1,0.7475238,0
7322,0,0,0.16271237,1
7323,1,1,0.9999951,1
7324,1,1,1.0,1
7325,0,1,0.8097278,0
7326,1,1,0.7415804,1
7327,1,0,0.13150749,0
7328,1,1,1.0,1
7329,1,1,0.81815636,1
7330,1,1,0.9999708,1
7331,1,1,1.0,1
7332,0,0,0.005685907,1
7333,0,0,0.009652304,1
7334,0,1,0.9994461,0
7335,1,1,0.99999857,1
7336,0,1,0.9116528,0
7337,1,1,0.9951041,1
7338,1,1,0.682415,1
7339,1,1,0.9999933,1
7340,1,1,0.9988796,1
7341,1,1,0.99999785,1
7342,0,1,0.44206437,0
7343,1,1,0.9999337,1
7344,1,1,0.99988985,1
7345,1,0,0.009670993,0
7346,1,1,0.99999,1
7347,1,1,0.99921453,1
7348,1,1,1.0,1
7349,1,1,0.9867005,1
7350,1,1,0.7152251,1
7351,1,1,0.99999964,1
7352,0,1,0.99807703,0
7353,0,1,0.992349,0
7354,1,1,0.99994004,1
7355,0,0,0.07369626,1
7356,1,0,0.080574244,0
7357,1,1,0.99997795,1
7358,1,1,0.37093723,1
7359,1,1,1.0,1
7360,1,1,0.98272413,1
7361,0,1,0.8878869,0
7362,1,1,0.99945253,1
7363,0,0,0.06030764,1
7364,0,1,0.9999995,0
7365,1,1,0.99964094,1
7366,1,1,0.6603367,1
7367,0,1,0.41442478,0
7368,1,1,0.99996305,1
7369,0,1,0.9995851,0
7370,1,1,0.99929166,1
7371,0,1,0.38217026,0
7372,0,1,0.99648935,0
7373,1,1,0.9997942,1
7374,0,1,0.97009856,0
7375,1,1,1.0,1
7376,1,0,0.1056711,0
7377,1,1,0.99999964,1
7378,0,1,0.7550053,0
7379,1,1,0.98846966,1
7380,0,1,0.551151,0
7381,0,1,0.40618464,0
7382,0,0,0.07290027,1
7383,1,1,0.82147413,1
7384,0,0,0.0074751205,1
7385,1,0,0.15565515,0
7386,1,1,0.9999993,1
7387,1,1,0.9997631,1
7388,0,1,0.9793738,0
7389,0,0,0.118998006,1
7390,1,1,0.99999416,1
7391,1,0,0.14294825,0
7392,0,0,0.06435884,1
7393,0,1,0.9351691,0
7394,1,1,0.9904959,1
7395,0,1,0.99999523,0
7396,0,0,0.07578975,1
7397,1,1,0.99999976,1
7398,1,1,1.0,1
7399,1,1,0.9790558,1
7400,0,0,0.024353383,1
7401,0,0,0.01627746,1
7402,0,1,0.99999976,0
7403,0,0,0.256832,1
7404,0,1,0.42447162,0
7405,1,1,0.9805248,1
7406,0,1,0.99929726,0
7407,0,0,0.118385084,1
7408,1,1,0.9948803,1
7409,0,0,0.108850285,1
7410,1,1,0.96612394,1
7411,1,1,0.7665559,1
7412,1,0,0.027585285,0
7413,1,1,0.99999976,1
7414,1,1,0.58516043,1
7415,1,1,1.0,1
7416,1,1,0.9990978,1
7417,0,1,0.9999883,0
7418,0,1,0.8224745,0
7419,0,1,0.99939644,0
7420,0,0,0.11289317,1
7421,1,0,0.2502709,0
7422,1,1,0.9992387,1
7423,0,0,0.057864826,1
7424,1,1,0.9990396,1
7425,0,0,0.11910043,1
7426,0,1,0.97396845,0
7427,1,1,0.9530133,1
7428,0,0,0.035344075,1
7429,1,0,0.0010628868,0
7430,1,1,0.98527133,1
7431,0,0,0.13945496,1
7432,0,0,0.016215032,1
7433,0,1,0.9999908,0
7434,1,1,0.98175323,1
7435,1,1,0.99986446,1
7436,1,1,1.0,1
7437,0,1,0.9999927,0
7438,1,1,0.99968064,1
7439,1,1,0.9707155,1
7440,0,1,0.35919553,0
7441,1,1,0.9999428,1
7442,1,1,0.99106663,1
7443,1,1,1.0,1
7444,0,1,0.3994602,0
7445,1,1,1.0,1
7446,1,0,0.30440342,0
7447,0,0,0.019512547,1
7448,1,1,0.9993424,1
7449,0,0,0.047425874,1
7450,0,0,0.056652427,1
7451,1,0,0.17231107,0
7452,0,1,0.96820134,0
7453,1,1,0.99994695,1
7454,1,1,0.99998367,1
7455,1,1,0.9827572,1
7456,1,1,0.9234544,1
7457,1,1,0.9458012,1
7458,1,1,0.999995,1
7459,0,1,0.999688,0
7460,1,1,0.9742639,1
7461,1,0,0.07250525,0
7462,0,0,0.30213365,1
7463,0,1,0.7252596,0
7464,1,1,0.9999962,1
7465,1,0,0.026230346,0
7466,0,1,0.9254324,0
7467,0,1,0.64774257,0
7468,0,1,0.3726764,0
7469,1,1,1.0,1
7470,1,1,1.0,1
7471,1,1,0.99722075,1
7472,1,1,1.0,1
7473,0,0,0.12002561,1
7474,0,1,0.99999833,0
7475,1,1,0.9999999,1
7476,0,1,0.9926542,0
7477,1,1,0.97773504,1
7478,1,1,0.9999976,1
7479,1,1,0.99996996,1
7480,1,1,1.0,1
7481,1,0,0.17809658,0
7482,1,1,1.0,1
7483,0,0,0.22884513,1
7484,0,1,0.9852997,0
7485,1,0,0.058185086,0
7486,1,0,0.07978202,0
7487,0,0,0.0035038227,1
7488,1,0,0.01433703,0
7489,1,1,0.9999993,1
7490,0,1,0.9531008,0
7491,1,1,1.0,1
7492,0,1,0.6470737,0
7493,0,0,0.11027936,1
7494,0,0,0.05649606,1
7495,0,1,0.46490157,0
7496,1,1,1.0,1
7497,0,0,0.04624881,1
7498,1,1,0.9999999,1
7499,0,1,0.7162682,0
7500,0,1,0.97819793,0
7501,1,0,0.053304683,0
7502,1,1,1.0,1
7503,0,0,0.15342228,1
7504,1,0,0.14300808,0
7505,1,1,0.9996338,1
7506,1,0,0.10970577,0
7507,0,0,0.27352586,1
7508,1,1,0.9960776,1
7509,0,1,0.99297464,0
7510,1,1,0.99865675,1
7511,0,0,0.3022881,1
7512,1,1,0.9907141,1
7513,0,1,0.99999166,0
7514,0,1,1.0,0
7515,1,0,0.17795369,0
7516,0,1,0.9990188,0
7517,0,1,0.96295285,0
7518,1,0,0.10511863,0
7519,0,0,0.086632065,1
7520,1,0,0.17168525,0
7521,0,0,0.04650795,1
7522,1,0,0.045479592,0
7523,1,0,0.020332353,0
7524,0,0,0.35003245,1
7525,1,0,0.098079324,0
7526,0,0,0.074500255,1
7527,0,1,0.99835795,0
7528,1,1,0.99992394,1
7529,0,1,0.3878642,0
7530,1,1,0.9983675,1
7531,1,1,0.99994636,1
7532,0,1,0.79975533,0
7533,1,1,1.0,1
7534,1,1,0.99999404,1
7535,1,1,1.0,1
7536,1,1,0.9999999,1
7537,0,0,0.2936576,1
7538,1,1,0.89533985,1
7539,0,1,0.40703875,0
7540,0,1,0.82161736,0
7541,1,1,1.0,1
7542,0,0,0.02118586,1
7543,1,1,0.46174484,1
7544,1,1,1.0,1
7545,0,1,0.9976993,0
7546,0,1,0.6571535,0
7547,1,1,0.8255897,1
7548,1,0,0.017593754,0
7549,1,1,0.991339,1
7550,0,0,0.1676952,1
7551,0,1,0.9994081,0
7552,1,1,0.999905,1
7553,0,1,0.99965537,0
7554,0,1,0.42614248,0
7555,0,1,0.7995989,0
7556,1,1,0.99999714,1
7557,0,1,0.66263276,0
7558,0,0,0.02748069,1
7559,1,0,0.0033439077,0
7560,0,0,0.07592667,1
7561,1,1,0.9999999,1
7562,1,1,0.94287604,1
7563,1,1,0.9911355,1
7564,0,1,0.98926485,0
7565,0,1,0.9144437,0
7566,0,0,0.23713401,1
7567,1,1,0.90105337,1
7568,0,0,0.077030234,1
7569,0,0,0.30290633,1
7570,1,1,0.71248233,1
7571,1,1,0.9981505,1
7572,1,1,0.9944559,1
7573,0,0,0.15034041,1
7574,1,1,0.39169675,1
7575,0,1,0.9928647,0
7576,1,0,0.011222865,0
7577,1,1,0.9997241,1
7578,1,1,0.42957893,1
7579,1,1,0.9996451,1
7580,1,1,0.9999999,1
7581,0,0,0.12830654,1
7582,1,1,1.0,1
7583,1,1,0.9962565,1
7584,0,0,0.3043,1
7585,1,1,0.6486333,1
7586,1,0,0.12033541,0
7587,0,0,0.12683924,1
7588,1,0,0.049405243,0
7589,1,1,0.99999976,1
7590,1,0,0.10167862,0
7591,0,1,0.9617499,0
7592,0,1,0.99967754,0
7593,1,1,0.9997378,1
7594,0,1,0.99428093,0
7595,0,0,0.04054074,1
7596,1,1,1.0,1
7597,0,1,0.999961,0
7598,0,0,0.03173859,1
7599,1,1,0.77398604,1
7600,0,0,0.08464396,1
7601,0,0,0.244363,1
7602,1,1,0.9985702,1
7603,1,1,0.9727014,1
7604,0,0,0.07661468,1
7605,0,1,0.9680808,0
7606,0,1,0.98998636,0
7607,1,1,0.9763782,1
7608,1,1,0.9999621,1
7609,1,1,0.48572165,1
7610,1,1,0.9999994,1
7611,1,1,1.0,1
7612,1,1,1.0,1
7613,1,0,0.11008789,0
7614,0,1,0.9230392,0
7615,0,1,0.82375413,0
7616,1,1,0.97682446,1
7617,0,0,0.19814174,1
7618,1,1,0.96606,1
7619,1,0,0.03659692,0
7620,0,1,0.9999999,0
7621,0,1,0.8912444,0
7622,0,1,0.9888419,0
7623,0,0,0.24238493,1
7624,1,1,0.98498523,1
7625,0,1,0.91321325,0
7626,1,1,0.982031,1
7627,0,0,0.0212264,1
7628,0,0,0.15367614,1
7629,1,1,0.9704367,1
7630,1,1,0.98469365,1
7631,1,1,0.99687636,1
7632,0,1,0.9962565,0
7633,1,1,0.9955576,1
7634,0,1,0.99971145,0
7635,1,1,0.99936503,1
7636,1,1,0.7348337,1
7637,1,1,0.9588471,1
7638,0,0,0.015543648,1
7639,0,1,0.7535573,0
7640,1,1,0.92617035,1
7641,1,0,0.108283214,0
7642,1,1,0.852813,1
7643,0,0,0.25155574,1
7644,1,1,0.9726495,1
7645,0,1,0.9747971,0
7646,1,1,0.9535353,1
7647,1,1,0.9987031,1
7648,1,1,1.0,1
7649,1,0,0.01042845,0
7650,1,0,0.30156767,0
7651,0,1,0.97664696,0
7652,1,1,0.9984633,1
7653,0,1,0.9691495,0
7654,1,1,1.0,1
7655,0,1,0.72189033,0
7656,0,0,0.015543648,1
7657,0,0,0.027874898,1
7658,1,1,0.9997098,1
7659,1,1,0.9999814,1
7660,0,0,0.17342815,1
7661,1,1,0.38601097,1
7662,1,0,0.049130786,0
7663,1,1,0.9999957,1
7664,1,1,0.9999269,1
7665,1,1,0.9989287,1
7666,1,0,0.15285237,0
7667,0,1,0.86408126,0
7668,1,0,0.32664722,0
7669,0,0,0.099382766,1
7670,0,1,0.98123896,0
7671,1,1,1.0,1
7672,1,1,0.4793818,1
7673,1,1,0.9381806,1
7674,1,1,0.9999999,1
7675,0,1,0.96267307,0
7676,0,1,0.99720997,0
7677,0,1,0.7946241,0
7678,0,1,0.89143354,0
7679,1,1,0.99999917,1
7680,0,0,0.08471965,1
7681,0,1,0.9999759,0
7682,1,0,0.08042967,0
7683,0,0,0.082475364,1
7684,1,0,0.252845,0
7685,0,1,0.93127525,0
7686,0,0,0.19238758,1
7687,1,1,0.8694931,1
7688,0,1,0.988425,0
7689,0,1,0.9854124,0
7690,0,0,0.027716566,1
7691,1,1,0.99998105,1
7692,1,1,1.0,1
7693,0,0,0.28160313,1
7694,0,0,0.01836964,1
7695,0,1,0.64539933,0
7696,0,0,0.10257407,1
7697,0,1,0.585279,0
7698,0,1,0.9932156,0
7699,0,0,0.03400406,1
7700,1,0,0.04401865,0
7701,0,1,0.9091032,0
7702,1,0,0.021105006,0
7703,1,1,1.0,1
7704,1,0,0.0140907345,0
7705,1,1,0.9999567,1
7706,1,1,1.0,1
7707,0,1,0.4552894,0
7708,0,0,0.22962157,1
7709,0,1,0.44067985,0
7710,1,0,0.06760824,0
7711,0,1,0.9877823,0
7712,1,0,0.008108984,0
7713,0,1,0.78091323,0
7714,0,0,0.0595922,1
7715,0,1,0.64539933,0
7716,1,1,0.76594365,1
7717,1,1,0.5664383,1
7718,1,0,0.27187952,0
7719,0,0,0.07921033,1
7720,0,1,0.9637117,0
7721,1,1,0.49459857,1
7722,0,1,0.6178009,0
7723,0,0,0.028652672,1
7724,1,0,0.1474324,0
7725,0,0,0.17106119,1
7726,1,1,0.99613816,1
7727,1,1,1.0,1
7728,1,0,0.029929746,0
7729,1,0,0.0022562398,0
7730,0,0,0.048047364,1
7731,0,1,0.9904591,0
7732,0,0,0.1603975,1
7733,1,1,1.0,1
7734,1,1,0.5682961,1
7735,0,0,0.060363002,1
7736,0,1,0.5626572,0
7737,0,1,0.84733725,0
7738,1,1,0.95755655,1
7739,1,1,0.38127714,1
7740,0,0,0.059646945,1
7741,1,1,0.9825575,1
7742,1,0,0.010248602,0
7743,0,1,0.9993687,0
7744,0,1,0.8168451,0
7745,0,1,0.9049869,0
7746,0,0,0.045479592,1
7747,0,0,0.15367614,1
7748,0,0,0.1826441,1
7749,0,0,0.21428008,1
7750,0,1,0.46733177,0
7751,1,1,0.9999931,1
7752,1,0,0.07531231,0
7753,0,0,0.18111832,1
7754,1,1,0.99178034,1
7755,0,0,0.027901374,1
7756,0,1,0.8969756,0
7757,1,1,0.9796482,1
7758,0,0,0.000104317325,1
7759,0,0,0.17695588,1
7760,1,1,0.90998703,1
7761,1,1,0.9994917,1
7762,0,1,0.99779594,0
7763,1,1,0.9999994,1
7764,1,0,0.11506276,0
7765,0,1,0.881513,0
7766,0,0,0.024353383,1
7767,1,1,0.995523,1
7768,0,0,0.15823938,1
7769,1,0,0.21036048,0
7770,0,1,0.9906961,0
7771,1,1,0.9999995,1
7772,1,1,0.828523,1
7773,1,1,0.42957893,1
7774,0,1,0.7106785,0
7775,1,1,0.5699125,1
7776,1,1,1.0,1
7777,1,1,0.93611,1
7778,0,0,0.1765296,1
7779,0,0,0.074365705,1
7780,0,0,0.3154723,1
7781,1,0,0.074164286,0
7782,1,1,0.99995375,1
7783,1,1,0.9999999,1
7784,1,0,0.11696559,0
7785,1,1,0.9999994,1
7786,0,0,0.063540444,1
7787,1,1,0.99999845,1
7788,0,1,0.6847386,0
7789,1,1,0.99999905,1
7790,0,1,0.7715854,0
7791,0,1,0.52482086,0
7792,0,0,0.07531231,1
7793,1,1,1.0,1
7794,1,1,0.5196432,1
7795,1,1,0.99968314,1
7796,0,1,0.99999523,0
7797,1,1,1.0,1
7798,0,1,0.90515476,0
7799,0,0,0.13189834,1
7800,0,0,0.040616777,1
7801,0,0,0.024516337,1
7802,1,1,0.9875444,1
7803,0,0,0.055720285,1
7804,1,1,0.874292,1
7805,0,1,1.0,0
7806,0,0,0.3217796,1
7807,1,1,0.99999964,1
7808,0,1,0.9067358,0
7809,0,1,0.8646537,0
7810,1,0,0.10771874,0
7811,0,0,0.053700306,1
7812,1,1,0.5663184,1
7813,1,1,1.0,1
7814,1,1,1.0,1
7815,0,0,0.30177343,1
7816,0,1,0.9500878,0
7817,0,0,0.0028449094,1
7818,0,0,0.04488975,1
7819,1,1,0.9936733,1
7820,1,1,1.0,1
7821,1,1,0.8844391,1
7822,1,0,0.05379964,0
7823,1,1,0.98667485,1
7824,0,0,0.10790661,1
7825,0,0,0.090735495,1
7826,0,1,0.9999883,0
7827,0,0,0.099120855,1
7828,0,0,0.004223366,1
7829,0,1,0.9503189,0
7830,1,1,0.99999964,1
7831,1,1,0.9620719,1
7832,0,0,0.18184364,1
7833,0,1,0.4330821,0
7834,1,1,0.99994934,1
7835,1,0,0.10008423,0
7836,1,0,0.013402403,0
7837,1,0,0.337149,0
7838,1,0,0.067056276,0
7839,0,1,0.9998832,0
7840,1,0,0.02368947,0
7841,1,0,0.055566337,0
7842,0,1,0.99993646,0
7843,1,1,0.7858021,1
7844,0,0,0.33944437,1
7845,1,0,0.31210786,0
7846,0,0,0.10167862,1
7847,1,1,0.9999995,1
7848,1,1,1.0,1
7849,1,1,1.0,1
7850,1,1,0.99979097,1
7851,1,0,0.041539967,0
7852,0,1,0.5808871,0
7853,1,1,0.98971164,1
7854,1,1,1.0,1
7855,1,0,0.03378023,0
7856,0,0,0.14223188,1
7857,1,1,1.0,1
7858,0,0,0.06742378,1
7859,1,1,0.99306935,1
7860,1,1,0.99999976,1
7861,1,1,0.9134452,1
7862,1,0,0.124905184,0
7863,1,1,0.92366123,1
7864,1,0,0.058884703,0
7865,1,1,1.0,1
7866,1,1,0.8275496,1
7867,0,0,0.15495054,1
7868,1,1,0.9565531,1
7869,1,1,1.0,1
7870,1,1,0.63844085,1
7871,1,1,0.48523378,1
7872,0,1,0.66099346,0
7873,1,1,0.9999752,1
7874,0,0,0.057652235,1
7875,1,1,0.51031345,1
7876,1,1,0.8115267,1
7877,0,0,0.030357989,1
7878,1,1,1.0,1
7879,1,1,0.99999785,1
7880,1,0,0.25082102,0
7881,0,0,0.14928317,1
7882,1,0,0.020547435,0
7883,0,0,0.09560247,1
7884,1,0,0.064830884,0
7885,1,1,0.99999976,1
7886,1,1,0.9999249,1
7887,0,0,0.0090377545,1
7888,1,0,0.026355354,0
7889,0,0,0.13034077,1
7890,1,1,0.99740905,1
7891,0,1,0.9142907,0
7892,1,1,0.9978173,1
7893,0,0,0.18366683,1
7894,1,1,1.0,1
7895,1,1,0.99997413,1
7896,0,1,0.97836393,0
7897,1,0,0.12002561,0
7898,0,0,0.038430087,1
7899,0,0,0.16291203,1
7900,1,1,0.973519,1
7901,0,1,0.5456489,0
7902,0,0,0.020626193,1
7903,0,1,0.99999094,0
7904,1,1,0.9869544,1
7905,0,0,0.014227045,1
7906,1,1,0.9999995,1
7907,1,1,0.93651766,1
7908,1,1,0.9999864,1
7909,0,1,0.4401684,0
7910,1,1,0.91212356,1
7911,1,1,0.8782099,1
7912,0,0,0.017917344,1
7913,1,1,0.9999292,1
7914,0,0,0.09721884,1
7915,1,1,0.99999976,1
7916,1,0,0.17356819,0
7917,1,1,0.8988553,1
7918,1,1,0.9999367,1
7919,0,1,0.99991655,0
7920,0,0,0.043163683,1
7921,1,1,1.0,1
7922,0,1,0.89991575,0
7923,0,1,0.99846625,0
7924,1,1,0.94138527,1
7925,1,1,0.63221896,1
7926,0,1,0.999129,0
7927,0,0,0.087720014,1
7928,0,0,0.19667186,1
7929,0,0,0.20858167,1
7930,0,1,0.9999448,0
7931,1,1,0.99933845,1
7932,0,0,0.020023443,1
7933,1,1,0.9780727,1
7934,0,0,0.0586686,1
7935,0,0,0.33605862,1
7936,0,1,0.6446167,0
7937,1,1,0.9999782,1
7938,0,1,1.0,0
7939,1,1,0.99999976,1
7940,0,0,0.16566059,1
7941,1,0,0.08756384,0
7942,0,1,0.5652388,0
7943,0,1,0.9999877,0
7944,1,1,0.55700207,1
7945,1,1,0.999998,1
7946,1,0,0.023109278,0
7947,1,0,0.035078675,0
7948,0,1,0.6456228,0
7949,0,0,0.24310295,1
7950,1,1,0.76073956,1
7951,0,1,0.83960253,0
7952,0,1,0.9999374,0
7953,1,1,0.9831661,1
7954,0,0,0.009821794,1
7955,0,1,0.65946,0
7956,1,1,0.9996953,1
7957,0,1,0.9926399,0
7958,1,1,0.9999926,1
7959,1,1,1.0,1
7960,1,1,0.99979097,1
7961,1,0,0.25219983,0
7962,1,1,0.65704346,1
7963,0,1,0.3579602,0
7964,0,0,0.06742378,1
7965,0,0,0.13609089,1
7966,0,1,0.9899671,0
7967,1,1,1.0,1
7968,0,1,0.6474082,0
7969,0,0,0.05345272,1
7970,1,1,0.99948776,1
7971,0,1,0.7653304,0
7972,0,0,0.10687689,1
7973,0,0,0.013558245,1
7974,1,1,0.9999274,1
7975,1,0,0.25349125,0
7976,1,1,0.9908213,1
7977,1,0,0.05749328,0
7978,1,1,0.66121227,1
7979,0,0,0.00198004,1
7980,0,0,0.03750274,1
7981,0,0,0.00902028,1
7982,1,1,1.0,1
7983,1,0,0.2894721,0
7984,0,1,0.9926399,0
7985,1,1,0.99372226,1
7986,0,1,0.99977916,0
7987,1,1,0.43119493,1
7988,0,1,0.82796735,0
7989,1,1,0.9999852,1
7990,1,1,1.0,1
7991,0,0,0.09687654,1
7992,1,1,0.9885361,1
7993,1,1,0.9967269,1
7994,1,1,0.98337495,1
7995,1,1,0.9999999,1
7996,1,1,0.99990046,1
7997,1,1,1.0,1
7998,1,1,0.8388118,1
7999,1,1,0.86373675,1
8000,1,1,0.78931487,1
8001,1,1,0.9798805,1
8002,0,1,0.76410043,0
8003,0,1,0.83575183,0
8004,0,0,0.16418117,1
8005,0,1,0.99945146,0
8006,1,1,0.9948001,1
8007,1,1,0.999828,1
8008,1,1,1.0,1
8009,1,1,0.9989309,1
8010,0,0,0.30167052,1
8011,0,0,0.047425874,1
8012,0,0,0.051319942,1
8013,1,1,0.99998915,1
8014,1,1,1.0,1
8015,1,1,1.0,1
8016,1,1,0.9982317,1
8017,0,1,0.9999994,0
8018,1,1,1.0,1
8019,0,1,0.83894384,0
8020,1,1,1.0,1
8021,1,0,0.13178657,0
8022,1,1,0.9999558,1
8023,0,1,0.99557483,0
8024,1,1,0.67539006,1
8025,1,1,1.0,1
8026,1,0,0.1800346,0
8027,1,0,0.043528132,0
8028,1,1,0.999997,1
8029,1,1,0.999572,1
8030,1,1,0.70896876,1
8031,1,1,0.9989329,1
8032,1,0,0.17924303,0
8033,1,0,0.24999616,0
8034,0,0,0.14499424,1
8035,1,0,0.08889936,0
8036,0,0,0.03807084,1
8037,1,1,1.0,1
8038,1,1,0.9999988,1
8039,0,0,0.033526164,1
8040,1,1,0.99999404,1
8041,1,1,1.0,1
8042,1,1,0.9999951,1
8043,0,1,0.41709337,0
8044,1,1,1.0,1
8045,0,1,0.99635005,0
8046,0,0,0.091382094,1
8047,0,1,0.9999943,0
8048,0,1,0.99986494,0
8049,1,0,0.21223202,0
8050,1,0,0.030100336,0
8051,0,0,0.25837275,1
8052,1,0,0.14390808,0
8053,1,1,0.8362874,1
8054,1,1,0.84758973,1
8055,0,0,0.11992252,1
8056,0,1,1.0,0
8057,1,1,1.0,1
8058,0,0,0.053353984,1
8059,1,1,0.9999995,1
8060,0,0,0.09401018,1
8061,1,1,1.0,1
8062,0,0,0.005587386,1
8063,0,1,0.6936286,0
8064,1,1,1.0,1
8065,1,1,0.4945376,1
8066,1,1,0.9965166,1
8067,0,0,0.05770532,1
8068,1,1,0.996557,1
8069,1,1,0.9999949,1
8070,0,1,0.57618433,0
8071,0,1,0.92441523,0
8072,0,1,0.61039543,0
8073,1,1,1.0,1
8074,1,1,0.9592689,1
8075,0,1,0.9999515,0
8076,1,1,0.99999976,1
8077,0,1,0.9992519,0
8078,1,1,0.3790623,1
8079,0,1,0.95934516,0
8080,0,1,0.42665005,0
8081,1,0,0.2168396,0
8082,1,0,0.18624303,0
8083,0,0,0.036734894,1
8084,0,0,0.10123348,1
8085,0,0,0.069226466,1
8086,0,1,0.9999994,0
8087,0,1,0.46019793,0
8088,0,1,0.98300374,0
8089,0,0,0.008745182,1
8090,1,1,0.9997981,1
8091,1,0,0.029340027,0
8092,0,0,0.10762492,1
8093,0,1,0.9966168,0
8094,1,1,0.9999999,1
8095,0,0,0.045141645,1
8096,1,1,0.99935,1
8097,1,1,0.4792295,1
8098,1,0,0.19216007,0
8099,0,1,0.54219675,0
8100,0,1,0.54177254,0
8101,0,0,0.028167473,1
8102,1,1,0.62869245,1
8103,1,1,0.9992889,1
8104,0,1,0.99998987,0
8105,1,1,0.89414424,1
8106,0,1,0.99979585,0
8107,0,0,0.028220985,1
8108,1,1,0.9999957,1
8109,1,1,1.0,1
8110,0,0,0.10484337,1
8111,0,0,0.02884354,1
8112,0,1,0.5616357,0
8113,0,0,0.03879259,1
8114,1,1,0.714379,1
8115,1,1,0.9999982,1
8116,1,1,1.0,1
8117,1,1,1.0,1
8118,0,0,0.013376604,1
8119,1,0,0.08381536,0
8120,1,1,0.9998859,1
8121,1,0,0.00024632958,0
8122,1,1,0.9199307,1
8123,0,1,0.8168451,0
8124,0,0,0.2247353,1
8125,1,1,0.99999845,1
8126,0,0,0.05374995,1
8127,1,1,0.9976769,1
8128,1,1,0.90657043,1
8129,1,0,0.07956719,0
8130,1,1,0.99997604,1
8131,1,0,0.09268777,0
8132,0,0,0.1744806,1
8133,1,1,0.99997747,1
8134,0,1,0.9949886,0
8135,0,1,0.999824,0
8136,0,1,0.43392152,0
8137,1,0,0.3228995,0
8138,1,1,0.9999926,1
8139,0,1,0.96131647,0
8140,1,0,0.026056305,0
8141,0,0,0.08173938,1
8142,1,1,0.98761624,1
8143,1,1,0.95418006,1
8144,0,0,0.0649494,1
8145,1,1,0.5343088,1
8146,0,0,0.1056711,1
8147,0,0,0.01243165,1
8148,1,1,0.99999917,1
8149,1,0,0.15367614,0
8150,0,0,0.022824407,1
8151,1,1,0.88602656,1
8152,0,0,0.023375314,1
8153,1,1,0.99990904,1
8154,1,1,0.999992,1
8155,1,1,0.99999774,1
8156,0,1,0.7354042,0
8157,1,1,0.9219921,1
8158,1,1,0.7465088,1
8159,0,1,0.98445636,0
8160,1,0,0.20299561,0
8161,0,0,0.0393425,1
8162,1,0,0.056913942,0
8163,1,1,1.0,1
8164,1,0,0.10311471,0
8165,0,0,0.03204008,1
8166,0,1,0.45816687,0
8167,0,1,0.8311431,0
8168,0,1,0.705024,0
8169,0,0,0.123947665,1
8170,0,0,0.19012183,1
8171,1,1,0.3613619,1
8172,1,1,1.0,1
8173,1,1,0.9998771,1
8174,1,0,0.1603975,0
8175,1,1,0.9109423,1
8176,0,1,0.9998416,0
8177,0,0,0.107250325,1
8178,1,1,0.99999523,1
8179,0,0,0.27081758,1
8180,0,0,0.035544395,1
8181,1,1,0.9994,1
8182,0,0,0.07107367,1
8183,1,0,0.11486404,0
8184,1,0,0.3198114,0
8185,1,1,0.936285,1
8186,1,1,0.9999994,1
8187,0,1,0.75904685,0
8188,0,1,0.7674286,0
8189,1,1,0.9537512,1
8190,0,0,0.01756003,1
8191,1,0,0.26227456,0
8192,1,1,1.0,1
8193,1,1,1.0,1
8194,1,1,0.8665848,1
8195,0,1,0.9740673,0
8196,1,1,0.99981624,1
8197,0,0,0.116261385,1
8198,1,1,0.46842584,1
8199,1,1,0.99994934,1
8200,1,1,0.99843913,1
8201,1,1,0.82796735,1
8202,0,0,0.04023794,1
8203,0,1,0.9302684,0
8204,1,1,0.9996302,1
8205,1,1,1.0,1
8206,1,1,1.0,1
8207,1,1,0.8782099,1
8208,0,0,0.008933403,1
8209,1,0,0.32439592,0
8210,1,1,0.95814794,1
8211,0,1,0.9315248,0
8212,1,1,0.8863221,1
8213,1,0,0.010071824,0
8214,1,0,0.26473835,0
8215,0,1,0.9712657,0
8216,0,1,0.44510737,0
8217,1,1,0.9999999,1
8218,0,0,0.16755892,1
8219,1,1,1.0,1
8220,1,1,1.0,1
8221,1,0,0.01964376,0
8222,1,1,0.99999964,1
8223,1,1,0.999959,1
8224,1,1,0.99871826,1
8225,1,0,0.020119479,0
8226,1,1,1.0,1
8227,0,0,0.044931643,1
8228,1,1,1.0,1
8229,0,0,0.31289464,1
8230,0,0,0.11726853,1
8231,1,1,0.9999362,1
8232,1,1,0.7719295,1
8233,0,1,0.43386152,0
8234,1,1,0.5101915,1
8235,0,1,0.98588216,0
8236,0,0,0.11279541,1
8237,1,1,1.0,1
8238,0,1,0.8559716,0
8239,1,1,0.99990606,1
8240,1,1,0.99980515,1
8241,0,1,0.9989556,0
8242,0,0,0.08210661,1
8243,1,1,0.9999871,1
8244,1,1,1.0,1
8245,1,1,0.999539,1
8246,1,0,0.31289464,0
8247,1,1,0.9997478,1
8248,1,1,0.9588471,1
8249,0,1,0.39283168,0
8250,0,1,0.6145675,0
8251,1,1,0.9999963,1
8252,0,0,0.2971639,1
8253,0,1,0.89209336,0
8254,1,1,0.999992,1
8255,1,1,0.99997246,1
8256,0,0,0.06418264,1
8257,1,1,0.9999721,1
8258,1,1,0.53291136,1
8259,1,1,1.0,1
8260,1,0,0.33535084,0
8261,0,0,0.039676033,1
8262,0,0,0.027350497,1
8263,1,0,0.29254478,0
8264,1,1,0.99746394,1
8265,1,1,0.972178,1
8266,1,0,0.12683924,0
8267,0,1,0.997285,0
8268,0,1,1.0,0
8269,1,1,0.99497885,1
8270,1,1,0.89982784,1
8271,1,1,1.0,1
8272,1,0,0.011463797,0
8273,1,1,0.99719906,1
8274,0,1,0.63934207,0
8275,1,0,0.047558397,0
8276,1,1,0.99999917,1
8277,1,1,1.0,1
8278,1,1,0.40174648,1
8279,0,0,0.1647851,1
8280,1,1,0.99998224,1
8281,0,0,0.12879884,1
8282,1,1,0.99999976,1
8283,0,0,0.036665846,1
8284,1,1,0.9999981,1
8285,0,1,0.98279023,0
8286,0,0,0.20497774,1
8287,1,1,0.8340017,1
8288,1,1,0.89414424,1
8289,1,1,0.999992,1
8290,0,1,0.9079672,0
8291,0,1,0.9996587,0
8292,1,1,1.0,1
8293,1,1,1.0,1
8294,1,1,1.0,1
8295,1,1,0.9969246,1
8296,1,1,0.9904221,1
8297,0,1,0.9999888,0
8298,0,0,0.0640069,1
8299,0,0,0.2295352,1
8300,1,1,0.7696867,1
8301,0,0,0.018923571,1
8302,1,1,0.9530133,1
8303,1,1,0.9951231,1
8304,0,0,0.18892181,1
8305,0,1,0.99428093,0
8306,1,1,0.99990046,1
8307,1,1,1.0,1
8308,1,1,0.6947688,1
8309,0,0,0.06170614,1
8310,1,1,0.7858021,1
8311,1,1,0.40145314,1
8312,1,1,0.9887771,1
8313,1,1,1.0,1
8314,1,1,0.9906961,1
8315,1,1,0.988108,1
8316,1,1,0.39840645,1
8317,0,1,0.7538293,0
8318,1,1,0.64372134,1
8319,0,1,0.98953116,0
8320,0,0,0.13381088,1
8321,0,0,0.05037733,1
8322,0,1,0.99965334,0
8323,0,1,0.99886864,0
8324,1,1,0.9987031,1
8325,1,1,1.0,1
8326,1,1,0.9999993,1
8327,1,0,0.22151904,0
8328,1,1,0.9962126,1
8329,1,0,0.027663978,0
8330,1,1,0.97121114,1
8331,1,1,0.90481883,1
8332,1,0,0.0570714,0
8333,1,1,0.3595328,1
8334,0,0,0.10167862,1
8335,1,1,1.0,1
8336,0,1,0.9999521,0
8337,0,1,0.98122096,0
8338,0,0,0.0073032235,1
8339,0,0,0.053849373,1
8340,1,1,0.99991417,1
8341,1,1,0.99881905,1
8342,1,1,1.0,1
8343,0,1,0.53193885,0
8344,1,1,0.36342093,1
8345,0,0,0.3380225,1
8346,1,0,0.14866413,0
8347,0,0,0.0014808279,1
8348,1,0,0.020371297,0
8349,0,1,0.5376483,0
8350,1,1,0.99999785,1
8351,1,1,1.0,1
8352,0,1,0.68452775,0
8353,0,1,0.49755862,0
8354,1,1,0.99996364,1
8355,0,0,0.273041,1
8356,1,1,1.0,1
8357,0,1,0.967163,0
8358,1,1,0.9967077,1
8359,1,1,0.999071,1
8360,1,0,0.18967113,0
8361,0,0,0.008745182,1
8362,0,0,0.07165614,1
8363,1,0,0.2351084,0
8364,0,1,0.38780624,0
8365,0,0,0.039750516,1
8366,1,1,0.98337495,1
8367,0,0,0.091544405,1
8368,0,0,0.011266296,1
8369,1,1,1.0,1
8370,1,1,0.9673795,1
8371,0,1,0.946051,0
8372,1,0,0.17909941,0
8373,0,0,0.009596454,1
8374,0,0,0.21983956,1
8375,1,1,0.99999547,1
8376,1,1,0.9999635,1
8377,0,1,0.87935406,0
8378,1,1,0.9999951,1
8379,1,1,0.9760608,1
8380,1,1,0.54698014,1
8381,0,1,0.98651993,0
8382,1,0,0.02973191,0
8383,0,1,0.40110123,0
8384,0,1,0.977132,0
8385,0,0,0.023397617,1
8386,0,1,0.98197925,0
8387,0,1,0.8224745,0
8388,0,1,0.9478657,0
8389,0,0,0.12721826,1
8390,1,1,1.0,1
8391,0,0,0.23292027,1
8392,0,1,0.95585793,0
8393,1,1,1.0,1
8394,0,0,0.12442563,1
8395,1,1,0.9999999,1
8396,1,1,0.9998233,1
8397,0,1,0.9986142,0
8398,0,0,0.09577148,1
8399,1,1,1.0,1
8400,1,1,0.5935504,1
8401,0,0,0.016979992,1
8402,1,1,0.9999814,1
8403,1,1,0.9999994,1
8404,1,1,0.93874466,1
8405,1,1,0.81286734,1
8406,1,1,0.99926645,1
8407,0,0,0.022286186,1
8408,0,0,0.12442563,1
8409,0,1,0.5535053,0
8410,1,1,0.66459477,1
8411,0,1,0.8269914,0
8412,1,1,0.9923193,1
8413,0,1,0.8130158,0
8414,1,1,1.0,1
8415,1,1,0.999998,1
8416,1,1,1.0,1
8417,1,1,0.9999999,1
8418,1,1,0.9604726,1
8419,1,1,0.9997192,1
8420,1,1,0.8775817,1
8421,0,1,0.5726033,0
8422,1,1,0.5927255,1
8423,0,1,0.9999311,0
8424,1,1,0.4756053,1
8425,0,0,0.016152835,1
8426,0,1,0.8932163,0
8427,1,1,0.9999908,1
8428,0,0,0.2507293,1
8429,1,1,1.0,1
8430,0,0,0.31132215,1
8431,0,1,0.9999995,0
8432,0,1,0.99999166,0
8433,0,1,0.99884856,0
8434,1,0,0.12002561,0
8435,1,1,0.99952435,1
8436,1,1,0.99880517,1
8437,1,1,0.92000264,1
8438,0,0,0.090092994,1
8439,1,1,1.0,1
8440,0,0,0.17981844,1
8441,1,1,0.99567693,1
8442,0,0,0.035914496,1
8443,0,1,0.9997316,0
8444,0,1,0.5169003,0
8445,0,1,1.0,0
8446,1,1,0.99998546,1
8447,1,1,0.4341014,1
8448,0,1,0.9999999,0
8449,1,1,0.99999976,1
8450,0,1,0.9449439,0
8451,1,1,0.9999883,1
8452,0,0,0.15921742,1
8453,1,1,0.9988531,1
8454,0,0,0.026330303,1
8455,1,0,0.04564947,0
8456,1,1,0.98819935,1
8457,0,1,0.52238494,0
8458,0,0,0.1673547,1
8459,1,0,0.0018102109,0
8460,0,1,1.0,0
8461,1,1,0.99090964,1
8462,0,1,0.8782099,0
8463,1,1,1.0,1
8464,0,1,0.99495924,0
8465,1,1,0.9999294,1
8466,0,1,0.99998486,0
8467,0,1,0.8769508,0
8468,0,0,0.1454792,1
8469,1,1,0.9609883,1
8470,1,1,0.95494246,1
8471,0,1,0.9999913,0
8472,0,0,0.05374995,1
8473,0,1,0.9999714,0
8474,1,1,0.98782945,1
8475,0,0,0.05754622,1
8476,0,0,0.074635044,1
8477,0,0,0.33993718,1
8478,1,1,1.0,1
8479,0,0,0.12874407,1
8480,0,1,0.64651597,0
8481,0,0,0.120957024,1
8482,0,1,0.7851439,0
8483,0,0,0.03746751,1
8484,0,1,0.4726835,0
8485,0,0,0.29915637,1
8486,1,1,0.94024336,1
8487,0,0,0.047913536,1
8488,1,1,0.9997209,1
8489,1,1,0.9999999,1
8490,0,1,0.49676517,0
8491,1,1,0.99993265,1
8492,0,0,0.028034119,1
8493,1,1,0.7797414,1
8494,0,1,0.595669,0
8495,0,0,0.15584776,1
8496,1,1,0.9999939,1
8497,0,1,0.9999821,0
8498,1,1,0.989791,1
8499,0,1,0.9999993,0
8500,1,1,0.99835795,1
8501,1,0,0.026056305,0
8502,1,1,0.9999999,1
8503,1,1,0.9999763,1
8504,0,1,0.9950755,0
8505,1,1,0.99909604,1
8506,1,1,0.9979966,1
8507,1,1,0.9986223,1
8508,1,1,0.9999231,1
8509,1,0,0.15034041,0
8510,0,0,0.14288844,1
8511,1,1,0.9999995,1
8512,1,1,0.99998844,1
8513,1,1,0.9316493,1
8514,1,1,0.9942697,1
8515,0,0,0.010776726,1
8516,1,0,0.006450608,0
8517,0,0,0.11848707,1
8518,1,1,0.43395147,1
8519,0,0,0.021615336,1
8520,1,1,0.43863487,1
8521,1,0,0.0705596,0
8522,0,0,0.107812636,1
8523,1,1,0.9992679,1
8524,1,0,0.2902762,0
8525,1,1,0.99783,1
8526,0,0,0.14984211,1
8527,0,0,0.14798562,1
8528,1,1,1.0,1
8529,1,1,0.9999999,1
8530,1,0,0.15335886,0
8531,1,1,0.99784684,1
8532,1,1,0.9427181,1
8533,1,1,0.9998293,1
8534,1,1,0.46845627,1
8535,1,1,0.9964619,1
8536,0,1,0.7239442,0
8537,1,1,0.98421544,1
8538,0,1,0.99999976,0
8539,0,0,0.07885492,1
8540,1,1,0.7780175,1
8541,1,1,0.99964714,1
8542,1,1,0.9907141,1
8543,1,1,1.0,1
8544,1,1,0.99997556,1
8545,0,0,0.048541088,1
8546,1,1,0.9932811,1
8547,0,1,0.99004436,0
8548,1,1,1.0,1
8549,0,0,0.047958106,1
8550,0,1,0.8025555,0
8551,1,1,0.52080095,1
8552,1,1,0.7691669,1
8553,1,1,1.0,1
8554,0,1,0.9997125,0
8555,1,1,0.99791294,1
8556,1,0,0.051893488,0
8557,0,1,0.78199726,0
8558,1,1,0.99987173,1
8559,1,1,0.9744591,1
8560,1,1,0.99996734,1
8561,1,1,0.99999833,1
8562,0,0,0.0077705807,1
8563,0,1,0.7356891,0
8564,0,0,0.1728689,1
8565,0,1,0.61254144,0
8566,1,1,0.99915075,1
8567,0,1,0.70639306,0
8568,1,1,0.61312073,1
8569,0,0,0.021307707,1
8570,1,1,0.9999863,1
8571,1,1,1.0,1
8572,1,1,0.97346866,1
8573,0,0,0.00071523245,1
8574,0,1,0.9991704,0
8575,1,1,0.99929166,1
8576,0,0,0.20995522,1
8577,1,1,1.0,1
8578,1,1,0.6854759,1
8579,1,0,0.14211279,0
8580,0,1,0.9999658,0
8581,0,0,0.33122793,1
8582,1,1,0.99936503,1
8583,1,1,0.9938548,1
8584,0,1,0.7791538,0
8585,1,1,0.8352149,1
8586,0,0,0.26274723,1
8587,1,1,1.0,1
8588,0,0,0.016721144,1
8589,1,0,0.040807478,0
8590,1,0,0.0053849383,0
8591,0,1,0.7644523,0
8592,0,1,0.9997347,0
8593,0,1,0.618838,0
8594,1,0,0.024376595,0
8595,0,1,0.7113808,0
8596,0,0,0.11636177,1
8597,0,1,0.984767,0
8598,1,1,1.0,1
8599,1,1,0.88413936,1
8600,0,1,0.9899087,0
8601,0,0,0.025468081,1
8602,0,0,0.085403666,1
8603,1,0,0.120490536,0
8604,1,1,1.0,1
8605,1,0,0.07146149,0
8606,1,1,0.9984207,1
8607,0,1,0.53673786,0
8608,0,0,0.022564495,1
8609,0,0,0.0028338498,1
8610,1,1,0.9998253,1
8611,0,1,0.99997246,0
8612,0,0,0.19117662,1
8613,1,1,1.0,1
8614,0,0,0.03321117,1
8615,0,1,0.99999547,0
8616,0,0,0.1464531,1
8617,0,0,0.04410091,1
8618,0,1,0.6933173,0
8619,1,1,0.9999993,1
8620,0,1,0.7032948,0
8621,0,0,0.091382094,1
8622,0,0,0.348368,1
8623,1,1,0.9998977,1
8624,0,1,0.59960234,0
8625,0,1,0.9593071,0
8626,1,1,0.9999931,1
8627,1,1,0.96076804,1
8628,0,1,0.95961094,0
8629,0,1,1.0,0
8630,0,1,0.53005403,0
8631,1,1,1.0,1
8632,1,1,0.99999905,1
8633,1,1,1.0,1
8634,1,1,0.97624266,1
8635,0,0,0.05179748,1
8636,1,1,0.7762839,1
8637,1,1,0.69008934,1
8638,1,0,0.33774942,0
8639,0,0,0.34191206,1
8640,0,1,0.4813624,0
8641,1,0,0.06884988,0
8642,1,1,0.9228308,1
8643,1,1,0.60539085,1
8644,1,1,0.4625034,1
8645,1,1,1.0,1
8646,0,1,0.7466935,0
8647,1,1,0.99971205,1
8648,0,0,0.26874945,1
8649,0,0,0.027014792,1
8650,1,1,0.9978173,1
8651,0,0,0.092196204,1
8652,1,0,0.006085737,0
8653,0,1,0.9996118,0
8654,1,1,1.0,1
8655,1,1,0.6582527,1
8656,0,1,0.9999646,0
8657,1,0,0.041075893,0
8658,0,1,0.5368593,0
8659,0,0,0.14602636,1
8660,1,1,0.99974185,1
8661,0,0,0.015906392,1
8662,1,1,1.0,1
8663,1,1,0.9999999,1
8664,0,1,0.76475984,0
8665,1,1,0.45810625,1
8666,1,1,0.99642736,1
8667,0,0,0.21133544,1
8668,0,1,1.0,0
8669,0,1,0.93158704,0
8670,1,1,1.0,1
8671,1,1,1.0,1
8672,1,1,0.8734309,1
8673,0,0,0.0034096355,1
8674,1,1,0.87191176,1
8675,1,1,1.0,1
8676,0,1,0.9999465,0
8677,0,1,0.9980506,0
8678,1,1,0.9999534,1
8679,1,1,0.9999988,1
8680,0,1,0.97381955,0
8681,1,1,0.95683634,1
8682,1,1,1.0,1
8683,0,1,0.88769233,0
8684,0,0,0.23739909,1
8685,0,1,0.9406263,0
8686,1,1,0.36082682,1
8687,1,0,0.22901753,0
8688,0,0,0.2574849,1
8689,1,1,0.995037,1
8690,0,1,0.9999751,0
8691,1,1,1.0,1
8692,0,0,0.11397346,1
8693,1,0,0.11757212,0
8694,0,0,0.08740792,1
8695,1,1,0.99966264,1
8696,0,1,0.9695268,0
8697,0,0,0.100436606,1
8698,0,1,0.99898964,0
8699,1,0,0.26903743,0
8700,0,1,0.5559175,0
8701,0,1,0.9925538,0
8702,0,0,0.0090903845,1
8703,0,0,0.11656275,1
8704,1,1,0.99984646,1
8705,1,0,0.0071076322,0
8706,0,1,0.5202526,0
8707,1,1,0.85452086,1
8708,0,1,0.50579804,0
8709,1,1,0.48407522,1
8710,1,1,0.9999949,1
8711,0,1,0.9670388,0
8712,0,1,0.9951041,0
8713,0,0,0.15241031,1
8714,1,1,0.9999777,1
8715,1,1,0.9999976,1
8716,0,0,0.1728689,1
8717,1,1,0.9993917,1
8718,1,1,0.9950177,1
8719,1,1,0.97925514,1
8720,0,0,0.28467542,1
8721,1,1,0.98102194,1
8722,0,0,0.07303238,1
8723,1,1,0.99400806,1
8724,1,1,0.98628414,1
8725,0,0,0.18795106,1
8726,1,1,0.99977916,1
8727,1,1,0.9996381,1
8728,0,1,0.38627136,0
8729,1,0,0.00017674512,0
8730,1,1,0.9997826,1
8731,0,0,0.111821815,1
8732,1,1,0.47788918,1
8733,0,0,0.20458016,1
8734,0,0,0.17189364,1
8735,1,1,0.9992461,1
8736,1,1,0.9997818,1
8737,0,1,0.42393494,0
8738,1,0,0.023779985,0
8739,1,1,0.9828892,1
8740,0,1,0.99806195,0
8741,0,0,0.16599831,1
8742,0,0,0.009232214,1
8743,1,1,0.98475236,1
8744,1,0,0.2739627,0
8745,0,1,0.98089427,0
8746,0,0,0.19163007,1
8747,1,1,0.999824,1
8748,0,0,0.23005375,1
8749,0,0,0.32966143,1
8750,1,1,0.99179614,1
8751,0,0,0.1683778,1
8752,1,1,0.9759694,1
8753,1,1,0.9999999,1
8754,1,0,0.23642808,0
8755,1,1,0.955444,1
8756,0,0,0.06766981,1
8757,1,1,0.9999976,1
8758,0,1,0.7111301,0
8759,1,1,0.7789858,1
8760,1,0,0.034456022,0
8761,0,0,0.029563345,1
8762,0,1,0.96969944,0
8763,0,1,0.99025387,0
8764,1,1,0.69616497,1
8765,1,1,0.95418006,1
8766,1,1,0.96249723,1
8767,0,1,0.6715244,0
8768,0,0,0.20418316,1
8769,0,1,0.97142875,0
8770,0,0,0.111627996,1
8771,0,1,0.97708833,0
8772,0,0,0.056704637,1
8773,0,1,0.78703237,0
8774,0,0,0.19659473,1
8775,0,0,0.08464396,1
8776,1,0,0.25302953,0
8777,1,1,0.99491996,1
8778,1,1,0.99308276,1
8779,1,1,0.79944235,1
8780,0,1,0.99559206,0
8781,0,1,0.8362874,0
8782,1,1,0.9998932,1
8783,0,1,0.9891187,0
8784,0,0,0.06159316,1
8785,0,0,0.21667379,1
8786,0,1,0.47210538,0
8787,0,0,0.004582765,1
8788,1,1,0.7281688,1
8789,0,1,0.44549936,0
8790,0,0,0.09653531,1
8791,0,0,0.21642528,1
8792,0,1,0.8589554,0
8793,1,1,0.99919754,1
8794,1,1,0.99981266,1
8795,1,1,0.99992883,1
8796,1,1,1.0,1
8797,0,0,0.021471238,1
8798,0,1,0.9375548,0
8799,0,1,1.0,0
8800,0,0,0.04410091,1
8801,0,1,0.6759251,0
8802,0,0,0.18359362,1
8803,1,1,0.99999845,1
8804,1,1,0.99999964,1
8805,0,1,0.364721,0
8806,0,1,0.43875512,0
8807,1,1,1.0,1
8808,0,0,0.05728198,1
8809,0,1,0.63629663,0
8810,0,1,0.9698712,0
8811,0,1,0.5630176,0
8812,0,1,0.9999989,0
8813,1,1,0.9981433,1
8814,1,1,1.0,1
8815,1,1,0.99837697,1
8816,1,1,0.4661165,1
8817,1,1,0.9990545,1
8818,0,0,0.009802816,1
8819,0,1,0.459258,0
8820,1,0,0.054600604,0
8821,0,0,0.33649457,1
8822,0,0,0.17596246,1
8823,0,0,0.19299525,1
8824,0,1,0.61630094,0
8825,1,1,0.99998796,1
8826,1,1,0.99991715,1
8827,0,1,0.95473194,0
8828,1,1,0.9999995,1
8829,0,0,0.15571934,1
8830,1,1,0.9963994,1
8831,0,0,0.2650236,1
8832,0,0,0.33057922,1
8833,1,0,0.22858672,0
8834,0,0,0.28402957,1
8835,0,0,0.030014923,1
8836,0,1,0.9306476,0
8837,1,1,0.99999833,1
8838,1,0,0.019142363,0
8839,0,1,0.99957365,0
8840,0,1,0.9977482,0
8841,1,1,0.467271,1
8842,1,0,0.018055335,0
8843,0,0,0.14211279,1
8844,1,1,0.9953635,1
8845,0,0,0.03179867,1
8846,0,0,0.13268304,1
8847,1,1,0.93189764,1
8848,0,0,0.118742295,1
8849,1,1,1.0,1
8850,0,1,0.4880699,0
8851,0,1,0.9974837,0
8852,0,0,0.017797453,1
8853,1,1,1.0,1
8854,1,1,0.5240293,1
8855,0,1,0.8720208,0
8856,1,1,1.0,1
8857,1,1,0.9999958,1
8858,1,1,1.0,1
8859,1,1,0.99961334,1
8860,1,1,0.38093168,1
8861,0,1,0.9998273,0
8862,1,1,0.9955835,1
8863,1,1,1.0,1
8864,1,1,0.97517824,1
8865,0,1,0.5049437,0
8866,1,0,0.2033909,0
8867,1,1,1.0,1
8868,1,1,0.99992156,1
8869,1,1,1.0,1
8870,1,1,1.0,1
8871,0,1,0.3769671,0
8872,0,0,0.20386599,1
8873,0,1,0.5043334,0
8874,1,1,0.99999297,1
8875,0,1,0.93263763,0
8876,1,1,1.0,1
8877,1,1,0.5562188,1
8878,0,1,0.83999664,0
8879,0,0,0.18922126,1
8880,1,0,0.07336364,0
8881,0,0,0.13666598,1
8882,0,0,0.3276683,1
8883,1,1,0.9998148,1
8884,0,1,0.9989329,0
8885,0,1,0.9964064,0
8886,1,1,1.0,1
8887,0,0,0.09825224,1
8888,1,1,0.99999654,1
8889,1,1,1.0,1
8890,1,1,0.9988575,1
8891,1,1,0.47003716,1
8892,1,1,1.0,1
8893,1,1,0.9999249,1
8894,1,1,0.99999976,1
8895,1,1,0.9998155,1
8896,1,1,0.99993527,1
8897,1,1,0.7480303,1
8898,1,1,0.99999964,1
8899,1,1,0.41202733,1
8900,0,0,0.2805178,1
8901,0,1,0.366193,0
8902,1,1,0.962462,1
8903,1,0,0.31038073,0
8904,0,0,0.021491766,1
8905,1,1,0.9999958,1
8906,1,0,0.33960858,0
8907,1,1,0.52853346,1
8908,0,0,0.05184547,1
8909,0,0,0.19042274,1
8910,1,1,0.8911497,1
8911,0,1,0.8017807,0
8912,0,0,0.026759284,1
8913,1,0,0.1509652,0
8914,0,1,0.6572635,0
8915,1,1,0.9999987,1
8916,1,1,0.9882222,1
8917,1,1,1.0,1
8918,0,1,0.9657707,0
8919,1,1,0.7256,1
8920,1,0,0.16204827,0
8921,1,1,0.42939946,1
8922,0,1,0.9313377,0
8923,1,1,0.5120216,1
8924,0,0,0.042087723,1
8925,1,1,0.9309621,1
8926,0,0,0.1768137,1
8927,0,0,0.14773951,1
8928,0,1,0.9999732,0
8929,0,0,0.10894504,1
8930,0,1,0.99632865,0
8931,1,1,0.7073542,1
8932,0,0,0.054550216,1
8933,1,1,0.99178034,1
8934,1,1,0.7234072,1
8935,1,1,1.0,1
8936,1,1,0.99108386,1
8937,1,1,0.999992,1
8938,0,1,0.6716321,0
8939,1,1,1.0,1
8940,0,0,0.010944577,1
8941,1,1,0.99952257,1
8942,0,1,0.5613351,0
8943,0,0,0.09973295,1
8944,0,0,0.19269124,1
8945,0,1,0.57558805,0
8946,0,1,0.4720446,0
8947,1,0,0.23917161,0
8948,0,1,0.9805807,0
8949,0,0,0.14378779,1
8950,1,1,0.9907856,1
8951,1,0,0.13128456,0
8952,0,0,0.085023046,1
8953,1,1,0.84834504,1
8954,0,1,0.9994797,0
8955,1,1,0.5984295,1
8956,0,1,0.84325075,0
8957,1,1,0.8988553,1
8958,0,1,0.8984996,0
8959,1,1,0.99979264,1
8960,0,1,0.999985,0
8961,1,1,0.9994504,1
8962,0,1,0.9996252,0
8963,0,1,0.99998903,0
8964,0,0,0.009936419,1
8965,1,1,0.98549646,1
8966,1,1,1.0,1
8967,0,1,0.6630692,0
8968,0,0,0.00698465,1
8969,1,1,1.0,1
8970,1,1,0.6261813,1
8971,1,1,0.941493,1
8972,0,0,0.07971035,1
8973,1,1,0.9995372,1
8974,1,1,0.5545308,1
8975,1,1,0.9999999,1
8976,0,1,0.60247093,0
8977,0,0,0.19269124,1
8978,0,1,0.5946689,0
8979,0,1,0.9998827,0
8980,0,1,0.6653562,0
8981,0,1,0.8533026,0
8982,0,0,0.10530251,1
8983,1,1,1.0,1
8984,1,1,1.0,1
8985,1,1,0.92262185,1
8986,1,1,1.0,1
8987,0,1,0.9708264,0
8988,1,0,0.021718834,0
8989,1,1,0.9999999,1
8990,1,1,1.0,1
8991,1,1,0.9993475,1
8992,1,1,1.0,1
8993,1,1,0.9631959,1
8994,1,1,0.8823265,1
8995,0,0,0.18683577,1
8996,0,0,0.04845096,1
8997,1,0,0.13591877,0
8998,0,0,0.2878679,1
8999,0,1,0.71696234,0
9000,0,1,0.9400236,0
9001,1,1,0.9996381,1
9002,1,1,0.9952632,1
9003,1,1,0.99988854,1
9004,0,1,0.43056625,0
9005,1,1,1.0,1
9006,0,1,0.7108792,0
9007,1,1,0.99047756,1
9008,0,1,0.9995372,0
9009,1,1,0.8596637,1
9010,1,1,1.0,1
9011,0,0,0.16974968,1
9012,1,1,0.42161137,1
9013,0,0,0.32514542,1
9014,1,0,0.13184245,0
9015,1,1,0.9965166,1
9016,1,0,0.22652687,0
9017,1,1,0.37607875,1
9018,1,1,0.99999964,1
9019,1,1,0.99999833,1
9020,1,1,0.99988496,1
9021,1,0,0.13432106,0
9022,0,1,0.95208645,0
9023,1,1,1.0,1
9024,1,0,0.07779745,0
9025,1,1,0.9998872,1
9026,0,0,0.039379433,1
9027,1,0,0.09859886,0
9028,1,0,0.13000904,0
9029,1,1,0.9991541,1
9030,0,0,0.14378779,1
9031,1,1,1.0,1
9032,0,1,0.9999335,0
9033,1,1,0.92847365,1
9034,0,0,0.121320926,1
9035,1,1,1.0,1
9036,1,1,0.8454327,1
9037,1,1,0.99999976,1
9038,0,0,0.29103124,1
9039,1,1,1.0,1
9040,1,1,1.0,1
9041,1,1,0.99903405,1
9042,1,1,0.9742149,1
9043,1,1,1.0,1
9044,0,0,0.10212547,1
9045,1,1,1.0,1
9046,1,1,0.99990237,1
9047,0,0,0.13735881,1
9048,0,0,0.06816438,1
9049,0,1,0.9218515,0
9050,0,0,0.11767348,1
9051,1,1,0.99908185,1
9052,0,1,0.42196858,0
9053,1,1,0.7920624,1
9054,1,1,1.0,1
9055,1,1,0.71393055,1
9056,0,1,0.9678082,0
9057,0,0,0.23792991,1
9058,1,1,0.999445,1
9059,0,0,0.23292027,1
9060,0,0,0.073430054,1
9061,1,1,0.9973786,1
9062,0,1,0.9744105,0
9063,0,1,0.914977,0
9064,0,0,0.05184547,1
9065,1,1,0.99543506,1
9066,0,0,0.018176932,1
9067,1,1,1.0,1
9068,1,0,0.13563229,0
9069,0,0,0.079853736,1
9070,0,0,0.16885696,1
9071,1,0,0.08733005,0
9072,0,0,0.08787644,1
9073,1,1,0.9908213,1
9074,0,1,0.99394965,0
9075,1,1,0.9407897,1
9076,1,1,0.9997942,1
9077,1,1,0.9526623,1
9078,1,1,0.99962664,1
9079,1,1,0.98986953,1
9080,0,0,0.024798159,1
9081,1,1,1.0,1
9082,0,0,0.027298586,1
9083,0,0,0.027402505,1
9084,0,1,0.5222631,0
9085,1,1,0.9434519,1
9086,0,0,0.0673624,1
9087,1,1,0.9725715,1
9088,0,1,0.86408126,0
9089,0,0,0.032191858,1
9090,0,1,0.85512674,0
9091,1,1,1.0,1
9092,0,0,0.0768222,1
9093,1,1,0.99965537,1
9094,1,1,0.4630193,1
9095,1,1,0.7789858,1
9096,1,1,1.0,1
9097,1,1,0.35857764,1
9098,1,1,0.48352647,1
9099,0,1,0.61618555,0
9100,0,0,0.14959349,1
9101,0,1,0.45102426,0
9102,1,1,0.99971086,1
9103,1,1,0.7799929,1
9104,0,0,0.014672034,1
9105,1,1,0.9999938,1
9106,0,1,0.747155,0
9107,1,1,0.9999999,1
9108,1,1,0.9986142,1
9109,1,0,0.22996724,0
9110,1,1,0.99812514,1
9111,1,1,0.99955493,1
9112,0,1,0.996183,0
9113,1,1,0.99999595,1
9114,0,0,0.2168396,1
9115,1,0,0.11606085,0
9116,0,1,0.38277572,0
9117,0,0,0.071332,1
9118,0,1,0.7337858,0
9119,1,1,0.99999833,1
9120,0,1,0.9980083,0
9121,1,1,1.0,1
9122,0,0,0.049958523,1
9123,1,1,0.8621197,1
9124,0,1,0.9091032,0
9125,0,0,0.029844806,1
9126,1,1,0.99910307,1
9127,1,1,0.99999976,1
9128,1,1,0.99999833,1
9129,0,0,0.030185984,1
9130,1,1,0.6525183,1
9131,0,1,0.99981266,0
9132,1,1,1.0,1
9133,0,1,0.99984396,0
9134,1,0,0.23651622,0
9135,0,1,0.9998568,0
9136,0,0,0.2202586,1
9137,0,1,0.9399685,0
9138,0,1,0.60223705,0
9139,1,0,0.12278593,0
9140,1,1,0.515498,1
9141,1,1,0.9999715,1
9142,1,1,0.99903786,1
9143,1,1,0.9999995,1
9144,1,1,0.86223567,1
9145,0,0,0.24364243,1
9146,1,1,1.0,1
9147,1,1,1.0,1
9148,0,1,0.99975175,0
9149,1,1,0.99803144,1
9150,1,1,0.999998,1
9151,1,1,0.99968743,1
9152,1,1,0.99976856,1
9153,1,1,0.9999999,1
9154,1,1,0.77704614,1
9155,0,0,0.0076362165,1
9156,1,1,0.99920064,1
9157,1,1,0.73053026,1
9158,1,0,0.084947094,0
9159,1,1,0.9957353,1
9160,0,0,0.02970375,1
9161,1,1,0.9836285,1
9162,0,1,0.9968335,0
9163,1,0,0.051605962,0
9164,0,0,0.18410648,1
9165,1,1,0.9999963,1
9166,1,1,0.9982212,1
9167,0,1,0.9702116,0
9168,0,0,0.3317148,1
9169,0,1,0.9997086,0
9170,1,1,1.0,1
9171,1,1,1.0,1
9172,1,0,0.19961987,0
9173,1,1,0.9999962,1
9174,1,1,1.0,1
9175,1,1,0.99968493,1
9176,1,1,0.9999311,1
9177,0,1,0.9999956,0
9178,1,1,0.94853723,1
9179,0,0,0.11576064,1
9180,0,0,0.24023944,1
9181,1,1,1.0,1
9182,0,1,0.68841606,0
9183,1,1,1.0,1
9184,0,0,0.06064056,1
9185,1,1,1.0,1
9186,1,1,0.97107434,1
9187,0,0,0.30125925,1
9188,0,0,0.19482696,1
9189,0,1,0.9999989,0
9190,1,1,0.99999964,1
9191,0,1,0.42247483,0
9192,1,1,0.9961755,1
9193,1,1,0.9514138,1
9194,0,1,0.7791538,0
9195,1,1,0.999985,1
9196,1,1,0.9999337,1
9197,0,1,0.7303861,0
9198,1,1,0.8959786,1
9199,1,1,0.9308365,1
9200,0,0,0.08035747,1
9201,0,0,0.2578585,1
9202,1,1,0.9995915,1
9203,1,1,1.0,1
9204,0,1,0.9665054,0
9205,1,1,0.8655653,1
9206,1,1,0.70349854,1
9207,1,1,0.99834836,1
9208,1,1,0.75396514,1
9209,0,1,0.9997713,0
9210,1,1,0.99999976,1
9211,0,0,0.008348053,1
9212,0,1,0.96232057,0
9213,0,0,0.24086387,1
9214,1,0,3.1941818e-05,0
9215,1,1,0.85034436,1
9216,1,1,0.9997546,1
9217,0,1,0.5392259,0
9218,0,1,0.999688,0
9219,0,0,0.0111580305,1
9220,1,1,0.99920064,1
9221,0,1,0.5250035,0
9222,1,1,0.999936,1
9223,0,1,0.79246426,0
9224,1,1,0.99944395,1
9225,1,0,0.25959095,0
9226,0,0,0.03448853,1
9227,1,0,0.0060503976,0
9228,0,0,0.013096004,1
9229,1,1,0.5658386,1
9230,1,1,0.99135584,1
9231,0,0,0.03971326,1
9232,1,1,0.9164094,1
9233,1,1,0.90829307,1
9234,0,1,1.0,0
9235,0,1,1.0,0
9236,1,1,1.0,1
9237,0,1,0.9999875,0
9238,0,1,0.36398593,0
9239,1,1,0.99991906,1
9240,0,0,0.10613344,1
9241,1,1,0.9953454,1
9242,0,1,0.39280257,0
9243,0,0,0.0808641,1
9244,0,0,0.12912793,1
9245,0,1,0.9996673,0
9246,1,1,0.55645984,1
9247,0,1,0.7153743,0
9248,0,0,0.2574849,1
9249,1,0,0.025957359,0
9250,1,1,1.0,1
9251,0,0,0.1455399,1
9252,0,1,0.3756492,0
9253,1,1,0.9561454,1
9254,1,1,1.0,1
9255,0,1,0.9343353,0
9256,1,1,0.99784684,1
9257,0,0,0.06383161,1
9258,1,1,0.8431217,1
9259,0,0,0.1056711,1
9260,0,1,0.99998355,0
9261,1,1,0.40798187,1
9262,1,1,0.9999987,1
9263,1,1,0.92441523,1
9264,1,1,0.9999316,1
9265,0,0,0.15771976,1
9266,1,1,0.9675024,1
9267,1,1,0.99273914,1
9268,0,1,0.9773276,0
9269,0,0,0.094594024,1
9270,1,1,0.57511085,1
9271,1,0,0.065545,0
9272,1,1,0.99982256,1
9273,0,1,0.51305854,0
9274,0,0,0.16444936,1
9275,1,1,0.97223073,1
9276,0,0,0.19253935,1
9277,1,1,0.9988167,1
9278,0,0,0.012359919,1
9279,1,1,0.60223705,1
9280,0,1,0.96560895,0
9281,0,0,0.18959609,1
9282,0,0,0.18728127,1
9283,1,0,0.1305069,0
9284,1,1,1.0,1
9285,1,0,0.15863001,0
9286,1,0,0.15960999,0
9287,1,0,0.30673468,0
9288,1,0,0.038647197,0
9289,1,1,0.8413048,1
9290,0,1,0.99992335,0
9291,1,1,0.9980122,1
9292,1,1,0.9997017,1
9293,1,1,1.0,1
9294,0,1,0.9975656,0
9295,1,1,0.99518895,1
9296,0,0,0.04881241,1
9297,1,1,0.9999958,1
9298,0,1,0.99843913,0
9299,0,1,0.99173236,0
9300,1,1,1.0,1
9301,0,0,0.047030386,1
9302,1,1,0.9730621,1
9303,1,1,0.99984336,1
9304,1,0,0.18922126,0
9305,0,1,0.9782396,0
9306,1,1,0.9963642,1
9307,1,1,0.99982125,1
9308,0,0,0.0028449094,1
9309,1,0,0.0836655,0
9310,1,1,0.9999999,1
9311,1,1,0.9965503,1
9312,0,1,0.9976265,0
9313,1,1,1.0,1
9314,0,1,0.69227797,0
9315,0,1,0.9911868,0
9316,0,0,0.13945496,1
9317,1,1,0.6575934,1
9318,0,0,0.13788034,1
9319,1,1,0.9999999,1
9320,0,1,0.61860764,0
9321,1,1,0.99740905,1
9322,1,1,0.99999976,1
9323,0,1,0.6569335,0
9324,0,0,0.29599246,1
9325,0,1,0.7815808,0
9326,0,1,0.47417462,0
9327,1,1,0.7584211,1
9328,0,0,0.042882238,1
9329,0,0,0.03188899,1
9330,1,1,1.0,1
9331,1,0,0.0002824081,0
9332,0,0,0.011375601,1
9333,0,1,0.5386192,0
9334,1,0,0.13100637,0
9335,0,1,0.99998546,0
9336,0,1,0.6944581,0
9337,1,1,0.9999981,1
9338,1,1,1.0,1
9339,1,1,1.0,1
9340,0,1,0.81859183,0
9341,0,1,0.6996137,0
9342,0,1,0.8138309,0
9343,1,1,1.0,1
9344,0,1,0.9538373,0
9345,1,1,0.9812029,1
9346,1,0,0.025347177,0
9347,1,1,0.5769592,1
9348,1,0,0.29249424,0
9349,1,1,0.9999999,1
9350,1,1,0.35970145,1
9351,0,1,0.99916065,0
9352,1,1,0.99995995,1
9353,1,1,1.0,1
9354,1,1,0.97503597,1
9355,0,0,0.20212801,1
9356,1,1,0.9998134,1
9357,1,1,0.5003662,1
9358,1,0,0.056288198,0
9359,0,0,0.16465074,1
9360,0,0,0.15869519,1
9361,1,0,0.13963085,0
9362,0,1,0.6202192,0
9363,1,0,0.076683804,0
9364,0,0,0.01977584,1
9365,0,0,0.16871993,1
9366,1,0,0.19452079,0
9367,0,1,0.9999989,0
9368,0,1,0.4136548,0
9369,1,1,0.9991704,1
9370,1,1,0.9947595,1
9371,1,1,0.4208673,1
9372,1,1,0.99999976,1
9373,1,1,0.9999999,1
9374,0,1,0.9445361,0
9375,1,1,0.6889395,1
9376,0,1,0.9134452,0
9377,0,0,0.14457104,1
9378,1,1,0.8722386,1
9379,1,1,0.99497885,1
9380,1,1,1.0,1
9381,0,0,0.04751418,1
9382,1,1,0.99993575,1
9383,1,1,0.5663184,1
9384,0,0,0.17603327,1
9385,0,0,0.14080818,1
9386,1,1,0.37960833,1
9387,0,0,0.19574778,1
9388,1,1,0.9999814,1
9389,0,1,0.7966091,0
9390,0,1,0.9966299,0
9391,0,1,0.99997365,0
9392,1,1,0.99529076,1
9393,0,1,1.0,0
9394,0,0,0.032497507,1
9395,0,0,0.30069423,1
9396,0,0,0.14116298,1
9397,0,0,0.11566073,1
9398,1,1,0.4931645,1
9399,0,0,0.07211221,1
9400,0,0,0.0793529,1
9401,1,1,0.99996996,1
9402,0,1,0.73153836,0
9403,0,1,0.9999739,0
9404,1,0,0.050424065,0
9405,1,1,0.9999398,1
9406,0,0,0.007121429,1
9407,1,1,1.0,1
9408,1,1,0.9083743,1
9409,1,0,0.017968968,0
9410,1,1,1.0,1
9411,1,1,0.9978002,1
9412,0,0,0.13597612,1
9413,0,1,0.89190525,0
9414,0,0,0.08694165,1
9415,0,0,0.12651514,1
9416,0,1,0.6931096,0
9417,0,1,0.9999337,0
9418,1,1,0.9943909,1
9419,1,1,0.9786107,1
9420,1,1,0.9953181,1
9421,1,1,0.99956864,1
9422,1,1,0.8718026,1
9423,1,1,0.97316426,1
9424,1,0,0.18447348,0
9425,0,0,0.24653336,1
9426,1,1,1.0,1
9427,0,0,0.16505408,1
9428,1,1,0.9999802,1
9429,1,1,0.99999785,1
9430,1,1,0.9964825,1
9431,1,0,0.09186979,0
9432,1,1,0.99980897,1
9433,0,1,0.86748546,0
9434,1,1,0.9716986,1
9435,1,1,0.99735296,1
9436,0,0,0.0085443305,1
9437,1,1,0.9999795,1
9438,0,1,0.9251624,0
9439,1,1,0.60305554,1
9440,1,0,0.17504396,0
9441,1,0,0.19012183,0
9442,0,1,0.8174288,0
9443,0,1,0.9147487,0
9444,0,1,0.9968945,0
9445,1,1,0.9692369,1
9446,0,1,0.7504156,0
9447,0,1,0.67238545,0
9448,1,1,0.99999917,1
9449,1,1,0.9979652,1
9450,0,0,0.12787029,1
9451,1,1,0.7970834,1
9452,1,1,0.9999993,1
9453,0,1,0.79310596,0
9454,1,1,0.999577,1
9455,1,1,0.8409133,1
9456,0,0,0.05531065,1
9457,0,0,0.16238002,1
9458,1,1,0.8175745,1
9459,0,0,0.177027,1
9460,0,1,0.4242927,0
9461,1,1,1.0,1
9462,1,1,0.9999994,1
9463,0,1,0.9999982,0
9464,1,1,0.9997893,1
9465,1,0,0.07276838,0
9466,1,1,0.99999833,1
9467,1,1,0.99996924,1
9468,0,1,0.99994326,0
9469,1,1,0.99700147,1
9470,1,1,0.9744591,1
9471,1,1,0.9779888,1
9472,0,0,0.12543987,1
9473,0,0,0.051082734,1
9474,0,0,0.017934537,1
9475,1,0,0.15297888,0
9476,1,1,0.39082456,1
9477,0,1,0.5094593,0
9478,0,0,0.07198163,1
9479,1,1,0.9999939,1
9480,1,1,1.0,1
9481,0,0,0.09268777,1
9482,1,1,0.99978,1
9483,1,1,0.9999969,1
9484,0,1,0.88483775,0
9485,1,1,1.0,1
9486,1,1,0.9437118,1
9487,1,1,0.7829116,1
9488,1,1,0.999982,1
9489,1,0,0.027874898,0
9490,0,0,0.02663241,1
9491,0,1,0.9992778,0
9492,1,1,0.9746528,1
9493,0,0,0.20157737,1
9494,0,1,0.9820655,0
9495,1,1,0.9999962,1
9496,0,0,0.010631946,1
9497,0,0,0.023599295,1
9498,1,1,1.0,1
9499,1,1,1.0,1
9500,1,0,0.01533582,0
9501,1,1,1.0,1
9502,0,0,0.29118237,1
9503,1,1,0.98899186,1
9504,1,1,0.99965405,1
9505,0,1,0.9999646,0
9506,0,1,0.53528064,0
9507,0,1,0.7243344,0
9508,1,1,0.9999969,1
9509,0,1,0.99968123,0
9510,0,0,0.043325305,1
9511,0,1,0.5969619,0
9512,0,1,0.9400786,0
9513,1,1,0.9843364,1
9514,1,1,0.97259754,1
9515,1,1,0.9921537,1
9516,1,1,0.9906961,1
9517,1,1,1.0,1
9518,0,1,0.5799952,0
9519,1,1,0.4120865,1
9520,0,0,0.07899691,1
9521,1,1,0.6901938,1
9522,1,1,1.0,1
9523,0,1,0.99999976,0
9524,1,1,0.9720191,1
9525,1,1,0.9967206,1
9526,1,1,0.99817204,1
9527,1,1,0.7344054,1
9528,1,0,0.02442309,0
9529,1,1,0.95296955,1
9530,1,1,0.99029154,1
9531,1,0,0.024030639,0
9532,0,0,0.19969788,1
9533,0,1,0.41593638,0
9534,0,0,0.009214366,1
9535,0,0,0.079068,1
9536,1,0,0.08866235,0
9537,0,1,0.71889055,0
9538,1,1,1.0,1
9539,0,1,0.53285056,0
9540,0,1,0.988514,0
9541,1,1,0.99909425,1
9542,1,1,0.8862236,1
9543,1,0,0.031469602,0
9544,1,1,0.8529355,1
9545,1,1,0.9999994,1
9546,0,1,0.5525397,0
9547,1,1,0.9968273,1
9548,0,1,0.9948102,0
9549,0,0,0.0768222,1
9550,1,1,1.0,1
9551,0,1,0.88885534,0
9552,1,1,0.9999976,1
9553,0,1,0.40863073,0
9554,0,1,0.9050709,0
9555,1,1,0.9999976,1
9556,1,1,0.89423656,1
9557,1,1,0.49642953,1
9558,1,0,0.016246215,0
9559,1,0,0.0010464255,0
9560,1,0,0.031858858,0
9561,1,1,0.99999905,1
9562,1,0,0.26693016,0
9563,1,1,0.99991775,1
9564,0,0,0.10150035,1
9565,0,0,0.058560826,1
9566,0,0,0.12331283,1
9567,1,1,0.99268264,1
9568,0,0,0.11636177,1
9569,1,1,0.9999994,1
9570,0,0,0.053650703,1
9571,1,1,0.9960699,1
9572,1,1,0.9346938,1
9573,0,1,0.9368073,0
9574,0,1,0.9517288,0
9575,0,1,0.99485034,0
9576,1,1,0.99718815,1
9577,1,1,1.0,1
9578,0,1,1.0,0
9579,1,1,0.9999083,1
9580,1,1,1.0,1
9581,0,0,0.1613863,1
9582,1,0,0.091382094,0
9583,0,1,0.880797,0
9584,1,1,0.9999999,1
9585,0,0,0.047646955,1
9586,1,1,0.990732,1
9587,0,1,0.9999995,0
9588,1,0,0.22918998,0
9589,0,1,0.73139447,0
9590,1,1,0.9990283,1
9591,0,1,0.99949956,0
9592,1,0,0.18119074,0
9593,1,1,0.99894947,1
9594,0,0,0.27308947,1
9595,0,1,0.92924803,0
9596,1,1,1.0,1
9597,1,1,0.8502201,1
9598,1,1,0.99890125,1
9599,1,1,0.99933714,1
9600,0,0,0.17852582,1
9601,1,1,1.0,1
9602,0,1,0.37880373,0
9603,0,1,0.882022,0
9604,1,1,0.99929166,1
9605,0,0,0.18705842,1
9606,1,1,0.99999905,1
9607,1,1,0.99999976,1
9608,0,0,0.13735881,1
9609,1,1,0.9999987,1
9610,0,0,0.30141345,1
9611,1,0,0.14657521,0
9612,1,1,0.9999337,1
9613,0,1,0.7824132,0
9614,0,0,0.022933563,1
9615,1,0,0.036873367,0
9616,1,1,1.0,1
9617,0,0,0.08381536,1
9618,0,0,0.21510331,1
9619,1,1,0.95961094,1
9620,1,1,0.37559196,1
9621,1,1,0.98557997,1
9622,0,1,0.8498466,0
9623,0,1,0.76568097,0
9624,1,1,0.9816304,1
9625,1,1,0.99865156,1
9626,1,0,0.30270016,0
9627,1,1,0.9997336,1
9628,0,1,0.99942636,0
9629,1,0,0.0996453,0
9630,1,1,1.0,1
9631,1,0,0.19767669,0
9632,0,0,0.2374875,1
9633,1,1,0.9999901,1
9634,1,1,1.0,1
9635,1,1,0.9999924,1
9636,0,0,0.08218025,1
9637,0,1,0.7119819,0
9638,0,1,0.95426536,0
9639,0,0,0.006338922,1
9640,1,1,0.9998894,1
9641,1,1,0.9999591,1
9642,1,0,0.27405983,0
9643,0,1,0.36579645,0
9644,0,0,0.07172112,1
9645,0,0,0.0224785,1
9646,1,1,0.94910634,1
9647,1,1,1.0,1
9648,1,0,0.11018359,0
9649,0,0,0.11736965,1
9650,1,0,0.16052906,0
9651,0,1,0.39128965,0
9652,1,1,0.7897206,1
9653,0,1,0.996183,0
9654,0,1,0.69071555,0
9655,0,1,0.9729595,0
9656,0,0,0.039048295,1
9657,0,1,0.8095773,0
9658,1,1,1.0,1
9659,0,0,0.1274353,1
9660,1,0,0.06530615,0
9661,1,1,0.9016612,1
9662,0,0,0.07517641,1
9663,1,1,1.0,1
9664,1,1,0.9999995,1
9665,0,0,0.23109324,1
9666,1,1,0.99952257,1
9667,1,1,0.99736834,1
9668,0,0,0.042522945,1
9669,1,1,0.9883802,1
9670,0,0,0.2516477,1
9671,0,0,0.32364723,1
9672,1,1,0.77381516,1
9673,1,1,1.0,1
9674,0,0,0.3094409,1
9675,0,1,0.9470392,0
9676,0,1,0.8664719,0
9677,1,1,0.9999814,1
9678,1,1,0.99999857,1
9679,0,0,0.0349467,1
9680,1,1,0.6144519,1
9681,1,1,1.0,1
9682,0,0,0.17924303,1
9683,0,1,0.9668201,0
9684,1,1,1.0,1
9685,0,1,0.9672869,0
9686,0,1,0.84286314,0
9687,1,1,0.9999994,1
9688,1,0,0.10999224,0
9689,0,1,0.7176554,0
9690,1,1,0.6036398,1
9691,1,1,0.99999964,1
9692,0,1,0.8595459,0
9693,0,0,0.08381536,1
9694,1,1,0.9912209,1
9695,1,1,1.0,1
9696,1,1,0.9995851,1
9697,1,1,0.55645984,1
9698,1,0,0.066751465,0
9699,1,1,0.99999905,1
9700,1,0,0.03378023,0
9701,1,1,0.9934865,1
9702,1,0,0.12885365,0
9703,0,0,0.1098012,1
9704,0,0,0.22807053,1
9705,1,1,0.99984705,1
9706,1,1,1.0,1
9707,1,1,0.96432143,1
9708,1,1,1.0,1
9709,1,1,0.99986446,1
9710,0,1,0.96882665,0
9711,1,0,0.24981311,0
9712,0,1,0.928668,0
9713,0,1,0.99972194,0
9714,1,1,1.0,1
9715,0,1,0.9552357,0
9716,0,1,0.5861084,0
9717,1,1,1.0,1
9718,0,0,0.10627249,1
9719,1,1,0.87716144,1
9720,0,0,0.034815192,1
9721,0,0,0.07146149,1
9722,0,0,0.04023794,1
9723,0,1,0.4097816,0
9724,1,1,0.77814394,1
9725,0,0,0.11075938,1
9726,1,1,0.9985896,1
9727,0,1,0.42083755,0
9728,1,0,0.12538631,0
9729,1,1,1.0,1
9730,1,1,0.9896318,1
9731,1,1,0.9999405,1
9732,1,1,0.9999999,1
9733,0,0,0.13701203,1
9734,1,0,0.21428008,0
9735,1,1,0.9879462,1
9736,0,0,0.0836655,1
9737,1,1,0.9999933,1
9738,0,1,0.9865976,0
9739,1,1,0.9999988,1
9740,1,1,0.99999976,1
9741,1,1,0.900267,1
9742,0,0,0.12362991,1
9743,1,1,0.6893579,1
9744,0,0,0.07779745,1
9745,0,0,0.02761149,1
9746,1,1,1.0,1
9747,0,1,0.99776566,0
9748,0,0,0.049130786,1
9749,0,1,0.87966454,0
9750,1,1,0.9878762,1
9751,0,1,0.81397885,0
9752,0,0,0.0715912,1
9753,1,1,0.9983991,1
9754,1,1,0.9997408,1
9755,0,0,0.01693116,1
9756,1,1,0.99999774,1
9757,1,1,0.7211054,1
9758,1,1,1.0,1
9759,1,1,0.8965235,1
9760,1,1,0.9858004,1
9761,1,1,0.9999231,1
9762,1,1,1.0,1
9763,1,0,0.245085,0
9764,0,0,0.11367794,1
9765,0,1,0.9999901,0
9766,1,1,1.0,1
9767,0,0,0.25552937,1
9768,1,1,0.9999982,1
9769,0,1,0.37347588,0
9770,1,1,0.8136089,1
9771,1,0,0.13753247,0
9772,1,1,0.9999994,1
9773,1,1,1.0,1
9774,0,1,0.9997527,0
9775,0,1,0.74558365,0
9776,0,0,0.15027805,1
9777,1,1,0.9925538,1
9778,0,1,0.55441016,0
9779,0,0,0.019087434,1
9780,0,1,0.52835095,0
9781,1,1,0.9638481,1
9782,1,1,0.9998981,1
9783,1,1,0.99999857,1
9784,1,1,0.9527942,1
9785,0,0,0.2331821,1
9786,1,1,0.9675024,1
9787,1,0,0.057018865,0
9788,1,1,1.0,1
9789,1,1,1.0,1
9790,1,1,0.99987614,1
9791,0,1,0.9957437,0
9792,1,1,0.8849373,1
9793,1,1,0.9999999,1
9794,1,1,0.86165464,1
9795,1,1,1.0,1
9796,1,0,0.09053426,0
9797,1,1,0.999997,1
9798,0,1,0.87557435,0
9799,1,1,0.8621197,1
9800,0,0,0.0033897832,1
9801,1,1,0.90623903,1
9802,1,0,0.07793769,0
9803,0,0,0.26693016,1
9804,1,1,1.0,1
9805,1,1,0.9997284,1
9806,0,0,0.22270013,1
9807,0,1,0.36704338,0
9808,0,1,0.52366394,0
9809,0,1,0.9820826,0
9810,0,0,0.105486654,1
9811,1,0,0.10999224,0
9812,0,1,0.91964257,0
9813,1,1,1.0,1
9814,1,1,0.988085,1
9815,1,0,0.09859886,0
9816,0,0,0.09426001,1
9817,1,1,0.60293865,1
9818,1,1,0.9990582,1
9819,0,1,0.9999708,0
9820,0,0,0.15052764,1
9821,1,0,0.10669061,0
9822,0,0,0.14529718,1
9823,0,1,0.9604726,0
9824,1,1,0.40559587,1
9825,1,1,0.99886644,1
9826,1,1,0.5547117,1
9827,1,1,0.8084455,1
9828,0,1,0.8120489,0
9829,0,1,0.99957365,0
9830,1,1,0.79865825,1
9831,0,1,0.6566032,0
9832,1,0,0.09973295,0
9833,1,1,0.9163345,1
9834,1,1,0.999992,1
9835,1,1,1.0,1
9836,0,1,0.9996526,0
9837,1,1,1.0,1
9838,0,0,0.08555635,1
9839,1,1,1.0,1
9840,1,1,0.9989371,1
9841,1,0,0.22789864,0
9842,0,1,0.99674594,0
9843,0,0,0.020844316,1
9844,0,1,0.99985576,0
9845,0,1,0.99991715,0
9846,0,1,0.91618466,0
9847,1,0,0.27250826,0
9848,1,1,0.99997926,1
9849,1,1,1.0,1
9850,1,1,1.0,1
9851,0,0,0.3354053,1
9852,1,1,0.68315536,1
9853,0,0,0.013689475,1
9854,1,0,0.037714817,0
9855,0,0,0.028409066,1
9856,0,0,0.0028393744,1
9857,1,1,0.99999976,1
9858,1,1,0.53594863,1
9859,0,1,0.72947156,0
9860,1,1,0.99999964,1
9861,0,1,0.48633155,0
9862,1,1,1.0,1
9863,0,1,0.982117,0
9864,1,1,0.99970347,1
9865,1,0,0.09790669,0
9866,0,1,0.9806364,0
9867,0,0,0.0035174885,1
9868,1,1,1.0,1
9869,1,1,1.0,1
9870,0,0,0.22764099,1
9871,1,1,1.0,1
9872,1,1,0.99988985,1
9873,1,0,0.2325715,0
9874,0,0,0.06766981,1
9875,0,1,0.9999994,0
9876,0,0,0.11828322,1
9877,1,1,0.99344844,1
9878,0,1,0.92617035,0
9879,1,1,0.99947566,1
9880,0,0,0.02973191,1
9881,1,1,0.996271,1
9882,1,1,1.0,1
9883,1,0,0.33584076,0
9884,0,1,0.9305845,0
9885,1,1,0.8440237,1
9886,1,1,0.99999905,1
9887,0,0,0.01374232,1
9888,1,1,1.0,1
9889,1,0,0.10203597,0
9890,0,0,0.0842664,1
9891,1,1,0.59572774,1
9892,1,1,0.8031738,1
9893,0,1,0.99731654,0
9894,0,1,1.0,0
9895,0,1,0.98250717,0
9896,0,0,0.013768816,1
9897,1,1,0.999961,1
9898,0,1,0.9646559,0
9899,0,1,0.9512782,0
9900,0,0,0.2230384,1
9901,1,1,1.0,1
9902,1,1,0.999962,1
9903,1,1,0.6611029,1
9904,0,0,0.002074867,1
9905,1,1,0.78809434,1
9906,1,1,0.9976311,1
9907,1,1,0.9999958,1
9908,1,1,0.9760608,1
9909,1,0,0.12857984,0
9910,1,1,0.999984,1
9911,1,1,0.9999604,1
9912,0,0,0.0715912,1
9913,1,0,0.29249424,0
9914,1,1,0.48624003,1
9915,0,1,0.99944824,0
9916,1,0,0.04681203,0
9917,0,0,0.15190639,1
9918,0,1,0.96323055,0
9919,1,1,0.80193585,1
9920,1,1,0.99805814,1
9921,0,0,0.1289633,1
9922,0,0,0.3172147,1
9923,0,1,0.99746895,0
9924,0,1,0.98514324,0
9925,0,1,0.6611029,0
9926,0,1,0.91359943,0
9927,1,1,0.354936,1
9928,0,0,0.09501305,1
9929,1,0,0.19269124,0
9930,1,1,1.0,1
9931,1,1,1.0,1
9932,0,1,0.9970765,0
9933,0,0,0.22253114,1
9934,0,1,0.7670798,0
9935,0,0,0.15915205,1
9936,0,1,0.6387789,0
9937,0,0,0.022350112,1
9938,1,1,1.0,1
9939,1,0,0.0053640567,0
9940,1,0,0.035544395,0
9941,0,1,0.35868996,0
9942,0,1,0.99999976,0
9943,1,0,0.093760945,0
9944,1,1,0.69580334,1
9945,1,1,0.6637234,1
9946,0,1,0.9992889,0
9947,0,1,0.9856353,0
9948,0,1,0.9043131,0
9949,0,0,0.013454153,1
9950,1,0,0.182717,0
9951,0,1,0.96329963,0
9952,0,0,0.1752556,1
9953,1,1,0.7151257,1
9954,0,0,0.13892843,1
9955,0,0,0.2863688,1
9956,0,1,0.3967107,0
9957,1,1,1.0,1
9958,1,0,0.02693789,0
9959,0,1,0.9958175,0
9960,0,0,0.18535665,1
9961,1,1,0.53540206,1
9962,1,1,0.9923341,1
9963,1,1,0.99496907,1
9964,1,1,0.9996057,1
9965,1,1,1.0,1
9966,0,0,0.07626997,1
9967,0,1,0.97546023,0
9968,1,1,0.99995255,1
9969,1,1,0.99482024,1
9970,1,1,0.973519,1
9971,1,1,0.92703366,1
9972,0,1,0.908618,0
9973,1,1,0.9999994,1
9974,1,1,1.0,1
9975,0,0,0.22422528,1
9976,0,0,0.0058426056,1
9977,1,0,0.1965176,0
9978,0,1,0.88778967,0
9979,1,1,0.84363765,1
9980,0,1,0.99996114,0
9981,1,1,0.9999987,1
9982,0,1,0.8564525,0
9983,0,0,0.29695997,1
9984,1,1,0.99952435,1
9985,1,1,0.99624926,1
9986,1,1,0.99984276,1
9987,1,1,0.83748704,1
9988,0,0,0.051558185,1
9989,1,1,0.80247813,1
9990,0,0,0.1365508,1
9991,1,1,0.99973875,1
9992,0,1,0.9956176,0
9993,1,0,0.10356715,0
9994,0,0,0.23766439,1
9995,0,1,0.93874466,0
9996,1,1,0.9997336,1
9997,0,0,0.095518075,1
9998,1,1,0.8842393,1
9999,0,0,0.018511046,1
10000,1,1,0.9919224,1
10001,0,1,0.5118386,0
10002,1,1,1.0,1
10003,1,1,0.98327893,1
10004,0,0,0.042087723,1
10005,0,0,0.31928056,1
10006,1,1,1.0,1
10007,0,0,0.1647851,1
10008,0,1,0.99930537,0
10009,0,1,0.9987056,0
10010,1,1,0.73767823,1
10011,0,0,0.3488115,1
10012,0,0,0.03722176,1
10013,0,1,0.48700243,0
10014,0,1,0.69238204,0
10015,0,1,0.7545535,0
10016,1,1,0.99986064,1
10017,1,1,0.8112278,1
10018,1,0,0.1067837,0
10019,1,1,0.7550053,1
10020,0,0,0.11456651,1
10021,0,0,0.03044435,1
10022,0,0,0.17335817,1
10023,1,1,0.5911923,1
10024,0,0,0.16184944,1
10025,1,1,0.35532737,1
10026,0,1,0.92000264,0
10027,0,1,0.97726256,0
10028,1,1,0.6648124,1
10029,1,1,1.0,1
10030,0,0,0.054651033,1
10031,1,1,0.8957965,1
10032,1,1,0.99999714,1
10033,1,1,0.68516004,1
10034,1,1,0.99997747,1
10035,1,1,0.9999999,1
10036,0,1,0.9999999,0
10037,1,1,1.0,1
10038,1,0,0.2032327,0
10039,0,1,0.988108,0
10040,0,1,0.60562414,0
10041,0,1,0.63414687,0
10042,1,1,0.5571226,1
10043,1,1,1.0,1
10044,1,1,0.99997556,1
10045,1,1,0.47703645,1
10046,0,0,0.19574778,1
10047,1,1,0.9645559,1
10048,0,0,0.050237365,1
10049,0,0,0.0416178,1
10050,1,1,0.9958741,1
10051,1,1,0.6187228,1
10052,1,0,0.20283768,0
10053,1,0,0.16184944,0
10054,1,1,0.9997011,1
10055,0,0,0.008762129,1
10056,1,1,0.99999857,1
10057,1,1,0.9999999,1
10058,0,1,0.9994035,0
10059,0,0,0.022933563,1
10060,1,0,0.004030743,0
10061,1,1,0.58587146,1
10062,0,0,0.15863001,1
10063,1,1,0.99999976,1
10064,0,0,0.07885492,1
10065,0,1,0.5672176,0
10066,1,1,0.9996087,1
10067,0,1,0.45895484,0
10068,0,0,0.008267596,1
10069,1,1,0.9999995,1
10070,0,0,0.20244318,1
10071,1,0,0.06566473,0
10072,1,1,0.5821941,1
10073,0,0,0.20545557,1
10074,1,0,0.17335817,0
10075,0,0,0.032528225,1
10076,0,1,0.5085441,0
10077,0,0,0.03746751,1
10078,1,1,1.0,1
10079,0,0,0.010944577,1
10080,0,1,0.9998505,0
10081,1,1,0.982524,1
10082,1,0,0.15830442,0
10083,1,1,0.767167,1
10084,0,1,0.90414387,0
10085,1,0,0.015483986,0
10086,1,1,0.9145963,1
10087,0,1,0.99839276,0
10088,1,1,0.7789858,1
10089,0,1,0.83775276,0
10090,0,0,0.14021848,1
10091,0,1,0.6866328,0
10092,1,1,1.0,1
10093,0,0,0.23423143,1
10094,0,0,0.056913942,1
10095,0,1,0.9523531,0
10096,0,0,0.12673113,1
10097,1,1,1.0,1
10098,0,1,0.6378771,0
10099,0,1,0.9995652,0
10100,1,1,0.9869292,1
10101,0,0,0.10539455,1
10102,1,1,1.0,1
10103,1,0,0.27216962,0
10104,0,1,0.8828326,0
10105,1,1,0.86860406,1
10106,1,1,0.99196917,1
10107,1,1,1.0,1
10108,1,0,0.0046006194,0
10109,1,0,0.10356715,0
10110,1,1,0.7782283,1
10111,1,0,0.13957219,0
10112,1,0,0.18169841,0
10113,1,1,1.0,1
10114,1,0,0.112600096,0
10115,1,1,0.38531682,1
10116,0,1,0.99066,0
10117,1,1,0.58752906,1
10118,1,1,0.9998104,1
10119,1,1,1.0,1
10120,1,1,0.99975556,1
10121,1,1,0.7998335,1
10122,0,1,0.9155828,0
10123,0,1,0.99972516,0
10124,1,0,0.3261641,0
10125,1,1,0.98628414,1
10126,0,1,0.5622966,0
10127,0,0,0.009727272,1
10128,1,1,0.99771726,1
10129,0,1,0.4418837,0
10130,1,1,0.9889064,1
10131,0,0,0.23988315,1
10132,1,1,0.9999894,1
10133,1,1,1.0,1
10134,1,0,0.19490358,0
10135,1,0,0.00648827,0
10136,0,0,0.086554825,1
10137,0,1,0.60439897,0
10138,1,0,0.116814375,0
10139,1,1,0.9646226,1
10140,0,1,0.74632394,0
10141,1,0,0.079638734,0
10142,1,1,0.9981324,1
10143,1,1,0.9911698,1
10144,1,1,0.9999925,1
10145,1,0,0.04324442,0
10146,0,1,0.80882335,0
10147,1,1,0.99999976,1
10148,1,0,0.021328082,0
10149,0,1,0.64829934,0
10150,1,1,0.9999999,1
10151,0,0,0.051130094,1
10152,1,1,0.99999964,1
10153,1,1,0.9901782,1
10154,1,1,0.9991959,1
10155,0,1,0.75944847,0
10156,1,1,1.0,1
10157,1,1,0.99999976,1
10158,0,1,0.4043016,0
10159,1,1,0.9664738,1
10160,0,1,0.97917557,0
10161,0,0,0.022328783,1
10162,0,0,0.043325305,1
10163,0,0,0.0288983,1
10164,1,0,0.085479975,0
10165,0,0,0.024940254,1
10166,1,1,0.9988752,1
10167,1,1,1.0,1
10168,1,1,1.0,1
10169,1,1,0.99977833,1
10170,1,1,0.9997981,1
10171,0,0,0.053899158,1
10172,1,0,0.05500529,0
10173,1,0,0.18810017,0
10174,1,1,0.99999845,1
10175,0,0,0.020705253,1
10176,0,0,0.060919292,1
10177,1,1,0.99999976,1
10178,1,1,0.99997747,1
10179,1,0,0.16844618,0
10180,1,1,0.996682,1
10181,1,1,1.0,1
10182,0,0,0.056652427,1
10183,1,1,0.9989536,1
10184,1,1,0.924347,1
10185,0,0,0.052960765,1
10186,0,1,0.9716448,0
10187,1,1,0.99999666,1
10188,1,1,0.88513595,1
10189,1,1,0.9999944,1
10190,0,0,0.18491466,1
10191,0,0,0.034229323,1
10192,1,0,0.23414387,0
10193,1,0,0.0071352525,0
10194,0,0,0.011222865,1
10195,0,0,0.023644341,1
10196,1,1,0.6242363,1
10197,1,1,0.99975747,1
10198,1,1,0.9999975,1
10199,0,1,0.9992944,0
10200,0,0,0.19521025,1
10201,1,1,0.98302,1
10202,0,0,0.029535338,1
10203,1,1,1.0,1
10204,0,0,0.15077755,1
10205,0,1,0.36500388,0
10206,1,1,0.99937004,1
10207,0,1,0.38058627,0
10208,0,1,0.7880128,0
10209,0,0,0.019587422,1
10210,1,1,0.45060113,1
10211,1,1,0.99998903,1
10212,1,1,0.9999993,1
10213,0,1,0.41727147,0
10214,1,1,0.9997131,1
10215,1,1,0.9818579,1
10216,1,1,0.78980166,1
10217,1,1,0.9999424,1
10218,1,1,0.9975986,1
10219,1,0,0.16384642,0
10220,1,1,0.9998691,1
10221,1,0,0.036631368,0
10222,0,0,0.010944577,1
10223,0,1,0.99434716,0
10224,1,1,0.61201984,1
10225,0,1,1.0,0
10226,1,0,0.011846234,0
10227,1,1,0.9997918,1
10228,1,1,0.6853707,1
10229,0,0,0.14211279,1
10230,0,0,0.22575781,1
10231,1,1,0.99991584,1
10232,1,1,0.9999999,1
10233,0,0,0.007831049,1
10234,1,1,1.0,1
10235,0,1,0.4019812,0
10236,0,1,0.9989454,0
10237,1,1,0.8688268,1
10238,0,1,0.72501636,0
10239,1,1,0.9526623,1
10240,0,0,0.11124121,1
10241,1,1,0.964822,1
10242,1,1,0.99999034,1
10243,0,1,0.99492985,0
10244,1,1,0.9994418,1
10245,1,1,1.0,1
10246,1,1,1.0,1
10247,1,1,0.99735296,1
10248,0,0,0.20024472,1
10249,0,0,0.044389986,1
10250,0,0,0.0672398,1
10251,1,0,0.22185604,0
10252,1,1,0.998606,1
10253,0,1,0.9999945,0
10254,1,1,0.98722816,1
10255,1,1,0.99964094,1
10256,1,0,0.05981148,0
10257,1,1,0.99999976,1
10258,1,1,0.9796482,1
10259,1,1,0.99693656,1
10260,1,1,1.0,1
10261,0,0,0.08144666,1
10262,1,1,1.0,1
10263,1,1,0.9999988,1
10264,1,1,0.9733675,1
10265,0,0,0.28716773,1
10266,1,1,0.9999622,1
10267,1,1,0.9999578,1
10268,1,1,0.98860246,1
10269,0,0,0.058560826,1
10270,0,1,0.8217605,0
10271,1,0,0.06447655,0
10272,0,0,0.3110082,1
10273,0,0,0.134719,1
10274,1,0,0.15393034,0
10275,0,1,0.5178757,0
10276,1,1,0.99999475,1
10277,1,1,1.0,1
10278,1,1,1.0,1
10279,0,1,0.8671483,0
10280,1,1,0.46031922,1
10281,1,1,0.83141696,1
10282,1,1,0.9988949,1
10283,0,0,0.104294725,1
10284,0,0,0.10420353,1
10285,0,0,0.009878943,1
10286,1,1,0.9459013,1
10287,1,1,1.0,1
10288,1,0,0.34931073,0
10289,0,1,0.42898077,0
10290,1,1,1.0,1
10291,1,1,0.9999988,1
10292,1,1,0.9662198,1
10293,0,1,1.0,0
10294,0,0,0.013768816,1
10295,1,0,0.14015962,0
10296,1,1,0.97376966,1
10297,1,1,1.0,1
10298,1,0,0.10530251,0
10299,0,1,0.9999888,0
10300,1,1,0.9999914,1
10301,1,1,0.99998415,1
10302,1,1,1.0,1
10303,0,0,0.05470151,1
10304,1,1,0.99974686,1
10305,0,0,0.032222297,1
10306,0,1,0.5865228,0
10307,0,0,0.21125406,1
10308,1,1,0.9999999,1
10309,1,1,0.9999844,1
10310,0,0,0.21667379,1
10311,1,1,0.99996984,1
10312,0,0,0.09509706,1
10313,1,1,0.6461812,1
10314,0,0,0.13302054,1
10315,0,1,0.9992099,0
10316,1,0,0.11606085,0
10317,0,0,0.14891149,1
10318,1,1,0.9999999,1
10319,1,1,0.57737625,1
10320,0,1,0.99256825,0
10321,1,1,0.9991374,1
10322,0,0,0.24104248,1
10323,0,1,0.4611381,0
10324,0,0,0.063714996,1
10325,1,0,0.2862191,0
10326,0,1,0.87873113,0
10327,0,1,0.3782294,0
10328,1,0,0.12738101,0
10329,0,0,0.25460163,1
10330,1,1,0.9996252,1
10331,0,0,0.14438999,1
10332,1,1,0.9999101,1
10333,1,0,0.014364656,0
10334,1,1,0.54994273,1
10335,1,1,0.99999833,1
10336,0,1,0.9678993,0
10337,0,0,0.13811268,1
10338,1,1,0.99999964,1
10339,1,1,0.9999987,1
10340,0,0,6.579465e-05,1
10341,1,1,0.9060729,1
10342,0,1,0.9999784,0
10343,1,1,0.99973875,1
10344,1,1,1.0,1
10345,1,1,0.96192914,1
10346,1,1,1.0,1
10347,0,1,0.99997914,0
10348,1,1,0.9612802,1
10349,0,1,0.9981863,0
10350,1,1,0.9893885,1
10351,1,1,0.9999989,1
10352,1,1,0.9961755,1
10353,0,0,0.14051308,1
10354,0,0,0.023734689,1
10355,0,0,0.02578508,1
10356,0,0,0.07382971,1
10357,0,1,0.47697553,0
10358,1,1,0.7815808,1
10359,1,1,0.5984295,1
10360,1,0,0.055515114,0
10361,0,0,0.16995622,1
10362,1,1,0.99998975,1
10363,1,1,1.0,1
10364,1,1,0.98546845,1
10365,1,0,0.088425905,0
10366,1,1,0.9985018,1
10367,1,1,0.6564931,1
10368,1,0,0.34482944,0
10369,1,1,0.9999968,1
10370,1,1,0.99677116,1
10371,0,0,0.13770632,1
10372,1,1,0.8873999,1
10373,0,0,0.28656837,1
10374,1,1,0.85318035,1
10375,0,0,0.14922118,1
10376,0,0,0.109182276,1
10377,1,0,0.117217995,0
10378,1,0,0.11997408,0
10379,1,1,0.9999057,1
10380,1,1,0.99997914,1
10381,0,0,0.092359796,1
10382,1,1,0.9695268,1
10383,1,1,0.99998856,1
10384,1,0,0.059921406,0
10385,0,1,0.999828,0
10386,0,0,0.031143833,1
10387,1,1,0.9644221,1
10388,1,1,0.9425068,1
10389,0,1,0.9637117,0
10390,0,1,0.52993244,0
10391,0,0,0.058507007,1
10392,0,1,0.9998005,0
10393,0,0,0.04268228,1
10394,1,1,0.9322685,1
10395,1,0,0.10484337,0
10396,0,0,0.014928337,1
10397,1,0,0.24689633,0
10398,1,1,0.9986436,1
10399,1,1,0.52634275,1
10400,1,1,0.9999552,1
10401,0,1,0.47113198,0
10402,1,1,0.99738365,1
10403,0,0,0.038430087,1
10404,1,1,1.0,1
10405,1,0,0.19544049,0
10406,0,0,0.095433734,1
10407,0,0,0.24972162,1
10408,1,1,0.9999094,1
10409,0,1,0.56457865,0
10410,1,1,0.9151287,1
10411,1,0,0.03289904,0
10412,0,1,0.9999988,0
10413,1,1,0.9999087,1
10414,1,1,0.5726033,1
10415,1,1,1.0,1
10416,1,1,0.9980083,1
10417,0,1,0.4855387,0
10418,1,1,0.99999917,1
10419,1,1,0.9869292,1
10420,1,1,0.9887771,1
10421,1,1,0.99994874,1
10422,0,0,0.14282864,1
10423,1,1,0.9999827,1
10424,1,0,0.09560247,0
10425,0,0,0.018038029,1
10426,0,0,0.07661468,1
10427,1,1,0.9999949,1
10428,0,1,0.69342107,0
10429,1,0,0.06596493,0
10430,0,1,0.99990535,0
10431,1,0,0.13273923,0
10432,0,1,0.97678024,0
10433,0,1,0.9944126,0
10434,0,0,0.27639747,1
10435,0,0,0.13730095,1
10436,0,0,0.073098525,1
10437,0,1,0.99922967,0
10438,0,0,0.08570927,1
10439,0,1,0.46408176,0
10440,0,0,0.01042845,1
10441,0,1,0.96544635,0
10442,1,1,0.9988991,1
10443,1,1,1.0,1
10444,1,0,0.01287075,0
10445,1,1,0.98498523,1
10446,0,0,0.22253114,1
10447,1,1,0.9999999,1
10448,1,1,0.99998,1
10449,1,1,0.9999994,1
10450,1,1,0.45241496,1
10451,0,1,0.7142794,0
10452,1,0,0.33589524,0
10453,1,1,0.8715842,1
10454,1,1,0.9992519,1
10455,0,0,0.01665704,1
10456,0,0,0.0349467,1
10457,1,1,0.99982184,1
10458,1,1,0.44842628,1
10459,1,1,1.0,1
10460,1,1,1.0,1
10461,0,0,0.10176784,1
10462,1,0,0.19993211,0
10463,0,1,0.80286485,0
10464,0,0,0.14529718,1
10465,1,1,0.9998184,1
10466,1,1,0.99986815,1
10467,0,0,0.15746048,1
10468,0,1,0.9841546,0
10469,0,1,0.68315536,0
10470,1,0,0.064771704,0
10471,0,1,0.86048645,0
10472,0,1,0.96929514,0
10473,1,1,0.9999995,1
10474,0,1,0.7831604,0
10475,1,1,0.99990046,1
10476,1,1,0.6268668,1
10477,1,1,0.8568123,1
10478,1,1,0.5078729,1
10479,1,1,0.9852997,1
10480,0,0,0.074500255,1
10481,0,1,0.9517736,0
10482,0,1,1.0,0
10483,1,1,0.997783,1
10484,0,1,0.9870546,0
10485,0,1,0.46830428,0
10486,0,1,0.8050198,0
10487,0,0,0.0548532,1
10488,0,0,0.12315456,1
10489,0,0,0.089375086,1
10490,1,0,0.10875559,0
10491,1,1,0.9996705,1
10492,1,0,0.08291986,0
10493,1,1,0.8718026,1
10494,0,1,0.9998894,0
10495,0,1,0.99939644,0
10496,0,1,0.42301106,0
10497,0,0,0.0127472645,1
10498,1,1,0.99984705,1
10499,1,1,0.89552265,1
10500,0,1,0.45613718,0
10501,1,1,1.0,1
10502,1,0,0.2943671,0
10503,1,1,1.0,1
10504,1,1,0.9916842,1
10505,0,0,0.13678125,1
10506,0,0,0.093512304,1
10507,1,1,1.0,1
10508,0,1,0.6147988,0
10509,1,1,0.99993896,1
10510,0,0,0.07477004,1
10511,0,1,0.38439205,0
10512,1,1,0.99999475,1
10513,1,1,0.8850366,1
10514,1,1,0.9996338,1
10515,0,1,0.969985,0
10516,1,1,0.99999785,1
10517,1,0,0.15127839,0
10518,0,0,0.11992252,1
10519,1,1,1.0,1
10520,1,0,0.09476145,0
10521,1,1,0.9987649,1
10522,1,1,0.412471,1
10523,1,0,0.067546695,0
10524,0,0,0.253861,1
10525,0,1,0.8656789,0
10526,0,0,0.014728614,1
10527,0,1,0.95679593,0
10528,0,0,0.016497836,1
10529,1,1,0.9854124,1
10530,1,1,1.0,1
10531,1,1,0.9987527,1
10532,1,1,1.0,1
10533,1,1,0.8134608,1
10534,0,1,0.4308357,0
10535,1,1,0.91884506,1
10536,1,1,0.99998033,1
10537,0,1,0.68357795,0
10538,0,0,0.06596493,1
10539,0,1,0.85752964,0
10540,1,1,0.91274774,1
10541,0,0,0.08381536,1
10542,1,1,0.99876726,1
10543,0,0,0.107812636,1
10544,1,1,0.89302987,1
10545,1,0,0.299566,0
10546,0,1,0.66263276,0
10547,1,0,0.009689717,0
10548,1,1,0.91618466,1
10549,1,1,1.0,1
10550,1,1,0.9999994,1
10551,0,0,0.0004390453,1
10552,1,1,0.98378503,1
10553,1,1,0.6350527,1
10554,1,1,0.99999726,1
10555,1,1,0.9995652,1
10556,1,1,0.9719393,1
10557,1,1,0.8307315,1
10558,1,1,0.99976224,1
10559,0,1,0.83960253,0
10560,0,0,0.2683658,1
10561,0,0,0.0422455,1
10562,0,0,0.11736965,1
10563,0,1,0.943504,0
10564,0,0,0.08359068,1
10565,0,0,0.22841457,1
10566,1,1,0.55935025,1
10567,1,1,0.8365546,1
10568,1,0,0.08151975,0
10569,0,1,0.47237924,0
10570,1,1,0.9994105,1
10571,1,0,0.0059571536,0
10572,0,1,0.43980747,0
10573,0,0,0.08834723,1
10574,1,1,0.9999801,1
10575,0,0,0.34875602,1
10576,0,1,0.8718026,0
10577,0,0,0.026506122,1
10578,0,1,0.99971086,0
10579,1,1,0.9999542,1
10580,0,1,0.9974191,0
10581,1,1,1.0,1
10582,1,0,0.0140636265,0
10583,1,0,0.15856485,0
10584,1,1,0.99999976,1
10585,0,1,0.80123687,0
10586,0,1,1.0,0
10587,0,0,0.23554772,1
10588,1,1,0.9999924,1
10589,1,1,0.9997749,1
10590,1,1,0.9983991,1
10591,0,0,0.02265081,1
10592,0,0,0.05770532,1
10593,0,0,0.07270252,1
10594,1,1,0.9976769,1
10595,1,1,0.99999726,1
10596,0,1,0.5987815,0
10597,0,1,0.9114165,0
10598,1,1,0.9999912,1
10599,1,1,0.99980515,1
10600,1,1,0.89982784,1
10601,1,1,0.99731135,1
10602,0,0,0.07250525,1
10603,0,1,0.58604914,0
10604,0,0,0.11930549,1
10605,1,0,0.35092172,0
10606,1,0,0.33535084,0
10607,1,0,0.33074132,0
10608,0,1,0.97684664,0
10609,1,1,0.3740473,1
10610,0,0,0.1346052,1
10611,1,1,0.99991214,1
10612,0,1,0.95791227,0
10613,1,1,0.698278,1
10614,0,1,0.77551985,0
10615,0,0,0.3395538,1
10616,0,1,0.9878528,0
10617,0,1,0.86522406,0
10618,1,1,0.5280467,1
10619,0,1,0.9899087,0
10620,0,1,0.99727964,0
10621,0,1,0.47432682,0
10622,0,0,0.18780208,1
10623,1,1,0.9668201,1
10624,1,1,0.90105337,1
10625,0,1,0.3798671,0
10626,1,1,0.9999194,1
10627,1,1,0.99997604,1
10628,1,0,0.01605998,0
10629,0,1,0.668718,0
10630,0,1,0.8610715,0
10631,0,0,0.074500255,1
10632,1,1,1.0,1
10633,1,1,0.91006696,1
10634,1,1,1.0,1
10635,1,0,0.3390065,0
10636,0,0,0.30766994,1
10637,0,1,0.9894907,0
10638,0,1,0.95362186,0
10639,1,1,0.94853723,1
10640,0,0,0.04057874,1
10641,1,1,0.99991345,1
10642,0,0,0.21206881,1
10643,0,1,0.5010376,0
10644,1,1,0.9957188,1
10645,1,1,0.7685595,1
10646,1,1,0.99978,1
10647,1,1,0.9965301,1
10648,0,0,0.10818896,1
10649,0,1,0.84156543,0
10650,1,1,0.85342485,1
10651,1,1,0.99866986,1
10652,1,1,0.99945897,1
10653,1,1,0.99984455,1
10654,1,0,0.320077,0
10655,1,0,0.26350462,0
10656,0,1,0.99979895,0
10657,0,1,0.63516587,0
10658,0,0,0.31917444,1
10659,1,1,0.708868,1
10660,1,1,0.93587595,1
10661,0,1,0.36311033,0
10662,1,1,0.9736196,1
10663,1,1,0.99999964,1
10664,0,0,0.28086287,1
10665,1,1,0.998487,1
10666,0,0,0.19368058,1
10667,1,0,0.091220066,0
10668,1,1,0.99999976,1
10669,1,1,0.93158704,1
10670,0,0,0.3049206,1
10671,1,1,0.9999993,1
10672,0,0,0.08570927,1
10673,1,1,0.8334602,1
10674,1,1,0.94858485,1
10675,1,0,0.100436606,0
10676,1,0,0.031084953,0
10677,1,1,1.0,1
10678,1,1,0.60439897,1
10679,1,1,0.9913726,1
10680,1,1,1.0,1
10681,1,1,0.99369794,1
10682,1,1,0.9999249,1
10683,0,1,0.45547107,0
10684,1,1,0.9999982,1
10685,0,0,0.1583695,1
10686,1,1,0.8844391,1
10687,1,1,0.9998746,1
10688,0,0,0.04972728,1
10689,1,1,0.99318933,1
10690,0,1,0.9999999,0
10691,1,1,1.0,1
10692,0,0,0.13006428,1
10693,1,1,0.9999845,1
10694,0,0,0.16566059,1
10695,0,1,0.66589963,0
10696,0,0,0.048405956,1
10697,0,0,0.11308892,1
10698,1,0,0.008283627,0
10699,0,0,0.1308397,1
10700,0,1,0.9999751,0
10701,1,1,0.9989956,1
10702,1,1,0.99889696,1
10703,1,1,0.9948704,1
10704,1,1,1.0,1
10705,0,0,0.058507007,1
10706,0,1,0.4865755,0
10707,0,1,0.478407,0
10708,0,0,0.086554825,1
10709,0,1,0.3889661,0
10710,1,1,1.0,1
10711,0,0,0.04065485,1
10712,0,1,0.9999877,0
10713,0,0,0.31032848,1
10714,0,1,0.91693145,0
10715,0,0,0.087252244,1
10716,1,0,0.13488984,0
10717,1,1,0.99879813,1
10718,0,0,0.16158465,1
10719,0,0,0.0059225564,1
10720,0,0,0.020744892,1
10721,0,0,0.062273983,1
10722,0,0,0.11818139,1
10723,0,1,0.76829886,0
10724,0,1,0.9999794,0
10725,1,1,0.99999166,1
10726,0,0,0.24835183,1
10727,0,1,0.7221843,0
10728,0,0,0.033844035,1
10729,1,1,0.9852997,1
10730,1,1,0.99998355,1
10731,1,1,0.83031917,1
10732,1,1,0.99998975,1
10733,0,0,0.14229147,1
10734,1,1,0.9998785,1
10735,0,0,0.015454242,1
10736,0,0,0.24113183,1
10737,0,0,0.031708594,1
10738,1,1,0.9926684,1
10739,0,1,0.35125545,0
10740,0,1,0.87966454,0
10741,1,1,0.4112882,1
10742,1,0,0.28407922,0
10743,1,1,0.77814394,1
10744,1,1,0.98024315,1
10745,0,1,0.91181,0
10746,0,0,0.16391331,1
10747,0,0,0.0042398255,1
10748,0,1,0.79174054,0
10749,1,0,0.3213535,0
10750,0,0,0.019832712,1
10751,0,0,0.090494074,1
10752,1,1,1.0,1
10753,0,1,0.9999995,0
10754,1,1,1.0,1
10755,1,1,1.0,1
10756,0,1,0.40265635,0
10757,1,1,0.99999976,1
10758,0,1,0.9919224,0
10759,0,0,0.07356305,1
10760,1,1,0.99961025,1
10761,0,1,0.42298126,0
10762,0,1,0.93599313,0
10763,0,1,0.99738365,0
10764,1,1,0.9507779,1
10765,0,1,0.9458513,0
10766,1,0,0.14566138,0
10767,0,0,0.03378023,1
10768,1,1,0.99935,1
10769,0,1,0.99999654,0
10770,0,0,0.10715685,1
10771,1,1,0.5338835,1
10772,0,0,0.15520647,1
10773,1,1,1.0,1
10774,1,1,0.9400786,1
10775,0,1,0.6883113,0
10776,1,0,0.051462766,0
10777,1,0,0.21950476,0
10778,1,1,0.99997866,1
10779,0,0,0.031291503,1
10780,1,1,1.0,1
10781,1,1,0.9996395,1
10782,1,0,0.28716773,0
10783,0,1,0.6128312,0
10784,1,1,0.999577,1
10785,0,0,0.26588044,1
10786,1,1,1.0,1
10787,0,0,0.052327625,1
10788,1,1,0.969814,1
10789,1,1,0.9921233,1
10790,1,1,0.99776125,1
10791,1,1,0.988108,1
10792,0,1,0.8482194,0
10793,0,1,0.69238204,0
10794,0,0,0.03491378,1
10795,0,0,0.0349467,1
10796,1,1,0.99158704,1
10797,1,0,0.27629983,0
10798,0,0,0.02136889,1
10799,1,1,0.9999534,1
10800,0,0,0.061762713,1
10801,0,1,0.9667575,0
10802,0,1,0.9551939,0
10803,1,1,1.0,1
10804,1,1,0.9532315,1
10805,1,1,0.99040353,1
10806,1,1,0.9999988,1
10807,0,1,0.5178757,0
10808,1,1,0.99386686,1
10809,0,1,0.8327813,0
10810,0,0,0.17553806,1
10811,0,1,0.99941504,0
10812,1,1,0.9875683,1
10813,1,1,1.0,1
10814,0,1,0.48593512,0
10815,0,0,0.11747085,1
10816,1,1,0.96192914,1
10817,1,1,0.99996173,1
10818,1,1,0.9999988,1
10819,1,1,1.0,1
10820,0,1,0.93367314,0
10821,0,0,0.020390792,1
10822,1,0,0.15140381,0
10823,1,1,0.9764232,1
10824,1,1,0.9951984,1
10825,0,0,0.049222115,1
10826,0,1,0.5654188,0
10827,0,0,0.0212467,1
10828,1,0,0.06530615,0
10829,0,1,0.36528686,0
10830,1,1,0.93874466,1
10831,1,1,0.9676251,1
10832,0,0,0.08336651,1
10833,1,1,0.9995932,1
10834,1,1,1.0,1
10835,0,1,0.6372001,0
10836,1,1,0.9999999,1
10837,0,0,0.0672398,1
10838,1,1,0.99021614,1
10839,1,1,0.9999999,1
10840,0,0,0.106411695,1
10841,0,1,0.99999833,0
10842,0,1,0.9611345,0
10843,1,1,0.9999957,1
10844,1,1,1.0,1
10845,0,1,0.9980045,0
10846,0,0,0.34695607,1
10847,0,1,0.67528296,0
10848,1,1,0.99971086,1
10849,1,1,0.9999999,1
10850,0,1,0.98292196,0
10851,0,1,0.8554893,0
10852,0,1,0.5851011,0
10853,0,1,0.5083,0
10854,1,1,0.9999999,1
10855,0,1,0.9998104,0
10856,0,1,0.9997131,0
10857,0,0,0.09227797,1
10858,0,1,0.9980882,0
10859,0,1,0.989791,0
10860,1,1,1.0,1
10861,1,1,0.9999995,1
10862,0,0,0.059428226,1
10863,0,0,0.025130948,1
10864,1,0,0.32151327,0
10865,1,1,0.9962999,1
10866,1,1,0.9999778,1
10867,1,1,0.69259,1
10868,1,1,0.92892635,1
10869,0,1,0.9998894,0
10870,1,0,0.15304215,0
10871,0,0,0.04501553,1
10872,1,1,1.0,1
10873,0,1,0.41146556,0
10874,1,1,0.99854773,1
10875,0,0,0.06388999,1
10876,1,1,0.99999976,1
10877,0,0,0.049497057,1
10878,0,0,0.1098012,1
10879,0,0,0.15514244,1
10880,1,0,0.35031024,0
10881,1,1,0.9999994,1
10882,1,1,0.99937004,1
10883,0,1,0.9974241,0
10884,0,1,0.9999999,0
10885,1,1,0.99999726,1
10886,1,1,0.99999225,1
10887,0,1,0.66893435,0
10888,1,1,0.4136844,1
10889,0,0,0.051177494,1
10890,0,0,0.027143434,1
10891,1,1,0.9730109,1
10892,1,0,0.304145,0
10893,1,1,1.0,1
10894,1,1,1.0,1
10895,0,1,0.99572706,0
10896,1,1,0.4893815,1
10897,1,1,1.0,1
10898,1,1,1.0,1
10899,0,0,0.10438599,1
10900,0,1,0.9892855,0
10901,1,1,0.99999905,1
10902,0,0,0.2589814,1
10903,1,1,1.0,1
10904,1,1,1.0,1
10905,1,1,0.9999994,1
10906,0,1,0.996271,0
10907,1,0,0.05345272,0
10908,0,0,0.09903369,1
10909,0,1,0.98421544,0
10910,1,1,0.99999905,1
10911,0,1,0.7812472,0
10912,0,0,0.182717,1
10913,0,0,0.04324442,1
10914,0,1,0.39137688,0
10915,0,0,0.095265254,1
10916,0,1,0.9994363,0
10917,1,1,0.9818056,1
10918,0,0,0.17384852,1
10919,1,1,0.9999999,1
10920,0,1,0.62309027,0
10921,0,0,0.06910072,1
10922,0,0,0.058560826,1
10923,0,1,0.909907,0
10924,0,0,0.046464663,1
10925,1,1,0.96858984,1
10926,0,1,0.98768765,0
10927,1,1,0.99999964,1
10928,1,1,1.0,1
10929,1,1,0.99992037,1
10930,0,1,0.9911527,0
10931,0,1,0.99825555,0
10932,1,1,0.9747971,1
10933,0,0,0.030502051,1
10934,0,0,0.23144047,1
10935,0,0,0.18952107,1
10936,1,1,0.99021614,1
10937,1,0,0.0212467,0
10938,1,1,0.7858021,1
10939,0,0,0.03659692,1
10940,0,1,0.9996983,0
10941,1,0,0.13302054,0
10942,0,0,0.07356305,1
10943,1,1,0.8974259,1
10944,0,1,0.9997677,0
10945,1,1,0.9992563,1
10946,0,0,0.27835485,1
10947,0,0,0.056600258,1
10948,1,1,1.0,1
10949,1,1,0.7844842,1
10950,1,1,0.9981324,1
10951,1,1,0.99990463,1
10952,0,1,0.9997075,0
10953,1,1,1.0,1
10954,0,1,0.5381338,0
10955,0,1,0.8505928,0
10956,1,1,0.9982488,1
10957,0,1,0.99999475,0
10958,1,1,1.0,1
10959,1,1,0.754101,1
10960,1,1,0.9769568,1
10961,0,1,0.5984882,0
10962,1,1,1.0,1
10963,0,1,0.852813,0
10964,0,0,0.16444936,1
10965,0,0,0.09293445,1
10966,1,1,0.98888505,1
10967,0,0,0.07626997,1
10968,0,1,0.8233284,0
10969,1,0,0.28333497,0
10970,1,1,0.99997497,1
10971,0,0,0.10123348,1
10972,0,1,0.37439033,0
10973,1,1,0.88038635,1
10974,0,0,0.26874945,1
10975,0,0,0.14915918,1
10976,1,1,0.99634284,1
10977,1,1,0.97949183,1
10978,1,1,0.9546474,1
10979,0,1,0.95561,0
10980,1,1,0.9891606,1
10981,0,1,0.76829886,0
10982,1,1,0.9684709,1
10983,0,1,0.99844813,0
10984,0,0,0.25229195,1
10985,1,1,1.0,1
10986,1,1,0.9999752,1
10987,0,0,0.02573606,1
10988,1,1,0.99947053,1
10989,1,0,0.24671482,0
10990,1,1,0.7163675,1
10991,1,1,0.8292156,1
10992,0,0,0.161717,1
10993,1,1,0.97288233,1
10994,1,1,1.0,1
10995,1,1,0.999723,1
10996,1,1,0.9870546,1
10997,0,1,0.97259754,0
10998,1,1,1.0,1
10999,0,0,0.15021572,1
11000,0,0,0.14021848,1
11001,1,1,0.5412876,1
11002,0,1,0.84325075,0
11003,1,1,0.9998253,1
11004,1,1,0.6806133,1
11005,0,1,0.99999857,0
11006,1,1,0.99642736,1
11007,1,1,1.0,1
11008,1,1,1.0,1
11009,0,1,1.0,0
11010,0,0,0.1435475,1
11011,0,0,0.29634872,1
11012,1,1,0.9991623,1
11013,1,0,0.076132484,0
11014,1,0,0.04401865,0
11015,0,0,0.04468087,1
11016,1,1,0.86838096,1
11017,0,1,0.7472472,0
11018,0,0,0.04084572,1
11019,0,0,0.094594024,1
11020,1,1,0.99664307,1
11021,1,1,1.0,1
11022,0,0,0.24400252,1
11023,1,1,0.98518616,1
11024,1,0,0.02763772,0
11025,1,1,0.9998771,1
11026,0,1,0.6093498,0
11027,1,1,1.0,1
11028,1,1,0.99994564,1
11029,1,1,0.9999999,1
11030,0,0,0.053849373,1
11031,0,1,0.607896,0
11032,1,1,0.89077026,1
11033,0,1,0.39420095,0
11034,0,0,0.18432663,1
11035,0,1,0.77415687,0
11036,1,1,1.0,1
11037,1,1,0.99937975,1
11038,1,1,1.0,1
11039,1,1,0.99999976,1
11040,1,0,0.17196317,0
11041,1,1,0.99999976,1
11042,1,1,0.9999933,1
11043,1,0,0.10079008,0
11044,1,1,0.9992206,1
11045,1,1,0.99999845,1
11046,1,1,0.9999572,1
11047,0,0,0.07336364,1
11048,0,0,0.08953418,1
11049,0,0,0.004007289,1
11050,1,1,0.99999964,1
11051,1,1,0.99972516,1
11052,1,1,1.0,1
11053,1,1,0.88710684,1
11054,1,1,0.78365755,1
11055,0,1,0.9658352,0
11056,1,1,0.91228,1
11057,1,1,1.0,1
11058,0,1,0.3863582,0
11059,0,0,0.15140381,1
11060,1,0,0.0553617,0
11061,1,1,0.9465967,1
11062,1,0,0.107250325,0
11063,0,1,0.776877,0
11064,0,0,0.14330755,1
11065,0,0,0.010755925,1
11066,1,1,0.9994035,1
11067,0,0,0.160069,1
11068,0,0,0.15791446,1
11069,0,0,0.0066411127,1
11070,1,1,0.99999964,1
11071,0,1,0.7190878,0
11072,0,1,0.96888566,0
11073,1,1,1.0,1
11074,0,1,0.4443839,0
11075,1,1,0.99497885,1
11076,0,0,0.0017856744,1
11077,1,1,0.74148685,1
11078,0,0,0.086400524,1
11079,1,1,0.74003345,1
11080,1,0,0.17575018,0
11081,1,1,1.0,1
11082,0,0,0.32621777,1
11083,1,1,0.99995184,1
11084,1,1,1.0,1
11085,1,1,0.99553156,1
11086,1,1,0.99844813,1
11087,0,0,0.023419945,1
11088,1,1,1.0,1
11089,1,1,1.0,1
11090,0,0,0.016450368,1
11091,0,1,0.9934738,0
11092,0,1,0.9503189,0
11093,1,1,0.9856353,1
11094,1,1,0.999995,1
11095,1,1,0.9747971,1
11096,1,1,0.36330798,1
11097,1,1,0.73326087,1
11098,1,1,0.997851,1
11099,1,0,0.030559864,0
11100,0,1,0.489778,0
11101,0,1,0.86223567,0
11102,0,0,0.065904796,1
11103,1,1,0.99827933,1
11104,1,1,0.99731654,1
11105,0,0,0.1500911,1
11106,0,0,0.09178833,1
11107,0,0,0.1500911,1
11108,0,0,0.2805178,1
11109,1,1,0.9946255,1
11110,1,1,0.9987356,1
11111,1,1,0.99970055,1
11112,1,1,0.9999999,1
11113,0,1,0.9621787,0
11114,0,1,0.3794646,0
11115,0,0,0.28199846,1
11116,1,1,0.94728357,1
11117,1,1,0.97513086,1
11118,1,1,0.9410612,1
11119,1,1,1.0,1
11120,0,1,0.42548585,0
11121,1,1,0.9546897,1
11122,0,0,0.32220602,1
11123,1,1,0.5528415,1
11124,1,0,0.039416388,0
11125,0,0,0.08108211,1
11126,1,1,0.9258357,1
11127,0,1,0.6141626,0
11128,0,1,0.366108,0
11129,0,0,0.13678125,1
11130,1,0,0.13609089,0
11131,1,1,0.97943294,1
11132,1,1,0.9998697,1
11133,0,1,0.5039062,0
11134,1,1,0.9985562,1
11135,0,1,0.9999963,0
11136,0,0,0.1048892,1
11137,0,1,0.87831426,0
11138,1,1,1.0,1
11139,0,0,0.061255362,1
11140,1,1,0.90894175,1
11141,1,1,0.9998184,1
11142,0,0,0.098512106,1
11143,1,1,1.0,1
11144,1,1,1.0,1
11145,0,1,0.7831604,0
11146,1,0,0.034229323,0
11147,1,1,1.0,1
11148,1,0,0.05899303,0
11149,1,1,0.9999918,1
11150,1,0,0.042922337,0
11151,1,1,1.0,1
11152,1,0,0.096705794,0
11153,1,1,0.9999993,1
11154,1,1,0.9999999,1
11155,1,1,1.0,1
11156,0,1,0.94192183,0
11157,0,0,0.06791668,1
11158,1,0,0.05350215,0
11159,1,1,0.99999976,1
11160,1,1,0.967132,1
11161,1,0,0.1266231,0
11162,0,0,0.096195176,1
11163,1,0,0.21117273,0
11164,1,1,0.698278,1
11165,0,0,0.23863891,1
11166,1,1,0.99998057,1
11167,1,1,0.5620563,1
11168,1,1,1.0,1
11169,1,1,1.0,1
11170,1,1,0.9989454,1
11171,0,0,0.026031531,1
11172,1,1,0.9959771,1
11173,0,1,0.52323765,0
11174,1,0,0.14098547,0
11175,1,1,0.99994373,1
11176,0,1,0.8932163,0
11177,1,1,0.99967504,1
11178,1,1,0.50823903,1
11179,0,1,0.7516481,0
11180,1,1,0.99999607,1
11181,1,1,0.99877447,1
11182,0,1,0.37754068,0
11183,0,1,0.6766733,0
11184,1,1,0.9991391,1
11185,0,1,0.5559777,0
11186,1,1,0.99916553,1
11187,1,1,0.9997893,1
11188,0,0,0.0013511209,1
11189,1,0,0.07544843,0
11190,1,1,1.0,1
11191,1,1,1.0,1
11192,1,1,1.0,1
11193,1,1,0.9780727,1
11194,1,1,0.80700475,1
11195,1,1,0.9996971,1
11196,1,0,0.10502681,0
11197,0,1,0.9997613,0
11198,1,1,0.6999214,1
11199,1,1,1.0,1
11200,0,0,0.23899394,1
11201,1,1,0.99998724,1
11202,1,1,1.0,1
11203,0,1,0.99419135,0
11204,1,1,0.94834626,1
11205,1,1,0.99491996,1
11206,1,1,0.787768,1
11207,0,0,0.012624949,1
11208,0,0,0.09178833,1
11209,1,1,0.99997103,1
11210,0,0,0.048767094,1
11211,0,1,0.9589625,0
11212,0,0,0.07030384,1
11213,1,1,0.9998005,1
11214,1,1,1.0,1
11215,0,0,0.19884089,1
11216,0,1,0.69342107,0
11217,1,0,0.12168575,0
11218,0,0,0.3504214,1
11219,0,1,0.99752253,0
11220,0,0,0.34301153,1
11221,1,1,1.0,1
11222,0,0,0.11531158,1
11223,0,0,0.060863446,1
11224,1,0,0.106597565,0
11225,1,0,0.21190566,0
11226,0,1,0.97691274,0
11227,1,0,0.18322797,0
11228,1,1,1.0,1
11229,0,0,0.03760863,1
11230,1,1,0.9997942,1
11231,0,1,0.5219585,0
11232,0,0,0.01046884,1
11233,1,1,1.0,1
11234,0,0,0.27639747,1
11235,1,1,0.99991286,1
11236,1,1,0.99998426,1
11237,0,1,0.98715407,0
11238,0,0,0.28091216,1
11239,1,1,0.9999995,1
11240,1,1,0.89340246,1
11241,1,1,1.0,1
11242,1,1,0.94427973,1
11243,0,0,0.16020033,1
11244,0,1,0.9999999,0
11245,1,1,1.0,1
11246,1,1,0.99999964,1
11247,1,1,0.9998697,1
11248,0,1,0.9999982,0
11249,1,0,0.029256709,0
11250,1,0,0.15077755,0
11251,1,1,0.96835136,1
11252,1,0,0.024446366,0
11253,0,0,0.08961382,1
11254,1,1,1.0,1
11255,1,1,0.9992848,1
11256,0,1,0.99978095,0
11257,0,1,0.7514658,0
11258,0,1,0.6517428,0
11259,1,0,0.058131598,0
11260,1,1,0.99995685,1
11261,1,1,1.0,1
11262,0,0,0.026105914,1
11263,1,1,0.99998724,1
11264,0,0,0.03365296,1
11265,1,1,0.9999988,1
11266,1,1,0.8042522,1
11267,0,0,0.0808641,1
11268,0,1,0.5535656,0
11269,1,1,1.0,1
11270,1,1,1.0,1
11271,0,1,0.9983834,0
11272,1,1,0.9999808,1
11273,1,1,0.9999999,1
11274,0,1,0.99911004,0
11275,1,1,1.0,1
11276,1,1,0.9986436,1
11277,1,1,0.73578405,1
11278,1,1,0.9988418,1
11279,1,1,1.0,1
11280,1,1,0.99999976,1
11281,0,1,0.4088077,0
11282,1,0,0.012170629,0
11283,1,1,0.9999968,1
11284,0,0,0.007591943,1
11285,1,1,0.406862,1
11286,1,1,0.9040592,1
11287,0,0,0.19057333,1
11288,1,1,1.0,1
11289,0,0,0.074432954,1
11290,1,1,0.9999974,1
11291,0,0,0.12597652,1
11292,1,1,0.9999367,1
11293,1,1,0.9990601,1
11294,1,1,0.9970708,1
11295,0,0,0.10239443,1
11296,1,1,0.99999976,1
11297,1,1,0.9999944,1
11298,1,1,0.99849,1
11299,0,0,0.016403032,1
11300,1,1,0.99973875,1
11301,0,0,0.12304914,1
11302,0,1,0.5636782,0
11303,1,1,0.99966466,1
11304,1,1,0.78596646,1
11305,1,1,0.9959693,1
11306,1,1,0.8965235,1
11307,0,0,0.30409333,1
11308,1,0,0.01836964,0
11309,1,0,0.13782232,0
11310,0,1,0.3869951,0
11311,0,0,0.26010746,1
11312,0,1,0.99979013,0
11313,1,1,0.99991715,1
11314,0,0,0.24175783,1
11315,1,1,0.85342485,1
11316,0,1,0.9971384,0
11317,0,0,0.036049988,1
11318,0,1,0.78464925,0
11319,1,1,1.0,1
11320,1,1,0.999959,1
11321,1,1,0.99992335,1
11322,1,0,0.1377643,0
11323,0,1,0.9999931,0
11324,1,1,0.99974686,1
11325,0,1,0.908699,0
11326,0,0,0.17455095,1
11327,1,1,0.9999999,1
11328,1,1,0.47578797,1
11329,0,0,0.33545968,1
11330,0,0,0.044722572,1
11331,0,1,0.9999926,0
11332,0,0,0.020351816,1
11333,1,0,0.07878402,0
11334,0,0,0.19891867,1
11335,1,0,0.16438228,0
11336,1,1,0.9999629,1
11337,0,0,0.13597612,1
11338,1,1,0.9999858,1
11339,1,1,0.9975177,1
11340,1,0,0.04455598,0
11341,1,1,1.0,1
11342,1,0,0.08969352,0
11343,0,0,0.02878888,1
11344,1,1,1.0,1
11345,0,1,0.4210756,0
11346,0,1,0.7737297,0
11347,1,0,0.08277145,0
11348,1,0,0.31819376,0
11349,1,0,0.063540444,0
11350,0,1,0.9524858,0
11351,1,1,0.9991358,1
11352,0,1,0.99968004,0
11353,1,0,0.18967113,0
11354,0,1,0.3720488,0
11355,0,0,0.015769396,1
11356,1,1,1.0,1
11357,1,1,0.86060363,1
11358,0,0,0.021328082,1
11359,0,0,0.026506122,1
11360,0,0,0.24023944,1
11361,0,0,0.047293693,1
11362,0,0,0.24113183,1
11363,1,1,1.0,1
11364,0,1,0.999979,0
11365,0,0,0.12189465,1
11366,0,0,0.20063598,1
11367,1,1,0.63324016,1
11368,1,1,0.9987356,1
11369,0,1,0.95239735,0
11370,1,1,0.9999435,1
11371,0,1,0.99978,0
11372,0,1,0.99004436,0
11373,1,1,1.0,1
11374,1,1,0.8704873,1
11375,1,0,0.026105914,0
11376,1,1,0.9999999,1
11377,1,1,0.99990237,1
11378,0,0,0.019756919,1
11379,1,1,1.0,1
11380,1,1,0.9999858,1
11381,0,1,0.9913054,0
11382,0,0,0.0726367,1
11383,1,1,1.0,1
11384,0,0,0.068288535,1
11385,0,1,0.7441919,0
11386,1,1,1.0,1
11387,1,1,0.37011155,1
11388,0,1,0.5708697,0
11389,1,1,0.92683524,1
11390,1,1,0.9465967,1
11391,1,1,0.96138906,1
11392,1,1,0.73369044,1
11393,0,1,0.9999993,0
11394,1,0,0.11377637,0
11395,0,1,0.9702116,0
11396,0,0,0.21125406,1
11397,1,1,0.99962366,1
11398,1,0,0.0046455576,0
11399,1,0,0.20938884,0
11400,1,1,0.9959849,1
11401,1,0,0.08889936,0
11402,0,1,0.35532737,0
11403,1,1,0.9996561,1
11404,1,1,0.99996877,1
11405,0,1,0.36048904,0
11406,0,1,0.9991048,0
11407,1,1,0.9789353,1
11408,1,1,0.9993988,1
11409,1,1,0.9999311,1
11410,0,0,0.30373183,1
11411,0,0,0.26616648,1
11412,1,1,0.9993857,1
11413,0,1,0.45828807,0
11414,1,1,0.9999008,1
11415,1,1,1.0,1
11416,1,0,0.11090373,0
11417,0,0,0.07369626,1
11418,1,1,0.999992,1
11419,0,1,0.99791294,0
11420,0,1,0.99997914,0
11421,1,1,1.0,1
11422,0,0,0.031499382,1
11423,1,1,0.92366123,1
11424,1,1,0.99999654,1
11425,1,0,0.17009403,0
11426,0,1,0.97769254,0
11427,0,0,0.018511046,1
11428,1,1,0.999992,1
11429,1,1,0.99996805,1
11430,1,1,0.9913892,1
11431,1,1,0.9237301,1
11432,0,0,0.045141645,1
11433,0,1,0.89858866,0
11434,1,1,0.9467446,1
11435,0,1,0.9965301,0
11436,1,1,0.9999999,1
11437,1,1,0.995142,1
11438,1,0,0.3072021,0
11439,1,1,0.38873404,1
11440,1,1,1.0,1
11441,1,0,0.31320965,0
11442,1,1,0.99999356,1
11443,1,1,0.5607338,1
11444,1,1,0.99997187,1
11445,0,1,0.68967146,0
11446,1,1,0.9999999,1
11447,1,1,0.93077356,1
11448,0,0,0.21011725,1
11449,1,1,0.9999999,1
11450,0,0,0.2780117,1
11451,1,1,1.0,1
11452,1,1,0.96210754,1
11453,0,0,0.14004198,1
11454,1,1,1.0,1
11455,1,1,0.9999999,1
11456,1,1,0.6199316,1
11457,1,1,0.9441254,1
11458,1,0,0.0054905633,0
11459,0,0,0.15902139,1
11460,0,0,0.3034221,1
11461,1,1,0.9999937,1
11462,0,1,0.99968624,0
11463,1,0,0.16020033,0
11464,1,1,0.9999765,1
11465,1,1,1.0,1
11466,0,0,0.0010923191,1
11467,1,1,0.99291986,1
11468,0,0,0.019014433,1
11469,0,0,0.03400406,1
11470,0,0,0.20016654,1
11471,0,0,0.025154885,1
11472,0,0,0.30606017,1
11473,0,1,0.6613216,0
11474,1,1,0.99993956,1
11475,1,1,0.99999917,1
11476,1,1,0.9981067,1
11477,0,0,0.31252733,1
11478,0,1,0.9859364,0
11479,1,0,0.33020115,0
11480,1,1,0.9999914,1
11481,0,0,0.15974101,1
11482,0,0,0.054198727,1
11483,0,0,0.22456521,1
11484,1,0,0.018635655,0
11485,1,1,1.0,1
11486,0,1,0.7785651,0
11487,1,1,0.99719906,1
11488,1,1,0.9982522,1
11489,0,0,0.10017222,1
11490,0,1,0.9946774,0
11491,1,1,0.99999666,1
11492,1,1,0.9709644,1
11493,0,1,0.8003801,0
11494,1,1,0.8130158,1
11495,0,0,0.18557791,1
11496,1,1,0.9995652,1
11497,1,0,0.2828395,0
11498,0,1,0.6137576,0
11499,1,1,0.999969,1
11500,1,1,0.99977916,1
11501,0,1,0.47189248,0
11502,0,1,0.6997163,0
11503,1,1,0.99988043,1
11504,1,1,1.0,1
11505,0,1,0.9999784,0
11506,0,0,0.25571522,1
11507,0,1,0.36141828,0
11508,0,0,0.04659464,1
11509,0,1,0.6809316,0
11510,1,1,0.9574373,1
11511,1,0,0.05997644,0
11512,1,0,0.23231015,0
11513,1,1,0.99622726,1
11514,0,0,0.02763772,1
11515,0,1,0.9009663,0
11516,0,0,0.019326586,1
11517,0,0,0.2982358,1
11518,0,1,0.991891,0
11519,1,1,0.6517428,1
11520,0,0,0.08321738,1
11521,0,1,0.6548396,0
11522,0,0,0.099120855,1
11523,0,1,0.9999982,0
11524,0,0,0.076683804,1
11525,1,1,0.9999567,1
11526,0,1,0.998259,0
11527,0,1,0.6213112,0
11528,1,1,0.99724233,1
11529,1,1,0.95331854,1
11530,1,1,1.0,1
11531,1,0,0.056704637,0
11532,0,0,0.11930549,1
11533,1,1,0.9999907,1
11534,1,1,0.5835,1
11535,1,1,0.8625833,1
11536,0,0,0.115960725,1
11537,1,1,0.9999999,1
11538,0,0,0.05170164,1
11539,0,1,0.99474937,0
11540,1,1,0.9999497,1
11541,1,0,0.26236907,0
11542,1,0,0.06512755,0
11543,0,0,0.037082024,1
11544,1,1,0.98521465,1
11545,1,1,0.988514,1
11546,1,1,0.9994956,1
11547,0,1,0.998606,0
11548,1,1,0.9456007,1
11549,0,1,0.8967045,0
11550,0,1,0.37995335,0
11551,0,1,0.9244834,0
11552,1,1,0.9656736,1
11553,1,0,0.058776554,0
11554,0,0,0.12576161,1
11555,0,0,0.24238493,1
11556,1,0,0.34527084,0
11557,1,1,0.68071944,1
11558,0,1,0.9999031,0
11559,1,1,0.99998605,1
11560,1,1,0.9999999,1
11561,0,1,0.6867378,0
11562,1,1,0.99999833,1
11563,1,1,0.9999993,1
11564,0,1,0.6937324,0
11565,1,1,0.999688,1
11566,1,1,0.9723885,1
11567,0,1,0.93379396,0
11568,1,1,0.99999964,1
11569,0,0,0.035982177,1
11570,0,0,0.02145073,1
11571,0,1,0.9342753,0
11572,1,1,0.9999497,1
11573,0,1,0.99999976,0
11574,0,1,0.6910284,0
11575,0,0,0.21908678,1
11576,1,1,0.99942183,1
11577,1,1,0.9999802,1
11578,1,1,1.0,1
11579,0,1,0.994089,0
11580,0,1,0.9752254,0
11581,0,1,0.9975418,0
11582,1,1,1.0,1
11583,0,1,0.96425414,0
11584,1,0,0.05261895,0
11585,0,0,0.033054754,1
11586,0,0,0.041656762,1
11587,0,1,0.9946878,0
11588,0,0,0.09721884,1
11589,1,1,0.77398604,1
11590,0,1,0.4572276,0
11591,1,1,0.9999957,1
11592,1,1,0.8305941,1
11593,1,1,0.9999995,1
11594,0,1,0.9999796,0
11595,1,1,0.99999905,1
11596,0,0,0.0672398,1
11597,0,1,0.99877685,0
11598,1,1,1.0,1
11599,1,0,0.059866417,0
11600,0,1,0.96080494,0
11601,0,1,0.38612667,0
11602,0,1,0.96823144,0
11603,0,0,0.06359858,1
11604,1,1,0.9999924,1
11605,0,1,0.98067343,0
11606,1,1,1.0,1
11607,1,1,0.9999497,1
11608,0,0,0.09476145,1
11609,0,1,0.99984336,0
11610,1,1,0.9948803,1
11611,1,1,1.0,1
11612,0,1,0.94853723,0
11613,0,1,1.0,0
11614,0,0,0.3227928,1
11615,1,0,0.078289315,0
11616,1,1,0.9998727,1
11617,1,1,0.5037231,1
11618,1,1,0.89228123,1
11619,0,1,0.55935025,0
11620,1,1,1.0,1
11621,0,1,0.99101454,0
11622,0,0,0.084341794,1
11623,0,1,0.9967524,0
11624,0,1,0.99999964,0
11625,1,1,1.0,1
11626,0,0,0.011353655,1
11627,0,0,0.22772686,1
11628,1,0,0.2695178,0
11629,0,0,0.310433,1
11630,1,1,0.99999964,1
11631,1,1,0.999572,1
11632,0,1,0.7663811,0
11633,1,1,0.9546897,1
11634,0,1,0.99990356,0
11635,0,1,0.98518616,0
11636,1,1,0.9007046,1
11637,1,0,0.03374837,0
11638,0,1,0.9835812,0
11639,1,1,0.38130596,1
11640,0,1,1.0,0
11641,0,1,0.9999652,0
11642,0,1,0.9999168,0
11643,0,0,0.11328496,1
11644,0,1,0.9370958,0
11645,1,1,0.99090964,1
11646,0,0,0.09687654,1
11647,0,1,0.6323325,0
11648,0,0,0.14959349,1
11649,0,1,0.5997782,0
11650,1,1,1.0,1
11651,1,1,1.0,1
11652,0,0,0.076132484,1
11653,0,1,0.99508506,0
11654,0,1,0.9989936,0
11655,1,0,0.15002882,0
11656,0,1,0.98376936,0
11657,0,1,0.94829834,0
11658,0,0,0.08670936,1
11659,1,1,0.9999882,1
11660,0,0,0.26236907,1
11661,1,0,0.20040116,0
11662,0,1,0.9999752,0
11663,1,1,1.0,1
11664,0,1,0.9997336,0
11665,0,1,0.73244834,0
11666,0,1,0.891055,0
11667,1,1,0.99999905,1
11668,0,1,0.47706687,0
11669,1,1,0.93397486,1
11670,1,1,0.9995073,1
11671,0,1,0.88373864,0
11672,1,1,0.9999982,1
11673,1,1,0.99987316,1
11674,1,1,0.9996971,1
11675,1,1,0.9843664,1
11676,1,1,0.5867596,1
11677,0,0,0.06307716,1
11678,1,1,0.9995092,1
11679,1,1,0.97175217,1
11680,0,1,0.9707155,0
11681,0,0,0.23100649,1
11682,0,0,0.037856847,1
11683,1,0,0.05608106,0
11684,1,1,0.999134,1
11685,0,0,0.22337706,1
11686,1,1,1.0,1
11687,1,1,0.9988121,1
11688,1,0,0.06255973,0
11689,1,0,0.11716748,0
11690,1,0,0.2599665,0
11691,1,1,0.9979532,1
11692,0,1,0.99996006,0
11693,1,0,0.13672362,0
11694,1,1,0.9996935,1
11695,1,1,0.69227797,1
11696,0,0,0.07585818,1
11697,1,1,0.8590736,1
11698,0,0,0.2914344,1
11699,1,1,0.9977393,1
11700,1,1,1.0,1
11701,0,1,0.8233284,0
11702,1,1,0.9205757,1
11703,1,1,0.99999666,1
11704,1,1,0.7512834,1
11705,1,1,0.9999896,1
11706,1,1,0.9916681,1
11707,1,1,0.9999927,1
11708,0,0,0.28577045,1
11709,0,0,0.21101007,1
11710,1,1,0.99688244,1
11711,0,1,0.94610083,0
11712,1,0,0.037291814,0
11713,0,1,0.9526623,0
11714,0,0,0.019549947,1
11715,0,0,0.21891974,1
11716,1,1,0.99990463,1
11717,0,1,0.7385748,0
11718,0,0,0.0631349,1
11719,0,1,0.9887554,0
11720,0,0,0.035344075,1
11721,0,0,0.045225907,1
11722,1,1,0.9991912,1
11723,0,1,0.99999964,0
11724,0,0,0.04782452,1
11725,0,0,0.015906392,1
11726,1,1,0.6418153,1
11727,1,1,0.700024,1
11728,1,0,0.024376595,0
11729,1,1,1.0,1
11730,0,0,0.019493869,1
11731,0,1,0.9875444,0
11732,1,1,0.75192153,1
11733,1,1,0.9987356,1
11734,1,1,0.84273374,1
11735,1,1,0.9999999,1
11736,1,1,0.36948568,1
11737,1,0,0.2972659,0
11738,1,1,0.99999595,1
11739,0,1,0.99983203,0
11740,1,1,0.5807088,1
11741,0,0,0.054148693,1
11742,0,0,0.23370637,1
11743,0,0,0.0139288595,1
11744,1,1,0.99991107,1
11745,0,0,0.14866413,1
11746,1,0,0.06797852,0
11747,1,0,0.0015427324,0
11748,1,1,0.7551859,1
11749,1,0,0.19269124,0
11750,0,0,0.24202642,1
11751,1,1,0.52542967,1
11752,1,1,1.0,1
11753,1,1,0.9963924,1
11754,1,0,0.017644463,0
11755,1,1,0.99999785,1
11756,0,0,0.025226824,1
11757,0,1,0.99876,0
11758,0,1,0.8100285,0
11759,1,1,0.99038494,1
11760,0,1,0.5191557,0
11761,1,1,0.89096016,1
11762,1,1,0.86759764,1
11763,1,1,0.9829547,1
11764,0,1,0.7760294,0
11765,1,1,0.5266471,1
11766,0,1,0.9999999,0
11767,1,1,1.0,1
11768,1,1,0.761893,1
11769,1,0,0.042206,0
11770,1,1,0.89724606,1
11771,1,0,0.020061804,0
11772,1,1,0.67055434,1
11773,0,1,0.6095823,0
11774,0,0,0.025011595,1
11775,0,1,0.540742,0
11776,1,1,0.99999845,1
11777,1,1,1.0,1
11778,0,0,0.3049206,1
11779,0,0,0.16968088,1
11780,1,0,0.090896755,0
11781,1,1,0.9228308,1
11782,0,1,0.9999994,0
11783,1,1,0.9999912,1
11784,1,1,0.9130584,1
11785,0,1,0.9579516,0
11786,1,1,0.9999707,1
11787,1,1,0.9988305,1
11788,0,1,0.9979048,0
11789,0,1,0.9892441,0
11790,1,1,0.36528686,1
11791,1,1,0.9969187,1
11792,1,1,0.99988043,1
11793,1,0,0.14276889,0
11794,1,1,0.99999976,1
11795,0,1,0.9252299,0
11796,1,1,0.99674594,1
11797,1,1,0.9999914,1
11798,0,1,0.9998889,0
11799,1,1,0.9999914,1
11800,0,1,0.9991912,0
11801,0,1,0.7323526,0
11802,1,1,0.9700135,1
11803,0,1,0.99390244,0
11804,0,1,0.84247476,0
11805,1,1,1.0,1
11806,0,0,0.0006973133,1
11807,1,1,0.9737197,1
11808,1,1,0.99999464,1
11809,0,0,0.3320396,1
11810,1,1,0.97090924,1
11811,0,0,0.14724834,1
11812,1,1,0.9999999,1
11813,1,1,1.0,1
11814,0,0,0.16398025,1
11815,0,1,0.765418,0
11816,1,1,0.9986929,1
11817,0,1,0.9458012,0
11818,1,0,0.053353984,0
11819,0,0,0.26218015,1
11820,1,1,0.9998872,1
11821,0,0,0.17231107,1
11822,0,0,0.036356665,1
11823,1,0,0.25183168,0
11824,0,1,0.39198768,0
11825,0,0,0.04296247,1
11826,1,1,0.9999428,1
11827,1,1,0.99988496,1
11828,1,1,1.0,1
11829,1,0,0.08858347,0
11830,0,0,0.04065485,1
11831,0,0,0.02678473,1
11832,0,0,0.17182414,1
11833,1,1,0.9994081,1
11834,1,1,0.9999008,1
11835,0,0,0.076132484,1
11836,0,1,0.9811126,0
11837,1,0,0.13963085,0
11838,1,1,0.99994695,1
11839,1,1,0.98507166,1
11840,0,1,0.4951784,0
11841,0,0,0.12738101,1
11842,0,1,0.55694187,0
11843,0,1,0.99615306,0
11844,1,1,1.0,1
11845,0,1,0.9957684,0
11846,0,1,0.72763693,0
11847,0,0,0.05845324,1
11848,1,0,0.055208687,0
11849,1,1,0.43386152,1
11850,0,1,0.9999931,0
11851,1,1,0.999995,1
11852,1,1,1.0,1
11853,0,1,0.9565125,0
11854,1,0,0.12431929,0
11855,0,1,0.44155258,0
11856,0,0,0.2220247,1
11857,0,1,0.938576,0
11858,0,0,0.109324835,1
11859,0,1,0.9999795,0
11860,1,1,0.9999993,1
11861,1,1,0.9988508,1
11862,0,1,0.5128756,0
11863,1,1,0.99407744,1
11864,1,1,0.9999999,1
11865,1,1,0.999979,1
11866,1,1,0.99936384,1
11867,1,1,1.0,1
11868,1,1,1.0,1
11869,1,1,0.4065085,1
11870,1,0,0.076132484,0
11871,1,0,0.1352892,0
11872,0,0,0.28821838,1
11873,1,1,0.48249006,1
11874,1,1,0.9999995,1
11875,1,1,0.9999839,1
11876,1,0,0.04023794,0
11877,0,0,0.035712164,1
11878,1,1,1.0,1
11879,1,1,0.9979412,1
11880,0,0,0.2673125,1
11881,0,1,0.9999777,0
11882,1,1,1.0,1
11883,1,0,0.06638737,0
11884,0,0,0.03274404,1
11885,0,0,0.16613355,1
11886,1,1,1.0,1
11887,1,1,0.99974877,1
11888,0,1,0.7352141,0
11889,0,0,0.33600417,1
11890,0,1,0.47155786,0
11891,1,1,0.98799264,1
11892,0,0,0.274157,1
11893,1,1,1.0,1
11894,0,1,0.99543506,0
11895,1,1,0.99998856,1
11896,0,1,0.992837,0
11897,0,0,0.036838707,1
11898,1,1,0.999795,1
11899,1,1,1.0,1
11900,0,1,0.77696157,0
11901,0,0,0.04073109,1
11902,0,0,0.15591201,1
11903,0,0,0.13963085,1
11904,1,1,0.9365757,1
11905,0,1,0.9999988,0
11906,0,1,0.99998426,0
11907,0,1,1.0,0
11908,1,1,0.9999989,1
11909,1,1,0.9219218,1
11910,1,1,0.52737737,1
11911,1,1,0.99999976,1
11912,0,1,0.9999987,0
11913,1,0,0.28022227,0
11914,0,1,0.73340416,0
11915,1,1,1.0,1
11916,1,1,1.0,1
11917,1,1,0.999997,1
11918,1,1,0.99459416,1
11919,0,0,0.24454337,1
11920,1,1,1.0,1
11921,0,1,0.99999523,0
11922,0,0,0.089933,1
11923,1,1,0.9999989,1
11924,0,0,0.08218025,1
11925,0,0,0.24454337,1
11926,0,1,0.47396156,0
11927,0,1,0.99992275,0
11928,1,0,0.010818448,0
11929,0,1,0.99952626,0
11930,1,1,0.9999335,1
11931,0,1,0.39027253,0
11932,1,0,0.008061991,0
11933,0,0,0.020196635,1
11934,1,1,0.8537909,1
11935,1,0,0.024869107,0
11936,0,0,0.057229258,1
11937,1,1,0.99954176,1
11938,1,0,0.0068504806,0
11939,0,1,0.9313377,0
11940,0,1,0.5217758,0
11941,1,1,1.0,1
11942,1,1,0.8509647,1
11943,0,0,0.08874129,1
11944,0,0,0.056184534,1
11945,0,1,0.61549234,0
11946,1,1,0.99941957,1
11947,0,0,0.07323097,1
11948,1,0,0.10856642,0
11949,1,1,0.9886901,1
11950,0,0,0.25238404,1
11951,0,1,0.9587699,0
11952,1,1,0.99999774,1
11953,0,1,0.8477158,0
11954,1,1,1.0,1
11955,0,0,0.18359362,1
11956,1,1,0.9737197,1
11957,0,0,0.0111580305,1
11958,0,1,0.40215728,0
11959,1,0,0.2664527,0
11960,0,1,0.87705624,0
11961,1,1,0.93868846,1
11962,0,0,0.004433765,1
11963,0,1,0.9902351,0
11964,1,1,0.99984765,1
11965,0,0,0.08093672,1
11966,0,0,0.08593914,1
11967,1,1,0.99999905,1
11968,0,0,0.17455095,1
11969,0,0,0.054752033,1
11970,0,0,0.14481276,1
11971,1,1,0.9999231,1
11972,1,1,0.99999154,1
11973,1,1,0.99060565,1
11974,0,1,0.99948776,0
11975,1,1,1.0,1
11976,1,0,0.13568954,0
11977,1,1,0.9997658,1
11978,1,1,0.99920684,1
11979,1,1,0.7643643,1
11980,0,0,0.016090875,1
11981,0,1,0.8535469,0
11982,0,0,0.04569203,1
11983,1,0,0.35003245,0
11984,0,1,0.5432874,0
11985,0,1,0.5083,0
11986,1,1,0.99995387,1
11987,1,0,0.26170808,0
11988,0,1,0.67109346,0
11989,1,1,0.9998505,1
11990,0,1,0.99482024,0
11991,1,0,0.14578295,0
11992,1,1,0.9999999,1
11993,1,0,0.011201213,0
11994,1,1,0.9997918,1
11995,1,1,0.99994504,1
11996,0,1,0.43236294,0
11997,1,1,0.37756935,1
11998,1,1,0.99796116,1
11999,1,0,0.21485612,0
12000,1,1,0.85729086,1
12001,1,1,0.9999949,1
12002,0,1,0.6399048,0
12003,0,0,0.002491968,1
12004,0,1,0.57564765,0
12005,0,0,0.085023046,1
12006,0,1,0.5140344,0
12007,1,1,0.8983214,1
12008,0,0,0.15090261,1
12009,0,0,0.079068,1
12010,0,0,0.05242457,1
12011,1,1,0.99783,1
12012,1,1,0.9982351,1
12013,0,0,0.15146656,1
12014,0,0,0.041191436,1
12015,1,1,0.6918618,1
12016,0,0,0.26123667,1
12017,0,0,0.04001227,1
12018,1,1,0.9999881,1
12019,0,0,0.19728975,1
12020,1,1,0.9999869,1
12021,0,1,0.6608841,0
12022,0,0,0.017661398,1
12023,0,1,0.99758923,0
12024,1,1,0.99996734,1
12025,1,0,0.06244529,0
12026,0,1,0.5371628,0
12027,1,1,0.98300374,1
12028,0,0,0.03767939,1
12029,1,1,0.9113377,1
12030,0,1,0.73602134,0
12031,1,1,0.9872773,1
12032,1,1,0.99984765,1
12033,1,0,0.13822897,0
12034,0,0,0.020725062,1
12035,1,1,0.6308555,1
12036,1,1,0.99999976,1
12037,0,0,0.019738017,1
12038,0,0,0.074432954,1
12039,1,0,0.1588256,0
12040,0,0,0.2509128,1
12041,0,1,0.92683524,0
12042,0,1,0.9773492,0
12043,1,1,1.0,1
12044,0,0,0.31716183,1
12045,1,0,0.21950476,0
12046,1,1,0.99213856,1
12047,1,1,0.36122105,1
12048,0,1,0.95292586,0
12049,0,0,0.048181534,1
12050,0,0,0.13488984,1
12051,0,1,0.9999832,0
12052,0,0,0.0014409429,1
12053,0,1,0.94971603,0
12054,1,0,0.1297883,0
12055,1,1,0.9582261,1
12056,1,1,0.99984705,1
12057,0,1,0.55434984,0
12058,1,1,0.36579645,1
12059,0,0,0.048405956,1
12060,0,0,0.19644053,1
12061,0,1,0.3801835,0
12062,0,1,0.982117,0
12063,1,1,0.5643986,1
12064,0,0,0.057864826,1
12065,1,1,0.8097278,1
12066,0,1,0.99989104,0
12067,1,1,1.0,1
12068,0,1,0.6431612,0
12069,0,0,0.23170112,1
12070,1,1,0.99999833,1
12071,1,0,0.100967236,0
12072,1,1,0.99979657,1
12073,1,1,1.0,1
12074,1,1,1.0,1
12075,1,1,0.98215127,1
12076,1,0,0.01605998,0
12077,0,1,0.400808,0
12078,1,1,0.99386686,1
12079,1,1,0.9773924,1
12080,0,1,0.994146,0
12081,1,0,0.031261913,0
12082,0,1,0.99444515,0
12083,0,0,0.03504564,1
12084,1,1,1.0,1
12085,0,1,0.9517736,0
12086,0,1,0.99983716,0
12087,0,1,0.9996338,0
12088,0,0,0.02693789,1
12089,0,1,0.5971969,0
12090,0,1,0.9979691,0
12091,1,0,0.009430817,0
12092,1,1,0.99984026,1
12093,0,1,0.9999993,0
12094,0,0,0.0139557095,1
12095,1,1,0.9999989,1
12096,0,0,0.009559399,1
12097,0,1,0.99917847,0
12098,1,1,0.99995255,1
12099,0,0,0.10141131,1
12100,0,1,0.3652303,0
12101,1,0,0.045310315,0
12102,1,0,0.03182875,0
12103,0,0,0.086554825,1
12104,1,1,0.9960776,1
12105,1,1,0.99975175,1
12106,1,0,0.042922337,0
12107,0,0,0.17838266,1
12108,1,0,0.18787654,0
12109,1,0,0.00035006856,0
12110,1,1,0.97865146,1
12111,1,1,0.9201462,1
12112,1,1,0.99903786,1
12113,1,0,0.03642515,0
12114,1,1,0.99999976,1
12115,1,1,0.741206,1
12116,1,1,0.9999987,1
12117,1,1,1.0,1
12118,1,1,0.99999976,1
12119,1,0,0.22380088,0
12120,0,0,0.08953418,1
12121,1,0,1.6090844e-06,0
12122,1,1,1.0,1
12123,1,1,0.9999912,1
12124,0,1,0.63776433,0
12125,0,0,0.11556087,1
12126,1,0,0.32028955,0
12127,0,0,0.16865148,1
12128,1,1,0.9926967,1
12129,1,1,0.999997,1
12130,1,1,0.9999877,1
12131,1,1,1.0,1
12132,0,1,0.9733675,0
12133,1,1,0.9999999,1
12134,0,1,0.9998511,0
12135,1,0,0.16789973,0
12136,0,0,0.18126321,1
12137,0,1,0.36336446,0
12138,1,0,0.07270252,0
12139,0,0,0.06916357,1
12140,1,0,0.09812254,0
12141,0,0,0.25506523,1
12142,1,1,0.99999356,1
12143,0,0,0.17412922,1
12144,0,0,0.040883996,1
12145,1,0,0.21983956,0
12146,0,0,0.24418274,1
12147,1,1,0.99999917,1
12148,0,1,0.99881905,0
12149,0,0,0.32439592,1
12150,0,1,0.9994917,0
12151,0,0,0.034391105,1
12152,0,1,0.66077465,0
12153,0,0,0.056340095,1
12154,0,1,0.9784877,0
12155,0,1,0.68967146,0
12156,1,1,0.9990582,1
12157,1,0,0.11240509,0
12158,1,1,0.9904406,1
12159,1,1,1.0,1
12160,1,1,0.7824132,1
12161,0,0,0.04023794,1
12162,0,0,0.3280987,1
12163,1,1,0.99999905,1
12164,0,1,0.9999994,0
12165,1,1,0.50219727,1
12166,0,1,0.70410925,0
12167,1,1,0.99989724,1
12168,1,1,0.9878528,1
12169,1,1,0.9999995,1
12170,0,0,0.05802475,1
12171,0,0,0.04716187,1
12172,0,0,0.01578456,1
12173,0,0,0.05926467,1
12174,0,0,0.13898684,1
12175,0,0,0.014199682,1
12176,1,1,0.6869479,1
12177,1,1,0.9996295,1
12178,1,1,0.99999595,1
12179,1,1,0.6572635,1
12180,1,1,0.9718593,1
12181,1,1,0.9999497,1
12182,1,1,1.0,1
12183,0,1,0.99986184,0
12184,1,1,0.999982,1
12185,1,1,0.79061115,1
12186,0,0,0.102484226,1
12187,1,0,0.08834723,0
12188,1,1,0.99999964,1
12189,0,1,0.99999976,0
12190,1,1,0.999539,1
12191,0,1,0.6620867,0
12192,1,0,0.019382192,0
12193,0,1,0.85034436,0
12194,0,0,0.05266766,1
12195,1,1,1.0,1
12196,0,0,0.06650853,1
12197,1,0,0.2723631,0
12198,1,1,1.0,1
12199,0,0,0.08232769,1
12200,1,1,0.7759446,1
12201,1,1,0.99974185,1
12202,0,0,0.0066282395,1
12203,1,1,0.99999917,1
12204,0,0,0.10257407,1
12205,0,1,0.9999999,0
12206,1,1,0.99999213,1
12207,1,1,0.980375,1
12208,0,0,0.089853115,1
12209,1,0,0.09509706,0
12210,0,1,0.65781325,0
12211,1,1,0.9951137,1
12212,1,1,0.997851,1
12213,0,0,0.022889841,1
12214,1,1,0.99999964,1
12215,0,0,0.03504564,1
12216,0,0,0.09501305,1
12217,0,0,0.07369626,1
12218,1,1,1.0,1
12219,1,1,0.6241217,1
12220,1,1,0.5983122,1
12221,1,1,0.63945466,1
12222,0,0,0.045521997,1
12223,0,0,0.3477586,1
12224,0,0,0.035779487,1
12225,0,1,0.71338165,0
12226,0,1,0.9999976,0
12227,0,1,0.9935243,0
12228,1,0,0.28259197,0
12229,1,1,1.0,1
12230,0,0,0.24999616,1
12231,1,1,0.95362186,1
12232,0,0,0.27752194,1
12233,1,1,0.9891187,1
12234,1,1,1.0,1
12235,1,1,0.9811488,1
12236,0,1,0.5209838,0
12237,1,1,1.0,1
12238,0,0,0.057387535,1
12239,1,1,0.937669,1
12240,1,0,0.020567097,0
12241,0,1,0.99993646,0
12242,1,1,0.9956091,1
12243,1,1,1.0,1
12244,1,1,0.9996288,1
12245,1,1,0.99210805,1
12246,1,1,0.99999964,1
12247,0,0,0.12759827,1
12248,0,0,0.10913479,1
12249,0,1,0.908618,0
12250,1,1,0.89358836,1
12251,0,1,0.49371374,0
12252,0,0,0.16906263,1
12253,1,1,0.9999894,1
12254,1,1,0.4274565,1
12255,0,1,0.9250271,0
12256,0,1,0.689985,0
12257,1,1,0.9999958,1
12258,1,1,0.99999976,1
12259,0,1,0.9935369,0
12260,1,1,0.7567173,1
12261,0,0,0.020042615,1
12262,1,1,1.0,1
12263,0,1,0.75913614,0
12264,1,1,0.39128965,1
12265,1,1,0.9982993,1
12266,0,1,0.9658352,0
12267,0,1,0.94539934,0
12268,0,0,0.050611433,1
12269,1,1,0.99628556,1
12270,1,1,0.94127744,1
12271,0,0,0.034036152,1
12272,1,1,0.99757034,1
12273,0,1,0.6802948,0
12274,1,1,0.99999356,1
12275,1,1,0.9900636,1
12276,1,1,0.9999914,1
12277,1,0,0.036631368,0
12278,1,0,0.17265955,0
12279,0,1,0.81655276,0
12280,0,1,0.43140453,0
12281,1,1,0.99976856,1
12282,0,0,0.13898684,1
12283,0,0,0.040464837,1
12284,0,1,0.9994286,0
12285,0,0,0.21477376,1
12286,1,1,0.9950659,1
12287,1,1,0.7737297,1
12288,1,1,0.9999969,1
12289,0,1,0.4426365,0
12290,1,1,0.99998856,1
12291,0,1,0.71562284,0
12292,0,1,0.9999819,0
12293,0,0,0.1768137,1
12294,0,0,0.055566337,1
12295,1,1,0.7866228,1
12296,0,1,0.9986929,0
12297,0,1,0.6229756,0
12298,1,1,0.99225944,1
12299,1,1,0.9999994,1
12300,0,1,0.94664603,0
12301,0,1,0.94600123,0
12302,1,0,0.23022676,0
12303,1,1,0.9999994,1
12304,0,0,0.056704637,1
12305,0,0,0.037644,1
12306,0,0,0.06973154,1
12307,1,1,0.99994993,1
12308,0,0,0.1462091,1
12309,1,1,0.9999999,1
12310,1,0,0.19436781,0
12311,1,1,0.9999788,1
12312,1,1,0.98469365,1
12313,1,1,1.0,1
12314,1,1,0.8778961,1
12315,0,0,0.031055551,1
12316,0,0,0.08509905,1
12317,0,0,0.019813737,1
12318,1,1,0.99619776,1
12319,0,1,0.9999541,0
12320,1,1,0.9999101,1
12321,1,1,0.9991704,1
12322,0,1,0.9644221,0
12323,1,0,0.18308187,0
12324,0,1,0.96395,0
12325,0,0,0.0007194325,1
12326,1,1,0.86281466,1
12327,0,0,0.11616108,1
12328,1,1,0.94994867,1
12329,1,0,0.016090875,0
12330,0,0,0.0094125895,1
12331,1,1,0.9983675,1
12332,1,1,0.9999987,1
12333,0,0,0.027143434,1
12334,1,1,0.99994457,1
12335,1,0,0.29583988,0
12336,1,1,0.9999994,1
12337,1,0,0.10302444,0
12338,1,1,0.9628132,1
12339,0,0,0.0876419,1
12340,1,1,0.7615385,1
12341,1,1,0.7125823,1
12342,1,1,0.99963737,1
12343,1,1,0.99999905,1
12344,0,0,0.17567943,1
12345,0,0,0.0610871,1
12346,1,1,1.0,1
12347,1,1,0.99977833,1
12348,0,0,0.059866417,1
12349,1,1,0.95759624,1
12350,1,1,0.9999958,1
12351,0,0,0.14940722,1
12352,1,1,1.0,1
12353,0,1,0.40697983,0
12354,1,1,0.8392076,1
12355,1,1,0.98588216,1
12356,0,0,0.061143138,1
12357,0,1,0.9999329,0
12358,1,1,0.99998224,1
12359,0,1,0.99995124,0
12360,1,1,0.94886994,1
12361,1,1,1.0,1
12362,1,1,0.9999999,1
12363,0,0,0.34847882,1
12364,1,1,0.9999995,1
12365,1,1,0.99968493,1
12366,1,1,0.9999999,1
12367,0,0,0.24689633,1
12368,1,1,0.9999968,1
12369,1,1,0.9989837,1
12370,0,0,0.080069266,1
12371,1,1,0.9999856,1
12372,1,1,0.9999999,1
12373,0,1,0.98324674,0
12374,1,1,0.91359943,1
12375,1,1,1.0,1
12376,1,1,0.9999994,1
12377,0,1,0.99758446,0
12378,0,0,0.168583,1
12379,0,0,0.12085323,1
12380,1,0,0.07510853,0
12381,0,0,0.010529713,1
12382,0,0,0.19528697,1
12383,1,1,0.9999318,1
12384,0,0,0.061480366,1
12385,1,0,0.16471791,0
12386,1,1,0.99999213,1
12387,1,1,0.99999964,1
12388,0,0,0.15146656,1
12389,1,0,0.27231473,0
12390,1,0,0.003135836,0
12391,0,1,0.4610471,0
12392,1,1,1.0,1
12393,1,1,0.99999297,1
12394,0,0,0.03393996,1
12395,1,1,0.9999958,1
12396,1,1,0.9999999,1
12397,0,1,0.49353063,0
12398,0,0,0.14897339,1
12399,1,1,0.9999988,1
12400,0,0,0.06278921,1
12401,1,1,0.99999964,1
12402,1,1,0.8095773,1
12403,1,0,0.0058539603,0
12404,0,0,0.03179867,1
12405,1,1,1.0,1
12406,0,0,0.33589524,1
12407,1,1,0.42883125,1
12408,1,0,0.074298516,0
12409,1,1,0.81257004,1
12410,0,0,0.06250249,1
12411,0,0,0.020508163,1
12412,0,0,0.20995522,1
12413,0,0,0.19231172,1
12414,0,1,0.98662347,0
12415,1,1,0.99919754,1
12416,1,1,0.87256473,1
12417,1,1,0.9993242,1
12418,0,0,0.066751465,1
12419,1,1,0.99849296,1
12420,0,0,0.12347128,1
12421,0,1,1.0,0
12422,1,1,1.0,1
12423,1,0,0.20777677,0
12424,0,0,0.24131057,1
12425,1,1,0.99343574,1
12426,1,1,0.9983125,1
12427,1,0,0.22405545,0
12428,0,0,0.2972659,1
12429,1,1,0.9201462,1
12430,1,0,0.13415082,0
12431,0,1,0.8338664,0
12432,0,0,0.09696201,1
12433,1,1,0.99695444,1
12434,1,1,1.0,1
12435,0,0,0.06699522,1
12436,0,0,0.069289416,1
12437,1,1,0.79117644,1
12438,0,0,0.1474324,1
12439,1,1,0.8311431,1
12440,0,0,0.080069266,1
12441,0,0,0.036562506,1
12442,1,0,0.036322463,0
12443,1,1,0.99999,1
12444,0,1,0.4602889,0
12445,0,0,0.010631946,1
12446,0,1,0.99998343,0
12447,0,1,0.95379424,0
12448,0,0,0.13506088,1
12449,0,0,0.29706192,1
12450,1,1,0.9754135,1
12451,1,1,0.36959946,1
12452,0,1,0.9466954,0
12453,1,0,0.2414894,0
12454,1,1,0.99999857,1
12455,0,1,0.42012367,0
12456,0,0,0.06319269,1
12457,0,1,0.99999905,0
12458,1,1,0.99993527,1
12459,1,0,0.084947094,0
12460,0,1,0.9999076,0
12461,0,1,0.6248088,0
12462,1,1,1.0,1
12463,0,1,0.89199936,0
12464,1,1,0.9990471,1
12465,1,1,0.9999577,1
12466,0,0,0.06791668,1
12467,1,0,0.21060391,0
12468,1,1,0.9999517,1
12469,0,1,0.99933845,0
12470,0,1,0.99999344,0
12471,1,1,0.99999964,1
12472,0,0,0.27649513,1
12473,1,1,0.9038897,1
12474,1,1,1.0,1
12475,0,0,0.32600313,1
12476,0,0,0.07885492,1
12477,1,0,0.00026426834,0
12478,1,0,0.04863137,0
12479,0,0,0.060919292,1
12480,1,1,0.99474937,1
12481,1,1,0.9998932,1
12482,1,1,0.9999995,1
12483,1,0,0.07723879,0
12484,0,1,0.74853617,0
12485,0,1,0.9999994,0
12486,1,1,0.9736196,1
12487,1,0,0.26759952,0
12488,0,1,0.4043016,0
12489,1,1,0.99999404,1
12490,1,1,0.9999869,1
12491,0,0,0.060863446,1
12492,0,1,0.8984105,0
12493,0,0,0.2928986,1
12494,0,0,0.30486888,1
12495,1,1,0.99860066,1
12496,1,1,0.9999752,1
12497,1,1,0.9987453,1
12498,0,1,0.999992,0
12499,1,1,0.95719784,1
12500,0,1,0.9965233,0
12501,1,1,0.9998067,1
12502,1,1,0.99999905,1
12503,0,0,0.035846926,1
12504,0,0,0.077867545,1
12505,1,0,0.22431023,0
12506,0,0,0.18520921,1
12507,1,1,0.9999999,1
12508,1,1,0.8110782,1
12509,1,0,0.019700259,0
12510,1,1,0.992349,1
12511,1,1,0.9999939,1
12512,1,1,0.99965334,1
12513,0,0,0.27850202,1
12514,1,1,1.0,1
12515,1,1,1.0,1
12516,1,1,0.9999839,1
12517,1,0,0.34726036,0
12518,1,1,0.99997294,1
12519,1,1,1.0,1
12520,0,0,0.0282746,1
12521,0,0,0.013768816,1
12522,0,0,0.10026027,1
12523,1,1,1.0,1
12524,0,0,0.10293422,1
12525,1,0,0.12054232,0
12526,1,1,0.99979895,1
12527,1,1,0.99999666,1
12528,0,0,0.08969352,1
12529,1,1,0.7426084,1
12530,1,1,0.6866328,1
12531,0,1,0.51872903,0
12532,1,1,0.9993411,1
12533,0,0,0.11047115,1
12534,1,0,0.18403316,0
12535,0,0,0.11516222,1
12536,0,0,0.22516096,1
12537,1,1,0.974893,1
12538,0,1,0.7101763,0
12539,0,0,0.17398883,1
12540,0,0,0.12560067,1
12541,0,1,0.82685167,0
12542,1,1,1.0,1
12543,0,1,0.9882902,0
12544,1,1,0.9999989,1
12545,1,1,1.0,1
12546,1,1,1.0,1
12547,0,0,0.049681153,1
12548,1,1,0.99998987,1
12549,1,0,0.2679346,0
12550,1,1,0.99998605,1
12551,1,1,0.9999311,1
12552,1,1,0.99664307,1
12553,1,1,0.9413314,1
12554,1,1,1.0,1
12555,1,1,0.9987306,1
12556,1,1,0.9859093,1
12557,0,1,0.50921524,0
12558,1,0,0.13568954,0
12559,0,0,0.25776508,1
12560,1,1,0.9999943,1
12561,1,1,0.99999034,1
12562,0,0,0.090735495,1
12563,0,0,0.027220903,1
12564,1,1,0.97682446,1
12565,0,1,0.9421883,0
12566,1,1,0.99999607,1
12567,1,0,0.01200735,0
12568,1,0,0.21125406,0
12569,0,0,0.042842172,1
12570,0,0,0.03521114,1
12571,1,0,0.016529558,0
12572,1,1,0.9878762,1
12573,1,1,0.95388025,1
12574,1,0,0.24744149,0
12575,0,1,0.88769233,0
12576,1,0,0.1218424,0
12577,0,1,0.9883802,0
12578,0,0,0.03102618,1
12579,0,0,0.13240233,1
12580,0,0,0.35075492,1
12581,1,1,0.89506495,1
12582,0,0,0.045991033,1
12583,0,1,0.9636434,0
12584,1,0,0.29017565,0
12585,1,1,0.9999999,1
12586,0,0,0.089853115,1
12587,0,0,0.01042845,1
12588,1,1,0.9999863,1
12589,1,1,0.8539127,1
12590,0,1,0.8797679,0
12591,0,1,0.7316821,0
12592,0,1,0.9916196,0
12593,1,1,1.0,1
12594,0,0,0.024964014,1
12595,1,1,0.9999951,1
12596,1,1,0.999071,1
12597,0,0,0.03821415,1
12598,1,1,1.0,1
12599,1,0,0.34521565,0
12600,0,1,0.99732697,0
12601,1,1,1.0,1
12602,0,0,0.10913479,1
12603,1,1,0.91490096,1
12604,0,1,0.6149144,0
12605,0,1,0.73335636,0
12606,0,0,0.05033063,1
12607,0,0,0.17981844,1
12608,0,0,0.07068779,1
12609,1,1,0.70227486,1
12610,1,0,0.1056711,0
12611,1,1,0.99993217,1
12612,0,0,0.28388065,1
12613,0,1,0.91781974,0
12614,0,0,0.2339688,1
12615,1,1,0.9887988,1
12616,1,1,1.0,1
12617,0,0,0.10176784,1
12618,0,1,0.3845654,0
12619,1,0,0.04296247,0
12620,0,0,0.01433703,1
12621,1,0,0.3424066,0
12622,0,0,0.09178833,1
12623,0,0,0.22380088,1
12624,0,1,0.82685167,0
12625,1,1,1.0,1
12626,0,0,0.012217682,1
12627,0,1,0.89956343,0
12628,1,1,0.9999999,1
12629,1,0,0.25137195,0
12630,0,1,1.0,0
12631,0,0,0.23065974,1
12632,0,0,0.25711167,1
12633,1,1,0.9909972,1
12634,1,1,0.7777222,1
12635,0,0,0.13597612,1
12636,0,0,0.11061518,1
12637,0,0,0.013768816,1
12638,0,1,0.7871142,0
12639,1,1,0.99803144,1
12640,1,0,0.20252202,0
12641,1,1,0.99985456,1
12642,0,0,0.091058284,1
12643,1,1,0.9999976,1
12644,1,0,0.060086653,0
12645,1,1,0.99999046,1
12646,0,0,0.11104826,1
12647,1,1,0.99508506,1
12648,0,1,0.58575296,0
12649,1,0,0.28066567,0
12650,0,1,0.99999976,0
12651,1,1,0.9979849,1
12652,1,0,0.03746751,0
12653,1,0,0.05823863,0
12654,0,1,0.4817586,0
12655,1,1,0.9999995,1
12656,1,1,0.99999976,1
12657,1,1,0.9911868,1
12658,1,1,0.4430883,1
12659,0,0,0.008299687,1
12660,1,1,0.7237978,1
12661,1,1,1.0,1
12662,0,0,0.052862898,1
12663,1,1,0.89423656,1
12664,0,0,0.11221037,1
12665,0,1,0.99297464,0
12666,0,0,0.1368966,1
12667,1,1,0.90337944,1
12668,1,1,0.99995494,1
12669,1,1,0.9347534,1
12670,1,1,0.49066272,1
12671,0,1,0.99656373,0
12672,0,1,0.9997565,0
12673,0,1,0.9803374,0
12674,0,0,0.031410128,1
12675,0,1,0.705024,0
12676,0,1,0.76550573,0
12677,1,1,0.65262896,1
12678,0,0,0.33911595,1
12679,0,1,0.99999964,0
12680,0,1,0.99999917,0
12681,1,1,0.9999374,1
12682,0,1,0.9321451,0
12683,1,1,0.9773492,1
12684,1,1,0.96242666,1
12685,0,0,0.046464663,1
12686,0,1,0.37630793,0
12687,0,1,0.9719126,0
12688,1,1,0.6279512,1
12689,1,1,1.0,1
12690,0,1,0.998835,0
12691,0,0,0.16026603,1
12692,1,1,1.0,1
12693,0,0,0.112064525,1
12694,1,1,0.99998724,1
12695,0,1,0.99491996,0
12696,0,0,0.18750432,1
12697,1,1,0.9999957,1
12698,1,1,0.9418684,1
12699,1,0,0.021615336,0
12700,0,0,0.14223188,1
12701,1,0,0.057652235,0
12702,1,1,0.9999908,1
12703,1,1,0.99999845,1
12704,0,0,0.28766775,1
12705,1,1,1.0,1
12706,1,1,1.0,1
12707,1,1,1.0,1
12708,0,0,0.17881243,1
12709,1,0,0.33247292,0
12710,0,1,0.5003052,0
12711,0,1,0.5615154,0
12712,1,1,0.99997747,1
12713,1,1,0.9856353,1
12714,0,0,0.22618484,1
12715,1,1,0.44320878,1
12716,1,1,0.9850429,1
12717,1,1,0.75233114,1
12718,0,1,0.999894,0
12719,1,1,0.38323727,1
12720,0,1,0.47463116,0
12721,1,1,0.99998903,1
12722,1,0,0.035982177,0
12723,0,1,0.8204695,0
12724,1,1,1.0,1
12725,1,1,0.9991768,1
12726,1,1,0.9142142,1
12727,1,1,0.9999999,1
12728,0,0,0.23625182,1
12729,0,1,0.5880022,0
12730,0,1,0.99998724,0
12731,1,1,0.9999999,1
12732,1,1,0.9977482,1
12733,1,0,0.02023532,0
12734,0,0,0.05608106,1
12735,1,1,0.99860066,1
12736,0,1,0.88018054,0
12737,0,1,0.90966654,0
12738,1,0,0.26388383,0
12739,0,0,0.031708594,1
12740,0,1,0.95888567,0
12741,1,1,0.9999777,1
12742,1,0,0.03468417,0
12743,1,1,1.0,1
12744,0,0,0.018352037,1
12745,0,1,0.9739189,0
12746,0,1,0.85452086,0
12747,0,1,0.995142,0
12748,1,1,0.99564314,1
12749,0,1,0.6972483,0
12750,0,1,0.82104415,0
12751,0,1,0.5986642,0
12752,1,0,0.0007687913,0
12753,0,0,0.09947022,1
12754,0,0,0.13409412,1
12755,1,0,0.03521114,0
12756,1,1,1.0,1
12757,0,1,0.7507356,0
12758,1,1,0.9998957,1
12759,0,0,0.05098815,1
12760,1,1,0.999997,1
12761,1,1,0.99942636,1
12762,0,1,0.99991846,0
12763,0,1,1.0,0
12764,1,1,0.59384483,1
12765,1,1,0.9940428,1
12766,1,1,0.75050706,1
12767,1,1,0.8109285,1
12768,0,0,0.3136825,1
12769,1,1,0.5788053,1
12770,0,1,0.98628414,0
12771,1,1,0.9998273,1
12772,1,1,0.99517965,1
12773,1,1,0.9999603,1
12774,0,1,0.9999999,0
12775,0,1,0.55266047,0
12776,0,1,0.7578839,0
12777,1,1,0.84594244,1
12778,0,0,0.062160026,1
12779,0,0,0.07899691,1
12780,1,1,1.0,1
12781,1,1,0.9999274,1
12782,0,1,0.5795789,0
12783,0,1,0.99993944,0
12784,1,1,0.99428093,1
12785,0,1,0.9996947,0
12786,1,1,0.43587148,1
12787,0,0,0.10776568,1
12788,0,0,0.1435475,1
12789,1,0,0.1286893,0
12790,0,0,0.011419615,1
12791,1,1,0.9951231,1
12792,0,0,0.0212467,1
12793,0,0,0.17716932,1
12794,0,1,0.9666631,0
12795,1,1,1.0,1
12796,0,1,0.9999614,0
12797,0,0,0.09679113,1
12798,1,1,0.7797414,1
12799,1,1,0.99760795,1
12800,1,1,0.97877365,1
12801,1,1,1.0,1
12802,1,1,0.9999912,1
12803,0,0,0.0066411127,1
12804,1,1,0.9999993,1
12805,0,1,0.9987649,0
12806,0,0,0.01821182,1
12807,0,1,0.47323114,0
12808,1,1,1.0,1
12809,0,1,0.9999974,0
12810,1,1,0.9999963,1
12811,0,0,0.30678657,1
12812,1,1,0.99648935,1
12813,1,0,0.003572683,0
12814,1,1,0.99998987,1
12815,1,1,0.9943141,1
12816,1,0,0.06699522,0
12817,0,0,0.2382842,1
12818,1,1,0.98934746,1
12819,1,0,0.083515875,0
12820,0,0,0.052521676,1
12821,1,1,0.99988365,1
12822,0,1,0.36863297,0
12823,1,1,0.99988496,1
12824,0,0,0.0126982,1
12825,1,1,0.3551596,1
12826,1,1,0.73139447,1
12827,0,0,0.23855019,1
12828,0,1,0.99989283,0
12829,0,1,0.5585678,0
12830,0,0,0.11910043,1
12831,1,0,0.21444456,0
12832,1,1,0.46092576,1
12833,0,0,0.026733862,1
12834,0,0,0.24274376,1
12835,1,1,1.0,1
12836,1,1,0.99986815,1
12837,0,0,0.1357468,1
12838,0,0,0.1565557,1
12839,1,1,0.99580115,1
12840,0,1,0.66860986,0
12841,1,1,0.9999999,1
12842,0,0,0.21733755,1
12843,1,1,0.9898303,1
12844,0,1,0.36426857,0
12845,0,1,0.62732357,0
12846,1,1,0.9793738,1
12847,1,1,0.99999964,1
12848,1,1,0.99999535,1
12849,1,1,1.0,1
12850,1,1,0.97311324,1
12851,0,1,0.781914,0
12852,1,0,0.0014021304,0
12853,0,1,0.46854746,0
12854,1,0,0.14878777,0
12855,0,0,0.05948283,1
12856,0,1,0.74927074,0
12857,0,0,0.037573304,1
12858,1,0,0.31795546,0
12859,1,1,0.9999331,1
12860,1,0,0.117774926,0
12861,1,1,0.99999964,1
12862,1,1,0.99916065,1
12863,0,1,0.998784,0
12864,1,1,0.99993956,1
12865,0,0,0.01287075,1
12866,0,0,0.020606475,1
12867,0,1,0.8240375,0
12868,1,1,0.9999403,1
12869,1,1,0.99997413,1
12870,1,1,0.95719784,1
12871,1,1,1.0,1
12872,1,1,1.0,1
12873,1,1,0.9999858,1
12874,0,0,0.16810448,1
12875,0,1,0.93077356,0
12876,1,1,0.9998902,1
12877,1,1,1.0,1
12878,1,1,0.9999993,1
12879,0,1,0.7727022,0
12880,1,1,1.0,1
12881,0,0,0.075653054,1
12882,0,0,0.2797301,1
12883,1,0,0.11279541,0
12884,0,1,0.99991775,0
12885,1,1,0.9999709,1
12886,0,1,0.52366394,0
12887,1,1,0.9939261,1
12888,1,0,0.09334689,0
12889,1,0,0.17462131,0
12890,1,1,0.999723,1
12891,1,1,1.0,1
12892,1,1,0.99999666,1
12893,0,1,0.40771657,0
12894,1,1,1.0,1
12895,1,1,0.9985191,1
12896,1,1,0.99999285,1
12897,1,1,0.99999976,1
12898,1,1,0.9714829,1
12899,1,1,0.48419714,1
12900,1,1,0.9999907,1
12901,0,1,0.48498988,0
12902,0,1,0.9181873,0
12903,0,1,0.9333094,0
12904,1,1,0.99994147,1
12905,0,1,0.8954313,0
12906,1,1,0.99992716,1
12907,0,0,0.040426936,1
12908,0,0,0.019738017,1
12909,0,1,0.9999956,0
12910,1,1,0.994729,1
12911,1,1,0.88018054,1
12912,1,1,0.9999999,1
12913,1,0,0.25095868,0
12914,0,0,0.022457054,1
12915,0,1,0.9756929,0
12916,1,0,0.08218025,0
12917,1,1,1.0,1
12918,0,0,0.15443976,1
12919,1,1,0.96080494,1
12920,1,1,1.0,1
12921,1,1,0.68452775,1
12922,1,1,0.9999974,1
12923,0,0,0.1746917,1
12924,1,1,0.9887771,1
12925,1,1,0.89912134,1
12926,0,1,0.99871063,0
12927,1,1,1.0,1
12928,1,1,0.9989141,1
12929,1,1,0.9999534,1
12930,1,1,0.9876639,1
12931,1,0,0.15222117,0
12932,0,0,0.0033766122,1
12933,0,0,0.011574994,1
12934,0,0,0.22067817,1
12935,0,1,0.99995804,0
12936,1,1,0.9999999,1
12937,0,0,0.06644793,1
12938,1,0,0.27757087,0
12939,1,1,0.9940428,1
12940,0,1,0.5380731,0
12941,0,0,0.182717,1
12942,1,0,0.1302301,0
12943,0,1,0.44001803,0
12944,1,1,0.999841,1
12945,1,1,0.98445636,1
12946,1,1,0.6618682,1
12947,1,0,0.2977251,0
12948,0,0,0.11328496,1
12949,0,0,0.11279541,1
12950,0,1,0.9939964,0
12951,0,0,0.025638297,1
12952,0,0,0.1362632,1
12953,0,0,0.03191915,1
12954,1,1,0.96768624,1
12955,0,0,0.18315491,1
12956,1,1,1.0,1
12957,0,1,0.99999964,0
12958,1,1,0.99947256,1
12959,1,1,0.99998283,1
12960,1,1,0.9999716,1
12961,1,1,0.38815406,1
12962,1,1,0.9996444,1
12963,0,1,0.63697433,0
12964,0,0,0.21370518,1
12965,0,0,0.29900283,1
12966,1,0,0.07913913,0
12967,0,0,0.100967236,1
12968,0,0,0.10411242,1
12969,1,1,0.9999944,1
12970,0,1,0.99193794,0
12971,0,0,0.06872476,1
12972,0,0,0.100392506,1
12973,1,0,0.05899303,0
12974,1,1,1.0,1
12975,1,1,0.6929018,1
12976,0,0,0.18417984,1
12977,1,0,0.18097351,0
12978,1,1,1.0,1
12979,1,1,1.0,1
12980,1,1,0.9776072,1
12981,1,1,1.0,1
12982,1,0,0.08748585,0
12983,0,0,0.03188899,1
12984,0,0,0.022672437,1
12985,1,0,0.06548521,0
12986,0,0,0.0017007225,1
12987,1,1,0.9999615,1
12988,1,0,0.11511248,0
12989,1,1,0.99999976,1
12990,1,1,0.99999976,1
12991,0,1,0.95585793,0
12992,0,0,0.28032076,1
12993,1,1,0.9974291,1
12994,1,1,1.0,1
12995,0,0,0.07094482,1
12996,0,0,0.06785488,1
12997,1,1,0.999985,1
12998,1,0,0.019813737,0
12999,1,1,0.7778066,1
13000,1,1,1.0,1
13001,1,1,1.0,1
13002,1,1,0.47231838,1
13003,0,0,0.11357959,1
13004,1,1,0.99997234,1
13005,1,1,0.99999976,1
13006,0,1,0.97925514,0
13007,1,1,0.9863631,1
13008,1,1,1.0,1
13009,1,1,1.0,1
13010,1,0,0.16013464,0
13011,1,1,0.90582335,1
13012,1,0,0.0023096215,0
13013,1,1,0.46514452,1
13014,1,1,0.99821776,1
13015,0,0,0.24400252,1
13016,1,1,0.9999814,1
13017,1,1,0.9999987,1
13018,0,1,0.5175709,0
13019,1,1,1.0,1
13020,0,1,0.5418938,0
13021,0,0,0.28746766,1
13022,1,1,0.9995372,1
13023,0,0,0.039527465,1
13024,1,1,0.99999976,1
13025,0,0,0.052327625,1
13026,0,1,0.98125684,0
13027,1,1,1.0,1
13028,1,0,0.12158143,0
13029,1,1,0.96768624,1
13030,1,1,0.47356594,1
13031,1,1,1.0,1
13032,1,1,0.61468315,1
13033,0,0,0.0009128307,1
13034,0,1,0.49133387,0
13035,1,1,1.0,1
13036,0,0,0.29951483,1
13037,1,1,0.9989287,1
13038,1,0,0.088978484,0
13039,0,0,0.14928317,1
13040,1,1,0.9999974,1
13041,1,1,0.9951231,1
13042,1,0,0.11576064,0
13043,1,1,1.0,1
13044,1,1,0.9843664,1
13045,0,1,0.988425,0
13046,1,1,0.99998605,1
13047,1,1,0.99999774,1
13048,1,0,0.042642392,0
13049,0,1,0.51238763,0
13050,0,0,0.21717146,1
13051,1,1,1.0,1
13052,1,1,0.9983802,1
13053,1,1,0.86826926,1
13054,0,1,0.95068645,0
13055,1,0,0.20577459,0
13056,1,1,0.99979097,1
13057,1,1,0.99998057,1
13058,1,0,0.24454337,0
13059,1,1,1.0,1
13060,1,1,0.7552762,1
13061,0,1,0.9027811,0
13062,1,1,1.0,1
13063,0,1,0.40086666,0
13064,0,1,0.82204634,0
13065,0,0,0.07647662,1
13066,0,1,0.9190633,0
13067,1,1,0.99998224,1
13068,0,1,0.57904345,0
13069,0,0,0.19721243,1
13070,0,1,0.9999981,0
13071,0,0,0.1583695,1
13072,1,1,0.9845754,1
13073,1,1,1.0,1
13074,0,0,0.21362315,1
13075,1,1,1.0,1
13076,0,1,0.47067577,0
13077,1,1,0.99394965,1
13078,1,0,0.24095315,0
13079,1,0,0.18300883,0
13080,1,1,1.0,1
13081,0,1,0.99174845,0
13082,1,1,1.0,1
13083,0,0,0.105486654,1
13084,0,1,0.547706,0
13085,1,0,0.073098525,0
13086,0,1,0.9999906,0
13087,1,1,0.99999475,1
13088,0,1,0.388618,0
13089,1,1,0.9999945,1
13090,0,0,0.025908018,1
13091,1,1,0.3611084,1
13092,1,1,0.9980882,1
13093,1,1,1.0,1
13094,0,0,0.022011232,1
13095,1,0,0.11446747,0
13096,0,1,0.52561235,0
13097,0,1,0.9870046,0
13098,0,0,0.12247072,1
13099,1,1,0.4811186,1
13100,0,0,0.11666332,1
13101,1,1,0.42405418,1
13102,1,1,0.9999989,1
13103,1,1,1.0,1
13104,1,1,0.7844842,1
13105,0,0,0.078148484,1
13106,0,1,0.997065,0
13107,1,1,1.0,1
13108,0,1,0.78057885,0
13109,1,1,1.0,1
13110,1,1,0.6945617,1
13111,1,1,0.9999974,1
13112,1,1,0.50524884,1
13113,1,1,0.95036495,1
13114,1,1,0.99999976,1
13115,0,0,0.039453376,1
13116,1,1,0.82782817,1
13117,1,1,0.8873023,1
13118,1,0,0.06301948,0
13119,0,1,0.70125294,0
13120,1,1,0.9997974,1
13121,1,1,0.99956864,1
13122,1,0,0.09799298,0
13123,1,1,0.5715275,1
13124,0,0,0.09645018,1
13125,1,1,0.99999297,1
13126,1,1,0.9796092,1
13127,0,1,0.43236294,0
13128,0,1,0.9978636,0
13129,1,1,0.9125142,1
13130,0,0,0.057440385,1
13131,1,0,0.23118003,0
13132,0,0,0.09260568,1
13133,0,0,0.2295352,1
13134,1,1,0.9999962,1
13135,0,1,1.0,0
13136,1,1,0.9999318,1
13137,0,1,0.4874294,0
13138,0,1,0.990732,0
13139,1,1,0.44486624,1
13140,0,0,0.024469672,1
13141,0,1,0.99917525,0
13142,1,1,1.0,1
13143,1,1,0.99997354,1
13144,1,1,0.9993,1
13145,1,1,0.99999976,1
13146,0,0,0.040162582,1
13147,1,1,0.83575183,1
13148,0,0,0.11061518,1
13149,1,1,0.9269014,1
13150,0,1,0.41466177,0
13151,0,1,0.9055731,0
13152,1,1,0.99401975,1
13153,1,0,0.027402505,0
13154,1,0,0.017292492,0
13155,1,1,0.7355942,1
13156,0,1,0.35801628,0
13157,1,1,1.0,1
13158,1,1,0.6840002,1
13159,0,1,0.59243083,0
13160,1,1,0.99998915,1
13161,0,0,0.03283696,1
13162,0,1,0.7330699,0
13163,0,0,0.11818139,1
13164,1,1,0.9627432,1
13165,1,1,0.60929173,1
13166,1,1,0.9459513,1
13167,0,0,0.08678673,1
13168,1,1,0.9999627,1
13169,0,0,0.07290027,1
13170,0,0,0.24807851,1
13171,0,1,0.42790464,0
13172,1,1,0.9655439,1
13173,0,0,0.09518112,1
13174,0,0,0.1056711,1
13175,1,0,0.15405755,0
13176,1,1,1.0,1
13177,0,1,0.9003547,0
13178,0,1,0.484563,0
13179,0,0,0.07992553,1
13180,1,0,0.28447658,0
13181,1,0,0.26020142,0
13182,0,0,0.21036048,1
13183,0,0,0.07423137,1
13184,0,1,0.99987566,0
13185,0,1,0.9565531,0
13186,0,1,0.7319696,0
13187,1,1,0.89029425,1
13188,0,0,0.016882466,1
13189,1,1,0.99632144,1
13190,1,1,0.9999982,1
13191,1,1,0.7673414,1
13192,1,1,1.0,1
13193,1,1,1.0,1
13194,0,0,0.31668618,1
13195,0,0,0.12495856,1
13196,1,1,1.0,1
13197,1,0,0.020645931,0
13198,1,1,1.0,1
13199,1,1,1.0,1
13200,1,1,0.9576754,1
13201,0,1,0.43638182,0
13202,0,1,0.6446167,0
13203,1,1,0.97869223,1
13204,0,1,0.7240906,0
13205,0,0,0.051462766,1
13206,1,1,0.9997546,1
13207,1,1,0.9999999,1
13208,0,1,0.9989718,0
13209,1,0,0.039453376,0
13210,0,0,0.16046326,1
13211,0,0,0.11367794,1
13212,1,1,0.9054896,1
13213,0,1,0.8079157,0
13214,1,1,0.99911696,1
13215,0,0,0.04501553,1
13216,1,1,0.62629557,1
13217,0,1,0.7242856,0
13218,0,0,0.13672362,1
13219,0,0,0.022999303,1
13220,0,0,0.011375601,1
13221,0,1,0.9839091,0
13222,1,1,0.9325147,1
13223,0,0,0.09509706,1
13224,0,0,0.13100637,1
13225,1,1,0.8134608,1
13226,0,0,0.020081012,1
13227,1,1,1.0,1
13228,0,0,0.22850062,1
13229,1,1,0.9997017,1
13230,0,0,0.17888416,1
13231,1,1,0.9999994,1
13232,0,0,0.12624557,1
13233,0,0,0.14414886,1
13234,0,0,0.100967236,1
13235,1,0,0.010489091,0
13236,0,0,0.049222115,1
13237,0,0,0.13122888,1
13238,0,0,0.054298937,1
13239,0,0,0.1727991,1
13240,1,1,0.8468312,1
13241,1,0,0.21675669,0
13242,1,1,0.95873135,1
13243,1,1,0.9964064,1
13244,1,1,0.99968123,1
13245,0,1,0.9999448,0
13246,1,0,0.03012886,0
13247,0,0,0.16046326,1
13248,1,1,0.9844862,1
13249,0,0,0.014199682,1
13250,1,1,1.0,1
13251,0,1,0.9999968,0
13252,0,0,0.19095021,1
13253,0,1,0.59678566,0
13254,1,1,1.0,1
13255,1,0,0.09244169,0
13256,0,1,0.9954704,0
13257,1,0,0.13869494,0
13258,1,1,0.9999937,1
13259,1,0,0.26913345,0
13260,1,1,0.9998416,1
13261,1,1,0.99857306,1
13262,1,0,0.04324442,0
13263,1,1,0.9997439,1
13264,0,1,0.9998535,0
13265,0,1,0.9904959,0
13266,1,0,0.018422542,0
13267,1,1,0.99631435,1
13268,1,1,0.9999678,1
13269,0,1,0.98720354,0
13270,1,1,0.85195273,1
13271,1,1,0.9999964,1
13272,1,1,0.99999845,1
13273,0,0,0.05834584,1
13274,1,1,1.0,1
13275,0,1,0.9988531,0
13276,1,1,0.8146434,1
13277,1,1,1.0,1
13278,1,0,0.067546695,0
13279,1,1,0.9999999,1
13280,0,0,0.09713317,1
13281,1,1,0.9352283,1
13282,0,0,0.044847906,1
13283,1,1,0.99996305,1
13284,1,1,0.35420966,1
13285,0,1,0.9999937,0
13286,1,1,0.99999404,1
13287,0,1,0.5474641,0
13288,0,1,0.39542598,0
13289,0,1,0.4543511,0
13290,1,1,0.5307838,1
13291,1,1,0.9667888,1
13292,1,0,0.02873432,0
13293,1,1,0.9552774,1
13294,1,1,0.9797647,1
13295,1,1,0.9999683,1
13296,1,1,0.9994937,1
13297,1,1,1.0,1
13298,1,0,0.19798663,0
13299,1,1,0.99999857,1
13300,1,1,0.97673583,1
13301,1,1,0.9998945,1
13302,0,0,0.30074558,1
13303,1,1,0.9999821,1
13304,1,1,1.0,1
13305,1,1,1.0,1
13306,0,0,0.03194934,1
13307,1,1,0.99998724,1
13308,0,0,0.15804437,1
13309,1,0,0.041539967,0
13310,0,0,0.009485712,1
13311,1,1,0.9991768,1
13312,1,1,0.38551924,1
13313,0,0,0.047249712,1
13314,1,0,0.004054334,0
13315,1,0,0.08555635,0
13316,1,1,0.96573836,1
13317,1,0,0.33448073,0
13318,0,0,0.04681203,1
13319,1,1,1.0,1
13320,0,1,0.9650203,0
13321,0,1,0.9539232,0
13322,0,1,0.89368117,0
13323,0,0,0.03448853,1
13324,1,1,0.9999994,1
13325,0,1,0.78456676,0
13326,1,1,1.0,1
13327,1,1,0.98607117,1
13328,1,0,0.07504072,0
13329,1,1,0.99711037,1
13330,0,1,1.0,0
13331,0,0,0.1229438,1
13332,0,1,0.99999213,0
13333,0,0,0.12002561,1
13334,1,1,0.9811669,1
13335,1,1,0.9999896,1
13336,1,1,0.97396845,1
13337,0,0,0.05802475,1
13338,0,0,0.34213176,1
13339,0,0,0.29406288,1
13340,1,1,0.41445437,1
13341,1,0,0.069604956,0
13342,1,0,0.11397346,0
13343,1,0,0.14523655,0
13344,0,0,0.062388144,1
13345,0,0,0.23722233,1
13346,1,1,0.9996295,1
13347,0,1,0.99980897,0
13348,0,0,0.049085185,1
13349,0,1,0.9999999,0
13350,1,1,0.9999374,1
13351,0,1,0.9164094,0
13352,1,1,0.98638946,1
13353,1,1,0.8562122,1
13354,1,1,0.9895716,1
13355,1,0,0.007121429,0
13356,1,0,0.19582467,0
13357,0,0,0.3465413,1
13358,0,0,0.018887341,1
13359,0,1,0.64573455,0
13360,1,0,0.007232764,0
13361,1,1,0.81582016,1
13362,0,1,0.9826576,0
13363,1,1,0.9998876,1
13364,1,0,0.023779985,0
13365,1,1,0.9977216,1
13366,1,1,0.91181,1
13367,1,1,0.9998267,1
13368,1,1,0.9820826,1
13369,0,0,0.1480472,1
13370,1,1,0.99999976,1
13371,0,0,0.011136501,1
13372,0,1,1.0,0
13373,1,1,0.99998486,1
13374,1,1,0.99998724,1
13375,0,1,0.7530129,0
13376,1,1,0.9999975,1
13377,0,0,0.13805456,1
13378,1,1,0.9999976,1
13379,1,1,0.99400806,1
13380,0,1,0.9989141,0
13381,1,1,0.9987056,1
13382,1,1,0.99977916,1
13383,0,1,0.99932945,0
13384,0,1,0.9903476,0
13385,0,0,0.032620545,1
13386,1,1,0.8962514,1
13387,1,1,1.0,1
13388,1,1,0.98238933,1
13389,1,1,0.9999702,1
13390,0,1,0.9910493,0
13391,0,1,0.9881765,0
13392,1,0,0.04344689,0
13393,0,1,0.661431,0
13394,0,0,0.086323485,1
13395,1,0,0.11884453,0
13396,1,1,0.99187535,1
13397,1,1,0.4263216,1
13398,1,1,0.99772614,1
13399,0,1,0.998662,0
13400,0,0,0.064771704,1
13401,1,1,0.99983656,1
13402,1,1,0.99985397,1
13403,0,0,0.041307308,1
13404,0,0,0.090896755,1
13405,1,1,0.9457011,1
13406,0,1,0.8025555,0
13407,0,0,0.09334689,1
13408,0,0,0.086246476,1
13409,1,1,0.6065567,1
13410,0,1,0.9999981,0
13411,1,0,0.07835981,0
13412,1,1,0.5953161,1
13413,1,1,0.99976856,1
13414,1,1,0.99944395,1
13415,1,1,0.81449586,1
13416,0,0,0.042443503,1
13417,1,1,0.9994307,1
13418,0,0,0.021615336,1
13419,0,1,0.99856466,0
13420,1,0,0.13302054,0
13421,0,1,0.6210239,0
13422,0,0,0.118998006,1
13423,1,1,0.9999943,1
13424,1,0,0.03204008,0
13425,1,1,0.99960023,1
13426,1,1,0.9999999,1
13427,1,1,0.8990328,1
13428,0,0,0.049865905,1
13429,1,0,0.012383786,0
13430,1,1,0.7251137,1
13431,0,1,0.7153246,0
13432,0,0,0.0369428,1
13433,0,0,0.08570927,1
13434,1,1,1.0,1
13435,1,0,0.23572361,0
13436,0,0,0.10790661,1
13437,0,1,0.99540824,0
13438,0,1,0.99135584,0
13439,1,1,0.98557997,1
13440,1,1,0.9720721,1
13441,1,0,0.047425874,0
13442,1,0,0.034815192,0
13443,1,1,0.6225167,1
13444,1,1,0.9863369,1
13445,1,1,0.9999844,1
13446,1,1,0.9996381,1
13447,0,1,0.5988402,0
13448,1,1,0.99999475,1
13449,1,1,0.93177354,1
13450,0,1,0.70866644,0
13451,1,1,0.464689,1
13452,0,0,0.012359919,1
13453,0,0,0.29178745,1
13454,0,1,0.54570943,0
13455,0,0,0.14971778,1
13456,0,1,0.9998702,0
13457,1,1,0.9994956,1
13458,1,1,0.9999987,1
13459,1,1,0.99999964,1
13460,0,0,0.09764823,1
13461,1,1,0.9999999,1
13462,0,1,0.9893885,0
13463,0,0,0.08240149,1
13464,0,0,0.27105868,1
13465,1,1,0.99999046,1
13466,1,1,0.94509614,1
13467,1,1,1.0,1
13468,0,0,0.04189131,1
13469,0,0,0.00689046,1
13470,0,1,0.9142907,0
13471,1,1,1.0,1
13472,1,1,0.7586,1
13473,1,0,0.23283304,0
13474,0,1,0.5609743,0
13475,0,0,0.03504564,1
13476,0,1,0.98527133,0
13477,0,0,0.10194652,1
13478,1,1,1.0,1
13479,1,1,0.99999046,1
13480,1,1,0.9988991,1
13481,0,0,0.0586686,1
13482,0,1,0.87568074,0
13483,0,0,0.083515875,1
13484,0,1,0.9898303,0
13485,1,1,0.9997017,1
13486,0,1,0.9999888,0
13487,1,1,0.99876,1
13488,1,0,0.23361893,0
13489,1,1,0.9999999,1
13490,1,0,0.10800066,0
13491,1,1,0.97803074,1
13492,1,1,1.0,1
13493,1,1,1.0,1
13494,0,0,0.25618014,1
13495,0,1,0.39656463,0
13496,0,1,0.9105454,0
13497,1,1,0.4826425,1
13498,1,1,1.0,1
13499,0,0,0.20489818,1
13500,0,0,0.1334717,1
13501,1,1,1.0,1
13502,1,1,0.9911527,1
13503,0,1,0.97794676,0
13504,0,1,0.99995446,0
13505,1,1,0.80294216,1
13506,0,1,0.9975656,0
13507,1,1,0.99991846,1
13508,1,1,1.0,1
13509,1,1,0.9999999,1
13510,1,1,0.9991491,1
13511,0,0,0.27347738,1
13512,0,0,0.32842174,1
13513,1,0,0.2695178,0
13514,0,0,0.04624881,1
13515,1,1,0.9996574,1
13516,1,1,0.9651191,1
13517,1,0,0.33824104,0
13518,0,1,0.53376204,0
13519,1,1,0.99496907,1
13520,1,1,0.9626028,1
13521,0,1,0.99256825,0
13522,0,1,0.5111676,0
13523,1,1,1.0,1
13524,0,1,0.9053223,0
13525,0,1,0.43593153,0
13526,1,1,0.8037906,1
13527,1,1,0.9999949,1
13528,1,1,1.0,1
13529,1,1,1.0,1
13530,0,1,0.98959166,0
13531,1,1,0.99996674,1
13532,1,1,0.9885361,1
13533,0,0,0.008968054,1
13534,1,1,1.0,1
13535,0,1,0.83815056,0
13536,0,0,0.011441684,1
13537,0,0,0.0683507,1
13538,0,0,0.013299493,1
13539,0,1,0.9948902,0
13540,0,1,0.51665646,0
13541,1,1,0.9856076,1
13542,1,1,0.87997437,1
13543,0,1,0.9871788,0
13544,1,0,0.106411695,0
13545,0,1,0.47883344,0
13546,0,1,0.9864157,0
13547,1,1,1.0,1
13548,1,0,0.15559098,0
13549,1,1,0.99440175,1
13550,1,1,0.9983612,1
13551,0,0,0.062617026,1
13552,1,1,0.51061857,1
13553,1,1,0.9864547,1
13554,0,0,0.15367614,1
13555,0,0,0.25460163,1
13556,1,0,0.10613344,0
13557,1,1,0.99944395,1
13558,0,0,0.032774985,1
13559,1,1,0.97494066,1
13560,0,1,0.5318781,0
13561,0,0,0.10374862,1
13562,0,1,0.98866826,0
13563,0,1,0.87652874,0
13564,1,0,0.07504072,0
13565,1,0,0.25930947,0
13566,0,1,0.9999995,0
13567,1,1,0.9999666,1
13568,1,1,1.0,1
13569,0,1,0.9989818,0
13570,1,1,0.99999607,1
13571,1,1,1.0,1
13572,1,1,0.99196917,1
13573,0,0,0.08299413,1
13574,1,1,0.99995315,1
13575,0,0,0.09065494,1
13576,1,1,0.98926485,1
13577,1,1,1.0,1
13578,1,1,0.9999672,1
13579,0,1,0.99999785,0
13580,1,1,0.99999666,1
13581,0,0,0.20673384,1
13582,1,1,0.9722835,1
13583,1,1,0.9999956,1
13584,1,0,0.10922978,0
13585,1,1,0.99390244,1
13586,1,0,0.24202642,0
13587,0,0,0.10576342,1
13588,1,1,0.99999976,1
13589,1,0,0.006205023,0
13590,0,1,0.7627777,0
13591,1,1,0.6222872,1
13592,1,0,0.05242457,0
13593,1,1,1.0,1
13594,0,0,0.30213365,1
13595,0,0,0.0014664583,1
13596,0,1,0.9685601,0
13597,1,1,0.99999976,1
13598,1,1,0.99999416,1
13599,1,1,1.0,1
13600,1,1,0.9998795,1
13601,1,0,0.020429844,0
13602,1,1,0.5192166,1
13603,1,1,0.9915216,1
13604,1,0,0.05899303,0
13605,0,0,0.11250255,1
13606,1,1,1.0,1
13607,1,1,0.47542265,1
13608,0,0,0.057918087,1
13609,0,0,0.12331283,1
13610,0,0,0.05242457,1
13611,0,0,0.10613344,1
13612,0,0,0.18177101,1
13613,1,1,0.99977833,1
13614,1,1,1.0,1
13615,1,1,0.9931629,1
13616,1,1,0.99688244,1
13617,0,0,0.0024871177,1
13618,0,1,0.89218736,0
13619,0,0,0.26067168,1
13620,1,1,0.7343577,1
13621,0,1,0.7627777,0
13622,0,1,0.9024378,0
13623,1,1,0.99628556,1
13624,1,0,0.014447853,0
13625,1,1,0.99999976,1
13626,1,1,0.9999484,1
13627,0,0,0.13747455,1
13628,1,1,1.0,1
13629,1,1,0.6936286,1
13630,1,1,0.99924755,1
13631,0,0,0.0054905633,1
13632,0,1,0.9932681,0
13633,0,0,0.03541073,1
13634,1,0,0.20737517,0
13635,0,1,0.9190633,0
13636,1,1,0.998844,1
13637,0,1,0.63414687,0
13638,0,1,0.38430542,0
13639,0,1,0.952882,0
13640,1,1,0.9712657,1
13641,1,1,0.99668854,1
13642,1,1,0.95150405,1
13643,1,1,0.99999917,1
13644,0,1,0.992062,0
13645,0,1,1.0,0
13646,1,1,0.99999976,1
13647,0,1,0.99987316,0
13648,1,1,0.8493474,1
13649,1,1,0.99420255,1
13650,0,0,0.021927299,1
13651,0,0,0.01374232,1
13652,0,0,0.02094421,1
13653,1,0,0.1791712,0
13654,0,1,0.99366105,0
13655,1,1,0.454684,1
13656,0,0,0.08509905,1
13657,1,1,0.85729086,1
13658,1,1,0.9999976,1
13659,1,1,0.997917,1
13660,0,0,0.06638737,1
13661,1,1,0.9999187,1
13662,1,1,0.99999595,1
13663,1,1,0.5596511,1
13664,1,1,0.99998736,1
13665,0,0,0.04111437,1
13666,1,1,0.9999999,1
13667,0,0,0.070816204,1
13668,1,1,0.99999905,1
13669,1,1,0.9997428,1
13670,1,1,0.9999893,1
13671,1,1,0.929951,1
13672,1,1,0.92944044,1
13673,1,1,0.9989454,1
13674,1,1,0.9985562,1
13675,0,1,0.9677472,0
13676,0,1,0.99959,0
13677,0,0,0.07928158,1
13678,1,1,0.96768624,1
13679,1,1,1.0,1
13680,1,1,0.9994956,1
13681,1,1,0.9665054,1
13682,1,0,0.036631368,0
13683,0,1,0.997851,0
13684,1,1,0.99657035,1
13685,1,0,0.0036358088,0
13686,0,1,0.9064877,0
13687,0,1,0.7743275,0
13688,0,1,0.4422751,0
13689,1,1,0.9999541,1
13690,1,0,0.040883996,0
13691,1,0,0.3388971,0
13692,0,0,0.095940754,1
13693,0,0,0.09645018,1
13694,0,0,0.029958112,1
13695,1,1,0.8804891,1
13696,0,0,0.16926852,1
13697,1,0,0.27405983,0
13698,1,1,0.4422149,1
13699,0,0,0.1676952,1
13700,1,0,0.030646773,0
13701,1,1,0.99297464,1
13702,1,1,0.99997616,1
13703,1,0,0.111627996,0
13704,0,1,0.9998827,0
13705,1,0,0.11797801,0
13706,0,0,0.06973154,1
13707,0,0,0.20275874,1
13708,0,0,0.34997696,1
13709,1,1,0.8840393,1
13710,1,1,0.9927532,1
13711,0,1,0.4251278,0
13712,1,1,0.9987081,1
13713,1,1,0.99999475,1
13714,0,0,0.06530615,1
13715,0,1,0.9909972,0
13716,0,0,0.18447348,1
13717,0,1,0.99895763,0
13718,1,1,0.98400164,1
13719,1,0,0.019870713,0
13720,0,1,0.99994504,0
13721,1,1,0.99999976,1
13722,1,1,0.9992889,1
13723,1,0,0.09816574,0
13724,1,0,0.21452682,0
13725,0,0,0.0042315875,1
13726,0,0,0.0876419,1
13727,0,1,0.67260057,0
13728,1,1,0.8311431,1
13729,0,0,0.245085,1
13730,0,1,0.99877685,0
13731,0,1,0.5749915,0
13732,0,1,0.61998916,0
13733,1,0,0.23846151,0
13734,0,0,0.053849373,1
13735,0,0,0.25312182,1
13736,1,1,0.9999999,1
13737,1,1,0.99994075,1
13738,0,1,0.9862046,0
13739,0,0,0.03701235,1
13740,1,1,0.99999785,1
13741,1,1,1.0,1
13742,1,0,0.086323485,0
13743,1,0,0.063714996,0
13744,0,1,0.8340017,0
13745,1,1,0.99999905,1
13746,1,0,0.035544395,0
13747,1,1,0.9999125,1
13748,0,0,0.083740406,1
13749,0,0,0.031084953,1
13750,1,1,0.96295285,1
13751,0,0,0.072243005,1
13752,0,1,0.42247483,0
13753,1,1,0.99999726,1
13754,1,1,1.0,1
13755,0,0,0.068975195,1
13756,1,1,0.99932945,1
13757,1,1,0.9826743,1
13758,1,0,0.17161581,0
13759,1,1,0.6200466,1
13760,0,0,0.082549304,1
13761,0,0,0.16198196,1
13762,1,0,0.30595648,0
13763,1,1,0.999879,1
13764,0,0,0.03330537,1
13765,1,1,0.9984176,1
13766,0,0,0.15765488,1
13767,1,1,1.0,1
13768,1,1,1.0,1
13769,1,1,0.9999993,1
13770,0,1,0.7876863,0
13771,1,0,0.19775413,0
13772,1,1,0.97821885,1
13773,1,1,0.99999285,1
13774,0,1,0.5874699,0
13775,0,1,0.9999565,0
13776,0,1,1.0,0
13777,1,1,0.9999335,1
13778,1,1,1.0,1
13779,1,1,0.98056203,1
13780,0,0,0.27786472,1
13781,1,1,1.0,1
13782,1,1,0.9987207,1
13783,0,0,0.11299101,1
13784,1,1,0.9999999,1
13785,0,1,0.97249323,0
13786,0,1,0.6997163,0
13787,0,0,0.044847906,1
13788,1,1,0.99999976,1
13789,1,1,0.9999318,1
13790,1,1,1.0,1
13791,0,1,0.9996971,0
13792,0,1,0.76449627,0
13793,1,1,0.9999989,1
13794,1,1,0.9797259,1
13795,1,0,0.18184364,0
13796,0,0,0.048767094,1
13797,0,1,0.99925333,0
13798,1,0,0.15578353,0
13799,1,1,0.9999603,1
13800,1,1,1.0,1
13801,1,1,0.9999684,1
13802,1,1,0.9642206,1
13803,0,0,0.20173456,1
13804,0,0,0.05802475,1
13805,1,1,0.99967945,1
13806,0,0,0.25450897,1
13807,0,1,0.9989309,0
13808,1,1,0.5428633,1
13809,1,1,0.8110782,1
13810,1,1,0.99999917,1
13811,0,0,0.19163007,1
13812,1,0,0.18572558,0
13813,1,1,0.9995426,1
13814,0,1,0.48486793,0
13815,1,0,0.18330103,0
13816,0,0,0.19837458,1
13817,1,0,0.074365705,0
13818,1,1,1.0,1
13819,1,1,0.8358858,1
13820,1,0,0.10833037,0
13821,1,1,0.99174845,1
13822,1,1,0.9999999,1
13823,1,1,0.9222726,1
13824,1,0,0.23466964,0
13825,1,1,0.99929166,1
13826,0,0,0.105948284,1
13827,0,0,0.09611029,1
13828,1,1,0.9995479,1
13829,0,1,0.90523857,0
13830,1,1,0.9516839,1
13831,0,1,0.54716164,0
13832,1,1,0.9857729,1
13833,1,1,0.62948996,1
13834,0,1,0.9993228,0
13835,0,0,0.16694687,1
13836,0,0,0.041230027,1
13837,1,1,1.0,1
13838,0,1,0.9857867,0
13839,0,0,0.30167052,1
13840,0,1,0.5371628,0
13841,0,1,0.98262435,0
13842,1,1,0.9981863,1
13843,0,0,0.04659464,1
13844,1,0,0.014036571,0
13845,1,1,0.9869292,1
13846,1,1,1.0,1
13847,1,1,1.0,1
13848,0,1,0.99993575,0
13849,0,0,0.22875896,1
13850,1,1,0.8507168,1
13851,0,0,0.080719054,1
13852,0,1,0.37567782,0
13853,1,1,0.99999976,1
13854,1,1,0.98672616,1
13855,0,1,0.9983612,0
13856,1,0,0.22832853,0
13857,0,0,0.018653521,1
13858,0,0,0.15386674,1
13859,0,1,0.7751796,0
13860,0,1,0.7409249,0
13861,1,1,0.999995,1
13862,1,1,0.9999999,1
13863,1,1,0.99966335,1
13864,0,0,0.005741385,1
13865,0,1,0.99988043,0
13866,1,0,0.0022518472,0
13867,1,1,0.7977145,1
13868,1,1,0.9678082,1
13869,0,0,0.34218672,1
13870,1,1,0.9999999,1
13871,1,1,0.97381955,1
13872,0,0,0.111724876,1
13873,1,1,1.0,1
13874,1,0,0.0042398255,0
13875,0,1,0.8414352,0
13876,1,1,0.8802834,1
13877,1,1,0.70247906,1
13878,0,1,0.79085356,0
13879,1,1,0.99971205,1
13880,1,1,1.0,1
13881,1,1,0.66502994,1
13882,0,1,0.99906737,0
13883,1,1,0.9900828,1
13884,1,1,0.8340017,1
13885,1,1,0.9998889,1
13886,1,1,0.8932163,1
13887,0,1,0.56703776,0
13888,1,1,0.9467446,1
13889,0,0,0.069541745,1
13890,0,1,0.9756001,0
13891,1,1,1.0,1
13892,0,1,0.37983838,0
13893,0,0,0.32477057,1
13894,0,0,0.05014425,1
13895,1,1,0.8213309,1
13896,0,0,0.04038907,1
13897,1,1,0.6148566,1
13898,0,1,0.99999535,0
13899,0,0,0.019456577,1
13900,1,1,0.9976357,1
13901,1,1,1.0,1
13902,1,1,0.9441254,1
13903,0,0,0.17773949,1
13904,1,1,0.9999968,1
13905,0,1,0.6285784,0
13906,0,0,0.23493281,1
13907,1,0,0.05686155,0
13908,1,1,0.35930791,1
13909,0,1,0.87310666,0
13910,0,0,0.07626997,1
13911,1,1,0.9040592,1
13912,1,1,0.9999993,1
13913,0,0,0.2211824,1
13914,0,1,0.71716046,0
13915,1,1,0.7405029,1
13916,0,0,0.055823144,1
13917,0,1,0.8623516,0
13918,1,1,0.9999329,1
13919,1,1,0.99999034,1
13920,0,0,0.08866235,1
13921,0,1,0.99999976,0
13922,0,0,0.1665398,1
13923,1,0,0.10989669,0
13924,0,1,0.56115466,0
13925,0,1,0.66568226,0
13926,0,1,0.99999785,0
13927,1,1,0.99582565,1
13928,0,1,0.99998593,0
13929,0,1,0.8045595,0
13930,0,1,0.98833525,0
13931,0,0,0.11586064,1
13932,0,0,0.12326005,1
13933,1,1,1.0,1
13934,0,0,0.050004896,1
13935,0,0,0.13945496,1
13936,0,0,0.0085443305,1
13937,0,0,0.10762492,1
13938,0,1,0.9999999,0
13939,1,1,1.0,1
13940,0,0,0.10818896,1
13941,1,1,1.0,1
13942,1,1,0.9997695,1
13943,1,0,0.2641685,0
13944,1,0,0.16885696,0
13945,1,1,1.0,1
13946,0,1,0.9657061,0
13947,0,1,0.9999299,0
13948,1,1,0.9015746,1
13949,0,1,0.67044646,0
13950,1,1,1.0,1
13951,1,1,0.9753196,1
13952,0,0,0.17938675,1
13953,0,0,0.025883388,1
13954,1,1,1.0,1
13955,1,1,0.9919224,1
13956,0,1,0.9334308,0
13957,0,0,0.21174264,1
13958,1,1,0.9999999,1
13959,1,1,0.9555686,1
13960,1,1,1.0,1
13961,1,1,0.38196856,1
13962,0,1,0.96653706,0
13963,1,1,0.9902351,1
13964,0,0,0.26769522,1
13965,0,1,0.47657967,0
13966,0,1,0.9600627,0
13967,1,0,0.043163683,0
13968,1,1,0.99832565,1
13969,0,0,0.1138749,1
13970,0,0,0.018528797,1
13971,0,0,0.20874292,1
13972,0,0,0.2632678,1
13973,0,0,0.24283355,1
13974,1,1,1.0,1
13975,0,0,0.03557789,1
13976,0,0,0.32153988,1
13977,1,1,1.0,1
13978,1,1,0.7818308,1
13979,1,1,1.0,1
13980,1,0,0.013096004,0
13981,1,1,0.9976265,1
13982,1,1,0.99992657,1
13983,1,1,0.9999999,1
13984,1,0,0.104660206,0
13985,1,1,1.0,1
13986,1,0,0.093512304,0
13987,1,1,0.99995804,1
13988,1,1,0.4676964,1
13989,0,0,0.000965975,1
13990,0,0,0.08609269,1
13991,1,0,0.10079008,0
13992,0,1,0.9109423,0
13993,1,1,0.4463137,1
13994,1,0,0.16871993,0
13995,0,0,0.10017222,1
13996,1,0,0.14517595,0
13997,1,1,0.99950254,1
13998,1,0,0.33079538,0
13999,1,1,0.9996207,1
14000,0,1,0.36698666,0
14001,1,0,0.087252244,0
14002,0,1,0.9971607,0
14003,1,1,0.97331697,1
14004,1,1,1.0,1
14005,1,1,1.0,1
14006,1,1,0.9843062,1
14007,1,1,1.0,1
14008,0,0,0.05179748,1
14009,1,0,0.052376077,0
14010,1,0,0.14438999,0
14011,0,0,0.021594688,1
14012,0,0,0.011093566,1
14013,0,0,0.1284158,1
14014,1,1,0.9005298,1
14015,1,1,0.68925333,1
14016,0,1,0.9615699,0
14017,1,1,0.9999788,1
14018,1,0,0.14891149,0
14019,0,1,0.97881407,0
14020,1,1,0.99999785,1
14021,1,1,0.9999535,1
14022,1,0,0.20537588,0
14023,0,0,0.34196696,1
14024,1,1,0.9999999,1
14025,1,1,0.99992156,1
14026,1,1,0.7932662,1
14027,0,0,0.32156652,1
14028,1,1,0.998835,1
14029,0,0,0.2852724,1
14030,1,1,0.4690338,1
14031,1,1,0.38882107,1
14032,1,0,0.32167304,0
14033,1,1,0.9999162,1
14034,0,1,0.44863763,0
14035,0,1,0.99582565,0
14036,1,1,0.99885976,1
14037,1,0,0.022328783,0
14038,1,1,1.0,1
14039,1,1,0.99986184,1
14040,1,1,0.82949203,1
14041,0,0,0.2588877,1
14042,1,1,0.99583375,1
14043,1,1,0.99999595,1
14044,0,1,0.93991333,0
14045,0,1,0.38352585,0
14046,0,0,0.10941996,1
14047,1,1,0.4851728,1
14048,0,1,0.9996424,0
14049,1,1,0.99978346,1
14050,1,1,0.9808209,1
14051,0,0,0.09696201,1
14052,1,0,0.065784656,0
14053,1,1,1.0,1
14054,1,1,0.4053016,1
14055,1,1,0.9999825,1
14056,1,1,0.99958354,1
14057,1,1,0.9999995,1
14058,1,1,0.9854124,1
14059,1,1,0.9990728,1
14060,1,1,0.86904925,1
14061,0,0,0.019087434,1
14062,0,0,0.07094482,1
14063,0,0,0.058884703,1
14064,1,1,0.8493474,1
14065,1,1,0.6187228,1
14066,0,0,0.033716537,1
14067,0,1,0.9443824,0
14068,1,1,1.0,1
14069,1,1,1.0,1
14070,1,1,1.0,1
14071,0,1,0.94427973,0
14072,1,1,0.99996555,1
14073,1,1,0.99999976,1
14074,1,1,1.0,1
14075,0,0,0.008933403,1
14076,1,1,0.9999926,1
14077,1,0,0.022201227,0
14078,1,1,0.99737346,1
14079,1,0,0.2705766,0
14080,1,0,0.020665687,0
14081,1,1,1.0,1
14082,0,1,0.90303797,0
14083,1,1,0.9808209,1
14084,1,1,0.9999943,1
14085,1,1,0.92924803,1
14086,0,0,0.21003625,1
14087,0,0,0.20394525,1
14088,1,1,0.9759235,1
14089,0,1,0.97386926,0
14090,1,1,0.91550726,1
14091,1,0,0.0021657674,0
14092,1,1,0.7905303,1
14093,1,0,0.070176296,0
14094,0,1,0.99176437,0
14095,0,1,0.9994286,0
14096,1,1,0.8358858,1
14097,1,1,0.99995303,1
14098,1,1,0.99776995,1
14099,0,1,1.0,0
14100,1,1,0.9996244,1
14101,0,0,0.34251657,1
14102,0,1,0.429549,0
14103,1,1,1.0,1
14104,0,1,0.42062932,0
14105,0,1,0.9994547,0
14106,1,1,1.0,1
14107,1,0,0.021615336,0
14108,1,1,0.9980122,1
14109,1,1,0.99788433,1
14110,1,1,0.99999166,1
14111,1,0,0.12241826,0
14112,0,0,0.103930384,1
14113,1,0,0.11576064,0
14114,0,0,0.2768371,1
14115,1,1,0.93367314,1
14116,0,0,0.18010665,1
14117,0,1,0.9462997,0
14118,1,1,0.99955493,1
14119,0,1,0.8241791,0
14120,1,1,0.99995315,1
14121,1,0,0.08532742,0
14122,0,1,0.36054534,0
14123,1,1,1.0,1
14124,1,0,0.14755519,0
14125,0,1,0.98184055,0
14126,0,1,0.9546897,0
14127,1,1,0.9967775,1
14128,1,1,0.999708,1
14129,1,1,0.8784186,1
14130,1,1,0.9998134,1
14131,1,1,0.999764,1
14132,0,0,0.34356195,1
14133,1,1,0.8958876,1
14134,0,1,0.54734313,0
14135,1,1,0.9989267,1
14136,1,1,0.48694146,1
14137,0,0,0.015723988,1
14138,1,1,0.99999976,1
14139,0,0,0.013875309,1
14140,1,1,1.0,1
14141,0,0,0.055208687,1
14142,1,1,0.9999999,1
14143,0,1,0.82893884,0
14144,0,1,0.77398604,0
14145,1,1,0.999997,1
14146,1,0,0.13735881,0
14147,1,0,0.07864238,0
14148,0,0,0.34032074,1
14149,1,1,1.0,1
14150,0,1,1.0,0
14151,0,0,0.10818896,1
14152,1,1,1.0,1
14153,1,0,0.08210661,0
14154,0,1,0.51013047,0
14155,0,1,0.597784,0
14156,0,1,0.83534926,0
14157,0,0,0.05834584,1
14158,1,1,0.99999976,1
14159,0,0,0.01964376,1
14160,0,0,0.027376488,1
14161,1,1,0.9995802,1
14162,1,1,0.87546796,1
14163,1,1,0.93451476,1
14164,1,1,0.9999995,1
14165,1,1,1.0,1
14166,1,1,0.9987405,1
14167,1,1,0.9994715,1
14168,0,1,0.9879695,0
14169,1,0,0.06489012,0
14170,1,1,0.96606,1
14171,0,1,0.9634375,0
14172,1,1,0.43548134,1
14173,0,0,0.14694208,1
14174,1,1,0.9999989,1
14175,1,1,0.9933201,1
14176,1,1,1.0,1
14177,0,0,0.15052764,1
14178,1,1,0.9998287,1
14179,0,1,0.36755398,0
14180,0,1,0.8106289,0
14181,1,1,0.65989846,1
14182,1,1,0.99999714,1
14183,1,1,1.0,1
14184,1,1,0.99821436,1
14185,0,0,0.024916517,1
14186,1,1,1.0,1
14187,1,1,0.99794525,1
14188,0,1,0.99668854,0
14189,1,1,0.8808996,1
14190,0,0,0.06064056,1
14191,1,1,0.9999995,1
14192,1,1,0.9998776,1
14193,1,1,0.9647556,1
14194,1,1,0.9650533,1
14195,1,1,0.99978,1
14196,1,0,0.018038029,0
14197,0,0,0.31695038,1
14198,0,0,0.05597775,1
14199,1,1,0.97840524,1
14200,0,0,0.09276993,1
14201,1,1,0.44462505,1
14202,1,0,0.030792164,0
14203,1,1,0.9999999,1
14204,1,0,0.15278916,0
14205,0,0,0.07198163,1
14206,1,0,0.097433336,0
14207,0,0,0.0139557095,1
14208,1,1,0.995142,1
14209,0,0,0.11436852,1
14210,1,1,0.9983158,1
14211,1,1,0.7279271,1
14212,0,0,0.008950712,1
14213,1,1,0.4449868,1
14214,1,0,0.11124121,0
14215,0,1,0.99999976,0
14216,1,1,0.9986436,1
14217,0,0,0.09790669,1
14218,1,1,0.99997246,1
14219,0,0,0.14057204,1
14220,0,0,0.022328783,1
14221,1,1,0.9999999,1
14222,0,1,0.99792105,0
14223,0,0,0.11397346,1
14224,1,0,0.26630956,0
14225,0,1,0.83960253,0
14226,1,0,0.08819005,0
14227,1,1,0.9999999,1
14228,1,1,0.9400786,1
14229,1,0,0.11951087,0
14230,1,0,0.01214717,0
14231,1,1,0.99622726,1
14232,1,1,0.99300176,1
14233,1,1,1.0,1
14234,1,0,0.020626193,0
14235,1,1,1.0,1
14236,0,1,0.35108855,0
14237,1,1,0.9853279,1
14238,0,1,0.978733,0
14239,1,1,0.99999964,1
14240,0,0,0.22312306,1
14241,0,1,0.5560983,0
14242,0,1,0.6392295,0
14243,0,1,0.7973202,0
14244,1,1,0.9561454,1
14245,0,1,0.7304341,0
14246,0,0,0.09825224,1
14247,0,0,0.032405518,1
14248,1,0,0.04505753,0
14249,1,1,0.9999999,1
14250,0,0,0.034391105,1
14251,0,0,0.039305612,1
14252,1,0,0.100701615,0
14253,1,1,0.9999118,1
14254,1,1,0.9999999,1
14255,0,0,0.19728975,1
14256,1,1,0.9999869,1
14257,0,0,0.15178062,1
14258,0,0,0.14294825,1
14259,1,1,0.66622543,1
14260,1,1,0.40730393,1
14261,0,0,0.0020507437,1
14262,1,1,1.0,1
14263,1,0,0.03680407,0
14264,1,1,0.5612148,1
14265,1,1,0.99442345,1
14266,0,1,0.61647415,0
14267,0,1,0.9737197,0
14268,1,1,0.91543174,1
14269,0,1,1.0,0
14270,1,1,1.0,1
14271,1,1,0.9442283,1
14272,1,1,0.93698055,1
14273,1,1,0.9847231,1
14274,0,1,0.5134245,0
14275,1,1,0.9458012,1
14276,1,1,0.9999975,1
14277,0,1,0.40706822,0
14278,0,1,0.946051,0
14279,1,1,0.4830997,1
14280,0,0,0.1357468,1
14281,1,0,0.18609506,0
14282,1,1,0.54704064,1
14283,1,0,0.25082102,0
14284,1,1,0.38306415,1
14285,1,1,0.9442283,1
14286,1,0,0.041930523,0
14287,1,0,0.33545968,0
14288,1,1,1.0,1
14289,0,0,0.11377637,1
14290,1,1,0.98892784,1
14291,1,1,0.99957365,1
14292,1,1,0.99999833,1
14293,1,1,1.0,1
14294,1,1,0.99999785,1
14295,1,1,0.99999917,1
14296,1,0,0.0014076104,0
14297,0,1,0.3907083,0
14298,1,1,0.9056566,1
14299,1,1,0.9999869,1
14300,0,0,0.036838707,1
14301,1,0,0.12973315,0
14302,0,1,0.99999857,0
14303,1,1,0.49487323,1
14304,1,1,0.99999976,1
14305,0,1,0.99911004,0
14306,0,0,0.1560406,1
14307,1,0,0.11676401,0
14308,1,0,0.046551276,0
14309,0,1,0.55862796,0
14310,0,1,0.9996692,0
14311,1,1,0.99442345,1
14312,1,1,0.9844862,1
14313,0,1,0.6064402,0
14314,0,0,0.107437484,1
14315,0,0,0.15720153,1
14316,1,1,0.9184071,1
14317,1,1,0.719827,1
14318,0,0,0.03102618,1
14319,0,1,0.9999788,0
14320,1,1,0.9999721,1
14321,1,1,0.99999654,1
14322,0,0,0.16105616,1
14323,1,0,0.22746935,0
14324,0,0,0.09696201,1
14325,0,1,0.36704338,0
14326,1,1,0.9791357,1
14327,0,0,0.33111975,1
14328,1,1,0.99984944,1
14329,1,1,1.0,1
14330,1,1,0.99999666,1
14331,0,1,0.9184803,0
14332,1,0,0.14854057,0
14333,0,1,0.39776295,0
14334,1,0,0.052570295,0
14335,1,1,0.9999255,1
14336,1,1,0.9999982,1
14337,1,1,0.9958741,1
14338,0,1,0.99988496,0
14339,0,0,0.030415535,1
14340,1,0,0.032191858,0
14341,1,1,0.926769,1
14342,0,1,0.99996984,0
14343,0,0,0.026861202,1
14344,1,1,0.99999785,1
14345,0,0,0.120957024,1
14346,0,1,0.9741166,0
14347,1,1,0.99996674,1
14348,1,1,0.9658996,1
14349,0,0,0.2222778,1
14350,0,1,0.97836393,0
14351,1,1,0.409634,1
14352,1,1,0.45438138,1
14353,1,0,0.20220678,0
14354,0,1,0.96080494,0
14355,1,1,0.84038997,1
14356,1,0,0.054600604,0
14357,1,0,0.11616108,0
14358,1,0,0.17866908,0
14359,0,1,0.9999999,0
14360,0,0,0.20729496,1
14361,1,1,0.99999344,1
14362,1,0,0.13106197,0
14363,0,0,0.1565557,1
14364,0,1,0.63742584,0
14365,1,0,0.0226292,0
14366,1,1,0.7594931,1
14367,1,1,0.364099,1
14368,1,1,0.98662347,1
14369,0,0,0.0489941,1
14370,0,0,0.035144847,1
14371,1,0,0.007937994,0
14372,0,0,0.13910376,1
14373,1,1,0.98715407,1
14374,1,1,0.9957767,1
14375,1,1,0.82118756,1
14376,1,1,0.99779594,1
14377,0,1,0.9142142,0
14378,0,1,0.9958175,0
14379,0,1,0.9734181,0
14380,0,1,0.9975466,0
14381,0,1,0.5684757,0
14382,0,0,0.17119972,1
14383,0,1,0.617282,0
14384,0,0,0.30850264,1
14385,1,1,0.9999987,1
14386,0,0,0.19132766,1
14387,1,1,0.9988028,1
14388,0,1,0.93686515,0
14389,0,1,0.9961606,0
14390,0,0,0.04418332,1
14391,1,1,0.99999964,1
14392,1,1,0.9845754,1
14393,0,1,0.5677569,0
14394,1,1,0.8716935,1
14395,1,1,0.99993396,1
14396,0,1,0.42724735,0
14397,1,1,0.99989104,1
14398,1,1,0.9998267,1
14399,1,0,0.16755892,0
14400,1,1,1.0,1
14401,1,1,0.9996692,1
14402,0,1,0.96805066,0
14403,1,1,0.9999908,1
14404,1,1,0.999828,1
14405,0,1,0.9997775,0
14406,0,1,0.35588682,0
14407,1,0,0.14294825,0
14408,1,0,0.13437785,0
14409,0,1,0.702377,0
14410,1,1,0.99746895,1
14411,0,1,0.41406935,0
14412,1,1,0.90632194,1
14413,0,0,0.050470848,1
14414,1,1,0.99999475,1
14415,1,1,0.99993765,1
14416,1,0,0.27914017,0
14417,1,0,0.022802634,0
14418,0,0,0.11787642,1
14419,0,0,0.025858779,1
14420,1,1,0.9992649,1
14421,0,0,0.108377546,1
14422,0,0,0.20882359,1
14423,1,1,0.9999989,1
14424,0,1,0.82204634,0
14425,0,1,0.3890242,0
14426,1,1,0.99750805,1
14427,0,1,0.9129032,0
14428,1,1,1.0,1
14429,0,1,0.99912554,0
14430,0,0,0.022457054,1
14431,1,1,0.99584997,1
14432,0,0,0.055668924,1
14433,0,0,0.045310315,1
14434,0,1,0.63324016,0
14435,1,1,0.9994128,1
14436,1,1,0.9985018,1
14437,0,1,0.67752737,0
14438,0,0,0.023487044,1
14439,0,1,0.5827879,0
14440,1,1,0.9999994,1
14441,0,1,0.9959771,0
14442,1,0,0.098946586,0
14443,1,0,0.015291642,0
14444,0,1,0.99997926,0
14445,1,1,0.99979264,1
14446,1,1,0.9998198,1
14447,1,1,0.9999964,1
14448,1,0,0.019512547,0
14449,0,0,0.15475886,1
14450,0,1,0.9034647,0
14451,1,1,0.9958175,1
14452,1,1,0.99664307,1
14453,0,1,0.99999475,0
14454,0,1,0.38496992,0
14455,1,0,0.037361998,0
14456,1,1,0.99995553,1
14457,0,1,1.0,0
14458,0,0,0.25608712,1
14459,1,0,0.030357989,0
14460,1,1,0.9999988,1
14461,1,1,0.998662,1
14462,1,1,1.0,1
14463,0,1,0.9664738,0
14464,1,0,0.01374232,0
14465,1,1,0.99999034,1
14466,0,0,0.2660711,1
14467,1,1,0.9999933,1
14468,1,1,0.98544043,1
14469,0,0,0.33611313,1
14470,1,1,0.9991848,1
14471,1,1,1.0,1
14472,0,1,0.9999958,0
14473,1,1,0.9999621,1
14474,1,1,0.99999845,1
14475,0,1,0.9915216,0
14476,1,1,0.8407826,1
14477,1,1,0.99999964,1
14478,0,1,0.9821684,0
14479,0,0,0.245085,1
14480,1,0,0.30373183,0
14481,1,1,0.55139256,1
14482,0,0,0.039231926,1
14483,0,1,0.9400236,0
14484,1,0,0.0062291576,0
14485,1,0,0.21601154,0
14486,1,0,0.11104826,0
14487,1,1,0.99998057,1
14488,1,0,0.33279812,0
14489,1,1,0.88759494,1
14490,1,1,0.99999964,1
14491,0,0,0.015072628,1
14492,0,0,0.03216145,1
14493,1,1,0.6297177,1
14494,1,1,0.64416915,1
14495,1,1,1.0,1
14496,0,0,0.045991033,1
14497,1,1,0.9969897,1
14498,0,1,0.9997851,0
14499,1,0,0.103205055,0
14500,0,0,0.034586217,1
14501,0,1,0.84834504,0
14502,1,1,0.99530905,1
14503,0,1,0.99996614,0
14504,1,1,0.9996953,1
14505,0,1,0.99424744,0
14506,1,0,0.06435884,0
14507,1,1,1.0,1
14508,0,0,0.320077,1
14509,1,0,0.06518703,0
14510,0,1,0.47031087,0
14511,1,1,0.9975751,1
14512,1,1,1.0,1
14513,1,1,0.99961925,1
14514,0,0,0.3343177,1
14515,0,0,0.16026603,1
14516,0,0,0.09293445,1
14517,1,1,0.9999963,1
14518,0,0,0.0871745,1
14519,1,1,0.99992335,1
14520,1,1,0.99999106,1
14521,0,1,0.5401356,0
14522,1,1,0.99416876,1
14523,0,1,0.66361445,0
14524,1,1,0.6390043,1
14525,1,1,0.7483983,1
14526,0,1,0.9970073,0
14527,0,1,0.91413754,0
14528,0,1,0.89552265,0
14529,1,1,0.9899476,1
14530,0,0,0.2755194,1
14531,0,1,0.9999747,0
14532,1,1,1.0,1
14533,1,1,0.9999329,1
14534,0,1,0.99996865,0
14535,1,1,0.9999889,1
14536,1,1,1.0,1
14537,0,0,0.058507007,1
14538,1,1,0.9983026,1
14539,1,0,0.04300264,0
14540,1,0,0.028517084,0
14541,1,1,0.9998148,1
14542,1,1,0.5629575,1
14543,1,1,1.0,1
14544,1,1,1.0,1
14545,0,0,0.17716932,1
14546,0,0,0.0026939143,1
14547,0,0,0.07921033,1
14548,1,1,0.99999964,1
14549,0,0,0.04196977,1
14550,1,1,0.9999956,1
14551,1,1,0.46948987,1
14552,1,0,0.03012886,0
14553,0,0,0.075995214,1
14554,0,0,0.2256725,1
14555,0,1,0.95400894,0
14556,1,1,1.0,1
14557,1,1,0.99106663,1
14558,1,1,0.9994917,1
14559,1,1,0.9999999,1
14560,1,1,0.9999424,1
14561,1,1,0.99982184,1
14562,0,1,0.9617499,0
14563,1,0,0.036459446,0
14564,1,1,0.99911004,1
14565,1,1,1.0,1
14566,0,1,0.80348235,0
14567,0,1,0.72956795,0
14568,1,1,0.6666596,1
14569,1,1,0.99796116,1
14570,0,0,0.16092427,1
14571,1,1,0.99997675,1
14572,0,1,0.99997973,0
14573,0,0,0.1949802,1
14574,0,0,0.31938666,1
14575,1,1,0.9999069,1
14576,0,0,0.086400524,1
14577,0,1,0.799129,0
14578,1,1,0.9999894,1
14579,0,1,0.86635876,0
14580,1,0,0.08787644,0
14581,0,0,0.19057333,1
14582,1,1,0.79645085,1
14583,1,0,0.026180506,0
14584,0,1,0.79310596,0
14585,0,0,0.108283214,1
14586,1,1,0.7270559,1
14587,1,1,0.99242276,1
14588,0,0,0.18780208,1
14589,0,1,0.6941472,0
14590,1,1,0.80123687,1
14591,0,0,0.20537588,1
14592,1,1,0.9802997,1
14593,1,1,0.99739385,1
14594,0,1,0.99800056,0
14595,1,0,0.23014024,0
14596,1,1,1.0,1
14597,1,0,0.20761606,0
14598,1,1,0.99995863,1
14599,1,0,0.1501534,0
14600,0,0,0.032344334,1
14601,1,1,0.99991345,1
14602,1,1,0.99999976,1
14603,1,1,0.817283,1
14604,1,1,0.99986494,1
14605,1,1,0.94853723,1
14606,0,1,0.9967333,0
14607,0,1,0.9970305,0
14608,0,1,0.7213999,0
14609,1,1,0.99611557,1
14610,1,1,1.0,1
14611,1,1,0.9817707,1
14612,1,1,0.9999995,1
14613,1,0,0.106597565,0
14614,1,1,0.99999964,1
14615,1,0,0.18337418,0
14616,0,1,0.39065015,0
14617,0,1,0.46183586,0
14618,0,1,0.85342485,0
14619,1,1,0.9823216,1
14620,1,0,0.2863189,0
14621,0,0,0.28866935,1
14622,1,1,0.97093683,1
14623,1,1,0.5771975,1
14624,0,0,0.13683893,1
14625,1,1,0.99998474,1
14626,1,1,0.99756086,1
14627,1,1,0.9955576,1
14628,0,1,0.9999316,0
14629,0,0,0.032589745,1
14630,0,0,0.14426938,1
14631,1,1,1.0,1
14632,0,0,0.3245564,1
14633,0,0,0.14253002,1
14634,1,1,0.9997603,1
14635,1,1,0.86408126,1
14636,0,1,0.9437118,0
14637,1,1,0.8794577,1
14638,0,1,0.9970247,0
14639,0,1,0.56925416,0
14640,0,1,0.8880812,0
14641,0,1,0.99987113,0
14642,0,1,0.39408436,0
14643,1,1,0.99999106,1
14644,0,1,0.9956091,0
14645,0,1,0.99389064,0
14646,0,1,0.9968335,0
14647,1,1,0.9999546,1
14648,1,0,0.14057204,0
14649,1,0,0.33660358,0
14650,1,1,0.4088962,1
14651,1,1,0.91046584,1
14652,0,1,0.96017486,0
14653,1,1,1.0,1
14654,1,1,0.99291986,1
14655,1,1,0.9993749,1
14656,1,0,0.29138398,0
14657,1,1,1.0,1
14658,1,1,0.99986863,1
14659,1,1,0.9999151,1
14660,0,0,0.059210252,1
14661,1,1,0.70856565,1
14662,1,0,0.20713452,0
14663,0,0,0.25109637,1
14664,1,1,0.9689444,1
14665,0,0,0.11008789,1
14666,1,1,0.4102541,1
14667,1,1,0.9999263,1
14668,0,0,0.05597775,1
14669,0,1,0.9917163,0
14670,1,0,0.12179017,0
14671,1,0,0.10856642,0
14672,0,0,0.023554333,1
14673,1,0,0.15165491,0
14674,0,1,0.6175703,0
14675,1,1,0.9989857,1
14676,1,0,0.03155902,0
14677,1,1,0.72628,1
14678,1,1,0.9979966,1
14679,0,1,0.97381955,0
14680,1,1,0.9984988,1
14681,0,0,0.01802074,1
14682,1,1,0.98552424,1
14683,0,1,0.99964786,0
14684,0,0,0.1732882,1
14685,1,1,0.6666596,1
14686,1,0,0.07409726,0
14687,0,0,0.16158465,1
14688,1,1,0.4455597,1
14689,0,1,0.9999974,0
14690,1,1,0.9746045,1
14691,1,1,0.9990638,1
14692,1,1,0.6110919,1
14693,1,1,0.9999924,1
14694,1,1,1.0,1
14695,1,1,0.9568766,1
14696,1,1,0.99783,1
14697,0,1,0.9971495,0
14698,1,1,0.99996305,1
14699,1,1,0.99988985,1
14700,0,1,0.480113,0
14701,1,1,0.999992,1
14702,1,0,0.011093566,0
14703,1,1,0.7734731,1
14704,1,1,0.9999616,1
14705,1,1,0.999997,1
14706,0,0,0.020705253,1
14707,1,1,0.99999964,1
14708,1,1,1.0,1
14709,1,1,0.9994956,1
14710,1,1,0.9990283,1
14711,1,1,0.9999896,1
14712,0,0,0.04716187,1
14713,0,0,0.011574994,1
14714,1,0,0.3477032,0
14715,0,1,0.9854124,0
14716,0,1,0.7541915,0
14717,1,1,1.0,1
14718,0,0,0.1810459,1
14719,0,0,0.3192275,1
14720,1,1,0.7352617,1
14721,1,1,0.9999994,1
14722,0,0,0.27178288,1
14723,0,0,0.045437217,1
14724,1,1,0.9999497,1
14725,0,0,0.086246476,1
14726,0,0,0.007190812,1
14727,1,1,0.99971086,1
14728,1,0,0.022414219,0
14729,0,0,0.2256725,1
14730,1,1,0.9999999,1
14731,1,1,1.0,1
14732,1,1,0.99984527,1
14733,0,1,0.9999274,0
14734,1,0,0.0069576083,0
14735,1,0,0.19163007,0
14736,1,1,0.9999676,1
14737,0,0,0.18388654,1
14738,0,0,0.041656762,1
14739,1,0,0.022137716,0
14740,1,1,0.99963737,1
14741,1,1,0.99962735,1
14742,1,1,0.83467656,1
14743,0,0,0.276251,1
14744,1,0,0.0894546,0
14745,0,1,0.97321534,0
14746,1,1,0.99876,1
14747,1,1,0.99996376,1
14748,1,1,1.0,1
14749,0,0,0.029340027,1
14750,1,1,0.9999999,1
14751,0,1,0.9043975,0
14752,0,1,0.9835812,0
14753,0,0,0.15272596,1
14754,0,0,0.16000333,1
14755,1,1,0.9966299,1
14756,0,1,0.37860265,0
14757,1,1,0.99999774,1
14758,1,1,1.0,1
14759,0,1,0.3600389,0
14760,0,0,0.2991052,1
14761,0,0,0.2244802,1
14762,1,1,0.99533635,1
14763,0,0,0.02541965,1
14764,1,1,0.7552762,1
14765,0,1,0.76821196,0
14766,0,0,0.022074388,1
14767,0,1,0.35147798,0
14768,1,1,0.98007214,1
14769,1,0,0.28656837,0
14770,1,1,0.9999989,1
14771,0,0,0.21485612,1
14772,0,1,0.9999324,0
14773,1,1,1.0,1
14774,0,1,0.7140302,0
14775,1,1,0.6204492,1
14776,1,1,0.997358,1
14777,1,1,0.9951231,1
14778,0,0,0.13747455,1
14779,0,1,0.6128312,0
14780,0,1,0.9950177,0
14781,1,1,0.96637875,1
14782,1,1,0.9955662,1
14783,1,0,0.071332,0
14784,1,1,1.0,1
14785,0,0,0.08210661,1
14786,0,0,0.20850107,1
14787,1,1,0.790692,1
14788,0,1,0.97436166,0
14789,0,0,0.14092635,1
14790,1,0,0.21559837,0
14791,0,0,0.047205772,1
14792,1,0,0.19125213,0
14793,1,1,0.79613405,1
14794,0,0,0.24355245,1
14795,1,0,0.27708158,0
14796,0,0,0.037256766,1
14797,1,1,0.98975134,1
14798,0,1,0.9296323,0
14799,1,0,0.06159316,0
14800,1,0,0.068102375,0
14801,0,1,0.99849296,0
14802,1,1,0.9827572,1
14803,0,1,0.9993013,0
14804,1,1,0.9997358,1
14805,1,1,1.0,1
14806,1,0,0.18286288,0
14807,0,1,0.3656265,0
14808,0,1,0.99953175,0
14809,1,1,0.99999094,1
14810,0,1,0.9878762,0
14811,1,1,1.0,1
14812,0,0,0.031261913,1
14813,1,1,0.49066272,1
14814,1,1,0.9998785,1
14815,1,0,0.28907058,0
14816,0,0,0.045437217,1
14817,0,1,0.49426293,0
14818,1,0,0.16085833,0
14819,0,0,0.1783111,1
14820,1,1,0.99998224,1
14821,1,0,0.10141131,0
14822,1,1,0.76812494,1
14823,0,1,0.9967775,0
14824,1,1,1.0,1
14825,1,0,0.03085051,0
14826,1,1,1.0,1
14827,1,0,0.024964014,0
14828,0,0,0.014985891,1
14829,1,1,0.9999975,1
14830,0,1,0.82976806,0
14831,0,1,0.99454135,0
14832,0,0,0.0349467,1
14833,1,1,0.9962638,1
14834,1,1,1.0,1
14835,0,0,0.106597565,1
14836,0,1,0.99553156,0
14837,0,1,0.9957188,0
14838,0,1,0.921499,0
14839,1,1,0.9896918,1
14840,0,0,0.0586686,1
14841,0,1,0.69755745,0
14842,1,1,1.0,1
14843,0,1,0.6277801,0
14844,0,1,0.63493955,0
14845,0,0,0.12912793,1
14846,1,0,0.26559463,0
14847,0,1,0.54304504,0
14848,0,1,0.9999993,0
14849,0,0,0.09929539,1
14850,1,1,0.9999355,1
14851,1,1,0.35650268,1
14852,1,1,0.99165195,1
14853,0,1,0.9998579,0
14854,1,1,1.0,1
14855,1,1,0.99664956,1
14856,1,1,1.0,1
14857,0,1,0.99999726,0
14858,1,1,0.9999758,1
14859,1,0,0.006971116,0
14860,0,1,0.8162599,0
14861,1,1,0.998844,1
14862,1,0,0.1056711,0
14863,1,1,1.0,1
14864,1,1,0.9993749,1
14865,0,1,0.5929023,0
14866,1,0,0.09645018,0
14867,1,1,0.9951041,1
14868,1,0,0.10167862,0
14869,0,1,0.9772191,0
14870,1,1,1.0,1
14871,1,1,0.49990845,1
14872,0,0,0.2989005,1
14873,0,0,0.04560694,1
14874,0,0,0.05266766,1
14875,1,1,0.9993175,1
14876,1,1,0.9999528,1
14877,0,1,0.9977743,0
14878,1,1,0.99999964,1
14879,1,1,0.74101865,1
14880,0,0,0.03879259,1
14881,0,0,0.28239402,1
14882,0,0,0.16344544,1
14883,1,1,1.0,1
14884,0,1,0.98324674,0
14885,1,1,0.9928786,1
14886,0,1,0.9971384,0
14887,0,0,0.011397586,1
14888,1,1,0.81271875,1
14889,0,1,0.5391045,0
14890,0,0,0.14015962,1
14891,0,1,0.98394,0
14892,0,0,0.07409726,1
14893,1,1,1.0,1
14894,1,1,1.0,1
14895,0,1,0.7967673,0
14896,1,1,0.9670388,1
14897,0,0,0.29335386,1
14898,1,1,0.9838161,1
14899,1,1,0.99846625,1
14900,1,0,0.0026678042,0
14901,1,1,0.8133867,1
14902,0,0,0.0008295892,1
14903,0,0,0.13811268,1
14904,1,1,0.9325147,1
14905,0,0,0.23014024,1
14906,1,0,0.20149878,0
14907,0,0,0.12912793,1
14908,1,1,1.0,1
14909,1,1,0.9688562,1
14910,1,1,1.0,1
14911,1,1,0.99999976,1
14912,1,1,0.99732697,1
14913,1,0,0.24050692,0
14914,1,0,0.06985836,0
14915,0,1,0.6025879,0
14916,0,0,0.03750274,1
14917,1,0,0.16865148,0
14918,1,1,0.99990976,1
14919,1,1,1.0,1
14920,0,1,0.94844174,0
14921,0,0,0.32917604,1
14922,0,1,0.45613718,0
14923,1,1,1.0,1
14924,1,0,0.04189131,0
14925,0,1,0.9131358,0
14926,0,0,0.05834584,1
14927,0,0,0.069541745,1
14928,0,0,0.2907794,1
14929,1,1,0.99998987,1
14930,1,1,0.9999596,1
14931,1,1,0.9981104,1
14932,1,1,1.0,1
14933,1,1,1.0,1
14934,1,1,0.9494823,1
14935,0,0,0.12635334,1
14936,1,1,0.99908006,1
14937,1,1,0.544983,1
14938,1,0,0.043691058,0
14939,1,1,0.9930559,1
14940,0,1,0.9207184,0
14941,1,1,0.9920773,1
14942,1,1,0.75770473,1
14943,1,0,0.17974643,0
14944,1,1,0.9996381,1
14945,0,0,0.019700259,1
14946,0,0,0.17078443,1
14947,0,0,0.13494682,1
14948,1,1,0.9999999,1
14949,0,1,0.9713746,0
14950,1,1,0.9567152,1
14951,0,0,0.05266766,1
14952,0,0,0.0532062,1
14953,1,1,0.9999999,1
14954,1,0,0.26284182,0
14955,0,1,0.86408126,0
14956,1,1,0.99999833,1
14957,0,0,0.14829372,1
14958,0,0,0.07558479,1
14959,1,0,0.035678547,0
14960,1,1,1.0,1
14961,1,1,0.9983834,1
14962,1,1,0.99999964,1
14963,0,0,0.13195427,1
14964,0,1,0.9999999,0
14965,1,0,0.12570794,0
14966,0,0,0.043977574,1
14967,0,0,0.054148693,1
14968,0,1,0.9559813,0
14969,0,1,0.5045775,0
14970,1,1,1.0,1
14971,1,1,0.9997893,1
14972,1,1,1.0,1
14973,0,0,0.02260761,1
14974,1,1,0.9999962,1
14975,0,1,0.9556928,0
14976,1,1,0.9988418,1
14977,1,1,0.99533635,1
14978,1,1,1.0,1
14979,1,1,0.98279023,1
14980,0,0,0.038719833,1
14981,0,0,0.04115289,1
14982,1,1,0.5519964,1
14983,0,0,0.17175467,1
14984,0,0,0.24382246,1
14985,1,1,0.9999968,1
14986,0,0,0.120438814,1
14987,0,1,0.39808467,0
14988,0,1,0.9999565,0
14989,0,0,0.17293873,1
14990,1,1,1.0,1
14991,1,1,0.9974738,1
14992,1,1,0.99346113,1
14993,1,1,0.9999924,1
14994,1,1,1.0,1
14995,1,1,0.9999999,1
14996,0,1,0.9459513,0
14997,1,0,0.26298374,0
14998,1,1,0.9998517,1
14999,1,1,1.0,1
15000,1,1,0.43152428,1
15001,0,0,0.043650273,1
15002,0,1,0.9810037,0
15003,0,1,0.68326104,0
15004,1,1,1.0,1
15005,0,1,0.99901116,0
15006,0,0,0.026255298,1
15007,0,0,0.12463858,1
15008,0,1,1.0,0
15009,1,0,0.088425905,0
15010,0,1,0.7251623,0
15011,0,1,0.5228722,0
15012,1,0,0.17412922,0
15013,1,0,0.09518112,0
15014,1,1,0.99999857,1
15015,1,1,0.99990463,1
15016,0,1,0.6758181,0
15017,1,1,0.9999914,1
15018,1,0,0.13072868,0
15019,1,1,0.99915075,1
15020,0,0,0.09033343,1
15021,1,1,0.9998118,1
15022,1,0,0.04115289,0
15023,1,0,0.037785765,0
15024,1,1,0.9859904,1
15025,1,0,0.11377637,0
15026,0,0,0.09973295,1
15027,1,1,0.99999475,1
15028,0,1,0.94971603,0
15029,0,1,0.99999976,0
15030,0,0,0.08961382,1
15031,0,1,0.5796384,0
15032,1,1,0.9999993,1
15033,1,1,0.9790157,1
15034,0,1,0.99900347,0
15035,0,1,0.9981792,0
15036,1,1,0.999828,1
15037,0,1,0.47953415,0
15038,0,1,0.99356186,0
15039,1,1,0.9974885,1
15040,0,1,0.9993988,0
15041,0,1,0.9988796,0
15042,0,0,0.009917223,1
15043,1,1,0.9998822,1
15044,0,1,0.99825555,0
15045,0,0,0.18111832,1
15046,0,1,0.9995092,0
15047,1,0,0.26435834,0
15048,1,0,0.1431278,0
15049,0,0,0.113383114,1
15050,1,1,1.0,1
15051,0,1,0.54516464,0
15052,0,1,0.7999117,0
15053,1,1,0.8392076,1
15054,1,0,0.0095224865,0
15055,1,0,0.077030234,0
15056,1,1,0.99999845,1
15057,1,1,1.0,1
15058,1,1,0.98175323,1
15059,1,1,0.99997115,1
15060,1,1,0.99995637,1
15061,0,1,0.99999154,0
15062,0,0,0.054802597,1
15063,0,1,0.4388754,0
15064,0,0,0.34936625,1
15065,1,1,1.0,1
15066,1,0,0.17895591,0
15067,0,1,0.9899282,0
15068,1,1,0.99990654,1
15069,1,1,1.0,1
15070,0,1,0.99890554,0
15071,0,0,0.044597577,1
15072,0,0,0.33247292,1
15073,0,1,0.95190793,0
15074,1,1,0.9912717,1
15075,1,0,0.103930384,0
15076,1,1,0.99242276,1
15077,1,1,0.9964064,1
15078,1,1,0.9999864,1
15079,0,1,0.93721074,0
15080,1,1,0.99999964,1
15081,1,1,0.9439706,1
15082,0,1,0.68841606,0
15083,0,1,0.7582422,0
15084,0,0,0.15746048,1
15085,1,1,0.9999558,1
15086,1,1,0.99298817,1
15087,0,1,0.99949956,0
15088,1,1,0.9901782,1
15089,1,1,0.9980994,1
15090,1,1,1.0,1
15091,1,1,0.43647188,1
15092,0,0,0.06250249,1
15093,1,1,0.74502754,1
15094,0,1,0.9999908,0
15095,0,0,0.2162597,1
15096,1,1,0.9659317,1
15097,1,0,0.009196552,0
15098,0,1,0.46590382,0
15099,1,1,1.0,1
15100,1,1,1.0,1
15101,1,1,0.99583375,1
15102,1,0,0.032436155,0
15103,1,0,0.043528132,0
15104,1,1,0.99999404,1
15105,0,0,0.0275591,1
15106,1,1,0.99994326,1
15107,1,1,0.9999629,1
15108,0,1,0.848847,0
15109,0,0,0.038647197,1
15110,1,1,0.79787195,1
15111,1,1,1.0,1
15112,1,0,0.24707794,0
15113,1,1,0.9999893,1
15114,0,1,0.8711464,0
15115,0,0,0.16431522,1
15116,1,1,1.0,1
15117,0,1,0.9320215,0
15118,1,1,0.9999994,1
15119,1,1,0.9999999,1
15120,1,1,1.0,1
15121,0,0,0.29777616,1
15122,0,0,0.03452106,1
15123,0,1,0.98588216,0
15124,1,0,0.0061689946,0
15125,1,1,0.9999721,1
15126,1,1,0.9997148,1
15127,0,0,0.12522575,1
15128,1,1,0.99999845,1
15129,1,0,0.23370637,0
15130,1,1,0.9998313,1
15131,0,1,0.39323938,0
15132,1,1,0.99997413,1
15133,1,1,0.9784877,1
15134,0,1,0.7557272,0
15135,0,0,0.05781161,1
15136,0,1,0.9989225,0
15137,1,1,0.6071392,1
15138,1,0,0.08122775,0
15139,0,1,0.94544977,0
15140,0,0,0.009559399,1
15141,0,1,0.83413684,0
15142,1,1,1.0,1
15143,1,1,1.0,1
15144,1,1,0.9333094,1
15145,0,0,0.11992252,1
15146,0,0,0.08411581,1
15147,1,1,0.9984176,1
15148,0,1,0.93587595,0
15149,0,1,0.9968702,0
15150,0,0,0.07376295,1
15151,0,0,0.013402403,1
15152,0,1,0.9922444,0
15153,1,1,0.9998332,1
15154,1,1,0.9024378,1
15155,0,0,0.30192775,1
15156,1,1,0.99955314,1
15157,1,1,0.3725623,1
15158,1,0,0.025662709,0
15159,0,0,0.24122119,1
15160,0,0,0.017459229,1
15161,1,0,0.022846196,0
15162,1,1,1.0,1
15163,0,0,0.182717,1
15164,1,1,0.9806919,1
15165,1,1,0.99771273,1
15166,0,0,0.015906392,1
15167,0,1,0.45507753,0
15168,1,1,1.0,1
15169,1,1,0.58847535,1
15170,0,1,0.9948902,0
15171,1,1,1.0,1
15172,0,1,0.3964186,0
15173,1,1,1.0,1
15174,1,1,0.9999999,1
15175,0,1,0.63934207,0
15176,1,0,0.030588808,0
15177,1,1,0.99474937,1
15178,0,1,0.77081,0
15179,1,1,0.46976352,1
15180,0,1,0.98244,0
15181,0,1,0.83615357,0
15182,1,1,1.0,1
15183,0,0,0.25450897,1
15184,1,0,0.017865866,0
15185,0,0,0.112600096,1
15186,0,1,0.61808914,0
15187,0,0,0.058938842,1
15188,0,1,0.49838257,0
15189,0,0,0.026205411,1
15190,0,1,0.37616467,0
15191,1,1,0.99999857,1
15192,1,1,0.47408333,1
15193,1,1,0.9994093,1
15194,0,1,0.70298904,0
15195,1,1,1.0,1
15196,0,0,0.25757828,1
15197,0,1,0.9999454,0
15198,1,1,0.9965503,1
15199,1,1,0.61952883,1
15200,0,1,0.9998529,0
15201,1,1,0.9989329,1
15202,1,1,1.0,1
15203,0,1,1.0,0
15204,1,1,0.9901782,1
15205,0,1,0.6747474,0
15206,1,1,0.99973875,1
15207,0,1,0.64829934,0
15208,1,1,1.0,1
15209,1,1,0.99433607,1
15210,0,0,0.20410384,1
15211,1,1,0.8275496,1
15212,0,0,0.26284182,1
15213,0,0,0.2249055,1
15214,0,1,0.98638946,0
15215,0,1,0.3919295,0
15216,0,0,0.12262824,1
15217,1,1,1.0,1
15218,1,1,0.9999999,1
15219,1,1,0.9502727,1
15220,0,0,0.054399315,1
15221,1,1,0.99999976,1
15222,0,1,0.37857395,0
15223,1,1,0.92788786,1
15224,1,1,0.8769508,1
15225,1,0,0.20228556,0
15226,1,1,0.8688268,1
15227,1,1,0.9654138,1
15228,1,1,0.4538064,1
15229,0,1,0.97628796,0
15230,0,0,0.106411695,1
15231,1,1,0.9987031,1
15232,1,0,0.05975658,0
15233,1,1,0.99762183,1
15234,1,1,0.9999988,1
15235,1,1,0.8047131,1
15236,1,1,1.0,1
15237,0,1,0.99999976,0
15238,1,1,0.9999989,1
15239,0,0,0.1346052,1
15240,1,1,0.99995494,1
15241,1,1,0.9948704,1
15242,1,1,0.77932185,1
15243,0,1,0.9766915,0
15244,0,0,0.06742378,1
15245,0,1,0.99817204,0
15246,1,1,0.75815266,1
15247,1,0,0.11436852,0
15248,1,1,1.0,1
15249,1,1,0.9741166,1
15250,1,1,1.0,1
15251,1,1,0.9998859,1
15252,1,1,0.9961755,1
15253,0,0,0.06255973,1
15254,0,1,0.47466162,0
15255,1,0,0.060975183,0
15256,1,1,0.91030645,1
15257,0,0,0.018923571,1
15258,0,1,0.48261198,0
15259,0,1,0.87439936,0
15260,0,1,0.87800074,0
15261,0,0,0.080574244,1
15262,1,0,0.05037733,0
15263,1,1,0.8197491,1
15264,0,0,0.24707794,1
15265,0,1,0.9999994,0
15266,0,0,0.1067837,1
15267,1,1,0.9811126,1
15268,0,1,0.4914559,0
15269,1,0,0.074500255,0
15270,0,0,0.16667542,1
15271,0,0,0.13302054,1
15272,0,0,0.24953869,1
15273,1,0,0.061311536,0
15274,0,0,0.11018359,1
15275,0,1,0.99783844,0
15276,1,0,0.301722,0
15277,0,0,0.18690996,1
15278,0,1,0.5217758,0
15279,1,0,0.2921912,0
15280,1,1,0.9999877,1
15281,0,1,0.95331854,0
15282,1,1,0.51507115,1
15283,1,1,0.98123896,1
15284,1,0,0.05345272,0
15285,1,0,0.18410648,0
15286,1,1,0.99992335,1
15287,1,0,1.4912718e-05,0
15288,0,0,0.13318956,1
15289,1,1,0.91949815,1
15290,1,1,0.76829886,1
15291,0,0,0.16954333,1
15292,1,1,1.0,1
15293,0,1,0.9202897,0
15294,0,1,1.0,0
15295,1,0,0.051272422,0
15296,1,0,0.20481862,0
15297,0,0,0.030559864,1
15298,1,1,0.9997658,1
15299,1,1,0.7898827,1
15300,0,1,0.79534036,0
15301,1,0,0.20922722,0
15302,0,0,0.032713126,1
15303,0,1,0.41217524,0
15304,0,1,0.5732604,0
15305,1,1,0.9999999,1
15306,0,1,0.8356178,0
15307,1,1,0.8774768,1
15308,1,1,1.0,1
15309,1,0,0.058722552,0
15310,0,0,0.14578295,1
15311,1,1,1.0,1
15312,0,0,0.085403666,1
15313,1,1,1.0,1
15314,0,0,0.23926048,1
15315,0,1,0.9644556,0
15316,1,0,0.05839952,0
15317,1,1,1.0,1
15318,1,1,0.99999976,1
15319,1,1,0.3682353,1
15320,0,0,0.33301497,1
15321,0,0,0.1454792,1
15322,1,1,0.9985335,1
15323,0,1,0.99919754,0
15324,1,1,0.98213416,1
15325,1,0,0.14596547,0
15326,1,1,0.8564525,1
15327,1,1,0.9999999,1
15328,1,1,0.99991035,1
15329,0,1,0.9251624,0
15330,1,1,0.9994735,1
15331,1,1,0.99997604,1
15332,0,0,0.05261895,1
15333,0,0,0.24780536,1
15334,1,0,0.054148693,0
15335,0,1,0.930395,0
15336,1,1,0.98771137,1
15337,1,1,0.54437757,1
15338,1,1,0.51055753,1
15339,1,1,0.5103745,1
15340,1,1,0.8559716,1
15341,0,0,0.14817041,1
15342,1,0,0.031529184,0
15343,1,1,0.99995244,1
15344,1,1,0.85452086,1
15345,1,1,0.9931363,1
15346,0,1,0.9678993,0
15347,1,1,0.9240733,1
15348,1,0,0.19667186,0
15349,1,1,0.99995697,1
15350,0,0,0.1153614,1
15351,1,1,0.9563089,1
15352,1,0,0.2188363,0
15353,1,0,0.032961242,0
15354,1,1,0.9999995,1
15355,0,0,0.016466172,1
15356,1,1,0.9999999,1
15357,0,1,0.99603146,0
15358,1,1,1.0,1
15359,1,1,0.9998795,1
15360,0,1,1.0,0
15361,1,1,0.9999999,1
15362,1,1,0.4883139,1
15363,1,0,0.09916446,0
15364,0,1,0.9905691,0
15365,1,0,0.15077755,0
15366,0,1,0.9999943,0
15367,0,1,0.9954704,0
15368,1,0,0.04451443,0
15369,0,0,0.03821415,1
15370,1,1,0.9997527,1
15371,1,1,0.98819935,1
15372,1,0,0.039825134,0
15373,1,1,1.0,1
15374,1,1,0.99999857,1
15375,1,1,1.0,1
15376,0,1,0.92324704,0
15377,0,0,0.05122493,1
15378,0,0,0.30497235,1
15379,0,1,0.668177,0
15380,1,1,0.9342153,1
15381,1,1,0.9999999,1
15382,1,1,1.0,1
15383,1,1,0.99216896,1
15384,0,0,0.004390866,1
15385,1,1,0.9961903,1
15386,0,1,0.43062615,0
15387,1,1,0.5580862,1
15388,0,0,0.23326942,1
15389,1,1,0.9999987,1
15390,1,1,0.9993175,1
15391,0,0,0.32498476,1
15392,0,0,0.16968088,1
15393,1,1,0.99085677,1
15394,1,1,1.0,1
15395,0,0,0.036562506,1
15396,0,0,0.012170629,1
15397,0,0,0.008124708,1
15398,0,1,0.7850615,0
15399,1,1,0.52305496,1
15400,1,1,0.9971439,1
15401,0,1,0.9914225,0
15402,0,1,0.5288984,0
15403,0,1,0.52354217,0
15404,1,0,0.016914913,0
15405,1,1,0.94815457,1
15406,0,1,0.41392127,0
15407,0,1,0.967256,0
15408,1,1,0.57242405,1
15409,1,0,0.06058495,0
15410,1,1,0.89606965,1
15411,1,1,1.0,1
15412,1,1,0.7756048,1
15413,1,1,0.9999938,1
15414,0,1,0.8552477,0
15415,0,0,0.20593424,1
15416,1,1,0.70125294,1
15417,0,1,0.97877365,0
15418,1,1,1.0,1
15419,1,0,0.01665704,0
15420,0,0,0.0996453,1
15421,1,1,0.99996734,1
15422,1,1,0.61201984,1
15423,1,1,0.92736334,1
15424,0,1,0.9999815,0
15425,1,1,0.96888566,1
15426,1,1,0.9999981,1
15427,0,1,0.89228123,0
15428,0,1,0.999979,0
15429,0,1,0.97803074,0
15430,1,1,0.6467392,1
15431,1,1,0.81508535,1
15432,1,1,0.6788062,1
15433,0,0,0.06019705,1
15434,1,1,0.9869795,1
15435,1,1,0.97573924,1
15436,0,0,0.044806086,1
15437,0,1,1.0,0
15438,1,1,1.0,1
15439,0,0,0.029901406,1
15440,0,1,0.98715407,0
15441,1,0,0.05261895,0
15442,1,1,0.53540206,1
15443,0,1,1.0,0
15444,0,0,0.008364238,1
15445,0,1,1.0,0
15446,0,1,0.9970131,0
15447,0,0,0.032961242,1
15448,1,1,1.0,1
15449,0,0,0.11747085,1
15450,0,0,0.06866228,1
15451,0,0,0.09268777,1
15452,1,1,1.0,1
15453,1,1,0.99999666,1
15454,0,1,0.5897164,0
15455,0,0,0.21411571,1
15456,0,1,0.95775455,0
15457,0,1,0.43899563,0
15458,0,0,0.26265267,1
15459,0,1,0.9992986,0
15460,1,1,0.99999964,1
15461,1,0,0.025107034,0
15462,0,0,0.19544049,1
15463,0,1,0.8988553,0
15464,1,1,1.0,1
15465,0,0,0.23074637,1
15466,1,1,0.59766656,1
15467,1,0,0.065604836,0
15468,0,1,0.93409514,0
15469,0,1,0.6866328,0
15470,0,0,0.030243218,1
15471,1,1,0.9998198,1
15472,0,1,0.9510059,0
15473,0,1,0.99750805,0
15474,1,1,0.9955142,1
15475,0,0,0.038285997,1
15476,0,1,0.9999534,0
15477,1,1,0.9999999,1
15478,1,1,0.9998702,1
15479,1,1,0.92729753,1
15480,0,1,0.9996718,0
15481,1,1,0.7397516,1
15482,1,0,0.24095315,0
15483,1,1,1.0,1
15484,1,0,0.041539967,0
15485,0,1,0.5251253,0
15486,1,1,0.99805814,1
15487,1,1,0.96637875,1
15488,0,1,0.87873113,0
15489,0,1,0.6396798,0
15490,1,0,0.062046263,0
15491,0,1,0.98628414,0
15492,1,1,1.0,1
15493,1,1,0.99933976,1
15494,0,1,0.9650203,0
15495,1,0,0.27610457,0
15496,0,0,0.27357438,1
15497,1,1,0.9982351,1
15498,0,0,0.14414886,1
15499,0,1,0.8550057,0
15500,0,0,0.09704756,1
15501,1,1,0.8053262,1
15502,0,1,0.5039672,0
15503,0,0,0.044764314,1
15504,0,1,0.9390248,0
15505,1,1,0.92064714,1
15506,1,1,0.952131,1
15507,1,0,0.03465149,0
15508,1,1,1.0,1
15509,0,1,0.41563988,0
15510,0,1,0.9996574,0
15511,0,0,0.0279544,1
15512,0,0,0.02748069,1
15513,0,1,0.35186765,0
15514,1,1,1.0,1
15515,1,1,0.9971048,1
15516,1,0,0.15259965,0
15517,0,0,0.14235108,1
15518,1,0,0.0226292,0
15519,0,1,0.8924688,0
15520,1,1,0.99998105,1
15521,0,0,0.053849373,1
15522,1,1,0.9705485,1
15523,0,0,0.03073393,1
15524,1,1,0.67891264,1
15525,0,1,0.8775817,0
15526,0,1,0.83801806,0
15527,0,0,0.16995622,1
15528,1,0,0.09057448,0
15529,0,1,0.6983809,0
15530,1,1,0.99998665,1
15531,0,0,0.16224726,1
15532,0,0,0.013273888,1
15533,0,0,0.057652235,1
15534,0,1,0.67891264,0
15535,0,1,0.7037022,0
15536,1,1,0.7140302,1
15537,0,0,0.30218512,1
15538,0,1,0.5280467,0
15539,1,0,0.00011147904,0
15540,0,1,0.9900636,0
15541,1,1,0.996597,1
15542,0,1,0.99396133,0
15543,1,1,0.999826,1
15544,1,1,0.9999994,1
15545,0,0,0.10539455,1
15546,0,0,0.054399315,1
15547,1,1,0.99456257,1
15548,1,1,1.0,1
15549,0,0,0.28209728,1
15550,1,1,1.0,1
15551,1,1,0.9978802,1
15552,0,0,0.10941996,1
15553,0,0,0.13603349,1
15554,0,1,0.99998474,0
15555,1,1,0.99998295,1
15556,0,0,0.22337706,1
15557,0,1,0.9606575,0
15558,1,1,0.60667324,1
15559,1,1,0.9832145,1
15560,1,0,0.008577485,0
15561,1,1,1.0,1
15562,0,1,0.9468921,0
15563,1,1,0.996557,1
15564,0,1,0.8978745,0
15565,0,1,0.39399692,0
15566,0,1,0.9981756,0
15567,0,1,0.99968255,0
15568,0,1,0.9998746,0
15569,1,1,0.84453726,1
15570,1,1,1.0,1
15571,1,1,0.99998355,1
15572,0,1,0.99984705,0
15573,0,1,0.83828294,0
15574,1,1,0.59125125,1
15575,1,1,0.9999963,1
15576,0,1,0.99999225,0
15577,1,1,1.0,1
15578,1,1,1.0,1
15579,0,0,0.27830583,1
15580,1,0,0.012600624,0
15581,1,0,0.23126681,0
15582,1,1,0.999998,1
15583,0,1,0.89724606,0
15584,1,1,1.0,1
15585,0,0,0.041191436,1
15586,1,1,0.9999782,1
15587,0,1,0.9883802,0
15588,0,1,0.75833166,0
15589,1,1,1.0,1
15590,0,1,0.66252357,0
15591,0,1,0.6932134,0
15592,1,1,0.84972197,1
15593,0,0,0.07483763,1
15594,0,1,0.9995932,0
15595,1,0,0.0044423947,0
15596,0,1,0.8587186,0
15597,0,1,0.99613816,0
15598,1,0,0.13852006,0
15599,0,1,0.48950347,0
15600,1,1,0.9999335,1
15601,1,1,1.0,1
15602,1,1,0.99999607,1
15603,1,1,0.9932156,1
15604,1,1,0.9999956,1
15605,1,1,0.42307064,1
15606,1,1,0.9016612,1
15607,1,1,0.9999926,1
15608,1,1,0.96653706,1
15609,0,0,0.26683462,1
15610,0,1,0.3654567,0
15611,1,0,0.23335676,0
15612,0,1,0.9531008,0
15613,1,0,0.19368058,0
15614,1,1,1.0,1
15615,0,0,0.2724115,1
15616,0,1,0.46034953,0
15617,1,1,0.712032,1
15618,1,0,0.01578456,0
15619,1,1,0.99984527,1
15620,1,0,0.2502709,0
15621,1,1,0.9976586,1
15622,0,0,0.18877222,1
15623,0,1,0.6914453,0
15624,1,1,0.9968273,1
15625,1,0,0.11566073,0
15626,1,1,1.0,1
15627,1,1,0.9870046,1
15628,0,1,1.0,0
15629,1,1,0.790692,1
15630,1,1,0.9443824,1
15631,0,1,0.99622726,0
15632,0,1,0.94815457,0
15633,1,1,0.5178757,1
15634,1,1,0.5376483,1
15635,1,1,0.99967504,1
15636,1,1,0.9999999,1
15637,1,1,0.99576014,1
15638,0,1,0.6555014,0
15639,1,0,0.12770702,0
15640,1,0,0.10650459,0
15641,0,0,0.05505607,1
15642,1,1,0.9802997,1
15643,1,1,0.9999863,1
15644,0,0,0.20793757,1
15645,1,1,0.999943,1
15646,1,1,0.9998184,1
15647,1,1,1.0,1
15648,0,1,0.99176437,0
15649,0,1,1.0,0
15650,0,1,0.99995446,0
15651,1,1,1.0,1
15652,0,1,0.9996613,0
15653,0,1,0.8564525,0
15654,1,1,0.9998945,1
15655,0,1,0.38320842,0
15656,1,1,0.99999714,1
15657,1,0,0.029008126,0
15658,1,1,0.9999999,1
15659,0,0,0.1509652,1
15660,0,0,0.098512106,1
15661,1,1,0.43839446,1
15662,0,0,0.0030994152,1
15663,0,0,0.0004280427,1
15664,0,0,0.0962801,1
15665,1,1,0.79944235,1
15666,1,1,1.0,1
15667,1,1,0.99996305,1
15668,1,1,1.0,1
15669,1,1,0.99111825,1
15670,1,1,0.9988531,1
15671,1,1,0.99999356,1
15672,1,1,0.9958418,1
15673,0,1,0.9975466,0
15674,0,0,0.32241932,1
15675,1,1,0.7330699,1
15676,0,0,0.3395538,1
15677,1,1,0.99642736,1
15678,1,0,0.3011565,0
15679,1,1,0.98521465,1
15680,0,0,0.33128196,1
15681,0,1,0.9999467,0
15682,1,0,0.2569252,0
15683,1,1,0.9999994,1
15684,0,0,0.1683778,1
15685,0,1,0.99999785,0
15686,1,0,0.060252324,0
15687,0,1,0.78274554,0
15688,1,1,0.9999999,1
15689,1,1,1.0,1
15690,1,1,0.9991391,1
15691,0,1,0.9999999,0
15692,0,0,0.10266401,1
15693,0,1,0.9914556,0
15694,1,0,0.0768222,0
15695,0,1,0.3835547,0
15696,0,1,0.6836835,0
15697,0,1,0.95846003,0
15698,1,1,0.9998332,1
15699,0,1,1.0,0
15700,1,1,1.0,1
15701,1,0,0.14288844,0
15702,1,1,1.0,1
15703,0,0,0.03504564,1
15704,1,1,1.0,1
15705,1,1,0.93919235,1
15706,1,1,1.0,1
15707,1,1,0.9999993,1
15708,1,0,0.033589505,0
15709,0,1,0.9999802,0
15710,0,0,0.07942426,1
15711,1,1,0.99994195,1
15712,0,0,0.14004198,1
15713,1,1,0.9988796,1
15714,0,0,0.08748585,1
15715,0,1,0.99951494,0
15716,1,1,0.79905057,1
15717,0,0,0.032191858,1
15718,0,0,0.2295352,1
15719,0,0,0.022715757,1
15720,1,1,0.9978884,1
15721,1,0,0.028980628,0
15722,1,1,0.99060565,1
15723,1,1,1.0,1
15724,1,0,0.086554825,0
15725,1,1,1.0,1
15726,0,1,0.96050966,0
15727,1,1,0.9999237,1
15728,1,1,0.98159516,1
15729,1,1,0.9994568,1
15730,1,1,0.83548355,1
15731,1,0,0.021145396,0
15732,0,1,0.908699,0
15733,1,1,0.37972337,1
15734,0,1,0.98667485,0
15735,0,0,0.14169659,1
15736,0,1,0.9999995,0
15737,0,1,0.9038049,0
15738,0,0,0.3390065,1
15739,0,1,0.99913067,0
15740,1,1,1.0,1
15741,0,0,0.068102375,1
15742,0,0,0.06717857,1
15743,0,0,0.057334732,1
15744,1,0,0.017475989,0
15745,1,1,0.9749884,1
15746,1,1,0.47341377,1
15747,1,1,0.9999999,1
15748,1,0,0.2186694,0
15749,0,0,0.05490385,1
15750,1,0,0.003027835,0
15751,0,1,0.8834373,0
15752,0,0,0.08525123,1
15753,0,1,0.99968123,0
15754,0,0,0.20071429,1
15755,0,0,0.17838266,1
15756,1,1,0.90183425,1
15757,0,1,0.41976687,0
15758,1,1,0.99999654,1
15759,1,1,0.9680808,1
15760,1,1,0.68810177,1
15761,1,1,0.9999914,1
15762,1,1,0.99240804,1
15763,1,1,0.89796406,1
15764,1,1,1.0,1
15765,0,0,0.11576064,1
15766,1,1,0.97957015,1
15767,0,1,0.9132906,0
15768,1,1,1.0,1
15769,1,0,0.07592667,0
15770,1,1,0.9999987,1
15771,1,1,0.99996257,1
15772,1,1,0.9982109,1
15773,0,1,0.8708172,0
15774,0,0,0.10420353,1
15775,1,1,1.0,1
15776,1,1,1.0,1
15777,1,1,0.99974686,1
15778,1,1,0.99861145,1
15779,1,0,0.043691058,0
15780,0,1,0.38899514,0
15781,1,1,0.9999999,1
15782,1,1,1.0,1
15783,1,1,0.99948174,1
15784,0,1,0.6355052,0
15785,1,1,0.99999535,1
15786,1,1,1.0,1
15787,1,0,0.19961987,0
15788,0,0,0.034132607,1
15789,0,1,0.9999975,0
15790,0,1,0.9999982,0
15791,1,1,0.99999726,1
15792,0,0,0.28081354,1
15793,1,1,0.99789655,1
15794,0,1,0.9999994,0
15795,0,1,0.9864938,0
15796,1,1,0.99999976,1
15797,1,1,0.91352236,1
15798,1,1,0.9997142,1
15799,1,1,0.51519305,1
15800,1,1,0.99888176,1
15801,0,0,0.022053316,1
15802,1,1,0.9999727,1
15803,0,0,0.024727408,1
15804,1,1,0.9999988,1
15805,0,1,0.6885208,0
15806,1,1,0.99998355,1
15807,0,1,0.70957285,0
15808,1,1,1.0,1
15809,1,1,0.7026831,1
15810,1,1,0.8474635,1
15811,0,1,0.9427707,0
15812,1,1,0.9996252,1
15813,1,1,0.9999902,1
15814,1,1,0.980053,1
15815,1,1,1.0,1
15816,1,1,0.8933094,1
15817,1,0,0.2200909,0
15818,1,0,0.28358296,0
15819,0,1,0.88453895,0
15820,0,0,0.011508149,1
15821,0,0,0.016979992,1
15822,1,1,0.99999666,1
15823,0,1,0.35599878,0
15824,0,0,0.2972149,1
15825,1,0,0.17953056,0
15826,1,1,0.83682144,1
15827,1,1,0.35549518,1
15828,0,1,0.96858984,0
15829,0,0,0.037714817,1
15830,0,1,0.9999989,0
15831,1,1,1.0,1
15832,0,1,0.8881781,0
15833,0,0,0.01161977,1
15834,1,0,0.04023794,0
15835,1,1,1.0,1
15836,1,0,0.13477592,0
15837,1,0,0.027716566,0
15838,0,1,0.9946464,0
15839,0,0,0.0007041515,1
15840,0,1,0.83548355,0
15841,0,0,0.11726853,1
15842,1,0,0.16444936,0
15843,1,1,0.9706599,1
15844,1,1,0.99898773,1
15845,1,1,0.9999999,1
15846,0,1,0.9173767,0
15847,1,1,0.99967563,1
15848,1,1,0.42423308,1
15849,1,1,0.961642,1
15850,1,1,0.97865146,1
15851,1,0,0.29254478,0
15852,1,1,0.99196917,1
15853,1,1,1.0,1
15854,1,0,0.20914644,0
15855,0,1,0.98768765,0
15856,1,1,0.99966395,1
15857,1,0,0.2012632,0
15858,0,1,0.99952996,0
15859,1,1,1.0,1
15860,1,1,1.0,1
15861,0,0,0.26654816,1
15862,1,1,0.99999654,1
15863,1,1,0.9999999,1
15864,1,1,0.99994874,1
15865,1,1,1.0,1
15866,1,1,0.999992,1
15867,0,0,0.11696559,1
15868,1,1,0.9999999,1
15869,0,1,0.99935883,0
15870,1,1,1.0,1
15871,0,1,0.6732454,0
15872,0,1,0.6729231,0
15873,1,0,0.23890513,0
15874,0,1,0.77585965,0
15875,1,1,0.99978346,1
15876,0,0,0.21109137,1
15877,1,1,0.7669051,1
15878,1,1,0.6297177,1
15879,1,1,0.9984573,1
15880,1,1,0.99680245,1
15881,0,1,0.82782817,0
15882,0,0,0.16647205,1
15883,0,0,0.00031999827,1
15884,1,1,0.99918,1
15885,0,1,0.9999918,0
15886,1,1,0.9993724,1
15887,1,0,0.07204689,0
15888,0,1,0.8352149,0
15889,1,0,0.118334144,0
15890,1,1,0.99994814,1
15891,0,0,0.009898064,1
15892,0,1,0.998743,0
15893,1,1,0.96644217,1
15894,0,0,0.042882238,1
15895,1,1,0.50268555,1
15896,0,0,0.089216255,1
15897,1,0,0.102484226,0
15898,1,1,0.9997775,1
15899,1,1,0.9985506,1
15900,1,1,1.0,1
15901,0,1,0.72676516,0
15902,0,1,0.9619649,0
15903,0,0,0.14330755,1
15904,0,1,0.5040893,0
15905,1,1,1.0,1
15906,1,1,0.6657909,1
15907,1,1,0.9998505,1
15908,0,0,0.01883313,1
15909,1,1,0.8893368,1
15910,1,1,0.9999862,1
15911,1,1,0.9635748,1
15912,1,1,0.86350673,1
15913,1,1,0.9997131,1
15914,1,1,0.99998677,1
15915,1,1,0.75319445,1
15916,1,0,0.19329962,0
15917,1,1,1.0,1
15918,0,0,0.10239443,1
15919,0,1,0.99944395,0
15920,1,1,0.9811849,1
15921,0,0,0.03293013,1
15922,0,1,0.9892855,0
15923,0,0,0.02265081,1
15924,1,1,0.99940586,1
15925,0,0,0.027874898,1
15926,0,1,0.8843393,0
15927,1,0,0.041578867,0
15928,1,1,0.51055753,1
15929,1,1,0.9989225,1
15930,1,1,1.0,1
15931,0,1,0.9999994,0
15932,1,1,0.8802834,1
15933,1,1,0.45081267,1
15934,0,1,0.6064402,0
15935,0,0,0.04405976,1
15936,0,1,0.73895174,0
15937,1,1,1.0,1
15938,1,1,0.8271311,1
15939,0,1,0.9512782,0
15940,0,1,0.9500415,0
15941,0,0,0.057864826,1
15942,1,0,0.15921742,0
15943,0,0,0.03471688,1
15944,0,1,0.9508692,0
15945,1,1,1.0,1
15946,1,1,0.9999858,1
15947,0,0,0.107437484,1
15948,1,1,0.9997347,1
15949,1,1,0.99999,1
15950,1,1,1.0,1
15951,1,1,0.94154674,1
15952,0,0,0.13712755,1
15953,0,0,0.07270252,1
15954,0,0,0.10734387,1
15955,0,0,0.05997644,1
15956,1,1,0.99980897,1
15957,0,1,0.98677725,0
15958,0,1,0.68315536,0
15959,0,1,0.689776,0
15960,0,1,1.0,0
15961,0,1,0.4555619,0
15962,1,1,0.7700327,1
15963,1,0,0.046551276,0
15964,1,1,0.9999999,1
15965,0,1,0.5881797,0
15966,1,1,0.9999883,1
15967,1,1,0.9909272,1
15968,1,1,0.99910825,1
15969,1,1,0.40201056,1
15970,0,1,0.9914887,0
15971,1,1,0.9990545,1
15972,1,1,0.6119039,1
15973,1,1,0.9999902,1
15974,0,1,0.8071568,0
15975,1,1,0.6248088,1
15976,0,0,0.15974101,1
15977,1,1,1.0,1
15978,0,1,0.6353921,0
15979,1,1,0.99964094,1
15980,0,0,0.06872476,1
15981,1,1,0.9999895,1
15982,0,0,0.06699522,1
15983,0,1,0.5236031,0
15984,1,1,0.9999999,1
15985,1,1,0.9957684,1
15986,1,1,0.5095203,1
15987,1,0,0.26208568,0
15988,1,1,1.0,1
15989,1,1,0.99913067,1
15990,1,1,0.76524264,1
15991,1,1,0.91957027,1
15992,0,0,0.1519693,1
15993,0,1,0.36015138,0
15994,0,0,0.11521199,1
15995,1,0,0.0415011,0
15996,0,0,0.17231107,1
15997,1,1,0.9999628,1
15998,0,1,0.9999294,0
15999,0,0,0.1616508,1
16000,1,1,0.9998591,1
16001,1,1,0.99999046,1
16002,0,1,0.999828,0
16003,1,1,1.0,1
16004,1,0,0.08593914,0
16005,1,1,0.99812883,1
16006,1,1,0.9448931,1
16007,1,1,0.74553734,1
16008,0,0,0.254787,1
16009,1,1,0.99425864,1
16010,0,1,0.9848547,0
16011,1,1,0.99999845,1
16012,1,1,0.99939406,1
16013,0,0,0.014728614,1
16014,1,0,0.08381536,0
16015,1,1,1.0,1
16016,1,1,0.9999745,1
16017,1,1,0.9977787,1
16018,0,0,0.07389652,1
16019,0,0,0.078289315,1
16020,0,1,0.9837225,0
16021,1,1,0.78274554,1
16022,1,1,0.94694114,1
16023,1,1,0.7437268,1
16024,0,1,1.0,0
16025,1,0,0.030043371,0
16026,1,1,0.99988675,1
16027,0,1,0.6608841,0
16028,1,1,0.9985191,1
16029,0,1,1.0,0
16030,0,1,0.649523,0
16031,0,1,0.36681652,0
16032,1,1,1.0,1
16033,1,1,1.0,1
16034,1,1,0.59243083,1
16035,0,0,0.007246802,1
16036,0,1,0.99609274,0
16037,1,1,0.6039902,1
16038,0,1,0.9776499,0
16039,1,1,0.9999926,1
16040,1,0,0.08137364,0
16041,0,0,0.124798484,1
16042,1,1,0.97877365,1
16043,1,0,0.0077255345,0
16044,0,0,0.16052906,1
16045,1,0,0.06471258,0
16046,1,0,0.0003077431,0
16047,0,0,0.066206016,1
16048,1,1,0.99982184,1
16049,1,1,0.99999964,1
16050,0,0,0.08593914,1
16051,1,1,0.54049945,1
16052,1,1,0.9999999,1
16053,1,1,0.99998176,1
16054,0,1,0.9986827,0
16055,1,1,0.99666256,1
16056,0,1,0.6984323,0
16057,1,1,0.99999857,1
16058,1,1,1.0,1
16059,1,0,0.20995522,0
16060,0,0,0.09679113,1
16061,1,1,0.99304235,1
16062,1,1,0.99356186,1
16063,0,0,0.15090261,1
16064,0,0,0.2797301,1
16065,1,1,0.9999999,1
16066,0,0,0.31599978,1
16067,0,1,0.92617035,0
16068,1,0,0.22996724,0
16069,1,1,0.99999905,1
16070,0,1,0.70634234,0
16071,0,1,0.99999905,0
16072,0,1,0.714379,0
16073,0,1,0.9375548,0
16074,1,1,0.45795473,1
16075,1,1,0.99999976,1
16076,1,1,0.9622497,1
16077,1,1,0.99999344,1
16078,1,1,0.99999857,1
16079,0,1,0.44797343,0
16080,0,1,0.3990503,0
16081,1,1,0.8880812,1
16082,1,1,0.9999969,1
16083,1,1,0.8669231,1
16084,1,1,0.99997604,1
16085,1,1,0.99966264,1
16086,0,1,0.92310846,0
16087,0,0,0.20291662,1
16088,1,1,0.6651387,1
16089,0,0,0.015875846,1
16090,1,1,0.92262185,1
16091,1,1,0.8146434,1
16092,0,0,0.2656899,1
16093,0,1,0.97527254,0
16094,1,1,0.71814984,1
16095,0,1,0.9933589,0
16096,1,1,1.0,1
16097,0,1,0.9999155,0
16098,1,1,0.9997565,1
16099,1,0,0.18440005,0
16100,1,1,0.99999976,1
16101,0,1,0.76038384,0
16102,1,1,0.9994504,1
16103,1,1,0.8842393,1
16104,1,1,0.99992275,1
16105,0,0,0.21174264,1
16106,0,0,0.025957359,1
16107,0,1,0.9997347,0
16108,1,0,0.11104826,0
16109,1,1,0.9999883,1
16110,1,1,0.99999976,1
16111,1,1,0.99984646,1
16112,0,1,0.55109054,0
16113,1,1,1.0,1
16114,0,0,0.14535783,1
16115,1,0,0.15636237,0
16116,1,1,0.9999969,1
16117,1,1,0.99491996,1
16118,0,1,0.9999788,0
16119,0,0,0.09227797,1
16120,0,1,0.89469755,0
16121,0,1,0.4996338,0
16122,1,1,0.43899563,1
16123,0,0,0.33458945,1
16124,0,1,0.5784482,0
16125,1,1,0.62171316,1
16126,0,0,0.057334732,1
16127,0,1,0.9534921,0
16128,0,0,0.17300858,1
16129,0,0,0.073963374,1
16130,1,1,0.47694507,1
16131,0,0,0.1510278,1
16132,0,1,1.0,0
16133,0,0,0.07878402,1
16134,1,1,0.98501414,1
16135,0,0,0.2703839,1
16136,1,1,1.0,1
16137,1,0,0.34301153,0
16138,1,1,0.9951041,1
16139,0,1,0.8197491,0
16140,1,1,1.0,1
16141,1,0,0.1302301,0
16142,1,1,0.9996886,1
16143,1,1,0.9998981,1
16144,1,0,0.27659285,0
16145,0,1,0.72879654,0
16146,1,1,0.99999964,1
16147,0,0,0.021471238,1
16148,0,1,0.99184376,0
16149,1,0,0.022137716,0
16150,1,1,0.99993217,1
16151,0,1,0.76681787,0
16152,1,0,0.13620575,0
16153,0,0,0.15662017,1
16154,0,0,0.093181714,1
16155,1,1,0.38156515,1
16156,1,1,0.5643986,1
16157,0,1,0.4155509,0
16158,0,0,0.26340985,1
16159,0,0,0.08100938,1
16160,0,1,0.9405718,0
16161,0,1,0.85717136,0
16162,1,1,0.9999908,1
16163,0,0,0.09146322,1
16164,0,1,0.9989034,0
16165,1,1,0.97254544,1
16166,0,1,0.99909246,0
16167,0,0,0.014145104,1
16168,1,1,1.0,1
16169,0,0,0.31090358,1
16170,0,0,0.075653054,1
16171,1,1,0.40568417,1
16172,0,0,0.1732882,1
16173,0,1,0.9987081,0
16174,1,1,0.9999999,1
16175,0,0,0.22575781,1
16176,1,1,0.7102767,1
16177,0,1,0.9999219,0
16178,1,1,0.9999999,1
16179,1,1,0.5910743,1
16180,0,0,0.12147716,1
16181,1,1,0.99999976,1
16182,0,0,0.11211313,1
16183,0,1,0.57194597,0
16184,1,1,0.99991655,1
16185,0,0,0.18572558,1
16186,1,1,1.0,1
16187,1,0,0.2978783,0
16188,1,0,0.2985425,0
16189,1,0,0.23300752,0
16190,1,1,0.99756086,1
16191,0,0,0.039416388,1
16192,0,0,0.073098525,1
16193,0,1,0.7106785,0
16194,0,1,0.7862948,0
16195,1,1,1.0,1
16196,1,1,0.9999999,1
16197,1,1,0.99988043,1
16198,0,0,0.3029579,1
16199,1,0,0.0553617,0
16200,1,1,0.70176417,1
16201,0,1,0.99999595,0
16202,1,1,0.99424744,1
16203,1,1,0.39846498,1
16204,1,1,0.999959,1
16205,0,0,0.043365803,1
16206,1,1,0.8010035,1
16207,1,1,0.9999981,1
16208,0,1,0.99999714,0
16209,1,1,0.99953353,1
16210,1,1,0.995037,1
16211,1,1,0.9964064,1
16212,1,1,0.99688846,1
16213,0,1,0.87396973,0
16214,0,0,0.22185604,1
16215,1,1,0.9994418,1
16216,1,1,0.9999993,1
16217,0,1,0.96969944,0
16218,0,0,0.04169577,1
16219,1,1,0.97986126,1
16220,1,1,0.7880128,1
16221,0,0,0.343617,1
16222,1,1,0.9999974,1
16223,0,0,0.046335038,1
16224,1,0,0.07585818,0
16225,0,0,0.030185984,1
16226,1,1,0.90312344,1
16227,0,1,0.99999964,0
16228,0,0,0.10762492,1
16229,1,0,0.20102783,0
16230,1,1,1.0,1
16231,0,1,0.91125876,0
16232,0,1,0.36426857,0
16233,1,1,0.96560895,1
16234,1,1,0.3918131,1
16235,1,1,0.8863221,1
16236,1,1,0.78613067,1
16237,1,1,0.99958676,1
16238,0,0,0.13117322,1
16239,0,0,0.015513789,1
16240,1,0,0.21239536,0
16241,1,1,0.99994195,1
16242,1,1,0.9999546,1
16243,1,1,0.43785352,1
16244,1,1,0.9999933,1
16245,1,1,0.99999976,1
16246,1,0,0.11037522,0
16247,0,1,0.4598947,0
16248,1,1,0.8470844,1
16249,0,1,0.36088312,0
16250,0,1,0.4990845,0
16251,0,0,0.021471238,1
16252,1,1,0.4259335,1
16253,0,0,0.30280325,1
16254,0,1,0.9588471,0
16255,0,0,0.2358996,1
16256,0,1,0.5666781,0
16257,1,1,0.99959475,1
16258,0,1,0.5101915,0
16259,0,1,0.67986983,0
16260,1,1,1.0,1
16261,0,0,0.12163357,1
16262,1,1,1.0,1
16263,0,1,0.9999993,0
16264,0,1,0.3714786,0
16265,0,0,0.116261385,1
16266,1,1,0.96391606,1
16267,0,1,0.9984633,0
16268,1,1,0.99998033,1
16269,0,0,0.03410043,1
16270,0,0,0.07004896,1
16271,1,1,0.9999999,1
16272,1,0,0.32204607,0
16273,1,1,0.99999046,1
16274,1,1,0.9985392,1
16275,1,1,1.0,1
16276,1,1,0.9635748,1
16277,1,1,0.9999989,1
16278,0,0,0.21280403,1
16279,0,0,0.25321415,1
16280,0,0,0.053009767,1
16281,0,1,0.7546439,0
16282,1,1,0.99999857,1
16283,0,0,0.23792991,1
16284,1,1,0.9960622,1
16285,1,1,0.99683964,1
16286,1,1,1.0,1
16287,1,1,0.96069443,1
16288,1,1,0.7264741,1
16289,1,1,0.9374402,1
16290,1,1,0.91359943,1
16291,1,1,0.3981139,1
16292,0,0,0.1810459,1
16293,1,0,0.18286288,0
16294,0,1,0.73720545,0
16295,0,1,0.99182796,0
16296,0,0,0.14854057,1
16297,1,1,0.9961456,1
16298,0,1,0.99749833,0
16299,1,1,0.9999987,1
16300,0,1,0.9999976,0
16301,1,0,0.105210535,0
16302,1,1,0.999188,1
16303,0,0,0.13764834,1
16304,1,1,0.805173,1
16305,1,1,0.99999726,1
16306,1,0,0.13150749,0
16307,0,1,0.63221896,0
16308,1,0,0.30259714,0
16309,1,1,0.99980205,1
16310,0,0,0.266405,1
16311,1,1,0.99890554,1
16312,0,1,0.57767403,0
16313,0,1,0.39379293,0
16314,1,1,0.82261705,1
16315,0,1,0.9850429,0
16316,0,0,0.123365626,1
16317,0,1,0.99014014,0
16318,1,1,0.99428093,1
16319,0,0,0.067546695,1
16320,0,1,0.9998247,0
16321,1,1,0.46496233,1
16322,1,0,0.062160026,0
16323,1,1,0.9994937,1
16324,1,1,0.37327594,1
16325,1,1,1.0,1
16326,0,0,0.022564495,1
16327,0,0,0.3480078,1
16328,1,1,0.7010484,1
16329,1,1,0.99984217,1
16330,1,1,0.99849,1
16331,1,1,0.99698395,1
16332,1,1,0.69008934,1
16333,1,1,0.99999213,1
16334,1,0,0.22051026,0
16335,1,1,0.9999138,1
16336,1,1,0.9693532,1
16337,1,1,0.99998045,1
16338,0,1,0.48630103,0
16339,1,1,1.0,1
16340,0,1,0.66622543,0
16341,0,0,0.07250525,1
16342,1,1,0.5670977,1
16343,0,0,0.23837286,1
16344,1,1,0.45883363,1
16345,1,1,0.7977145,1
16346,0,1,0.4605618,0
16347,0,0,0.26635727,1
16348,1,0,0.24319282,0
16349,0,1,0.95292586,0
16350,1,1,1.0,1
16351,0,1,0.9999968,0
16352,0,1,0.99998486,0
16353,0,0,0.111724876,1
16354,1,1,1.0,1
16355,1,0,0.276251,0
16356,0,1,0.83575183,0
16357,0,0,0.16465074,1
16358,0,1,0.36474928,0
16359,1,1,0.99998665,1
16360,1,1,0.99997187,1
16361,0,1,0.98913974,0
16362,0,0,0.057440385,1
16363,1,1,0.81375694,1
16364,1,1,0.7942254,1
16365,0,1,0.97828114,0
16366,0,0,0.037291814,1
16367,1,0,0.05505607,0
16368,1,1,1.0,1
16369,1,1,0.99998164,1
16370,1,1,0.9944666,1
16371,1,1,0.9860174,1
16372,1,1,1.0,1
16373,0,0,0.058776554,1
16374,1,1,0.9999957,1
16375,1,0,0.02884354,0
16376,1,1,0.99921453,1
16377,0,0,0.05717659,1
16378,1,1,0.99995995,1
16379,1,1,1.0,1
16380,1,1,0.5213493,1
16381,1,1,0.9999994,1
16382,0,0,0.06506812,1
16383,0,1,0.6401861,0
16384,1,1,0.99999785,1
16385,1,0,0.0024154834,0
16386,1,1,0.99999833,1
16387,0,1,0.9933589,0
16388,1,1,0.9851003,1
16389,1,1,0.9999995,1
16390,0,1,0.9999337,0
16391,0,0,0.10275402,1
16392,1,1,0.9994547,1
16393,1,1,0.99993646,1
16394,1,1,0.9984988,1
16395,1,1,1.0,1
16396,0,1,0.99933714,0
16397,1,1,0.999049,1
16398,1,0,0.110855594,0
16399,1,1,0.9999424,1
16400,1,0,0.00036329866,0
16401,0,1,0.999997,0
16402,1,0,0.29088014,0
16403,0,0,0.17695588,1
16404,0,1,0.76681787,0
16405,1,0,0.19513355,0
16406,1,1,1.0,1
16407,1,1,0.9998697,1
16408,1,1,0.9634375,1
16409,1,1,0.99420255,1
16410,0,0,0.054752033,1
16411,1,1,1.0,1
16412,0,0,0.021348475,1
16413,1,1,1.0,1
16414,1,1,0.9999889,1
16415,0,1,1.0,0
16416,0,0,0.05770532,1
16417,1,1,0.99988806,1
16418,1,1,1.0,1
16419,1,0,0.0077555366,0
16420,1,1,0.9997713,1
16421,1,1,0.87037706,1
16422,0,0,0.2600135,1
16423,0,0,0.21617696,1
16424,0,0,0.29528072,1
16425,0,1,0.48511183,0
16426,0,0,0.07356305,1
16427,1,1,0.9999999,1
16428,1,1,0.99999976,1
16429,0,0,0.00809329,1
16430,0,1,0.9965233,0
16431,1,1,0.9999999,1
16432,1,0,0.1274353,0
16433,0,1,0.9543506,0
16434,1,0,0.27019125,0
16435,0,0,0.19208428,1
16436,1,1,0.9987056,1
16437,0,1,0.8847382,0
16438,0,1,0.9582261,0
16439,0,1,0.9863631,0
16440,1,1,0.9999945,1
16441,0,0,0.14294825,1
16442,0,0,0.108471945,1
16443,1,1,1.0,1
16444,1,1,0.97782,1
16445,1,1,0.9999753,1
16446,1,0,0.07885492,0
16447,1,1,0.9999274,1
16448,0,0,0.010570489,1
16449,0,1,0.5170832,0
16450,1,1,0.51159465,1
16451,1,1,0.9228308,1
16452,1,1,0.6976604,1
16453,0,1,0.8679338,0
16454,0,0,0.17802514,1
16455,0,1,0.9689738,0
16456,0,0,0.24499467,1
16457,1,1,0.75913614,1
16458,0,1,0.8736466,0
16459,0,1,0.96138906,0
16460,0,1,0.7466011,0
16461,1,1,0.9973888,1
16462,0,1,0.89982784,0
16463,0,1,0.97527254,0
16464,1,1,0.7993641,1
16465,1,1,0.9976172,1
16466,1,1,0.9999995,1
16467,1,0,0.23722233,0
16468,1,0,0.08232769,0
16469,1,1,0.99712723,1
16470,0,1,0.9709919,0
16471,1,1,0.99999726,1
16472,0,1,0.99601597,0
16473,1,1,0.9832145,1
16474,1,0,0.14718705,0
16475,0,1,0.7981081,0
16476,1,1,0.94829834,1
16477,0,1,0.9982488,0
16478,0,1,0.5182414,0
16479,0,0,0.018316884,1
16480,1,1,0.6743186,1
16481,1,1,0.9509148,1
16482,1,1,0.74623144,1
16483,0,1,0.9687085,0
16484,1,1,1.0,1
16485,1,0,0.034197055,0
16486,1,1,1.0,1
16487,1,1,1.0,1
16488,0,1,0.71417975,0
16489,1,1,1.0,1
16490,1,1,1.0,1
16491,0,0,0.22601396,1
16492,1,1,0.97769254,1
16493,1,1,0.99998534,1
16494,1,1,0.47548354,1
16495,0,1,1.0,0
16496,0,1,0.9922144,0
16497,1,1,0.99983966,1
16498,1,1,0.62629557,1
16499,0,1,0.9983059,0
16500,1,1,0.79061115,1
16501,1,1,0.75752544,1
16502,1,1,1.0,1
16503,0,0,0.0056309616,1
16504,1,1,0.4960328,1
16505,0,1,0.9991358,0
16506,1,1,0.99999976,1
16507,0,0,0.0015761828,1
16508,0,0,0.11071131,1
16509,1,1,0.49084574,1
16510,1,1,0.99997926,1
16511,0,1,0.97142875,0
16512,1,1,1.0,1
16513,1,1,0.9989617,1
16514,0,0,0.110855594,1
16515,0,0,0.03007184,1
16516,1,1,0.9999956,1
16517,1,1,0.39580542,1
16518,1,1,0.8326453,1
16519,1,1,0.9877351,1
16520,0,0,0.046464663,1
16521,1,1,0.44733956,1
16522,0,1,0.9129808,0
16523,0,0,0.014587567,1
16524,1,1,0.87674,1
16525,0,0,0.16198196,1
16526,0,1,0.49273732,0
16527,0,0,0.036700353,1
16528,1,1,1.0,1
16529,0,1,0.9976357,0
16530,0,1,0.77509457,0
16531,0,0,0.1390453,1
16532,1,1,1.0,1
16533,1,1,0.99999785,1
16534,1,1,1.0,1
16535,1,1,1.0,1
16536,0,0,0.026708465,1
16537,1,0,0.08678673,0
16538,0,1,1.0,0
16539,1,1,0.9999995,1
16540,1,1,0.99999976,1
16541,0,0,0.04146227,1
16542,0,1,1.0,0
16543,1,1,0.99907637,1
16544,1,1,0.99999964,1
16545,1,1,0.9992084,1
16546,1,1,0.99993646,1
16547,1,1,0.9975751,1
16548,0,1,0.86339164,0
16549,1,1,0.9999933,1
16550,1,1,0.3754202,1
16551,0,1,0.58995265,0
16552,0,1,0.36511704,0
16553,0,0,0.016246215,1
16554,1,1,0.99987996,1
16555,0,1,0.9983418,0
16556,1,1,1.0,1
16557,1,1,0.9761973,1
16558,0,1,0.998862,0
16559,0,1,0.9462003,0
16560,1,0,0.13443466,0
16561,1,1,0.92290026,1
16562,1,1,0.99268264,1
16563,1,1,0.99944824,1
16564,0,0,0.15241031,1
16565,1,0,0.11124121,0
16566,0,1,0.6147988,0
16567,0,1,0.8662457,0
16568,1,1,0.9914391,1
16569,0,0,0.030821325,1
16570,1,1,1.0,1
16571,1,1,0.99999595,1
16572,1,1,0.9998702,1
16573,0,0,0.12236581,1
16574,1,1,1.0,1
16575,1,1,1.0,1
16576,0,1,0.5672176,0
16577,1,1,0.9999974,1
16578,1,0,0.11047115,0
16579,1,0,0.15960999,0
16580,1,1,1.0,1
16581,0,0,0.13432106,1
16582,0,0,0.07068779,1
16583,1,1,0.9999795,1
16584,0,0,0.10087861,1
16585,1,1,0.99997973,1
16586,0,0,0.29234272,1
16587,0,0,0.10800066,1
16588,1,1,1.0,1
16589,1,1,0.91928095,1
16590,1,1,0.9999995,1
16591,0,0,0.011984204,1
16592,0,0,0.018159512,1
16593,1,1,0.3788612,1
16594,0,1,0.57033134,0
16595,1,0,0.32815254,0
16596,0,0,0.29375893,1
16597,1,1,0.9999956,1
16598,0,0,0.051605962,1
16599,0,0,0.047074176,1
16600,1,1,1.0,1
16601,1,1,0.99999845,1
16602,1,1,1.0,1
16603,1,1,0.6108598,1
16604,1,1,0.99999976,1
16605,0,1,0.937726,0
16606,1,1,0.9999994,1
16607,1,1,0.9996768,1
16608,1,1,0.99984026,1
16609,0,0,0.10438599,1
16610,1,0,0.09509706,0
16611,0,1,0.9944343,0
16612,1,1,0.9999999,1
16613,1,1,0.98680264,1
16614,0,0,0.06233104,1
16615,0,1,0.99882597,0
16616,0,0,0.1368966,1
16617,0,0,0.10212547,1
16618,1,1,0.99996865,1
16619,1,1,0.9907856,1
16620,0,1,0.6383282,0
16621,1,0,0.09833879,0
16622,1,1,0.9999448,1
16623,0,0,0.051558185,1
16624,1,1,0.9999999,1
16625,1,1,0.9999974,1
16626,1,1,1.0,1
16627,1,1,0.9999989,1
16628,1,1,0.955444,1
16629,1,1,0.9885361,1
16630,0,0,0.013325147,1
16631,0,1,0.99306935,0
16632,1,1,1.0,1
16633,0,0,0.13139598,1
16634,1,0,0.046855625,0
16635,1,0,0.13770632,0
16636,0,1,0.93505055,0
16637,1,0,0.21559837,0
16638,1,1,0.9648882,1
16639,1,1,0.99999,1
16640,0,1,0.997813,0
16641,1,1,0.99999356,1
16642,0,1,0.41617364,0
16643,1,1,1.0,1
16644,1,1,1.0,1
16645,0,0,0.19322349,1
16646,0,0,0.04782452,1
16647,1,1,0.99302894,1
16648,1,1,0.36274344,1
16649,1,1,0.7340719,1
16650,1,1,0.388386,1
16651,0,1,0.8044059,0
16652,1,1,0.7073542,1
16653,0,1,0.68357795,0
16654,0,0,0.049085185,1
16655,0,1,0.46827388,0
16656,0,0,0.049359404,1
16657,0,1,0.9815067,0
16658,0,0,0.08756384,1
16659,1,1,0.8079157,1
16660,1,0,0.2424746,0
16661,1,1,1.0,1
16662,0,0,0.089853115,1
16663,0,0,0.13586143,1
16664,1,1,0.9734181,1
16665,1,1,0.9997198,1
16666,0,1,0.40506625,0
16667,0,1,0.7070508,0
16668,0,0,0.08419108,1
16669,0,1,0.99366105,0
16670,0,1,0.99004436,0
16671,0,1,0.9999168,0
16672,1,0,0.17532618,0
16673,1,1,0.9976357,1
16674,1,0,0.036873367,0
16675,1,1,0.58385605,1
16676,0,1,0.98947024,0
16677,1,1,1.0,1
16678,1,1,0.60830325,1
16679,0,1,0.6165319,0
16680,0,1,0.42757598,0
16681,1,1,0.999997,1
16682,0,1,0.9720191,0
16683,0,1,0.99615306,0
16684,0,1,0.7761991,0
16685,0,0,0.019927852,1
16686,0,0,0.10484337,1
16687,0,1,0.99497885,0
16688,1,1,0.99895155,1
16689,1,0,0.17106119,0
16690,0,1,0.3648907,0
16691,1,1,1.0,1
16692,1,0,0.12989861,0
16693,1,0,0.02350945,0
16694,0,1,0.9994956,0
16695,1,1,0.99999964,1
16696,0,1,0.7985798,0
16697,1,1,1.0,1
16698,0,0,0.26650044,1
16699,0,0,0.0882686,1
16700,0,1,0.999974,0
16701,0,0,0.029090757,1
16702,0,1,0.95759624,0
16703,1,1,1.0,1
16704,1,1,0.99999285,1
16705,0,0,0.11848707,1
16706,1,1,0.6593503,1
16707,1,1,0.999959,1
16708,1,1,1.0,1
16709,1,1,0.41658893,1
16710,1,0,0.33709443,0
16711,1,1,0.999795,1
16712,1,1,0.99999523,1
16713,0,1,0.9251624,0
16714,0,1,0.50201416,0
16715,1,0,0.33285233,0
16716,1,0,0.018493311,0
16717,1,0,0.16552565,0
16718,1,1,0.95775455,1
16719,1,1,0.993346,1
16720,0,0,0.120749526,1
16721,1,1,1.0,1
16722,0,1,0.43188366,0
16723,0,1,0.9999988,0
16724,0,0,0.13039611,1
16725,1,0,0.00015476662,0
16726,1,0,0.025908018,0
16727,0,1,0.8964329,0
16728,1,1,0.9999831,1
16729,0,0,0.2552508,1
16730,1,1,1.0,1
16731,0,1,0.99869555,0
16732,1,1,0.99999976,1
16733,0,0,0.0705596,1
16734,1,0,0.06136777,0
16735,0,0,0.20032293,1
16736,1,1,0.6796573,1
16737,0,0,0.28214672,1
16738,0,0,0.14211279,1
16739,0,1,0.9759235,0
16740,0,1,0.8897206,0
16741,1,0,0.03429395,0
16742,1,1,1.0,1
16743,0,0,0.1289633,1
16744,0,1,0.38798013,0
16745,1,1,0.5316957,1
16746,0,0,0.026006784,1
16747,0,0,0.054600604,1
16748,1,1,0.9999993,1
16749,1,1,0.9998889,1
16750,1,0,0.25851312,0
16751,1,1,0.8923751,1
16752,0,1,0.7700327,0
16753,0,0,0.08203305,1
16754,1,1,0.7367796,1
16755,0,1,0.9943691,0
16756,0,0,0.105948284,1
16757,0,0,0.14891149,1
16758,1,1,0.99996793,1
16759,0,1,0.55579686,0
16760,1,0,0.20833994,0
16761,0,1,0.9931363,0
16762,0,1,0.9826909,0
16763,1,1,0.99999857,1
16764,1,1,1.0,1
16765,1,1,1.0,1
16766,1,0,0.10026027,0
16767,1,1,0.9999974,1
16768,1,1,0.8089743,1
16769,0,0,0.23379381,1
16770,1,1,0.9274291,1
16771,0,1,0.9994547,0
16772,0,1,0.99997306,0
16773,1,1,0.8135349,1
16774,0,0,0.19475038,1
16775,1,1,0.999049,1
16776,1,1,0.99994266,1
16777,1,1,0.77721536,1
16778,0,1,0.71348155,0
16779,0,0,0.14408864,1
16780,1,1,0.9786107,1
16781,1,1,0.4155509,1
16782,1,1,0.8784186,1
16783,0,0,0.20593424,1
16784,1,1,0.9771756,1
16785,1,0,0.28348374,0
16786,1,1,0.9978258,1
16787,0,1,0.99209267,0
16788,0,1,1.0,0
16789,0,0,0.031232351,1
16790,1,0,0.20963144,0
16791,1,1,0.99986064,1
16792,1,1,0.9989225,1
16793,0,1,1.0,0
16794,1,1,0.7691669,1
16795,0,1,0.540075,0
16796,0,0,0.15027805,1
16797,0,0,0.09178833,1
16798,0,0,0.0489941,1
16799,0,0,0.03557789,1
16800,0,1,0.6530716,0
16801,0,0,0.20426252,1
16802,1,0,0.16926852,0
16803,1,1,0.9996911,1
16804,1,1,0.89982784,1
16805,0,0,0.14847884,1
16806,0,1,0.99926203,0
16807,1,1,0.91452,1
16808,1,1,0.987375,1
16809,0,0,0.08028533,1
16810,0,0,0.08359068,1
16811,1,1,1.0,1
16812,1,1,1.0,1
16813,1,1,0.9926542,1
16814,1,1,1.0,1
16815,1,1,0.9752254,1
16816,0,1,1.0,0
16817,0,1,0.8433798,0
16818,1,1,0.86431044,1
16819,1,1,0.9999999,1
16820,1,0,0.082549304,0
16821,0,0,0.05775844,1
16822,1,0,0.07510853,0
16823,0,0,0.29335386,1
16824,1,1,0.9996574,1
16825,0,1,0.91367656,0
16826,0,0,0.062904246,1
16827,0,0,0.05717659,1
16828,1,1,0.9985421,1
16829,1,1,0.84479356,1
16830,0,0,0.07497297,1
16831,1,1,0.49108982,1
16832,1,0,0.24006127,0
16833,0,0,0.1919328,1
16834,0,0,0.0055119335,1
16835,0,1,0.8362874,0
16836,1,1,0.99997306,1
16837,0,1,0.999998,0
16838,1,1,0.99999964,1
16839,1,1,0.999964,1
16840,1,0,0.17781086,0
16841,1,1,0.99968314,1
16842,0,0,0.14829372,1
16843,0,0,0.06866228,1
16844,1,1,0.70492244,1
16845,0,1,0.39012727,0
16846,1,0,0.026810195,0
16847,0,1,0.81640637,0
16848,0,1,0.9999975,0
16849,1,1,1.0,1
16850,0,0,0.09721884,1
16851,0,0,0.010052368,1
16852,1,1,0.999795,1
16853,0,1,0.5684757,0
16854,0,0,0.27333188,1
16855,0,1,0.79881525,0
16856,0,0,0.043609526,1
16857,1,1,0.868938,1
16858,1,1,1.0,1
16859,0,0,0.16783156,1
16860,1,1,0.9308365,1
16861,0,1,0.82318634,0
16862,0,0,0.06935241,1
16863,1,1,0.9887771,1
16864,1,1,0.99951124,1
16865,1,1,0.9591543,1
16866,1,1,0.99083894,1
16867,0,0,0.078571655,1
16868,1,0,0.33813176,0
16869,1,0,0.1368966,0
16870,1,0,0.022737447,0
16871,0,1,0.99999666,0
16872,1,1,1.0,1
16873,1,1,0.6321054,1
16874,1,1,0.99999547,1
16875,0,0,0.13122888,1
16876,1,1,0.7432146,1
16877,0,1,0.81844676,0
16878,1,1,0.9999995,1
16879,1,1,1.0,1
16880,0,1,0.7268136,0
16881,1,1,0.9935743,1
16882,1,1,0.91413754,1
16883,0,1,0.99999464,0
16884,1,1,0.70947224,1
16885,0,0,0.003846872,1
16886,0,0,0.018797072,1
16887,1,0,0.006463138,0
16888,0,0,0.06847518,1
16889,1,1,0.9996338,1
16890,1,0,0.10456872,0
16891,0,1,1.0,0
16892,1,1,1.0,1
16893,1,1,0.9999999,1
16894,0,1,0.9988121,0
16895,0,1,0.8716935,0
16896,1,1,0.98860246,1
16897,1,0,0.20882359,0
16898,0,0,0.091625646,1
16899,1,1,1.0,1
16900,1,1,0.4469171,1
16901,0,0,0.10922978,1
16902,1,1,0.9122018,1
16903,1,0,0.00015356242,0
16904,1,1,0.97628796,1
16905,0,1,0.50384516,0
16906,0,1,0.5601925,0
16907,1,1,0.35504776,1
16908,0,0,0.1668111,1
16909,1,1,0.80730873,1
16910,1,1,0.9999994,1
16911,0,1,0.99886864,0
16912,1,1,0.9981324,1
16913,1,1,1.0,1
16914,1,1,0.9999362,1
16915,0,0,0.10079008,1
16916,1,1,0.99997985,1
16917,1,1,0.5898936,1
16918,0,1,0.98331094,0
16919,1,1,0.99999964,1
16920,1,1,0.9999932,1
16921,0,0,0.008560892,1
16922,1,0,0.11436852,0
16923,1,1,0.9802997,1
16924,1,1,0.969814,1
16925,0,0,0.20729496,1
16926,1,1,0.37079483,1
16927,0,0,0.24463357,1
16928,1,1,1.0,1
16929,1,1,0.99994457,1
16930,1,1,0.99999654,1
16931,1,1,1.0,1
16932,0,0,0.20753576,1
16933,0,0,0.20118472,1
16934,0,1,0.9999999,0
16935,0,0,0.20955054,1
16936,1,0,0.11556087,0
16937,1,1,0.9999027,1
16938,0,1,0.9418149,0
16939,1,1,0.9689444,1
16940,1,1,1.0,1
16941,1,0,0.09903369,0
16942,1,1,0.99991214,1
16943,1,1,0.99165195,1
16944,1,1,0.99784684,1
16945,1,0,0.021594688,0
16946,0,0,0.13145173,1
16947,1,1,0.99804294,1
16948,1,1,0.9955403,1
16949,1,1,0.99371004,1
16950,1,1,1.0,1
16951,1,0,0.0489941,0
16952,0,1,0.5818972,0
16953,1,1,1.0,1
16954,0,1,0.75305825,0
16955,1,1,0.9596866,1
16956,1,1,0.99943525,1
16957,0,0,0.07626997,1
16958,1,1,0.7272981,1
16959,1,1,0.9999788,1
16960,1,0,0.00017674512,0
16961,1,1,0.88100195,1
16962,0,1,0.91266996,0
16963,0,1,0.95013416,0
16964,1,1,0.97828114,1
16965,1,1,0.99993896,1
16966,0,1,1.0,0
16967,0,0,0.07538034,1
16968,0,0,0.33600417,1
16969,1,1,1.0,1
16970,0,0,0.13257071,1
16971,1,1,0.9825575,1
16972,1,1,0.7331176,1
16973,1,1,1.0,1
16974,1,1,0.47097987,1
16975,1,1,0.8978745,1
16976,0,0,0.07661468,1
16977,0,1,0.96249723,0
16978,0,0,0.02439983,1
16979,1,1,0.99608517,1
16980,1,0,0.10669061,0
16981,1,1,0.7720154,1
16982,1,1,0.99861145,1
16983,1,1,0.9904591,1
16984,0,0,0.044472914,1
16985,1,0,0.12320729,0
16986,1,1,1.0,1
16987,1,1,0.95473194,1
16988,1,1,0.9979966,1
16989,1,1,1.0,1
16990,1,1,0.9995408,1
16991,1,0,0.04103744,0
16992,1,1,0.9565531,1
16993,0,0,0.032682236,1
16994,1,1,0.999688,1
16995,1,1,0.8552477,1
16996,1,1,0.9957767,1
16997,1,0,0.03680407,0
16998,1,1,0.9999963,1
16999,0,1,0.5606135,0
17000,1,0,0.014420068,0
17001,0,0,0.182717,1
17002,1,1,1.0,1
17003,1,1,0.99994147,1
17004,0,1,0.3753057,0
17005,0,1,0.9822708,0
17006,0,1,0.9984114,0
17007,1,1,1.0,1
17008,1,1,0.98282325,1
17009,1,0,0.12002561,0
17010,1,1,0.9908035,1
17011,0,1,0.9999839,0
17012,0,0,0.074567616,1
17013,0,0,0.10669061,1
17014,1,1,0.7937462,1
17015,1,0,0.013821962,0
17016,1,1,0.7079603,1
17017,1,0,0.10913479,0
17018,1,0,0.09903369,0
17019,0,0,0.23660442,1
17020,0,0,0.09816574,1
17021,1,1,0.9999958,1
17022,0,1,0.99987364,0
17023,1,1,0.9242787,1
17024,1,1,0.7844016,1
17025,1,1,0.99624926,1
17026,0,0,0.03521114,1
17027,1,1,0.99997354,1
17028,1,1,0.9999987,1
17029,0,1,0.9951984,0
17030,0,0,0.31784958,1
17031,1,1,1.0,1
17032,1,1,0.98367554,1
17033,0,0,0.047691282,1
17034,1,1,0.9999846,1
17035,0,0,0.19352812,1
17036,1,1,0.41250056,1
17037,1,0,0.093512304,0
17038,1,0,0.031678624,0
17039,0,0,0.3270232,1
17040,1,1,0.9999865,1
17041,0,0,0.14402843,1
17042,1,1,1.0,1
17043,1,1,0.9999989,1
17044,1,1,0.99996924,1
17045,1,1,1.0,1
17046,1,0,0.055720285,0
17047,0,0,0.25590113,1
17048,0,0,0.0020150824,1
17049,1,1,0.9998036,1
17050,1,1,0.9656736,1
17051,0,1,0.47000676,0
17052,1,1,0.9992099,1
17053,0,0,0.025083143,1
17054,0,0,0.11476479,1
17055,1,1,0.99999857,1
17056,1,1,1.0,1
17057,0,1,0.6679604,0
17058,1,1,0.6071392,1
17059,1,1,0.9999989,1
17060,0,0,0.27028757,1
17061,0,1,0.70390576,0
17062,0,1,0.43257266,0
17063,0,1,0.4228025,0
17064,0,0,0.07913913,1
17065,1,0,0.056704637,0
17066,0,0,0.2825425,1
17067,1,0,0.11757212,0
17068,1,1,0.9974342,1
17069,0,1,0.77662295,0
17070,0,1,0.43368167,0
17071,0,1,0.93385434,0
17072,1,1,0.99999976,1
17073,1,0,0.24220563,0
17074,0,0,0.049681153,1
17075,1,1,0.9825743,1
17076,1,0,0.32917604,0
17077,0,0,0.040999033,1
17078,1,0,0.07316472,0
17079,0,0,0.16776335,1
17080,0,0,0.11576064,1
17081,1,1,0.7980295,1
17082,1,1,1.0,1
17083,1,1,1.0,1
17084,0,0,0.24935585,1
17085,1,1,0.7366375,1
17086,1,1,1.0,1
17087,0,0,0.0836655,1
17088,0,0,0.32707694,1
17089,0,0,0.29153523,1
17090,0,0,0.34906104,1
17091,1,1,1.0,1
17092,1,1,0.51372945,1
17093,0,0,0.0830685,1
17094,1,0,0.05970174,0
17095,0,1,0.8984996,0
17096,1,1,0.99999976,1
17097,0,1,0.44332927,0
17098,0,0,0.32734567,1
17099,0,0,0.058292214,1
17100,0,1,0.7999117,0
17101,1,1,0.9999999,1
17102,1,1,0.9999578,1
17103,0,0,0.07913913,1
17104,0,0,0.04418332,1
17105,0,1,0.9763331,0
17106,1,1,0.47453985,1
17107,1,1,0.9997131,1
17108,0,0,0.09276993,1
17109,1,1,0.9999995,1
17110,0,0,0.11742025,1
17111,1,1,0.94127744,1
17112,1,1,0.8296301,1
17113,1,1,0.9999999,1
17114,0,0,0.05404875,1
17115,0,0,0.18937114,1
17116,1,1,1.0,1
17117,0,1,0.35125545,0
17118,1,1,0.97856975,1
17119,1,0,0.08819005,0
17120,0,0,0.0248928,1
17121,1,1,0.9999994,1
17122,0,1,0.9189906,0
17123,1,1,0.99983656,1
17124,1,1,0.99999976,1
17125,1,1,0.6968358,1
17126,0,0,0.043042846,1
17127,1,0,0.11696559,0
17128,1,1,0.8556101,1
17129,1,1,1.0,1
17130,0,1,0.63945466,0
17131,1,1,0.8236123,1
17132,1,1,0.99980134,1
17133,1,0,0.037326884,0
17134,1,0,0.2675517,0
17135,1,1,0.99999917,1
17136,1,1,0.9999497,1
17137,1,1,1.0,1
17138,1,1,0.9253649,1
17139,1,0,0.0006667023,0
17140,1,1,0.9992312,1
17141,1,1,0.9999926,1
17142,1,1,0.59131026,1
17143,1,1,0.97311324,1
17144,0,1,0.80115914,0
17145,0,0,0.05834584,1
17146,0,1,0.9874721,0
17147,0,0,0.19868535,1
17148,0,1,0.91505283,0
17149,1,0,0.2737685,0
17150,1,0,0.11787642,0
17151,1,1,0.99992335,1
17152,0,0,0.29782718,1
17153,1,0,0.00058042357,0
17154,1,1,0.83761996,1
17155,0,1,0.8262917,0
17156,1,1,0.99988985,1
17157,1,1,0.5172661,1
17158,1,0,0.00021402177,0
17159,0,1,0.99779165,0
17160,0,1,0.44083032,0
17161,0,1,0.82866174,0
17162,0,1,0.9999479,0
17163,0,0,0.04611975,1
17164,0,0,0.16579561,1
17165,1,1,0.999355,1
17166,0,0,0.04881241,1
17167,1,1,0.9999838,1
17168,1,1,0.99877197,1
17169,1,0,0.062160026,0
17170,0,0,0.10402136,1
17171,0,0,0.033716537,1
17172,1,1,0.9999802,1
17173,0,1,0.64271283,0
17174,0,1,0.9720191,0
17175,0,0,0.08532742,1
17176,0,0,0.051130094,1
17177,1,1,0.99944824,1
17178,1,1,0.9999994,1
17179,0,1,0.6908199,0
17180,1,1,0.9981578,1
17181,0,1,0.9523531,0
17182,0,0,0.033462938,1
17183,0,0,0.0124797,1
17184,1,0,0.2852226,0
17185,1,1,1.0,1
17186,1,1,0.9993449,1
17187,0,0,0.017865866,1
17188,1,1,0.57606506,1
17189,0,0,0.107250325,1
17190,0,1,0.99999964,0
17191,1,1,0.99939764,1
17192,0,1,0.62629557,0
17193,1,0,0.14493375,0
17194,0,1,0.88856554,0
17195,1,1,0.99989724,1
17196,1,0,0.015000313,0
17197,1,1,1.0,1
17198,1,0,0.037538007,0
17199,1,0,0.23405632,0
17200,0,0,0.12956785,1
17201,1,1,0.4124118,1
17202,0,1,0.73800874,0
17203,0,0,0.032992378,1
17204,0,1,1.0,0
17205,1,1,0.36934355,1
17206,1,1,0.9997358,1
17207,0,0,0.3011565,1
17208,1,1,0.6941472,1
17209,1,1,0.9969066,1
17210,1,1,0.99760324,1
17211,0,0,0.20809844,1
17212,1,0,0.310433,0
17213,1,1,0.9999938,1
17214,1,0,0.11501305,0
17215,1,0,0.09309923,0
17216,1,0,0.1627789,0
17217,0,1,0.9999708,0
17218,1,0,0.050051305,0
17219,0,0,0.028167473,1
17220,1,1,0.99999976,1
17221,0,1,0.8253083,0
17222,0,1,0.9999515,0
17223,0,1,0.71477735,0
17224,0,0,0.24485923,1
17225,1,1,0.43347177,1
17226,0,1,0.9995827,0
17227,1,1,0.9999995,1
17228,1,1,0.99929583,1
17229,1,1,0.45644006,1
17230,1,1,0.90657043,1
17231,1,1,0.99808455,1
17232,0,0,0.026355354,1
17233,0,1,0.48370937,0
17234,1,1,0.99968624,1
17235,1,0,0.30704626,0
17236,1,1,0.99300176,1
17237,1,1,0.9592689,1
17238,0,1,0.47359636,0
17239,0,1,0.9999896,0
17240,0,1,0.9980083,0
17241,0,1,0.99999595,0
17242,1,1,1.0,1
17243,0,1,0.9999968,0
17244,1,1,0.99999607,1
17245,1,1,0.9999392,1
17246,1,0,0.08093672,0
17247,0,0,0.23545979,1
17248,0,1,0.44332927,0
17249,1,1,0.9999732,1
17250,1,1,0.8621197,1
17251,0,0,0.020371297,1
17252,0,0,0.16384642,1
17253,1,0,0.07675298,0
17254,0,0,0.19721243,1
17255,1,0,0.114963345,0
17256,1,0,0.14258969,0
17257,0,0,0.09451042,1
17258,1,1,1.0,1
17259,1,1,0.46283722,1
17260,1,0,0.10438599,0
17261,0,1,0.6017691,0
17262,1,1,0.97298527,1
17263,0,0,0.1648523,1
17264,0,0,0.099820666,1
17265,0,0,0.051367506,1
17266,0,0,0.042285025,1
17267,0,1,0.9998579,0
17268,0,0,0.12825193,1
17269,0,1,0.99994326,0
17270,1,1,0.99989367,1
17271,1,1,0.6413662,1
17272,0,1,0.84260434,0
17273,1,0,0.006564249,0
17274,0,1,0.8969756,0
17275,0,0,0.10008423,1
17276,1,1,1.0,1
17277,1,1,1.0,1
17278,1,1,1.0,1
17279,0,0,0.079638734,1
17280,1,1,0.6543979,1
17281,1,1,0.99608517,1
17282,1,1,0.9997241,1
17283,1,1,0.99999976,1
17284,1,1,0.8431217,1
17285,1,1,0.99910307,1
17286,0,0,0.106411695,1
17287,1,1,0.83788544,1
17288,0,0,0.24953869,1
17289,1,1,0.9997608,1
17290,1,1,0.9989329,1
17291,1,1,0.5684158,1
17292,0,0,0.06947859,1
17293,0,1,0.99999785,0
17294,0,0,0.09426001,1
17295,1,1,0.86373675,1
17296,1,1,0.89805347,1
17297,0,0,0.030792164,1
17298,0,1,0.9353465,0
17299,0,1,0.83031917,0
17300,0,0,0.062904246,1
17301,1,0,0.22832853,0
17302,0,1,0.53291136,0
17303,0,0,0.2799269,1
17304,1,1,0.9999424,1
17305,1,1,0.9998247,1
17306,0,0,0.028679863,1
17307,0,0,0.058830604,1
17308,0,1,0.90878,0
17309,0,0,0.10185715,1
17310,0,0,0.05686155,1
17311,0,0,0.14566138,1
17312,0,1,0.99911696,0
17313,1,1,1.0,1
17314,0,0,0.29599246,1
17315,1,0,0.27649513,0
17316,0,0,0.047205772,1
17317,1,0,0.26303107,0
17318,1,1,1.0,1
17319,1,1,0.9999999,1
17320,0,1,0.676032,0
17321,0,0,0.15889087,1
17322,1,0,0.051319942,0
17323,0,1,0.38442096,0
17324,1,1,0.99554896,1
17325,1,0,0.050564528,0
17326,1,1,1.0,1
17327,1,0,0.11736965,0
17328,0,0,0.25954404,1
17329,0,0,0.021348475,1
17330,0,1,0.99333304,0
17331,0,0,0.1470033,1
17332,1,1,0.97494066,1
17333,0,1,0.37955084,0
17334,1,1,0.76942694,1
17335,0,0,0.34792474,1
17336,1,1,0.9998969,1
17337,1,1,0.99962735,1
17338,0,1,0.99992883,0
17339,1,0,0.032344334,0
17340,0,1,0.99989843,0
17341,1,1,0.99836427,1
17342,1,1,0.5582668,1
17343,1,1,1.0,1
17344,1,1,0.9999999,1
17345,1,1,0.93349147,1
17346,1,1,0.72913426,1
17347,0,1,0.7756048,0
17348,1,0,0.037256766,0
17349,0,0,0.24972162,1
17350,1,1,0.9999676,1
17351,1,1,0.9997142,1
17352,0,1,0.99996114,0
17353,1,1,0.99999976,1
17354,0,1,1.0,0
17355,0,1,0.9911355,0
17356,1,1,0.9999782,1
17357,0,1,0.60340613,0
17358,1,1,0.99369794,1
17359,1,1,0.9996026,1
17360,0,1,0.99771726,0
17361,0,1,0.71388066,0
17362,0,1,0.9999999,0
17363,0,0,0.2769838,1
17364,0,1,0.8843393,0
17365,1,1,1.0,1
17366,0,0,0.05717659,1
17367,0,0,0.0672398,1
17368,1,1,0.9999969,1
17369,1,1,0.9999999,1
17370,1,1,1.0,1
17371,0,1,0.9994673,0
17372,1,1,0.99987566,1
17373,1,0,0.19528697,0
17374,0,0,0.08411581,1
17375,0,1,0.42453125,0
17376,1,1,0.55922985,1
17377,1,1,1.0,1
17378,0,1,0.9592307,0
17379,1,1,0.6386663,1
17380,0,0,0.039750516,1
17381,0,1,0.9996288,0
17382,1,0,0.13799648,0
17383,1,0,0.24816959,0
17384,1,1,0.9999999,1
17385,1,1,1.0,1
17386,1,1,0.4497249,1
17387,1,1,1.0,1
17388,0,1,0.88161486,0
17389,1,1,0.99999976,1
17390,1,1,0.76646847,1
17391,0,0,0.1673547,1
17392,1,1,0.6953898,1
17393,0,1,0.80115914,0
17394,1,0,0.022846196,0
17395,1,1,0.6962166,1
17396,1,1,0.999998,1
17397,1,1,0.9998996,1
17398,1,0,0.064771704,0
17399,1,0,0.052765187,0
17400,1,1,0.5736187,1
17401,0,0,0.0015041126,1
17402,0,0,0.10411242,1
17403,0,1,0.5381945,0
17404,0,0,0.085023046,1
17405,0,1,0.6666596,0
17406,1,1,0.98007214,1
17407,1,1,0.99997246,1
17408,0,0,0.20922722,1
17409,0,1,0.99995494,0
17410,1,1,0.9980882,1
17411,0,1,0.9907141,0
17412,0,0,0.093760945,1
17413,0,0,0.04972728,1
17414,1,1,1.0,1
17415,1,0,0.056548137,0
17416,1,1,0.8708172,1
17417,1,1,1.0,1
17418,1,1,1.0,1
17419,0,0,0.30300945,1
17420,0,0,0.17809658,1
17421,1,1,0.99985397,1
17422,1,0,0.14584377,0
17423,1,1,0.6977634,1
17424,0,1,0.7644523,0
17425,1,0,0.041346,0
17426,0,0,0.21223202,1
17427,0,0,0.039564554,1
17428,1,1,0.99999714,1
17429,1,1,0.9999981,1
17430,0,1,0.55694187,0
17431,1,1,0.999997,1
17432,0,0,0.15974101,1
17433,0,0,0.20370753,1
17434,1,1,0.7627777,1
17435,0,1,0.47006756,0
17436,1,1,1.0,1
17437,0,1,0.9546897,0
17438,1,1,0.99694854,1
17439,1,1,0.9999988,1
17440,1,1,0.9996613,1
17441,0,1,0.55380696,0
17442,1,1,0.9959693,1
17443,1,1,0.99999976,1
17444,0,0,0.08517511,1
17445,1,1,0.97331697,1
17446,0,1,0.94858485,0
17447,1,1,1.0,1
17448,0,1,0.62994534,0
17449,0,1,0.99476975,0
17450,1,1,0.985129,1
17451,1,0,0.100348406,0
17452,1,0,0.27928764,0
17453,1,1,0.8594279,1
17454,1,1,0.91212356,1
17455,1,1,1.0,1
17456,1,0,0.27367145,0
17457,0,0,0.03997477,1
17458,1,1,0.99751294,1
17459,0,0,0.017865866,1
17460,0,0,0.03810662,1
17461,1,1,0.8535469,1
17462,1,1,0.9563089,1
17463,1,1,1.0,1
17464,0,0,0.20497774,1
17465,1,1,0.99999964,1
17466,0,1,0.787768,0
17467,0,1,0.9999738,0
17468,1,1,0.93349147,1
17469,1,1,1.0,1
17470,1,1,0.9999999,1
17471,0,0,0.22584318,1
17472,1,1,0.9986853,1
17473,1,0,0.17307846,0
17474,1,0,0.116411984,0
17475,0,1,0.9999932,0
17476,0,0,0.027014792,1
17477,0,0,0.22962157,1
17478,1,1,0.9750835,1
17479,1,1,0.8590736,1
17480,0,1,0.37296188,0
17481,1,1,0.75868946,1
17482,0,0,0.02224367,1
17483,1,1,1.0,1
17484,0,1,0.9943251,0
17485,0,1,0.8017807,0
17486,1,1,0.585279,1
17487,0,0,0.09611029,1
17488,0,1,0.99984217,0
17489,0,0,0.17981844,1
17490,0,0,0.3323104,1
17491,0,0,0.08866235,1
17492,0,1,0.4295191,0
17493,1,1,0.99240804,1
17494,1,1,0.99980205,1
17495,1,1,0.70634234,1
17496,1,1,0.99999917,1
17497,1,1,1.0,1
17498,1,0,0.15987214,0
17499,1,1,0.9792154,1
17500,1,1,0.99999964,1
17501,1,1,0.9948303,1
17502,0,1,0.9989536,0
17503,0,0,0.07113817,1
17504,0,1,0.45998564,0
17505,0,1,0.83682144,0
17506,0,1,0.8842393,0
17507,1,1,0.999015,1
17508,1,1,0.9999999,1
17509,1,1,0.7298087,1
17510,1,1,0.9987356,1
17511,0,0,0.05122493,1
17512,1,1,0.9999949,1
17513,1,1,0.99999,1
17514,1,0,0.04845096,0
17515,0,1,0.9968458,0
17516,0,1,0.38543245,0
17517,1,1,0.5138514,1
17518,0,0,0.0038244838,1
17519,1,1,0.9997695,1
17520,1,1,0.6548396,1
17521,1,0,0.18440005,0
17522,1,1,1.0,1
17523,1,1,0.9999685,1
17524,0,0,0.03061778,1
17525,0,0,0.12819736,1
17526,1,1,1.0,1
17527,0,0,0.109324835,1
17528,1,1,0.9993135,1
17529,0,0,0.017275905,1
17530,1,0,0.28318632,0
17531,0,0,0.09990845,1
17532,1,0,0.20157737,0
17533,0,0,0.33420908,1
17534,1,0,0.040769264,0
17535,1,0,0.008627458,0
17536,0,1,0.70451605,0
17537,0,0,0.3024941,1
17538,0,1,0.40936837,0
17539,0,1,0.55157375,0
17540,0,0,0.049267832,1
17541,1,1,1.0,1
17542,0,0,0.033462938,1
17543,1,1,0.99999964,1
17544,1,1,0.9518632,1
17545,1,1,0.9970073,1
17546,1,1,1.0,1
17547,0,1,0.95388025,0
17548,0,1,0.44866785,0
17549,0,1,0.99997914,0
17550,1,1,0.8535469,1
17551,1,1,0.9965503,1
17552,0,1,0.46566084,0
17553,0,0,0.18713267,1
17554,1,1,1.0,1
17555,0,0,0.06730107,1
17556,0,0,0.1302301,1
17557,1,1,0.9368073,1
17558,1,1,0.9999962,1
17559,0,1,0.7261344,0
17560,0,1,0.47274432,0
17561,1,0,0.03073393,0
17562,0,0,0.005240449,1
17563,1,1,0.8494724,1
17564,0,0,0.083142914,1
17565,0,0,0.06307716,1
17566,0,0,0.09309923,1
17567,1,1,0.9994673,1
17568,1,1,0.99999976,1
17569,0,1,0.92827886,0
17570,0,1,0.9974837,0
17571,1,0,0.025613915,0
17572,1,1,0.9995566,1
17573,0,1,0.9999999,0
17574,1,1,1.0,1
17575,1,1,0.99998343,1
17576,1,1,1.0,1
17577,1,1,0.9957021,1
17578,1,1,1.0,1
17579,1,0,0.23274586,0
17580,1,0,0.111821815,0
17581,1,1,0.99961627,1
17582,0,1,0.3712506,0
17583,1,1,0.900267,1
17584,1,0,0.13735881,0
17585,1,1,0.9997383,1
17586,0,1,0.8333246,0
17587,0,1,0.7902877,0
17588,1,1,0.5292026,1
17589,1,1,1.0,1
17590,1,0,0.29706192,0
17591,1,0,0.0703677,0
17592,1,1,0.9999939,1
17593,0,0,0.026835687,1
17594,1,1,0.99529076,1
17595,1,1,0.9953815,1
17596,1,1,1.0,1
17597,0,0,0.29946357,1
17598,1,0,0.077867545,0
17599,1,1,0.9985104,1
17600,1,1,0.99999964,1
17601,0,0,0.10604083,1
17602,0,0,0.20705435,1
17603,1,1,0.77334476,1
17604,1,1,0.80193585,1
17605,1,1,0.91062486,1
17606,0,0,0.09484525,1
17607,1,1,0.4038901,1
17608,0,1,0.97381955,0
17609,1,1,1.0,1
17610,1,1,0.9999994,1
17611,1,1,0.9998623,1
17612,1,1,0.73805594,1
17613,0,0,0.11269772,1
17614,0,0,0.20801799,1
17615,1,1,0.99960726,1
17616,0,0,0.060418423,1
17617,1,1,0.73206544,1
17618,0,1,0.99979657,0
17619,0,1,0.99349916,0
17620,1,0,0.083515875,0
17621,0,1,0.9592689,0
17622,1,0,0.00016668822,0
17623,1,0,0.02892572,0
17624,1,0,0.1362632,0
17625,1,1,0.84428066,1
17626,1,1,0.43347177,1
17627,1,0,0.021739593,0
17628,1,1,0.9999981,1
17629,0,1,0.6838947,0
17630,1,1,0.692174,1
17631,0,0,0.28942192,1
17632,1,1,0.9998981,1
17633,0,0,0.18242553,1
17634,0,1,0.55615854,0
17635,0,0,0.33095753,1
17636,1,1,0.9675024,1
17637,1,0,0.24427286,0
17638,0,1,0.81167597,0
17639,0,0,0.17589168,1
17640,0,1,0.6989463,0
17641,1,1,0.99719363,1
17642,0,1,0.99999917,0
17643,1,0,0.2249055,0
17644,0,0,0.07146149,1
17645,1,1,0.5165345,1
17646,1,1,0.9999685,1
17647,0,1,0.9942139,0
17648,1,1,0.99279517,1
17649,1,0,0.1534857,0
17650,1,1,0.642152,1
17651,1,1,0.9749884,1
17652,1,1,0.95719784,1
17653,0,0,0.059866417,1
17654,0,0,0.029145973,1
17655,0,1,0.97285664,0
17656,1,0,0.010189338,0
17657,1,1,1.0,1
17658,1,1,0.4426365,1
17659,0,1,0.55084896,0
17660,1,1,0.9999646,1
17661,0,0,0.35025468,1
17662,1,1,1.0,1
17663,1,1,0.9999975,1
17664,1,1,0.9999999,1
17665,1,1,0.99887305,1
17666,1,1,0.9999789,1
17667,1,1,1.0,1
17668,1,1,0.999962,1
17669,1,0,0.22755517,0
17670,1,1,0.91978675,1
17671,1,1,0.35650268,1
17672,0,0,0.036665846,1
17673,0,1,0.99014014,0
17674,1,1,0.99808455,1
17675,1,1,0.99361163,1
17676,1,1,0.9837382,1
17677,1,1,0.9999491,1
17678,1,1,0.9647556,1
17679,1,0,0.06394842,0
17680,0,1,0.9999988,0
17681,1,0,0.018635655,0
17682,1,0,0.15830442,0
17683,1,1,0.998884,1
17684,1,1,0.63601404,1
17685,0,1,0.999015,0
17686,1,0,0.0946777,0
17687,1,0,0.2748377,0
17688,1,1,0.96182173,1
17689,0,0,0.075653054,1
17690,1,0,0.062273983,0
17691,1,1,0.99998486,1
17692,0,1,0.9990054,0
17693,0,0,0.035982177,1
17694,1,1,0.99879336,1
17695,1,0,0.06296183,0
17696,1,1,0.9998511,1
17697,0,0,0.0130707845,1
17698,1,1,0.99966395,1
17699,1,1,0.99998367,1
17700,0,1,0.66405034,0
17701,0,0,0.02878888,1
17702,1,1,0.99637836,1
17703,0,1,0.89778495,0
17704,0,1,0.76260096,0
17705,1,1,0.9999039,1
17706,1,0,0.0028952137,0
17707,1,0,0.091544405,0
17708,0,1,0.47323114,0
17709,0,1,0.9998313,0
17710,0,1,0.40830624,0
17711,0,1,0.82768893,0
17712,0,0,0.09679113,1
17713,0,0,0.029063188,1
17714,1,1,0.9999999,1
17715,0,1,0.5400144,0
17716,1,1,1.0,1
17717,1,1,1.0,1
17718,1,1,1.0,1
17719,1,1,0.89048487,1
17720,0,1,0.9999739,0
17721,0,0,0.035982177,1
17722,1,1,0.93189764,1
17723,0,0,0.06506812,1
17724,0,1,0.6451758,0
17725,0,0,0.025011595,1
17726,1,1,0.9999995,1
17727,0,1,0.99998355,0
17728,1,1,0.99880517,1
17729,0,1,0.9868281,0
17730,1,1,0.8924688,1
17731,0,0,0.07878402,1
17732,1,1,0.99999154,1
17733,0,1,0.66698503,0
17734,1,1,0.8802834,1
17735,1,1,0.9999976,1
17736,1,1,0.80837,1
17737,1,0,0.009764972,0
17738,1,1,1.0,1
17739,1,1,0.9993525,1
17740,1,1,1.0,1
17741,0,1,0.9998907,0
17742,0,0,0.13735881,1
17743,1,1,1.0,1
17744,1,1,0.99999607,1
17745,1,0,0.22781274,0
17746,1,0,0.34986582,0
17747,1,1,0.9999864,1
17748,0,0,0.00028351304,1
17749,1,1,0.99933845,1
17750,1,1,0.9999943,1
17751,1,1,0.9999999,1
17752,0,0,0.00059883716,1
17753,1,1,0.86385167,1
17754,0,1,0.9998574,0
17755,0,0,0.19352812,1
17756,0,0,0.17745425,1
17757,0,1,0.6187228,0
17758,1,1,1.0,1
17759,0,0,0.15591201,1
17760,1,1,0.40842423,1
17761,1,1,0.99999964,1
17762,0,0,0.080719054,1
17763,1,1,0.99983716,1
17764,1,1,0.9500415,1
17765,1,1,1.0,1
17766,1,1,0.5695534,1
17767,1,1,0.6063819,1
17768,0,1,0.9992679,0
17769,0,0,0.020004287,1
17770,1,1,0.99999046,1
17771,1,1,1.0,1
17772,1,1,0.9774785,1
17773,0,0,0.17738298,1
17774,1,1,0.87578696,1
17775,0,0,0.15482274,1
17776,0,0,0.20914644,1
17777,1,0,0.054600604,0
17778,0,0,0.08218025,1
17779,0,0,0.020725062,1
17780,0,0,0.3217263,1
17781,0,1,0.99996054,0
17782,1,0,0.23686911,0
17783,0,1,0.45892456,0
17784,1,0,0.29884934,0
17785,0,1,0.9213576,0
17786,0,1,0.89688534,0
17787,1,0,0.033054754,0
17788,0,1,0.5931969,0
17789,1,0,0.03521114,0
17790,1,1,0.9984452,1
17791,1,1,0.9976949,1
17792,1,1,0.9999219,1
17793,1,1,1.0,1
17794,0,1,0.99988365,0
17795,1,1,1.0,1
17796,0,0,0.013795365,1
17797,0,1,0.9999882,0
17798,0,1,0.99779594,0
17799,0,0,0.015739111,1
17800,0,1,0.86442494,0
17801,0,0,0.05490385,1
17802,1,1,0.9999999,1
17803,0,0,0.06687324,1
17804,0,0,0.1067837,1
17805,0,1,0.99995947,0
17806,0,0,0.1138749,1
17807,0,0,0.020138742,1
17808,0,1,0.50262445,0
17809,0,0,0.041734807,1
17810,0,1,0.9980122,0
17811,0,1,0.9999945,0
17812,1,0,0.2769838,0
17813,0,1,0.9994286,0
17814,0,1,0.37765542,0
17815,1,1,0.9999286,1
17816,1,0,0.34350687,0
17817,0,1,0.69071555,0
17818,1,1,0.99993575,1
17819,0,0,0.21825255,1
17820,1,0,0.058185086,0
17821,1,1,0.99999726,1
17822,1,1,0.99242276,1
17823,1,0,0.0921145,0
17824,0,0,0.05315703,1
17825,1,1,0.999961,1
17826,0,1,0.54383254,0
17827,0,0,0.0036358088,1
17828,1,0,0.14798562,0
17829,0,0,0.04196977,1
17830,1,1,0.98178816,1
17831,1,1,0.99980897,1
17832,1,1,0.9422947,1
17833,1,1,0.56571865,1
17834,1,1,0.94825053,1
17835,1,1,0.9016612,1
17836,1,1,0.99998045,1
17837,0,1,0.7207124,0
17838,0,1,0.9753666,0
17839,0,1,0.36234847,0
17840,1,0,0.21858597,0
17841,1,1,0.9999491,1
17842,1,0,0.027040472,0
17843,1,1,1.0,1
17844,1,1,1.0,1
17845,1,1,0.9999999,1
17846,0,0,0.13957219,1
17847,0,1,0.9980506,0
17848,0,0,0.034197055,1
17849,1,0,0.20657375,0
17850,0,1,0.9641868,0
17851,0,1,0.9999933,0
17852,1,1,0.9998996,1
17853,1,1,0.8657925,1
17854,1,0,0.11889567,0
17855,0,0,0.09186979,1
17856,0,0,0.12940273,1
17857,1,1,0.9172285,1
17858,0,0,0.122051544,1
17859,1,0,0.18126321,0
17860,1,1,1.0,1
17861,1,1,0.99999774,1
17862,1,1,0.99999833,1
17863,0,0,0.1682411,1
17864,1,1,0.8833366,1
17865,1,1,0.99727446,1
17866,1,1,1.0,1
17867,1,0,0.1648523,0
17868,0,0,0.12033541,1
17869,1,1,0.9999999,1
17870,0,1,0.5772571,0
17871,0,1,0.38745853,0
17872,0,1,0.9952077,0
17873,0,1,0.6906113,0
17874,1,0,0.3374764,0
17875,0,1,0.98481095,0
17876,0,1,0.6719551,0
17877,1,0,0.031529184,0
17878,1,1,0.57027155,1
17879,0,1,0.5742157,0
17880,1,0,0.04681203,0
17881,1,1,1.0,1
17882,1,1,0.9736196,1
17883,1,1,0.6343734,1
17884,1,1,0.73739463,1
17885,0,0,0.13432106,1
17886,1,1,0.9983158,1
17887,0,0,0.02384809,1
17888,1,0,0.107250325,0
17889,0,0,0.10669061,1
17890,0,1,0.3541538,0
17891,0,0,0.0061212815,1
17892,1,1,0.6848439,1
17893,1,0,0.028167473,0
17894,0,1,0.4204806,0
17895,1,1,0.9999999,1
17896,0,0,0.007891985,1
17897,0,0,0.0416178,1
17898,0,1,0.9502727,0
17899,1,1,1.0,1
17900,0,1,0.59508085,0
17901,1,1,0.99998856,1
17902,1,1,0.9999999,1
17903,0,0,0.008577485,1
17904,1,0,0.12262824,0
17905,1,1,0.9998832,1
17906,1,1,0.96805066,1
17907,1,1,0.787768,1
17908,0,0,0.010776726,1
17909,1,1,0.83761996,1
17910,1,1,0.92860323,1
17911,1,0,0.20914644,0
17912,0,0,0.32343352,1
17913,1,1,0.3637034,1
17914,0,1,0.43647188,0
17915,1,1,0.9988927,1
17916,1,1,1.0,1
17917,1,0,0.16599831,0
17918,1,1,0.5529622,1
17919,1,1,0.9999168,1
17920,0,1,0.9999906,0
17921,1,1,0.8964329,1
17922,1,1,1.0,1
17923,0,1,0.99999046,0
17924,0,0,0.019124035,1
17925,1,1,0.6581429,1
17926,0,0,0.093678005,1
17927,0,1,0.7612724,0
17928,1,1,0.9810037,1
17929,0,1,0.60387343,0
17930,1,1,0.66197747,1
17931,0,1,0.4268889,0
17932,0,1,0.98056203,0
17933,1,1,0.99951494,1
17934,1,1,0.90821165,1
17935,0,0,0.04569203,1
17936,0,0,0.09747628,1
17937,1,1,1.0,1
17938,0,0,0.10922978,1
17939,0,0,0.25720495,1
17940,0,1,0.95136863,0
17941,1,1,0.7752647,1
17942,0,1,0.95880854,0
17943,0,1,0.9999999,0
17944,0,0,0.31394535,1
17945,1,1,0.980034,1
17946,0,0,0.04676847,1
17947,1,0,0.12247072,0
17948,0,0,0.1346052,1
17949,1,0,0.0074751205,0
17950,0,1,0.92121595,0
17951,0,0,0.017610641,1
17952,1,1,1.0,1
17953,1,1,0.7168632,1
17954,0,0,0.2026009,1
17955,0,0,0.1596755,1
17956,1,1,1.0,1
17957,1,1,0.99986815,1
17958,0,1,0.9850429,0
17959,0,1,0.8386798,0
17960,1,1,0.9685601,1
17961,0,0,0.10484337,1
17962,0,0,0.2607658,1
17963,0,1,0.73292655,0
17964,0,1,0.76515496,0
17965,1,1,0.9621432,1
17966,1,1,0.95976204,1
17967,0,0,0.0072608665,1
17968,1,1,0.9999939,1
17969,1,1,1.0,1
17970,1,1,0.68956697,1
17971,1,1,0.99828595,1
17972,1,1,0.8811043,1
17973,0,1,0.98331094,0
17974,1,1,1.0,1
17975,1,1,0.9948902,1
17976,0,0,0.06779314,1
17977,1,1,1.0,1
17978,0,1,0.99575186,0
17979,1,1,0.99999166,1
17980,1,1,0.64192754,1
17981,0,1,0.998784,0
17982,1,1,0.9999958,1
17983,1,0,0.12033541,0
17984,1,1,0.9996118,1
17985,1,0,0.05770532,0
17986,1,1,0.9994777,1
17987,1,0,0.32756075,0
17988,1,1,0.40488976,1
17989,1,1,0.9987696,1
17990,1,1,0.9896318,1
17991,0,0,0.23370637,1
17992,0,1,0.73720545,0
17993,0,1,0.9999374,0
17994,0,1,0.9877823,0
17995,0,1,0.7570767,0
17996,1,0,0.04668148,0
17997,0,1,0.9403531,0
17998,1,0,0.30141345,0
17999,1,1,0.99998724,1
18000,0,1,0.9966691,0
18001,1,1,0.9999753,1
18002,1,0,0.33404613,0
18003,0,0,0.2184192,1
18004,1,1,0.9981863,1
18005,0,0,0.13603349,1
18006,1,1,0.99991107,1
18007,0,0,0.1352892,1
18008,0,1,0.99420255,0
18009,0,1,0.45060113,0
18010,0,0,0.29589072,1
18011,1,1,0.99997807,1
18012,1,1,0.99972945,1
18013,1,1,0.7640124,1
18014,0,1,0.8498466,0
18015,0,1,0.99997723,0
18016,1,1,1.0,1
18017,0,1,0.5111676,0
18018,1,1,0.9994837,1
18019,1,0,0.3106944,0
18020,0,1,0.9990656,0
18021,0,1,0.9794526,0
18022,0,1,0.99698395,0
18023,0,1,0.9990582,0
18024,1,1,0.97573924,1
18025,1,1,0.992725,1
18026,1,1,1.0,1
18027,0,0,0.056913942,1
18028,1,0,0.18780208,0
18029,1,0,0.0808641,0
18030,1,1,0.999998,1
18031,0,0,0.09518112,1
18032,1,1,0.92905515,1
18033,0,0,0.21436231,1
18034,1,0,0.07885492,0
18035,1,0,0.098512106,0
18036,1,1,0.9998036,1
18037,1,1,1.0,1
18038,0,1,0.9109423,0
18039,1,1,0.9999976,1
18040,1,1,0.44086042,1
18041,1,1,0.99979895,1
18042,0,1,0.9998952,0
18043,1,1,0.9999914,1
18044,1,0,0.23669264,0
18045,0,0,0.08441725,1
18046,0,1,0.6001298,0
18047,0,1,0.8701566,0
18048,1,1,0.99978346,1
18049,1,0,2.2339907e-06,0
18050,1,1,1.0,1
18051,1,1,1.0,1
18052,0,1,0.4239051,0
18053,1,1,1.0,1
18054,0,0,0.0830685,1
18055,1,0,0.19536372,0
18056,0,0,0.17895591,1
18057,1,0,0.014899643,0
18058,0,1,0.9998416,0
18059,1,1,0.93738294,1
18060,1,0,0.16178322,0
18061,1,1,1.0,1
18062,1,0,0.047646955,0
18063,1,1,0.46429428,1
18064,0,0,0.04050277,1
18065,0,0,0.12463858,1
18066,1,1,0.99381906,1
18067,0,1,0.9875923,0
18068,1,0,0.24972162,0
18069,1,1,0.78133065,1
18070,1,0,0.11516222,0
18071,1,1,0.99996626,1
18072,0,1,0.99031025,0
18073,1,1,0.9999999,1
18074,1,0,0.21403356,0
18075,1,1,0.9994504,1
18076,1,0,0.006589771,0
18077,0,0,0.09227797,1
18078,0,0,0.19253935,1
18079,0,0,0.0354775,1
18080,1,0,0.06711741,0
18081,0,1,0.98899186,0
18082,1,1,1.0,1
18083,1,1,1.0,1
18084,0,0,0.17030093,1
18085,1,1,0.9997428,1
18086,1,0,0.08277145,0
18087,0,0,0.1462091,1
18088,1,1,0.9908213,1
18089,0,1,0.7745834,0
18090,0,1,0.7829945,0
18091,1,1,1.0,1
18092,1,1,0.7977932,1
18093,1,1,0.9811126,1
18094,1,0,0.18417984,0
18095,1,1,1.0,1
18096,0,0,0.08487122,1
18097,1,1,0.99987805,1
18098,0,1,0.48188052,0
18099,1,1,0.99653685,1
18100,1,1,0.99999976,1
18101,1,1,0.9999981,1
18102,1,0,0.19125213,0
18103,0,1,0.6993057,0
18104,0,0,0.065545,1
18105,1,0,0.1908748,0
18106,1,1,0.9999826,1
18107,0,1,0.82018155,0
18108,0,1,0.85693204,0
18109,1,1,0.93721074,1
18110,1,0,0.072243005,0
18111,1,1,0.8657925,1
18112,1,1,0.9732661,1
18113,1,1,0.9991912,1
18114,0,1,0.9989536,0
18115,0,0,0.018887341,1
18116,1,1,0.9955835,1
18117,1,1,0.9999491,1
18118,0,0,0.0094125895,1
18119,1,1,0.9524858,1
18120,0,1,0.9996965,0
18121,1,1,0.95257413,1
18122,1,1,0.9991186,1
18123,0,0,0.18579942,1
18124,0,0,0.17582092,1
18125,1,1,1.0,1
18126,0,0,0.21313141,1
18127,1,1,0.9994956,1
18128,1,1,0.9994023,1
18129,1,1,0.6972483,1
18130,1,0,0.069226466,0
18131,0,1,0.9716448,0
18132,1,1,0.9260366,1
18133,0,0,0.2948745,1
18134,1,1,1.0,1
18135,1,1,0.99990976,1
18136,0,0,0.120749526,1
18137,0,0,0.04057874,1
18138,0,1,0.9603612,0
18139,0,0,0.07362963,1
18140,0,1,0.9019207,0
18141,0,0,0.026531339,1
18142,1,1,0.9995054,1
18143,1,1,0.9999981,1
18144,1,1,0.967256,1
18145,0,0,0.06822642,1
18146,1,0,0.14971778,0
18147,1,1,0.99999833,1
18148,1,1,0.99999475,1
18149,0,0,0.17043895,1
18150,1,0,0.07146149,0
18151,0,1,0.86373675,0
18152,0,1,0.9985134,0
18153,1,1,1.0,1
18154,0,1,0.6966295,0
18155,1,1,0.9491535,1
18156,1,1,0.8369547,1
18157,1,0,0.023375314,0
18158,0,0,0.030530943,1
18159,1,1,0.9223426,1
18160,1,0,0.33212084,0
18161,0,0,0.055617616,1
18162,1,1,0.99998367,1
18163,0,0,0.034782395,1
18164,0,1,0.9999999,0
18165,0,0,0.3508661,1
18166,0,1,0.999926,0
18167,1,1,0.74026823,1
18168,1,1,0.99996734,1
18169,0,1,0.8797679,0
18170,1,1,0.9995461,1
18171,1,1,0.4368623,1
18172,1,1,0.99785525,1
18173,1,1,1.0,1
18174,0,1,0.999969,0
18175,0,0,0.02145073,1
18176,1,1,1.0,1
18177,0,1,0.6538456,0
18178,1,1,0.97587764,1
18179,1,1,0.92944044,1
18180,0,0,0.1292378,1
18181,0,0,0.014559519,1
18182,0,0,0.05602938,1
18183,1,1,0.9999999,1
18184,0,0,0.06884988,1
18185,0,1,0.9646226,0
18186,1,0,0.011755131,0
18187,1,1,1.0,1
18188,0,1,0.7266681,0
18189,1,1,0.99986017,1
18190,1,0,0.14426938,0
18191,1,1,0.9904221,1
18192,0,1,0.9816127,0
18193,1,1,0.9999908,1
18194,1,1,0.99999964,1
18195,0,1,0.9951231,0
18196,0,1,1.0,0
18197,1,1,0.99998546,1
18198,0,1,0.9999883,0
18199,1,1,0.9673795,1
18200,1,1,0.99999964,1
18201,0,1,0.9695556,0
18202,1,1,0.9976265,1
18203,0,1,0.39227864,0
18204,1,1,0.95473194,1
18205,1,1,0.98054343,1
18206,1,0,0.21526824,0
18207,0,1,0.99835795,0
18208,0,1,0.9399685,0
18209,1,1,0.99771726,1
18210,1,1,0.4074218,1
18211,0,0,0.15533453,1
18212,0,0,0.04020025,1
18213,0,0,0.048002712,1
18214,0,0,0.3061639,1
18215,0,1,0.96518475,0
18216,1,1,0.9956262,1
18217,1,1,0.9916033,1
18218,0,0,0.006375936,1
18219,0,1,0.94834626,0
18220,0,0,0.06296183,1
18221,0,0,0.18810017,1
18222,1,1,0.9999994,1
18223,0,1,0.9532751,0
18224,1,1,1.0,1
18225,1,1,0.9999962,1
18226,1,1,0.8768454,1
18227,1,1,0.9999552,1
18228,1,1,0.9946568,1
18229,0,0,0.16072656,1
18230,0,0,0.31237,1
18231,0,1,0.98089427,0
18232,0,0,0.1534857,1
18233,0,1,0.5204963,0
18234,0,1,0.9895716,0
18235,0,1,0.6277801,0
18236,1,1,0.549278,1
18237,1,1,0.9496227,1
18238,1,1,0.99871314,1
18239,1,1,0.98168314,1
18240,1,0,0.21076632,0
18241,0,0,0.018869255,1
18242,1,1,0.9994937,1
18243,0,1,0.9811307,0
18244,0,1,0.9035498,0
18245,1,1,0.9999999,1
18246,1,1,0.3639294,1
18247,1,0,0.17119972,0
18248,0,0,0.05184547,1
18249,1,1,0.9993026,1
18250,0,0,0.07356305,1
18251,1,0,0.035678547,0
18252,1,1,0.9997453,1
18253,0,1,0.74232835,0
18254,1,1,1.0,1
18255,0,1,0.6947688,0
18256,1,1,0.7069497,1
18257,0,0,0.11075938,1
18258,1,1,0.99990356,1
18259,0,0,0.08874129,1
18260,1,1,1.0,1
18261,1,1,0.83815056,1
18262,1,1,0.99999976,1
18263,1,1,0.99999964,1
18264,0,1,0.8435088,0
18265,1,1,1.0,1
18266,1,1,0.9999994,1
18267,0,1,0.99591404,0
18268,1,0,0.01042845,0
18269,1,1,0.99947864,1
18270,1,1,0.9662516,1
18271,0,0,0.014587567,1
18272,1,1,1.0,1
18273,1,1,0.9971771,1
18274,1,0,0.17845424,0
18275,0,1,0.99993813,0
18276,1,1,0.9987576,1
18277,1,1,0.99957365,1
18278,1,1,0.99813604,1
18279,1,0,0.22661243,0
18280,1,1,0.9999999,1
18281,1,0,0.32659352,0
18282,1,1,0.99693066,1
18283,1,0,0.095518075,0
18284,0,1,0.42098635,0
18285,1,1,0.7479843,1
18286,1,1,0.6977634,1
18287,1,0,0.09293445,0
18288,1,1,1.0,1
18289,0,0,0.17596246,1
18290,1,1,1.0,1
18291,0,1,0.9995703,0
18292,1,1,0.9993333,1
18293,1,1,0.9746045,1
18294,0,0,0.3412531,1
18295,1,1,0.8989441,1
18296,1,0,0.2608599,0
18297,1,1,0.98739934,1
18298,1,1,1.0,1
18299,0,0,0.074365705,1
18300,0,0,0.01433703,1
18301,0,0,0.1384618,1
18302,1,1,0.41709337,1
18303,1,1,0.8304567,1
18304,0,1,0.6983809,0
18305,1,0,0.07606381,0
18306,1,1,0.99999595,1
18307,1,1,0.99999964,1
18308,1,1,0.8940517,1
18309,0,0,0.20769641,1
18310,1,1,0.9994286,1
18311,1,1,0.9999999,1
18312,1,1,0.9858004,1
18313,0,1,0.54595155,0
18314,1,1,0.43584147,1
18315,1,1,0.99528164,1
18316,1,1,0.997813,1
18317,1,0,0.13597612,0
18318,1,1,0.99999654,1
18319,0,1,0.46800032,0
18320,0,1,0.9995635,0
18321,1,1,1.0,1
18322,0,0,0.1612542,1
18323,1,1,0.9186994,1
18324,0,0,0.051082734,1
18325,0,0,0.08811155,1
18326,0,1,0.99992573,0
18327,0,0,0.08130065,1
18328,0,1,0.9966949,0
18329,1,1,1.0,1
18330,0,0,0.045141645,1
18331,1,0,0.09285216,0
18332,1,1,0.9997677,1
18333,0,1,0.99580115,0
18334,1,0,0.101144664,0
18335,1,0,0.0058881594,0
18336,1,1,1.0,1
18337,1,1,1.0,1
18338,1,1,0.99956685,1
18339,1,1,0.9999999,1
18340,1,1,0.7285069,1
18341,0,1,0.9078855,0
18342,0,0,0.04001227,1
18343,0,1,0.99496907,0
18344,1,0,0.055463932,0
18345,0,0,0.20906568,1
18346,1,1,0.8548847,1
18347,1,1,1.0,1
18348,0,0,0.043691058,1
18349,0,1,0.9747491,0
18350,0,1,0.8539127,0
18351,1,1,0.9939731,1
18352,1,0,0.025982061,0
18353,1,0,0.058722552,0
18354,1,1,1.0,1
18355,1,1,0.9981969,1
18356,1,1,0.99996614,1
18357,1,0,0.03879259,0
18358,1,1,0.47034124,1
18359,0,0,0.13523209,1
18360,0,1,0.9998198,0
18361,1,0,0.041346,0
18362,1,1,0.9694112,1
18363,1,0,0.015072628,0
18364,1,1,1.0,1
18365,0,1,0.9979007,0
18366,0,1,0.7636601,0
18367,1,1,0.9965301,1
18368,0,0,0.28279,1
18369,1,1,0.9999981,1
18370,0,1,0.8729984,0
18371,0,1,0.43365166,0
18372,0,1,0.9901782,0
18373,1,1,0.35242462,1
18374,1,1,0.99999714,1
18375,1,1,0.8467045,1
18376,0,1,0.8525676,0
18377,1,1,0.57791233,1
18378,0,1,0.9697281,0
18379,1,1,0.9999678,1
18380,0,0,0.028409066,1
18381,0,1,0.9590777,0
18382,0,0,0.051749542,1
18383,0,0,0.14027737,1
18384,0,0,0.0793529,1
18385,1,0,0.033589505,0
18386,0,1,0.65494996,0
18387,1,0,0.002387409,0
18388,0,1,0.9896918,0
18389,1,0,0.16749083,0
18390,1,1,0.99999535,1
18391,1,1,0.9999684,1
18392,0,0,0.028167473,1
18393,1,1,0.9850429,1
18394,1,0,0.2018919,0
18395,1,1,0.99999917,1
18396,1,0,0.32039586,0
18397,1,0,0.14010078,0
18398,0,0,0.054349106,1
18399,0,1,0.92107415,0
18400,0,0,0.066206016,1
18401,0,1,0.7467858,0
18402,1,1,0.99974924,1
18403,0,1,0.60492414,0
18404,1,1,0.94829834,1
18405,1,1,0.9730621,1
18406,0,0,0.17071527,1
18407,1,1,0.71963,1
18408,1,1,0.9984692,1
18409,0,1,0.9999988,0
18410,1,1,0.9999598,1
18411,0,0,0.04863137,1
18412,1,1,0.99999607,1
18413,1,1,0.99999976,1
18414,1,0,0.23792991,0
18415,0,1,0.9588471,0
18416,1,1,1.0,1
18417,0,1,0.97550696,0
18418,0,1,0.72898954,0
18419,1,1,0.9999958,1
18420,1,1,0.9913726,1
18421,1,1,0.83894384,1
18422,0,1,0.9397477,0
18423,0,1,0.9890765,0
18424,1,1,0.9999831,1
18425,0,0,0.20299561,1
18426,0,1,0.99705935,0
18427,0,0,0.04103744,1
18428,0,1,0.55241895,0
18429,0,0,0.14342749,1
18430,1,1,0.9906238,1
18431,0,1,0.66011757,0
18432,1,1,0.65506023,1
18433,1,1,1.0,1
18434,1,0,0.1067837,0
18435,1,1,0.99999774,1
18436,0,1,0.7313465,0
18437,0,0,0.28492406,1
18438,0,0,0.07835981,1
18439,1,1,0.46235168,1
18440,1,1,0.9628132,1
18441,1,1,0.9999939,1
18442,1,1,0.99999094,1
18443,1,1,0.35507572,1
18444,0,0,0.09309923,1
18445,0,0,0.06638737,1
18446,0,0,0.12689333,1
18447,0,1,0.76681787,0
18448,0,1,0.9911355,0
18449,1,0,0.027822025,0
18450,0,1,0.5228113,0
18451,0,1,0.9992206,0
18452,1,1,1.0,1
18453,1,1,1.0,1
18454,0,0,0.18690996,1
18455,0,1,0.8153795,0
18456,1,1,0.99998474,1
18457,0,1,0.9982692,0
18458,1,1,1.0,1
18459,1,0,0.14817041,0
18460,1,1,1.0,1
18461,1,1,0.83250916,1
18462,1,0,0.09260568,0
18463,1,1,0.99826247,1
18464,1,1,0.9999622,1
18465,1,1,0.9999993,1
18466,0,1,0.3595328,0
18467,1,1,0.99999857,1
18468,1,1,0.99988806,1
18469,1,1,1.0,1
18470,0,1,0.79358625,0
18471,1,1,0.991891,1
18472,0,0,0.22210902,1
18473,0,0,0.2186694,1
18474,1,1,0.99999714,1
18475,1,1,0.42754608,1
18476,0,0,0.06791668,1
18477,1,1,0.946051,1
18478,0,1,0.99829596,0
18479,1,1,0.9999968,1
18480,1,1,0.8275496,1
18481,1,1,0.95585793,1
18482,1,0,0.054600604,0
18483,0,0,0.08336651,1
18484,0,0,0.28120816,1
18485,1,0,0.07558479,0
18486,0,0,0.2163425,1
18487,1,0,0.07999737,0
18488,1,1,1.0,1
18489,1,1,1.0,1
18490,1,1,0.8253083,1
18491,1,1,1.0,1
18492,1,1,0.9576754,1
18493,1,1,0.9999999,1
18494,0,1,0.9507321,0
18495,1,1,0.9994735,1
18496,1,0,0.16830944,0
18497,0,0,0.2991052,1
18498,0,0,0.029760094,1
18499,1,1,0.9999993,1
18500,1,1,0.9952077,1
18501,0,1,0.5116556,0
18502,0,0,0.31001508,1
18503,1,1,0.5644586,1
18504,0,0,0.09756222,1
18505,1,1,0.39065015,1
18506,0,1,0.99256825,0
18507,0,0,0.07211221,1
18508,1,1,0.92827886,1
18509,1,1,0.9997131,1
18510,1,1,0.95239735,1
18511,1,0,0.06153674,0
18512,0,1,0.9994735,0
18513,0,0,0.093678005,1
18514,1,1,0.9998623,1
18515,0,0,0.074432954,1
18516,1,1,0.99474937,1
18517,0,0,0.07793769,1
18518,1,1,0.99981266,1
18519,0,0,0.11556087,1
18520,1,1,0.88856554,1
18521,1,1,0.99998057,1
18522,1,1,0.9999995,1
18523,0,0,0.010228809,1
18524,1,0,0.07423137,0
18525,1,1,0.9955576,1
18526,0,1,0.8957965,0
18527,0,1,0.81331253,0
18528,1,1,0.98535615,1
18529,0,0,0.10311471,1
18530,1,1,1.0,1
18531,0,0,0.11211313,1
18532,1,0,0.10438599,0
18533,0,0,0.3158415,1
18534,1,1,0.99580115,1
18535,1,1,0.67678016,1
18536,1,1,0.856092,1
18537,0,0,0.13724312,1
18538,1,0,0.106923506,0
18539,0,1,0.9990619,0
18540,1,0,0.053849373,0
18541,1,1,0.999998,1
18542,0,0,0.04535258,1
18543,1,0,0.018072657,0
18544,1,0,0.21725449,0
18545,1,1,1.0,1
18546,0,0,0.3205022,1
18547,0,1,0.6909241,0
18548,1,1,0.99998903,1
18549,1,1,1.0,1
18550,1,1,0.63595754,1
18551,0,1,0.9999168,0
18552,1,0,0.03155902,0
18553,1,0,0.028953163,0
18554,1,1,0.39805537,1
18555,1,1,0.54310566,1
18556,1,1,0.99615306,1
18557,0,0,0.31394535,1
18558,0,0,0.050190784,1
18559,0,0,0.07497297,1
18560,0,0,0.09560247,1
18561,0,1,0.97984195,0
18562,1,1,0.99990726,1
18563,1,1,0.99837697,1
18564,0,0,0.008315778,1
18565,0,1,0.9772191,0
18566,0,1,0.8233284,0
18567,0,1,0.99999666,0
18568,0,1,0.66263276,0
18569,1,1,0.99958676,1
18570,1,1,0.99999976,1
18571,0,1,0.938124,0
18572,0,1,0.39053392,0
18573,1,1,0.99999833,1
18574,0,1,0.9990656,0
18575,0,1,0.97316426,0
18576,0,1,0.7527403,0
18577,1,1,0.9741166,1
18578,1,1,0.69796926,1
18579,1,1,0.99999774,1
18580,1,1,0.9999714,1
18581,1,1,0.9999956,1
18582,0,0,0.07068779,1
18583,0,1,0.85512674,0
18584,1,1,0.99440175,1
18585,0,0,0.2503167,1
18586,0,1,0.9999864,0
18587,0,0,0.3188032,1
18588,0,1,0.9961456,0
18589,1,0,0.18330103,0
18590,0,1,0.9574771,0
18591,0,0,0.11656275,1
18592,1,1,1.0,1
18593,0,0,0.30715016,1
18594,0,1,0.8342719,0
18595,0,0,0.030559864,1
18596,0,1,0.92296976,0
18597,0,0,0.081959546,1
18598,1,1,0.6525183,1
18599,1,1,0.9980506,1
18600,1,0,0.01750956,0
18601,0,1,0.7079603,0
18602,1,1,0.94386727,1
18603,0,0,0.05218253,1
18604,1,1,0.9899476,1
18605,0,1,0.88100195,0
18606,1,1,0.9183339,1
18607,0,0,0.08137364,1
18608,1,0,0.11828322,0
18609,0,1,0.57612467,0
18610,1,1,1.0,1
18611,1,1,0.8435088,1
18612,1,0,0.28427786,0
18613,1,0,0.030100336,0
18614,1,1,0.99580115,1
18615,0,1,0.96992815,0
18616,1,1,0.37708178,1
18617,1,0,0.12152928,0
18618,1,1,1.0,1
18619,1,1,0.99564314,1
18620,0,1,0.67109346,0
18621,0,0,0.21386933,1
18622,1,1,0.72913426,1
18623,0,0,0.099120855,1
18624,1,1,1.0,1
18625,0,0,0.036459446,1
18626,0,0,0.24041773,1
18627,0,0,0.24762337,1
18628,1,1,0.9999683,1
18629,0,0,0.26874945,1
18630,0,0,0.009268014,1
18631,0,1,0.9973477,0
18632,1,1,0.9763782,1
18633,1,0,1.743469e-05,0
18634,0,1,0.9993242,0
18635,0,1,0.98442644,0
18636,0,1,0.6910284,0
18637,0,1,0.42712787,0
18638,1,1,0.9582651,1
18639,1,1,1.0,1
18640,0,0,0.08144666,1
18641,0,0,0.13980691,1
18642,1,1,1.0,1
18643,1,1,0.9997273,1
18644,1,1,0.9999745,1
18645,0,0,0.27987766,1
18646,1,0,0.27713048,0
18647,1,1,0.99999964,1
18648,0,1,0.6829439,0
18649,1,0,0.18572558,0
18650,0,1,0.9646226,0
18651,0,0,0.28886992,1
18652,0,0,0.0125279315,1
18653,1,1,0.99693066,1
18654,0,0,0.09268777,1
18655,0,1,0.6446167,0
18656,0,0,0.02260761,1
18657,1,1,0.9999993,1
18658,1,1,0.9999914,1
18659,0,0,0.036631368,1
18660,0,0,0.24373244,1
18661,0,1,0.9969957,0
18662,0,1,0.98607117,0
18663,0,0,0.08291986,1
18664,1,1,1.0,1
18665,0,0,0.07504072,1
18666,0,1,0.9241418,0
18667,0,0,0.25219983,1
18668,0,1,0.999943,0
18669,0,0,0.3280987,1
18670,0,1,0.9990264,0
18671,1,1,1.0,1
18672,0,1,0.8100285,0
18673,1,1,0.40771657,1
18674,0,0,0.042324588,1
18675,1,0,0.010797569,0
18676,1,1,1.0,1
18677,0,1,0.81405276,0
18678,1,0,0.095433734,0
18679,1,1,0.38450763,1
18680,0,1,0.9917163,0
18681,1,1,0.9980045,1
18682,1,0,0.29711294,0
18683,1,1,0.99993217,1
18684,1,1,1.0,1
18685,1,1,1.0,1
18686,1,1,0.9999925,1
18687,1,1,0.8984996,1
18688,0,0,0.12033541,1
18689,1,0,0.2689414,0
18690,1,1,0.9999987,1
18691,0,1,0.99999857,0
18692,0,1,0.83788544,0
18693,0,0,0.06766981,1
18694,1,1,1.0,1
18695,0,1,0.97678024,0
18696,0,1,0.9267028,0
18697,1,1,0.76489156,1
18698,1,1,0.99999976,1
18699,1,1,0.9999944,1
18700,0,1,0.99971205,0
18701,0,1,0.72423685,0
18702,1,1,0.45874268,1
18703,1,1,0.8171371,1
18704,1,0,0.27488634,0
18705,1,1,0.99983585,1
18706,0,1,0.9999999,0
18707,0,0,0.10132237,1
18708,0,0,0.0027362213,1
18709,0,1,0.9997876,0
18710,1,0,0.017342346,0
18711,0,0,0.09501305,1
18712,0,1,0.95679593,0
18713,0,1,0.9999782,0
18714,0,1,0.99886644,0
18715,1,1,0.9931363,1
18716,1,0,0.08277145,0
18717,0,0,0.1897462,1
18718,1,0,0.019512547,0
18719,0,0,0.02763772,1
18720,0,1,0.98680264,0
18721,1,0,0.12608409,0
18722,0,0,0.34493974,1
18723,1,1,0.9999981,1
18724,1,1,0.99999857,1
18725,0,0,0.031410128,1
18726,1,1,1.0,1
18727,1,0,0.0793529,0
18728,1,0,0.1431278,0
18729,0,1,0.4506918,0
18730,1,0,0.065604836,0
18731,1,1,0.6442811,1
18732,1,0,0.0683507,0
18733,1,1,0.99668854,1
18734,0,0,0.0060152626,1
18735,1,0,0.15610489,0
18736,1,1,1.0,1
18737,1,1,0.9950659,1
18738,1,1,0.99998486,1
18739,1,1,1.0,1
18740,0,0,0.32268605,1
18741,0,1,0.4534736,0
18742,1,1,0.99979013,1
18743,0,1,0.9432431,0
18744,1,0,0.05686155,0
18745,0,1,0.99979264,0
18746,1,1,0.9999738,1
18747,0,0,0.016466172,1
18748,0,1,0.41430628,0
18749,1,1,0.99955493,1
18750,1,1,0.99987173,1
18751,1,1,0.9991358,1
18752,1,1,0.98953116,1
18753,0,0,0.027246773,1
18754,0,0,0.0028671585,1
18755,1,1,0.99528164,1
18756,1,1,0.73101056,1
18757,1,1,0.9955403,1
18758,1,1,0.6474082,1
18759,0,0,0.08130065,1
18760,1,1,0.41561025,1
18761,1,0,0.048767094,0
18762,0,0,0.25590113,1
18763,1,1,1.0,1
18764,1,1,0.88592786,1
18765,0,0,0.038285997,1
18766,0,1,0.4188752,0
18767,1,1,0.43503124,1
18768,1,1,0.9989837,1
18769,1,1,0.99877197,1
18770,1,1,0.9999987,1
18771,1,1,0.82810634,1
18772,1,1,1.0,1
18773,0,1,0.6581429,0
18774,1,0,0.09401018,0
18775,0,1,0.9992417,0
18776,1,1,0.9999944,1
18777,0,1,0.99999607,0
18778,0,1,0.8701566,0
18779,0,0,0.031114377,1
18780,0,0,0.021635992,1
18781,0,1,0.9932025,0
18782,1,1,0.9736196,1
18783,1,0,0.035144847,0
18784,1,0,0.043042846,0
18785,1,1,0.9989718,1
18786,0,1,0.8273404,0
18787,0,0,0.12116486,1
18788,0,1,0.40101323,0
18789,1,1,0.79454446,1
18790,1,1,0.6288064,1
18791,1,0,0.0279544,0
18792,1,1,0.9999993,1
18793,0,0,0.01668906,1
18794,1,1,0.99863297,1
18795,1,1,0.9999969,1
18796,0,0,0.10530251,1
18797,0,1,0.5292026,0
18798,0,1,0.4400782,0
18799,1,1,0.5687153,1
18800,0,0,0.10411242,1
18801,1,1,0.99999654,1
18802,0,0,0.17342815,1
18803,0,1,0.3645796,0
18804,0,1,0.9995635,0
18805,1,1,0.56235677,1
18806,0,0,0.084341794,1
18807,1,1,1.0,1
18808,0,1,0.9729595,0
18809,0,0,0.05781161,1
18810,1,0,0.18053968,0
18811,0,1,0.9995054,0
18812,1,1,0.39379293,1
18813,0,0,0.043854564,1
18814,1,0,0.033054754,0
18815,1,1,0.9999999,1
18816,0,0,0.32231262,1
18817,1,1,0.5222631,1
18818,0,0,0.22592856,1
18819,1,1,0.99871314,1
18820,0,0,0.3218329,1
18821,1,1,0.99999964,1
18822,1,1,0.82147413,1
18823,1,0,0.050564528,0
18824,0,0,0.009727272,1
18825,1,1,0.99968624,1
18826,0,1,0.83031917,0
18827,1,1,0.8162599,1
18828,1,1,1.0,1
18829,0,0,0.0021489493,1
18830,0,1,0.9432431,0
18831,0,1,0.9974934,0
18832,0,0,0.12315456,1
18833,1,1,0.98667485,1
18834,1,1,0.54607254,1
18835,0,1,0.77466863,0
18836,0,0,0.2165081,1
18837,0,1,0.99415743,0
18838,1,1,0.99990654,1
18839,0,1,0.9999839,0
18840,1,1,0.5548926,1
18841,0,0,0.012845958,1
18842,0,1,0.9933589,0
18843,0,0,0.010818448,1
18844,0,0,0.20386599,1
18845,0,0,0.010673115,1
18846,1,1,0.388444,1
18847,1,1,0.99495924,1
18848,1,1,0.8580062,1
18849,1,1,1.0,1
18850,1,0,0.053009767,0
18851,1,1,1.0,1
18852,1,1,0.99999917,1
18853,1,1,1.0,1
18854,1,1,1.0,1
18855,0,0,0.09696201,1
18856,1,1,0.99999964,1
18857,1,1,0.9999999,1
18858,0,1,0.9969722,0
18859,0,0,0.037573304,1
18860,1,1,0.8174288,1
18861,0,1,0.35253608,0
18862,1,0,0.10212547,0
18863,1,1,0.998835,1
18864,1,0,0.15450352,0
18865,0,1,0.999956,0
18866,1,1,0.99922514,1
18867,0,0,0.04556445,1
18868,0,1,0.99992967,0
18869,0,0,0.04689926,1
18870,0,0,0.000854232,1
18871,1,1,1.0,1
18872,1,1,1.0,1
18873,1,1,0.9997749,1
18874,1,1,1.0,1
18875,1,1,1.0,1
18876,1,0,0.004416556,0
18877,1,1,0.82460326,1
18878,1,0,0.10511863,0
18879,1,1,0.9999641,1
18880,0,1,0.99970406,0
18881,0,0,0.25441635,1
18882,0,1,0.7546439,0
18883,0,1,0.98953116,0
18884,0,0,0.13620575,1
18885,0,1,0.5368593,0
18886,1,0,0.2500877,0
18887,1,1,0.56103444,1
18888,1,1,0.99953544,1
18889,1,0,0.3029579,0
18890,1,0,0.053353984,0
18891,0,0,0.046855625,1
18892,1,1,0.99998116,1
18893,0,0,0.08014123,1
18894,0,1,1.0,0
18895,0,1,0.97877365,0
18896,1,0,0.08532742,0
18897,0,1,0.68124986,0
18898,1,0,0.27542198,0
18899,0,1,0.9999912,0
18900,1,0,0.05505607,0
18901,0,0,0.2952299,1
18902,1,1,0.9999993,1
18903,1,1,0.9890131,1
18904,0,1,0.9997998,0
18905,0,1,0.55874836,0
18906,1,0,0.15463115,0
18907,0,1,0.9996252,0
18908,1,1,0.9999999,1
18909,1,1,0.7895584,1
18910,0,0,0.06506812,1
18911,1,1,0.8715842,1
18912,1,1,0.99987996,1
18913,0,0,0.055926174,1
18914,1,1,0.9999826,1
18915,1,1,0.9996947,1
18916,1,0,0.22927627,0
18917,1,1,0.9955576,1
18918,1,1,0.9993135,1
18919,0,0,0.12210386,1
18920,1,1,0.94886994,1
18921,0,0,0.091301054,1
18922,0,0,0.1732882,1
18923,1,1,0.98815376,1
18924,0,0,0.098512106,1
18925,1,1,1.0,1
18926,0,1,0.7620701,0
18927,1,1,0.9999968,1
18928,1,1,0.9999987,1
18929,0,1,0.9864938,0
18930,1,1,1.0,1
18931,1,1,0.99999905,1
18932,1,1,1.0,1
18933,0,1,0.9996953,0
18934,1,1,0.9999957,1
18935,1,1,0.9961681,1
18936,0,0,0.14860235,1
18937,1,1,0.98866826,1
18938,0,0,0.06602512,1
18939,0,0,0.024191484,1
18940,0,1,0.5221413,0
18941,0,0,0.091220066,1
18942,1,0,0.13747455,0
18943,0,1,0.8733229,0
18944,0,0,0.23458193,1
18945,1,1,0.9999995,1
18946,0,1,0.38029855,0
18947,1,0,0.28686795,0
18948,0,0,0.10302444,1
18949,1,1,0.6076632,1
18950,0,1,0.943919,0
18951,0,0,0.28066567,1
18952,1,0,0.28711778,0
18953,1,1,0.99999964,1
18954,1,0,0.079638734,0
18955,1,0,0.12984344,0
18956,0,0,0.06822642,1
18957,0,1,0.99877924,0
18958,0,0,0.014928337,1
18959,1,1,0.6838947,1
18960,0,0,0.052814018,1
18961,1,0,0.11910043,0
18962,0,1,0.99866724,0
18963,1,1,1.0,1
18964,0,0,0.32471702,1
18965,1,1,0.99971706,1
18966,1,1,0.99984586,1
18967,1,1,0.99999976,1
18968,0,1,0.63199186,0
18969,0,1,0.85034436,0
18970,1,1,1.0,1
18971,1,0,0.109324835,0
18972,1,1,1.0,1
18973,0,0,0.20641372,1
18974,1,1,0.57684,1
18975,1,1,0.9991491,1
18976,0,1,0.9999882,0
18977,0,0,0.08834723,1
18978,1,0,0.040049795,0
18979,0,1,0.97494066,0
18980,1,1,0.9999999,1
18981,0,1,0.44987595,0
18982,1,1,1.0,1
18983,1,1,0.9980083,1
18984,0,0,0.014172365,1
18985,0,0,0.06325052,1
18986,0,1,0.5378911,0
18987,0,0,0.10008423,1
18988,1,1,1.0,1
18989,0,0,0.065545,1
18990,1,1,0.8565725,1
18991,0,1,0.97009856,0
18992,0,1,0.36596638,0
18993,0,1,0.52999324,0
18994,0,1,0.98623115,0
18995,0,1,0.9959927,0
18996,1,1,0.9999107,1
18997,1,0,0.1490353,0
18998,1,1,0.77295935,1
18999,1,1,0.8901988,1
19000,0,1,0.97009856,0
19001,1,1,0.97726256,1
19002,1,1,0.99999774,1
19003,1,0,0.15947905,0
19004,1,1,0.9970305,1
19005,1,1,0.99983776,1
19006,1,1,1.0,1
19007,1,1,0.36170003,1
19008,0,0,0.066751465,1
19009,1,1,0.99997365,1
19010,0,0,0.06019705,1
19011,0,1,0.69206995,0
19012,0,0,0.17490298,1
19013,0,1,0.5437719,0
19014,0,0,0.17809658,1
19015,0,1,0.99988544,0
19016,1,1,0.8687154,1
19017,0,0,0.22388572,1
19018,0,1,0.72579443,0
19019,0,1,0.7192358,0
19020,0,0,0.098512106,1
19021,1,1,0.558327,1
19022,0,0,0.030502051,1
19023,0,1,0.42515767,0
19024,0,0,0.07913913,1
19025,1,1,0.9995819,1
19026,1,0,0.006180981,0
19027,1,1,0.8533026,1
19028,0,1,0.9918595,0
19029,0,0,0.22558717,1
19030,1,1,1.0,1
19031,0,1,0.7937462,0
19032,0,1,0.8813088,0
19033,1,1,0.9960699,1
19034,1,1,0.9999994,1
19035,0,1,0.98975134,0
19036,0,1,0.92007446,0
19037,1,1,1.0,1
19038,1,1,0.9999999,1
19039,0,0,0.160069,1
19040,0,0,0.17645861,1
19041,1,1,0.48541674,1
19042,0,1,0.98715407,0
19043,1,1,0.9860443,1
19044,1,1,0.82768893,1
19045,1,1,0.99999416,1
19046,1,1,0.7881759,1
19047,1,1,0.9781563,1
19048,0,1,0.999864,0
19049,1,0,0.14116298,0
19050,1,1,0.99958676,1
19051,0,1,0.3996359,0
19052,0,0,0.19027226,1
19053,0,1,0.63414687,0
19054,1,1,0.36330798,1
19055,0,0,0.025154885,1
19056,0,1,0.39364722,0
19057,1,0,0.32028955,0
19058,0,0,0.20633379,1
19059,1,1,0.9920157,1
19060,1,1,1.0,1
19061,1,0,0.0111580305,0
19062,1,1,0.71716046,1
19063,1,1,0.9676251,1
19064,0,1,0.9999975,0
19065,0,0,0.011093566,1
19066,1,1,0.99999833,1
19067,1,1,0.9394706,1
19068,1,1,1.0,1
19069,0,0,0.053304683,1
19070,1,1,1.0,1
19071,0,1,0.9999993,0
19072,1,1,0.9999999,1
19073,1,1,0.9925827,1
19074,0,0,0.06255973,1
19075,1,1,0.99529994,1
19076,1,0,0.047205772,0
19077,0,0,0.04556445,1
19078,1,1,1.0,1
19079,1,1,0.89460546,1
19080,0,0,0.20609397,1
19081,0,1,0.99306935,0
19082,0,1,0.99999964,0
19083,1,1,0.99961025,1
19084,1,1,0.98768765,1
19085,1,0,0.20545557,0
19086,1,1,0.4006321,1
19087,1,1,0.99999917,1
19088,1,1,0.99999964,1
19089,1,1,0.9999981,1
19090,1,0,0.16783156,0
19091,0,1,0.9907856,0
19092,1,1,1.0,1
19093,1,1,0.99857855,1
19094,0,0,0.16933718,1
19095,0,1,0.9999995,0
19096,0,1,0.98866826,0
19097,0,0,0.15495054,1
19098,1,1,1.0,1
19099,0,1,0.94192183,0
19100,0,1,0.73777264,0
19101,1,1,0.9999945,1
19102,1,1,0.9918595,1
19103,1,1,0.9486801,1
19104,1,0,0.11951087,0
19105,1,1,0.99557483,1
19106,1,1,0.6131787,1
19107,0,1,0.93033177,0
19108,0,0,0.23405632,1
19109,0,1,0.94018847,0
19110,1,1,0.99995494,1
19111,0,0,0.09679113,1
19112,1,0,0.16647205,0
19113,1,1,0.9376119,1
19114,1,0,0.270095,0
19115,1,1,0.99995756,1
19116,0,1,0.4159957,0
19117,1,1,1.0,1
19118,0,0,0.28323585,1
19119,1,1,0.9942363,1
19120,1,1,0.46948987,1
19121,1,1,0.36596638,1
19122,0,1,0.5675771,0
19123,0,1,0.9690618,0
19124,0,0,0.21255875,1
19125,0,1,0.9994735,0
19126,0,0,0.019889742,1
19127,1,1,0.9451974,1
19128,1,1,0.99517965,1
19129,1,1,0.99999857,1
19130,1,1,0.999998,1
19131,0,0,0.08525123,1
19132,0,1,0.99980134,0
19133,0,0,0.34345183,1
19134,1,1,0.99999976,1
19135,0,1,0.99970055,0
19136,0,1,0.8080672,0
19137,1,1,0.9747971,1
19138,1,1,0.82233185,1
19139,1,1,0.93749756,1
19140,1,1,0.9999722,1
19141,0,1,0.7502784,0
19142,1,0,0.051558185,0
19143,0,0,0.08064662,1
19144,1,1,0.99992335,1
19145,1,1,0.99351174,1
19146,1,1,0.9949397,1
19147,0,1,0.5202526,0
19148,0,0,0.02317551,1
19149,1,1,0.99984884,1
19150,0,0,0.022911692,1
19151,0,0,0.32364723,1
19152,1,1,1.0,1
19153,1,0,0.24707794,0
19154,1,1,1.0,1
19155,1,1,0.713182,1
19156,1,1,0.99242276,1
19157,0,0,0.09799298,1
19158,0,0,0.039527465,1
19159,1,0,0.092196204,0
19160,1,1,0.99966,1
19161,1,1,0.9999665,1
19162,0,0,0.09990845,1
19163,1,1,0.926237,1
19164,1,0,0.06687324,0
19165,1,0,0.07094482,0
19166,1,1,0.9999869,1
19167,1,1,0.9791357,1
19168,1,1,1.0,1
19169,1,0,0.0033439077,0
19170,0,0,0.035712164,1
19171,0,0,0.33020115,1
19172,0,1,0.9952632,0
19173,1,1,1.0,1
19174,0,1,0.94122344,0
19175,0,0,0.14414886,1
19176,0,0,0.088820286,1
19177,1,1,0.7599387,1
19178,0,1,0.9999902,0
19179,1,0,0.33671263,0
19180,1,1,0.9999471,1
19181,1,1,0.96411926,1
19182,1,0,0.10922978,0
19183,1,1,0.99999154,1
19184,1,1,0.5966095,1
19185,0,0,0.07376295,1
19186,1,1,0.99936754,1
19187,1,0,0.26588044,0
19188,0,1,0.9992446,0
19189,1,1,0.9695268,1
19190,0,1,0.9773492,0
19191,0,1,0.8988553,0
19192,0,1,0.99903023,0
19193,1,1,0.5866413,1
19194,1,1,0.7318259,1
19195,1,1,0.9998005,1
19196,1,1,0.83318895,1
19197,0,1,0.9759235,0
19198,1,1,0.91796696,1
19199,1,1,1.0,1
19200,1,0,0.050097767,0
19201,1,0,0.04822634,0
19202,0,0,0.048721813,1
19203,1,1,1.0,1
19204,1,1,0.999997,1
19205,1,1,0.99341017,1
19206,0,0,0.11348131,1
19207,1,1,0.84872156,1
19208,0,0,0.01778039,1
19209,1,1,0.99816847,1
19210,0,0,0.02578508,1
19211,0,0,0.24377744,1
19212,1,1,0.8884688,1
19213,1,1,1.0,1
19214,0,0,0.10613344,1
19215,1,1,0.8831352,1
19216,1,1,1.0,1
19217,0,1,0.9589625,0
19218,0,0,0.004093958,1
19219,1,1,0.9999976,1
19220,1,0,0.23431903,0
19221,0,0,0.050846573,1
19222,0,0,0.26759952,1
19223,0,0,0.10194652,1
19224,1,1,0.99995756,1
19225,0,0,0.03102618,1
19226,0,0,0.09782047,1
19227,1,1,0.9727014,1
19228,1,1,0.73411953,1
19229,0,1,1.0,0
19230,1,1,1.0,1
19231,1,1,0.9994568,1
19232,1,0,0.16954333,0
19233,0,0,0.055668924,1
19234,0,0,0.16411416,1
19235,0,1,0.89724606,0
19236,0,0,0.056704637,1
19237,0,0,0.0871745,1
19238,0,0,0.24626137,1
19239,0,0,0.06365676,1
19240,1,0,0.07716922,0
19241,0,1,0.9999993,0
19242,0,0,0.23265864,1
19243,1,1,0.70543,1
19244,0,0,0.0818861,1
19245,0,1,0.5707501,0
19246,0,1,0.9999831,0
19247,1,1,0.9878528,1
19248,1,0,0.11853807,0
19249,0,0,0.303061,1
19250,1,0,0.09252366,0
19251,0,1,0.9999931,0
19252,1,1,0.97708833,1
19253,0,1,0.50427234,0
19254,1,1,0.6493007,1
19255,1,1,0.99932146,1
19256,1,0,0.1588256,0
19257,0,1,0.66066515,0
19258,0,1,0.57600546,0
19259,1,1,1.0,1
19260,1,1,0.9843364,1
19261,0,0,0.055823144,1
19262,1,1,0.9989759,1
19263,1,1,0.9640178,1
19264,1,1,0.9860443,1
19265,0,1,0.9999696,0
19266,1,1,1.0,1
19267,0,0,0.23458193,1
19268,0,0,0.039011665,1
19269,1,1,0.9980083,1
19270,1,1,0.9999995,1
19271,1,1,0.9959771,1
19272,0,1,0.92643696,0
19273,0,1,0.8197491,0
19274,0,0,0.15649123,1
19275,0,1,0.67249304,0
19276,0,1,0.5901298,0
19277,1,0,0.22126654,0
19278,1,0,0.10539455,0
19279,0,1,0.68336666,0
19280,1,0,0.069604956,0
19281,0,0,0.2629364,1
19282,0,1,0.99995804,0
19283,0,1,0.99992836,0
19284,1,1,0.9999999,1
19285,0,0,0.28323585,1
19286,0,1,0.5312094,0
19287,1,0,0.2163425,0
19288,1,1,0.9961306,1
19289,1,1,0.9999994,1
19290,1,1,0.98739934,1
19291,0,0,0.25160173,1
19292,1,0,0.14139993,0
19293,0,0,0.00640073,1
19294,0,1,0.6572635,0
19295,1,0,0.024353383,0
19296,1,1,1.0,1
19297,0,1,1.0,0
19298,1,1,1.0,1
19299,0,0,0.11027936,1
19300,1,1,0.99999976,1
19301,0,1,0.7238466,0
19302,0,0,0.21917033,1
19303,0,0,0.114072114,1
19304,0,1,0.9828892,0
19305,1,1,0.9999671,1
19306,1,1,0.9462003,1
19307,0,0,0.24238493,1
19308,1,1,0.992725,1
19309,0,0,0.2434625,1
19310,0,0,0.04556445,1
19311,0,0,0.30808613,1
19312,0,1,0.46733177,0
19313,1,0,0.008511303,0
19314,1,1,0.501709,1
19315,1,1,0.96309197,1
19316,1,1,0.9998184,1
19317,1,0,0.12962292,0
19318,0,1,0.9361684,0
19319,1,1,1.0,1
19320,0,1,0.36593804,0
19321,1,1,0.9999989,1
19322,0,1,0.45531967,0
19323,1,1,0.6693667,1
19324,0,1,0.98801583,0
19325,0,0,0.010368156,1
19326,0,0,0.13764834,1
19327,1,1,0.9999212,1
19328,0,1,0.47807193,0
19329,0,1,0.99396133,0
19330,0,1,0.35231322,0
19331,0,0,0.30699432,1
19332,0,0,0.029929746,1
19333,0,0,0.1468197,1
19334,1,1,0.9777776,1
19335,1,1,1.0,1
19336,1,1,0.9777776,1
19337,1,1,0.99999106,1
19338,1,1,0.999723,1
19339,0,0,0.03652812,1
19340,1,1,0.99803144,1
19341,1,1,0.99419135,1
19342,0,0,0.33584076,1
19343,0,1,0.9994407,0
19344,1,1,0.8233284,1
19345,1,1,1.0,1
19346,0,1,0.67763406,0
19347,0,0,0.13449147,1
19348,0,1,0.7037022,0
19349,0,0,0.31859115,1
19350,1,0,0.05948283,0
19351,1,1,0.4923102,1
19352,1,1,0.9520419,1
19353,1,1,0.95803016,1
19354,1,1,0.89077026,1
19355,1,1,0.99997056,1
19356,0,0,0.056392044,1
19357,1,0,0.01161977,0
19358,0,0,0.04111437,1
19359,0,0,0.06773144,1
19360,1,1,0.4288911,1
19361,1,1,0.79390603,1
19362,1,1,0.9999889,1
19363,1,1,0.9999995,1
19364,0,0,0.018996228,1
19365,0,1,0.40092528,0
19366,1,0,0.25870037,0
19367,1,1,0.6846331,1
19368,1,0,0.04185214,0
19369,0,1,0.84208554,0
19370,1,1,0.99952066,1
19371,1,1,0.38300645,1
19372,0,1,0.99942076,0
19373,1,1,0.93874466,1
19374,0,1,0.90894175,0
19375,1,0,0.13945496,0
19376,1,1,0.9993228,1
19377,1,1,0.9998863,1
19378,1,1,0.7036004,1
19379,1,1,0.9999976,1
19380,1,1,0.7989722,1
19381,1,0,0.036117923,0
19382,0,0,0.17210227,1
19383,0,1,0.9998141,0
19384,1,0,0.17384852,0
19385,1,0,0.1444503,0
19386,1,1,0.99999976,1
19387,1,1,0.8009257,1
19388,0,0,0.122838534,1
19389,1,1,0.6270952,1
19390,1,1,0.96538115,1
19391,0,1,0.9895716,0
19392,0,0,0.068537496,1
19393,1,1,0.9999821,1
19394,0,1,0.9971439,0
19395,1,1,0.9974491,1
19396,1,1,0.99698395,1
19397,0,0,0.05577169,1
19398,1,0,0.0794957,0
19399,0,0,0.059047263,1
19400,1,1,1.0,1
19401,0,1,0.80837,0
19402,1,1,0.9999951,1
19403,1,1,0.99983454,1
19404,1,0,0.10356715,0
19405,1,0,0.1522842,0
19406,1,1,0.99994504,1
19407,1,1,0.9999994,1
19408,1,1,1.0,1
19409,0,1,0.99582565,0
19410,1,0,0.32215267,0
19411,0,0,0.04590542,1
19412,0,0,0.07290027,1
19413,0,1,0.7973991,0
19414,1,1,1.0,1
19415,1,1,1.0,1
19416,1,0,0.21068507,0
19417,0,0,0.34847882,1
19418,1,0,0.2741084,0
19419,1,1,1.0,1
19420,1,0,0.13420753,0
19421,0,1,0.4082178,0
19422,1,1,1.0,1
19423,1,0,0.04111437,0
19424,1,1,0.999539,1
19425,1,0,0.11471518,0
19426,1,1,0.9999993,1
19427,1,1,1.0,1
19428,0,0,0.045521997,1
19429,0,0,0.01858215,1
19430,1,1,0.9996352,1
19431,1,1,1.0,1
19432,1,1,0.8853344,1
19433,0,1,0.96323055,0
19434,0,1,0.92241246,0
19435,1,0,0.22807053,0
19436,1,1,0.98677725,1
19437,0,1,0.99999225,0
19438,1,1,0.9999999,1
19439,1,1,0.98651993,1
19440,1,1,0.99550545,1
19441,1,1,0.54601204,1
19442,0,0,0.20914644,1
19443,0,0,0.1627789,1
19444,1,1,0.6025294,1
19445,1,0,0.051462766,0
19446,0,1,0.99564314,0
19447,1,1,0.9989956,1
19448,1,0,0.2177531,0
19449,1,1,0.99999785,1
19450,0,0,0.02892572,1
19451,0,0,0.0019380355,1
19452,1,1,0.99650973,1
19453,0,0,0.0808641,1
19454,1,1,0.6282364,1
19455,0,1,0.99995494,0
19456,0,1,0.99936,0
19457,1,1,0.9990396,1
19458,0,0,0.2641685,1
19459,1,1,0.9706599,1
19460,1,1,1.0,1
19461,0,0,0.071332,1
19462,0,1,0.7550956,0
19463,1,0,0.014475689,0
19464,0,0,0.0815929,1
19465,1,1,0.69134104,1
19466,0,0,0.110855594,1
19467,1,0,0.04747001,0
19468,1,1,1.0,1
19469,0,0,0.021698095,1
19470,0,1,0.66285104,0
19471,1,1,0.9999727,1
19472,1,1,0.9999944,1
19473,0,1,0.80348235,0
19474,0,0,0.054954547,1
19475,1,1,0.9999999,1
19476,1,1,0.9999094,1
19477,1,1,0.47104073,1
19478,1,1,0.8891444,1
19479,1,1,0.72744334,1
19480,1,1,0.9670076,1
19481,1,1,0.840259,1
19482,0,1,0.78249633,0
19483,0,0,0.01243165,1
19484,1,1,0.6410292,1
19485,0,1,0.9999101,0
19486,1,1,0.9421352,1
19487,0,1,0.9999734,0
19488,0,0,0.24220563,1
19489,1,1,0.99888617,1
19490,0,1,0.7195314,0
19491,1,1,0.99986017,1
19492,0,0,0.04468087,1
19493,0,1,0.6486333,0
19494,1,1,0.99999845,1
19495,0,1,0.44513756,0
19496,1,1,1.0,1
19497,1,0,0.30089962,0
19498,0,1,0.9974788,0
19499,1,1,1.0,1
19500,1,1,0.99999976,1
19501,0,0,0.2977251,1
19502,1,1,0.9534921,1
19503,0,1,0.3600389,0
19504,1,1,0.99999714,1
19505,1,1,1.0,1
19506,1,1,1.0,1
19507,1,0,0.067546695,0
19508,1,1,0.9999461,1
19509,0,1,0.6717398,0
19510,1,1,0.66698503,1
19511,1,1,0.9601001,1
19512,0,0,0.09955772,1
19513,0,1,1.0,0
19514,1,1,0.4251278,1
19515,0,1,0.8005361,0
19516,1,1,0.79198205,1
19517,1,0,0.035982177,0
19518,0,1,0.99850756,0
19519,1,1,0.99986124,1
19520,0,1,0.63062805,0
19521,0,0,0.07921033,1
19522,1,0,0.038683496,0
19523,0,0,0.08232769,1
19524,0,0,0.011115014,1
19525,1,1,1.0,1
19526,0,1,0.97142875,0
19527,0,0,0.077447854,1
19528,1,0,0.037963696,0
19529,1,1,0.45695496,1
19530,1,1,0.98574555,1
19531,0,1,0.5114726,0
19532,0,1,1.0,0
19533,1,1,0.9234544,1
19534,0,0,0.34936625,1
19535,1,1,0.8136089,1
19536,1,1,0.99998367,1
19537,0,1,0.9964412,0
19538,1,1,0.40230405,1
19539,1,1,0.9924666,1
19540,1,1,0.3888791,1
19541,0,1,0.8892406,0
19542,1,1,0.84208554,1
19543,0,1,0.38647398,0
19544,1,1,1.0,1
19545,0,0,0.04340633,1
19546,0,0,0.09492911,1
19547,0,1,0.9971328,0
19548,1,1,0.999992,1
19549,0,1,1.0,0
19550,0,0,0.05728198,1
19551,0,0,0.015424551,1
19552,1,0,0.17002513,0
19553,0,0,0.20362833,1
19554,0,0,0.014700298,1
19555,0,0,0.11511248,1
19556,1,1,0.99990165,1
19557,0,0,0.08756384,1
19558,1,1,1.0,1
19559,1,0,0.03893851,0
19560,1,0,0.12586902,0
19561,1,1,0.99371004,1
19562,1,1,0.9998141,1
19563,0,1,0.4317339,0
19564,1,0,0.2211824,0
19565,0,0,0.09509706,1
19566,0,0,0.32885265,1
19567,1,1,0.70856565,1
19568,1,1,1.0,1
19569,0,1,0.9996424,0
19570,1,1,1.0,1
19571,0,1,0.4519009,0
19572,0,0,0.008694533,1
19573,1,1,0.8177201,1
19574,1,1,0.9701552,1
19575,1,1,1.0,1
19576,1,0,0.048181534,0
19577,1,1,0.99966335,1
19578,0,0,0.08601587,1
19579,0,1,0.3560547,0
19580,0,1,0.999708,0
19581,1,1,0.9994536,1
19582,0,0,0.29320207,1
19583,0,1,0.76489156,0
19584,0,1,0.64450485,0
19585,1,0,0.0068504806,0
19586,1,1,0.9999999,1
19587,1,0,0.06650853,0
19588,0,0,0.055720285,1
19589,0,0,0.07510853,1
19590,0,1,0.9050709,0
19591,1,0,0.16940589,0
19592,1,1,0.99637127,1
19593,1,1,0.9999856,1
19594,1,1,0.9992372,1
19595,0,1,0.99986017,0
19596,1,1,0.99951875,1
19597,0,0,0.043936532,1
19598,0,0,0.3033705,1
19599,1,1,0.9998097,1
19600,0,1,0.9998253,0
19601,0,1,0.99988127,0
19602,1,1,0.9255671,1
19603,1,1,1.0,1
19604,1,1,0.9784877,1
19605,0,1,0.6615403,0
19606,1,1,0.9999924,1
19607,0,1,0.8882751,0
19608,0,0,0.051272422,1
19609,1,1,0.5345518,1
19610,1,1,1.0,1
19611,1,1,1.0,1
19612,1,0,0.037644,0
19613,1,1,0.9003547,1
19614,1,1,0.6909241,1
19615,1,1,0.9739189,1
19616,0,0,0.122891165,1
19617,1,1,0.9997893,1
19618,0,0,0.11279541,1
19619,1,1,1.0,1
19620,1,1,0.36189735,1
19621,1,1,0.7201223,1
19622,0,0,0.08609269,1
19623,0,1,0.95159405,0
19624,0,0,0.13375428,1
19625,1,1,0.76951355,1
19626,0,1,0.83788544,0
19627,1,1,0.9999994,1
19628,0,0,0.18535665,1
19629,1,1,0.52755994,1
19630,1,1,1.0,1
19631,0,0,0.068599865,1
19632,0,1,0.99999964,0
19633,1,1,0.99193794,1
19634,1,1,0.99999464,1
19635,0,0,0.050190784,1
19636,1,0,0.27144477,0
19637,1,1,0.9280836,1
19638,1,1,0.99866986,1
19639,1,1,1.0,1
19640,0,0,0.1886227,1
19641,0,0,0.053601146,1
19642,1,1,0.37239107,1
19643,0,1,0.6980722,0
19644,1,1,0.8962514,1
19645,0,0,0.14027737,1
19646,1,1,1.0,1
19647,1,1,1.0,1
19648,1,1,0.8865187,1
19649,0,1,0.9969066,0
19650,1,1,0.50903225,1
19651,1,1,1.0,1
19652,1,1,0.98403233,1
19653,0,0,0.036254164,1
19654,0,0,0.2695178,1
19655,0,0,0.07524433,1
19656,0,0,0.03393996,1
19657,0,1,0.99999857,0
19658,1,1,0.45531967,1
19659,0,0,0.094176665,1
19660,0,0,0.14187485,1
19661,0,0,0.07349652,1
19662,1,0,0.24238493,0
19663,0,1,0.45199162,0
19664,1,1,0.9889705,1
19665,0,0,0.1304515,1
19666,0,1,0.8700462,0
19667,0,1,0.3648907,0
19668,0,1,0.9868787,0
19669,1,0,0.049085185,0
19670,1,1,0.99998856,1
19671,0,1,0.99010193,0
19672,0,0,0.23379381,1
19673,0,0,0.17895591,1
19674,1,1,0.4285323,1
19675,1,1,1.0,1
19676,0,0,0.11762279,1
19677,1,0,0.08929564,0
19678,1,1,1.0,1
19679,0,0,0.07043161,1
19680,0,1,0.67986983,0
19681,1,1,1.0,1
19682,1,1,0.68768245,1
19683,0,1,0.9999981,0
19684,0,0,0.14535783,1
19685,0,0,0.11691517,1
19686,1,1,0.9999825,1
19687,0,0,0.063714996,1
19688,1,1,0.99998975,1
19689,1,1,1.0,1
19690,1,0,0.11080748,0
19691,1,1,0.52822924,1
19692,0,0,0.18184364,1
19693,0,1,0.9999988,0
19694,1,1,0.9999999,1
19695,1,1,1.0,1
19696,0,1,0.9999999,0
19697,0,0,0.030530943,1
19698,1,0,0.08166611,0
19699,0,1,0.5932558,0
19700,0,1,0.6065567,0
19701,0,1,0.7433543,0
19702,1,1,0.99999726,1
19703,0,1,0.8853344,0
19704,1,1,0.97828114,1
19705,1,1,0.99293363,1
19706,1,1,1.0,1
19707,0,0,0.0027202787,1
19708,1,1,0.9287327,1
19709,1,1,0.9999981,1
19710,1,1,0.99832886,1
19711,0,1,0.99453074,0
19712,0,0,0.07899691,1
19713,1,1,0.43476126,1
19714,1,0,0.13863662,0
19715,0,1,0.43347177,0
19716,0,0,0.11666332,1
19717,0,1,0.9971048,0
19718,0,0,0.094426885,1
19719,0,1,0.9984176,0
19720,1,1,0.99991417,1
19721,0,0,0.034456022,1
19722,1,1,0.99998415,1
19723,1,1,0.99765414,1
19724,0,1,0.98527133,0
19725,0,1,0.9573974,0
19726,1,1,1.0,1
19727,1,1,0.97376966,1
19728,0,0,0.03537739,1
19729,1,1,0.9989329,1
19730,1,0,0.15804437,0
19731,0,1,0.86293024,0
19732,0,0,0.019549947,1
19733,1,1,0.98184055,1
19734,0,1,0.9400786,0
19735,0,0,0.060086653,1
19736,0,0,0.111627996,1
19737,0,1,0.35650268,0
19738,0,1,0.99802387,0
19739,1,1,0.9986802,1
19740,0,1,0.3740473,0
19741,1,0,0.010489091,0
19742,1,1,0.99318933,1
19743,1,1,0.9973322,1
19744,0,1,0.53461254,0
19745,0,0,0.12629946,1
19746,0,0,0.06506812,1
19747,0,1,0.934813,0
19748,0,1,0.62240195,0
19749,1,1,1.0,1
19750,0,1,0.9789554,0
19751,1,1,0.8008478,1
19752,1,1,0.9702681,1
19753,1,0,0.03989989,0
19754,1,1,0.9989141,1
19755,1,1,0.9999999,1
19756,0,0,0.044597577,1
19757,1,1,1.0,1
19758,1,1,0.9999467,1
19759,1,1,1.0,1
19760,1,1,0.99999976,1
19761,0,1,0.9756467,0
19762,0,1,0.7057343,0
19763,0,1,1.0,0
19764,1,1,0.99014014,1
19765,1,1,0.7234072,1
19766,1,1,0.8748277,1
19767,1,1,0.9999993,1
19768,0,0,0.080574244,1
19769,0,1,0.98089427,0
19770,0,0,0.30523115,1
19771,0,0,0.08269734,1
19772,1,1,1.0,1
19773,0,1,0.5256732,0
19774,0,1,0.99959,0
19775,1,1,0.79842263,1
19776,1,1,0.9999684,1
19777,0,1,0.9779888,0
19778,0,0,0.27659285,1
19779,0,0,0.23757595,1
19780,0,0,0.06947859,1
19781,1,1,0.9538373,1
19782,0,1,0.99165195,0
19783,0,0,0.32971537,1
19784,0,1,0.51519305,0
19785,1,0,0.286269,0
19786,0,1,0.41078582,0
19787,0,0,0.24131057,1
19788,0,1,0.5245164,0
19789,1,1,1.0,1
19790,1,0,0.065904796,0
19791,0,1,0.59472775,0
19792,1,1,0.9986749,1
19793,1,0,0.093760945,0
19794,1,1,0.9999789,1
19795,0,0,0.23239724,1
19796,0,1,0.42865187,0
19797,0,0,0.010693759,1
19798,1,1,0.7443777,1
19799,1,1,0.6623052,1
19800,1,1,0.99980897,1
19801,0,0,0.15713686,1
19802,1,1,0.9998579,1
19803,1,1,0.9999691,1
19804,0,1,0.9999988,0
19805,1,0,0.07165614,0
19806,1,1,1.0,1
19807,1,0,0.076683804,0
19808,1,1,0.9623913,1
19809,1,1,0.7105781,1
19810,0,0,0.01200735,1
19811,1,1,1.0,1
19812,1,1,0.7812472,1
19813,0,0,0.10475175,1
19814,0,1,0.5226286,0
19815,0,1,0.9960083,0
19816,1,0,0.21003625,0
19817,1,0,0.20673384,0
19818,1,1,0.98507166,1
19819,1,0,0.03711691,0
19820,0,0,0.07885492,1
19821,1,1,0.9999987,1
19822,1,1,0.99592197,1
19823,1,1,0.99595356,1
19824,0,0,0.182717,1
19825,0,0,0.19528697,1
19826,0,0,0.025589554,1
19827,1,1,1.0,1
19828,0,0,0.2913336,1
19829,1,1,1.0,1
19830,1,1,0.9349319,1
19831,1,1,0.95938325,1
19832,1,0,0.15668468,0
19833,1,1,0.99991775,1
19834,1,1,0.99824536,1
19835,0,1,0.7726165,0
19836,1,1,0.9320215,1
19837,0,1,0.99407744,0
19838,0,0,0.04733772,1
19839,0,1,0.7421415,0
19840,1,1,1.0,1
19841,1,1,0.99999976,1
19842,1,1,0.99066,1
19843,0,1,0.97891515,0
19844,0,0,0.12069768,1
19845,0,1,0.93177354,0
19846,0,1,0.99856746,0
19847,0,0,0.059319146,1
19848,0,0,0.054349106,1
19849,1,0,0.20354918,0
19850,1,1,0.99967754,1
19851,1,1,0.9997142,1
19852,1,0,0.029063188,0
19853,1,1,0.4785593,1
19854,1,1,0.99999785,1
19855,1,1,0.67752737,1
19856,1,1,0.4489698,1
19857,0,0,0.14792407,1
19858,0,0,0.10185715,1
19859,1,1,0.9991721,1
19860,0,1,0.9659639,0
19861,0,0,0.23678085,1
19862,1,0,0.2026798,0
19863,0,0,0.22270013,1
19864,1,1,0.9999695,1
19865,0,1,0.9999515,0
19866,1,1,1.0,1
19867,1,1,0.9957848,1
19868,1,0,0.32108733,0
19869,1,1,0.3725908,1
19870,1,1,0.99894744,1
19871,1,1,0.93033177,1
19872,1,0,0.10123348,0
19873,0,0,0.07100922,1
19874,0,0,0.12689333,1
19875,0,1,0.99765414,0
19876,1,1,0.999129,1
19877,0,0,0.07531231,1
19878,1,1,1.0,1
19879,0,0,0.3154723,1
19880,0,1,0.7345482,0
19881,0,1,1.0,0
19882,1,1,1.0,1
19883,0,1,0.99341017,0
19884,1,0,0.22558717,0
19885,0,0,0.004030743,1
19886,0,1,0.99343574,0
19887,0,1,0.99977833,0
19888,1,1,1.0,1
19889,0,1,0.9999857,0
19890,1,1,0.5003052,1
19891,0,0,0.22729777,1
19892,1,1,0.44854704,1
19893,0,0,0.1237887,1
19894,1,1,1.0,1
19895,0,0,0.011938038,1
19896,0,1,0.6458462,0
19897,0,1,0.8802834,0
19898,1,1,0.7743275,1
19899,1,1,0.9994173,1
19900,1,0,0.0009850082,0
19901,1,0,0.24050692,0
19902,0,0,0.033336822,1
19903,0,0,0.26274723,1
19904,0,0,0.04308309,1
19905,0,1,0.8609547,0
19906,1,1,1.0,1
19907,1,1,0.99919754,1
19908,0,1,0.3806726,0
19909,1,1,0.89190525,1
19910,1,1,0.44251603,1
19911,0,1,0.9998859,0
19912,0,1,0.99630713,0
19913,0,1,0.9997273,0
19914,1,1,0.90590656,1
19915,0,0,0.08203305,1
19916,0,0,0.09252366,1
19917,1,1,0.9999274,1
19918,1,1,0.96415305,1
19919,0,0,0.21419789,1
19920,0,0,0.32466352,1
19921,1,1,0.9353465,1
19922,1,1,0.9999435,1
19923,1,1,1.0,1
19924,0,0,0.053304683,1
19925,1,1,0.96378,1
19926,1,1,0.9620006,1
19927,1,1,0.9843664,1
19928,0,0,0.032344334,1
19929,1,1,1.0,1
19930,1,1,0.9999846,1
19931,0,1,0.41078582,0
19932,1,0,0.34411275,0
19933,0,1,0.38124838,0
19934,0,1,0.8898164,0
19935,1,1,0.99951684,1
19936,0,0,0.053601146,1
19937,1,0,0.08570927,0
19938,1,1,0.7142794,1
19939,0,0,0.089216255,1
19940,1,0,0.022846196,0
19941,0,0,0.26218015,1
19942,1,0,0.13106197,0
19943,1,0,0.15987214,0
19944,0,0,0.13822897,1
19945,0,1,0.79438496,0
19946,1,1,1.0,1
19947,0,0,0.3475925,1
19948,1,1,0.9999995,1
19949,1,1,1.0,1
19950,1,1,1.0,1
19951,1,1,0.49313396,1
19952,0,0,0.10753115,1
19953,1,1,0.92617035,1
19954,0,0,0.21816924,1
19955,0,0,0.016215032,1
19956,1,1,0.9996295,1
19957,1,1,0.9999355,1
19958,0,1,0.8340017,0
19959,0,1,0.9858004,0
19960,1,1,0.9513234,1
19961,0,1,0.9250947,0
19962,0,0,0.019014433,1
19963,1,1,0.37602147,1
19964,1,0,0.018653521,0
19965,0,1,0.9740673,0
19966,1,1,0.9999269,1
19967,1,1,0.99990165,1
19968,0,0,0.01566365,1
19969,1,1,0.49444604,1
19970,0,1,0.6870529,0
19971,1,1,0.5228113,1
19972,1,1,0.8961605,1
19973,1,0,0.05937366,0
19974,0,1,0.9026096,0
19975,0,0,0.03750274,1
19976,0,1,0.9999981,0
19977,1,1,0.99999976,1
19978,0,1,0.99999976,0
19979,0,0,0.11397346,1
19980,1,1,0.9999541,1
19981,0,1,0.98469365,0
19982,0,1,0.8026329,0
19983,1,1,0.99770385,1
19984,0,1,0.9070655,0
19985,0,0,0.005129634,1
19986,1,0,0.15539862,0
19987,0,1,0.87578696,0
19988,0,0,0.3063195,1
19989,1,1,1.0,1
19990,1,1,0.9996222,1
19991,1,1,0.86188734,1
19992,0,0,0.16871993,1
19993,1,1,0.9793738,1
19994,1,1,0.9992778,1
19995,1,1,0.8086723,1
19996,1,1,0.99998033,1
19997,1,0,0.049958523,0
19998,1,0,0.03825006,0
19999,1,1,1.0,1
20000,1,1,0.8304567,1
20001,1,0,0.0022650505,0
20002,1,1,0.8264319,1
20003,1,1,0.99985516,1
20004,1,1,0.9999988,1
20005,0,0,0.06052939,1
20006,1,1,1.0,1
20007,1,1,1.0,1
20008,0,0,0.07490528,1
20009,0,0,0.00041487868,1
20010,1,0,0.08108211,0
20011,0,0,0.03327394,1
20012,0,0,0.2680783,1
20013,1,1,0.89778495,1
20014,0,0,0.17140767,1
20015,1,0,0.2600135,0
20016,0,1,0.35504776,0
20017,0,1,0.3736187,0
20018,0,0,0.06935241,1
20019,0,0,0.34870058,1
20020,0,1,0.99999857,0
20021,0,1,0.7546439,0
20022,1,0,0.16204827,0
20023,1,1,0.9999989,1
20024,1,1,0.9978173,1
20025,1,1,0.86165464,1
20026,1,1,0.9992387,1
20027,0,0,0.1509652,1
20028,1,0,0.17023194,0
20029,0,0,0.12495856,1
20030,1,0,0.057599206,0
20031,1,1,0.9992563,1
20032,1,1,1.0,1
20033,0,0,0.3228995,1
20034,1,1,0.99996877,1
20035,1,1,0.49652106,1
20036,1,1,0.9973218,1
20037,1,0,0.09730459,0
20038,0,0,0.3173205,1
20039,1,0,0.33649457,0
20040,1,1,0.9852997,1
20041,1,1,0.7381975,1
20042,0,0,0.13011953,1
20043,1,1,0.99407744,1
20044,0,1,0.8523219,0
20045,1,1,0.9999995,1
20046,0,1,0.6546188,0
20047,0,0,0.1352892,1
20048,1,0,0.020864256,0
20049,0,0,0.17036992,1
20050,0,1,0.80639565,0
20051,1,1,0.999982,1
20052,1,0,0.054600604,0
20053,1,1,0.5684757,1
20054,1,0,0.34114337,0
20055,1,1,0.9999839,1
20056,1,0,0.1939858,0
20057,1,0,0.011597362,0
20058,0,0,0.2660711,1
20059,1,1,0.99999404,1
20060,1,1,0.99999607,1
20061,1,1,1.0,1
20062,1,1,0.9995443,1
20063,1,1,0.99871063,1
20064,0,0,0.086477645,1
20065,1,1,1.0,1
20066,0,0,0.08291986,1
20067,0,0,0.15584776,1
20068,0,1,0.9999995,0
20069,1,1,0.9999987,1
20070,0,1,0.87873113,0
20071,1,1,0.8265718,1
20072,0,1,0.99920374,0
20073,0,0,0.0094125895,1
20074,0,0,0.3489779,1
20075,1,1,0.9999919,1
20076,1,1,0.99998426,1
20077,0,0,0.080719054,1
20078,0,1,0.9999697,0
20079,1,0,0.26635727,0
20080,1,1,0.9993525,1
20081,0,0,0.09825224,1
20082,1,0,0.070623666,0
20083,0,1,0.9998141,0
20084,1,1,1.0,1
20085,0,0,0.06348236,1
20086,0,0,0.027169233,1
20087,1,1,0.9999924,1
20088,0,0,0.26927754,1
20089,0,1,0.9451468,0
20090,0,0,0.060031522,1
20091,0,0,0.046464663,1
20092,1,1,0.9938788,1
20093,1,0,0.28547153,0
20094,0,0,0.09434341,1
20095,0,0,0.00095659646,1
20096,0,1,0.99698395,0
20097,0,1,0.49112034,0
20098,1,1,0.95275027,1
20099,1,1,0.99998796,1
20100,1,0,0.3081382,0
20101,1,0,0.08670936,0
20102,1,1,0.9596487,1
20103,1,0,0.04185214,0
20104,1,1,0.6365226,1
20105,1,1,0.9999769,1
20106,1,1,0.9078855,1
20107,1,1,0.8240375,1
20108,0,0,0.16304526,1
20109,0,1,0.9345745,0
20110,0,1,0.93546456,0
20111,1,1,0.99909604,1
20112,1,1,0.99460465,1
20113,1,1,0.99991107,1
20114,1,1,0.99866986,1
20115,0,1,0.83141696,0
20116,1,1,1.0,1
20117,1,1,0.9968458,1
20118,1,1,0.39312288,1
20119,1,1,0.99751294,1
20120,1,1,0.99806577,1
20121,0,0,0.0053640567,1
20122,1,1,0.88700897,1
20123,1,1,0.99999917,1
20124,0,1,0.9932156,0
20125,1,0,0.11362877,0
20126,1,0,0.19551727,0
20127,0,0,0.15668468,1
20128,0,1,0.69342107,0
20129,1,1,0.9999546,1
20130,1,1,0.999884,1
20131,1,0,0.106597565,0
20132,1,1,1.0,1
20133,1,1,0.9999852,1
20134,1,1,0.92359227,1
20135,0,0,0.2881683,1
20136,0,1,0.9144437,0
20137,1,1,0.9702681,1
20138,1,0,0.06903792,0
20139,1,1,0.7530129,1
20140,1,1,0.9999975,1
20141,0,1,0.9219218,0
20142,1,1,1.0,1
20143,0,0,0.028140754,1
20144,1,1,0.9996686,1
20145,0,0,0.087252244,1
20146,1,1,0.83615357,1
20147,0,1,0.8025555,0
20148,0,1,0.57737625,0
20149,1,1,0.99998903,1
20150,0,1,0.3607705,0
20151,0,1,0.4949953,0
20152,1,0,0.30741,0
20153,1,1,0.8597815,1
20154,1,1,0.99637127,1
20155,1,1,0.97949183,1
20156,0,0,0.010388217,1
20157,1,1,0.99999785,1
20158,0,1,0.5043334,0
20159,0,1,0.7210071,0
20160,0,1,0.9746528,0
20161,1,0,0.17161581,0
20162,0,0,0.116814375,1
20163,1,1,0.99920064,1
20164,1,1,0.9999913,1
20165,1,1,1.0,1
20166,0,0,0.284576,1
20167,0,1,0.6031724,0
20168,1,1,0.9622497,1
20169,1,1,0.99879575,1
20170,0,1,0.99437994,0
20171,1,0,0.012649318,0
20172,1,1,0.9999999,1
20173,0,1,0.950411,0
20174,1,1,0.51604676,1
20175,1,1,0.9999945,1
20176,1,1,1.0,1
20177,1,0,0.2596379,0
20178,0,0,0.027298586,1
20179,1,1,0.99998534,1
20180,1,1,0.73292655,1
20181,1,0,0.29946357,0
20182,0,1,0.8863221,0
20183,0,1,0.99898964,0
20184,0,0,0.0059803296,1
20185,1,1,0.99995244,1
20186,0,0,0.0689125,1
20187,0,0,0.0053640567,1
20188,1,1,0.37702444,1
20189,0,1,0.4901136,0
20190,0,1,0.9946774,0
20191,1,1,0.9999994,1
20192,1,1,0.97212505,1
20193,0,0,0.16211456,1
20194,1,1,0.9993345,1
20195,0,1,0.99381906,0
20196,0,1,0.9996207,0
20197,1,1,0.9997868,1
20198,0,1,0.99984825,0
20199,1,1,0.99996483,1
20200,1,0,0.02138932,0
20201,0,0,0.1969034,1
20202,0,1,0.9991221,0
20203,1,1,0.99961334,1
20204,1,0,0.044639204,0
20205,1,1,0.9948902,1
20206,0,0,0.06424133,1
20207,1,1,1.0,1
20208,0,0,0.09384396,1
20209,0,0,0.011485951,1
20210,0,1,0.9856076,0
20211,1,1,0.6092336,1
20212,1,1,0.9774355,1
20213,0,1,0.98083925,0
20214,0,0,0.22465022,1
20215,0,0,0.21717146,1
20216,0,0,0.045310315,1
20217,0,1,0.9999918,0
20218,1,1,0.99999976,1
20219,0,1,0.9829055,0
20220,1,1,0.9887554,1
20221,0,1,0.4148692,0
20222,1,1,1.0,1
20223,0,1,0.9951609,0
20224,0,0,0.0076807467,1
20225,1,0,0.11556087,0
20226,1,1,0.7893961,1
20227,0,0,0.12940273,1
20228,0,1,0.9992461,0
20229,0,0,0.049405243,1
20230,0,1,0.7592254,0
20231,1,1,0.73753643,1
20232,1,1,1.0,1
20233,0,1,0.55844736,0
20234,1,1,0.9053223,1
20235,1,0,0.059428226,0
20236,1,1,0.99829596,1
20237,0,0,0.18111832,1
20238,1,1,0.9999999,1
20239,1,1,0.99642736,1
20240,1,1,0.99987805,1
20241,1,1,0.86442494,1
20242,1,1,1.0,1
20243,0,0,0.07661468,1
20244,1,1,0.9999964,1
20245,0,1,0.99993813,0
20246,1,1,0.9999987,1
20247,1,0,0.105210535,0
20248,1,1,0.99999976,1
20249,0,0,0.17168525,1
20250,1,1,0.5368593,1
20251,0,1,0.7252596,0
20252,0,1,0.97587764,0
20253,1,1,0.69269395,1
20254,0,1,0.43800378,0
20255,1,1,1.0,1
20256,0,0,0.06412401,1
20257,1,1,1.0,1
20258,1,1,1.0,1
20259,0,0,0.121112876,1
20260,0,0,0.15559098,1
20261,0,0,0.06717857,1
20262,1,1,0.9999999,1
20263,1,1,0.99999154,1
20264,1,1,1.0,1
20265,0,0,0.057387535,1
20266,1,1,1.0,1
20267,1,1,0.99998856,1
20268,0,1,0.9913223,0
20269,0,1,0.9970822,0
20270,1,1,0.9997527,1
20271,0,0,0.33933485,1
20272,0,0,0.1979091,1
20273,0,0,0.2739627,1
20274,1,1,0.9999895,1
20275,1,1,0.9980994,1
20276,1,1,0.9975514,1
20277,0,0,0.2589814,1
20278,0,1,0.70977414,0
20279,1,1,0.9997876,1
20280,1,1,0.9991672,1
20281,0,1,0.6580331,0
20282,1,1,0.99550545,1
20283,0,0,0.114121474,1
20284,1,0,0.19884089,0
20285,1,1,0.9291196,1
20286,1,1,0.99999905,1
20287,1,1,0.8265718,1
20288,0,1,0.5426815,0
20289,0,1,0.41914263,0
20290,1,1,0.9999999,1
20291,1,1,1.0,1
20292,0,1,0.95880854,0
20293,0,1,0.89688534,0
20294,0,0,0.07276838,1
20295,1,1,0.80746067,1
20296,1,1,0.4208673,1
20297,1,1,0.9999999,1
20298,0,0,0.091544405,1
20299,0,0,0.0034162789,1
20300,1,1,0.77304506,1
20301,1,0,0.16687897,0
20302,0,1,0.94402224,0
20303,0,1,0.9800149,0
20304,1,1,0.99995446,1
20305,1,1,0.99566853,1
20306,0,1,1.0,0
20307,0,1,0.37616467,0
20308,1,1,0.900267,1
20309,1,1,0.9999721,1
20310,1,1,0.99999833,1
20311,0,0,0.29406288,1
20312,1,0,0.2702394,0
20313,1,1,1.0,1
20314,0,1,0.42871168,0
20315,0,1,0.94355595,0
20316,0,0,0.20394525,1
20317,0,1,0.9999852,0
20318,0,1,0.978733,0
20319,1,1,0.586286,1
20320,1,1,1.0,1
20321,0,0,0.0245397,1
20322,1,1,0.9999932,1
20323,0,1,0.8740772,0
20324,0,0,0.15171777,1
20325,1,1,0.9997843,1
20326,1,0,0.14780103,0
20327,1,0,0.045948204,0
20328,0,0,0.037821285,1
20329,1,1,0.5687751,1
20330,1,1,0.99974185,1
20331,1,1,0.9981141,1
20332,1,0,0.18757874,0
20333,1,1,0.99962807,1
20334,1,0,0.15241031,0
20335,0,1,0.92617035,0
20336,1,1,0.9987478,1
20337,0,0,0.24990462,1
20338,1,1,0.9986541,1
20339,0,0,0.095940754,1
20340,0,1,0.9952448,0
20341,1,0,0.21675669,0
20342,0,1,0.852199,0
20343,0,0,0.10420353,1
20344,0,0,0.022977369,1
20345,1,1,1.0,1
20346,1,1,1.0,1
20347,1,0,0.3366581,0
20348,0,0,0.030243218,1
20349,0,1,0.96900314,0
20350,0,1,0.99930537,0
20351,0,0,0.07531231,1
20352,1,0,0.33535084,0
20353,0,1,0.93645954,0
20354,0,0,0.044431433,1
20355,0,1,0.9053223,0
20356,1,0,0.31017175,0
20357,1,1,0.9999087,1
20358,1,1,0.9999999,1
20359,1,1,1.0,1
20360,1,1,0.39018536,1
20361,0,1,0.9878528,0
20362,1,1,0.35527143,1
20363,1,1,0.9933975,1
20364,1,0,0.103930384,0
20365,1,1,0.9999987,1
20366,1,1,0.71651626,1
20367,0,0,0.047249712,1
20368,1,1,0.98644173,1
20369,1,1,0.9776499,1
20370,1,1,0.81242126,1
20371,1,1,0.9999994,1
20372,1,1,0.9999076,1
20373,0,0,0.012053779,1
20374,0,0,0.031055551,1
20375,0,1,0.9999727,0
20376,0,0,0.20481862,1
20377,1,0,0.096195176,0
20378,1,1,0.99998164,1
20379,1,0,0.037856847,0
20380,0,0,0.1800346,1
20381,1,1,0.90966654,1
20382,1,1,0.9999726,1
20383,0,0,0.16954333,1
20384,1,1,0.9659639,1
20385,1,1,1.0,1
20386,1,1,1.0,1
20387,1,1,0.9670076,1
20388,0,0,0.095265254,1
20389,1,0,0.0090903845,0
20390,0,1,0.5089102,0
20391,0,1,0.8641959,0
20392,0,0,0.034782395,1
20393,1,1,0.99999535,1
20394,0,1,0.98677725,0
20395,1,1,1.0,1
20396,0,1,0.9832628,0
20397,0,0,0.02945148,1
20398,1,1,0.9993162,1
20399,1,1,0.79716235,1
20400,0,1,0.46420318,0
20401,0,0,0.09602549,1
20402,0,1,0.99999094,0
20403,1,1,0.9814889,1
20404,1,1,0.99318933,1
20405,1,1,0.99529994,1
20406,1,1,0.5504262,1
20407,1,1,0.9992606,1
20408,0,1,0.7962924,0
20409,0,1,0.8344069,0
20410,0,0,0.008412978,1
20411,0,1,0.80247813,0
20412,0,0,0.045141645,1
20413,1,1,0.40989974,1
20414,1,1,0.99995613,1
20415,0,0,0.024916517,1
20416,0,0,0.024964014,1
20417,1,1,0.9793738,1
20418,0,0,0.0658447,1
20419,0,0,0.20874292,1
20420,1,1,1.0,1
20421,1,1,1.0,1
20422,1,1,0.69601,1
20423,0,1,0.9989434,0
20424,0,0,0.24580847,1
20425,1,1,0.70715195,1
20426,0,1,0.753648,0
20427,1,1,0.9832145,1
20428,0,1,0.43872508,0
20429,1,1,0.79787195,1
20430,1,1,0.99994457,1
20431,1,0,0.21485612,0
20432,1,1,0.9999943,1
20433,0,0,0.008711384,1
20434,1,0,0.00014653131,0
20435,1,0,0.27250826,0
20436,0,1,0.9995035,0
20437,1,1,0.99897975,1
20438,1,1,1.0,1
20439,1,1,1.0,1
20440,0,1,0.96560895,0
20441,1,1,1.0,1
20442,1,1,0.98998636,1
20443,1,1,0.9985506,1
20444,1,0,0.12651514,0
20445,1,1,0.99871826,1
20446,0,1,0.99968374,0
20447,0,0,0.0013458604,1
20448,1,1,1.0,1
20449,1,1,0.9999994,1
20450,1,1,0.99999464,1
20451,0,0,0.048092045,1
20452,1,1,0.9999999,1
20453,1,1,0.99999976,1
20454,1,1,0.7927853,1
20455,1,1,0.9992649,1
20456,0,1,0.9999924,0
20457,0,0,0.094594024,1
20458,1,0,0.20307463,0
20459,0,0,0.1338675,1
20460,0,1,0.8112278,0
20461,1,1,0.99582565,1
20462,0,1,0.8465777,0
20463,0,0,0.34152758,1
20464,1,0,0.116261385,0
20465,1,1,0.5042418,1
20466,0,0,0.008950712,1
20467,0,1,0.8301815,0
20468,0,0,0.09285216,1
20469,1,1,1.0,1
20470,0,1,0.38757443,0
20471,1,0,0.21783629,0
20472,0,0,0.07978202,1
20473,0,0,0.053601146,1
20474,0,1,0.82768893,0
20475,1,1,1.0,1
20476,0,0,0.029395703,1
20477,1,1,0.99861956,1
20478,0,0,0.10790661,1
20479,0,1,0.9400786,0
20480,1,1,0.9994797,1
20481,1,1,0.6796573,1
20482,0,0,0.14116298,1
20483,1,1,0.88453895,1
20484,1,1,1.0,1
20485,1,0,0.053601146,0
20486,0,0,0.047205772,1
20487,1,1,0.77670765,1
20488,1,1,0.9772191,1
20489,1,1,0.7566274,1
20490,1,1,0.98521465,1
20491,1,1,1.0,1
20492,1,1,1.0,1
20493,0,1,0.62652415,0
20494,0,1,0.98134655,0
20495,1,1,0.9026955,1
20496,1,1,1.0,1
20497,1,0,0.052570295,0
20498,0,1,0.9953904,0
20499,0,0,0.036977556,1
20500,1,1,0.99988127,1
20501,1,1,1.0,1
20502,1,1,0.80654806,1
20503,1,0,0.03007184,0
20504,0,1,0.82544905,0
20505,1,1,0.9967397,1
20506,1,1,0.9999993,1
20507,1,1,0.99886644,1
20508,0,1,0.9999999,0
20509,1,1,0.99999714,1
20510,1,1,0.8362874,1
20511,0,1,0.9848401,0
20512,0,1,0.99998224,0
20513,1,1,0.9999944,1
20514,0,0,0.11747085,1
20515,0,0,0.06255973,1
20516,1,1,1.0,1
20517,1,1,0.8440237,1
20518,1,1,0.9999808,1
20519,1,1,0.97889495,1
20520,0,1,0.9999497,0
20521,1,0,0.25706506,0
20522,0,1,0.991891,0
20523,1,1,0.9382939,1
20524,0,0,0.02800752,1
20525,1,1,0.9999943,1
20526,1,1,0.9999995,1
20527,0,0,0.10613344,1
20528,1,1,1.0,1
20529,0,0,0.065545,1
20530,1,0,0.14414886,0
20531,1,0,0.031291503,0
20532,0,0,0.13089524,1
20533,1,1,1.0,1
20534,0,1,0.9379537,0
20535,0,1,0.84645087,0
20536,0,1,0.9906419,0
20537,1,1,0.99502736,1
20538,1,1,0.97828114,1
20539,0,1,0.4879784,0
20540,0,1,0.99936,0
20541,0,1,0.9999573,0
20542,1,1,1.0,1
20543,1,1,0.8937739,1
20544,0,1,0.9999995,0
20545,1,1,0.99999964,1
20546,1,0,0.05602938,0
20547,1,1,0.999864,1
20548,1,1,0.9430336,1
20549,0,1,1.0,0
20550,0,1,0.4777978,0
20551,1,1,0.9999994,1
20552,0,1,0.99999666,0
20553,1,1,0.98803884,1
20554,0,1,0.5720655,0
20555,0,1,0.4209566,0
20556,1,1,0.99999213,1
20557,0,1,1.0,0
20558,1,1,0.9812029,1
20559,1,1,0.8513358,1
20560,1,1,0.5541086,1
20561,0,0,0.10275402,1
20562,0,1,0.47225752,0
20563,0,1,0.99823856,0
20564,0,1,0.8248855,0
20565,0,0,0.21950476,1
20566,1,1,0.8829335,1
20567,1,1,1.0,1
20568,1,0,0.33090347,0
20569,1,1,0.99995077,1
20570,0,0,0.042522945,1
20571,1,1,0.9990226,1
20572,1,1,0.9925538,1
20573,1,0,0.03652812,0
20574,1,1,1.0,1
20575,1,1,0.9999844,1
20576,1,1,0.999928,1
20577,1,1,0.99856466,1
20578,0,0,0.014364656,1
20579,1,1,1.0,1
20580,1,1,0.995008,1
20581,0,0,0.1754674,1
20582,1,1,0.9480585,1
20583,1,1,0.551151,1
20584,1,1,0.6452876,1
20585,1,1,0.6243508,1
20586,1,1,0.6694748,1
20587,0,1,0.94757545,0
20588,1,1,0.9999963,1
20589,0,0,0.12705572,1
20590,0,1,0.9683812,0
20591,1,1,0.99964786,1
20592,0,0,0.056600258,1
20593,1,1,1.0,1
20594,1,1,0.99998856,1
20595,0,1,0.99736834,0
20596,1,0,0.24095315,0
20597,1,1,0.9999975,1
20598,1,1,0.5387405,1
20599,1,1,0.93732566,1
20600,0,1,0.99997795,0
20601,0,1,0.41501737,0
20602,0,0,0.10061321,1
20603,0,1,0.99995863,0
20604,0,0,0.02517884,1
20605,1,1,1.0,1
20606,1,1,0.9999995,1
20607,1,0,0.02873432,0
20608,1,1,1.0,1
20609,1,1,1.0,1
20610,1,0,0.10669061,0
20611,0,0,0.01161977,1
20612,0,0,0.124851815,1
20613,1,1,0.99991214,1
20614,0,1,0.99434716,0
20615,0,0,0.029986508,1
20616,0,1,0.39222044,0
20617,0,0,0.34394744,1
20618,0,0,0.064771704,1
20619,0,0,0.008494837,1
20620,1,0,0.25376853,0
20621,1,1,0.6910284,1
20622,0,0,0.078571655,1
20623,0,1,0.98965186,0
20624,1,1,0.49414092,1
20625,1,1,0.95775455,1
20626,1,1,0.9990207,1
20627,0,0,0.1606607,1
20628,0,1,0.35964522,0
20629,0,0,0.3054901,1
20630,0,0,0.17133832,1
20631,1,1,0.6846331,1
20632,1,1,0.9997408,1
20633,1,0,0.199854,0
20634,0,0,0.020158019,1
20635,1,1,0.9992206,1
20636,0,1,0.9999989,0
20637,0,0,0.025589554,1
20638,0,0,0.2559941,1
20639,0,1,0.9591926,0
20640,1,1,0.95531917,1
20641,0,0,0.14128143,1
20642,0,1,0.9999982,0
20643,1,1,0.99996006,1
20644,1,0,0.11037522,0
20645,0,0,0.08694165,1
20646,1,0,0.22329238,0
20647,1,1,1.0,1
20648,0,1,0.88563144,0
20649,1,1,0.9980392,1
20650,0,1,0.9941801,0
20651,1,1,0.99179614,1
20652,1,1,0.999943,1
20653,1,0,0.0076956474,0
20654,1,0,0.026886744,0
20655,1,1,0.9890343,1
20656,0,0,0.04054074,1
20657,0,1,0.92563426,0
20658,1,1,1.0,1
20659,0,0,0.04863137,1
20660,0,0,0.022137716,1
20661,1,1,0.9964134,1
20662,1,0,0.071396716,0
20663,1,1,0.6846331,1
20664,0,0,0.03659692,1
20665,0,1,0.9764232,0
20666,0,0,0.32002386,1
20667,1,1,0.43356168,1
20668,1,1,0.99855345,1
20669,0,0,0.13156325,1
20670,0,0,0.08464396,1
20671,1,1,0.950503,1
20672,0,0,0.13398075,1
20673,1,1,1.0,1
20674,0,1,0.66164964,0
20675,0,1,0.9999888,0
20676,1,1,0.9696707,1
20677,0,0,0.10456872,1
20678,1,1,0.9999827,1
20679,1,1,1.0,1
20680,1,1,0.6225167,1
20681,0,1,0.475514,0
20682,0,1,0.56049323,0
20683,0,0,0.075653054,1
20684,0,0,0.15921742,1
20685,1,1,0.99635005,1
20686,1,1,0.93403506,1
20687,0,1,0.9978594,0
20688,1,0,0.050564528,0
20689,1,1,0.99996984,1
20690,1,1,0.7399396,1
20691,1,1,0.9999988,1
20692,0,1,0.89724606,0
20693,1,1,1.0,1
20694,0,1,0.9999614,0
20695,1,1,1.0,1
20696,1,1,0.9999937,1
20697,1,1,1.0,1
20698,0,0,0.12158143,1
20699,1,1,1.0,1
20700,1,0,0.020685462,0
20701,1,1,0.98442644,1
20702,0,1,0.78596646,0
20703,0,1,0.99916387,0
20704,1,1,0.36466444,1
20705,0,0,0.079638734,1
20706,0,1,0.54195434,0
20707,0,0,0.09252366,1
20708,0,0,0.15178062,1
20709,0,0,0.22798456,1
20710,1,1,0.9999852,1
20711,1,1,0.4516288,1
20712,1,1,0.99877447,1
20713,1,1,0.9687085,1
20714,1,1,0.86815757,1
20715,0,0,0.027769245,1
20716,0,1,0.8321002,0
20717,0,0,0.063714996,1
20718,1,0,0.13649327,0
20719,1,1,0.9390248,1
20720,0,1,0.99970347,0
20721,1,1,0.5979014,1
20722,1,1,1.0,1
20723,0,1,0.9999584,0
20724,1,1,0.99996674,1
20725,1,0,0.06687324,0
20726,0,1,0.9999969,0
20727,1,1,0.99999964,1
20728,0,0,0.22160327,1
20729,0,1,0.41780585,0
20730,0,1,0.47134495,0
20731,0,0,0.11191885,1
20732,0,0,0.22017473,1
20733,0,1,0.99999666,0
20734,0,0,0.054298937,1
20735,1,0,0.33999196,0
20736,1,0,0.13324596,0
20737,1,1,0.9996594,1
20738,1,1,1.0,1
20739,1,1,0.6651387,1
20740,0,0,0.02532306,1
20741,1,0,0.05170164,0
20742,0,1,0.3697701,0
20743,0,0,0.16000333,1
20744,1,1,0.9999999,1
20745,0,1,0.95409465,0
20746,1,1,0.56901467,1
20747,1,1,1.0,1
20748,1,0,0.06255973,0
20749,0,1,1.0,0
20750,0,0,0.23554772,1
20751,1,1,0.9999999,1
20752,0,0,0.33758557,1
20753,1,1,1.0,1
20754,1,1,0.99495924,1
20755,0,1,0.9468921,0
20756,1,1,0.9999808,1
20757,1,1,0.9999976,1
20758,0,1,0.99953175,0
20759,0,0,0.13028543,1
20760,0,0,0.005663865,1
20761,1,1,0.9999776,1
20762,1,1,0.9999982,1
20763,1,1,0.99987113,1
20764,0,1,0.99458355,0
20765,0,0,0.10956278,1
20766,1,1,0.828523,1
20767,1,1,0.99999535,1
20768,1,1,0.99939406,1
20769,0,1,0.9603612,0
20770,0,0,0.03581319,1
20771,0,0,0.10970577,1
20772,1,0,0.03803509,0
20773,0,0,0.1237887,1
20774,1,1,0.99981767,1
20775,1,1,0.99999714,1
20776,1,1,0.9994956,1
20777,1,1,0.37353298,1
20778,1,1,0.99854773,1
20779,1,1,1.0,1
20780,0,0,0.015130728,1
20781,0,1,0.3913478,0
20782,1,1,0.71646667,1
20783,0,0,0.16579561,1
20784,0,1,0.7480763,0
20785,0,1,0.913368,0
20786,0,0,0.24059613,1
20787,0,1,1.0,0
20788,0,1,0.9841546,0
20789,1,0,0.053058814,0
20790,1,1,0.9977482,1
20791,1,1,0.9998634,1
20792,0,0,0.054349106,1
20793,0,1,0.40391952,0
20794,1,1,1.0,1
20795,1,1,0.9999839,1
20796,1,1,0.977132,1
20797,0,0,0.06779314,1
20798,0,1,0.98178816,0
20799,0,0,0.17356819,1
20800,1,1,0.99996233,1
20801,0,0,0.04308309,1
20802,1,1,0.99978846,1
20803,1,1,1.0,1
20804,0,1,0.83615357,0
20805,1,1,0.9904591,1
20806,1,1,0.9980083,1
20807,0,1,0.98080254,0
20808,1,1,0.9997086,1
20809,1,1,0.92475563,1
20810,0,0,0.1501534,1
20811,1,1,0.99997795,1
20812,1,1,0.9826743,1
20813,1,1,0.9990564,1
20814,0,0,0.3467072,1
20815,1,1,0.99971586,1
20816,0,0,0.13139598,1
20817,0,0,0.25954404,1
20818,1,1,0.6637234,1
20819,0,1,1.0,0
20820,1,1,0.51067954,1
20821,1,1,0.5700322,1
20822,1,0,0.2062538,0
20823,0,0,0.26331514,1
20824,0,1,0.9007919,0
20825,1,1,1.0,1
20826,1,1,1.0,1
20827,1,1,1.0,1
20828,0,0,0.07524433,1
20829,1,1,1.0,1
20830,0,1,0.904903,0
20831,1,0,0.11353044,0
20832,0,0,0.0085443305,1
20833,0,0,0.23917161,1
20834,0,0,0.07490528,1
20835,1,0,0.13712755,0
20836,0,0,0.31541958,1
20837,1,0,0.2359876,0
20838,1,1,0.99998164,1
20839,1,1,1.0,1
20840,1,1,0.9999484,1
20841,1,1,0.99982125,1
20842,1,0,0.2256725,0
20843,0,1,0.77814394,0
20844,0,0,0.31158394,1
20845,1,1,0.8017807,1
20846,0,0,0.18557791,1
20847,1,0,0.13875328,0
20848,1,1,0.9999995,1
20849,1,1,0.9999871,1
20850,0,1,1.0,0
20851,0,0,0.013197362,1
20852,0,0,0.050004896,1
20853,1,0,0.2052962,0
20854,0,0,0.31716183,1
20855,1,1,1.0,1
20856,0,0,0.054148693,1
20857,1,1,0.99999416,1
20858,0,0,0.042364188,1
20859,1,0,0.20930803,0
20860,0,1,0.9076402,0
20861,1,0,0.16599831,0
20862,1,1,1.0,1
20863,1,0,0.016801614,0
20864,0,0,0.12918286,1
20865,1,1,1.0,1
20866,1,1,0.9975418,1
20867,1,1,0.99993896,1
20868,1,1,0.8802834,1
20869,0,1,0.9999981,0
20870,1,1,1.0,1
20871,1,1,0.44067985,1
20872,1,0,0.0139288595,0
20873,0,1,0.9427707,0
20874,1,1,0.99864894,1
20875,1,1,0.9999896,1
20876,0,1,0.74692434,0
20877,1,0,0.12651514,0
20878,1,1,0.97708833,1
20879,1,1,0.9989718,1
20880,0,1,0.41415823,0
20881,1,1,0.7112805,1
20882,0,0,0.064065434,1
20883,0,1,0.92441523,0
20884,1,1,0.8768454,1
20885,1,1,0.99839586,1
20886,0,0,0.2344943,1
20887,1,1,0.99999106,1
20888,0,1,0.99993944,0
20889,0,0,0.10158944,1
20890,0,1,0.9768687,0
20891,0,1,0.941493,0
20892,1,1,0.9902351,1
20893,1,1,0.9998097,1
20894,1,1,0.9999778,1
20895,0,1,0.6971452,0
20896,1,1,1.0,1
20897,1,1,0.9999645,1
20898,0,1,0.7371582,0
20899,0,0,0.23405632,1
20900,1,0,0.047205772,0
20901,0,1,0.9965301,0
20902,1,1,0.9214283,1
20903,0,0,0.050097767,1
20904,0,1,0.99886644,0
20905,0,1,0.88592786,0
20906,1,0,0.25146383,0
20907,1,1,0.73829186,1
20908,0,1,0.38595307,0
20909,0,0,0.2216875,1
20910,1,0,0.122575715,0
20911,1,0,0.19613242,0
20912,0,0,0.3420219,1
20913,1,1,0.99704784,1
20914,0,1,0.90894175,0
20915,1,1,0.9999957,1
20916,1,1,0.41730115,1
20917,1,0,0.031469602,0
20918,1,1,0.68883485,1
20919,1,1,0.42787477,1
20920,0,1,0.6083614,0
20921,0,1,0.6479653,0
20922,0,1,0.9858549,0
20923,0,1,0.82587075,0
20924,0,1,0.95873135,0
20925,0,1,0.9999118,0
20926,1,1,1.0,1
20927,1,1,1.0,1
20928,1,0,0.2894721,0
20929,0,1,0.9998771,0
20930,0,0,0.22084618,1
20931,1,1,0.95426536,1
20932,0,1,0.61618555,0
20933,1,0,0.04405976,0
20934,0,0,0.17638768,1
20935,1,0,0.043609526,0
20936,0,0,0.033812117,1
20937,1,1,0.8234704,1
20938,1,1,0.8878869,1
20939,0,1,0.58906645,0
20940,0,1,0.7014575,0
20941,0,0,0.122891165,1
20942,1,0,0.3190153,0
20943,1,1,1.0,1
20944,1,1,0.776877,1
20945,0,0,0.11767348,1
20946,0,0,0.08381536,1
20947,0,0,0.0815929,1
20948,1,0,0.042522945,0
20949,1,1,0.99936,1
20950,0,1,0.3540421,0
20951,1,1,0.99951124,1
20952,0,1,0.9829547,0
20953,0,0,0.15700755,1
20954,1,1,0.9996118,1
20955,0,1,0.99890983,0
20956,1,1,0.99855906,1
20957,1,1,0.9991186,1
20958,1,1,0.9941004,1
20959,1,1,0.5957866,1
20960,1,1,0.9374402,1
20961,1,1,0.9999995,1
20962,1,1,1.0,1
20963,1,1,0.99972516,1
20964,1,1,0.98749614,1
20965,1,1,0.6143362,1
20966,1,1,0.98707956,1
20967,0,1,0.46657214,0
20968,1,1,1.0,1
20969,1,1,1.0,1
20970,0,1,0.9999496,0
20971,1,0,0.23695739,0
20972,1,1,0.54601204,1
20973,1,1,0.4489094,1
20974,1,1,0.9984573,1
20975,1,1,0.99999857,1
20976,1,1,0.72189033,1
20977,0,1,0.8740772,0
20978,0,0,0.14264941,1
20979,1,0,0.0288983,0
20980,1,1,0.9941801,1
20981,1,1,1.0,1
20982,0,1,0.46022823,0
20983,0,0,0.14730969,1
20984,0,0,0.0061570313,1
20985,0,1,0.9983354,0
20986,0,0,0.00402291,1
20987,0,1,0.8733229,0
20988,1,1,0.99975747,1
20989,0,1,0.79502225,0
20990,1,0,0.0071629784,0
20991,1,1,0.99948776,1
20992,0,0,0.3181143,1
20993,1,1,0.4118499,1
20994,0,1,0.9999664,0
20995,1,1,1.0,1
20996,1,0,0.20418316,0
20997,0,0,0.2180027,1
20998,0,1,0.6165319,0
20999,0,0,0.34692842,1
21000,0,0,0.27914017,1
21001,1,1,1.0,1
21002,1,1,1.0,1
21003,0,0,0.31837916,1
21004,0,1,0.8370879,0
21005,0,0,0.0010202174,1
21006,1,1,0.9999999,1
21007,0,0,0.2607658,1
21008,0,1,0.99724233,0
21009,1,1,0.9999765,1
21010,0,0,0.12506539,1
21011,1,1,0.63516587,1
21012,0,1,0.9999367,0
21013,0,1,0.36257413,0
21014,1,1,1.0,1
21015,1,1,0.78473175,1
21016,1,0,0.025443856,0
21017,0,1,0.8003801,0
21018,0,1,0.9998691,0
21019,1,1,0.9973888,1
21020,0,0,0.018959863,1
21021,1,1,0.99937975,1
21022,0,0,0.12705572,1
21023,1,1,0.99428093,1
21024,0,1,0.76646847,0
21025,0,1,0.8413048,0
21026,1,1,0.92847365,1
21027,0,0,0.2705766,1
21028,1,1,0.9999907,1
21029,0,0,0.028953163,1
21030,1,0,0.21808594,0
21031,1,1,0.99999845,1
21032,1,1,0.99999976,1
21033,0,0,0.0729663,1
21034,0,0,0.053650703,1
21035,1,0,0.24780536,0
21036,0,0,0.020665687,1
21037,1,1,0.9993475,1
21038,0,0,0.052230857,1
21039,1,1,0.9999999,1
21040,0,1,0.9976814,0
21041,1,1,1.0,1
21042,1,0,0.006277706,0
21043,0,1,0.9455002,0
21044,0,0,0.14694208,1
21045,0,0,0.08130065,1
21046,0,0,0.0038319323,1
21047,0,0,0.004810983,1
21048,1,1,0.9966102,1
21049,0,0,0.09017308,1
21050,0,1,0.87536144,0
21051,0,1,0.9212869,0
21052,1,0,0.074500255,0
21053,0,1,0.9992099,0
21054,1,1,0.69071555,1
21055,1,1,0.9985221,1
21056,0,1,0.9436599,0
21057,1,1,1.0,1
21058,0,1,0.9976814,0
21059,1,1,0.9996444,1
21060,0,0,0.12808825,1
21061,1,1,0.8564525,1
21062,1,1,0.6476311,1
21063,1,1,1.0,1
21064,1,0,0.05781161,0
21065,0,1,0.66568226,0
21066,0,0,0.008283627,1
21067,0,1,0.668177,0
21068,1,1,1.0,1
21069,0,1,0.9999993,0
21070,1,0,0.14817041,0
21071,1,1,0.9999908,1
21072,0,0,0.06325052,1
21073,0,1,0.91700584,0
21074,1,1,0.9999869,1
21075,0,0,0.13273923,1
21076,1,1,0.999997,1
21077,1,1,0.61306286,1
21078,1,1,0.9999819,1
21079,1,1,0.99956864,1
21080,1,0,0.11027936,0
21081,1,1,0.9999993,1
21082,1,1,0.99999976,1
21083,1,1,0.9999989,1
21084,0,1,0.7604728,0
21085,1,1,0.9999999,1
21086,0,1,0.9973477,0
21087,0,0,0.017763345,1
21088,0,1,0.3851434,0
21089,0,1,0.71893984,0
21090,0,0,0.030763038,1
21091,0,1,0.6007155,0
21092,0,0,0.11348131,1
21093,0,1,0.99894947,0
21094,0,0,0.08866235,1
21095,1,1,0.94810647,1
21096,1,0,0.10203597,0
21097,1,1,0.9999783,1
21098,0,1,0.535645,0
21099,1,1,1.0,1
21100,0,1,0.46198753,0
21101,0,0,0.29517913,1
21102,0,0,0.19574778,1
21103,0,0,0.09260568,1
21104,0,0,0.074298516,1
21105,1,0,0.08336651,0
21106,1,1,0.7566274,1
21107,1,0,0.0269635,0
21108,1,1,0.9904406,1
21109,1,1,0.9999994,1
21110,1,0,0.26870146,0
21111,1,1,1.0,1
21112,1,1,0.99999976,1
21113,0,0,0.31210786,1
21114,0,0,0.016434574,1
21115,0,0,0.15752526,1
21116,1,1,1.0,1
21117,1,1,0.98184055,1
21118,1,1,0.999966,1
21119,1,0,0.16933718,0
21120,1,1,1.0,1
21121,0,0,0.2885691,1
21122,1,1,0.9923193,1
21123,1,1,0.9746528,1
21124,0,1,0.99720997,0
21125,0,0,0.14578295,1
21126,0,0,0.3398824,1
21127,1,1,0.39175493,1
21128,1,1,0.9302684,1
21129,1,0,0.12368283,0
21130,0,1,0.80271024,0
21131,0,0,0.27405983,1
21132,1,0,0.0553617,0
21133,0,1,0.97794676,0
21134,0,0,0.18639106,1
21135,0,0,0.14866413,1
21136,1,0,0.1320102,0
21137,1,1,0.9999958,1
21138,1,0,0.31991765,0
21139,1,0,0.13420753,0
21140,1,1,0.4662684,1
21141,1,0,0.02023532,0
21142,0,1,0.99983454,0
21143,1,0,0.057599206,0
21144,1,1,0.9997075,1
21145,1,1,1.0,1
21146,1,1,0.8895288,1
21147,1,1,0.83960253,1
21148,0,0,0.16995622,1
21149,1,0,0.07544843,0
21150,0,0,0.09560247,1
21151,0,1,0.8789391,0
21152,1,1,0.79975533,1
21153,1,1,0.999764,1
21154,0,1,0.9881309,0
21155,0,1,0.42907047,0
21156,1,1,0.76506716,1
21157,1,1,0.5691942,1
21158,0,1,0.9994937,0
21159,0,0,0.1470033,1
21160,1,1,0.6052742,1
21161,1,1,0.99782157,1
21162,0,1,0.4087487,0
21163,0,1,0.4806615,0
21164,0,1,0.68621236,0
21165,1,1,0.99644804,1
21166,0,1,0.999908,0
21167,0,0,0.23423143,1
21168,1,1,0.99999905,1
21169,1,0,0.02578508,0
21170,1,1,0.9323918,1
21171,1,1,0.98501414,1
21172,1,1,1.0,1
21173,0,1,0.5377697,0
21174,0,0,0.040692955,1
21175,1,0,0.002986843,0
21176,0,1,0.81888175,0
21177,0,1,0.67955095,0
21178,1,0,0.12426614,0
21179,0,0,0.05644403,1
21180,1,0,0.029340027,0
21181,1,1,0.85633236,1
21182,1,0,0.3501991,0
21183,0,0,0.11377637,1
21184,0,1,0.99036634,0
21185,1,0,0.003802225,0
21186,1,0,0.1894461,0
21187,1,1,0.98926485,1
21188,1,0,0.051749542,0
21189,0,1,0.35203466,0
21190,0,0,0.021927299,1
21191,1,1,0.9888419,1
21192,1,1,0.98819935,1
21193,0,1,0.9393595,0
21194,1,1,1.0,1
21195,0,1,0.9402983,0
21196,0,1,0.6783802,0
21197,1,1,0.5128146,1
21198,1,1,0.66350543,1
21199,1,1,0.6493007,1
21200,1,1,1.0,1
21201,1,1,0.99953353,1
21202,1,1,0.91173136,1
21203,0,0,0.29798043,1
21204,0,1,0.84872156,0
21205,0,1,0.9908035,0
21206,1,1,0.99961627,1
21207,1,1,0.9293763,1
21208,0,0,0.25450897,1
21209,1,1,0.8507168,1
21210,1,1,0.9838161,1
21211,1,1,0.9947187,1
21212,1,1,0.9851003,1
21213,1,1,0.39834794,1
21214,1,1,0.99504673,1
21215,0,0,0.017342346,1
21216,0,0,0.24310295,1
21217,1,1,0.9999299,1
21218,1,1,0.89561397,1
21219,1,1,1.0,1
21220,0,1,0.8708172,0
21221,0,1,0.3652303,0
21222,1,1,1.0,1
21223,1,0,0.07172112,0
21224,0,0,0.010755925,1
21225,1,1,0.9999999,1
21226,0,0,0.054651033,1
21227,0,0,0.035277545,1
21228,1,1,1.0,1
21229,0,0,0.28517282,1
21230,1,1,0.99984396,1
21231,1,1,0.573977,1
21232,1,1,1.0,1
21233,0,1,0.9313377,0
21234,1,1,0.78727776,1
21235,1,1,0.9999982,1
21236,1,1,0.9999999,1
21237,0,1,0.9988531,0
21238,0,0,0.011419615,1
21239,0,1,0.66044617,0
21240,0,1,0.99990606,0
21241,1,0,0.022264916,0
21242,0,0,0.23283304,1
21243,1,1,1.0,1
21244,0,1,0.994292,0
21245,0,0,0.21617696,1
21246,0,1,0.61895317,0
21247,0,0,0.09611029,1
21248,0,1,0.7216942,0
21249,1,1,0.79182106,1
21250,1,1,0.91086304,1
21251,1,1,0.702377,1
21252,1,1,0.67955095,1
21253,0,1,0.9999633,0
21254,0,1,0.42062932,0
21255,1,1,0.98041254,1
21256,1,1,0.99999845,1
21257,1,1,0.8110782,1
21258,0,0,0.14104463,1
21259,0,1,0.9794526,0
21260,0,1,0.666334,0
21261,1,1,0.994615,1
21262,1,1,0.98327893,1
21263,1,1,0.9999912,1
21264,0,1,0.5843898,0
21265,1,1,0.99999523,1
21266,0,0,0.05608106,1
21267,1,1,0.9999964,1
21268,1,0,0.023464657,0
21269,0,1,0.5415907,0
21270,1,1,0.9999918,1
21271,1,1,1.0,1
21272,0,1,0.99518895,0
21273,0,1,0.9994093,0
21274,0,1,0.99917847,0
21275,0,1,0.99999535,0
21276,1,1,0.99346113,1
21277,1,1,0.9999995,1
21278,1,1,0.9999832,1
21279,0,0,0.14730969,1
21280,1,1,0.7228695,1
21281,1,1,0.97275317,1
21282,0,0,0.26274723,1
21283,0,1,0.43632177,0
21284,1,1,0.4477621,1
21285,1,0,0.1334717,0
21286,0,0,0.20173456,1
21287,0,0,0.042324588,1
21288,0,1,0.9985191,0
21289,1,0,0.015998371,0
21290,0,1,0.7330221,0
21291,1,1,0.60358137,1
21292,1,1,0.9996381,1
21293,1,1,1.0,1
21294,1,1,0.99999964,1
21295,1,1,0.9759694,1
21296,0,1,0.94762397,0
21297,1,1,0.9985506,1
21298,1,1,1.0,1
21299,0,0,0.2844269,1
21300,1,1,0.9979048,1
21301,1,1,0.99389064,1
21302,0,0,0.24400252,1
21303,1,1,0.9746045,1
21304,0,1,0.996183,0
21305,1,1,1.0,1
21306,1,1,0.98292196,1
21307,1,0,0.022350112,0
21308,0,1,0.9888204,0
21309,0,1,0.57910293,0
21310,0,0,0.03317983,1
21311,0,1,0.48919848,0
21312,0,0,0.27367145,1
21313,0,1,0.9983386,0
21314,0,1,1.0,0
21315,1,1,0.6759251,1
21316,1,1,0.99999964,1
21317,0,0,0.009802816,1
21318,0,0,0.25082102,1
21319,1,1,0.9998067,1
21320,1,1,0.6008326,1
21321,1,1,1.0,1
21322,1,1,0.9999999,1
21323,0,0,0.32284617,1
21324,0,1,0.39364722,0
21325,0,0,0.04410091,1
21326,1,1,1.0,1
21327,1,1,0.99992716,1
21328,1,1,0.4786507,1
21329,1,1,0.38795117,1
21330,0,0,0.0649494,1
21331,0,1,0.5098254,0
21332,1,1,1.0,1
21333,1,1,0.9708817,1
21334,1,1,0.9283439,1
21335,0,0,0.02884354,1
21336,1,1,0.9995932,1
21337,1,1,0.53692,1
21338,1,1,0.98089427,1
21339,0,1,0.48508134,0
21340,0,1,0.9881765,0
21341,0,1,0.9760608,0
21342,0,0,0.028517084,1
21343,1,0,0.08803311,0
21344,0,1,0.858837,0
21345,0,1,1.0,0
21346,0,0,0.053601146,1
21347,1,1,1.0,1
21348,0,1,0.97259754,0
21349,1,1,0.9999814,1
21350,1,1,0.9657707,1
21351,1,0,0.04344689,0
21352,1,1,0.9471371,1
21353,0,1,0.99999845,0
21354,0,0,0.06153674,1
21355,0,0,0.26407358,1
21356,0,1,0.96958447,0
21357,1,1,0.6803479,1
21358,0,1,0.5843305,0
21359,1,1,0.91482496,1
21360,1,1,1.0,1
21361,1,1,0.999985,1
21362,0,1,0.97376966,0
21363,1,1,0.99378294,1
21364,1,1,0.9753196,1
21365,1,0,0.082475364,0
21366,0,1,0.8893368,0
21367,0,0,0.08173938,1
21368,0,1,0.79182106,0
21369,1,1,0.74312145,1
21370,1,0,0.10753115,0
21371,0,0,0.16817279,1
21372,0,0,0.051605962,1
21373,1,1,0.55814636,1
21374,1,1,0.9132906,1
21375,0,0,0.23423143,1
21376,1,1,0.999984,1
21377,1,1,0.9656736,1
21378,0,1,0.5128756,0
21379,0,0,0.0075187185,1
21380,1,1,0.9754135,1
21381,1,1,0.9999633,1
21382,0,1,0.9239362,0
21383,1,1,0.8077641,1
21384,0,0,0.010209055,1
21385,1,0,0.00135905,0
21386,0,0,0.02215887,1
21387,1,1,0.9999833,1
21388,0,1,0.6629601,0
21389,0,1,0.99773055,0
21390,1,1,0.9999989,1
21391,1,1,0.988514,1
21392,0,1,0.6872628,0
21393,1,1,0.99959475,1
21394,0,1,0.99995244,0
21395,0,0,0.077867545,1
21396,0,0,0.08359068,1
21397,0,0,0.18155324,1
21398,0,0,0.1510278,1
21399,1,1,0.99994993,1
21400,1,1,0.999577,1
21401,1,1,0.99996114,1
21402,1,1,0.999826,1
21403,1,0,0.2168396,0
21404,0,0,0.10961043,1
21405,1,1,0.98439646,1
21406,1,1,0.97550696,1
21407,0,0,0.15514244,1
21408,0,0,0.24880788,1
21409,1,1,0.4543511,1
21410,0,0,0.051130094,1
21411,1,1,0.39957732,1
21412,1,1,0.9999999,1
21413,0,1,0.99369794,0
21414,1,1,0.9999981,1
21415,1,1,0.9984022,1
21416,1,1,0.79881525,1
21417,1,1,0.96021223,1
21418,1,1,0.99999774,1
21419,1,1,0.999995,1
21420,0,0,0.32130027,1
21421,1,1,1.0,1
21422,0,1,0.8872046,0
21423,1,1,0.9812029,1
21424,1,1,0.99999976,1
21425,1,0,0.0140636265,0
21426,0,0,0.039937317,1
21427,0,1,0.9999831,0
21428,1,0,0.07793769,0
21429,0,1,0.42253438,0
21430,1,0,0.24499467,0
21431,0,0,0.16512138,1
21432,0,1,0.8900078,0
21433,1,1,0.990732,1
21434,1,1,0.99999344,1
21435,0,1,0.49700928,0
21436,0,0,0.07290027,1
21437,0,0,0.1666076,1
21438,1,1,0.99996495,1
21439,0,0,0.080574244,1
21440,1,0,0.15159212,0
21441,1,1,1.0,1
21442,0,0,0.10585582,1
21443,1,1,0.99994504,1
21444,1,1,0.9999999,1
21445,0,0,0.026130758,1
21446,0,0,0.023464657,1
21447,1,1,0.9999987,1
21448,0,1,0.9759694,0
21449,1,1,0.9999976,1
21450,1,1,0.96210754,1
21451,1,1,1.0,1
21452,0,0,0.2739627,1
21453,1,1,1.0,1
21454,1,0,0.04535258,0
21455,0,0,0.15784954,1
21456,0,0,0.21816924,1
21457,1,1,0.9981933,1
21458,0,0,0.016106343,1
21459,0,0,0.25636628,1
21460,0,0,0.1450548,1
21461,1,1,0.43833435,1
21462,1,1,0.99999595,1
21463,0,1,0.9999907,0
21464,0,0,0.08464396,1
21465,0,0,0.032620545,1
21466,1,0,0.2247353,0
21467,0,1,0.9662198,0
21468,1,0,0.11940814,0
21469,1,0,0.19884089,0
21470,1,1,0.9995092,1
21471,1,1,1.0,1
21472,0,0,0.23300752,1
21473,1,1,0.99999976,1
21474,1,1,0.36342093,1
21475,0,1,0.77662295,0
21476,1,1,0.99999905,1
21477,0,0,0.27076936,1
21478,0,1,0.97786224,0
21479,0,1,0.5410451,0
21480,0,0,0.075995214,1
21481,0,0,0.013663132,1
21482,1,1,0.9989329,1
21483,0,1,0.9919848,0
21484,1,1,0.5437719,1
21485,1,1,0.7306264,1
21486,1,1,0.99981266,1
21487,1,1,0.46150216,1
21488,1,1,1.0,1
21489,1,0,0.27231473,0
21490,1,1,0.45840934,1
21491,1,1,0.9999031,1
21492,0,1,0.9581087,0
21493,0,0,0.03143985,1
21494,1,1,0.9999999,1
21495,1,1,0.996858,1
21496,0,1,0.99813974,0
21497,0,0,0.07185127,1
21498,0,0,0.17518502,1
21499,1,1,1.0,1
21500,0,0,0.031768616,1
21501,0,0,0.086632065,1
21502,0,1,0.8609547,0
21503,0,1,0.9816127,0
21504,0,0,0.13240233,1
21505,0,0,0.28846887,1
21506,0,1,0.999997,0
21507,1,0,0.06500874,0
21508,0,0,0.048092045,1
21509,0,0,0.12538631,1
21510,0,0,0.3233801,1
21511,1,1,0.718051,1
21512,0,1,0.5209838,0
21513,0,0,0.07626997,1
21514,0,0,0.082549304,1
21515,1,1,0.99999833,1
21516,0,1,0.5072017,0
21517,0,1,0.97583157,0
21518,1,0,0.07376295,0
21519,0,0,0.037291814,1
21520,1,1,0.9999695,1
21521,0,1,0.7914184,0
21522,1,1,0.9990188,1
21523,0,1,0.9812749,0
21524,1,1,1.0,1
21525,0,1,0.94776917,0
21526,0,0,0.045268096,1
21527,1,0,0.086632065,0
21528,1,1,1.0,1
21529,1,1,1.0,1
21530,0,1,0.4176574,0
21531,1,0,0.016753288,0
21532,1,0,0.14128143,0
21533,1,1,0.9948303,1
21534,0,0,0.0282746,1
21535,0,1,0.433202,0
21536,1,0,0.18010665,0
21537,1,1,0.6396798,1
21538,1,1,1.0,1
21539,1,1,0.7526495,1
21540,1,1,0.9963642,1
21541,0,0,0.0057080337,1
21542,0,0,0.020725062,1
21543,0,0,0.049912184,1
21544,1,1,0.99712723,1
21545,1,0,0.052814018,0
21546,1,0,0.2271263,0
21547,0,0,0.12163357,1
21548,1,1,1.0,1
21549,1,0,0.06878729,0
21550,0,0,0.08050193,1
21551,1,1,0.96912026,1
21552,0,1,0.9999769,0
21553,0,1,0.9704367,0
21554,0,0,0.26194403,1
21555,1,1,0.9930962,1
21556,1,1,0.7676898,1
21557,0,1,0.8407826,0
21558,1,1,0.63629663,1
21559,0,0,0.11471518,1
21560,0,1,0.99968064,0
21561,1,1,0.9999819,1
21562,0,1,0.3997238,0
21563,0,0,0.098512106,1
21564,0,0,0.13381088,1
21565,1,1,1.0,1
21566,1,1,0.9822708,1
21567,1,1,0.9999964,1
21568,0,0,0.14027737,1
21569,0,1,0.9934865,0
21570,0,1,0.8795612,0
21571,1,1,0.9818231,1
21572,0,1,0.9885361,0
21573,1,1,0.67635274,1
21574,0,0,0.26961398,1
21575,1,1,0.6657909,1
21576,0,1,0.9996259,0
21577,1,1,0.99971753,1
21578,1,1,0.999723,1
21579,0,0,0.11367794,1
21580,1,1,1.0,1
21581,1,0,0.19314739,0
21582,0,0,0.035144847,1
21583,1,1,0.7662499,1
21584,0,0,0.19961987,1
21585,0,0,0.07024005,1
21586,1,1,1.0,1
21587,0,1,0.83601975,0
21588,1,1,0.59549254,1
21589,1,1,0.9999999,1
21590,1,1,0.7762839,1
21591,1,0,0.012895588,0
21592,0,1,0.352982,0
21593,1,1,1.0,1
21594,1,0,0.2846257,0
21595,1,0,0.048903175,0
21596,1,1,0.9995092,1
21597,1,0,0.093760945,0
21598,0,1,0.99991846,0
21599,0,1,0.87147486,0
21600,1,0,0.29512835,0
21601,0,1,0.8085212,0
21602,1,0,0.2689414,0
21603,0,1,0.7526495,0
21604,1,0,0.018978037,0
21605,0,0,0.20777677,1
21606,1,1,0.9999324,1
21607,0,0,0.0026678042,1
21608,1,1,0.9938309,1
21609,0,0,0.09568695,1
21610,0,1,0.44676623,0
21611,1,1,0.9869795,1
21612,1,1,0.9999299,1
21613,1,1,0.35303777,1
21614,1,1,1.0,1
21615,1,0,0.03659692,0
21616,1,0,0.042483207,0
21617,0,0,0.07376295,1
21618,0,1,0.45489588,0
21619,1,1,0.99993944,1
21620,1,1,0.99999666,1
21621,0,0,0.023153413,1
21622,0,1,0.4103132,0
21623,1,1,0.41427666,1
21624,0,1,0.5812437,0
21625,1,1,0.9999999,1
21626,1,1,1.0,1
21627,1,1,0.99782157,1
21628,0,1,0.5128756,0
21629,0,0,0.048405956,1
21630,0,0,0.16708273,1
21631,0,0,0.085479975,1
21632,1,0,0.1466363,0
21633,0,0,0.23292027,1
21634,1,0,0.027663978,0
21635,1,1,0.83318895,1
21636,1,1,0.9997613,1
21637,1,1,0.7479843,1
21638,1,1,0.99568534,1
21639,0,0,0.1459046,1
21640,1,1,0.8478418,1
21641,1,1,1.0,1
21642,1,1,0.99213856,1
21643,0,1,0.9999552,0
21644,1,1,0.999943,1
21645,1,1,0.9999975,1
21646,0,0,0.11716748,1
21647,0,1,0.9999937,0
21648,0,0,0.056340095,1
21649,0,1,0.44546923,0
21650,1,1,1.0,1
21651,1,1,0.9999926,1
21652,1,1,0.9869292,1
21653,1,1,0.5861084,1
21654,0,0,0.06170614,1
21655,1,1,0.9802808,1
21656,0,0,0.043895524,1
21657,1,1,0.99999666,1
21658,1,0,0.1979091,0
21659,0,1,0.6147988,0
21660,0,1,1.0,0
21661,1,1,0.72189033,1
21662,0,0,0.24762337,1
21663,0,1,0.44402227,0
21664,1,1,0.43299222,1
21665,0,0,0.15424858,1
21666,0,0,0.034618836,1
21667,0,1,0.9999999,0
21668,1,1,0.91204524,1
21669,0,1,0.99999905,0
21670,0,1,0.94468933,0
21671,1,1,0.8308688,1
21672,0,0,0.21198723,1
21673,1,0,0.11201595,0
21674,0,1,0.61468315,0
21675,0,1,0.9019207,0
21676,0,1,0.7966091,0
21677,1,1,0.9999995,1
21678,1,1,0.9999727,1
21679,1,1,0.9856076,1
21680,1,1,0.9983223,1
21681,1,1,0.9986802,1
21682,0,0,0.07956719,1
21683,1,1,0.99999464,1
21684,1,0,0.031055551,0
21685,1,1,0.9999707,1
21686,1,1,0.99952435,1
21687,0,0,0.0763388,1
21688,1,1,0.81924355,1
21689,1,1,0.9189906,1
21690,1,1,0.9999981,1
21691,1,1,1.0,1
21692,1,1,0.99999714,1
21693,1,1,0.9994286,1
21694,1,1,1.0,1
21695,1,1,0.9999678,1
21696,0,1,0.92324704,0
21697,0,0,0.100701615,1
21698,0,0,0.13603349,1
21699,1,1,0.92206234,1
21700,0,0,0.044389986,1
21701,0,1,0.55404824,0
21702,0,0,0.047030386,1
21703,1,1,0.4305064,1
21704,1,1,0.9999999,1
21705,0,1,0.9512782,0
21706,1,0,0.33339468,0
21707,1,1,0.57439476,1
21708,1,0,0.12608409,0
21709,1,1,1.0,1
21710,0,0,0.01461567,1
21711,0,1,0.9940544,0
21712,0,1,0.9818231,0
21713,1,0,0.019382192,0
21714,0,1,0.7676898,0
21715,0,1,0.8240375,0
21716,0,1,0.9997981,0
21717,1,0,0.20394525,0
21718,1,1,0.9956346,1
21719,1,1,0.9790157,1
21720,1,1,0.99922216,1
21721,0,1,0.7890712,0
21722,0,0,0.10613344,1
21723,1,1,0.9992022,1
21724,0,0,0.23784137,1
21725,0,1,0.9405718,0
21726,1,1,0.5236031,1
21727,0,0,0.07470251,1
21728,1,1,0.9875923,1
21729,1,1,0.5343088,1
21730,1,1,0.9999999,1
21731,0,0,0.018978037,1
21732,0,1,0.7745834,0
21733,0,1,0.99999726,0
21734,1,0,0.32151327,0
21735,1,1,0.9998902,1
21736,1,1,0.9999913,1
21737,0,0,0.17030093,1
21738,1,1,0.99987113,1
21739,0,1,0.99890554,0
21740,0,1,0.82796735,0
21741,0,0,0.0029636684,1
21742,1,1,0.97262347,1
21743,0,0,0.120957024,1
21744,1,1,0.7909343,1
21745,1,0,0.21783629,0
21746,1,1,0.99632865,1
21747,0,0,0.2549725,1
21748,1,1,0.9997347,1
21749,0,1,0.99885976,0
21750,1,1,0.99999046,1
21751,0,1,0.9929472,0
21752,1,1,0.97610646,1
21753,1,1,0.99998355,1
21754,1,1,0.9999331,1
21755,0,0,0.02678473,1
21756,1,1,1.0,1
21757,0,1,0.77390057,0
21758,0,0,0.09782047,1
21759,1,1,0.9998155,1
21760,0,0,0.21206881,1
21761,1,0,0.049958523,0
21762,1,1,0.9999988,1
21763,1,1,1.0,1
21764,0,1,0.8543993,0
21765,1,1,0.49066272,1
21766,0,1,0.95208645,0
21767,0,1,0.7512834,0
21768,0,1,0.9992237,0
21769,0,0,0.023109278,1
21770,1,1,0.99854773,1
21771,1,1,0.99999964,1
21772,0,0,0.2247353,1
21773,1,0,0.028409066,0
21774,1,1,0.9993881,1
21775,0,1,0.4209566,0
21776,0,0,0.2613309,1
21777,1,1,1.0,1
21778,0,1,0.9938548,0
21779,1,1,0.9999994,1
21780,0,1,0.999864,0
21781,0,0,0.182717,1
21782,0,1,0.9634031,0
21783,0,0,0.3423241,1
21784,1,1,0.99992657,1
21785,1,1,0.99999845,1
21786,1,1,1.0,1
21787,1,1,0.9999902,1
21788,1,1,0.99996877,1
21789,1,1,0.97601515,1
21790,1,0,0.054600604,0
21791,0,1,0.9692078,0
21792,0,0,0.26435834,1
21793,1,1,1.0,1
21794,0,0,0.32552055,1
21795,0,0,0.08028533,1
21796,0,1,0.99959475,0
21797,0,1,0.9996898,0
21798,1,0,0.29183787,0
21799,1,1,0.998784,1
21800,1,1,0.77483904,1
21801,0,1,0.99968314,0
21802,0,0,0.18922126,1
21803,1,0,0.18810017,0
21804,1,1,0.99997926,1
21805,0,1,0.7884203,0
21806,0,1,0.6206791,0
21807,1,1,1.0,1
21808,1,0,0.18198897,0
21809,1,0,0.07956719,0
21810,1,1,1.0,1
21811,1,1,0.9997584,1
21812,1,0,0.049819652,0
21813,1,1,0.43395147,1
21814,1,1,1.0,1
21815,1,1,0.9999958,1
21816,0,0,0.28886992,1
21817,1,1,0.70298904,1
21818,1,1,0.9999907,1
21819,0,1,0.99779594,0
21820,0,0,0.049589023,1
21821,1,1,0.6039902,1
21822,1,0,0.0047183693,0
21823,1,1,0.98521465,1
21824,0,1,0.9996971,0
21825,1,1,0.9980392,1
21826,0,1,0.98947024,0
21827,0,1,0.48194143,0
21828,1,0,0.15514244,0
21829,0,1,0.9863105,0
21830,0,0,0.27659285,1
21831,0,1,0.54455924,0
21832,1,1,0.9998198,1
21833,1,0,0.14872593,0
21834,1,1,0.9184071,1
21835,0,1,0.35908318,0
21836,1,1,0.7102767,1
21837,1,1,0.9982248,1
21838,1,0,0.07558479,0
21839,0,0,0.05170164,1
21840,1,0,0.011552671,0
21841,1,1,0.99031025,1
21842,1,1,0.999884,1
21843,1,1,0.9991736,1
21844,0,1,0.8449215,0
21845,0,1,0.9925827,0
21846,1,1,0.99999833,1
21847,0,1,0.983343,0
21848,0,1,0.8769508,0
21849,0,0,0.020884216,1
21850,1,0,0.28596976,0
21851,0,0,0.02258604,1
21852,0,1,0.9862046,0
21853,0,1,0.9973322,0
21854,0,1,0.9502727,0
21855,1,0,0.11706649,0
21856,1,1,0.9999993,1
21857,0,0,0.22414035,1
21858,1,1,1.0,1
21859,1,1,0.999998,1
21860,0,0,0.23091978,1
21861,0,1,0.9996178,0
21862,1,1,1.0,1
21863,0,1,0.9994777,0
21864,0,1,0.56595856,0
21865,0,0,0.28106013,1
21866,0,0,0.02573606,1
21867,0,0,0.17036992,1
21868,0,1,0.9999846,0
21869,1,1,0.9999645,1
21870,1,1,0.9999845,1
21871,1,1,1.0,1
21872,0,1,0.4224451,0
21873,0,0,0.18286288,1
21874,0,1,0.6754971,0
21875,0,0,0.056392044,1
21876,1,1,0.9870297,1
21877,1,0,0.087252244,0
21878,0,0,0.042324588,1
21879,1,1,1.0,1
21880,1,1,0.7976356,1
21881,0,0,0.056132775,1
21882,1,1,0.9976172,1
21883,0,1,0.9999999,0
21884,1,0,0.077308424,0
21885,1,1,0.977132,1
21886,1,1,0.53212124,1
21887,1,0,0.1459046,0
21888,1,1,0.99789256,1
21889,0,0,0.04822634,1
21890,1,0,0.14432967,0
21891,0,1,0.9993449,0
21892,1,1,0.89460546,1
21893,1,1,0.9891816,1
21894,0,1,0.51781476,0
21895,1,1,0.99492985,1
21896,0,0,0.09509706,1
21897,0,0,0.078571655,1
21898,1,1,0.9947084,1
21899,1,1,0.9997527,1
21900,1,1,0.9988643,1
21901,1,0,0.30177343,0
21902,1,1,0.99834836,1
21903,1,1,0.99999905,1
21904,0,0,0.22858672,1
21905,1,1,0.9561864,1
21906,0,1,0.66774374,0
21907,1,1,0.9448422,1
21908,1,1,0.4902356,1
21909,0,1,0.9152803,0
21910,1,1,0.99989283,1
21911,1,1,0.99999917,1
21912,0,0,0.14578295,1
21913,1,1,1.0,1
21914,0,1,0.9981828,0
21915,0,1,0.988514,0
21916,1,1,1.0,1
21917,0,1,0.47307906,0
21918,1,1,1.0,1
21919,0,0,0.2632678,1
21920,1,1,0.9079672,1
21921,0,0,0.009143315,1
21922,1,0,0.12210386,0
21923,1,1,0.9999999,1
21924,1,1,0.9999988,1
21925,0,1,0.5323036,0
21926,1,1,0.46411213,1
21927,1,1,0.99997807,1
21928,1,1,0.4761838,1
21929,1,1,0.3595328,1
21930,1,1,0.9988028,1
21931,0,1,0.9796871,0
21932,1,1,0.9775644,1
21933,0,0,0.11476479,1
21934,1,1,1.0,1
21935,0,1,0.7096735,0
21936,1,0,0.17203271,0
21937,1,1,0.98552424,1
21938,1,1,0.9999316,1
21939,0,0,0.24935585,1
21940,0,0,0.32788348,1
21941,1,1,0.68283814,1
21942,1,1,0.99919754,1
21943,1,1,0.55404824,1
21944,1,1,0.39123148,1
21945,1,1,0.9999901,1
21946,0,1,0.9999957,0
21947,0,1,0.42892095,0
21948,1,1,1.0,1
21949,1,1,1.0,1
21950,1,1,0.7874412,1
21951,1,1,0.42826328,1
21952,1,1,0.99785525,1
21953,0,1,0.54183316,0
21954,1,0,0.090735495,0
21955,0,0,0.028816197,1
21956,1,0,0.011823393,0
21957,1,1,1.0,1
21958,1,1,0.4527779,1
21959,1,1,1.0,1
21960,0,1,0.8546422,0
21961,0,0,0.17272931,1
21962,0,0,0.086323485,1
21963,1,1,0.9999764,1
21964,0,0,0.15674922,1
21965,1,1,1.0,1
21966,1,1,0.6984837,1
21967,1,1,0.9999994,1
21968,0,1,0.93183565,0
21969,1,0,0.090735495,0
21970,0,1,0.36375988,0
21971,0,1,0.7545082,0
21972,1,0,0.17356819,0
21973,1,1,0.9997273,1
21974,0,0,0.038865484,1
21975,1,1,0.71849567,1
21976,1,1,0.9999987,1
21977,1,1,0.9998074,1
21978,0,1,0.9861514,0
21979,1,1,1.0,1
21980,1,1,0.99998426,1
21981,1,1,0.4421848,1
21982,0,1,0.9990545,0
21983,0,1,0.99642736,0
21984,0,0,0.008898884,1
21985,0,0,0.17356819,1
21986,1,1,0.9999951,1
21987,0,0,0.12962292,1
21988,1,1,0.99998164,1
21989,0,1,1.0,0
21990,0,0,0.12179017,1
21991,0,0,0.091058284,1
21992,1,1,0.753376,1
21993,1,1,1.0,1
21994,0,0,0.018316884,1
21995,1,1,0.9999982,1
21996,0,1,0.9656736,0
21997,1,1,0.9997336,1
21998,0,1,0.9678082,0
21999,0,0,0.11940814,1
22000,0,1,0.6793383,0
22001,1,0,0.040769264,0
22002,1,1,0.9999764,1
22003,0,1,0.99998236,0
22004,0,1,0.6078378,0
22005,0,1,0.50482166,0
22006,1,1,1.0,1
22007,0,1,0.6517428,0
22008,1,1,1.0,1
22009,1,1,0.38124838,1
22010,0,1,0.99979895,0
22011,1,0,0.2724599,0
22012,1,1,0.4428774,1
22013,0,1,0.9961004,0
22014,1,0,0.12262824,0
22015,0,0,0.0553617,1
22016,0,0,0.011869121,1
22017,1,1,0.9999901,1
22018,0,0,0.007190812,1
22019,1,1,1.0,1
22020,0,1,0.9836285,0
22021,0,1,0.4979248,0
22022,1,0,0.09687654,0
22023,1,1,1.0,1
22024,0,0,0.056392044,1
22025,1,1,0.63516587,1
22026,1,1,0.8693822,1
22027,1,1,0.99998355,1
22028,0,0,0.09577148,1
22029,1,1,0.9999548,1
22030,1,1,0.9981067,1
22031,0,1,0.88885534,0
22032,0,0,0.30746198,1
22033,1,1,0.99248135,1
22034,0,1,0.9730621,0
22035,0,1,0.9968273,0
22036,1,0,0.01964376,0
22037,1,1,0.99981695,1
22038,0,1,0.99153805,0
22039,1,1,1.0,1
22040,1,1,1.0,1
22041,1,1,0.9999999,1
22042,1,0,0.32584226,0
22043,1,1,0.99989605,1
22044,1,0,0.21917033,0
22045,1,0,0.24400252,0
22046,1,1,0.5094593,1
22047,1,0,0.31695038,0
22048,1,1,0.99724776,1
22049,1,1,1.0,1
22050,0,0,0.18111832,1
22051,1,1,1.0,1
22052,1,1,0.9999926,1
22053,1,1,1.0,1
22054,0,0,0.103295475,1
22055,0,0,0.0025212683,1
22056,1,1,0.99990654,1
22057,0,0,0.20593424,1
22058,0,1,0.40644962,0
22059,0,0,0.056966383,1
22060,1,1,1.0,1
22061,1,1,0.70298904,1
22062,1,1,0.9974837,1
22063,1,1,0.9997428,1
22064,1,1,0.9376119,1
22065,0,1,0.9973374,0
22066,1,1,1.0,1
22067,1,1,0.99986815,1
22068,1,0,0.2666436,0
22069,1,1,0.99999297,1
22070,1,1,1.0,1
22071,1,1,0.9999994,1
22072,1,1,0.99952066,1
22073,0,1,0.8586,0
22074,1,1,0.9999888,1
22075,0,0,0.06760824,1
22076,0,0,0.32386106,1
22077,1,1,0.49041867,1
22078,1,1,1.0,1
22079,1,1,0.9427181,1
22080,0,1,0.8678218,0
22081,0,0,0.057123974,1
22082,1,1,0.968111,1
22083,0,0,0.02961943,1
22084,1,1,0.99727446,1
22085,1,0,0.0003569706,0
22086,1,1,0.99457306,1
22087,0,1,0.9506406,0
22088,0,1,0.67055434,0
22089,0,1,0.7962132,0
22090,1,0,0.0715912,0
22091,0,0,0.06773144,1
22092,0,1,0.35504776,0
22093,1,0,0.03197956,0
22094,1,1,0.90087914,1
22095,0,0,0.10922978,1
22096,1,1,0.8044059,1
22097,1,1,0.99999845,1
22098,1,1,0.9999968,1
22099,1,1,0.61687815,1
22100,1,1,0.953665,1
22101,1,1,0.999764,1
22102,0,1,0.97813547,0
22103,0,0,0.16647205,1
22104,1,1,0.9999751,1
22105,1,1,0.99540824,1
22106,1,1,1.0,1
22107,1,1,0.79502225,1
22108,1,1,0.9998671,1
22109,1,0,0.18082884,0
22110,1,1,0.9971717,1
22111,0,1,0.99995816,0
22112,1,1,0.6414785,1
22113,1,0,0.23204899,0
22114,0,1,0.9835496,0
22115,1,1,1.0,1
22116,0,1,0.97573924,0
22117,0,1,0.9999417,0
22118,0,1,0.9999995,0
22119,1,1,1.0,1
22120,1,1,0.55012405,1
22121,0,1,0.37321883,0
22122,0,0,0.030100336,1
22123,0,1,0.75437254,0
22124,0,0,0.04111437,1
22125,1,1,0.9996207,1
22126,1,1,0.9383503,1
22127,0,0,0.22918998,1
22128,1,0,0.14786254,0
22129,1,1,0.9993436,1
22130,1,0,0.012288597,0
22131,0,1,0.5434085,0
22132,1,0,0.18278994,0
22133,1,1,0.99997294,1
22134,1,1,0.9665054,1
22135,0,0,0.18787654,1
22136,0,0,0.19845225,1
22137,0,0,0.0288983,1
22138,0,1,0.77990913,0
22139,1,0,0.06596493,0
22140,0,0,0.052862898,1
22141,0,1,0.99996626,0
22142,1,1,0.9999999,1
22143,0,0,0.035111748,1
22144,1,0,0.046942927,0
22145,0,0,0.09081609,1
22146,1,1,0.9986749,1
22147,1,1,0.9999999,1
22148,1,1,1.0,1
22149,1,1,1.0,1
22150,1,1,0.99948174,1
22151,0,0,0.013376604,1
22152,1,1,0.999977,1
22153,1,1,1.0,1
22154,1,1,1.0,1
22155,0,0,0.07126734,1
22156,0,1,0.5551941,0
22157,1,1,0.99855345,1
22158,1,0,0.15830442,0
22159,0,1,0.7754348,0
22160,1,0,0.024563085,0
22161,1,1,0.9999999,1
22162,1,0,0.1588256,0
22163,1,0,0.2256725,0
22164,0,1,0.38850203,0
22165,0,1,0.99792105,0
22166,1,1,0.99999976,1
22167,1,1,0.9456509,1
22168,1,1,0.99228936,1
22169,0,1,0.9982926,0
22170,0,1,0.5872331,0
22171,0,1,0.99813974,0
22172,0,0,0.16238002,1
22173,0,1,0.45774263,0
22174,0,0,0.095433734,1
22175,1,1,0.99416876,1
22176,0,0,0.06966823,1
22177,0,0,0.08756384,1
22178,0,0,0.014957087,1
22179,0,1,0.9999912,0
22180,1,1,0.9999963,1
22181,0,1,0.9831176,0
22182,1,1,0.93587595,1
22183,0,0,0.13483287,1
22184,1,0,0.13217814,0
22185,1,1,0.9458513,1
22186,0,0,0.15443976,1
22187,0,0,0.0728343,1
22188,0,1,0.9994917,0
22189,1,1,0.999956,1
22190,0,1,0.3928608,0
22191,1,1,0.6486333,1
22192,1,1,0.46383888,1
22193,0,0,0.18403316,1
22194,1,1,0.998242,1
22195,1,1,1.0,1
22196,0,1,0.99947566,0
22197,1,1,0.9999708,1
22198,0,0,0.07942426,1
22199,0,1,0.9798034,0
22200,1,1,0.9999988,1
22201,0,1,0.676887,0
22202,0,1,0.874292,0
22203,1,0,0.13939638,0
22204,1,0,0.055926174,0
22205,1,1,1.0,1
22206,1,1,0.8550057,1
22207,0,1,0.9604726,0
22208,0,1,0.8530579,0
22209,0,1,0.98466414,0
22210,1,0,0.13951358,0
22211,1,0,0.00017400541,0
22212,1,0,0.24780536,0
22213,0,1,0.86396646,0
22214,0,1,0.5518153,0
22215,1,1,0.9999999,1
22216,0,0,0.011050794,1
22217,1,1,1.0,1
22218,1,1,0.9999943,1
22219,0,1,0.99974483,0
22220,1,1,1.0,1
22221,1,1,0.6408044,1
22222,0,0,0.19421494,1
22223,0,1,0.5795194,0
22224,0,0,0.17596246,1
22225,0,0,0.21642528,1
22226,1,1,0.99674594,1
22227,0,0,0.17816807,1
22228,0,1,0.78365755,0
22229,0,0,0.11616108,1
22230,0,1,0.9998184,0
22231,1,1,0.67077005,1
22232,1,1,1.0,1
22233,1,1,0.9999995,1
22234,0,1,0.56277734,0
22235,1,1,0.99268264,1
22236,0,1,0.77585965,0
22237,1,0,0.0021239663,0
22238,0,0,0.022011232,1
22239,1,1,0.9334308,1
22240,1,1,1.0,1
22241,1,0,0.11075938,0
22242,1,0,0.03173859,0
22243,0,1,0.42405418,0
22244,0,0,0.08686416,1
22245,1,1,0.9911698,1
22246,1,1,1.0,1
22247,0,1,0.42202818,0
22248,0,0,0.347205,1
22249,1,0,0.045819946,0
22250,1,1,0.8678218,1
22251,1,1,0.999433,1
22252,0,0,0.14657521,1
22253,1,1,0.9834863,1
22254,1,1,0.95418006,1
22255,0,1,0.99567693,0
22256,1,0,0.31484,0
22257,1,1,0.95494246,1
22258,0,0,0.10176784,1
22259,1,1,0.9996309,1
22260,0,0,0.014254464,1
22261,0,0,0.15830442,1
22262,0,0,0.11269772,1
22263,0,1,0.6459579,0
22264,0,0,0.06489012,1
22265,1,1,0.9907499,1
22266,0,1,0.69206995,0
22267,1,1,0.89010334,1
22268,0,0,0.19860761,1
22269,1,1,0.99985456,1
22270,1,0,0.32252598,0
22271,0,0,0.061255362,1
22272,0,1,0.98093086,0
22273,0,1,0.9983026,0
22274,1,0,0.044348583,0
22275,0,0,0.09492911,1
22276,0,1,0.42113516,0
22277,1,0,0.28313676,0
22278,1,1,0.9999329,1
22279,1,1,0.99993396,1
22280,1,1,0.9999943,1
22281,0,1,0.99679,0
22282,1,0,0.18914637,0
22283,0,0,0.13782232,1
22284,0,0,0.2718312,1
22285,0,0,0.0056528766,1
22286,1,1,0.96929514,1
22287,0,1,0.99996495,0
22288,0,1,0.9840936,0
22289,0,1,0.9498557,0
22290,1,1,0.99999535,1
22291,1,1,1.0,1
22292,0,1,0.99999535,0
22293,1,1,0.9998945,1
22294,0,1,0.9897315,0
22295,0,0,0.08151975,1
22296,0,1,1.0,0
22297,0,0,0.15908672,1
22298,0,1,0.7844842,0
22299,1,0,0.055412795,0
22300,0,1,0.95846003,0
22301,1,0,9.721546e-07,0
22302,1,1,1.0,1
22303,1,1,0.936285,1
22304,0,0,0.24589899,1
22305,1,1,0.9765577,1
22306,0,0,0.015043661,1
22307,0,0,0.16398025,1
22308,1,1,0.55374664,1
22309,0,0,0.06816438,1
22310,0,0,0.083515875,1
22311,1,1,1.0,1
22312,1,1,0.42030212,1
22313,1,1,0.99999857,1
22314,0,1,0.36974168,0
22315,0,0,0.06847518,1
22316,1,0,0.17866908,0
22317,0,0,0.077447854,1
22318,1,1,0.99992573,1
22319,1,1,1.0,1
22320,1,1,0.99999607,1
22321,0,0,0.0140907345,1
22322,1,0,0.09687654,0
22323,1,0,0.15393034,0
22324,0,0,0.1302301,1
22325,1,1,0.98421544,1
22326,1,1,0.99999595,1
22327,1,1,0.662196,1
22328,1,0,0.15215817,0
22329,1,1,0.996108,1
22330,1,0,0.10266401,0
22331,1,1,0.997065,1
22332,1,1,0.99994934,1
22333,0,1,0.98524296,0
22334,1,1,1.0,1
22335,1,1,0.99996996,1
22336,1,1,0.38647398,1
22337,0,1,0.8089743,0
22338,0,0,0.04698664,1
22339,0,1,0.8878869,0
22340,0,1,0.89096016,0
22341,1,1,1.0,1
22342,1,0,0.0794957,0
22343,0,0,0.110663235,1
22344,1,1,0.99518895,1
22345,0,0,0.27810973,1
22346,0,1,0.99995303,0
22347,1,1,0.9999981,1
22348,0,0,0.08166611,1
22349,1,0,0.23988315,0
22350,1,0,0.034979645,0
22351,1,1,0.9986594,1
22352,1,1,0.99047756,1
22353,1,1,1.0,1
22354,0,0,0.050564528,1
22355,1,1,0.9993026,1
22356,1,0,0.079068,0
22357,0,1,0.49627692,0
22358,1,1,0.64192754,1
22359,1,0,0.1696121,0
22360,0,0,0.314682,1
22361,1,1,1.0,1
22362,1,0,0.11037522,0
22363,0,0,0.039862495,1
22364,0,1,0.9364014,0
22365,1,0,0.004093958,0
22366,0,1,0.38387227,0
22367,0,0,0.018887341,1
22368,1,1,1.0,1
22369,0,0,0.3270232,1
22370,1,1,0.77713084,1
22371,0,1,0.99957114,0
22372,1,1,0.90632194,1
22373,1,1,0.99994147,1
22374,0,1,0.9978884,0
22375,0,1,0.9999862,0
22376,0,1,0.9997209,0
22377,1,0,0.16694687,0
22378,0,1,0.9998148,0
22379,1,1,1.0,1
22380,0,0,0.09260568,1
22381,0,0,0.24972162,1
22382,0,0,0.25192368,1
22383,1,1,0.9073943,1
22384,1,1,0.99850756,1
22385,0,0,0.077727415,1
22386,0,0,0.01678549,1
22387,0,0,0.09903369,1
22388,1,1,0.70866644,1
22389,1,1,0.99998045,1
22390,0,0,0.13500383,1
22391,1,1,0.99999774,1
22392,1,1,0.974893,1
22393,0,0,0.15259965,1
22394,1,1,0.9698712,1
22395,1,0,0.03875619,0
22396,0,0,0.047780067,1
22397,0,1,0.46125945,0
22398,1,1,0.99999785,1
22399,1,1,0.99979335,1
22400,1,1,0.9999695,1
22401,1,1,1.0,1
22402,1,1,0.58284724,1
22403,0,0,0.095940754,1
22404,1,1,0.9992372,1
22405,1,1,1.0,1
22406,1,1,0.75608754,1
22407,1,1,0.9999945,1
22408,1,1,0.999998,1
22409,1,0,0.2688454,0
22410,0,0,0.19345194,1
22411,0,1,0.35527143,0
22412,1,1,0.7829945,1
22413,0,0,0.07497297,1
22414,0,1,0.8989441,0
22415,0,1,0.57737625,0
22416,0,0,0.049176436,1
22417,1,0,0.22875896,0
22418,1,1,0.8580062,1
22419,0,1,0.70451605,0
22420,1,0,0.25358367,0
22421,0,1,0.91006696,0
22422,0,1,0.9916842,0
22423,1,0,0.061762713,0
22424,0,1,1.0,0
22425,1,1,0.96641046,1
22426,0,1,0.6430491,0
22427,0,1,0.91274774,0
22428,1,1,0.9989637,1
22429,0,1,1.0,0
22430,1,1,0.98376936,1
22431,1,0,0.1328517,0
22432,1,1,0.99986446,1
22433,1,1,0.999992,1
22434,0,0,0.043977574,1
22435,1,1,1.0,1
22436,0,0,0.077867545,1
22437,0,1,0.9997775,0
22438,0,0,0.03715183,1
22439,0,0,0.33928013,1
22440,1,1,0.99997795,1
22441,1,1,1.0,1
22442,1,1,0.9993358,1
22443,1,1,0.67249304,1
22444,1,1,0.6356183,1
22445,0,0,0.059428226,1
22446,1,1,0.9991959,1
22447,1,0,0.050658382,0
22448,0,0,0.07336364,1
22449,1,1,0.9980994,1
22450,1,1,0.99999285,1
22451,1,1,0.99966526,1
22452,0,1,0.5089102,0
22453,0,0,0.035244327,1
22454,1,1,0.99956685,1
22455,0,0,0.025687134,1
22456,0,1,0.8636218,0
22457,1,1,0.9985619,1
22458,1,1,0.9990908,1
22459,1,0,0.1908748,0
22460,0,0,0.04733772,1
22461,1,1,1.0,1
22462,1,1,1.0,1
22463,1,1,0.48779538,1
22464,0,0,0.18528292,1
22465,1,1,0.9999994,1
22466,0,0,0.040313438,1
22467,1,1,0.99966526,1
22468,0,0,0.07107367,1
22469,0,1,0.9129808,0
22470,1,0,0.11516222,0
22471,0,0,0.1613863,1
22472,1,1,0.9998702,1
22473,1,1,0.9999999,1
22474,1,1,0.99999213,1
22475,0,1,0.9993525,0
22476,1,1,0.9716448,1
22477,1,1,1.0,1
22478,0,0,0.10856642,1
22479,1,1,0.6073139,1
22480,1,0,0.3468178,0
22481,0,0,0.061199225,1
22482,1,1,1.0,1
22483,0,1,0.99999964,0
22484,1,1,0.9903476,1
22485,1,1,0.99999857,1
22486,0,0,0.05775844,1
22487,1,1,1.0,1
22488,0,1,0.989368,0
22489,0,1,0.9999076,0
22490,0,0,0.049497057,1
22491,1,1,0.9998591,1
22492,0,1,0.98155975,0
22493,1,0,0.0004719322,0
22494,1,1,0.9999913,1
22495,1,1,0.8384153,1
22496,1,1,0.89152807,1
22497,0,1,0.82318634,0
22498,1,1,1.0,1
22499,1,1,1.0,1
22500,1,1,1.0,1
22501,0,1,0.9999745,0
22502,0,1,0.53005403,0
22503,1,1,0.35706294,1
22504,0,0,0.12085323,1
22505,0,1,0.7703784,0
22506,0,1,0.7789017,0
22507,0,1,0.4726226,0
22508,0,0,0.05051767,1
22509,1,1,1.0,1
22510,1,1,0.9997868,1
22511,1,1,0.9999305,1
22512,1,1,0.99999976,1
22513,0,0,0.19102567,1
22514,1,0,0.048903175,0
22515,1,0,0.16796798,0
22516,1,1,0.7737297,1
22517,1,1,0.99999297,1
22518,0,0,0.1185891,1
22519,1,0,0.03355782,0
22520,0,0,0.0039839703,1
22521,1,1,0.99818975,1
22522,0,1,0.50488263,0
22523,0,1,0.9981324,0
22524,1,1,0.88856554,1
22525,0,0,0.26402614,1
22526,1,1,0.6887302,1
22527,1,1,0.9998585,1
22528,1,1,0.7010484,1
22529,1,1,0.99900347,1
22530,0,0,0.022824407,1
22531,1,1,0.90481883,1
22532,1,1,0.99999976,1
22533,1,1,0.9999993,1
22534,1,1,0.55724305,1
22535,1,0,0.006930672,0
22536,1,1,0.9998568,1
22537,0,0,0.03541073,1
22538,1,0,0.07585818,0
22539,0,1,0.7667306,0
22540,1,1,0.9879695,1
22541,1,1,0.4534131,1
22542,0,1,0.97573924,0
22543,0,0,0.15437602,1
22544,0,1,0.8143483,0
22545,0,0,0.05170164,1
22546,0,1,0.98340684,0
22547,1,1,0.9999981,1
22548,1,1,0.992597,1
22549,1,0,0.20769641,0
22550,1,0,0.05014425,0
22551,1,1,0.99999964,1
22552,1,0,0.04733772,0
22553,1,1,0.83359575,1
22554,0,1,0.99898964,0
22555,0,1,0.70094603,0
22556,1,1,0.79438496,1
22557,0,0,0.04328485,1
22558,1,1,1.0,1
22559,0,0,0.22143486,1
22560,0,1,0.9918595,0
22561,1,1,0.9997757,1
22562,1,1,0.84581506,1
22563,0,0,0.21733755,1
22564,0,0,0.22354652,1
22565,1,0,0.08284563,0
22566,1,1,0.99879336,1
22567,0,0,0.0015307451,1
22568,1,1,0.99999523,1
22569,1,1,0.9972904,1
22570,0,0,0.020254692,1
22571,1,1,0.7647159,1
22572,1,0,0.12158143,0
22573,1,1,1.0,1
22574,0,0,0.2688934,1
22575,1,1,0.99528164,1
22576,1,1,0.9999951,1
22577,0,1,0.75967145,0
22578,1,0,0.03374837,0
22579,0,1,0.89077026,0
22580,1,1,1.0,1
22581,0,0,0.061480366,1
22582,1,0,0.10026027,0
22583,1,1,0.92255217,1
22584,1,0,0.18155324,0
22585,0,0,0.010071824,1
22586,1,1,1.0,1
22587,1,0,0.18735561,0
22588,0,0,0.23899394,1
22589,1,1,0.84619683,1
22590,1,1,0.99984336,1
22591,1,0,0.02854415,0
22592,0,1,0.6164164,0
22593,1,1,1.0,1
22594,1,1,1.0,1
22595,1,0,0.19667186,0
22596,0,0,0.03722176,1
22597,0,0,0.21141684,1
22598,0,0,0.026380423,1
22599,1,1,0.4194993,1
22600,1,0,0.05975658,0
22601,0,0,0.20689404,1
22602,0,0,0.010130412,1
22603,0,1,0.7218412,0
22604,1,1,0.9999927,1
22605,0,1,0.99995553,0
22606,0,0,0.0385747,1
22607,0,1,0.9979691,0
22608,0,1,0.9617859,0
22609,0,1,0.93385434,0
22610,1,0,0.20165595,0
22611,1,1,0.99999857,1
22612,1,0,0.086554825,0
22613,1,1,1.0,1
22614,1,1,0.99987316,1
22615,1,1,0.6355052,1
22616,0,1,0.43788356,0
22617,0,0,0.2841785,1
22618,1,1,0.9274948,1
22619,0,0,0.05037733,1
22620,0,0,0.24526574,1
22621,0,1,0.72700745,0
22622,1,0,0.20785718,0
22623,1,1,1.0,1
22624,1,1,0.9999269,1
22625,1,1,0.716169,1
22626,0,1,0.54909664,0
22627,1,1,0.99999964,1
22628,1,1,1.0,1
22629,1,1,0.998242,1
22630,0,1,0.99256825,0
22631,1,0,0.27820778,0
22632,1,0,0.022286186,0
22633,1,0,0.015814932,0
22634,1,1,0.9867005,1
22635,1,0,0.1424107,0
22636,1,1,1.0,1
22637,0,1,0.99416876,0
22638,1,1,1.0,1
22639,1,1,1.0,1
22640,1,1,0.9999982,1
22641,0,0,0.15021572,1
22642,1,1,1.0,1
22643,0,1,0.9667888,0
22644,1,0,0.16438228,0
22645,0,0,0.042443503,1
22646,0,1,0.9967397,0
22647,0,0,0.08609269,1
22648,1,1,0.99892455,1
22649,0,1,0.999423,0
22650,1,1,0.99723166,1
22651,1,1,0.99999833,1
22652,1,1,1.0,1
22653,0,1,0.9959849,0
22654,0,1,0.9590394,0
22655,0,1,0.7176554,0
22656,1,1,0.999997,1
22657,0,1,0.6886255,0
22658,1,1,1.0,1
22659,0,1,0.9060729,0
22660,1,0,0.0120770605,0
22661,1,1,0.94417685,1
22662,1,1,0.5987229,1
22663,1,1,0.9999993,1
22664,1,1,0.99997747,1
22665,1,0,0.004297939,0
22666,0,1,0.9998996,0
22667,1,1,0.8499712,1
22668,1,0,0.11920292,0
22669,0,1,0.6800824,0
22670,1,1,0.83575183,1
22671,0,1,0.5814219,0
22672,1,1,0.9145963,1
22673,1,1,0.9999585,1
22674,0,1,0.9916196,0
22675,0,0,0.049589023,1
22676,1,0,0.25219983,0
22677,1,1,0.99960417,1
22678,1,1,1.0,1
22679,0,1,0.99980897,0
22680,0,0,0.11671367,1
22681,0,1,0.99977833,0
22682,0,0,0.010169658,1
22683,1,1,0.6208515,1
22684,1,1,0.38716888,1
22685,0,0,0.089057684,1
22686,0,0,0.053551625,1
22687,0,1,0.9960083,0
22688,0,1,0.9720721,0
22689,1,1,0.99686414,1
22690,1,1,1.0,1
22691,1,1,0.7506442,1
22692,1,1,1.0,1
22693,1,1,0.9956176,1
22694,1,1,0.8130901,1
22695,1,0,0.0065515246,0
22696,1,1,1.0,1
22697,0,0,0.03750274,1
22698,0,1,0.38398772,0
22699,0,1,0.9518184,0
22700,1,0,0.20212801,0
22701,1,1,0.9999993,1
22702,1,1,0.9999999,1
22703,1,1,1.0,1
22704,1,1,0.9999856,1
22705,0,0,0.22516096,1
22706,1,1,0.4020986,1
22707,0,0,0.06500874,1
22708,1,1,0.9997367,1
22709,1,1,0.99908185,1
22710,0,0,0.014813886,1
22711,1,0,0.03173859,0
22712,1,1,1.0,1
22713,1,0,0.048721813,0
22714,1,1,0.9901211,1
22715,0,1,0.8520759,0
22716,1,1,1.0,1
22717,1,1,0.999566,1
22718,0,0,0.028652672,1
22719,0,1,0.99999845,0
22720,1,1,0.43728274,1
22721,0,1,0.99895155,0
22722,0,1,0.9999962,0
22723,1,1,1.0,1
22724,0,0,0.09713317,1
22725,0,0,0.022053316,1
22726,1,1,0.7686898,1
22727,0,1,0.99981767,0
22728,1,1,1.0,1
22729,0,0,0.041656762,1
22730,1,1,1.0,1
22731,1,1,1.0,1
22732,0,0,0.33268967,1
22733,0,0,0.1694746,1
22734,0,1,0.57564765,0
22735,1,1,0.99999905,1
22736,1,1,0.9976859,1
22737,0,1,0.99863833,0
22738,1,1,0.9752254,1
22739,1,1,0.953665,1
22740,0,0,0.29330328,1
22741,0,1,0.9437118,0
22742,1,0,0.28145498,0
22743,0,0,0.015014747,1
22744,0,0,0.19728975,1
22745,1,1,0.9989759,1
22746,1,1,0.99996173,1
22747,1,0,0.009394396,0
22748,1,1,0.7999117,1
22749,1,1,0.99999964,1
22750,1,0,0.18742996,0
22751,1,1,0.9999987,1
22752,0,0,0.06608538,1
22753,0,0,0.34301153,1
22754,1,1,0.7322091,1
22755,1,1,0.99880517,1
22756,0,0,0.23651622,1
22757,1,1,0.99987173,1
22758,1,0,0.19253935,0
22759,0,1,0.8893368,0
22760,1,1,0.9300782,1
22761,1,0,0.13307686,0
22762,1,0,0.16762705,0
22763,0,0,0.28279,1
22764,1,1,0.99993396,1
22765,0,0,0.19368058,1
22766,1,1,0.99999964,1
22767,0,0,0.0882686,1
22768,0,1,0.9966036,0
22769,0,1,0.39852345,0
22770,1,1,1.0,1
22771,1,1,0.6413662,1
22772,1,0,0.115960725,0
22773,1,0,0.024703868,0
22774,1,1,1.0,1
22775,1,0,0.08803311,0
22776,1,1,0.46714947,1
22777,1,1,1.0,1
22778,1,1,0.9999989,1
22779,1,1,0.9999999,1
22780,1,0,0.17293873,0
22781,1,1,0.99997914,1
22782,1,1,0.9998273,1
22783,1,1,0.9999969,1
22784,1,1,0.9999883,1
22785,1,1,0.9750835,1
22786,0,0,0.32863715,1
22787,1,0,0.23196203,0
22788,1,1,0.38375676,1
22789,1,1,0.9965301,1
22790,0,1,0.7221843,0
22791,0,0,0.23405632,1
22792,0,1,0.37602147,0
22793,1,0,0.041384716,0
22794,1,1,0.9999999,1
22795,1,1,0.9996178,1
22796,1,0,0.26312575,0
22797,0,0,0.2564594,1
22798,0,0,0.11269772,1
22799,1,1,1.0,1
22800,1,1,0.9999994,1
22801,0,1,0.974893,0
22802,1,1,0.99999774,1
22803,0,0,0.12581532,1
22804,0,0,0.30715016,1
22805,0,1,0.9562273,0
22806,1,0,0.15869519,0
22807,1,1,1.0,1
22808,1,1,0.9824568,1
22809,1,1,1.0,1
22810,1,0,0.061199225,0
22811,1,0,0.09602549,0
22812,1,1,0.9999999,1
22813,0,1,0.76109487,0
22814,1,1,0.6573735,1
22815,0,1,0.9977787,0
22816,0,0,0.29198927,1
22817,1,1,0.99854493,1
22818,0,0,0.30455852,1
22819,0,1,0.99999774,0
22820,1,0,0.004848533,0
22821,0,1,0.7604728,0
22822,1,1,0.9989718,1
22823,0,1,0.97121114,0
22824,1,1,1.0,1
22825,0,1,0.7146778,0
22826,1,1,0.99999905,1
22827,1,1,0.70644367,1
22828,0,0,0.16465074,1
22829,0,1,0.5799358,0
22830,1,1,0.9992312,1
22831,1,1,0.9999629,1
22832,1,0,0.012821213,0
22833,1,1,1.0,1
22834,1,1,0.9999987,1
22835,1,0,0.0729663,0
22836,0,0,0.07211221,1
22837,1,0,0.09392703,0
22838,0,1,0.99889046,0
22839,0,0,0.100701615,1
22840,0,0,0.091625646,1
22841,0,0,0.011309892,1
22842,0,1,0.7760294,0
22843,0,0,0.18206167,1
22844,0,1,0.9666631,0
22845,1,1,1.0,1
22846,1,0,0.29335386,0
22847,0,0,0.02693789,1
22848,1,1,0.9982993,1
22849,0,1,0.9999125,0
22850,1,1,1.0,1
22851,1,1,0.99850756,1
22852,0,1,0.86703575,0
22853,0,1,0.9300782,0
22854,1,1,0.96028674,1
22855,0,1,0.79565805,0
22856,1,1,0.6138733,1
22857,0,1,0.56499875,0
22858,1,0,0.21133544,0
22859,0,0,0.030329255,1
22860,0,0,0.04001227,1
22861,1,1,0.9979372,1
22862,0,1,0.44209448,0
22863,0,1,0.83615357,0
22864,1,1,0.99998915,1
22865,0,1,0.9998697,0
22866,0,0,0.030704854,1
22867,1,0,0.21917033,0
22868,1,0,0.19042274,0
22869,1,1,0.42241526,1
22870,0,1,0.9637117,0
22871,1,1,0.9999889,1
22872,1,1,0.9009663,1
22873,0,0,0.011732464,1
22874,1,1,0.997285,1
22875,0,0,0.06632688,1
22876,1,1,1.0,1
22877,0,0,0.19246344,1
22878,1,0,0.14633106,0
22879,0,0,0.07878402,1
22880,1,1,0.81316423,1
22881,0,0,0.03551094,1
22882,1,1,0.9756001,1
22883,0,0,0.062103122,1
22884,0,1,0.8498466,0
22885,1,1,0.99997985,1
22886,1,1,0.9999925,1
22887,1,1,1.0,1
22888,1,1,0.9999969,1
22889,1,1,0.999926,1
22890,1,1,0.9999658,1
22891,1,0,0.24926446,0
22892,0,0,0.08321738,1
22893,1,1,0.9998191,1
22894,0,0,0.013768816,1
22895,1,1,0.99992216,1
22896,0,0,0.01083937,1
22897,0,0,0.021024454,1
22898,0,1,0.881513,0
22899,1,0,0.1483554,0
22900,0,1,0.3725623,0
22901,1,1,0.9999988,1
22902,1,1,0.9993917,1
22903,0,0,0.09342957,1
22904,1,1,0.4333219,1
22905,1,0,0.088820286,0
22906,0,1,0.7475238,0
22907,1,1,0.99929726,1
22908,0,1,0.88263035,0
22909,0,0,0.2232077,1
22910,1,1,1.0,1
22911,1,1,0.9999945,1
22912,1,1,0.8630457,1
22913,1,1,0.99999976,1
22914,1,1,0.9999994,1
22915,0,1,0.99999917,0
22916,0,0,0.020904195,1
22917,1,1,0.9054896,1
22918,0,1,0.88700897,0
22919,0,1,0.99995446,0
22920,1,1,0.9991541,1
22921,0,0,0.030473188,1
22922,1,1,0.9999387,1
22923,1,1,0.50646937,1
22924,1,1,0.99942183,1
22925,0,0,0.27435136,1
22926,0,1,0.7152749,0
22927,1,0,0.15934816,0
22928,0,0,0.24826072,1
22929,1,1,0.99994147,1
22930,1,1,0.99991584,1
22931,0,1,0.99628556,0
22932,1,0,0.0369428,0
22933,1,1,0.76803803,1
22934,1,1,1.0,1
22935,1,1,0.8729984,1
22936,1,1,0.99994123,1
22937,0,1,0.8113773,0
22938,1,1,0.38751647,1
22939,1,0,0.09577148,0
22940,1,1,1.0,1
22941,0,1,0.93045825,0
22942,0,0,0.089136936,1
22943,1,1,0.88513595,1
22944,0,0,0.182717,1
22945,1,1,1.0,1
22946,0,0,0.29472217,1
22947,0,0,0.17238072,1
22948,1,1,0.99780875,1
22949,0,0,0.087252244,1
22950,1,0,0.12315456,0
22951,1,1,0.98235554,1
22952,1,1,0.77381516,1
22953,0,0,0.08269734,1
22954,1,0,0.02655657,0
22955,1,1,0.9552774,1
22956,0,0,0.050004896,1
22957,0,0,0.1655931,1
22958,0,0,0.03915837,1
22959,0,1,0.9139073,0
22960,1,1,1.0,1
22961,1,1,0.974018,1
22962,1,1,0.99999833,1
22963,1,1,0.99953175,1
22964,1,0,0.28150436,0
22965,1,1,0.9990527,1
22966,0,1,0.47703645,0
22967,1,1,0.9991704,1
22968,1,1,1.0,1
22969,0,1,0.6070227,0
22970,0,1,0.7947038,0
22971,1,1,1.0,1
22972,1,1,0.9531008,1
22973,1,1,0.9999522,1
22974,0,1,0.6388916,0
22975,1,1,0.9981324,1
22976,0,1,0.63595754,0
22977,1,1,0.99983454,1
22978,1,1,0.9990638,1
22979,0,1,0.9996222,0
22980,1,1,0.99997866,1
22981,0,0,0.054499876,1
22982,0,1,0.3561667,0
22983,1,1,0.99922824,1
22984,0,0,0.13184245,1
22985,1,1,0.99228936,1
22986,1,1,1.0,1
22987,1,1,0.8345418,1
22988,1,1,0.7159704,1
22989,0,1,0.77029204,0
22990,0,1,0.9003547,0
22991,0,0,0.0048203436,1
22992,1,1,0.86025184,1
22993,1,1,0.99849,1
22994,0,0,0.04831607,1
22995,0,0,0.06359858,1
22996,0,0,0.0076658744,1
22997,1,1,0.7981868,1
22998,0,1,0.8191712,0
22999,0,0,0.14688088,1
23000,1,1,0.9996705,1
23001,1,1,0.9996288,1
23002,0,0,0.15908672,1
23003,0,0,0.08269734,1
23004,1,1,0.99797314,1
23005,1,1,0.99999964,1
23006,0,1,0.9999497,0
23007,0,0,0.14523655,1
23008,1,0,0.15739572,0
23009,1,0,0.060363002,0
23010,0,1,0.88373864,0
23011,0,0,0.34914428,1
23012,0,0,0.13963085,1
23013,1,0,0.10880293,0
23014,0,0,0.31017175,1
23015,1,0,0.27904198,0
23016,1,1,1.0,1
23017,1,0,0.124053754,0
23018,1,0,0.1894461,0
23019,1,0,0.014364656,0
23020,0,1,0.48224622,0
23021,1,1,0.74209476,1
23022,0,0,0.2382842,1
23023,0,1,0.99997306,0
23024,0,0,0.054148693,1
23025,1,1,0.994615,1
23026,1,1,0.9548163,1
23027,1,1,1.0,1
23028,1,1,1.0,1
23029,1,1,0.99974877,1
23030,1,1,0.999941,1
23031,1,1,0.99932146,1
23032,0,1,0.8949732,0
23033,1,1,0.9842457,1
23034,1,0,0.16451645,0
23035,0,1,0.9790157,0
23036,0,1,0.72603726,0
23037,1,1,0.99999905,1
23038,0,1,0.67955095,0
23039,0,0,0.058722552,1
23040,1,1,0.9999844,1
23041,1,1,0.8597815,1
23042,0,0,0.06412401,1
23043,1,1,0.99999917,1
23044,0,0,0.016721144,1
23045,0,0,0.070495576,1
23046,1,0,0.30033502,0
23047,0,1,0.64416915,0
23048,1,1,0.50219727,1
23049,1,1,0.9986462,1
23050,0,0,0.2571583,1
23051,1,1,0.6488558,1
23052,0,0,0.09704756,1
23053,1,1,0.99977654,1
23054,0,1,0.64226425,0
23055,1,1,1.0,1
23056,1,1,0.9997826,1
23057,1,1,0.5045775,1
23058,0,0,0.17902763,1
23059,0,0,0.010368156,1
23060,1,1,0.36911607,1
23061,0,1,1.0,0
23062,0,0,0.009559399,1
23063,0,0,0.23616374,1
23064,1,1,1.0,1
23065,0,0,0.014587567,1
23066,0,0,0.1752556,1
23067,1,1,1.0,1
23068,1,1,0.5810654,1
23069,0,0,0.03073393,1
23070,1,1,0.9999994,1
23071,1,1,0.9159594,1
23072,1,1,1.0,1
23073,0,0,0.09326426,1
23074,1,1,0.6930057,1
23075,1,0,0.010944577,0
23076,0,1,0.5124486,0
23077,0,1,0.92107415,0
23078,1,1,0.9999994,1
23079,0,1,0.8987666,0
23080,1,1,0.99225944,1
23081,0,1,0.98197925,0
23082,1,0,0.25813892,0
23083,0,0,0.0059455987,1
23084,1,1,0.3994309,1
23085,0,0,0.2796809,1
23086,1,1,0.99991345,1
23087,0,0,0.087096825,1
23088,1,1,0.9999968,1
23089,0,1,0.99187535,0
23090,1,1,1.0,1
23091,0,1,0.9990582,0
23092,1,1,0.9987888,1
23093,1,0,0.05399884,0
23094,1,1,0.9936365,1
23095,1,1,0.75292206,1
23096,1,1,0.99999666,1
23097,0,1,0.4132995,0
23098,1,1,0.9744105,1
23099,0,0,0.031618766,1
23100,0,1,0.99999845,0
23101,0,0,0.0061212815,1
23102,1,1,0.9951703,1
23103,1,1,0.96050966,1
23104,0,1,0.9921233,0
23105,0,1,0.9935369,0
23106,0,1,0.7941456,0
23107,1,1,0.99996686,1
23108,0,0,0.06602512,1
23109,0,1,0.5568816,0
23110,1,1,0.9995592,1
23111,1,1,0.50768983,1
23112,1,1,0.99604684,1
23113,1,0,0.15115306,0
23114,0,1,0.984516,0
23115,1,1,0.99999976,1
23116,0,1,0.44552955,0
23117,0,1,0.98314995,0
23118,0,0,0.05374995,1
23119,0,1,0.9650203,0
23120,1,0,0.3101195,0
23121,1,1,1.0,1
23122,1,1,0.9999989,1
23123,1,1,1.0,1
23124,0,0,0.0715912,1
23125,0,1,0.9882676,0
23126,1,1,0.9948303,1
23127,1,1,0.7470166,1
23128,1,1,0.9999999,1
23129,1,1,0.51238763,1
23130,0,0,0.17168525,1
23131,1,1,0.9999875,1
23132,1,1,1.0,1
23133,0,1,0.7851439,0
23134,1,1,0.64985645,1
23135,1,1,0.9986033,1
23136,1,1,0.99999964,1
23137,1,1,0.39539677,1
23138,1,1,0.9827572,1
23139,0,0,0.031143833,1
23140,1,1,0.52829003,1
23141,1,1,0.5165345,1
23142,1,1,0.99999774,1
23143,1,1,0.99999905,1
23144,1,1,0.9971607,1
23145,1,1,0.44709817,1
23146,0,1,0.47286603,0
23147,0,0,0.27338037,1
23148,0,1,0.84556025,0
23149,0,0,0.08686416,1
23150,0,1,0.99389064,0
23151,0,1,0.6846331,0
23152,1,0,0.09782047,0
23153,0,0,0.05122493,1
23154,1,1,0.9999951,1
23155,0,1,0.77662295,0
23156,1,1,1.0,1
23157,0,0,0.20079263,1
23158,0,1,0.9664738,0
23159,1,1,0.9993487,1
23160,1,1,0.8740772,1
23161,1,0,0.08321738,0
23162,1,1,0.9994797,1
23163,1,1,0.9583432,1
23164,0,1,0.9976859,0
23165,0,1,0.6000126,0
23166,1,1,0.5685356,1
23167,1,1,0.9997154,1
23168,0,1,0.9218515,0
23169,0,1,0.4673925,0
23170,1,1,0.75387454,1
23171,0,0,0.007446194,1
23172,0,0,0.08050193,1
23173,0,0,0.15241031,1
23174,1,1,1.0,1
23175,1,1,1.0,1
23176,0,1,0.49957275,0
23177,0,0,0.18322797,1
23178,0,1,0.99998105,0
23179,1,0,0.099120855,0
23180,0,1,0.36755398,0
23181,0,1,0.7733875,0
23182,0,0,0.077727415,1
23183,1,1,0.97865146,1
23184,0,0,0.013584393,1
23185,0,1,0.5920181,0
23186,0,0,0.10493506,1
23187,1,1,0.94839406,1
23188,1,1,1.0,1
23189,1,1,0.54534626,1
23190,0,1,0.9301416,0
23191,1,1,0.9999999,1
23192,1,1,0.9999844,1
23193,1,1,0.9995802,1
23194,1,1,0.9965233,1
23195,1,1,1.0,1
23196,1,1,0.99014014,1
23197,1,1,0.9999372,1
23198,0,0,0.020215968,1
23199,1,1,0.9980957,1
23200,1,1,0.9765577,1
23201,0,0,0.039676033,1
23202,1,0,0.064653486,0
23203,1,1,1.0,1
23204,0,1,0.6852653,0
23205,0,1,0.57134813,0
23206,1,0,0.2926964,0
23207,0,1,0.9838161,0
23208,1,1,0.97494066,1
23209,1,1,0.99903786,1
23210,1,1,0.999188,1
23211,1,1,0.9946878,1
23212,1,1,0.9991424,1
23213,0,0,0.09645018,1
23214,1,0,0.3412531,0
23215,1,1,0.9999777,1
23216,1,1,1.0,1
23217,1,1,1.0,1
23218,0,1,0.8372211,0
23219,1,0,0.017917344,0
23220,1,1,0.47450942,1
23221,0,0,0.18705842,1
23222,0,1,0.9913054,0
23223,0,0,0.25441635,1
23224,0,1,0.9999794,0
23225,0,1,0.99999845,0
23226,0,0,0.15241031,1
23227,0,0,0.091220066,1
23228,0,0,0.07971035,1
23229,1,1,0.999998,1
23230,0,0,0.03213106,1
23231,0,1,0.6383282,0
23232,1,1,0.55953074,1
23233,0,0,0.055617616,1
23234,1,1,0.99990726,1
23235,0,1,0.8903896,0
23236,0,0,0.032620545,1
23237,1,1,0.9423477,1
23238,1,1,1.0,1
23239,0,1,0.999049,0
23240,1,1,0.99999964,1
23241,1,0,0.24292329,0
23242,0,1,0.7737297,0
23243,0,1,0.92482364,0
23244,0,1,0.99999964,0
23245,0,0,0.048092045,1
23246,1,1,0.9691787,1
23247,1,1,0.99999607,1
23248,1,1,1.0,1
23249,1,1,1.0,1
23250,1,1,0.9998591,1
23251,1,1,0.9562273,1
23252,1,1,0.9813286,1
23253,1,1,0.99999964,1
23254,1,1,0.999966,1
23255,1,1,1.0,1
23256,1,1,1.0,1
23257,0,1,0.9669453,0
23258,0,1,0.6180315,0
23259,0,0,0.14780103,1
23260,1,1,0.9999733,1
23261,0,0,0.085403666,1
23262,1,1,0.9962782,1
23263,0,0,0.1098012,1
23264,0,1,0.4602889,0
23265,1,1,0.99999774,1
23266,1,1,0.77881753,1
23267,1,1,0.9990564,1
23268,1,1,0.99448806,1
23269,1,1,0.9996244,1
23270,0,0,0.11250255,1
23271,0,0,0.10539455,1
23272,1,1,1.0,1
23273,0,1,0.76629364,0
23274,1,1,0.995488,1
23275,1,1,0.9992986,1
23276,0,0,0.16593072,1
23277,1,0,0.2841785,0
23278,1,1,0.8238959,1
23279,1,0,0.02892572,0
23280,1,0,0.24445318,0
23281,1,0,0.045479592,0
23282,1,0,0.11531158,0
23283,1,1,0.99632144,1
23284,0,0,0.047205772,1
23285,1,0,0.30523115,0
23286,1,1,0.8494724,1
23287,0,1,0.8708172,0
23288,0,0,0.14817041,1
23289,0,1,0.45889425,0
23290,0,1,0.47682327,0
23291,1,1,0.99999714,1
23292,1,1,1.0,1
23293,0,0,0.06699522,1
23294,1,0,0.13887003,0
23295,1,1,0.9997775,1
23296,1,1,1.0,1
23297,1,0,0.25146383,0
23298,0,0,0.01161977,1
23299,0,1,0.9632651,0
23300,0,1,0.9999927,0
23301,1,1,0.91550726,1
23302,0,0,0.015573563,1
23303,0,1,0.5059201,0
23304,0,1,0.9997367,0
23305,0,1,1.0,0
23306,1,1,0.9999993,1
23307,1,1,0.99770385,1
23308,0,0,0.3198645,1
23309,1,0,0.24418274,0
23310,0,1,0.99698395,0
23311,0,0,0.05094091,1
23312,0,0,0.09679113,1
23313,1,1,0.4027151,1
23314,1,1,0.99936,1
23315,1,1,0.9982827,1
23316,0,1,0.9650533,0
23317,1,1,0.9995635,1
23318,0,1,0.9116528,0
23319,0,1,0.7220373,0
23320,1,1,0.9991672,1
23321,1,0,0.11221037,0
23322,0,1,0.98549646,0
23323,0,0,0.17203271,1
23324,0,0,0.24364243,1
23325,1,1,0.99986124,1
23326,0,1,0.99986017,0
23327,1,1,0.9999076,1
23328,1,1,0.84208554,1
23329,1,1,0.99999666,1
23330,1,0,0.0836655,0
23331,1,1,0.7285552,1
23332,0,0,0.23213603,1
23333,0,1,0.98662347,0
23334,1,0,0.14608724,0
23335,0,0,0.25118822,1
23336,0,1,0.999213,0
23337,0,1,0.9996345,0
23338,0,1,0.6323325,0
23339,0,0,0.11476479,1
23340,1,0,0.11787642,0
23341,1,1,0.9999999,1
23342,1,1,0.89912134,1
23343,1,1,0.9999981,1
23344,0,0,0.04501553,1
23345,1,0,0.10008423,0
23346,0,0,0.06142404,1
23347,1,1,0.994146,1
23348,1,1,0.9999994,1
23349,1,1,0.754282,1
23350,1,1,0.6948723,1
23351,1,1,0.99997735,1
23352,1,0,0.20181322,0
23353,1,0,0.15297888,0
23354,1,1,0.9564718,1
23355,1,0,0.0212264,0
23356,1,0,0.24972162,0
23357,1,1,0.7893961,1
23358,0,1,0.9676251,0
23359,0,0,0.089933,1
23360,0,1,0.99920374,0
23361,1,1,0.9999871,1
23362,1,0,0.022011232,0
23363,0,0,0.06717857,1
23364,1,0,0.20761606,0
23365,0,0,0.037714817,1
23366,1,1,0.9856076,1
23367,0,1,0.99996495,0
23368,0,0,0.1377643,1
23369,1,1,1.0,1
23370,1,1,1.0,1
23371,0,0,0.20410384,1
23372,1,1,0.4099588,1
23373,0,1,0.9866491,0
23374,1,1,0.9105454,1
23375,0,0,0.0038844766,1
23376,1,1,1.0,1
23377,1,0,0.090253234,0
23378,1,1,0.999866,1
23379,1,1,0.99998724,1
23380,1,1,0.99999344,1
23381,1,0,0.29209024,0
23382,0,0,0.3207149,1
23383,1,1,0.9999958,1
23384,1,1,0.94458723,1
23385,0,1,0.9590394,0
23386,1,1,0.45592526,1
23387,1,1,1.0,1
23388,0,0,0.042403832,1
23389,0,0,0.31431356,1
23390,1,1,1.0,1
23391,1,1,0.97664696,1
23392,1,1,0.99991214,1
23393,0,1,0.99722075,0
23394,1,1,0.999795,1
23395,1,1,0.9542227,1
23396,0,0,0.07290027,1
23397,1,1,0.9993905,1
23398,0,0,0.19582467,1
23399,1,1,0.9999405,1
23400,1,0,1.8665697e-06,0
23401,0,0,0.32098094,1
23402,0,0,0.025883388,1
23403,0,0,0.08616955,1
23404,1,1,1.0,1
23405,1,1,0.9999943,1
23406,1,1,0.48169765,1
23407,0,0,0.18278994,1
23408,0,0,0.19582467,1
23409,1,0,0.014672034,0
23410,1,1,1.0,1
23411,0,1,1.0,0
23412,0,0,0.022715757,1
23413,0,0,0.019531239,1
23414,1,0,0.004314688,0
23415,0,1,0.36948568,0
23416,0,0,0.17504396,1
23417,0,1,0.99999905,0
23418,1,1,0.9916033,1
23419,0,1,0.97550696,0
23420,1,1,0.9999957,1
23421,0,0,0.14336753,1
23422,0,1,0.99979657,0
23423,0,0,0.09730459,1
23424,1,1,0.99293363,1
23425,1,1,0.4610471,1
23426,1,1,1.0,1
23427,1,0,0.19574778,0
23428,0,1,0.99985456,0
23429,1,1,0.9999896,1
23430,1,1,0.99128854,1
23431,1,1,0.99999774,1
23432,1,0,0.015130728,0
23433,1,0,0.1949802,0
23434,0,0,0.16052906,1
23435,1,1,0.96768624,1
23436,0,1,0.48779538,0
23437,0,1,0.9964342,0
23438,0,0,0.10539455,1
23439,1,1,0.4854777,1
23440,0,1,0.99997675,0
23441,1,0,0.07544843,0
23442,1,1,1.0,1
23443,1,1,1.0,1
23444,1,1,0.98067343,1
23445,1,1,1.0,1
23446,0,1,0.47450942,0
23447,0,1,0.99566853,0
23448,1,1,0.99999976,1
23449,1,0,0.16968088,0
23450,0,0,0.09001297,1
23451,0,0,0.021822825,1
23452,1,0,0.341308,0
23453,0,0,0.089933,1
23454,0,1,0.9572378,0
23455,1,1,0.99982184,1
23456,1,0,0.16000333,0
23457,1,1,0.99936,1
23458,0,1,0.47673196,0
23459,0,1,0.5629575,0
23460,0,0,0.025908018,1
23461,0,1,0.9001793,0
23462,0,1,0.61647415,0
23463,1,1,0.7797414,1
23464,1,0,0.06878729,0
23465,1,1,1.0,1
23466,0,1,0.9254997,0
23467,0,1,0.6545084,0
23468,1,1,0.9820655,1
23469,0,0,0.07152632,1
23470,0,0,0.13753247,1
23471,1,1,0.36330798,1
23472,1,1,0.42113516,1
23473,0,1,0.42030212,0
23474,0,0,0.02237146,1
23475,1,1,0.9775644,1
23476,0,1,0.999824,0
23477,1,1,0.9999585,1
23478,0,0,0.049176436,1
23479,0,0,0.0628467,1
23480,1,0,0.20995522,0
23481,1,1,1.0,1
23482,1,1,0.96768624,1
23483,0,0,0.1500911,1
23484,1,1,0.95998776,1
23485,1,0,0.09636511,0
23486,1,1,0.9231778,1
23487,0,0,0.25118822,1
23488,0,0,0.33328617,1
23489,1,1,0.99999976,1
23490,1,1,0.99744415,1
23491,0,1,0.5363736,0
23492,1,1,0.7405498,1
23493,0,0,0.17638768,1
23494,1,1,0.90235174,1
23495,1,1,0.9997631,1
23496,0,0,0.17823958,1
23497,1,0,0.122891165,0
23498,1,0,0.10302444,0
23499,0,0,0.045819946,1
23500,0,0,0.16297863,1
23501,1,1,1.0,1
23502,0,0,0.06947859,1
23503,1,1,0.9999324,1
23504,0,0,0.15178062,1
23505,1,1,0.50448596,1
23506,0,0,0.12506539,1
23507,0,1,0.99644804,0
23508,1,1,0.46253374,1
23509,1,1,0.99964166,1
23510,1,1,1.0,1
23511,1,1,0.54037815,1
23512,1,1,1.0,1
23513,1,1,0.99984455,1
23514,0,0,0.15065254,1
23515,1,1,1.0,1
23516,1,1,0.71042746,1
23517,0,0,0.24006127,1
23518,0,1,0.9996953,0
23519,1,0,0.1305069,0
23520,0,1,0.9992693,0
23521,1,1,0.8734309,1
23522,1,1,0.9645224,1
23523,0,0,0.07504072,1
23524,1,1,0.42939946,1
23525,1,1,0.99998176,1
23526,1,1,0.99999535,1
23527,1,1,0.66164964,1
23528,0,1,0.9887988,0
23529,1,1,0.9989956,1
23530,0,0,0.10818896,1
23531,1,0,0.2382842,0
23532,0,1,0.56703776,0
23533,0,1,0.9998596,0
23534,0,1,1.0,0
23535,1,1,1.0,1
23536,0,0,0.22988081,1
23537,1,1,1.0,1
23538,1,1,0.3548801,1
23539,1,1,0.99941957,1
23540,1,1,0.9832306,1
23541,1,1,0.87966454,1
23542,1,0,8.415109e-05,0
23543,0,1,0.997981,0
23544,1,0,0.100967236,0
23545,1,1,0.9999503,1
23546,1,0,0.11018359,0
23547,0,0,0.1821344,1
23548,1,1,0.6392295,1
23549,1,1,1.0,1
23550,0,0,0.17953056,1
23551,0,1,0.8992984,0
23552,0,0,0.17036992,1
23553,0,0,0.0090903845,1
23554,0,1,0.99999034,0
23555,0,0,0.09973295,1
23556,0,0,0.07544843,1
23557,1,1,0.9828892,1
23558,0,1,0.9996743,0
23559,0,0,0.18683577,1
23560,0,0,0.26626188,1
23561,1,1,0.89982784,1
23562,1,1,1.0,1
23563,0,1,0.52329856,0
23564,1,0,0.049267832,0
23565,1,1,0.9987232,1
23566,0,0,0.1742697,1
23567,0,0,0.023021257,1
23568,1,1,0.9999999,1
23569,1,1,0.95589906,1
23570,1,1,0.53497696,1
23571,1,1,0.9999999,1
23572,1,1,0.9999968,1
23573,1,0,0.035779487,0
23574,0,1,0.7119819,0
23575,1,0,0.022933563,0
23576,1,1,0.9956937,1
23577,0,0,0.1404541,1
23578,1,1,0.96628344,1
23579,1,1,0.99956685,1
23580,1,1,0.9999994,1
23581,1,1,0.99999905,1
23582,1,1,0.9999999,1
23583,0,1,0.89912134,0
23584,1,1,0.49615484,1
23585,1,1,0.9999981,1
23586,0,1,0.9994715,0
23587,1,1,0.9990471,1
23588,0,0,0.05597775,1
23589,1,1,0.99999917,1
23590,0,1,0.67923194,0
23591,1,0,0.14157787,0
23592,1,1,0.99999905,1
23593,1,1,0.9989818,1
23594,1,1,0.95972437,1
23595,0,0,0.35036582,1
23596,0,1,0.9997713,0
23597,1,1,0.44658524,1
23598,1,1,0.9337335,1
23599,0,1,0.36897394,0
23600,0,1,0.7772576,0
23601,0,0,0.09065494,1
23602,1,1,1.0,1
23603,0,1,0.5477665,0
23604,1,1,1.0,1
23605,1,0,0.124159895,0
23606,0,0,0.0124797,1
23607,1,1,0.9896918,1
23608,1,1,0.9960699,1
23609,0,0,0.16954333,1
23610,1,1,0.9144437,1
23611,0,0,0.01668906,1
23612,0,1,1.0,0
23613,0,0,0.08889936,1
23614,0,1,0.7421883,0
23615,1,1,0.9999964,1
23616,0,1,0.7144787,0
23617,1,1,0.9430336,1
23618,1,1,1.0,1
23619,1,1,1.0,1
23620,1,1,0.9999132,1
23621,1,1,0.9974342,1
23622,1,1,1.0,1
23623,1,0,0.2985425,0
23624,1,1,1.0,1
23625,1,1,0.9999846,1
23626,0,1,0.5046385,0
23627,1,0,0.22962157,0
23628,0,1,0.85342485,0
23629,1,1,0.9989936,1
23630,0,1,0.9997713,0
23631,1,1,0.99985456,1
23632,1,1,0.9992417,1
23633,1,1,1.0,1
23634,0,0,0.023464657,1
23635,0,1,0.9474297,0
23636,1,1,0.68071944,1
23637,0,0,0.052376077,1
23638,1,1,0.9845754,1
23639,0,1,0.35440516,0
23640,1,1,0.78057885,1
23641,0,1,0.92905515,0
23642,1,1,0.94407386,1
23643,1,1,0.94417685,1
23644,0,0,0.042802144,1
23645,1,1,1.0,1
23646,1,1,0.99999976,1
23647,0,0,0.16224726,1
23648,0,0,0.009689717,1
23649,1,1,0.9999149,1
23650,1,1,0.82032555,1
23651,0,1,0.47043243,0
23652,0,0,0.11956225,1
23653,1,1,0.6691506,1
23654,0,0,0.19899648,1
23655,1,1,0.9999845,1
23656,1,0,0.14360754,0
23657,0,1,0.84645087,0
23658,1,0,0.16954333,0
23659,1,1,0.999015,1
23660,0,0,0.032283258,1
23661,1,1,0.99999976,1
23662,0,1,0.7898827,0
23663,1,1,0.9992489,1
23664,0,1,0.9199307,0
23665,1,1,1.0,1
23666,1,0,0.033716537,0
23667,1,1,1.0,1
23668,1,1,0.9999795,1
23669,1,1,1.0,1
23670,0,0,0.073098525,1
23671,0,1,0.97275317,0
23672,1,1,0.988425,1
23673,1,1,1.0,1
23674,1,0,0.163579,0
23675,0,0,0.0068771075,1
23676,0,1,0.99996734,0
23677,0,1,0.98238933,0
23678,0,1,0.9999777,0
23679,1,1,1.0,1
23680,0,0,0.31975833,1
23681,0,1,0.5560983,0
23682,0,0,0.1404541,1
23683,1,1,0.999987,1
23684,1,1,0.9999999,1
23685,1,1,0.9999567,1
23686,0,1,1.0,0
23687,0,1,1.0,0
23688,0,1,0.99401975,0
23689,1,1,1.0,1
23690,0,0,0.0016678822,1
23691,0,0,0.35031024,1
23692,1,1,0.9999796,1
23693,1,1,0.88759494,1
23694,1,1,0.9999993,1
23695,1,1,0.9448931,1
23696,1,0,0.1404541,0
23697,1,1,0.9966756,1
23698,0,1,0.9999994,0
23699,0,0,0.05770532,1
23700,1,1,0.7425151,1
23701,1,1,0.9999999,1
23702,1,1,0.99999857,1
23703,1,1,0.9999993,1
23704,0,0,0.019756919,1
23705,0,0,0.03448853,1
23706,0,0,0.2338813,1
23707,0,1,0.94479126,0
23708,1,1,0.9990872,1
23709,0,1,0.5236031,0
23710,0,1,0.5168393,0
23711,1,1,1.0,1
23712,0,0,0.07362963,1
23713,1,0,0.006450608,0
23714,0,1,0.6222298,0
23715,0,0,0.044389986,1
23716,0,1,0.98986953,0
23717,0,0,0.014672034,1
23718,0,0,0.013248331,1
23719,1,1,0.97752154,1
23720,1,1,1.0,1
23721,1,1,0.74816835,1
23722,1,1,0.9970879,1
23723,0,1,0.9999577,0
23724,1,1,0.708868,1
23725,0,0,0.041812986,1
23726,1,1,0.99999714,1
23727,1,1,0.6452876,1
23728,1,1,1.0,1
23729,1,1,0.68505466,1
23730,0,1,0.89302987,0
23731,1,1,0.9999993,1
23732,1,1,1.0,1
23733,0,1,0.89715594,0
23734,0,1,0.42384553,0
23735,0,0,0.079853736,1
23736,0,1,0.99994326,0
23737,1,1,0.7417676,1
23738,0,1,0.42772537,0
23739,0,0,0.33144423,1
23740,0,1,0.44622323,0
23741,0,0,0.15559098,1
23742,1,1,0.9999989,1
23743,1,1,0.9992519,1
23744,1,0,0.13454832,0
23745,0,1,0.9622143,0
23746,0,1,0.94165415,0
23747,0,0,0.01200735,1
23748,0,1,0.93403506,0
23749,1,1,0.97984195,1
23750,1,1,0.94143915,1
23751,1,0,0.077727415,0
23752,1,1,0.47158828,1
23753,1,1,0.99971753,1
23754,1,1,1.0,1
23755,1,1,0.56241685,1
23756,0,0,0.11656275,1
23757,1,1,0.99991345,1
23758,0,0,0.1752556,1
23759,1,1,0.99992776,1
23760,1,1,0.9999999,1
23761,0,0,0.12326005,1
23762,1,1,0.9995851,1
23763,0,0,0.036049988,1
23764,1,1,0.9999938,1
23765,1,0,0.2177531,0
23766,0,1,0.38658974,0
23767,0,0,0.23970512,1
23768,1,1,0.5687153,1
23769,0,1,0.9970421,0
23770,0,1,0.9999175,0
23771,1,1,1.0,1
23772,1,1,0.9977787,1
23773,0,1,0.9986594,0
23774,1,0,0.07477004,0
23775,0,1,0.9960238,0
23776,0,0,0.2249055,1
23777,0,0,0.01335085,1
23778,1,1,1.0,1
23779,0,1,0.9891187,0
23780,0,0,0.031202815,1
23781,0,0,0.015936995,1
23782,1,1,0.87674,1
23783,0,0,0.018246775,1
23784,1,1,0.9588471,1
23785,0,0,0.008950712,1
23786,0,1,0.6184924,0
23787,1,1,0.9999999,1
23788,1,1,1.0,1
23789,1,1,1.0,1
23790,0,1,0.39948946,0
23791,1,1,0.94386727,1
23792,1,1,0.9993135,1
23793,1,0,0.12426614,0
23794,1,0,0.032620545,0
23795,1,1,0.9979048,1
23796,0,0,0.17996249,1
23797,0,1,0.98846966,0
23798,1,0,0.13712755,0
23799,0,0,0.29396152,1
23800,1,1,1.0,1
23801,1,1,1.0,1
23802,1,1,0.41442478,1
23803,1,1,0.99898773,1
23804,1,1,0.9999999,1
23805,1,1,0.9999999,1
23806,0,0,0.20769641,1
23807,1,1,0.9994715,1
23808,1,0,0.15361264,0
23809,0,0,0.31520876,1
23810,1,1,0.99394965,1
23811,0,0,0.013795365,1
23812,1,1,0.7946241,1
23813,1,1,0.99927205,1
23814,1,1,1.0,1
23815,0,1,0.99890983,0
23816,1,1,1.0,1
23817,1,1,0.4873074,1
23818,1,0,0.1289633,0
23819,0,1,0.98427594,0
23820,1,1,0.9999671,1
23821,1,1,0.9999876,1
23822,0,1,0.9994653,0
23823,1,1,0.9999479,1
23824,0,1,0.7587788,0
23825,1,1,0.8576489,1
23826,0,1,0.46879065,0
23827,0,1,0.9999999,0
23828,1,1,0.99828595,1
23829,0,1,0.99946946,0
23830,1,1,1.0,1
23831,1,0,0.27430275,0
23832,0,0,0.12090512,1
23833,0,0,0.2188363,1
23834,0,0,0.2758119,1
23835,1,1,0.9999999,1
23836,1,1,0.9999467,1
23837,0,1,0.8386798,0
23838,1,0,0.009143315,0
23839,1,1,0.9989857,1
23840,1,1,1.0,1
23841,1,1,1.0,1
23842,0,0,0.2673125,1
23843,1,1,0.9999769,1
23844,1,0,0.010944577,0
23845,1,1,1.0,1
23846,1,1,1.0,1
23847,1,1,0.9889492,1
23848,0,1,0.9999838,0
23849,0,0,0.099382766,1
23850,0,0,0.03061778,1
23851,0,0,0.028517084,1
23852,1,1,0.96391606,1
23853,1,0,0.010189338,0
23854,1,1,0.99496907,1
23855,0,0,0.017797453,1
23856,0,1,0.96969944,0
23857,1,1,0.90286684,1
23858,0,1,0.9989759,0
23859,0,1,0.4191129,0
23860,1,1,0.99864894,1
23861,0,0,0.1538032,1
23862,1,1,0.9999989,1
23863,0,0,0.19238758,1
23864,1,1,0.98154205,1
23865,1,1,0.9552774,1
23866,1,1,0.8611883,1
23867,0,0,0.14211279,1
23868,0,1,0.9797647,0
23869,1,0,0.20110625,0
23870,0,1,0.9916196,0
23871,0,0,0.03915837,1
23872,1,1,0.9847231,1
23873,0,1,0.99999666,0
23874,0,0,0.15520647,1
23875,1,1,0.9999925,1
23876,0,0,0.06638737,1
23877,0,1,0.9996574,0
23878,1,1,1.0,1
23879,1,1,0.87245613,1
23880,0,0,0.023308529,1
23881,1,0,0.05981148,0
23882,1,1,1.0,1
23883,1,0,0.2739627,0
23884,0,1,0.98959166,0
23885,0,1,0.7855554,0
23886,1,1,0.99956864,1
23887,0,1,0.3638164,0
23888,0,1,0.99888176,0
23889,1,1,0.9999999,1
23890,1,1,0.9999999,1
23891,0,1,0.44546923,0
23892,0,1,0.6475754,0
23893,0,1,1.0,0
23894,0,1,0.9993487,0
23895,1,1,0.9999964,1
23896,0,0,0.04773565,1
23897,1,1,0.96069443,1
23898,0,0,0.061762713,1
23899,1,1,1.0,1
23900,1,1,0.9957848,1
23901,1,0,0.085785836,0
23902,1,1,0.9999999,1
23903,1,1,0.9987478,1
23904,0,1,0.5946101,0
23905,0,0,0.052960765,1
23906,1,0,0.094176665,0
23907,1,0,0.005281334,0
23908,0,0,0.2688934,1
23909,0,1,0.99993944,0
23910,1,0,0.011777842,0
23911,1,1,0.997399,1
23912,0,0,0.050893724,1
23913,1,0,0.26038945,0
23914,1,0,0.013848611,0
23915,0,1,0.98932695,0
23916,0,1,0.9777776,0
23917,0,1,0.972336,0
23918,0,1,1.0,0
23919,1,1,0.9999924,1
23920,1,1,0.6356183,1
23921,1,1,0.99933076,1
23922,1,1,0.9999987,1
23923,1,1,0.9999932,1
23924,1,1,0.9885804,1
23925,1,1,0.99993956,1
23926,1,1,1.0,1
23927,0,0,0.09518112,1
23928,1,1,0.6749617,1
23929,1,1,0.98926485,1
23930,0,0,0.30507585,1
23931,0,0,0.028220985,1
23932,1,1,0.7580631,1
23933,1,1,0.45562246,1
23934,1,1,0.9920773,1
23935,0,1,0.9972045,0
23936,1,1,0.43143442,1
23937,0,0,0.13240233,1
23938,1,1,0.9129808,1
23939,1,1,0.99998,1
23940,0,1,0.9988927,0
23941,1,1,0.9999926,1
23942,1,0,0.07257096,0
23943,1,1,0.9984542,1
23944,0,0,0.024237636,1
23945,1,1,0.9552357,1
23946,1,1,0.6667681,1
23947,1,1,0.99999344,1
23948,1,0,0.094594024,0
23949,0,1,0.99903023,0
23950,1,1,0.9994418,1
23951,1,0,0.07126734,0
23952,0,1,0.8272706,0
23953,1,1,0.9675638,1
23954,1,1,1.0,1
23955,1,0,0.059210252,0
23956,0,0,0.2758119,1
23957,0,0,0.22499062,1
23958,1,1,1.0,1
23959,1,1,0.9794526,1
23960,1,1,0.9999454,1
23961,1,1,0.9909972,1
23962,0,0,0.14288844,1
23963,1,0,0.31242245,0
23964,1,1,0.999985,1
23965,1,1,0.9999982,1
23966,1,1,1.0,1
23967,0,1,0.98427594,0
23968,1,1,0.9999999,1
23969,0,0,0.19814174,1
23970,0,0,0.28497383,1
23971,1,1,0.65052277,1
23972,1,1,1.0,1
23973,0,1,0.93071055,0
23974,1,1,0.75868946,1
23975,1,1,0.54970104,1
23976,1,1,0.9882449,1
23977,1,1,0.9928092,1
23978,1,1,1.0,1
23979,1,1,0.81479084,1
23980,0,1,0.999764,0
23981,0,0,0.08035747,1
23982,0,1,0.995008,0
23983,1,1,0.9958418,1
23984,0,1,0.65869194,0
23985,0,0,0.22278468,1
23986,0,0,0.0715912,1
23987,0,0,0.13313322,1
23988,0,1,0.96203625,0
23989,0,0,0.26521385,1
23990,0,1,0.99998856,0
23991,0,1,0.9999976,0
23992,1,1,0.99999964,1
23993,1,1,0.9890554,1
23994,1,1,1.0,1
23995,1,1,0.9994418,1
23996,1,1,0.8940517,1
23997,1,0,0.101144664,0
23998,1,1,0.8626991,1
23999,0,1,0.82190347,0
24000,1,1,0.9147487,1
24001,1,1,0.5323036,1
24002,1,0,0.01200735,0
24003,1,1,0.9999999,1
24004,1,1,0.3846232,1
24005,1,1,0.9999969,1
24006,1,0,0.16105616,0
24007,0,0,0.16198196,1
24008,1,1,0.99822825,1
24009,0,0,0.25036255,1
24010,1,1,0.9999999,1
24011,1,0,0.114665605,0
24012,1,1,0.97782,1
24013,1,1,0.80639565,1
24014,1,0,0.01533582,0
24015,1,1,0.9921841,1
24016,0,1,0.62142605,0
24017,1,1,0.9999838,1
24018,0,0,0.19852991,1
24019,0,0,0.2358996,1
24020,1,1,0.99984825,1
24021,1,0,0.24826072,0
24022,0,1,0.69796926,0
24023,1,1,0.9824905,1
24024,1,1,0.9782396,1
24025,0,0,0.12495856,1
24026,0,0,0.17272931,1
24027,1,1,0.99999976,1
24028,0,1,0.99998426,0
24029,1,1,0.9335521,1
24030,0,1,0.99886864,0
24031,0,1,0.98527133,0
24032,1,1,1.0,1
24033,0,1,0.9970073,0
24034,0,0,0.077727415,1
24035,0,1,0.82976806,0
24036,0,1,0.9947595,0
24037,0,0,0.04564947,1
24038,0,0,0.254787,1
24039,1,0,0.30845058,0
24040,1,1,0.9999286,1
24041,1,1,1.0,1
24042,0,1,0.6569335,0
24043,1,0,0.26312575,0
24044,1,1,0.51470524,1
24045,0,0,0.23908274,1
24046,1,1,0.99999964,1
24047,1,1,1.0,1
24048,1,1,0.5032959,1
24049,0,1,0.9928092,0
24050,0,0,0.040922306,1
24051,0,1,0.9999708,0
24052,1,1,0.3880671,1
24053,0,1,0.9801293,0
24054,0,0,0.06966823,1
24055,1,0,0.018511046,0
24056,1,1,1.0,1
24057,0,0,0.11797801,1
24058,0,0,0.24889913,1
24059,1,1,1.0,1
24060,1,1,1.0,1
24061,1,1,0.95806944,1
24062,1,1,0.85342485,1
24063,1,1,0.9974191,1
24064,1,1,0.9999999,1
24065,1,1,0.9349319,1
24066,0,0,0.015014747,1
24067,0,0,0.099120855,1
24068,1,0,0.0946777,0
24069,1,1,0.40203992,1
24070,0,0,0.010071824,1
24071,1,1,0.37851653,1
24072,1,0,0.0015947326,0
24073,1,0,0.037821285,0
24074,1,1,0.9999988,1
24075,1,1,0.9851576,1
24076,0,1,0.44480592,0
24077,1,1,0.9997187,1
24078,1,1,0.5480689,1
24079,0,1,0.99999917,0
24080,1,1,0.99999547,1
24081,1,1,0.6867378,1
24082,0,1,0.85633236,0
24083,1,1,0.40981117,1
24084,1,1,0.99998367,1
24085,0,0,0.15450352,1
24086,1,1,0.49511734,1
24087,0,1,0.99998724,0
24088,1,1,0.9175984,1
24089,0,1,0.4431184,0
24090,0,1,0.99980134,0
24091,0,1,0.5571226,0
24092,0,0,0.0012994274,1
24093,0,1,0.9152803,0
24094,0,1,0.83141696,0
24095,0,1,0.89228123,0
24096,0,0,0.024237636,1
24097,1,1,0.99960417,1
24098,0,0,0.11018359,1
24099,0,1,0.9731898,0
24100,0,0,0.12121686,1
24101,1,1,1.0,1
24102,1,1,0.5093068,1
24103,1,1,0.99456257,1
24104,1,0,0.18469396,0
24105,1,1,0.9999491,1
24106,0,1,0.9928786,0
24107,1,1,0.6426007,1
24108,1,1,0.98625773,1
24109,1,1,0.99999976,1
24110,1,1,0.69342107,1
24111,0,0,0.2220247,1
24112,1,0,0.056652427,0
24113,1,1,0.99999857,1
24114,1,1,1.0,1
24115,1,1,0.99085677,1
24116,0,1,0.9994105,0
24117,0,0,0.21370518,1
24118,0,0,0.077447854,1
24119,1,1,0.8568123,1
24120,0,1,0.9912548,0
24121,1,1,0.9999168,1
24122,1,1,1.0,1
24123,1,0,0.032466814,0
24124,0,0,0.062103122,1
24125,0,0,0.037291814,1
24126,1,0,0.14511536,0
24127,1,0,0.09434341,0
24128,1,1,0.66252357,1
24129,1,1,0.98680264,1
24130,1,1,0.84556025,1
24131,1,1,0.7902067,1
24132,0,0,0.007446194,1
24133,1,1,1.0,1
24134,0,1,0.99946314,0
24135,0,0,0.006241259,1
24136,0,0,0.32729194,1
24137,0,0,0.21717146,1
24138,0,1,0.76073956,0
24139,1,1,0.9977525,1
24140,0,0,0.24744149,1
24141,0,1,0.70826304,0
24142,1,1,0.99918956,1
24143,1,0,0.042443503,0
24144,1,0,0.04177388,0
24145,1,0,0.22236224,0
24146,0,1,0.5451041,0
24147,0,1,0.49212712,0
24148,1,1,0.99998593,1
24149,0,1,0.50772035,0
24150,1,0,0.2821962,0
24151,0,1,0.4024215,0
24152,1,1,0.99879104,1
24153,0,1,0.9994105,0
24154,0,0,0.02317551,1
24155,1,1,0.99951315,1
24156,0,0,0.21975583,1
24157,1,1,0.9984114,1
24158,1,1,0.69642305,1
24159,0,0,0.029479409,1
24160,1,1,1.0,1
24161,0,1,0.5971969,0
24162,1,1,1.0,1
24163,0,0,0.050283972,1
24164,1,1,0.947381,1
24165,1,1,1.0,1
24166,1,1,0.9952356,1
24167,0,1,0.72744334,0
24168,0,0,0.13313322,1
24169,0,1,0.95976204,0
24170,1,1,1.0,1
24171,1,0,0.3197052,0
24172,1,1,1.0,1
24173,0,1,0.99306935,0
24174,1,1,0.858244,1
24175,1,1,1.0,1
24176,0,0,0.026733862,1
24177,0,1,0.86396646,0
24178,1,0,0.089853115,0
24179,1,1,0.9799574,1
24180,0,1,0.9364014,0
24181,1,0,0.19375685,0
24182,1,0,0.22219339,0
24183,0,1,0.4082178,0
24184,1,1,0.99529994,1
24185,1,1,0.9998293,1
24186,0,1,0.51772326,0
24187,0,0,0.2155158,1
24188,0,1,0.6931096,0
24189,1,1,1.0,1
24190,1,1,0.9999999,1
24191,0,0,0.040999033,1
24192,1,1,0.9999796,1
24193,0,0,0.057864826,1
24194,1,1,1.0,1
24195,1,1,0.9756467,1
24196,0,0,0.06903792,1
24197,0,1,0.928668,0
24198,1,1,0.6063819,1
24199,1,1,0.48721597,1
24200,1,0,0.23722233,0
24201,0,0,0.061311536,1
24202,0,0,0.055823144,1
24203,0,0,0.09334689,1
24204,1,1,0.99999976,1
24205,0,1,0.39294818,0
24206,1,1,1.0,1
24207,0,1,0.9989759,0
24208,0,0,0.13449147,1
24209,1,0,0.10374862,0
24210,1,1,0.9986646,1
24211,0,1,0.99998,0
24212,1,0,0.098946586,0
24213,0,1,0.9956176,0
24214,1,1,0.46994594,1
24215,1,1,0.6004813,1
24216,1,1,0.99998593,1
24217,1,0,0.02368947,0
24218,1,1,1.0,1
24219,0,0,0.1309508,1
24220,1,1,0.9991573,1
24221,1,1,0.99951494,1
24222,1,1,0.7281688,1
24223,0,1,0.9999995,0
24224,1,1,1.0,1
24225,0,0,0.076683804,1
24226,0,0,0.0145035805,1
24227,0,1,0.9532751,0
24228,0,1,0.8583628,0
24229,1,1,0.99271095,1
24230,0,0,0.19322349,1
24231,0,0,0.022011232,1
24232,0,1,0.8729984,0
24233,1,1,0.9999993,1
24234,0,0,0.122891165,1
24235,0,1,0.7299531,0
24236,0,0,0.17553806,1
24237,0,0,0.018055335,1
24238,0,1,0.42963874,0
24239,0,0,0.030243218,1
24240,1,1,1.0,1
24241,0,0,0.12522575,1
24242,0,1,0.8785229,0
24243,0,0,0.09602549,1
24244,0,1,0.93726826,0
24245,1,1,0.9979532,1
24246,0,1,0.9999944,0
24247,1,0,0.1304515,0
24248,0,0,0.20386599,1
24249,1,1,0.999949,1
24250,0,0,0.08359068,1
24251,0,0,0.24382246,1
24252,0,0,0.21321328,1
24253,0,1,0.5386799,0
24254,0,0,0.15285237,1
24255,0,0,0.1218424,1
24256,0,1,0.62079406,0
24257,0,0,0.26227456,1
24258,0,1,0.99918646,0
24259,0,1,0.49166948,0
24260,0,0,0.09293445,1
24261,0,0,0.19636348,1
24262,1,1,1.0,1
24263,1,1,0.99970347,1
24264,1,1,0.98076576,1
24265,1,0,0.032620545,0
24266,0,0,0.27532452,1
24267,1,1,1.0,1
24268,1,0,0.15272596,0
24269,1,1,1.0,1
24270,1,1,0.9991704,1
24271,1,1,0.9999999,1
24272,1,1,0.48669747,1
24273,0,1,0.9968087,0
24274,1,1,0.9999999,1
24275,0,1,0.8842393,0
24276,1,0,0.098512106,0
24277,1,1,0.8200375,1
24278,0,1,0.57969785,0
24279,1,1,0.9890765,1
24280,1,1,0.99992514,1
24281,1,0,0.28841874,0
24282,1,0,0.10511863,0
24283,1,0,0.26817408,0
24284,1,1,0.8512122,1
24285,0,1,0.86048645,0
24286,0,1,0.89533985,0
24287,0,0,0.24653336,1
24288,1,1,0.998345,1
24289,1,1,0.99994195,1
24290,1,1,0.67109346,1
24291,1,1,0.9970421,1
24292,1,1,0.9999757,1
24293,1,1,0.9999999,1
24294,0,0,0.09309923,1
24295,1,1,0.4956056,1
24296,1,1,0.99575186,1
24297,1,0,0.057229258,0
24298,1,1,0.7499581,1
24299,1,1,1.0,1
24300,0,0,0.095265254,1
24301,0,1,0.43530127,0
24302,0,1,0.93257624,0
24303,0,1,0.99845123,0
24304,1,0,0.32627144,0
24305,0,1,0.8342719,0
24306,1,1,0.611556,1
24307,0,1,0.72360253,0
24308,0,1,0.67109346,0
24309,1,0,0.33928013,0
24310,1,1,0.8435088,1
24311,1,1,0.41923183,1
24312,0,0,0.14633106,1
24313,0,0,0.07978202,1
24314,1,1,0.99912554,1
24315,0,0,0.0005884088,1
24316,1,1,0.7905303,1
24317,0,1,0.9984207,0
24318,1,1,1.0,1
24319,1,1,0.99424744,1
24320,0,1,0.6087685,0
24321,1,0,0.09342957,0
24322,1,1,1.0,1
24323,0,0,0.0551069,1
24324,1,1,0.99939406,1
24325,1,1,0.9991541,1
24326,0,1,0.75087255,0
24327,1,1,1.0,1
24328,0,1,0.9610615,0
24329,1,0,0.24077459,0
24330,1,1,0.99894744,1
24331,1,1,0.9967963,1
24332,0,1,0.63663554,0
24333,1,1,0.98951083,1
24334,0,1,0.87914675,0
24335,1,1,0.99496907,1
24336,0,0,0.043365803,1
24337,1,0,0.020100236,0
24338,0,1,0.9449947,0
24339,0,0,0.28343415,1
24340,1,1,0.9999857,1
24341,1,1,1.0,1
24342,1,0,0.107437484,0
24343,0,0,0.18616903,1
24344,0,1,0.38858902,0
24345,1,1,0.9999989,1
24346,1,1,0.65880173,1
24347,1,1,1.0,1
24348,0,1,0.94649786,0
24349,1,1,1.0,1
24350,0,0,0.19132766,1
24351,0,1,0.8645393,0
24352,0,1,0.7719295,0
24353,1,0,0.04738177,0
24354,1,1,0.660008,1
24355,1,1,0.5589891,1
24356,1,1,0.99917525,1
24357,0,1,0.97513086,0
24358,1,1,0.9985134,1
24359,1,1,0.4627158,1
24360,1,1,0.9998827,1
24361,0,1,0.5654188,0
24362,1,1,1.0,1
24363,1,1,0.99976224,1
24364,1,1,0.99999976,1
24365,0,1,0.9911011,0
24366,0,1,0.9999697,0
24367,1,1,1.0,1
24368,1,1,0.9989434,1
24369,0,0,0.05802475,1
24370,0,1,0.46721023,0
24371,0,0,0.018546565,1
24372,1,1,0.9999939,1
24373,0,0,0.20055768,1
24374,1,1,0.99999976,1
24375,1,0,0.2903265,0
24376,0,0,0.33807713,1
24377,0,0,0.11930549,1
24378,0,0,0.12989861,1
24379,1,0,0.25173965,0
24380,0,0,0.013248331,1
24381,0,0,0.078148484,1
24382,0,0,0.15115306,1
24383,1,1,0.9759694,1
24384,1,1,1.0,1
24385,1,1,0.9948902,1
24386,0,0,0.07230849,1
24387,1,1,0.5997196,1
24388,1,1,0.9999994,1
24389,0,1,0.9979532,0
24390,1,0,0.22721201,0
24391,0,0,0.06979493,1
24392,0,1,0.68431675,0
24393,0,0,0.28120816,1
24394,1,1,1.0,1
24395,0,1,0.4406498,0
24396,1,1,1.0,1
24397,1,1,0.9078855,1
24398,0,1,0.99460465,0
24399,1,1,1.0,1
24400,0,1,0.62377805,0
24401,0,0,0.023219766,1
24402,1,1,1.0,1
24403,0,0,0.10771874,1
24404,0,0,0.026280278,1
24405,1,1,0.99724233,1
24406,1,1,0.99822825,1
24407,1,1,1.0,1
24408,0,1,0.91482496,0
24409,0,1,0.96853036,0
24410,1,0,0.22042635,0
24411,0,0,0.0808641,1
24412,1,1,0.9877823,1
24413,0,0,0.19208428,1
24414,1,1,1.0,1
24415,0,1,0.75110084,0
24416,0,0,0.00698465,1
24417,1,1,0.99398476,1
24418,1,1,0.9999949,1
24419,0,0,0.040087357,1
24420,0,0,0.18491466,1
24421,1,0,0.24853417,0
24422,1,1,0.99140584,1
24423,1,1,0.9443824,1
24424,1,0,0.289673,0
24425,0,0,0.29548398,1
24426,1,1,1.0,1
24427,1,1,0.99999654,1
24428,1,1,0.99999976,1
24429,0,0,0.29254478,1
24430,1,1,0.99951875,1
24431,1,0,0.21891974,0
24432,0,1,0.9606575,0
24433,0,0,0.28373176,1
24434,0,0,0.10266401,1
24435,0,0,0.20489818,1
24436,1,1,0.9999881,1
24437,1,1,0.99998844,1
24438,0,0,0.050705362,1
24439,0,0,0.092359796,1
24440,1,1,0.98125684,1
24441,0,0,0.08359068,1
24442,1,1,0.8898164,1
24443,0,1,0.99999774,0
24444,1,0,0.07100922,0
24445,1,1,1.0,1
24446,1,1,0.97513086,1
24447,1,1,0.9932811,1
24448,1,1,0.85729086,1
24449,1,1,0.9834387,1
24450,1,1,0.9320215,1
24451,0,0,0.103930384,1
24452,0,1,0.95540243,0
24453,1,1,0.94539934,1
24454,1,1,0.99987566,1
24455,1,0,0.03265138,0
24456,1,1,0.9999999,1
24457,1,1,0.9876401,1
24458,1,1,0.9425596,1
24459,0,1,0.8802834,0
24460,1,0,0.028220985,0
24461,0,1,0.99447733,0
24462,1,0,0.013558245,0
24463,1,1,0.99999976,1
24464,0,0,0.036356665,1
24465,0,0,0.07172112,1
24466,1,1,0.9701835,1
24467,0,1,0.9998273,0
24468,0,0,0.3489224,1
24469,1,1,0.9994986,1
24470,1,1,0.99999654,1
24471,0,0,0.014957087,1
24472,1,0,0.0072187525,0
24473,0,1,0.4929814,0
24474,0,1,0.4001632,0
24475,1,0,0.15291561,0
24476,1,1,0.9999999,1
24477,1,1,0.99595356,1
24478,1,1,0.99999845,1
24479,1,0,0.08419108,0
24480,1,1,0.999213,1
24481,1,1,0.4757271,1
24482,1,1,0.9999212,1
24483,1,1,0.9996526,1
24484,1,1,0.999956,1
24485,1,1,0.99966204,1
24486,0,1,0.388618,0
24487,1,1,0.99958676,1
24488,1,1,1.0,1
24489,0,1,0.878627,0
24490,0,0,0.14996658,1
24491,0,0,0.0269635,1
24492,0,1,0.48498988,0
24493,1,1,0.9999989,1
24494,1,1,0.9993135,1
24495,1,1,0.9999999,1
24496,1,0,0.27727723,0
24497,0,0,0.028652672,1
24498,1,1,0.99999976,1
24499,1,1,0.99978846,1
24500,1,1,0.9998902,1
24501,1,0,0.019014433,0
24502,1,0,0.15687834,0
24503,0,0,0.29299974,1
24504,1,0,0.03715183,0
24505,1,1,0.99999964,1
24506,1,1,0.54237854,1
24507,1,0,0.00902028,0
24508,1,1,0.94664603,1
24509,1,1,0.9999877,1
24510,1,1,0.9922294,1
24511,1,0,0.119151674,0
24512,1,1,0.9999734,1
24513,0,1,0.99802387,0
24514,0,1,0.75904685,0
24515,1,0,0.033431362,0
24516,1,1,0.8037906,1
24517,1,1,0.99998176,1
24518,1,1,0.9999689,1
24519,1,0,0.06542547,0
24520,0,1,0.7264256,0
24521,1,0,0.1431278,0
24522,1,0,0.0003225072,0
24523,1,0,0.037538007,0
24524,1,1,0.99895155,1
24525,1,1,0.99999976,1
24526,1,1,0.6953898,1
24527,0,1,0.7229184,0
24528,1,0,0.10856642,0
24529,0,1,0.99994934,0
24530,0,1,0.6980722,0
24531,0,1,0.99821776,0
24532,1,1,0.4592277,1
24533,0,0,0.08411581,1
24534,0,0,0.23642808,1
24535,1,1,1.0,1
24536,0,1,0.9824905,0
24537,1,1,0.99999857,1
24538,0,1,0.9943141,0
24539,1,1,0.99997795,1
24540,1,1,0.99999964,1
24541,0,1,0.99789655,0
24542,0,0,0.20545557,1
24543,0,1,0.45983407,0
24544,0,1,0.98672616,0
24545,1,0,0.08670936,0
24546,1,1,0.43326193,1
24547,1,0,0.044597577,0
24548,1,1,0.99657035,1
24549,1,1,0.6493007,1
24550,0,1,0.93318766,0
24551,0,1,0.7415804,0
24552,1,1,0.9642206,1
24553,0,1,0.99879104,0
24554,1,1,1.0,1
24555,1,1,0.96485513,1
24556,1,1,0.995523,1
24557,0,1,0.9999993,0
24558,1,1,0.99999785,1
24559,0,1,0.45093358,0
24560,0,1,0.99997926,0
24561,1,1,0.84234506,1
24562,0,1,0.9999435,0
24563,0,0,0.07538034,1
24564,0,1,0.8625833,0
24565,0,0,0.30673468,1
24566,0,0,0.09721884,1
24567,0,0,0.07303238,1
24568,1,1,0.9999988,1
24569,1,1,0.99999976,1
24570,1,1,0.99939644,1
24571,1,0,0.0570714,0
24572,0,0,0.10771874,1
24573,1,1,1.0,1
24574,0,1,0.9999993,0
24575,1,1,0.99998796,1
24576,0,1,0.85318035,0
24577,0,1,0.9939261,0
24578,0,1,0.98250717,0
24579,1,1,0.99496907,1
24580,0,1,0.88038635,0
24581,1,1,0.5520568,1
24582,1,0,0.20386599,0
24583,0,1,0.4369223,0
24584,0,0,0.06170614,1
24585,1,1,0.59018886,1
24586,1,1,0.9998952,1
24587,1,0,0.21419789,0
24588,1,1,0.47627518,1
24589,1,0,0.123365626,0
24590,0,0,0.116864756,1
24591,1,1,0.9425068,1
24592,1,1,1.0,1
24593,1,1,1.0,1
24594,1,1,0.9847378,1
24595,1,1,0.9986853,1
24596,1,1,0.99998844,1
24597,0,1,0.99998176,0
24598,0,1,0.8193158,0
24599,1,1,0.9998591,1
24600,1,1,0.99935883,1
24601,1,1,0.99416876,1
24602,0,0,0.21133544,1
24603,1,1,0.99995804,1
24604,0,1,0.9798805,0
24605,1,1,0.9125142,1
24606,0,1,0.99999976,0
24607,1,1,0.99999845,1
24608,0,1,0.7202207,0
24609,1,1,1.0,1
24610,1,1,0.9611345,1
24611,1,1,0.99995935,1
24612,0,0,0.13916223,1
24613,0,1,0.98920244,0
24614,0,0,0.012455653,1
24615,0,1,0.8797679,0
24616,0,0,0.021948252,1
24617,1,1,0.99999845,1
24618,1,1,0.9437118,1
24619,1,1,0.99004436,1
24620,1,1,0.9997843,1
24621,1,0,0.31200305,0
24622,1,1,0.99997604,1
24623,1,0,0.028140754,0
24624,0,0,0.022868007,1
24625,0,0,0.14724834,1
24626,1,0,0.19132766,0
24627,0,1,0.98873377,0
24628,0,1,0.8130158,0
24629,0,0,0.0921145,1
24630,1,0,0.022074388,0
24631,0,1,0.9933717,0
24632,0,1,0.8100285,0
24633,1,1,0.99999964,1
24634,1,1,0.9998134,1
24635,0,0,0.115960725,1
24636,1,1,1.0,1
24637,0,1,0.9999995,0
24638,1,0,0.19337577,0
24639,0,1,0.9999937,0
24640,1,0,0.064594455,0
24641,0,1,0.98225373,0
24642,0,1,0.5821347,0
24643,0,1,0.89561397,0
24644,1,1,0.9985979,1
24645,1,1,1.0,1
24646,1,1,0.9999993,1
24647,1,1,1.0,1
24648,0,1,0.9921233,0
24649,1,1,0.38156515,1
24650,1,1,0.9994241,1
24651,1,1,0.99989486,1
24652,0,0,0.034261618,1
24653,0,0,0.07497297,1
24654,0,0,0.0027954767,1
24655,0,1,1.0,0
24656,1,1,0.9999738,1
24657,0,1,0.9998872,0
24658,1,1,1.0,1
24659,1,1,0.99999964,1
24660,0,1,0.61998916,0
24661,1,1,0.9999999,1
24662,1,0,0.3241819,0
24663,0,0,0.11981949,1
24664,0,1,0.43647188,0
24665,1,1,1.0,1
24666,1,1,1.0,1
24667,1,1,0.99998164,1
24668,1,1,0.9999999,1
24669,1,1,0.992597,1
24670,1,1,1.0,1
24671,0,1,0.9570777,0
24672,0,1,0.44939262,0
24673,1,1,0.99999917,1
24674,0,1,0.65285033,0
24675,1,0,0.17610413,0
24676,1,0,0.12814279,0
24677,1,1,0.99993956,1
24678,1,1,0.99880743,1
24679,0,1,0.9994493,0
24680,1,1,0.89218736,1
24681,1,1,0.7345006,1
24682,1,1,0.9999958,1
24683,0,0,0.057440385,1
24684,0,1,0.9125142,0
24685,0,1,0.97275317,0
24686,1,0,0.0610871,0
24687,0,1,1.0,0
24688,1,1,0.71992546,1
24689,0,0,0.019794779,1
24690,0,0,0.08240149,1
24691,1,0,0.10176784,0
24692,0,0,0.0610871,1
24693,0,0,0.11476479,1
24694,1,1,1.0,1
24695,0,0,0.01665704,1
24696,1,1,0.9675945,1
24697,1,1,0.81390494,1
24698,0,1,0.6383282,0
24699,1,1,0.99952435,1
24700,1,1,0.9935993,1
24701,1,1,0.9995092,1
24702,0,1,0.98871195,0
24703,0,1,0.9999999,0
24704,1,1,1.0,1
24705,1,1,0.94479126,1
24706,1,0,0.3188032,0
24707,0,1,0.98819935,0
24708,1,1,0.99624926,1
24709,0,0,0.09704756,1
24710,0,1,0.87716144,0
24711,1,1,0.820757,1
24712,0,1,0.9858004,0
24713,1,1,0.9998752,1
24714,0,1,0.98801583,0
24715,1,0,0.04773565,0
24716,0,1,0.3682921,0
24717,1,1,0.89688534,1
24718,1,0,0.017746313,0
24719,1,1,0.98439646,1
24720,1,0,0.14572217,0
24721,1,1,0.5583872,1
24722,1,1,1.0,1
24723,1,1,1.0,1
24724,0,0,0.043977574,1
24725,0,0,0.18374003,1
24726,1,1,0.9958175,1
24727,0,0,0.22541662,1
24728,0,0,0.06330841,1
24729,0,0,0.050237365,1
24730,1,1,0.99996436,1
24731,1,1,0.95388025,1
24732,1,1,0.9896318,1
24733,0,1,0.5440142,0
24734,0,0,0.08277145,1
24735,1,1,0.66044617,1
24736,0,0,0.342764,1
24737,1,1,0.99381906,1
24738,1,0,0.11446747,0
24739,0,1,0.8315539,0
24740,1,1,0.9996402,1
24741,0,0,0.2509128,1
24742,1,0,0.012722708,0
24743,1,1,1.0,1
24744,1,1,0.996503,1
24745,1,1,1.0,1
24746,1,0,0.17795369,0
24747,1,0,0.0053744875,0
24748,1,1,0.9994319,1
24749,1,1,0.6661168,1
24750,1,1,0.99998343,1
24751,0,1,0.91321325,0
24752,1,1,0.99918646,1
24753,1,0,0.05379964,0
24754,1,1,0.9523531,1
24755,1,0,0.15649123,0
24756,1,1,1.0,1
24757,1,1,0.9991817,1
24758,0,1,0.99176437,0
24759,0,0,0.2548797,1
24760,1,1,0.9999975,1
24761,1,0,0.026480937,0
24762,0,1,0.64069206,0
24763,1,1,0.874292,1
24764,0,1,0.9570777,0
24765,1,1,0.99580115,1
24766,1,1,1.0,1
24767,0,1,1.0,0
24768,0,0,0.03615194,1
24769,1,1,1.0,1
24770,0,0,0.23704568,1
24771,1,1,0.9991135,1
24772,0,0,0.3184851,1
24773,1,1,0.9870297,1
24774,0,0,0.106597565,1
24775,1,0,0.111337796,0
24776,1,1,0.9999888,1
24777,1,1,0.99619776,1
24778,0,1,0.92892635,0
24779,0,1,0.9993893,0
24780,1,1,0.9990908,1
24781,0,0,0.24676017,1
24782,1,1,0.99998975,1
24783,0,0,0.02308724,1
24784,0,1,0.99952626,0
24785,1,1,0.9999982,1
24786,1,1,1.0,1
24787,1,1,0.9986249,1
24788,0,1,0.9784877,0
24789,0,0,0.24041773,1
24790,1,0,0.022222437,0
24791,0,1,0.47907716,0
24792,1,1,0.9884919,1
24793,1,1,0.6730305,1
24794,0,1,0.45916706,0
24795,1,1,0.9999758,1
24796,1,1,1.0,1
24797,0,0,0.33884242,1
24798,1,1,1.0,1
24799,1,1,0.9999995,1
24800,1,1,0.9877587,1
24801,1,1,1.0,1
24802,1,1,0.8253083,1
24803,0,1,0.8022459,0
24804,1,1,0.43623173,1
24805,1,1,0.36670312,1
24806,1,1,0.943608,1
24807,1,1,1.0,1
24808,1,0,0.2862191,0
24809,1,1,0.9999995,1
24810,1,0,0.18757874,0
24811,1,1,0.9969897,1
24812,0,1,0.7567173,0
24813,0,0,0.22253114,1
24814,0,1,0.3911152,0
24815,1,0,0.04451443,0
24816,1,1,0.7222333,1
24817,0,1,0.9985979,0
24818,1,1,0.9999808,1
24819,0,1,0.99933076,0
24820,1,1,0.9999968,1
24821,1,1,0.7744129,1
24822,1,1,0.9999989,1
24823,1,1,0.9997017,1
24824,0,1,0.9943581,0
24825,0,0,0.10502681,1
24826,0,0,0.02732453,1
24827,0,1,0.9999956,0
24828,1,1,0.9961903,1
24829,1,0,0.11676401,0
24830,0,1,0.4182216,0
24831,0,1,0.53940785,0
24832,0,1,0.99996555,0
24833,1,1,0.54516464,1
24834,0,1,0.7916601,0
24835,0,1,0.9906419,0
24836,0,0,0.122838534,1
24837,0,0,0.06985836,1
24838,0,1,0.48252058,0
24839,1,0,0.05525965,0
24840,1,1,0.761893,1
24841,0,0,0.28298813,1
24842,0,0,0.10650459,1
24843,1,1,0.9999403,1
24844,0,1,0.988425,0
24845,1,1,0.99999964,1
24846,1,1,0.9999957,1
24847,1,1,0.9566747,1
24848,0,1,0.96969944,0
24849,0,0,0.20110625,1
24850,0,0,0.038683496,1
24851,0,1,0.4363518,0
24852,1,0,0.014227045,0
24853,0,1,0.998147,0
24854,0,1,0.99342304,0
24855,1,1,0.88513595,1
24856,1,1,0.99184376,1
24857,1,1,0.9798034,1
24858,1,0,0.031678624,0
24859,0,0,0.11992252,1
24860,0,1,0.95154905,0
24861,1,1,0.99010193,1
24862,1,1,0.99165195,1
24863,0,1,0.40739238,0
24864,0,0,0.022911692,1
24865,1,1,1.0,1
24866,0,0,0.080213256,1
24867,1,1,0.9999263,1
24868,1,1,0.9999999,1
24869,0,0,0.051941562,1
24870,1,0,0.082549304,0
24871,0,1,0.7972413,0
24872,1,1,0.999992,1
24873,0,0,0.20995522,1
24874,1,1,0.9991013,1
24875,1,1,1.0,1
24876,1,1,0.9999882,1
24877,0,1,0.9181873,0
24878,1,1,0.99997294,1
24879,1,1,0.90481883,1
24880,1,1,0.37039617,1
24881,1,0,3.1941818e-05,0
24882,1,1,0.9130584,1
24883,0,1,0.5305405,0
24884,0,1,0.9736196,0
24885,1,1,0.6336371,1
24886,0,1,0.48950347,0
24887,0,1,0.6497453,0
24888,0,0,0.027066177,1
24889,1,1,0.9952448,1
24890,0,0,0.05754622,1
24891,0,0,0.021656675,1
24892,1,1,1.0,1
24893,1,0,0.083441176,0
24894,1,1,0.98244,1
24895,1,1,0.87147486,1
24896,0,0,0.05525965,1
24897,1,1,1.0,1
24898,1,1,0.9341553,1
24899,0,0,0.1098012,1
24900,1,0,0.2818996,0
24901,0,0,0.027220903,1
24902,0,0,0.33486128,1
24903,1,1,1.0,1
24904,1,1,0.97953105,1
24905,0,0,0.0065388246,1
24906,1,1,1.0,1
24907,1,1,0.99999785,1
24908,1,1,0.9991358,1
24909,1,1,0.9746528,1
24910,1,1,1.0,1
24911,1,1,0.9999995,1
24912,0,1,0.9144437,0
24913,1,1,1.0,1
24914,1,0,0.15726623,0
24915,1,1,1.0,1
24916,0,1,0.8431217,0
24917,0,0,0.08181271,1
24918,0,1,0.87125593,0
24919,1,1,0.9890765,1
24920,0,0,0.08694165,1
24921,1,1,0.99361163,1
24922,0,1,0.9996904,0
24923,1,1,0.99994993,1
24924,0,0,0.23943825,1
24925,0,1,0.99491006,0
24926,1,1,0.83467656,1
24927,1,1,0.8512122,1
24928,0,0,0.064065434,1
24929,1,1,0.99923575,1
24930,1,1,1.0,1
24931,0,0,0.14258969,1
24932,0,1,1.0,0
24933,1,1,0.59296125,1
24934,0,0,0.1838133,1
24935,0,0,0.12506539,1
24936,0,0,0.3003863,1
24937,1,0,0.13724312,0
24938,1,1,0.9999999,1
24939,1,0,0.18068421,0
24940,0,0,0.1737083,1
24941,1,1,0.9999893,1
24942,0,0,0.15475886,1
24943,1,1,0.99967873,1
24944,1,1,0.999998,1
24945,1,1,1.0,1
24946,1,1,0.99999964,1
24947,1,1,1.0,1
24948,0,1,0.6949759,0
24949,1,1,0.99818975,1
24950,1,1,0.99927205,1
24951,0,0,0.06342434,1
24952,0,0,0.020964239,1
24953,1,0,0.1897462,0
24954,1,0,0.24676017,0
24955,0,0,0.1483554,1
24956,1,1,0.99609274,1
24957,0,0,0.0551069,1
24958,0,1,0.99999976,0
24959,0,0,0.11047115,1
24960,0,0,0.031084953,1
24961,0,0,0.124213,1
24962,0,0,0.19636348,1
24963,0,1,0.999992,0
24964,0,0,0.33312345,1
24965,0,0,0.0672398,1
24966,1,1,0.9999937,1
24967,0,0,0.027143434,1
24968,0,1,0.99999917,0
24969,1,0,0.12770702,0
24970,0,0,0.020390792,1
24971,0,0,0.010529713,1
24972,0,0,0.22524613,1
24973,1,1,0.50878817,1
24974,0,1,0.43674213,0
24975,1,1,0.9999206,1
24976,1,1,0.9999957,1
24977,0,0,0.08291986,1
24978,0,1,0.48581314,0
24979,1,1,0.98524296,1
24980,0,1,0.9733675,0
24981,0,1,0.97573924,0
24982,1,1,0.9804874,1
24983,1,1,0.8880812,1
24984,1,1,0.9999745,1
24985,0,0,0.008187911,1
24986,1,1,0.99999356,1
24987,0,1,0.7128323,0
24988,1,1,0.5661984,1
24989,1,1,0.9991959,1
24990,1,1,0.9999995,1
24991,0,0,0.22405545,1
24992,1,0,0.022521457,0
24993,1,1,0.9999385,1
24994,1,0,0.15610489,0
24995,0,1,0.3797521,0
24996,0,1,0.9832306,0
24997,1,1,0.9806178,1
24998,1,1,0.9994012,1
24999,0,0,0.023621805,1
25000,0,1,0.36088312,0
25001,1,1,0.99992883,1
25002,0,1,0.9666002,0
25003,0,1,0.99966526,0
25004,1,1,0.9992549,1
25005,0,1,0.99808073,0
25006,0,0,0.116864756,1
25007,1,1,0.8318272,1
25008,0,1,0.5652388,0
25009,1,1,0.41935065,1
25010,0,0,0.2243952,1
25011,1,1,0.99808073,1
25012,1,1,0.7331176,1
25013,0,0,0.11018359,1
25014,1,0,0.2875677,0
25015,1,1,0.9999999,1
25016,1,1,0.9961606,1
25017,1,1,0.999956,1
25018,1,1,0.9998416,1
25019,0,1,0.99433607,0
25020,1,1,0.9971495,1
25021,1,1,0.9999957,1
25022,0,0,0.12210386,1
25023,0,0,0.07758752,1
25024,0,1,0.6152612,0
25025,1,1,1.0,1
25026,1,1,0.99997675,1
25027,1,1,1.0,1
25028,1,1,0.9999999,1
25029,1,1,0.99999917,1
25030,0,1,0.9997063,0
25031,0,0,0.0063883206,1
25032,1,1,1.0,1
25033,1,0,0.16020033,0
25034,0,1,0.89010334,0
25035,0,1,0.90772206,0
25036,0,0,0.15241031,1
25037,0,1,0.9999778,0
25038,0,0,0.050893724,1
25039,0,1,0.93963695,0
25040,0,0,0.14469185,1
25041,1,1,0.9999789,1
25042,1,1,0.99983394,1
25043,1,1,0.7061398,1
25044,0,0,0.04300264,1
25045,1,0,0.15077755,0
25046,1,1,0.90747637,1
25047,1,1,1.0,1
25048,1,1,0.99589807,1
25049,1,1,0.9876401,1
25050,1,0,0.052376077,0
25051,1,1,0.9999614,1
25052,1,0,0.013715874,0
25053,1,1,1.0,1
25054,1,1,0.989368,1
25055,0,0,0.013982613,1
25056,1,1,0.99060565,1
25057,0,0,0.10365786,1
25058,1,0,0.28279,0
25059,0,1,0.98588216,0
25060,0,0,0.008950712,1
25061,1,1,0.9998766,1
25062,1,0,0.2509128,0
25063,1,1,0.99888176,1
25064,0,1,0.9999994,0
25065,0,0,0.1338675,1
25066,0,1,0.70669675,0
25067,1,1,1.0,1
25068,1,0,0.12863456,0
25069,1,1,0.6234915,1
25070,1,0,0.0065769986,0
25071,1,1,1.0,1
25072,1,1,0.971537,1
25073,0,0,0.040464837,1
25074,0,0,0.1260303,1
25075,0,0,0.028679863,1
25076,1,1,1.0,1
25077,1,1,0.9854124,1
25078,1,0,0.25358367,0
25079,1,0,0.02265081,0
25080,1,1,0.5431662,1
25081,1,1,0.987375,1
25082,0,0,0.11787642,1
25083,0,0,0.07899691,1
25084,0,1,0.6404672,0
25085,0,0,0.07647662,1
25086,0,0,0.11940814,1
25087,1,1,1.0,1
25088,0,1,0.8349459,0
25089,1,0,0.22236224,0
25090,0,1,0.9854124,0
25091,1,1,0.9998766,1
25092,0,0,0.21076632,1
25093,1,1,1.0,1
25094,0,1,0.9982893,0
25095,1,1,0.9999094,1
25096,0,0,0.09041373,1
25097,1,1,0.9999994,1
25098,0,0,0.13563229,1
25099,1,1,0.9912548,1
25100,1,1,0.59066117,1
25101,0,1,0.98045003,0
25102,1,1,0.992725,1
25103,0,0,0.15495054,1
25104,0,0,0.027220903,1
25105,1,1,0.9999999,1
25106,1,1,0.5364951,1
25107,1,1,0.86339164,1
25108,0,1,0.3955427,0
25109,1,1,0.9655439,1
25110,0,0,0.3217263,1
25111,0,1,0.53594863,0
25112,1,1,0.9987576,1
25113,0,1,0.9999752,0
25114,1,1,0.3545448,1
25115,1,1,0.9999995,1
25116,0,1,0.5169613,0
25117,0,1,0.99999774,0
25118,1,1,0.9997876,1
25119,1,1,0.99827933,1
25120,0,0,0.2654042,1
25121,0,1,0.3878932,0
25122,0,0,0.29158568,1
25123,1,1,0.99999917,1
25124,0,1,0.8784186,0
25125,1,1,0.99184376,1
25126,1,1,0.9978719,1
25127,0,1,0.9994653,0
25128,1,0,0.052037824,0
25129,1,1,0.9998859,1
25130,0,0,0.12608409,1
25131,0,1,0.9966102,0
25132,1,1,1.0,1
25133,0,1,0.94154674,0
25134,0,0,0.108377546,1
25135,1,1,0.9999999,1
25136,1,0,0.108471945,0
25137,0,0,0.26573753,1
25138,1,0,0.34449854,0
25139,1,1,0.86488205,1
25140,0,0,0.0705596,1
25141,0,0,0.21750368,1
25142,1,1,1.0,1
25143,0,0,0.14854057,1
25144,1,1,0.7037022,1
25145,0,0,0.04773565,1
25146,1,1,0.82741016,1
25147,0,1,0.81405276,0
25148,1,1,0.95536083,1
25149,1,1,0.9995932,1
25150,0,1,0.723749,0
25151,1,1,0.99962664,1
25152,1,1,0.99998,1
25153,0,1,0.83682144,0
25154,1,1,0.9999616,1
25155,0,0,0.08203305,1
25156,1,1,0.9995851,1
25157,0,1,0.99341017,0
25158,0,0,0.0061212815,1
25159,1,1,0.9987649,1
25160,1,0,0.29431635,0
25161,1,1,0.7524676,1
25162,1,0,0.32541338,0
25163,0,1,0.99541724,0
25164,0,1,0.9999981,0
25165,0,0,0.12241826,1
25166,0,1,0.47795013,0
25167,1,1,0.9996594,1
25168,0,1,0.45250568,0
25169,0,1,0.66698503,0
25170,0,1,0.7577944,0
25171,0,0,0.28666824,1
25172,1,1,1.0,1
25173,0,1,0.7162682,0
25174,1,1,1.0,1
25175,0,0,0.10456872,1
25176,1,1,0.999572,1
25177,1,1,0.3890242,1
25178,1,1,0.9572378,1
25179,0,1,0.38052872,0
25180,1,1,1.0,1
25181,0,1,0.99903023,0
25182,1,1,0.99271095,1
25183,0,0,0.064830884,1
25184,0,1,0.96741027,0
25185,0,1,0.74139327,0
25186,0,0,0.09186979,1
25187,0,1,0.99894124,0
25188,1,1,1.0,1
25189,0,1,0.98986953,0
25190,0,0,0.12310184,1
25191,1,0,0.07100922,0
25192,0,0,0.026255298,1
25193,1,1,1.0,1
25194,1,1,0.99999785,1
25195,1,1,0.55266047,1
25196,0,1,1.0,0
25197,1,1,1.0,1
25198,1,0,0.012796518,0
25199,0,1,0.99983263,0
25200,0,0,0.108850285,1
25201,0,0,0.25054586,1
25202,0,1,0.62240195,0
25203,1,1,1.0,1
25204,0,1,0.99999845,0
25205,1,1,0.9998932,1
25206,1,1,0.9999473,1
25207,1,1,0.9789353,1
25208,1,0,0.21592887,0
25209,0,1,0.9988213,0
25210,1,1,0.86408126,1
25211,1,1,0.9997775,1
25212,1,0,0.11807967,0
25213,1,1,0.80654806,1
25214,0,1,0.9756929,0
25215,0,1,0.98403233,0
25216,1,1,0.99980897,1
25217,1,1,0.9781563,1
25218,1,1,0.9943909,1
25219,0,0,0.064594455,1
25220,0,0,0.09653531,1
25221,1,1,0.44323888,1
25222,1,1,0.61144,1
25223,0,0,0.117774926,1
25224,1,0,0.026708465,0
25225,0,1,0.99997663,0
25226,1,0,0.15765488,0
25227,1,1,0.99906915,1
25228,0,0,0.14270914,1
25229,0,1,0.9999944,0
25230,0,1,0.8155265,0
25231,0,1,0.6802948,0
25232,1,1,0.9997305,1
25233,0,0,0.02753294,1
25234,0,1,0.9989309,0
25235,0,0,0.016090875,1
25236,1,1,0.7588682,1
25237,0,0,0.07517641,1
25238,1,1,0.9999999,1
25239,1,0,0.24184734,0
25240,1,1,0.9999902,1
25241,0,1,0.47234878,0
25242,0,0,0.06435884,1
25243,1,1,0.999884,1
25244,1,1,0.76585615,1
25245,1,1,0.98998636,1
25246,0,0,0.14688088,1
25247,1,1,1.0,1
25248,1,1,0.9985221,1
25249,0,1,0.86737317,0
25250,1,1,0.9999999,1
25251,0,0,0.24059613,1
25252,0,1,0.95430803,0
25253,0,0,0.0029406724,1
25254,1,1,0.9562273,1
25255,0,0,0.2971639,1
25256,0,1,0.9999999,0
25257,0,1,0.99986017,0
25258,0,0,0.047913536,1
25259,0,1,0.99999905,0
25260,1,0,0.13067321,0
25261,1,1,1.0,1
25262,0,0,0.010550081,1
25263,0,0,0.06608538,1
25264,0,0,0.11818139,1
25265,1,1,0.99999726,1
25266,1,1,0.9999629,1
25267,1,1,0.99995124,1
25268,0,1,0.9981141,0
25269,0,1,0.6593503,0
25270,0,1,0.94122344,0
25271,1,1,0.9942251,1
25272,1,0,0.0815929,0
25273,0,0,0.032589745,1
25274,1,1,0.99999607,1
25275,1,0,0.02663241,0
25276,0,1,0.5463146,0
25277,0,0,0.13500383,1
25278,1,0,0.01664105,0
25279,0,1,1.0,0
25280,1,1,0.9998741,1
25281,1,1,0.9966299,1
25282,1,1,0.99999976,1
25283,1,1,0.98844737,1
25284,0,1,0.95846003,0
25285,0,1,0.994615,0
25286,0,0,0.104294725,1
25287,1,0,0.095265254,0
25288,1,1,1.0,1
25289,0,1,0.56481874,0
25290,1,1,0.99903023,1
25291,1,1,1.0,1
25292,0,0,0.17938675,1
25293,1,1,0.48383135,1
25294,0,1,0.38969168,0
25295,1,0,0.09825224,0
25296,0,0,0.05490385,1
25297,0,1,0.95803016,0
25298,0,1,0.9999598,0
25299,1,1,0.9999294,1
25300,1,1,0.9870297,1
25301,1,0,0.086323485,0
25302,1,1,0.9999995,1
25303,0,1,0.68925333,0
25304,1,0,0.07376295,0
25305,1,1,0.72715276,1
25306,1,1,0.99999976,1
25307,0,0,0.054651033,1
25308,0,1,0.96691406,0
25309,0,0,0.18824935,1
25310,1,1,0.9770445,1
25311,1,0,0.13892843,0
25312,1,1,0.9999964,1
25313,1,1,1.0,1
25314,0,0,0.03132112,1
25315,1,1,1.0,1
25316,1,0,0.05602938,0
25317,0,0,0.032620545,1
25318,1,1,0.99196917,1
25319,1,1,0.9999931,1
25320,0,1,0.9973061,0
25321,0,0,0.09713317,1
25322,0,0,0.28681803,1
25323,1,0,0.026531339,0
25324,0,1,0.99727964,0
25325,1,1,1.0,1
25326,0,1,1.0,0
25327,1,0,0.07409726,0
25328,0,0,0.023375314,1
25329,0,0,0.23431903,1
25330,0,0,0.040769264,1
25331,0,0,0.07107367,1
25332,1,1,1.0,1
25333,0,1,0.98815376,0
25334,0,0,0.054651033,1
25335,1,1,1.0,1
25336,1,1,0.7018153,1
25337,0,0,0.34477428,1
25338,1,0,0.00060945016,0
25339,1,1,0.7920624,1
25340,1,1,0.99779165,1
25341,1,0,0.040769264,0
25342,0,1,0.9866491,0
25343,0,0,0.11956225,1
25344,1,1,0.9991573,1
25345,1,1,0.9999993,1
25346,0,1,0.6479653,0
25347,0,0,0.27125168,1
25348,0,1,1.0,0
25349,0,0,0.09679113,1
25350,0,1,0.87997437,0
25351,1,0,0.041734807,0
25352,1,1,0.9888204,1
25353,1,1,0.9606575,1
25354,1,1,1.0,1
25355,1,1,0.99999666,1
25356,0,1,0.9541374,0
25357,1,1,0.99998295,1
25358,1,1,0.93874466,1
25359,1,1,0.82118756,1
25360,0,1,0.99930537,0
25361,1,1,0.9941801,1
25362,0,1,0.8669231,0
25363,0,1,0.44080022,0
25364,1,1,0.9999999,1
25365,1,1,0.9996898,1
25366,1,1,0.79755676,1
25367,1,1,1.0,1
25368,0,0,0.0374323,1
25369,1,0,0.25879404,0
25370,1,1,1.0,1
25371,1,1,0.9563089,1
25372,0,0,0.1538032,1
25373,1,1,0.9999988,1
25374,0,1,0.81271875,0
25375,1,1,1.0,1
25376,1,1,1.0,1
25377,0,0,0.04556445,1
25378,0,0,0.00698465,1
25379,1,1,0.93880075,1
25380,1,1,0.999992,1
25381,0,1,0.8857304,0
25382,1,1,0.9954704,1
25383,0,0,0.018511046,1
25384,1,1,0.99999976,1
25385,1,1,0.4661165,1
25386,0,0,0.19147882,1
25387,1,1,0.99545276,1
25388,1,0,0.29264584,0
25389,1,0,0.02573606,0
25390,1,1,1.0,1
25391,1,1,0.9999999,1
25392,0,1,0.99210805,0
25393,0,0,0.24662407,1
25394,1,0,0.03821415,0
25395,0,1,0.5544705,0
25396,0,1,0.999015,0
25397,0,1,0.99989283,0
25398,1,1,0.48538622,1
25399,0,1,0.9935743,0
25400,0,0,0.00036686257,1
25401,0,1,0.9927532,0
25402,0,0,0.14773951,1
25403,1,1,0.9999858,1
25404,1,1,0.6852653,1
25405,0,1,0.99564314,0
25406,1,1,0.9999385,1
25407,0,0,0.303061,1
25408,1,0,0.03839402,0
25409,1,0,0.009376237,0
25410,1,0,0.05975658,0
25411,1,1,0.99804294,1
25412,1,1,0.9999999,1
25413,1,1,0.99980134,1
25414,1,1,0.9054896,1
25415,1,1,0.732544,1
25416,1,1,0.9999999,1
25417,0,0,0.062388144,1
25418,0,1,0.9992053,0
25419,1,1,0.9987816,1
25420,0,1,0.87610537,0
25421,0,1,0.42548585,0
25422,1,0,0.09401018,0
25423,1,1,0.9998134,1
25424,0,0,0.21044159,1
25425,1,1,0.9965503,1
25426,1,0,0.093595125,0
25427,1,1,0.9974885,1
25428,1,1,0.78082967,1
25429,1,0,0.04773565,0
25430,1,1,0.9713746,1
25431,0,0,0.09730459,1
25432,0,1,0.76339555,0
25433,0,0,0.08419108,1
25434,1,1,0.9994956,1
25435,0,1,0.99999976,0
25436,1,1,0.9999975,1
25437,0,1,0.95938325,0
25438,1,1,1.0,1
25439,1,1,1.0,1
25440,0,0,0.09713317,1
25441,0,0,0.0658447,1
25442,1,1,0.9691787,1
25443,1,0,0.03810662,0
25444,1,0,0.26194403,0
25445,0,0,0.065545,1
25446,1,0,0.13747455,0
25447,1,1,0.9999987,1
25448,0,0,0.15597628,1
25449,1,0,0.15636237,0
25450,1,0,0.05490385,0
25451,1,1,0.9959771,1
25452,0,0,0.07290027,1
25453,0,1,0.99485034,0
25454,0,0,0.0029008577,1
25455,0,0,0.2965524,1
25456,1,1,0.9774785,1
25457,1,1,0.9992944,1
25458,1,1,0.9458012,1
25459,1,1,0.99993956,1
25460,0,1,0.44284734,0
25461,1,1,0.96518475,1
25462,1,1,0.9846051,1
25463,1,0,0.17231107,0
25464,0,0,0.105948284,1
25465,1,1,0.9929472,1
25466,0,1,0.5686554,0
25467,1,1,0.9186264,1
25468,1,1,0.9678689,1
25469,0,1,0.57636315,0
25470,1,0,0.14408864,0
25471,1,0,0.042842172,0
25472,0,1,0.8495972,0
25473,1,1,0.95145893,1
25474,1,1,0.99992156,1
25475,1,1,0.99999964,1
25476,0,0,0.03265138,1
25477,1,0,0.16079244,0
25478,0,0,0.18817475,1
25479,1,0,0.110855594,0
25480,0,1,0.37016848,0
25481,1,1,0.84733725,1
25482,1,1,0.9999957,1
25483,0,1,0.99682117,0
25484,1,1,0.99994755,1
25485,0,0,0.08291986,1
25486,1,1,0.9999999,1
25487,1,1,0.83662134,1
25488,1,1,0.97999567,1
25489,1,1,0.6131787,1
25490,0,1,0.80022407,0
25491,0,1,0.8401279,0
25492,0,1,0.99999976,0
25493,1,1,0.9999964,1
25494,0,1,0.46945944,0
25495,1,0,0.14860235,0
25496,0,0,0.2216875,1
25497,1,1,0.99553156,1
25498,1,1,0.82824534,1
25499,0,0,0.30404168,1
25500,1,1,0.93880075,1
25501,1,1,0.51519305,1
25502,1,1,0.90681833,1
25503,1,0,0.23152734,0
25504,1,1,1.0,1
25505,0,0,0.08336651,1
25506,1,1,1.0,1
25507,1,1,0.47326162,1
25508,0,0,0.054550216,1
25509,0,0,0.14330755,1
25510,0,0,0.048181534,1
25511,1,0,0.14139993,0
25512,0,1,0.9935743,0
25513,0,1,0.9998722,0
25514,0,1,0.9497627,0
25515,0,0,0.0022562398,1
25516,0,0,0.035846926,1
25517,1,1,0.99998534,1
25518,1,1,0.38369906,1
25519,1,1,0.9999999,1
25520,1,0,0.3506993,0
25521,1,1,0.5917822,1
25522,0,0,0.22970796,1
25523,1,1,0.99966,1
25524,1,0,0.13477592,0
25525,1,1,0.9999219,1
25526,1,1,0.9993749,1
25527,1,1,0.99999714,1
25528,1,1,0.99997437,1
25529,0,1,0.44676623,0
25530,1,0,0.10338597,0
25531,1,1,0.99504673,1
25532,0,1,0.5202526,0
25533,0,1,0.9990207,0
25534,1,1,0.9999968,1
25535,0,1,0.6426007,0
25536,0,1,0.43215322,0
25537,0,1,0.9966234,0
25538,0,0,0.12023207,1
25539,0,1,0.99961334,0
25540,1,1,1.0,1
25541,1,1,0.9487276,1
25542,1,1,0.9998859,1
25543,0,0,0.16059487,1
25544,0,1,0.5402569,0
25545,1,0,0.3445537,0
25546,1,0,0.044265874,0
25547,0,0,0.276007,1
25548,0,1,0.96192914,0
25549,0,1,0.96641046,0
25550,1,1,0.99996805,1
25551,0,1,0.8822251,0
25552,1,1,0.8987666,1
25553,1,1,0.97436166,1
25554,0,1,0.4369824,0
25555,1,1,0.99843305,1
25556,1,1,0.9997677,1
25557,1,1,0.99604684,1
25558,1,0,0.026081098,0
25559,1,1,1.0,1
25560,0,1,0.9444849,0
25561,1,0,0.056756895,0
25562,0,1,0.9161096,0
25563,1,0,0.30980623,0
25564,1,0,0.06614567,0
25565,0,1,0.883236,0
25566,1,1,0.9968087,1
25567,1,1,1.0,1
25568,1,0,0.00077633,0
25569,0,0,0.3335575,1
25570,0,1,0.98638946,0
25571,1,0,0.3189092,0
25572,1,1,0.99818975,1
25573,0,1,0.46183586,0
25574,0,0,0.26303107,1
25575,0,1,0.9999187,0
25576,1,1,0.99788433,1
25577,0,0,0.30606017,1
25578,1,1,1.0,1
25579,1,1,0.9999895,1
25580,1,1,0.9999827,1
25581,1,1,0.99999964,1
25582,1,1,0.99991965,1
25583,0,1,0.67976356,0
25584,1,1,0.99821776,1
25585,1,1,0.719827,1
25586,1,0,0.0038393948,0
25587,0,1,0.94018847,0
25588,0,1,0.9999999,0
25589,0,0,0.18624303,1
25590,1,1,0.9989936,1
25591,1,1,0.9963642,1
25592,1,1,1.0,1
25593,1,0,0.13089524,0
25594,0,0,0.19314739,1
25595,1,1,0.6130049,1
25596,0,1,0.82573026,0
25597,0,1,0.9991441,0
25598,1,1,0.99219924,1
25599,0,0,0.06542547,1
25600,1,1,0.9969066,1
25601,1,1,0.99975747,1
25602,0,1,0.71696234,0
25603,1,1,0.53309363,1
25604,0,1,0.99931216,0
25605,1,1,1.0,1
25606,0,1,0.9167081,0
25607,0,0,0.161717,1
25608,0,0,0.23695739,1
25609,1,0,0.012217682,0
25610,1,1,0.98662347,1
25611,0,0,0.09097748,1
25612,0,0,0.06388999,1
25613,1,0,0.11736965,0
25614,1,1,0.999577,1
25615,0,1,0.9167081,0
25616,0,1,0.9940544,0
25617,1,0,0.070495576,0
25618,0,0,0.22584318,1
25619,1,0,0.009196552,0
25620,0,1,0.66252357,0
25621,1,1,0.89778495,1
25622,0,1,0.9999982,0
25623,0,1,0.99986064,0
25624,1,0,0.05975658,0
25625,1,1,0.9280836,1
25626,1,1,1.0,1
25627,1,1,0.9999924,1
25628,0,0,0.23283304,1
25629,1,0,0.045734633,0
25630,0,0,0.035277545,1
25631,1,1,0.99999976,1
25632,1,0,0.044639204,0
25633,0,0,0.1488496,1
25634,1,1,0.9662516,1
25635,1,1,0.99999666,1
25636,0,1,0.95803016,0
25637,0,1,0.9605836,0
25638,1,1,1.0,1
25639,0,0,0.17967446,1
25640,0,0,0.07835981,1
25641,0,0,0.12389466,1
25642,1,1,0.394755,1
25643,1,1,1.0,1
25644,1,1,0.99998295,1
25645,1,0,0.34764782,0
25646,1,1,0.99999523,1
25647,0,1,0.8774768,0
25648,1,1,0.9999999,1
25649,1,1,0.9354055,1
25650,0,1,0.63051426,0
25651,1,1,0.9999993,1
25652,0,0,0.07152632,1
25653,1,0,0.27874738,0
25654,0,0,0.11230769,1
25655,0,1,0.8200375,0
25656,1,1,1.0,1
25657,1,1,0.99999464,1
25658,1,1,1.0,1
25659,0,0,0.13302054,1
25660,1,1,0.9999999,1
25661,0,0,0.31017175,1
25662,1,1,0.999841,1
25663,1,1,0.9999999,1
25664,1,1,1.0,1
25665,0,0,0.16092427,1
25666,0,1,0.9998097,0
25667,0,1,0.4855997,0
25668,1,1,1.0,1
25669,1,1,1.0,1
25670,1,1,0.99967504,1
25671,1,1,0.99739385,1
25672,1,1,0.99988854,1
25673,0,0,0.12683924,1
25674,0,1,0.99984527,0
25675,1,0,0.015276946,0
25676,0,1,0.8952483,0
25677,1,1,0.9970708,1
25678,1,1,0.99906915,1
25679,0,1,0.713182,0
25680,0,0,0.3489224,1
25681,0,0,0.05975658,1
25682,0,1,0.9709919,0
25683,0,0,0.26199123,1
25684,1,1,0.99999964,1
25685,0,0,0.052279223,1
25686,0,0,0.06903792,1
25687,1,1,0.8089743,1
25688,1,1,0.9998097,1
25689,1,1,1.0,1
25690,1,1,0.92905515,1
25691,0,1,0.4512963,0
25692,1,1,1.0,1
25693,0,0,0.13341522,1
25694,1,1,0.99779165,1
25695,1,1,0.7783125,1
25696,1,0,0.06742378,0
25697,1,1,0.9904221,1
25698,1,0,0.25155574,0
25699,1,1,0.97513086,1
25700,1,1,1.0,1
25701,1,1,0.992837,1
25702,1,1,0.99557483,1
25703,0,1,1.0,0
25704,1,1,0.98026204,1
25705,1,1,1.0,1
25706,1,1,1.0,1
25707,1,1,0.77063745,1
25708,0,1,0.4931645,0
25709,0,1,0.9302684,0
25710,0,0,0.25757828,1
25711,1,1,0.9978258,1
25712,1,1,1.0,1
25713,1,1,0.51318055,1
25714,1,0,0.017375663,0
25715,1,1,0.99999976,1
25716,0,0,0.28427786,1
25717,0,1,0.99999785,0
25718,1,1,1.0,1
25719,1,1,0.9999999,1
25720,0,0,0.3041967,1
25721,0,0,0.056652427,1
25722,0,0,0.2936576,1
25723,1,1,0.9999999,1
25724,1,1,0.9995054,1
25725,1,1,0.99999285,1
25726,0,1,0.9975799,0
25727,1,1,0.99900144,1
25728,1,1,0.99945897,1
25729,1,1,1.0,1
25730,1,1,1.0,1
25731,0,1,0.9996486,0
25732,1,1,0.99999833,1
25733,1,1,0.98215127,1
25734,0,1,0.997813,0
25735,0,0,0.30715016,1
25736,1,0,0.017883008,0
25737,0,1,0.62903434,0
25738,1,1,1.0,1
25739,1,1,0.9994715,1
25740,1,1,0.99986124,1
25741,1,1,0.9654789,1
25742,1,1,0.99999297,1
25743,1,1,1.0,1
25744,0,1,0.99936,0
25745,1,0,0.0015457439,0
25746,1,1,0.8233284,1
25747,1,1,0.9983991,1
25748,1,1,0.9999999,1
25749,1,1,0.99830914,1
25750,0,0,0.2043419,1
25751,1,0,0.26170808,0
25752,0,1,0.9999269,0
25753,0,1,0.42629173,0
25754,0,1,0.5121436,0
25755,1,1,0.44158268,1
25756,0,1,0.76629364,0
25757,1,1,0.99999785,1
25758,0,1,1.0,0
25759,0,1,0.9393595,0
25760,1,1,0.9998623,1
25761,1,0,0.068975195,0
25762,0,1,0.563378,0
25763,0,1,0.7247242,0
25764,1,1,0.9999968,1
25765,1,0,0.11676401,0
25766,1,0,0.20087102,0
25767,0,0,0.089136936,1
25768,1,1,0.9996338,1
25769,1,1,0.99999976,1
25770,1,1,0.946051,1
25771,0,0,0.004451041,1
25772,0,1,0.57636315,0
25773,1,0,0.051749542,0
25774,0,0,0.34521565,1
25775,0,0,0.0014241792,1
25776,1,1,0.9985392,1
25777,0,1,0.99992836,0
25778,1,1,1.0,1
25779,0,1,0.56517875,0
25780,1,1,1.0,1
25781,0,1,0.41303316,0
25782,1,1,0.99957365,1
25783,1,1,0.51641256,1
25784,0,1,0.7395165,0
25785,0,0,0.17030093,1
25786,1,0,0.08961382,0
25787,1,1,0.8543993,1
25788,1,1,0.9822196,1
25789,1,1,0.6620867,1
25790,1,1,0.8171371,1
25791,1,1,0.8653379,1
25792,1,1,0.81640637,1
25793,1,1,0.99999905,1
25794,0,1,0.99779594,0
25795,1,1,0.9999999,1
25796,0,0,0.28962278,1
25797,1,1,0.99999917,1
25798,0,1,0.97316426,0
25799,0,0,0.05644403,1
25800,0,0,0.11451697,1
25801,0,1,0.5941392,0
25802,1,0,0.0532062,0
25803,1,1,1.0,1
25804,0,0,0.059047263,1
25805,1,1,0.99999595,1
25806,0,1,0.9999274,0
25807,1,1,1.0,1
25808,1,1,0.99996054,1
25809,0,1,0.68135583,0
25810,1,1,1.0,1
25811,1,1,0.6264099,1
25812,0,0,0.33758557,1
25813,1,1,1.0,1
25814,0,0,0.28781784,1
25815,1,1,0.5858122,1
25816,0,1,0.8392076,0
25817,1,0,0.016561339,0
25818,0,0,0.22738354,1
25819,1,1,0.8530579,1
25820,1,1,0.9999999,1
25821,0,1,0.9984633,0
25822,0,0,0.11279541,1
25823,0,1,0.99997413,0
25824,1,1,1.0,1
25825,1,0,0.050190784,0
25826,1,1,0.99998474,1
25827,0,1,0.96912026,0
25828,1,1,0.99999976,1
25829,1,1,0.9998932,1
25830,0,1,0.9999993,0
25831,1,1,0.9374402,1
25832,0,0,0.21717146,1
25833,1,0,0.20228556,0
25834,0,0,0.24400252,1
25835,0,0,0.04689926,1
25836,1,1,1.0,1
25837,1,1,0.9713746,1
25838,0,1,0.99843913,0
25839,1,0,0.34015632,0
25840,0,0,0.018511046,1
25841,1,1,0.9976126,1
25842,0,0,0.16640429,1
25843,1,1,0.51110655,1
25844,0,1,0.94165415,0
25845,1,1,0.9976949,1
25846,1,1,0.99946314,1
25847,1,0,0.04564947,0
25848,0,0,0.2115797,1
25849,1,0,0.02463338,0
25850,1,0,0.325735,0
25851,1,1,1.0,1
25852,1,1,0.99995697,1
25853,1,1,0.47137532,1
25854,1,1,0.99999297,1
25855,1,1,0.9999968,1
25856,1,0,0.008267596,0
25857,0,0,0.07661468,1
25858,0,0,0.056392044,1
25859,1,0,0.16995622,0
25860,0,0,0.14829372,1
25861,0,0,0.019124035,1
25862,1,0,0.2797793,0
25863,1,1,0.93980294,1
25864,0,0,0.14535783,1
25865,1,1,1.0,1
25866,0,0,0.25926262,1
25867,1,1,0.45256615,1
25868,0,0,0.30980623,1
25869,1,1,1.0,1
25870,0,1,0.46441573,0
25871,0,0,0.020488555,1
25872,1,0,0.039937317,0
25873,1,1,0.9999764,1
25874,0,0,0.1908748,1
25875,0,0,0.091544405,1
25876,1,1,0.9999989,1
25877,1,1,1.0,1
25878,0,1,0.6814619,0
25879,1,1,1.0,1
25880,0,1,0.8054792,0
25881,0,1,0.9895716,0
25882,0,1,0.97773504,0
25883,0,1,1.0,0
25884,1,1,0.7119819,1
25885,1,0,0.27134824,0
25886,1,1,0.9999857,1
25887,0,0,0.23039988,1
25888,1,0,0.026280278,0
25889,1,1,0.97587764,1
25890,0,1,0.36302564,0
25891,1,0,0.050424065,0
25892,0,0,0.038430087,1
25893,0,0,0.059921406,1
25894,1,1,0.7839885,1
25895,0,1,0.99490017,0
25896,0,0,0.09790669,1
25897,0,1,0.89302987,0
25898,0,1,0.9999988,0
25899,0,0,0.12689333,1
25900,1,1,1.0,1
25901,1,1,0.3522575,1
25902,0,0,0.21667379,1
25903,0,0,0.12962292,1
25904,1,1,1.0,1
25905,1,0,0.008560892,0
25906,0,0,0.05033063,1
25907,0,1,0.79036856,0
25908,0,0,0.2344943,1
25909,1,1,0.9999982,1
25910,1,1,0.99992335,1
25911,1,1,0.9999738,1
25912,0,0,0.0034162789,1
25913,1,0,0.09990845,0
25914,0,1,0.9999342,0
25915,1,1,0.99987316,1
25916,0,1,0.99978095,0
25917,1,1,0.9870297,1
25918,0,1,0.95679593,0
25919,1,0,0.0056309616,0
25920,0,0,0.21816924,1
25921,1,1,1.0,1
25922,1,1,0.9999783,1
25923,1,0,0.16749083,0
25924,0,0,0.06103112,1
25925,1,0,0.23231015,0
25926,0,0,0.1274896,1
25927,0,0,0.060418423,1
25928,0,0,0.025468081,1
25929,1,1,0.9750835,1
25930,1,1,0.9999951,1
25931,0,0,0.084947094,1
25932,0,0,0.23335676,1
25933,1,0,0.089853115,0
25934,1,1,0.82893884,1
25935,1,1,0.9999614,1
25936,1,1,0.99999964,1
25937,0,0,0.20244318,1
25938,0,0,0.049176436,1
25939,1,1,1.0,1
25940,1,1,0.9829055,1
25941,1,1,0.98122096,1
25942,0,1,0.6518536,0
25943,0,1,0.98860246,0
25944,1,1,0.58829796,1
25945,0,0,0.09484525,1
25946,0,0,0.023264103,1
25947,0,1,0.54043883,0
25948,0,0,0.06638737,1
25949,0,0,0.33328617,1
25950,0,0,0.011093566,1
25951,0,1,0.9951984,0
25952,0,0,0.07942426,1
25953,1,1,0.38369906,1
25954,1,1,1.0,1
25955,1,0,0.07369626,0
25956,1,0,0.16424818,0
25957,1,0,0.016753288,0
25958,0,1,0.91352236,0
25959,0,1,0.6353921,0
25960,0,0,0.009394396,1
25961,1,0,0.24337259,0
25962,0,0,0.04260254,1
25963,1,0,0.0066928505,0
25964,0,0,0.08834723,1
25965,1,1,1.0,1
25966,1,1,0.9994777,1
25967,0,0,0.08456833,1
25968,1,0,0.15771976,0
25969,1,1,0.99014014,1
25970,0,0,0.023734689,1
25971,0,0,0.18169841,1
25972,0,1,0.43176386,0
25973,1,1,0.9994547,1
25974,1,1,1.0,1
25975,0,0,0.04468087,1
25976,1,1,1.0,1
25977,0,1,0.62309027,0
25978,1,1,0.9998529,1
25979,1,0,0.07800791,0
25980,1,0,0.34306657,0
25981,0,1,0.9953454,0
25982,0,1,0.9999769,0
25983,0,1,0.6443929,0
25984,0,0,0.29042712,1
25985,1,0,0.057440385,0
25986,0,1,0.9999876,0
25987,1,1,0.99836427,1
25988,0,1,0.99372226,0
25989,1,1,0.9999988,1
25990,0,1,0.5358879,0
25991,1,1,0.8155265,1
25992,1,1,0.9999958,1
25993,1,1,0.9999995,1
25994,1,0,0.092359796,0
25995,1,1,0.99999154,1
25996,0,0,0.2680783,1
25997,1,0,0.017797453,0
25998,0,0,0.011136501,1
25999,1,1,0.9999801,1
26000,1,0,0.023644341,0
26001,1,1,0.648188,1
26002,1,1,0.9996904,1
26003,1,1,1.0,1
26004,1,1,0.9999509,1
26005,0,1,0.99999785,0
26006,0,0,0.2532603,1
26007,1,1,1.0,1
26008,1,1,0.9956937,1
26009,1,1,0.9985221,1
26010,0,0,0.18447348,1
26011,1,1,0.39495912,1
26012,1,0,0.22380088,0
26013,1,1,0.99999416,1
26014,1,1,0.9999993,1
26015,0,0,0.15713686,1
26016,1,1,0.39589298,1
26017,1,1,0.96929514,1
26018,0,1,0.6637234,0
26019,0,1,0.9927672,0
26020,0,1,0.99987805,0
26021,1,1,0.99998033,1
26022,1,1,0.9997209,1
26023,0,1,0.99999964,0
26024,0,0,0.19042274,1
26025,1,0,0.12608409,0
26026,0,1,0.9991689,0
26027,0,1,0.9998585,0
26028,0,0,0.15902139,1
26029,1,1,0.99978846,1
26030,1,0,0.18728127,0
26031,0,0,0.1603975,1
26032,1,1,1.0,1
26033,0,1,0.43845454,0
26034,1,1,1.0,1
26035,0,1,0.99242276,0
26036,1,1,0.99999857,1
26037,1,1,0.91767234,1
26038,0,1,0.92762595,0
26039,1,1,0.9999976,1
26040,1,1,1.0,1
26041,1,1,0.9975274,1
26042,1,0,0.11767348,0
26043,0,0,0.28046855,1
26044,1,1,0.9974738,1
26045,1,1,0.999936,1
26046,0,0,0.09721884,1
26047,1,0,0.22286923,0
26048,1,0,0.29619598,0
26049,0,0,0.06471258,1
26050,1,1,1.0,1
26051,0,0,0.050611433,1
26052,1,1,0.7101763,1
26053,1,1,0.8345418,1
26054,0,0,0.0029752331,1
26055,0,0,0.07100922,1
26056,1,1,1.0,1
26057,1,1,0.8407826,1
26058,1,1,0.9997818,1
26059,1,1,0.99428093,1
26060,0,0,0.14657521,1
26061,1,1,0.996852,1
26062,0,0,0.20362833,1
26063,0,1,0.77295935,0
26064,1,1,0.52000886,1
26065,1,1,1.0,1
26066,0,1,0.9951514,0
26067,1,1,0.6318783,1
26068,1,1,0.999997,1
26069,1,1,0.35942036,1
26070,0,0,0.17398883,1
26071,1,1,0.99979264,1
26072,0,1,0.8238959,0
26073,1,1,0.99758923,1
26074,0,0,0.21068507,1
26075,0,1,0.9424538,0
26076,1,0,0.11951087,0
26077,1,1,0.9994241,1
26078,1,1,0.9989267,1
26079,0,1,0.5204354,0
26080,1,1,0.98782945,1
26081,0,0,0.09484525,1
26082,1,1,0.9999316,1
26083,1,0,0.10715685,0
26084,0,1,0.9998111,0
26085,0,1,0.99762183,0
26086,0,0,0.10475175,1
26087,1,1,1.0,1
26088,0,1,0.99529994,0
26089,0,1,0.52597755,0
26090,0,1,0.8773717,0
26091,1,1,0.8262917,1
26092,1,1,0.99999046,1
26093,0,1,0.6215983,0
26094,1,1,0.99979335,1
26095,0,1,0.99953353,0
26096,1,1,0.9995426,1
26097,1,1,1.0,1
26098,1,1,0.99999595,1
26099,0,0,0.015936995,1
26100,1,1,0.9729595,1
26101,1,1,0.41709337,1
26102,1,0,0.018038029,0
26103,0,1,0.9997367,0
26104,1,1,1.0,1
26105,1,1,0.6715244,1
26106,0,1,0.59278446,0
26107,1,1,0.99849594,1
26108,0,0,0.16871993,1
26109,1,0,0.0018494504,0
26110,1,1,0.9999993,1
26111,1,1,0.58444905,1
26112,1,1,0.648188,1
26113,1,1,0.9998141,1
26114,0,1,0.6094661,0
26115,1,1,0.9999299,1
26116,0,0,0.11476479,1
26117,1,0,0.11367794,0
26118,1,1,0.99998164,1
26119,0,1,0.80685264,0
26120,1,0,0.020119479,0
26121,0,1,0.74927074,0
26122,1,1,0.8168451,1
26123,0,1,0.9424538,0
26124,1,1,1.0,1
26125,0,1,0.38780624,0
26126,0,1,0.98749614,0
26127,0,1,0.48389226,0
26128,0,1,0.982031,0
26129,1,0,0.3413629,0
26130,1,1,0.9084556,1
26131,1,1,0.6221725,1
26132,1,1,0.99992,1
26133,0,0,0.17809658,1
26134,1,1,1.0,1
26135,0,0,0.13403742,1
26136,1,1,0.9999989,1
26137,0,1,0.46872982,0
26138,0,0,0.012407696,1
26139,0,0,0.032191858,1
26140,1,1,0.9999999,1
26141,1,1,0.9999722,1
26142,1,1,1.0,1
26143,0,0,0.057652235,1
26144,0,1,0.8711464,0
26145,1,0,0.037573304,0
26146,1,1,0.85573065,1
26147,0,1,0.98873377,0
26148,1,1,0.99997354,1
26149,0,1,0.9998111,0
26150,0,1,0.99994874,0
26151,0,0,0.020824393,1
26152,1,0,0.0072187525,0
26153,0,0,0.025540898,1
26154,1,0,0.188847,0
26155,1,1,1.0,1
26156,1,1,0.82375413,1
26157,0,0,0.01533582,1
26158,1,1,0.9974241,1
26159,0,0,0.22143486,1
26160,0,1,0.9974934,0
26161,1,1,0.698278,1
26162,1,1,0.999866,1
26163,1,1,0.99999976,1
26164,1,0,0.09203286,0
26165,0,0,0.32691577,1
26166,1,1,0.7114811,1
26167,0,0,0.2330948,1
26168,1,0,0.08014123,0
26169,1,1,0.994729,1
26170,0,1,0.7565375,0
26171,1,0,0.18742996,0
26172,1,1,1.0,1
26173,1,1,1.0,1
26174,0,1,0.89423656,0
26175,1,1,0.9364014,1
26176,1,0,0.12683924,0
26177,1,0,0.319599,0
26178,1,1,0.8484707,1
26179,1,0,0.039305612,0
26180,0,0,0.22236224,1
26181,0,0,0.24953869,1
26182,1,1,0.998743,1
26183,1,1,0.9991848,1
26184,1,1,0.999666,1
26185,0,1,0.87997437,0
26186,1,0,0.24544656,0
26187,0,0,0.31636927,1
26188,0,1,0.87125593,0
26189,1,1,1.0,1
26190,1,1,0.99933714,1
26191,1,1,1.0,1
26192,1,0,0.014364656,0
26193,1,0,0.029873094,0
26194,1,1,0.999905,1
26195,1,1,0.9990054,1
26196,0,0,0.28397995,1
26197,0,0,0.12458531,1
26198,0,0,0.051941562,1
26199,0,0,0.009394396,1
26200,1,1,0.99982125,1
26201,1,1,0.95751673,1
26202,1,1,0.9829547,1
26203,0,0,0.0039685,1
26204,1,1,0.99291986,1
26205,0,0,0.13128456,1
26206,0,1,0.99984217,0
26207,0,0,0.24744149,1
26208,1,1,0.9996147,1
26209,1,1,0.4532921,1
26210,1,1,0.99999976,1
26211,1,0,0.16444936,0
26212,0,1,0.95331854,0
26213,1,1,0.5662584,1
26214,1,1,0.93674946,1
26215,0,0,0.18705842,1
26216,1,1,0.6657909,1
26217,1,1,1.0,1
26218,1,1,0.9997336,1
26219,1,0,0.182717,0
26220,1,1,0.96841115,1
26221,0,1,0.99871576,0
26222,1,1,0.99998057,1
26223,0,0,0.3317148,1
26224,1,0,0.21190566,0
26225,1,1,0.99174845,1
26226,0,0,0.039564554,1
26227,1,1,0.82018155,1
26228,0,0,0.118385084,1
26229,0,1,0.72095805,0
26230,0,0,0.2004794,1
26231,0,0,0.3106421,1
26232,0,1,0.9901592,0
26233,0,0,0.30569735,1
26234,0,1,0.8146434,0
26235,1,1,0.99999726,1
26236,0,0,0.090735495,1
26237,1,1,0.544317,1
26238,1,1,0.9680808,1
26239,0,0,0.24041773,1
26240,1,0,0.026081098,0
26241,1,1,0.99999976,1
26242,0,1,0.9999999,0
26243,0,0,0.188847,1
26244,1,1,0.7760294,1
26245,1,1,0.9997546,1
26246,0,0,0.13262686,1
26247,1,1,0.4368923,1
26248,0,1,0.4370124,0
26249,0,1,0.5881797,0
26250,1,1,0.99999416,1
26251,1,1,0.4537459,1
26252,1,1,0.99999976,1
26253,1,1,0.9012275,1
26254,0,0,0.14021848,1
26255,1,1,0.99253935,1
26256,1,1,0.98860246,1
26257,1,1,1.0,1
26258,1,1,0.99999976,1
26259,1,1,0.9998907,1
26260,1,0,0.06947859,0
26261,1,1,0.9982827,1
26262,0,1,1.0,0
26263,1,0,0.1768137,0
26264,0,1,0.9116528,0
26265,1,0,0.0607519,0
26266,1,1,0.7353567,1
26267,0,0,0.11357959,1
26268,0,0,0.1419343,1
26269,0,1,0.99861145,0
26270,1,1,1.0,1
26271,1,1,0.9941004,1
26272,1,0,0.0010817152,0
26273,1,0,0.08889936,0
26274,1,1,0.95418006,1
26275,1,1,0.9925103,1
26276,1,1,0.99999774,1
26277,0,1,0.8071568,0
26278,0,0,0.20995522,1
26279,1,1,0.9410612,1
26280,0,0,0.079068,1
26281,0,1,0.9845458,0
26282,0,1,0.7916601,0
26283,1,1,0.9970708,1
26284,0,1,0.96347195,0
26285,1,1,0.61323655,1
26286,1,1,1.0,1
26287,0,0,0.04560694,1
26288,0,0,0.33769476,1
26289,0,1,0.99948174,0
26290,0,1,0.81271875,0
26291,1,1,0.9999162,1
26292,1,1,0.80494314,1
26293,0,1,0.82432055,0
26294,1,1,0.9970708,1
26295,0,1,0.9351099,0
26296,1,1,0.99998474,1
26297,0,0,0.15475886,1
26298,0,0,0.34516045,1
26299,0,0,0.096705794,1
26300,1,0,0.09509706,0
26301,1,1,0.6719551,1
26302,1,0,0.16052906,0
26303,1,1,0.9964204,1
26304,1,1,0.99982256,1
26305,0,1,1.0,0
26306,1,1,0.9999838,1
26307,1,0,0.3485343,0
26308,1,1,0.852199,1
26309,1,1,0.98314995,1
26310,1,0,0.04564947,0
26311,0,1,0.92206234,0
26312,1,1,0.99998605,1
26313,1,1,0.9999876,1
26314,0,1,0.70826304,0
26315,0,1,0.7919015,0
26316,0,1,0.99997795,0
26317,0,0,0.056756895,1
26318,1,1,0.9999982,1
26319,0,0,0.17133832,1
26320,0,0,0.024469672,1
26321,1,0,0.024940254,0
26322,1,1,0.9858004,1
26323,1,0,0.025687134,0
26324,1,1,1.0,1
26325,0,0,0.07409726,1
26326,1,1,1.0,1
26327,0,1,0.9983612,0
26328,1,1,0.999998,1
26329,1,1,0.9119669,1
26330,0,1,0.45504722,0
26331,1,1,1.0,1
26332,1,1,0.99877685,1
26333,1,0,0.13279545,0
26334,1,1,0.9996486,1
26335,0,1,1.0,0
26336,0,1,0.7752647,0
26337,0,1,0.94728357,0
26338,0,0,0.069226466,1
26339,0,0,0.023219766,1
26340,1,1,0.90632194,1
26341,0,0,0.07899691,1
26342,1,0,0.22431023,0
26343,1,0,0.05577169,0
26344,1,1,1.0,1
26345,1,1,0.9627432,1
26346,0,0,0.011664719,1
26347,1,1,0.97110176,1
26348,0,0,0.11056715,1
26349,1,1,0.35717502,1
26350,0,0,0.054954547,1
26351,1,1,0.572185,1
26352,0,0,0.15159212,1
26353,1,1,0.9408984,1
26354,1,1,0.9999887,1
26355,1,0,0.023043232,0
26356,0,1,0.52074003,0
26357,1,1,0.93409514,1
26358,0,1,0.7320175,0
26359,0,0,0.16411416,1
26360,0,1,0.7759446,0
26361,0,0,0.12907304,1
26362,0,1,0.99225944,0
26363,1,1,0.6994084,1
26364,1,0,0.06103112,0
26365,1,1,0.94649786,1
26366,1,0,0.09186979,0
26367,0,1,0.9999902,0
26368,1,1,0.6785932,1
26369,0,0,0.04300264,1
26370,0,0,0.33928013,1
26371,0,0,0.16105616,1
26372,0,0,0.09636511,1
26373,1,1,0.9867517,1
26374,0,0,0.09721884,1
26375,0,0,0.09721884,1
26376,0,1,0.998835,0
26377,1,1,0.9417078,1
26378,0,1,0.9628482,0
26379,1,1,1.0,1
26380,0,1,0.9187722,0
26381,0,0,0.13251457,1
26382,1,0,0.10239443,0
26383,1,1,0.9995695,1
26384,0,0,0.11056715,1
26385,1,1,1.0,1
26386,0,0,0.011732464,1
26387,1,1,0.9956346,1
26388,0,0,0.2965524,1
26389,0,1,0.7069497,0
26390,0,0,0.039305612,1
26391,0,1,0.9814889,0
26392,1,0,0.31137452,0
26393,0,1,1.0,0
26394,0,0,0.085023046,1
26395,1,1,1.0,1
26396,0,1,0.99998415,0
26397,0,0,0.11476479,1
26398,0,0,0.2638364,1
26399,0,0,0.05261895,1
26400,0,0,0.08284563,1
26401,1,1,0.93077356,1
26402,0,0,0.15778463,1
26403,0,0,0.21485612,1
26404,1,1,0.99847823,1
26405,1,1,0.8679338,1
26406,1,1,0.4519614,1
26407,0,1,0.9750598,0
26408,1,0,0.123577,0
26409,1,0,0.09342957,0
26410,1,0,0.08166611,0
26411,0,1,0.9999168,0
26412,1,1,0.99992454,1
26413,0,1,1.0,0
26414,0,1,0.61132395,0
26415,1,0,0.074365705,0
26416,1,0,0.24908175,0
26417,1,1,1.0,1
26418,0,0,0.013875309,1
26419,0,0,0.1673547,1
26420,1,1,0.99766773,1
26421,1,0,0.08969352,0
26422,1,1,1.0,1
26423,1,1,0.7292306,1
26424,0,0,0.068599865,1
26425,0,0,0.22893131,1
26426,1,1,0.9998969,1
26427,0,0,0.32842174,1
26428,0,0,0.091058284,1
26429,0,0,0.12973315,1
26430,1,1,1.0,1
26431,1,1,0.6142205,1
26432,1,1,1.0,1
26433,1,1,1.0,1
26434,0,1,0.9621432,0
26435,1,1,0.9999944,1
26436,0,0,0.061311536,1
26437,1,1,0.9999994,1
26438,1,1,0.9995497,1
26439,0,1,0.95506835,0
26440,1,1,0.9999379,1
26441,1,1,0.99953544,1
26442,1,1,0.9999999,1
26443,1,1,1.0,1
26444,0,1,0.99424744,0
26445,0,0,0.3208213,1
26446,1,1,0.9999684,1
26447,1,1,0.99816495,1
26448,0,1,0.986904,0
26449,0,0,0.017968968,1
26450,1,1,0.9191359,1
26451,1,1,1.0,1
26452,1,1,0.9741658,1
26453,1,0,0.1949802,0
26454,0,1,0.42590365,0
26455,1,1,0.5916053,1
26456,1,1,0.515498,1
26457,1,1,0.9999753,1
26458,1,1,0.99213856,1
26459,1,1,0.9601001,1
26460,1,1,0.9999975,1
26461,1,1,1.0,1
26462,1,1,0.9999975,1
26463,1,1,0.9999999,1
26464,1,1,0.8301815,1
26465,1,1,0.9994286,1
26466,1,1,0.9999999,1
26467,0,1,0.9999181,0
26468,0,0,0.18757874,1
26469,0,1,0.99997294,0
26470,1,1,0.755637,1
26471,0,1,0.75068986,0
26472,1,1,1.0,1
26473,0,1,0.99936503,0
26474,1,1,0.9999672,1
26475,1,1,0.99952996,1
26476,0,0,0.051749542,1
26477,1,1,0.9955142,1
26478,1,1,0.99724233,1
26479,0,0,0.00902028,1
26480,0,0,0.054349106,1
26481,0,1,0.9456509,0
26482,1,1,0.7899638,1
26483,1,1,0.99996054,1
26484,0,0,0.050237365,1
26485,0,1,0.93183565,0
26486,0,1,0.998147,0
26487,0,1,0.9864938,0
26488,0,1,0.9935743,0
26489,0,0,0.13268304,1
26490,1,1,0.9999999,1
26491,0,0,0.018599968,1
26492,0,0,0.02884354,1
26493,0,1,0.9999784,0
26494,1,1,0.98951083,1
26495,1,0,0.1455399,0
26496,0,1,0.997065,0
26497,1,1,1.0,1
26498,0,0,0.07779745,1
26499,0,1,0.9986904,0
26500,1,1,1.0,1
26501,0,0,0.09782047,1
26502,1,0,0.0075187185,0
26503,0,0,0.21469142,1
26504,1,1,0.59125125,1
26505,0,0,0.14104463,1
26506,1,1,0.99999905,1
26507,0,1,0.38690823,0
26508,0,0,0.112600096,1
26509,1,0,0.0059110695,0
26510,0,1,0.99675864,0
26511,1,1,0.99982053,1
26512,0,0,0.08277145,1
26513,0,1,0.6264099,0
26514,1,1,0.9999846,1
26515,1,1,0.9997613,1
26516,1,1,0.9882449,1
26517,1,1,0.9999825,1
26518,0,0,0.015350576,1
26519,0,1,0.9999993,0
26520,0,0,0.27454582,1
26521,0,0,0.19713515,1
26522,1,1,0.9998529,1
26523,1,1,0.99852496,1
26524,0,1,0.9163345,0
26525,1,1,0.9997017,1
26526,1,1,0.37627926,1
26527,1,1,0.9998629,1
26528,1,1,1.0,1
26529,1,1,0.99750805,1
26530,0,0,0.28836867,1
26531,1,0,0.23135361,0
26532,0,1,0.57391727,0
26533,1,1,0.9999995,1
26534,0,0,0.042009052,1
26535,0,1,0.87557435,0
26536,0,0,0.05802475,1
26537,1,0,0.0061689946,0
26538,0,0,0.3306873,1
26539,1,1,0.5256732,1
26540,0,1,0.92617035,0
26541,0,0,0.14694208,1
26542,0,1,1.0,0
26543,1,0,0.023264103,0
26544,0,0,0.12836117,1
26545,0,0,0.020351816,1
26546,0,0,0.05424881,1
26547,0,1,0.99999535,0
26548,1,1,1.0,1
26549,0,0,0.0017274587,1
26550,1,1,0.99990976,1
26551,0,1,0.99984527,0
26552,0,1,0.9951703,0
26553,0,0,0.171269,1
26554,0,1,0.9887771,0
26555,1,1,1.0,1
26556,1,0,0.120490536,0
26557,1,1,0.99196917,1
26558,0,1,0.75626755,0
26559,1,1,1.0,1
26560,1,1,0.99987113,1
26561,0,1,0.5911333,0
26562,1,0,0.037856847,0
26563,0,1,0.9339146,0
26564,1,1,0.9990582,1
26565,1,0,0.1302301,0
26566,0,0,0.025347177,1
26567,0,0,0.017078074,1
26568,1,1,0.9999827,1
26569,0,1,0.5812437,0
26570,0,1,0.89312315,0
26571,0,1,0.9982109,0
26572,1,1,1.0,1
26573,1,1,0.9437118,1
26574,0,0,0.12608409,1
26575,0,0,0.020081012,1
26576,0,0,0.18594721,1
26577,0,0,0.21190566,1
26578,1,0,0.15437602,0
26579,1,1,0.9999907,1
26580,1,1,0.6083614,1
26581,1,1,0.99999976,1
26582,1,1,0.9991704,1
26583,0,0,0.01977584,1
26584,1,1,0.980053,1
26585,0,1,0.99952626,0
26586,1,1,1.0,1
26587,1,1,0.7136811,1
26588,0,0,0.039011665,1
26589,0,0,0.0055333874,1
26590,0,0,0.023021257,1
26591,1,0,0.12543987,0
26592,0,1,0.47566622,0
26593,0,1,0.9999999,0
26594,1,1,0.99933845,1
26595,1,1,0.99937975,1
26596,0,0,0.020293487,1
26597,0,0,0.19605544,1
26598,0,1,0.9983223,0
26599,0,1,0.9511876,0
26600,1,1,0.999332,1
26601,1,0,0.06669065,0
26602,0,1,0.8040984,0
26603,0,0,0.04111437,1
26604,0,0,0.30218512,1
26605,0,1,0.6469622,0
26606,0,1,0.99999666,0
26607,1,1,0.96391606,1
26608,0,0,0.14737104,1
26609,1,1,0.99495924,1
26610,0,1,0.9940544,0
26611,0,1,0.99780875,0
26612,0,1,0.99988043,0
26613,0,1,0.38185325,0
26614,1,1,0.9891816,1
26615,0,0,0.03746751,1
26616,1,1,1.0,1
26617,1,1,0.71933436,1
26618,0,0,0.1390453,1
26619,0,0,0.02265081,1
26620,1,1,1.0,1
26621,1,0,0.012241274,0
26622,0,0,0.03814243,1
26623,0,1,0.6708779,0
26624,0,0,0.31336722,1
26625,0,1,0.40783447,0
26626,1,1,0.99999917,1
26627,0,1,0.35543925,0
26628,1,1,0.9999999,1
26629,1,1,0.99999976,1
26630,0,0,0.1412222,1
26631,0,0,0.14092635,1
26632,1,1,0.6716321,1
26633,1,1,0.9013143,1
26634,1,1,0.9329437,1
26635,1,1,0.4824596,1
26636,0,0,0.0416178,1
26637,1,1,0.9999975,1
26638,1,1,0.41229352,1
26639,1,1,1.0,1
26640,1,1,0.99999976,1
26641,1,0,0.022011232,0
26642,0,0,0.24283355,1
26643,1,1,0.74761593,1
26644,1,1,0.9983059,1
26645,1,1,0.99999166,1
26646,1,1,0.98934746,1
26647,0,0,0.19969788,1
26648,1,1,0.86373675,1
26649,0,0,0.31027627,1
26650,0,0,0.17036992,1
26651,1,1,0.99951124,1
26652,0,1,0.99898773,0
26653,0,1,0.52695143,0
26654,1,0,0.015936995,0
26655,1,1,0.9944126,1
26656,1,1,0.99989486,1
26657,0,0,0.09342957,1
26658,0,1,0.36834887,0
26659,1,1,1.0,1
26660,0,0,0.007968815,1
26661,1,0,0.039862495,0
26662,1,1,0.9998273,1
26663,0,1,0.37897608,0
26664,1,1,1.0,1
26665,1,1,0.89358836,1
26666,1,1,1.0,1
26667,0,0,0.029201293,1
26668,0,0,0.09434341,1
26669,0,0,0.16304526,1
26670,1,1,1.0,1
26671,1,0,0.32885265,0
26672,1,0,0.083441176,0
26673,1,1,0.9953635,1
26674,0,1,0.54994273,0
26675,1,1,0.9999995,1
26676,1,1,0.9999957,1
26677,1,1,0.9324533,1
26678,1,1,0.99936754,1
26679,1,1,0.9847231,1
26680,1,1,0.4950563,1
26681,0,0,0.12608409,1
26682,1,1,0.950503,1
26683,1,1,0.9999709,1
26684,0,1,0.6757111,0
26685,1,1,1.0,1
26686,0,1,0.98507166,0
26687,0,0,0.01660912,1
26688,1,0,0.31473467,0
26689,0,0,0.08291986,1
26690,0,0,0.04505753,1
26691,1,1,0.46721023,1
26692,0,1,0.6316511,0
26693,1,0,0.04300264,0
26694,0,0,0.08093672,1
26695,1,1,0.9999906,1
26696,1,0,0.06080765,0
26697,1,1,1.0,1
26698,1,1,0.9999882,1
26699,0,0,0.15071502,1
26700,0,0,0.1504028,1
26701,1,1,0.9924666,1
26702,0,1,0.8509647,0
26703,0,1,0.8178656,0
26704,0,0,0.13145173,1
26705,0,1,0.9994461,0
26706,1,1,0.9999893,1
26707,1,1,0.99997103,1
26708,1,1,0.9814534,1
26709,1,0,0.074432954,0
26710,1,0,0.15771976,0
26711,1,1,0.9997508,1
26712,1,0,0.11666332,0
26713,1,0,0.3268352,0
26714,1,1,1.0,1
26715,0,1,1.0,0
26716,0,0,0.15304215,1
26717,1,0,0.013376604,0
26718,1,1,0.38676345,1
26719,1,0,0.05649606,0
26720,1,1,1.0,1
26721,0,0,0.20173456,1
26722,1,1,0.988514,1
26723,1,1,0.999892,1
26724,0,1,0.848847,0
26725,1,0,0.08079154,0
26726,1,1,0.6805072,1
26727,0,0,0.17321827,1
26728,1,1,0.4764883,1
26729,0,0,0.028517084,1
26730,0,0,0.10079008,1
26731,1,0,0.14915918,0
26732,1,1,0.99999547,1
26733,0,1,0.7433543,0
26734,1,1,0.99735296,1
26735,1,1,0.7343577,1
26736,1,1,1.0,1
26737,1,0,0.17300858,0
26738,1,1,1.0,1
26739,1,1,0.37481928,1
26740,0,1,0.40927982,0
26741,0,0,0.12137298,1
26742,1,1,1.0,1
26743,0,1,1.0,0
26744,0,0,0.1435475,1
26745,0,0,0.058938842,1
26746,1,0,0.22143486,0
26747,1,1,0.94261247,1
26748,0,0,0.05165378,1
26749,1,1,0.8449215,1
26750,0,1,0.9977437,0
26751,1,1,0.9639839,1
26752,1,1,0.99580115,1
26753,1,0,0.055823144,0
26754,1,1,0.999879,1
26755,1,0,0.0045384313,0
26756,0,0,0.02138932,1
26757,0,0,0.23370637,1
26758,0,0,0.16728666,1
26759,1,0,0.06388999,0
26760,1,1,0.9991991,1
26761,1,1,0.9999995,1
26762,0,1,0.7611836,0
26763,0,1,0.44797343,0
26764,0,0,0.023621805,1
26765,0,1,0.44724903,0
26766,0,0,0.016497836,1
26767,0,0,0.02145073,1
26768,1,1,0.9016612,1
26769,0,0,0.09577148,1
26770,0,0,0.04733772,1
26771,0,0,0.078148484,1
26772,0,0,0.30897155,1
26773,0,0,0.034132607,1
26774,0,0,0.2188363,1
26775,1,1,0.99971205,1
26776,1,1,0.99085677,1
26777,0,1,0.3725623,0
26778,1,1,0.97769254,1
26779,1,1,1.0,1
26780,1,0,0.041191436,0
26781,1,1,0.8872046,1
26782,0,1,0.8992099,0
26783,0,0,0.2686535,1
26784,0,0,0.06394842,1
26785,0,1,0.43071598,0
26786,1,0,0.22093019,0
26787,1,1,0.99999857,1
26788,0,0,0.09687654,1
26789,1,1,0.999658,1
26790,1,0,0.19759926,0
26791,0,1,0.7587788,0
26792,1,1,1.0,1
26793,0,1,1.0,0
26794,0,1,0.40177584,0
26795,1,0,0.0019994322,0
26796,1,1,0.881513,1
26797,1,1,1.0,1
26798,0,1,0.60434055,0
26799,1,1,0.7190878,1
26800,1,1,0.9999999,1
26801,1,1,0.9999324,1
26802,0,0,0.025011595,1
26803,0,0,0.001949402,1
26804,1,1,0.99999964,1
26805,0,1,0.98524296,0
26806,0,1,0.9995461,0
26807,1,0,0.077030234,0
26808,0,0,0.2821962,1
26809,0,1,0.64829934,0
26810,0,1,0.7989722,0
26811,1,0,0.091301054,0
26812,1,1,0.7663811,1
26813,1,1,0.9999976,1
26814,1,1,0.86431044,1
26815,1,1,1.0,1
26816,1,0,0.010714441,0
26817,1,1,0.99999857,1
26818,0,0,0.034456022,1
26819,1,1,0.99889696,1
26820,1,0,0.01335085,0
26821,1,1,0.99528164,1
26822,0,0,0.16796798,1
26823,1,1,1.0,1
26824,0,0,0.17419945,1
26825,0,0,0.20930803,1
26826,1,1,0.99991035,1
26827,0,1,0.9969897,0
26828,0,0,0.3475925,1
26829,1,0,0.30741,0
26830,1,1,1.0,1
26831,0,0,0.008660931,1
26832,1,1,0.56973296,1
26833,1,1,0.9999871,1
26834,1,0,0.0061331755,0
26835,0,0,0.0038543635,1
26836,1,1,0.9964551,1
26837,0,1,0.9997942,0
26838,0,0,0.0070664017,1
26839,1,1,0.99999964,1
26840,1,1,1.0,1
26841,0,1,0.40403706,0
26842,1,1,0.9782396,1
26843,1,0,0.3233801,0
26844,1,1,0.9999999,1
26845,0,0,0.015723988,1
26846,1,1,0.97794676,1
26847,1,1,0.99998593,1
26848,0,0,0.19946387,1
26849,1,0,0.0069038384,0
26850,0,1,0.4031262,0
26851,1,1,0.9918121,1
26852,1,1,0.84376645,1
26853,1,0,0.0061331755,0
26854,1,1,0.9999994,1
26855,1,1,0.99968374,1
26856,0,0,0.25118822,1
26857,0,0,0.12252321,1
26858,0,1,0.9655439,0
26859,1,1,0.9859904,1
26860,0,1,0.9448422,0
26861,0,1,1.0,0
26862,1,0,0.110663235,0
26863,1,1,0.852199,1
26864,1,1,0.6977634,1
26865,0,0,0.038321972,1
26866,1,1,0.9763782,1
26867,1,1,0.73564166,1
26868,1,0,0.011755131,0
26869,1,1,0.3570069,1
26870,1,1,0.9999633,1
26871,0,1,0.459925,0
26872,1,1,0.9999999,1
26873,1,1,0.9966168,1
26874,1,1,1.0,1
26875,0,1,0.99847525,0
26876,0,1,0.54540676,0
26877,1,1,0.99999785,1
26878,0,0,0.1320102,1
26879,1,1,0.99989927,1
26880,0,0,0.17441027,1
26881,0,0,0.03701235,1
26882,1,1,0.9999871,1
26883,1,0,0.0818861,0
26884,1,1,1.0,1
26885,1,1,0.9999999,1
26886,0,1,0.8031738,0
26887,0,0,0.13330236,1
26888,0,1,0.9147487,0
26889,0,0,0.01709447,1
26890,1,0,0.13811268,0
26891,1,1,0.9999546,1
26892,1,1,0.99999917,1
26893,0,1,0.58794314,0
26894,1,0,0.028355207,0
26895,0,1,0.99999523,0
26896,1,1,0.96560895,1
26897,1,0,0.30954528,0
26898,1,1,0.96829146,1
26899,1,1,1.0,1
26900,1,0,0.17945866,0
26901,1,1,0.9999908,1
26902,1,1,0.9999473,1
26903,0,0,0.019456577,1
26904,0,1,1.0,0
26905,0,1,0.99962366,0
26906,0,1,0.9999511,0
26907,1,0,0.07376295,0
26908,1,0,0.11138611,0
26909,1,1,0.5431662,1
26910,1,1,0.9873018,1
26911,1,1,1.0,1
26912,1,0,0.03007184,0
26913,1,1,0.98617804,1
26914,1,1,1.0,1
26915,0,1,0.9592307,0
26916,1,1,0.64192754,1
26917,0,0,0.012673735,1
26918,1,1,1.0,1
26919,1,1,0.9810765,1
26920,1,1,0.992349,1
26921,1,1,0.5839153,1
26922,1,0,0.03007184,0
26923,1,0,0.17036992,0
26924,1,1,0.99990654,1
26925,1,1,0.9970073,1
26926,0,1,0.881513,0
26927,1,1,0.9811307,1
26928,0,0,0.07517641,1
26929,0,1,0.99999046,0
26930,1,1,1.0,1
26931,0,0,0.015814932,1
26932,1,1,0.99999976,1
26933,0,0,0.052134257,1
26934,0,0,0.03680407,1
26935,0,0,0.2573916,1
26936,1,1,0.99999917,1
26937,1,1,0.99999094,1
26938,1,1,0.9708817,1
26939,0,0,0.04300264,1
26940,1,1,0.9967524,1
26941,1,1,0.9999893,1
26942,1,1,0.9999832,1
26943,1,1,1.0,1
26944,0,1,0.6709857,0
26945,0,1,0.9911527,0
26946,0,0,0.02576056,1
26947,0,1,0.4119386,0
26948,0,0,0.10818896,1
26949,0,0,0.052960765,1
26950,1,1,0.9937588,1
26951,1,1,0.9999839,1
26952,0,1,0.47813284,0
26953,1,0,0.0703677,0
26954,0,1,0.96210754,0
26955,0,0,0.045268096,1
26956,1,0,0.03807084,0
26957,0,1,0.82432055,0
26958,1,0,0.13420753,0
26959,1,1,0.93195957,1
26960,1,0,0.088820286,0
26961,1,1,0.6898805,1
26962,1,0,0.007815888,0
26963,0,1,0.945349,0
26964,1,0,0.15190639,0
26965,1,0,0.22533137,0
26966,1,1,0.9997546,1
26967,1,1,0.9999622,1
26968,1,1,0.99682117,1
26969,0,1,0.92860323,0
26970,1,0,0.34334174,0
26971,0,1,0.8113773,0
26972,1,1,0.99998116,1
26973,1,1,0.9548583,1
26974,1,1,0.95013416,1
26975,1,1,0.4627765,1
26976,0,1,0.98215127,0
26977,0,1,1.0,0
26978,0,0,0.23739909,1
26979,0,0,0.14469185,1
26980,1,1,0.99892044,1
26981,0,1,0.96521765,0
26982,0,0,0.31268474,1
26983,0,0,0.049635064,1
26984,1,1,1.0,1
26985,0,0,0.021718834,1
26986,1,1,0.7040075,1
26987,1,1,0.9999994,1
26988,1,1,0.9999994,1
26989,1,1,0.9819447,1
26990,1,1,0.99711037,1
26991,0,1,0.99979335,0
26992,0,0,0.2875177,1
26993,1,0,0.05014425,0
26994,1,0,0.15450352,0
26995,0,0,0.08517511,1
26996,0,1,0.9240048,0
26997,0,1,0.9285385,0
26998,0,1,0.9999968,0
26999,1,1,0.9999999,1
27000,0,1,0.99816847,0
27001,0,0,0.018072657,1
27002,0,0,0.10212547,1
27003,0,0,0.091544405,1
27004,0,0,0.051415116,1
27005,1,0,0.09713317,0
27006,0,1,0.8830344,0
27007,0,0,0.25552937,1
27008,1,1,1.0,1
27009,1,1,0.9998671,1
27010,1,1,0.9859634,1
27011,1,1,0.99998,1
27012,0,1,0.66557366,0
27013,0,1,1.0,0
27014,0,1,0.8594279,0
27015,0,1,0.3798096,0
27016,1,1,1.0,1
27017,1,1,0.57701874,1
27018,1,1,1.0,1
27019,1,1,0.9999999,1
27020,0,1,0.9999546,0
27021,1,1,0.9999969,1
27022,1,1,0.998862,1
27023,0,0,0.123577,1
27024,0,0,0.27620217,1
27025,1,1,1.0,1
27026,1,0,0.10079008,0
27027,0,0,0.15804437,1
27028,0,1,0.90087914,0
27029,0,1,0.99901307,0
27030,0,1,0.39560106,0
27031,0,1,0.9931629,0
27032,1,1,1.0,1
27033,1,1,0.99304235,1
27034,1,1,0.9742149,1
27035,0,1,0.9964551,0
27036,1,1,0.9999999,1
27037,1,1,1.0,1
27038,0,0,0.07024005,1
27039,0,0,0.18169841,1
27040,0,0,0.027690258,1
27041,0,0,0.28397995,1
27042,0,1,0.99956185,0
27043,1,1,0.5123266,1
27044,0,0,0.19644053,1
27045,1,1,0.9958418,1
27046,1,1,1.0,1
27047,1,1,0.9999988,1
27048,0,1,0.9971551,0
27049,1,1,0.9060729,1
27050,1,1,0.45416954,1
27051,1,1,0.99770385,1
27052,0,1,0.9991048,0
27053,0,1,0.5826692,0
27054,1,1,0.9999832,1
27055,1,1,0.9984022,1
27056,1,0,0.3475371,0
27057,0,1,0.99492985,0
27058,1,1,0.9980732,1
27059,1,1,0.9999987,1
27060,1,1,0.9999733,1
27061,0,1,0.99389064,0
27062,0,1,0.9428234,0
27063,1,1,0.9999924,1
27064,0,0,0.03365296,1
27065,1,1,0.9997546,1
27066,0,0,0.25082102,1
27067,0,1,0.9982351,0
27068,0,1,0.63956726,0
27069,1,1,0.4587124,1
27070,1,0,0.05404875,0
27071,0,0,0.07793769,1
27072,0,1,0.9926399,0
27073,0,1,0.8480936,0
27074,0,1,0.4113769,0
27075,0,0,0.06524657,1
27076,0,1,0.9818231,0
27077,1,1,0.9999999,1
27078,0,0,0.2216875,1
27079,1,1,0.99575186,1
27080,1,0,0.047913536,0
27081,1,1,1.0,1
27082,0,1,0.98237246,0
27083,0,1,0.874292,0
27084,1,1,0.99897975,1
27085,1,1,1.0,1
27086,1,1,0.994729,1
27087,1,0,0.012455653,0
27088,0,1,0.44661537,0
27089,0,0,0.22034244,1
27090,1,1,1.0,1
27091,1,1,0.8535469,1
27092,0,0,0.0065515246,1
27093,1,1,0.99900347,1
27094,1,1,0.99999976,1
27095,1,1,0.8710367,1
27096,1,1,1.0,1
27097,0,0,0.15482274,1
27098,1,1,0.99999785,1
27099,0,1,0.805173,0
27100,0,0,0.24635202,1
27101,1,1,0.98819935,1
27102,0,0,0.22918998,1
27103,1,0,0.12885365,0
27104,0,1,0.99971753,0
27105,1,1,0.97828114,1
27106,0,1,0.64159083,0
27107,1,1,0.42838284,1
27108,0,1,0.9996252,0
27109,0,1,0.82432055,0
27110,1,0,0.14004198,0
27111,0,0,0.19329962,1
27112,1,1,0.9625677,1
27113,0,1,0.840521,0
27114,0,0,0.05184547,1
27115,1,0,0.27096224,0
27116,0,1,0.9921537,0
27117,0,0,0.17504396,1
27118,1,1,1.0,1
27119,0,1,0.92495924,0
27120,0,0,0.07094482,1
27121,0,1,0.9912378,0
27122,0,1,0.79085356,0
27123,1,1,0.98628414,1
27124,1,0,0.16552565,0
27125,1,1,0.9999678,1
27126,0,1,0.9960699,0
27127,0,1,0.9714829,0
27128,0,1,0.62629557,0
27129,1,1,0.3890242,1
27130,0,0,0.07835981,1
27131,1,1,0.99866724,1
27132,0,1,0.8077641,0
27133,1,0,0.20657375,0
27134,1,1,1.0,1
27135,0,0,0.016963702,1
27136,0,0,0.057864826,1
27137,0,1,0.4968262,0
27138,1,1,0.99999595,1
27139,0,1,0.7506442,0
27140,0,1,0.35919553,0
27141,0,1,0.5886527,0
27142,1,1,0.9965301,1
27143,1,0,0.024492992,0
27144,1,1,0.9432431,1
27145,0,1,0.99944395,0
27146,1,1,0.46675444,1
27147,1,0,0.006217078,0
27148,1,1,1.0,1
27149,0,0,0.27110693,1
27150,1,1,0.99912554,1
27151,0,0,0.09268777,1
27152,0,0,0.21149823,1
27153,1,0,0.1522842,0
27154,0,1,0.9114953,0
27155,0,0,0.33589524,1
27156,1,1,0.9999659,1
27157,1,1,0.7992857,1
27158,1,1,1.0,1
27159,1,0,0.0055119335,0
27160,1,1,0.9999987,1
27161,1,1,1.0,1
27162,0,1,0.55579686,0
27163,1,1,0.46751407,1
27164,0,1,0.9889492,0
27165,1,1,0.9999968,1
27166,0,1,0.69755745,0
27167,1,1,0.9999912,1
27168,0,1,0.99999607,0
27169,1,1,1.0,1
27170,1,1,0.99843305,1
27171,0,1,0.98792297,0
27172,0,0,0.058185086,1
27173,0,1,0.66011757,0
27174,0,0,0.07992553,1
27175,1,1,0.9998306,1
27176,0,1,1.0,0
27177,1,1,0.5240293,1
27178,1,1,0.6419837,1
27179,1,1,0.5279859,1
27180,0,0,0.18410648,1
27181,1,1,0.99999964,1
27182,0,1,0.99999976,0
27183,1,0,0.21036048,0
27184,0,0,0.14378779,1
27185,1,0,0.21791947,0
27186,0,0,0.24287842,1
27187,1,1,1.0,1
27188,1,1,1.0,1
27189,1,1,1.0,1
27190,1,0,0.08555635,0
27191,0,1,0.47852883,0
27192,0,0,0.16512138,1
27193,1,0,0.0046006194,0
27194,0,0,0.012845958,1
27195,0,0,0.0032794434,1
27196,0,1,0.4546235,0
27197,1,1,1.0,1
27198,1,1,0.9999999,1
27199,0,1,0.99182796,0
27200,0,0,0.044847906,1
27201,1,1,0.98442644,1
27202,1,1,1.0,1
27203,1,0,0.25330648,0
27204,1,1,0.99991846,1
27205,1,1,0.9678385,1
27206,0,0,0.021084841,1
27207,0,1,0.9418684,0
27208,0,1,0.8903896,0
27209,0,0,0.027040472,1
27210,0,1,0.9513234,0
27211,0,1,0.99178034,0
27212,0,0,0.025202822,1
27213,0,0,0.005685907,1
27214,0,0,0.07146149,1
27215,0,1,0.9421883,0
27216,0,1,0.4136844,0
27217,0,1,0.4711928,0
27218,1,1,0.9999974,1
27219,1,1,0.9972691,1
27220,0,1,0.4487584,0
27221,1,1,0.9923193,1
27222,0,1,0.6869479,0
27223,1,1,0.8174288,1
27224,1,0,0.30918014,0
27225,0,0,0.263789,1
27226,1,1,0.99997556,1
27227,0,1,0.99968493,0
27228,1,1,0.48352647,1
27229,0,1,0.9999988,0
27230,1,0,0.16198196,0
27231,0,0,0.10257407,1
27232,1,1,0.9071478,1
27233,1,1,0.9999999,1
27234,1,0,0.20930803,0
27235,0,1,0.868938,0
27236,0,1,0.3793209,0
27237,0,1,1.0,0
27238,1,1,0.99813604,1
27239,0,1,0.69466525,0
27240,0,1,0.6734602,0
27241,1,1,0.4605012,1
27242,0,0,0.008108984,1
27243,0,0,0.029901406,1
27244,1,0,0.08240149,0
27245,1,1,0.99990463,1
27246,0,0,0.019700259,1
27247,0,1,0.65373504,0
27248,1,1,0.80147004,1
27249,1,1,0.9999976,1
27250,1,0,0.13609089,0
27251,1,1,0.9984269,1
27252,0,1,0.99619776,0
27253,0,0,0.254787,1
27254,1,1,0.9999628,1
27255,1,0,0.2069742,0
27256,1,1,0.99153805,1
27257,1,1,0.95230865,1
27258,1,1,0.9998623,1
27259,0,1,0.5179062,0
27260,0,1,0.97865146,0
27261,1,1,0.99999976,1
27262,0,1,0.4047721,0
27263,1,1,0.8508408,1
27264,1,1,0.99704784,1
27265,0,1,0.9380673,0
27266,0,0,0.018511046,1
27267,1,1,1.0,1
27268,0,1,0.63945466,0
27269,0,0,0.0021615503,1
27270,1,1,1.0,1
27271,0,1,0.8552477,0
27272,0,0,0.15908672,1
27273,0,0,0.10530251,1
27274,0,0,0.17674264,1
27275,1,1,0.99999607,1
27276,1,1,0.9904221,1
27277,0,1,0.86036915,0
27278,0,1,0.9334308,0
27279,1,0,0.23326942,0
27280,0,1,0.9999355,0
27281,0,0,0.037892424,1
27282,1,1,1.0,1
27283,1,1,1.0,1
27284,1,1,0.99982053,1
27285,0,1,0.97386926,0
27286,1,1,1.0,1
27287,1,1,0.9988752,1
27288,1,1,1.0,1
27289,1,1,1.0,1
27290,1,0,0.01694742,0
27291,1,0,0.122838534,0
27292,1,1,1.0,1
27293,1,1,0.99999833,1
27294,1,1,0.9747011,1
27295,0,1,1.0,0
27296,1,0,0.12463858,0
27297,1,1,0.99999547,1
27298,1,0,0.06699522,0
27299,1,1,0.7251623,1
27300,1,0,0.0013172915,0
27301,0,0,0.073430054,1
27302,0,0,0.30564553,1
27303,1,0,0.11576064,0
27304,0,0,0.050237365,1
27305,1,1,0.9999976,1
27306,1,1,0.99998045,1
27307,1,1,0.99999785,1
27308,0,1,0.97803074,0
27309,1,1,0.99999654,1
27310,0,0,0.12199923,1
27311,0,1,0.9996935,0
27312,0,1,0.6308555,0
27313,1,1,1.0,1
27314,0,0,0.06359858,1
27315,0,0,0.023870833,1
27316,1,1,0.99999976,1
27317,0,1,0.99403125,0
27318,1,1,0.49032712,1
27319,1,1,0.95136863,1
27320,1,1,1.0,1
27321,1,1,0.9990415,1
27322,1,0,0.08471965,0
27323,0,1,0.78727776,0
27324,1,1,0.84453726,1
27325,1,1,0.9626028,1
27326,0,1,0.67109346,0
27327,1,1,0.99584997,1
27328,1,1,0.6826266,1
27329,1,1,0.9951041,1
27330,1,1,0.9241418,1
27331,0,1,0.80448276,0
27332,1,1,0.9973786,1
27333,1,0,0.08137364,0
27334,0,1,0.9951514,0
27335,1,0,1.8486755e-05,0
27336,1,1,1.0,1
27337,1,0,0.15002882,0
27338,1,0,0.0012303583,0
27339,1,1,0.99991655,1
27340,0,0,0.27693492,1
27341,1,0,0.08953418,0
27342,1,1,0.99993956,1
27343,1,1,1.0,1
27344,1,1,0.9999658,1
27345,1,1,0.9999713,1
27346,1,1,1.0,1
27347,1,1,1.0,1
27348,1,1,0.98535615,1
27349,0,1,0.4266799,0
27350,0,1,0.9559813,0
27351,0,1,0.986904,0
27352,0,1,0.994292,0
27353,1,1,0.98173577,1
27354,1,1,1.0,1
27355,0,1,0.9999012,0
27356,0,1,0.9101469,0
27357,1,1,1.0,1
27358,0,0,0.3228995,1
27359,0,0,0.07558479,1
27360,0,0,0.012264914,1
27361,0,1,0.83801806,0
27362,1,1,0.98667485,1
27363,1,0,0.039084956,0
27364,1,1,0.9982522,1
27365,0,0,0.28746766,1
27366,1,1,0.99995553,1
27367,0,1,0.9886901,0
27368,1,1,0.99324185,1
27369,0,0,0.20228556,1
27370,1,1,1.0,1
27371,1,1,0.99911517,1
27372,1,1,0.99760324,1
27373,0,1,0.9999846,0
27374,0,0,0.17064616,1
27375,0,1,0.7056329,0
27376,0,1,0.4716795,0
27377,0,1,0.8748277,0
27378,1,1,0.99999666,1
27379,1,1,0.9999982,1
27380,0,1,0.9920002,0
27381,0,0,0.077867545,1
27382,1,1,1.0,1
27383,1,0,0.1434875,0
27384,0,1,0.599954,0
27385,0,0,0.023308529,1
27386,0,0,0.10809477,1
27387,0,0,0.120438814,1
27388,0,0,0.0071076322,1
27389,1,1,1.0,1
27390,0,1,0.66011757,0
27391,0,0,0.27904198,1
27392,1,1,0.7383862,1
27393,0,0,0.20087102,1
27394,1,1,0.97682446,1
27395,0,0,0.09611029,1
27396,1,1,0.9979007,1
27397,1,1,0.99882597,1
27398,0,1,0.9983675,0
27399,1,1,0.8260112,1
27400,1,1,0.9999994,1
27401,0,1,0.99999714,0
27402,1,1,0.98403233,1
27403,1,1,0.99851626,1
27404,0,1,0.97773504,0
27405,1,1,0.6280083,1
27406,0,0,0.3150507,1
27407,1,1,1.0,1
27408,0,1,0.4523242,0
27409,1,1,1.0,1
27410,1,1,0.75287664,1
27411,1,1,0.99830914,1
27412,0,0,0.024376595,1
27413,1,0,0.037928045,0
27414,1,1,1.0,1
27415,0,0,0.2188363,1
27416,1,0,0.16728666,0
27417,1,1,0.9999901,1
27418,1,0,0.32611045,0
27419,0,0,0.09451042,1
27420,0,0,0.007403014,1
27421,1,1,0.9966036,1
27422,1,1,0.99984944,1
27423,0,0,0.10079008,1
27424,0,0,0.040960647,1
27425,1,1,0.49066272,1
27426,0,1,0.9342753,0
27427,0,0,0.04084572,1
27428,1,1,0.99997306,1
27429,1,0,0.000559291,0
27430,1,0,0.26855758,0
27431,0,1,0.8244619,0
27432,1,1,0.9999956,1
27433,1,1,0.41134733,1
27434,1,1,1.0,1
27435,0,1,0.99995816,0
27436,1,1,1.0,1
27437,0,1,0.5429844,0
27438,1,1,1.0,1
27439,0,0,0.13620575,1
27440,1,1,0.9989857,1
27441,0,0,0.043487497,1
27442,1,1,0.51135063,1
27443,0,1,0.9635062,0
27444,0,0,0.15266278,1
27445,1,1,1.0,1
27446,0,0,0.18082884,1
27447,1,0,0.18082884,0
27448,1,1,1.0,1
27449,1,1,0.9996451,1
27450,1,1,0.9611345,1
27451,0,1,0.9999962,0
27452,0,1,0.997537,0
27453,1,1,0.9975751,1
27454,1,1,0.9914391,1
27455,0,0,0.24202642,1
27456,1,0,0.009783876,0
27457,1,1,0.71408004,1
27458,0,1,0.9999969,0
27459,0,0,0.3346438,1
27460,1,1,0.7208598,1
27461,1,1,1.0,1
27462,0,1,0.9993162,0
27463,0,1,0.8042522,0
27464,1,1,1.0,1
27465,0,0,0.30059156,1
27466,0,0,0.00025118678,1
27467,0,1,0.99979264,0
27468,0,1,0.62377805,0
27469,0,0,0.3415825,1
27470,0,0,0.013768816,1
27471,1,1,0.99999857,1
27472,1,1,0.7373001,1
27473,1,1,0.9999994,1
27474,0,0,0.20946968,1
27475,1,1,0.44655502,1
27476,0,1,0.46885142,0
27477,1,0,0.34919977,0
27478,0,1,0.6733528,0
27479,0,1,0.996682,0
27480,0,0,0.09501305,1
27481,0,1,0.8989441,0
27482,1,1,0.99996936,1
27483,1,0,0.054499876,0
27484,1,0,0.039527465,0
27485,0,0,0.1336412,1
27486,1,1,0.99999976,1
27487,0,1,0.49945065,0
27488,0,0,0.042882238,1
27489,0,0,0.022414219,1
27490,1,1,1.0,1
27491,1,0,0.23686911,0
27492,0,0,0.084947094,1
27493,0,0,0.078289315,1
27494,1,1,1.0,1
27495,1,1,1.0,1
27496,1,1,0.99999785,1
27497,1,1,0.969985,1
27498,1,0,0.07191642,0
27499,1,1,0.99998665,1
27500,1,1,0.99999523,1
27501,0,1,0.99187535,0
27502,0,0,0.25155574,1
27503,1,1,1.0,1
27504,1,1,0.9999989,1
27505,1,1,0.9999994,1
27506,0,0,0.034036152,1
27507,0,0,0.20165595,1
27508,0,1,0.99712163,0
27509,0,0,0.043691058,1
27510,1,1,0.99995244,1
27511,0,0,0.109324835,1
27512,0,0,0.01977584,1
27513,0,0,0.15830442,1
27514,1,0,0.039638843,0
27515,1,0,0.10576342,0
27516,1,1,0.9999981,1
27517,0,0,0.11506276,1
27518,0,1,0.964822,0
27519,0,1,0.6854759,0
27520,0,1,0.9999999,0
27521,0,0,0.1522842,1
27522,1,1,0.9949886,1
27523,0,1,0.999433,0
27524,1,1,0.9996087,1
27525,0,0,0.070816204,1
27526,0,0,0.0029752331,1
27527,1,0,0.009540926,0
27528,0,0,0.21875282,1
27529,0,0,0.29992473,1
27530,1,1,1.0,1
27531,1,1,1.0,1
27532,0,0,0.24256429,1
27533,0,1,0.9805248,0
27534,1,1,0.9999896,1
27535,0,1,0.5717666,0
27536,0,1,0.45066157,0
27537,1,1,1.0,1
27538,1,1,0.9999976,1
27539,0,1,0.99541724,0
27540,0,0,0.016434574,1
27541,0,1,0.99999523,0
27542,1,0,0.31806138,0
27543,1,1,0.9532315,1
27544,1,1,0.9999249,1
27545,1,1,1.0,1
27546,1,1,0.9996886,1
27547,0,1,0.996858,0
27548,1,1,0.9997757,1
27549,0,1,0.990732,0
27550,1,1,0.9999784,1
27551,1,1,0.99999964,1
27552,0,1,0.9967269,0
27553,1,0,0.35103294,0
27554,1,1,0.99992037,1
27555,1,1,0.9972154,1
27556,0,1,0.9997017,0
27557,1,1,0.9901211,1
27558,1,1,0.9999882,1
27559,0,0,0.17161581,1
27560,1,1,0.4155509,1
27561,0,1,0.9999999,0
27562,1,1,1.0,1
27563,1,1,0.9997942,1
27564,0,0,0.34981033,1
27565,1,1,0.99996936,1
27566,0,0,0.3424066,1
27567,1,1,0.99928623,1
27568,0,1,0.5538673,0
27569,1,1,0.99951875,1
27570,0,0,0.023330769,1
27571,1,0,0.24166831,0
27572,1,1,1.0,1
27573,0,0,0.082549304,1
27574,0,0,0.17716932,1
27575,1,1,0.9055731,1
27576,1,0,0.08419108,0
27577,0,1,0.57170683,0
27578,1,1,1.0,1
27579,0,1,0.8429925,0
27580,1,1,0.59825355,1
27581,1,1,0.99994564,1
27582,1,1,0.9946878,1
27583,1,1,0.99978095,1
27584,1,1,0.99889696,1
27585,0,0,0.02763772,1
27586,1,1,0.9999989,1
27587,0,0,0.18242553,1
27588,1,1,0.9999999,1
27589,1,1,0.6931096,1
27590,0,1,0.80115914,0
27591,0,0,0.05602938,1
27592,0,0,0.03400406,1
27593,1,1,1.0,1
27594,0,1,0.48148432,0
27595,0,0,0.24671482,1
27596,1,1,0.9545204,1
27597,1,1,0.99999225,1
27598,1,0,0.25045422,0
27599,0,0,0.024563085,1
27600,1,1,0.99999964,1
27601,0,0,0.17119972,1
27602,1,0,0.23979414,0
27603,0,0,0.09309923,1
27604,0,1,0.99995387,0
27605,0,1,0.9902351,0
27606,1,1,1.0,1
27607,0,1,0.59366816,0
27608,1,0,0.05839952,0
27609,0,1,0.86431044,0
27610,1,1,0.7909343,1
27611,1,1,0.9861247,1
27612,1,1,0.9998118,1
27613,1,1,0.9999999,1
27614,1,1,0.99999714,1
27615,1,1,0.9999435,1
27616,0,1,0.6999214,0
27617,1,1,0.9996118,1
27618,1,1,0.9999999,1
27619,0,1,0.42721748,0
27620,0,0,0.13998318,1
27621,1,1,1.0,1
27622,0,1,0.82949203,0
27623,1,1,0.6401298,1
27624,1,1,0.37840167,1
27625,1,1,0.9999999,1
27626,1,1,0.9241418,1
27627,0,0,0.12252321,1
27628,0,1,0.9901592,0
27629,0,0,0.06080765,1
27630,1,0,0.14187485,0
27631,1,1,1.0,1
27632,0,0,0.0226292,1
27633,0,0,0.20032293,1
27634,0,0,0.04560694,1
27635,1,1,1.0,1
27636,0,0,0.31668618,1
27637,0,0,0.13358468,1
27638,1,1,0.9576358,1
27639,1,1,1.0,1
27640,1,1,0.9999745,1
27641,1,0,0.02505927,0
27642,0,0,0.34246156,1
27643,0,1,0.6382154,0
27644,1,0,0.05608106,0
27645,0,1,0.995488,0
27646,1,0,0.011938038,0
27647,0,0,0.035078675,1
27648,1,1,0.99999845,1
27649,0,1,0.9814889,0
27650,0,0,0.07230849,1
27651,1,1,0.99956864,1
27652,0,0,0.008950712,1
27653,1,1,0.9999237,1
27654,1,0,0.029423581,0
27655,0,0,0.25173965,1
27656,1,0,0.23074637,0
27657,1,0,0.06916357,0
27658,0,1,0.9976172,0
27659,0,1,0.7535573,0
27660,1,1,0.98609793,1
27661,0,1,0.9379537,0
27662,0,0,0.05899303,1
27663,1,1,0.59854686,1
27664,1,1,0.94639885,1
27665,0,1,0.999884,0
27666,1,0,0.019719128,0
27667,1,1,0.9998771,1
27668,1,1,0.60206157,1
27669,1,0,0.060975183,0
27670,0,1,0.75815266,0
27671,1,1,0.91398406,1
27672,1,1,1.0,1
27673,1,1,0.97057647,1
27674,1,0,0.12368283,0
27675,0,1,0.5080559,0
27676,1,1,0.9474297,1
27677,1,1,0.99804294,1
27678,0,0,0.24202642,1
27679,1,1,1.0,1
27680,1,1,0.9999999,1
27681,1,1,0.9999999,1
27682,1,1,0.35303777,1
27683,0,1,0.9639839,0
27684,0,0,0.23014024,1
27685,1,1,0.99928623,1
27686,0,1,0.9253649,0
27687,1,0,0.27776676,0
27688,0,1,0.96432143,0
27689,1,1,0.7611836,1
27690,1,0,0.00055711175,0
27691,0,1,0.5736187,0
27692,1,1,0.68747264,1
27693,0,0,0.003538086,1
27694,0,1,0.9995461,0
27695,1,1,0.99995816,1
27696,0,1,0.6234342,0
27697,1,1,0.99999046,1
27698,1,1,0.99564314,1
27699,0,0,0.34196696,1
27700,1,0,0.017934537,0
27701,1,1,0.999987,1
27702,1,1,1.0,1
27703,1,0,0.10203597,0
27704,1,1,0.9995851,1
27705,0,0,0.03182875,1
27706,1,1,0.9991736,1
27707,0,0,0.094426885,1
27708,0,1,0.47852883,0
27709,0,0,0.01964376,1
27710,0,1,1.0,0
27711,1,1,0.9999995,1
27712,1,0,0.16444936,0
27713,0,1,0.6935249,0
27714,1,1,1.0,1
27715,1,1,1.0,1
27716,0,1,0.91367656,0
27717,1,1,0.42178997,1
27718,1,1,0.76629364,1
27719,0,0,0.10539455,1
27720,1,1,0.99993646,1
27721,1,0,0.013532148,0
27722,0,1,0.934813,0
27723,0,1,0.83761996,0
27724,1,0,0.08969352,0
27725,0,0,0.27815872,1
27726,1,1,0.99804676,1
27727,1,1,0.9999995,1
27728,0,0,0.12368283,1
27729,1,1,0.9999999,1
27730,1,1,0.92821383,1
27731,1,0,0.22832853,0
27732,0,1,0.8957965,0
27733,1,1,0.9999893,1
27734,1,1,1.0,1
27735,0,1,0.8797679,0
27736,0,1,0.47542265,0
27737,1,1,0.99999917,1
27738,1,1,0.99997115,1
27739,0,1,0.99999976,0
27740,1,1,0.99302894,1
27741,0,1,0.6017691,0
27742,1,1,0.99941504,1
27743,1,1,0.36624965,1
27744,1,1,0.99724233,1
27745,0,1,0.9992267,0
27746,1,1,0.99928755,1
27747,1,1,0.8113773,1
27748,1,1,0.5791624,1
27749,0,1,0.9724148,0
27750,1,1,0.99804294,1
27751,0,1,0.9814356,0
27752,1,1,1.0,1
27753,1,1,0.9999808,1
27754,1,1,0.9923786,1
27755,0,0,0.25256836,1
27756,0,1,0.755637,0
27757,0,0,0.042842172,1
27758,0,1,0.9943691,0
27759,1,1,0.94776917,1
27760,0,1,0.50884914,0
27761,0,0,0.19049802,1
27762,1,1,0.9997565,1
27763,1,1,1.0,1
27764,0,1,0.8596637,0
27765,0,1,0.7689067,0
27766,1,1,0.9941347,1
27767,1,1,0.41220477,1
27768,0,0,0.07423137,1
27769,0,1,0.9962999,0
27770,0,0,0.031708594,1
27771,1,1,0.9999145,1
27772,0,1,0.9984421,0
27773,1,1,0.99999917,1
27774,0,0,0.1056711,1
27775,0,0,0.045394883,1
27776,1,0,0.013982613,0
27777,0,1,0.9620719,0
27778,0,1,0.95880854,0
27779,0,0,0.30860683,1
27780,0,1,0.97285664,0
27781,1,1,1.0,1
27782,0,1,0.467666,0
27783,1,1,0.99986863,1
27784,0,1,0.9953815,0
27785,1,0,0.035177976,0
27786,0,1,0.7946241,0
27787,1,1,0.9254324,1
27788,1,1,0.6073721,1
27789,0,0,0.26736033,1
27790,0,1,0.97180575,0
27791,0,1,0.7466935,0
27792,1,1,0.9947901,1
27793,0,1,0.9992834,0
27794,0,0,0.22388572,1
27795,1,1,0.99999666,1
27796,1,0,0.24162357,0
27797,1,1,0.99992716,1
27798,0,1,0.36037648,0
27799,1,1,1.0,1
27800,1,1,0.74363375,1
27801,1,0,0.049085185,0
27802,0,1,0.7059371,0
27803,0,0,0.07257096,1
27804,1,1,0.99999654,1
27805,1,1,0.99847525,1
27806,0,0,0.06014182,1
27807,1,0,0.13302054,0
27808,0,0,0.051130094,1
27809,0,0,0.060031522,1
27810,1,1,0.9999329,1
27811,1,1,0.9987232,1
27812,1,1,0.9999808,1
27813,1,1,1.0,1
27814,1,1,0.9984542,1
27815,0,0,0.14139993,1
27816,1,1,0.8431217,1
27817,1,1,0.9914722,1
27818,1,0,0.07592667,0
27819,0,0,0.010652511,1
27820,0,1,0.8482194,0
27821,0,0,0.10706346,1
27822,1,1,0.9996935,1
27823,1,1,1.0,1
27824,1,1,0.5620563,1
27825,0,1,0.9741166,0
27826,1,1,0.999998,1
27827,1,1,0.99999535,1
27828,0,0,0.045225907,1
27829,1,1,0.9986646,1
27830,0,1,0.7967673,0
27831,1,1,0.98819935,1
27832,0,1,0.7251623,0
27833,1,0,0.025858779,0
27834,0,1,0.9130584,0
27835,0,1,0.8301815,0
27836,0,0,0.06548521,1
27837,0,0,0.08299413,1
27838,0,1,0.90998703,0
27839,0,0,0.016561339,1
27840,0,1,0.5900117,0
27841,1,0,0.27289566,0
27842,0,1,0.36201012,0
27843,1,1,1.0,1
27844,1,0,0.12984344,0
27845,1,1,0.90982693,1
27846,1,1,0.9999999,1
27847,1,1,0.9999865,1
27848,0,0,0.1203871,1
27849,1,1,0.37513402,1
27850,0,1,0.96858984,0
27851,1,1,0.99999964,1
27852,0,0,0.31997073,1
27853,0,1,0.9999889,0
27854,1,1,0.99924314,1
27855,0,0,0.03750274,1
27856,0,0,0.121008955,1
27857,1,1,0.44456476,1
27858,1,1,0.99983454,1
27859,0,1,1.0,0
27860,1,0,0.023939194,0
27861,0,1,0.5150101,0
27862,0,0,0.18330103,1
27863,1,1,0.9998859,1
27864,1,1,0.99999523,1
27865,0,0,0.075721376,1
27866,0,0,0.3011565,1
27867,1,1,0.9994461,1
27868,1,1,0.99999917,1
27869,0,1,1.0,0
27870,0,1,0.9999974,0
27871,1,1,0.99952257,1
27872,0,1,0.9999448,0
27873,0,1,0.4593793,0
27874,0,1,0.91157407,0
27875,0,0,0.035177976,1
27876,0,1,0.40762815,0
27877,1,1,0.90590656,1
27878,0,0,0.046291906,1
27879,0,0,0.10302444,1
27880,1,1,0.90105337,1
27881,1,0,0.024987794,0
27882,0,1,0.4028619,0
27883,1,1,0.99997425,1
27884,1,1,0.8884688,1
27885,0,0,0.077867545,1
27886,1,1,1.0,1
27887,0,0,0.058884703,1
27888,1,1,0.36048904,1
27889,0,1,0.8957965,0
27890,0,1,0.6347132,0
27891,1,1,0.80654806,1
27892,1,0,0.32231262,0
27893,0,0,0.13963085,1
27894,0,0,0.24835183,1
27895,1,1,0.9986904,1
27896,1,1,0.8372211,1
27897,1,1,0.9976814,1
27898,0,0,0.16059487,1
27899,1,1,0.9997342,1
27900,0,0,0.26246354,1
27901,1,1,1.0,1
27902,1,1,0.9999788,1
27903,0,0,0.08586245,1
27904,0,0,0.13039611,1
27905,0,1,0.58403397,0
27906,0,0,0.030588808,1
27907,0,0,0.070880495,1
27908,1,1,0.5095203,1
27909,0,1,0.99881905,0
27910,1,1,0.99941504,1
27911,0,0,0.16954333,1
27912,0,0,0.28711778,1
27913,1,1,1.0,1
27914,1,1,0.9999684,1
27915,1,1,0.98638946,1
27916,1,1,0.9997974,1
27917,1,1,0.8855325,1
27918,0,0,0.12028373,1
27919,0,0,0.10762492,1
27920,1,0,0.12592277,0
27921,1,1,0.99992275,1
27922,1,1,0.45371562,1
27923,1,1,0.9999988,1
27924,1,1,0.42125416,1
27925,0,1,0.88252914,0
27926,0,1,0.99999857,0
27927,1,1,0.9999691,1
27928,1,1,0.99389064,1
27929,0,0,0.04505753,1
27930,1,0,0.17960249,0
27931,0,1,0.98646784,0
27932,1,1,1.0,1
27933,1,1,0.99999094,1
27934,0,1,0.9999473,0
27935,0,0,0.083890386,1
27936,1,1,0.9999989,1
27937,1,1,0.6218854,1
27938,0,0,0.1297883,1
27939,1,1,1.0,1
27940,1,1,0.70380396,1
27941,0,0,0.01717671,1
27942,1,1,1.0,1
27943,1,0,0.009285965,0
27944,1,1,0.6376515,1
27945,1,1,1.0,1
27946,0,1,0.9494823,0
27947,0,1,0.99437994,0
27948,0,0,0.021044565,1
27949,0,1,0.90414387,0
27950,1,1,1.0,1
27951,0,0,0.12940273,1
27952,1,1,0.9606575,1
27953,1,0,0.18757874,0
27954,0,1,0.90200704,0
27955,1,1,0.99978596,1
27956,1,1,1.0,1
27957,0,0,0.091544405,1
27958,1,1,0.8008478,1
27959,1,0,0.21109137,0
27960,1,1,0.94829834,1
27961,1,1,0.9688562,1
27962,1,1,0.8161134,1
27963,1,1,0.45756087,1
27964,0,0,0.104294725,1
27965,1,1,0.96792966,1
27966,1,0,0.028463027,0
27967,1,1,0.4291303,1
27968,1,1,0.9508236,1
27969,1,1,0.72574586,1
27970,1,1,0.9999249,1
27971,1,0,0.020744892,0
27972,0,0,0.15418488,1
27973,0,1,0.99509466,0
27974,1,1,0.9999993,1
27975,1,1,0.6733528,1
27976,1,1,0.93985814,1
27977,1,0,0.11526177,0
27978,0,1,0.9756467,0
27979,0,0,0.28259197,1
27980,1,0,0.11124121,0
27981,1,1,1.0,1
27982,1,1,0.9799574,1
27983,0,0,0.03821415,1
27984,1,1,0.9999999,1
27985,0,1,0.7526495,0
27986,1,1,1.0,1
27987,0,0,0.13443466,1
27988,0,1,0.99766326,0
27989,1,0,0.012288597,0
27990,0,0,0.076683804,1
27991,1,1,0.9999999,1
27992,1,1,0.99992716,1
27993,1,1,0.9999987,1
27994,1,1,0.99912554,1
27995,0,0,0.028707078,1
27996,0,1,0.6872628,0
27997,1,0,0.32541338,0
27998,1,1,0.99881446,1
27999,1,1,0.9999715,1
28000,0,0,0.28841874,1
28001,1,1,0.9984145,1
28002,1,1,0.37759802,1
28003,1,1,1.0,1
28004,0,1,0.9999908,0
28005,1,1,0.96900314,1
28006,0,0,0.017661398,1
28007,1,0,0.029816542,0
28008,1,1,0.60247093,1
28009,1,1,0.8480936,1
28010,0,0,0.04881241,1
28011,0,1,0.8308688,0
28012,0,0,0.19012183,1
28013,1,1,1.0,1
28014,1,0,0.23144047,0
28015,1,1,0.9835654,1
28016,0,1,1.0,0
28017,0,0,0.317585,1
28018,0,0,0.054148693,1
28019,0,0,0.23126681,1
28020,1,1,0.9999995,1
28021,1,1,0.7432146,1
28022,1,1,0.92064714,1
28023,1,0,0.060919292,0
28024,0,0,0.051272422,1
28025,0,1,0.7627777,0
28026,1,0,0.1939858,0
28027,1,0,0.21133544,0
28028,1,1,0.99635005,1
28029,0,0,0.21084754,1
28030,1,1,0.9999999,1
28031,1,0,0.20220678,0
28032,1,1,0.7220863,1
28033,1,1,0.51872903,1
28034,1,1,0.91022676,1
28035,1,1,0.92114514,1
28036,1,0,0.14181541,0
28037,1,0,0.15203224,0
28038,0,0,0.024680348,1
28039,1,1,0.99993396,1
28040,0,1,0.9851576,0
28041,1,0,0.1164622,0
28042,0,0,0.00324136,1
28043,0,1,0.8499712,0
28044,1,1,0.99591404,1
28045,0,0,0.0035106493,1
28046,0,1,0.5517549,0
28047,0,1,0.97925514,0
28048,1,1,0.9999999,1
28049,0,0,0.12474515,1
28050,1,1,0.8039445,1
28051,0,1,0.7889086,0
28052,1,1,1.0,1
28053,0,0,0.10946754,1
28054,1,1,1.0,1
28055,1,1,1.0,1
28056,1,0,0.0673624,0
28057,1,1,0.99911004,1
28058,0,0,0.24999616,1
28059,1,1,1.0,1
28060,0,0,0.26870146,1
28061,1,1,1.0,1
28062,0,1,0.99999917,0
28063,1,0,0.35031024,0
28064,1,1,1.0,1
28065,0,1,0.926769,0
28066,1,1,0.5720057,1
28067,1,1,0.9999964,1
28068,1,1,1.0,1
28069,0,1,0.7678639,0
28070,0,0,0.20142023,1
28071,1,1,1.0,1
28072,0,1,0.5843305,0
28073,0,0,0.057334732,1
28074,1,1,0.9999882,1
28075,1,1,0.99994195,1
28076,1,1,0.9442283,1
28077,1,1,0.75680715,1
28078,1,1,0.99953544,1
28079,1,1,1.0,1
28080,0,1,0.94910634,0
28081,0,1,0.99969935,0
28082,0,1,0.6383282,0
28083,1,1,0.99998116,1
28084,0,0,0.06687324,1
28085,1,1,0.99999726,1
28086,1,1,0.99983,1
28087,0,1,0.9474297,0
28088,0,0,0.09326426,1
28089,1,1,1.0,1
28090,1,1,0.9261035,1
28091,0,1,0.63324016,0
28092,0,0,0.15475886,1
28093,0,1,0.8659059,0
28094,1,0,0.286269,0
28095,1,1,0.99978346,1
28096,1,1,0.99961925,1
28097,1,1,1.0,1
28098,1,1,1.0,1
28099,0,0,0.015967654,1
28100,0,0,0.028355207,1
28101,1,1,0.9998989,1
28102,1,1,0.8548847,1
28103,0,1,0.8735388,0
28104,0,1,0.772359,0
28105,0,0,0.24871661,1
28106,0,0,0.053849373,1
28107,0,0,0.28616926,1
28108,0,0,0.02505927,1
28109,1,1,0.9999999,1
28110,1,0,0.06542547,0
28111,1,1,0.9999945,1
28112,0,0,0.018246775,1
28113,0,1,0.84859616,0
28114,1,1,0.9999993,1
28115,1,1,1.0,1
28116,1,1,0.968111,1
28117,1,0,0.11747085,0
28118,1,0,0.01124456,0
28119,0,0,0.09097748,1
28120,1,1,0.9999846,1
28121,1,1,0.62629557,1
28122,0,1,0.9976357,0
28123,1,1,0.9995635,1
28124,1,1,0.9992505,1
28125,1,1,0.99995863,1
28126,1,1,0.99971646,1
28127,1,1,1.0,1
28128,0,0,0.0034496887,1
28129,0,0,0.2115797,1
28130,1,0,0.012312325,0
28131,0,0,0.106597565,1
28132,1,0,0.13580413,0
28133,1,1,0.9999999,1
28134,0,1,0.67976356,0
28135,1,1,1.0,1
28136,0,0,0.10697014,1
28137,1,0,0.0020072423,0
28138,0,0,0.061875977,1
28139,1,1,1.0,1
28140,1,1,0.9997137,1
28141,1,1,1.0,1
28142,0,0,0.047249712,1
28143,0,1,0.99592197,0
28144,1,1,0.99998283,1
28145,0,1,1.0,0
28146,1,1,0.9999521,1
28147,1,1,0.9953994,1
28148,1,1,1.0,1
28149,1,1,0.43338183,1
28150,0,1,0.9997017,0
28151,0,1,0.856092,0
28152,0,0,0.012217682,1
28153,1,0,0.027795622,0
28154,1,1,0.848847,1
28155,1,1,0.9999982,1
28156,1,1,0.99999857,1
28157,1,1,0.999332,1
28158,1,1,0.4128852,1
28159,0,0,0.069226466,1
28160,0,0,0.05350215,1
28161,1,1,0.96992815,1
28162,1,0,0.04505753,0
28163,1,1,0.9999999,1
28164,1,1,0.9997868,1
28165,0,0,0.11037522,1
28166,0,1,0.9552774,0
28167,1,1,0.9999949,1
28168,0,1,0.9997546,0
28169,0,0,0.08240149,1
28170,1,1,0.99988127,1
28171,1,1,0.9999846,1
28172,1,0,0.09534946,0
28173,0,1,0.9992446,0
28174,1,0,0.13111758,0
28175,1,1,1.0,1
28176,1,1,0.9999392,1
28177,0,0,0.11436852,1
28178,1,0,0.013402403,0
28179,1,1,0.5346732,1
28180,1,1,1.0,1
28181,1,0,0.048047364,0
28182,1,1,0.9475269,1
28183,0,0,0.016914913,1
28184,1,1,0.9999987,1
28185,1,1,0.86826926,1
28186,0,0,0.3455468,1
28187,1,1,0.9999831,1
28188,1,1,0.999959,1
28189,1,1,1.0,1
28190,0,0,0.093595125,1
28191,1,1,0.99988985,1
28192,1,0,0.19467384,0
28193,1,1,0.9998036,1
28194,0,0,0.14139993,1
28195,1,0,0.051941562,0
28196,0,0,0.12852515,1
28197,1,1,0.98965186,1
28198,1,1,0.99656373,1
28199,0,1,0.9949397,0
28200,0,1,0.9971551,0
28201,1,1,1.0,1
28202,1,1,1.0,1
28203,0,1,0.9996178,0
28204,1,0,0.32788348,0
28205,1,1,1.0,1
28206,0,0,0.04196977,1
28207,1,1,0.999894,1
28208,0,0,0.31642208,1
28209,1,1,1.0,1
28210,1,1,0.99999917,1
28211,0,0,0.057229258,1
28212,1,1,0.99998116,1
28213,0,0,0.27757087,1
28214,1,0,0.24382246,0
28215,1,1,0.9999999,1
28216,0,0,0.012407696,1
28217,0,0,0.02532306,1
28218,0,1,0.86826926,0
28219,1,0,0.24382246,0
28220,1,0,0.20609397,0
28221,1,1,0.9984812,1
28222,0,1,0.9993175,0
28223,0,1,0.945349,0
28224,1,1,0.99998796,1
28225,0,1,0.99999964,0
28226,0,1,0.9875923,0
28227,1,1,1.0,1
28228,0,0,0.07113817,1
28229,1,1,1.0,1
28230,1,1,0.99999654,1
28231,0,0,0.17113045,1
28232,1,0,0.003197487,0
28233,1,1,0.9999981,1
28234,1,0,0.014785409,0
28235,1,0,0.0003113695,0
28236,1,1,0.99999547,1
28237,1,1,1.0,1
28238,0,1,0.9458012,0
28239,1,1,0.8657925,1
28240,0,1,0.9958093,0
28241,1,1,1.0,1
28242,0,0,0.052134257,1
28243,0,0,0.08210661,1
28244,1,1,0.39688602,1
28245,1,1,0.9874236,1
28246,0,0,0.24844302,1
28247,1,1,1.0,1
28248,0,0,0.10669061,1
28249,0,1,0.89506495,0
28250,1,1,1.0,1
28251,0,1,0.9999963,0
28252,1,1,0.9999995,1
28253,0,0,0.17938675,1
28254,0,0,0.22295383,1
28255,0,1,0.39545515,0
28256,1,1,1.0,1
28257,1,1,0.99977034,1
28258,1,0,0.22499062,0
28259,0,1,0.677314,0
28260,1,1,0.9999951,1
28261,0,0,0.098079324,1
28262,0,1,0.49993896,0
28263,0,0,0.022392828,1
28264,0,1,0.9882222,0
28265,1,1,1.0,1
28266,0,1,0.99178034,0
28267,1,1,1.0,1
28268,0,0,0.12945776,1
28269,0,1,0.7195314,0
28270,1,1,0.99999976,1
28271,1,1,0.95418006,1
28272,0,1,0.8523219,0
28273,1,1,0.99999905,1
28274,0,1,0.93885684,0
28275,1,1,0.8523219,1
28276,0,0,0.08218025,1
28277,1,1,0.9999435,1
28278,1,1,0.5571226,1
28279,1,1,0.99978095,1
28280,1,1,1.0,1
28281,1,1,1.0,1
28282,0,0,0.02143024,1
28283,1,1,0.934813,1
28284,1,1,0.9994917,1
28285,0,0,0.06348236,1
28286,0,1,0.9820999,0
28287,1,0,0.18206167,0
28288,1,1,0.99999607,1
28289,1,1,1.0,1
28290,1,1,0.99947566,1
28291,1,0,0.010590936,0
28292,1,1,0.9921841,1
28293,0,1,0.48145384,0
28294,1,1,0.9999999,1
28295,1,1,0.9998134,1
28296,1,0,0.12080135,0
28297,1,1,0.9999989,1
28298,1,1,0.99999917,1
28299,0,0,0.037928045,1
28300,1,0,0.051605962,0
28301,1,1,0.99998784,1
28302,1,1,0.805173,1
28303,1,1,0.9914225,1
28304,1,1,0.446374,1
28305,0,0,0.0422455,1
28306,1,0,0.035712164,0
28307,1,1,0.9820483,1
28308,0,0,0.02092419,1
28309,1,1,0.58646363,1
28310,1,1,0.87779135,1
28311,1,1,0.57158726,1
28312,1,1,0.9370381,1
28313,1,1,0.99992216,1
28314,1,1,0.65074474,1
28315,1,1,0.9999392,1
28316,0,0,0.33753103,1
28317,0,0,0.18772759,1
28318,1,0,0.00032630764,0
28319,1,0,0.05505607,0
28320,0,0,0.07185127,1
28321,1,0,0.043204032,0
28322,0,1,0.9978002,0
28323,1,1,1.0,1
28324,0,0,0.04972728,1
28325,0,1,0.92788786,0
28326,0,1,0.8597815,0
28327,1,1,0.99999964,1
28328,1,0,0.22772686,0
28329,0,0,0.021553464,1
28330,1,1,1.0,1
28331,0,1,0.9975514,0
28332,1,0,0.15021572,0
28333,0,0,0.20142023,1
28334,1,1,1.0,1
28335,1,0,0.03216145,0
28336,1,1,0.86153823,1
28337,1,1,0.99946314,1
28338,0,0,0.17258981,1
28339,1,0,0.24113183,0
28340,1,1,0.9420286,1
28341,1,1,0.9999963,1
28342,1,1,0.9971495,1
28343,1,1,0.94994867,1
28344,1,1,1.0,1
28345,1,0,0.06693421,0
28346,0,0,0.052765187,1
28347,1,1,0.9999975,1
28348,1,1,1.0,1
28349,1,1,1.0,1
28350,1,0,0.19284318,0
28351,1,1,0.4382141,1
28352,0,0,0.008235631,1
28353,1,1,1.0,1
28354,0,0,0.30798203,1
28355,1,1,0.5292026,1
28356,0,0,0.064771704,1
28357,0,1,0.9998863,0
28358,0,0,0.039084956,1
28359,0,1,0.61630094,0
28360,1,1,0.9425596,1
28361,0,1,0.5876473,0
28362,0,1,0.7435406,0
28363,0,1,0.57057065,0
28364,0,0,0.17490298,1
28365,0,0,0.08456833,1
28366,0,0,0.15399395,1
28367,0,1,0.9235233,0
28368,1,1,0.6443929,1
28369,1,0,0.15823938,0
28370,0,0,0.22627032,1
28371,0,0,0.026989132,1
28372,0,1,0.9907141,0
28373,0,0,0.08586245,1
28374,1,1,1.0,1
28375,1,1,0.99349916,1
28376,1,1,0.9991704,1
28377,0,0,0.016817752,1
28378,1,1,0.9998596,1
28379,0,1,0.9524858,0
28380,1,0,0.026989132,0
28381,0,1,1.0,0
28382,1,1,0.9999784,1
28383,0,1,0.35655868,0
28384,1,1,0.741674,1
28385,0,1,0.6829439,0
28386,0,1,0.9999995,0
28387,0,1,0.9998969,0
28388,0,1,0.8900078,0
28389,1,1,0.9999738,1
28390,0,0,0.09017308,1
28391,1,1,0.99959785,1
28392,1,1,0.99988806,1
28393,1,0,0.042842172,0
28394,0,0,0.016705096,1
28395,1,1,0.94127744,1
28396,1,1,0.9943581,1
28397,1,1,0.9996686,1
28398,0,0,0.004829722,1
28399,1,1,0.8879841,1
28400,1,1,0.9999856,1
28401,1,1,0.80463624,1
28402,0,0,0.007891985,1
28403,1,1,0.9570375,1
28404,1,1,1.0,1
28405,0,0,0.05122493,1
28406,1,1,1.0,1
28407,0,0,0.028571244,1
28408,0,1,0.68883485,0
28409,0,1,0.95460516,0
28410,1,0,0.15329547,0
28411,0,0,0.15171777,1
28412,1,1,0.60591567,1
28413,0,1,0.66437703,0
28414,0,0,0.048541088,1
28415,0,1,0.9991736,0
28416,1,1,0.99999845,1
28417,1,1,0.9999999,1
28418,0,1,0.57821006,0
28419,0,1,0.7955787,0
28420,1,1,0.9951231,1
28421,1,1,0.7550053,1
28422,0,1,0.86849254,0
28423,1,1,0.99799275,1
28424,1,1,0.9999914,1
28425,0,0,0.042642392,1
28426,0,1,0.4158178,0
28427,0,0,0.30321577,1
28428,1,1,0.9998996,1
28429,1,1,0.8587186,1
28430,0,0,0.12770702,1
28431,0,1,0.6856864,0
28432,1,1,1.0,1
28433,1,0,0.3443883,0
28434,1,1,0.6708779,1
28435,0,1,1.0,0
28436,1,0,0.027454607,0
28437,1,1,1.0,1
28438,0,0,0.06602512,1
28439,1,1,0.9997279,1
28440,0,1,0.9992834,0
28441,1,1,0.9999993,1
28442,0,0,0.33856905,1
28443,1,1,0.9999939,1
28444,1,1,1.0,1
28445,0,0,0.019966036,1
28446,0,0,0.20118472,1
28447,0,0,0.057123974,1
28448,1,0,0.0830685,0
28449,1,0,0.1603975,0
28450,0,0,0.11792721,1
28451,1,0,0.24068536,0
28452,0,0,0.19095021,1
28453,1,0,0.18039528,0
28454,1,1,0.83642095,1
28455,1,1,1.0,1
28456,1,1,1.0,1
28457,1,1,0.9999883,1
28458,0,0,0.22101425,1
28459,0,0,0.027663978,1
28460,0,0,0.08210661,1
28461,0,0,0.11367794,1
28462,0,1,0.947186,0
28463,1,1,0.94649786,1
28464,0,1,0.99999094,0
28465,1,1,0.99920374,1
28466,0,0,0.2846257,1
28467,1,0,0.024492992,0
28468,1,1,0.9999995,1
28469,0,1,0.8546422,0
28470,0,0,0.037644,1
28471,0,1,1.0,0
28472,0,1,0.455683,0
28473,0,1,0.730338,0
28474,0,1,0.8097278,0
28475,1,0,0.020904195,0
28476,1,1,0.9999988,1
28477,0,1,0.9998907,0
28478,1,1,1.0,1
28479,1,1,0.99572706,1
28480,0,1,0.9868281,0
28481,0,0,0.0043568453,1
28482,0,1,0.9572778,0
28483,0,1,0.9979849,0
28484,1,1,0.8318272,1
28485,1,1,1.0,1
28486,0,1,0.84156543,0
28487,1,0,0.1698185,0
28488,0,0,0.1375904,1
28489,0,1,0.8750415,0
28490,1,1,0.90574,1
28491,1,1,0.6484107,1
28492,1,1,0.6840002,1
28493,0,1,0.99992776,0
28494,1,1,1.0,1
28495,0,1,0.9978719,0
28496,1,0,0.11752149,0
28497,0,1,0.99674594,0
28498,0,0,0.10338597,1
28499,0,0,0.009821794,1
28500,0,0,0.2695178,1
28501,1,1,0.99374664,1
28502,0,1,0.8253083,0
28503,1,1,0.9999764,1
28504,1,1,1.0,1
28505,1,1,0.9962346,1
28506,1,1,0.999998,1
28507,1,0,0.19019702,0
28508,1,1,0.42957893,1
28509,1,1,1.0,1
28510,1,1,0.6700148,1
28511,0,1,0.9875444,0
28512,0,0,0.0077405213,1
28513,0,1,0.99719363,0
28514,1,1,0.99999905,1
28515,0,1,0.9118885,0
28516,1,1,1.0,1
28517,0,1,0.9532315,0
28518,1,1,0.58005476,1
28519,1,1,0.8009257,1
28520,1,1,0.891339,1
28521,0,1,0.53728414,0
28522,0,0,0.15778463,1
28523,1,1,0.64069206,1
28524,1,0,0.015603534,0
28525,1,1,0.97583157,1
28526,1,1,0.5229331,1
28527,0,0,0.005322535,1
28528,0,1,0.59966093,0
28529,1,1,0.6288634,1
28530,1,1,0.9994837,1
28531,1,1,0.9811669,1
28532,0,0,0.14891149,1
28533,0,0,0.04845096,1
28534,1,0,0.13150749,0
28535,0,1,0.9606575,0
28536,1,1,0.9999995,1
28537,1,1,0.99999785,1
28538,1,1,0.9985104,1
28539,0,0,0.103205055,1
28540,1,0,0.016355833,0
28541,1,0,0.085403666,0
28542,0,1,0.9999577,0
28543,1,0,0.3143662,0
28544,1,1,0.9929472,1
28545,0,0,0.21917033,1
28546,0,1,0.8727817,0
28547,0,1,0.83467656,0
28548,0,1,0.81390494,0
28549,1,0,0.093595125,0
28550,0,0,0.0154097285,1
28551,1,0,0.0027522566,0
28552,1,1,0.49096775,1
28553,1,1,0.9999846,1
28554,1,1,0.9976404,1
28555,1,1,0.999987,1
28556,1,1,0.99999833,1
28557,1,0,0.00047101182,0
28558,0,0,0.016482,1
28559,1,0,0.24662407,0
28560,0,1,1.0,0
28561,1,0,0.20244318,0
28562,1,1,0.52427286,1
28563,1,1,0.5607338,1
28564,0,1,0.9999465,0
28565,1,1,0.9069832,1
28566,1,1,0.999089,1
28567,0,1,0.55374664,0
28568,1,0,0.21617696,0
28569,0,1,0.9989778,0
28570,0,0,0.056288198,1
28571,1,1,0.7989722,1
28572,1,1,0.99982256,1
28573,0,1,0.9123581,0
28574,1,1,0.9665687,1
28575,1,1,1.0,1
28576,1,1,0.39018536,1
28577,0,0,0.030329255,1
28578,0,0,0.023397617,1
28579,0,1,0.9612074,0
28580,0,0,0.033336822,1
28581,0,1,0.9986142,0
28582,1,1,0.97052056,1
28583,1,1,0.9943251,1
28584,1,0,0.22101425,0
28585,1,1,0.9999999,1
28586,0,0,0.042403832,1
28587,0,0,0.05399884,1
28588,1,0,0.043854564,0
28589,1,0,0.30647516,0
28590,1,1,0.9932025,1
28591,1,1,0.982031,1
28592,0,0,0.07290027,1
28593,1,1,0.9999114,1
28594,1,0,0.19728975,0
28595,1,1,0.9933589,1
28596,1,1,0.99911517,1
28597,0,0,0.06388999,1
28598,1,0,0.0489941,0
28599,0,0,0.15405755,1
28600,1,1,1.0,1
28601,0,0,0.055926174,1
28602,0,0,0.31552505,1
28603,0,1,0.7930258,0
28604,0,0,0.003586616,1
28605,0,0,0.02763772,1
28606,1,0,0.1683778,0
28607,1,1,0.5877065,1
28608,0,1,0.49700928,0
28609,1,1,0.9723885,1
28610,0,1,0.9863105,0
28611,0,1,0.8996516,0
28612,0,0,0.09585608,1
28613,1,0,0.0043738238,0
28614,1,1,0.9756001,1
28615,1,1,0.9638481,1
28616,1,1,1.0,1
28617,1,1,0.99998116,1
28618,0,0,0.18795106,1
28619,0,1,0.99999225,0
28620,1,1,0.95606345,1
28621,0,0,0.13409412,1
28622,1,1,0.9999999,1
28623,0,0,0.042403832,1
28624,0,0,0.1185891,1
28625,1,1,0.999824,1
28626,1,1,0.81390494,1
28627,0,0,0.2686535,1
28628,1,1,0.9951703,1
28629,0,1,0.9913223,0
28630,1,1,0.42656046,1
28631,1,1,0.9622143,1
28632,0,0,0.20024472,1
28633,1,1,0.9638481,1
28634,0,1,0.6285784,0
28635,1,1,1.0,1
28636,0,0,0.027690258,1
28637,1,1,1.0,1
28638,1,0,0.14990434,0
28639,1,1,0.9933975,1
28640,0,0,0.1390453,1
28641,1,1,0.999866,1
28642,1,1,0.9951231,1
28643,0,0,0.00022429059,1
28644,0,1,0.54873395,0
28645,0,1,0.9999958,0
28646,1,0,0.34207684,0
28647,1,1,0.999892,1
28648,0,0,0.050846573,1
28649,1,1,0.976513,1
28650,0,1,0.81257004,0
28651,0,1,0.97957015,0
28652,1,1,1.0,1
28653,1,1,0.9999484,1
28654,1,1,0.5304798,1
28655,0,1,0.99932015,0
28656,1,1,0.98486924,1
28657,1,1,0.49938965,1
28658,0,0,0.16762705,1
28659,0,1,0.99992883,0
28660,0,0,0.09434341,1
28661,0,1,0.89634216,0
28662,1,0,0.17314835,0
28663,1,0,0.071396716,0
28664,0,0,0.051558185,1
28665,1,1,0.99994123,1
28666,1,1,1.0,1
28667,0,1,0.96858984,0
28668,1,1,0.99999917,1
28669,0,0,0.0882686,1
28670,0,1,0.36480588,0
28671,1,0,0.22456521,0
28672,0,1,0.97828114,0
28673,1,1,0.9998785,1
28674,1,1,0.99979657,1
28675,0,0,0.16264586,1
28676,0,1,0.996183,0
28677,1,0,0.01533582,0
28678,1,1,0.88463855,1
28679,0,1,0.8653379,0
28680,0,0,0.06966823,1
28681,1,1,0.99999976,1
28682,0,1,0.80609053,0
28683,1,0,0.054651033,0
28684,0,1,0.8969756,0
28685,0,0,0.3192275,1
28686,1,1,0.73192173,1
28687,0,0,0.29599246,1
28688,0,1,0.99495924,0
28689,0,0,0.021574067,1
28690,0,1,0.5759458,0
28691,1,1,0.87525487,1
28692,0,1,0.9997075,0
28693,0,0,0.055515114,1
28694,1,1,0.53552353,1
28695,1,1,0.9999999,1
28696,1,1,0.99968743,1
28697,1,1,0.99999785,1
28698,1,1,0.9946878,1
28699,0,1,0.9983991,0
28700,1,1,0.9594213,1
28701,1,1,0.99980444,1
28702,0,0,0.13039611,1
28703,1,1,1.0,1
28704,0,0,0.0763388,1
28705,0,0,0.19682619,1
28706,0,1,0.9749884,0
28707,0,1,0.9160345,0
28708,1,1,0.9999776,1
28709,1,0,0.18359362,0
28710,0,1,0.6756041,0
28711,1,1,0.7385748,1
28712,1,1,0.9774355,1
28713,0,0,0.2150209,1
28714,0,1,0.48029587,0
28715,1,1,1.0,1
28716,1,1,0.77932185,1
28717,0,1,0.9999999,0
28718,1,0,0.14602636,0
28719,0,0,0.07551658,1
28720,0,1,0.9999999,0
28721,1,0,0.15681377,0
28722,0,0,0.014036571,1
28723,1,1,1.0,1
28724,1,1,1.0,1
28725,0,1,0.9806178,0
28726,0,1,1.0,0
28727,1,1,0.9923786,1
28728,1,1,0.99999976,1
28729,0,0,0.04689926,1
28730,0,0,0.12495856,1
28731,0,1,0.99291986,0
28732,0,1,0.9966168,0
28733,1,0,0.015799738,0
28734,1,1,0.9999999,1
28735,0,1,0.989791,0
28736,0,0,0.1289633,1
28737,1,0,0.06153674,0
28738,0,1,0.45710638,0
28739,1,1,0.99993396,1
28740,0,1,0.99712163,0
28741,1,0,0.0139557095,0
28742,0,0,0.18286288,1
28743,0,1,0.9991736,0
28744,1,1,0.9808576,1
28745,1,1,0.9890131,1
28746,1,1,0.99860066,1
28747,1,1,0.9999231,1
28748,1,1,0.995037,1
28749,1,1,0.99974686,1
28750,0,1,0.45668232,0
28751,1,1,0.9768687,1
28752,0,0,0.13782232,1
28753,0,0,0.15694293,1
28754,1,1,0.9999944,1
28755,0,0,0.015306354,1
28756,0,1,0.9977743,0
28757,1,1,0.99921906,1
28758,0,1,0.4882834,0
28759,1,1,0.9915216,1
28760,0,0,0.003914824,1
28761,0,0,0.21526824,1
28762,1,1,0.99993694,1
28763,0,0,0.047780067,1
28764,1,1,0.9999908,1
28765,1,1,0.99657035,1
28766,1,1,0.99457306,1
28767,1,1,1.0,1
28768,1,1,1.0,1
28769,0,0,0.13139598,1
28770,0,1,0.5401356,0
28771,0,0,0.005060332,1
28772,0,0,0.089216255,1
28773,1,0,0.21601154,0
28774,1,1,0.9999732,1
28775,0,1,0.9999956,0
28776,1,0,0.060252324,0
28777,0,1,0.9582651,0
28778,1,1,0.9998111,1
28779,1,1,1.0,1
28780,1,1,0.8669231,1
28781,1,1,0.99956006,1
28782,1,1,0.87418467,1
28783,1,1,0.99963164,1
28784,0,0,0.11516222,1
28785,0,0,0.033023555,1
28786,0,1,0.3515893,0
28787,0,1,0.7061398,0
28788,0,0,0.18432663,1
28789,0,0,0.020586777,1
28790,0,1,0.5409845,0
28791,0,0,0.094594024,1
28792,0,0,0.105210535,1
28793,0,0,0.08064662,1
28794,1,1,0.7051256,1
28795,1,1,0.999972,1
28796,0,1,0.44782245,0
28797,0,0,0.09885954,1
28798,1,0,0.019124035,0
28799,1,1,0.9980696,1
28800,1,1,1.0,1
28801,1,1,0.9907856,1
28802,0,0,0.10800066,1
28803,0,0,0.10087861,1
28804,1,1,0.9843664,1
28805,1,1,1.0,1
28806,0,0,0.010818448,1
28807,1,0,0.010818448,0
28808,1,1,1.0,1
28809,0,0,0.014309456,1
28810,0,0,0.1625129,1
28811,0,0,0.067056276,1
28812,1,1,0.9492946,1
28813,0,1,0.9999994,0
28814,0,0,0.0288983,1
28815,1,1,0.74288833,1
28816,0,1,0.8785229,0
28817,1,1,1.0,1
28818,0,0,0.07723879,1
28819,1,1,0.8688268,1
28820,0,0,0.10374862,1
28821,0,1,0.99631435,0
28822,0,1,0.8311431,0
28823,1,1,0.9999087,1
28824,1,1,0.99999106,1
28825,0,1,0.9998134,0
28826,0,1,0.72937524,0
28827,1,1,0.7696867,1
28828,1,1,0.9999999,1
28829,0,1,0.88885534,0
28830,0,0,0.3380225,1
28831,0,0,0.21942112,1
28832,1,1,0.51677835,1
28833,0,1,0.89358836,0
28834,0,0,0.098946586,1
28835,1,1,0.99999964,1
28836,1,0,0.24301313,0
28837,1,1,0.99803144,1
28838,1,1,0.9996178,1
28839,1,1,0.9950755,1
28840,0,0,0.02761149,1
28841,0,0,0.26251084,1
28842,0,1,0.9948902,0
28843,0,0,0.06319269,1
28844,0,0,0.051082734,1
28845,1,1,0.9999999,1
28846,0,0,0.03722176,1
28847,0,0,0.19659473,1
28848,0,0,0.2564594,1
28849,0,0,0.015276946,1
28850,1,1,0.47575754,1
28851,0,1,0.9670076,0
28852,1,1,0.7871142,1
28853,1,1,0.5027466,1
28854,0,1,0.37301895,0
28855,1,1,0.42184952,1
28856,1,1,0.9999937,1
28857,0,0,0.17888416,1
28858,0,1,0.54371136,0
28859,1,1,1.0,1
28860,1,1,0.9882676,1
28861,1,1,0.9999856,1
28862,1,1,0.9045662,1
28863,0,0,0.01374232,1
28864,0,0,0.10866097,1
28865,1,1,0.4181325,1
28866,0,0,0.058884703,1
28867,1,1,0.8823265,1
28868,0,0,0.18565173,1
28869,1,1,1.0,1
28870,1,1,0.99999833,1
28871,1,1,0.97107434,1
28872,1,1,0.9999999,1
28873,0,1,0.39091173,0
28874,0,0,0.15367614,1
28875,1,1,0.99999726,1
28876,0,0,0.13922074,1
28877,0,1,0.61323655,0
28878,1,1,0.8000679,1
28879,1,1,0.99999046,1
28880,0,1,0.90657043,0
28881,0,0,0.27459446,1
28882,0,0,0.12252321,1
28883,0,1,0.9888204,0
28884,0,1,0.9996259,0
28885,1,1,1.0,1
28886,0,0,0.2758119,1
28887,1,1,0.99532723,1
28888,0,1,0.63753873,0
28889,0,1,0.83907574,0
28890,0,1,0.69518286,0
28891,1,0,0.06998537,0
28892,0,0,0.14572217,1
28893,1,1,0.5095203,1
28894,1,1,0.9999995,1
28895,1,1,0.9999987,1
28896,0,0,0.04738177,1
28897,1,0,0.14940722,0
28898,0,1,0.36585307,0
28899,1,1,0.967101,1
28900,1,1,0.99999654,1
28901,0,0,0.12506539,1
28902,1,1,0.99248135,1
28903,0,1,0.9999976,0
28904,0,0,0.008627458,1
28905,0,1,0.6774207,0
28906,1,1,1.0,1
28907,1,1,1.0,1
28908,0,0,0.10475175,1
28909,0,1,0.99975365,0
28910,1,0,0.1648523,0
28911,0,0,0.10266401,1
28912,1,1,1.0,1
28913,1,1,0.96095175,1
28914,1,1,1.0,1
28915,1,1,0.9849563,1
28916,0,0,0.0055765444,1
28917,0,1,0.734691,0
28918,0,1,0.969814,0
28919,1,0,0.054600604,0
28920,0,0,0.01665704,1
28921,1,0,0.012673735,0
28922,1,1,0.9999933,1
28923,1,1,1.0,1
28924,0,0,0.28452632,1
28925,0,1,0.99642736,0
28926,0,0,0.020293487,1
28927,1,1,0.99999964,1
28928,0,0,0.08586245,1
28929,0,1,1.0,0
28930,0,0,0.27884555,1
28931,0,1,0.9596487,0
28932,1,0,0.11367794,0
28933,1,1,0.7577944,1
28934,0,1,0.96969944,0
28935,1,1,1.0,1
28936,1,1,0.9811849,1
28937,1,1,1.0,1
28938,0,1,0.9999856,0
28939,1,1,0.9999999,1
28940,0,1,0.97494066,0
28941,0,0,0.23545979,1
28942,0,0,0.11910043,1
28943,0,1,0.99997497,0
28944,1,1,1.0,1
28945,1,1,0.99997437,1
28946,0,1,0.49078473,0
28947,1,0,0.094426885,0
28948,0,1,0.86339164,0
28949,1,1,0.649523,1
28950,0,0,0.16728666,1
28951,0,1,0.58165956,0
28952,1,1,0.9995932,1
28953,0,1,0.98302,0
28954,0,1,0.8896248,0
28955,1,1,0.858244,1
28956,1,1,0.908618,1
28957,1,1,0.99984276,1
28958,1,1,0.5458305,1
28959,1,1,0.99960417,1
28960,1,1,1.0,1
28961,1,1,1.0,1
28962,0,1,0.99914074,0
28963,1,1,0.99999905,1
28964,1,1,0.92762595,1
28965,1,0,0.03283696,0
28966,0,1,0.9756001,0
28967,0,0,0.031648684,1
28968,1,1,1.0,1
28969,1,0,0.06359858,0
28970,0,1,0.9998067,0
28971,0,0,0.17203271,1
28972,1,1,0.97957015,1
28973,1,0,1.9373936e-05,0
28974,1,1,0.99918,1
28975,0,0,0.019813737,1
28976,0,0,0.03393996,1
28977,0,1,0.9998722,0
28978,1,1,0.99342304,1
28979,0,1,0.98953116,0
28980,1,1,0.9371533,1
28981,1,1,0.99957365,1
28982,1,0,0.09057448,0
28983,0,1,0.93919235,0
28984,0,1,0.6564931,0
28985,1,1,0.91436726,1
28986,1,1,0.94208187,1
28987,0,0,0.28348374,1
28988,1,1,1.0,1
28989,0,0,0.11586064,1
28990,0,1,0.9142142,0
28991,1,1,0.998103,1
28992,1,1,1.0,1
28993,1,1,1.0,1
28994,1,1,0.9999999,1
28995,1,0,0.14199378,0
28996,1,1,1.0,1
28997,0,0,0.013428254,1
28998,1,1,0.91321325,1
28999,1,0,0.25860673,0
29000,1,1,0.98951083,1
29001,1,1,0.9999989,1
29002,1,1,0.519826,1
29003,1,0,0.06342434,0
29004,1,1,1.0,1
29005,1,1,0.69435453,1
29006,0,1,0.99999976,0
29007,0,0,0.059866417,1
29008,0,0,0.14596547,1
29009,0,0,0.031708594,1
29010,0,1,0.82375413,0
29011,0,1,0.99871826,0
29012,0,1,0.3531493,0
29013,0,1,0.9948102,0
29014,1,1,0.99943525,1
29015,1,1,0.9999999,1
29016,1,0,0.28537196,0
29017,1,1,0.85633236,1
29018,0,0,0.10176784,1
29019,0,1,0.9713746,0
29020,0,0,0.082475364,1
29021,1,1,0.84363765,1
29022,0,0,0.086400524,1
29023,1,1,0.9363432,1
29024,0,0,0.06847518,1
29025,1,1,1.0,1
29026,1,0,0.10894504,0
29027,0,1,0.9976311,0
29028,0,1,0.40804082,0
29029,1,1,0.9999752,1
29030,0,0,0.0026010938,1
29031,1,1,0.6127153,1
29032,1,1,0.9005298,1
29033,0,1,0.72628,0
29034,1,1,0.9996444,1
29035,0,1,0.9999876,0
29036,1,1,0.9999999,1
29037,0,1,0.99941957,0
29038,1,0,0.33807713,0
29039,0,1,0.9019207,0
29040,0,0,0.11240509,1
29041,1,1,0.9998957,1
29042,1,1,1.0,1
29043,1,1,0.99894124,1
29044,0,1,0.89991575,0
29045,1,1,1.0,1
29046,1,1,0.99173236,1
29047,0,1,0.90286684,0
29048,1,1,0.9914722,1
29049,1,1,1.0,1
29050,1,0,0.029008126,0
29051,1,1,0.46988514,1
29052,1,1,0.99550545,1
29053,0,0,0.08203305,1
29054,1,0,0.23855019,0
29055,1,1,0.9999999,1
29056,0,1,0.87321484,0
29057,1,1,0.99980587,1
29058,0,0,0.078148484,1
29059,1,0,0.20402455,0
29060,1,1,0.9628132,1
29061,0,0,0.28274047,1
29062,1,1,0.99920064,1
29063,1,1,0.9810765,1
29064,0,0,0.32696947,1
29065,0,1,0.995008,0
29066,0,0,0.3055419,1
29067,0,1,0.570451,0
29068,0,1,0.99999964,0
29069,1,1,0.9186264,1
29070,0,0,0.07030384,1
29071,1,1,0.97889495,1
29072,0,1,0.88161486,0
29073,1,1,0.99997973,1
29074,0,1,0.99825555,0
29075,1,1,0.99835473,1
29076,0,1,0.9999958,0
29077,0,1,0.99447733,0
29078,0,1,0.4974976,0
29079,0,1,0.384161,0
29080,1,0,0.25776508,0
29081,1,1,0.53321517,1
29082,0,1,0.9425596,0
29083,1,1,0.96017486,1
29084,0,0,0.21354114,1
29085,0,1,0.38242972,0
29086,1,1,0.49313396,1
29087,0,1,0.98481095,0
29088,0,0,0.07585818,1
29089,0,1,0.39297727,0
29090,1,1,0.94905907,1
29091,1,1,0.858244,1
29092,0,0,0.1454185,1
29093,1,1,1.0,1
29094,1,1,0.57296175,1
29095,0,1,0.474479,0
29096,1,1,1.0,1
29097,0,0,0.07892589,1
29098,1,1,0.4518102,1
29099,0,0,0.12940273,1
29100,1,0,0.035914496,0
29101,1,1,0.99999905,1
29102,1,1,1.0,1
29103,1,1,0.9600627,1
29104,0,0,0.22295383,1
29105,1,1,0.9369228,1
29106,0,1,0.60626537,0
29107,1,1,0.99999976,1
29108,1,1,0.9857729,1
29109,0,0,0.016914913,1
29110,1,0,0.1579794,0
29111,1,1,1.0,1
29112,0,0,0.16789973,1
29113,1,1,0.99998677,1
29114,1,1,0.9999963,1
29115,1,0,0.3033705,0
29116,1,1,0.98815376,1
29117,0,0,0.19891867,1
29118,1,1,0.99998116,1
29119,1,1,0.79787195,1
29120,1,1,1.0,1
29121,1,0,0.007831049,0
29122,0,1,0.63934207,0
29123,0,1,0.9834387,0
29124,0,1,0.8025555,0
29125,0,1,0.7844016,0
29126,1,1,0.9764681,1
29127,1,1,0.9999484,1
29128,1,1,0.9999944,1
29129,1,0,0.18352044,0
29130,0,0,0.054449577,1
29131,1,1,0.66285104,1
29132,1,1,1.0,1
29133,0,0,0.14414886,1
29134,0,1,0.38627136,0
29135,0,0,0.04845096,1
29136,0,1,0.6548396,0
29137,1,1,0.81405276,1
29138,0,0,0.0129954135,1
29139,1,1,0.99806195,1
29140,1,0,0.11666332,0
29141,1,1,0.9999944,1
29142,1,1,0.6941472,1
29143,1,1,1.0,1
29144,1,1,0.9970073,1
29145,0,1,0.6258384,0
29146,0,0,0.05424881,1
29147,0,0,0.042483207,1
29148,0,1,0.9999988,0
29149,0,1,0.9957353,0
29150,0,1,0.5684158,0
29151,0,1,0.94427973,0
29152,1,1,1.0,1
29153,0,1,0.99979657,0
29154,1,0,0.14560063,0
29155,1,0,0.032283258,0
29156,1,1,0.45507753,1
29157,1,1,0.6446167,1
29158,1,0,0.2506834,0
29159,1,0,0.15469499,0
29160,0,1,0.99981695,0
29161,1,0,0.32852942,0
29162,0,0,0.14499424,1
29163,1,1,1.0,1
29164,0,0,0.07800791,1
29165,0,1,0.9976126,0
29166,1,1,0.9904591,1
29167,0,0,0.15450352,1
29168,0,0,0.22850062,1
29169,0,1,0.99889046,0
29170,1,1,0.9983897,1
29171,0,0,0.10809477,1
29172,0,1,0.7785651,0
29173,0,0,0.07094482,1
29174,1,1,0.9956091,1
29175,1,1,1.0,1
29176,1,1,0.99999976,1
29177,1,1,0.8407826,1
29178,0,1,0.8664719,0
29179,0,1,0.3759928,0
29180,0,1,0.4244418,0
29181,0,1,0.61132395,0
29182,0,1,0.9423477,0
29183,1,1,1.0,1
29184,1,1,1.0,1
29185,1,1,0.9917163,1
29186,0,1,0.45265692,0
29187,0,1,0.9868281,0
29188,1,0,0.037361998,0
29189,1,1,1.0,1
29190,0,0,0.070751965,1
29191,1,1,0.9985702,1
29192,0,1,0.82976806,0
29193,0,1,0.92643696,0
29194,0,0,0.13466209,1
29195,1,1,0.99995863,1
29196,1,0,0.043123364,0
29197,1,1,0.999539,1
29198,0,1,0.84859616,0
29199,0,1,0.9999682,0
29200,1,1,1.0,1
29201,1,1,1.0,1
29202,0,0,0.31526145,1
29203,0,0,0.33144423,1
29204,0,1,0.99656373,0
29205,0,0,0.26850963,1
29206,1,1,0.799129,1
29207,0,1,0.9992649,0
29208,0,1,0.99961025,0
29209,1,0,0.108850285,0
29210,1,0,0.0053744875,0
29211,1,1,0.99998856,1
29212,1,1,0.99998283,1
29213,0,0,0.09146322,1
29214,1,1,0.99997497,1
29215,0,1,0.7545535,0
29216,1,0,0.020964239,0
29217,0,0,0.12389466,1
29218,0,0,0.11691517,1
29219,1,1,0.99999547,1
29220,1,1,0.7874412,1
29221,1,1,0.99999964,1
29222,1,0,0.29900283,0
29223,0,1,0.8680457,0
29224,1,1,1.0,1
29225,1,1,1.0,1
29226,1,1,0.9911868,1
29227,0,1,0.4088962,0
29228,1,1,0.9999522,1
29229,0,0,0.11446747,1
29230,1,0,0.044764314,0
29231,0,0,0.050470848,1
29232,1,1,0.9999987,1
29233,1,0,0.0288983,0
29234,0,0,0.27270195,1
29235,1,1,1.0,1
29236,1,1,0.5545308,1
29237,0,1,0.90829307,0
29238,1,1,1.0,1
29239,1,1,0.95253,1
29240,1,1,0.9886464,1
29241,0,1,0.7831604,0
29242,1,0,0.24780536,0
29243,0,0,0.049497057,1
29244,1,1,1.0,1
29245,1,1,0.6071392,1
29246,1,1,0.99935,1
29247,1,1,0.9045662,1
29248,0,0,0.1368966,1
29249,1,1,0.91006696,1
29250,0,1,0.9947391,0
29251,1,1,0.8728902,1
29252,1,1,0.7312505,1
29253,0,1,0.99998474,0
29254,1,1,0.99999154,1
29255,0,1,0.85145944,0
29256,1,1,0.6978149,1
29257,1,1,1.0,1
29258,0,0,0.08277145,1
29259,0,0,0.005220126,1
29260,0,1,0.4220877,0
29261,0,0,0.18922126,1
29262,1,1,1.0,1
29263,1,0,0.08609269,0
29264,1,1,0.99999976,1
29265,1,1,0.9999716,1
29266,1,1,0.9997098,1
29267,1,1,0.7186438,1
29268,0,1,0.4902356,0
29269,1,1,0.9950755,1
29270,1,1,0.99944395,1
29271,1,0,0.1949802,0
29272,1,1,0.997783,1
29273,0,1,0.99991715,0
29274,0,0,0.07100922,1
29275,1,1,0.99999976,1
29276,0,1,0.3835547,0
29277,1,1,0.9928509,1
29278,0,1,0.52482086,0
29279,0,1,0.9845309,0
29280,1,1,0.75137466,1
29281,1,0,0.010169658,0
29282,0,1,0.988514,0
29283,1,1,0.9999988,1
29284,0,0,0.093016796,1
29285,1,1,0.9505489,1
29286,1,1,0.99983776,1
29287,1,1,0.957794,1
29288,1,1,0.99999535,1
29289,1,1,1.0,1
29290,1,1,0.99999976,1
29291,0,0,0.2649285,1
29292,1,1,0.9405718,1
29293,1,1,0.9999914,1
29294,0,0,0.010448626,1
29295,1,1,0.99999857,1
29296,1,0,0.12389466,0
29297,0,1,0.86993575,0
29298,1,1,0.97769254,1
29299,1,1,1.0,1
29300,0,0,0.043123364,1
29301,0,0,0.031232351,1
29302,1,0,0.0996453,0
29303,0,0,0.047958106,1
29304,1,1,1.0,1
29305,1,1,1.0,1
29306,0,1,0.9167827,0
29307,1,1,1.0,1
29308,0,0,0.02224367,1
29309,1,1,0.82949203,1
29310,1,1,0.99998665,1
29311,0,0,0.22832853,1
29312,0,0,0.09611029,1
29313,0,1,0.6164164,0
29314,1,1,0.9801103,1
29315,1,1,0.9999975,1
29316,1,1,1.0,1
29317,0,0,0.060919292,1
29318,1,1,0.9993462,1
29319,0,1,0.99855345,0
29320,0,0,0.06530615,1
29321,1,1,0.49054068,1
29322,1,1,0.9853279,1
29323,1,1,0.8959786,1
29324,0,0,0.24517536,1
29325,1,1,0.69755745,1
29326,0,1,0.39291903,0
29327,1,1,0.81242126,1
29328,1,1,1.0,1
29329,0,1,0.3570069,0
29330,1,1,0.9978677,1
29331,0,0,0.2374875,1
29332,1,1,0.9846051,1
29333,0,1,0.9647556,0
29334,0,0,0.007403014,1
29335,1,1,0.67923194,1
29336,1,0,0.13857834,0
29337,1,1,0.99999976,1
29338,1,1,0.99912554,1
29339,0,0,0.016817752,1
29340,0,0,0.012945406,1
29341,0,1,0.5298716,0
29342,1,1,1.0,1
29343,0,1,0.99486035,0
29344,1,1,0.9999999,1
29345,0,0,0.033971995,1
29346,1,1,0.43779346,1
29347,0,0,0.0015854307,1
29348,1,1,0.9964688,1
29349,1,1,0.9999367,1
29350,0,0,0.0362883,1
29351,0,0,0.008219693,1
29352,0,0,0.058830604,1
29353,0,1,0.45002702,0
29354,1,0,0.02463338,0
29355,1,0,0.017610641,0
29356,0,1,0.99994373,0
29357,1,1,0.9999999,1
29358,0,0,0.017729297,1
29359,0,1,0.9999846,0
29360,0,0,0.17809658,1
29361,1,1,1.0,1
29362,0,0,0.041930523,1
29363,0,1,0.52463824,0
29364,1,1,1.0,1
29365,1,1,0.99992037,1
29366,1,1,0.99967504,1
29367,1,1,0.52597755,1
29368,1,0,0.007591943,0
29369,1,1,0.98609793,1
29370,0,0,0.08079154,1
29371,0,0,0.14872593,1
29372,1,1,1.0,1
29373,1,0,0.1621809,0
29374,1,1,1.0,1
29375,1,0,0.12857984,0
29376,0,1,0.9996886,0
29377,0,0,0.059921406,1
29378,1,1,0.9337335,1
29379,1,1,0.9996111,1
29380,1,1,0.9131358,1
29381,0,0,0.093595125,1
29382,0,0,0.069226466,1
29383,0,0,0.0628467,1
29384,0,0,0.19163007,1
29385,1,0,0.03465149,0
29386,1,1,1.0,1
29387,1,1,0.38139236,1
29388,0,0,0.124213,1
29389,1,1,0.97285664,1
29390,0,1,0.5368593,0
29391,0,0,0.022911692,1
29392,1,1,1.0,1
29393,1,1,0.9630572,1
29394,0,0,0.06365676,1
29395,0,1,0.9517288,0
29396,0,1,0.9999565,0
29397,0,0,0.22405545,1
29398,0,0,0.12646116,1
29399,1,1,0.57642275,1
29400,0,0,0.029929746,1
29401,0,0,0.04115289,1
29402,0,1,0.718545,0
29403,1,1,0.9999999,1
29404,1,1,1.0,1
29405,1,1,0.9998859,1
29406,1,1,0.99999917,1
29407,0,0,0.0628467,1
29408,0,0,0.09990845,1
29409,1,0,0.3322021,0
29410,1,0,0.2656423,0
29411,1,1,0.99053264,1
29412,1,1,0.4253367,1
29413,1,1,0.62171316,1
29414,1,1,0.9999347,1
29415,1,1,0.9999999,1
29416,0,0,0.26588044,1
29417,1,0,0.16284543,0
29418,1,1,0.8454327,1
29419,1,1,0.5421362,1
29420,1,1,0.50411975,1
29421,1,1,0.9999894,1
29422,1,1,0.99999976,1
29423,1,1,1.0,1
29424,0,1,0.5931969,0
29425,1,0,0.30772197,0
29426,0,0,0.21733755,1
29427,0,1,0.6953898,0
29428,0,1,0.94539934,0
29429,0,0,0.066751465,1
29430,1,1,0.9445361,1
29431,1,1,0.7783967,1
29432,1,1,0.9993724,1
29433,0,0,0.2795334,1
29434,0,1,0.961642,0
29435,1,1,0.8507168,1
29436,0,0,0.08321738,1
29437,0,1,0.9662516,0
29438,0,1,0.9999567,0
29439,1,1,1.0,1
29440,0,0,0.12137298,1
29441,1,1,0.9971827,1
29442,0,1,0.9999379,0
29443,1,1,0.9974837,1
29444,0,0,0.07585818,1
29445,0,0,0.19027226,1
29446,0,1,0.7599387,0
29447,1,1,0.99998987,1
29448,0,0,0.20236439,1
29449,1,1,0.9999995,1
29450,0,0,0.34152758,1
29451,0,0,0.004306305,1
29452,0,1,0.9937588,0
29453,1,0,0.0606962,0
29454,1,1,1.0,1
29455,1,1,0.7101763,1
29456,1,0,0.20008837,0
29457,1,1,1.0,1
29458,1,1,0.9999995,1
29459,1,1,0.49224916,1
29460,1,1,0.98569053,1
29461,0,1,0.9746045,0
29462,0,0,0.03807084,1
29463,0,0,0.02663241,1
29464,1,1,0.9966756,1
29465,0,0,0.02027408,1
29466,1,1,0.7858021,1
29467,1,1,0.47929043,1
29468,1,1,0.9999651,1
29469,0,0,0.1240007,1
29470,1,0,0.037856847,0
29471,1,0,0.18683577,0
29472,0,1,1.0,0
29473,1,1,0.9999764,1
29474,1,0,0.17724052,0
29475,1,1,0.99686414,1
29476,1,1,0.51805854,1
29477,0,0,0.16633658,1
29478,0,1,0.99492985,0
29479,1,1,0.9999931,1
29480,1,1,0.99959785,1
29481,1,1,0.93349147,1
29482,0,1,0.9999962,0
29483,1,0,0.06435884,0
29484,1,1,0.99999666,1
29485,0,0,0.04569203,1
29486,1,1,1.0,1
29487,1,1,1.0,1
29488,1,0,0.10087861,0
29489,1,0,0.010590936,0
29490,1,0,0.05948283,0
29491,0,1,0.99572706,0
29492,1,1,0.99940586,1
29493,0,0,0.25109637,1
29494,0,1,0.88778967,0
29495,1,0,0.022201227,0
29496,1,1,0.49096775,1
29497,1,1,0.9999989,1
29498,1,0,0.2689414,0
29499,0,0,0.26218015,1
29500,1,0,0.14270914,0
29501,0,1,0.48389226,0
29502,0,1,1.0,0
29503,0,0,0.027927876,1
29504,0,1,0.9999826,0
29505,0,1,0.8118252,0
29506,1,1,0.4754531,1
29507,0,0,0.22832853,1
29508,1,1,0.9486801,1
29509,0,1,0.9999944,0
29510,1,1,0.9920157,1
29511,1,0,0.02630528,0
29512,1,1,0.9658352,1
29513,0,0,0.025202822,1
29514,0,0,0.021927299,1
29515,1,0,0.055617616,0
29516,1,1,0.99899167,1
29517,1,1,1.0,1
29518,0,1,0.6847386,0
29519,1,0,0.025226824,0
29520,0,1,0.99999964,0
29521,1,1,0.9992749,1
29522,0,0,0.3188032,1
29523,0,0,0.20071429,1
29524,1,1,1.0,1
29525,0,0,0.06435884,1
29526,1,1,0.96232057,1
29527,0,1,0.9260366,0
29528,1,1,0.9999534,1
29529,0,0,0.3025456,1
29530,0,0,0.05345272,1
29531,1,1,0.9999999,1
29532,1,1,0.5946101,1
29533,0,1,0.984063,0
29534,1,0,0.0015578482,0
29535,1,1,0.49548352,1
29536,1,1,0.95305705,1
29537,1,0,0.17553806,0
29538,1,1,1.0,1
29539,1,1,0.9980696,1
29540,0,1,0.82432055,0
29541,0,1,0.46168417,0
29542,0,0,0.047869008,1
29543,1,0,0.15571934,0
29544,0,0,0.14211279,1
29545,0,0,0.17852582,1
29546,1,1,0.9983707,1
29547,0,1,0.36613634,0
29548,0,1,0.4647801,0
29549,1,1,0.9999994,1
29550,0,0,0.075721376,1
29551,0,1,0.7412996,0
29552,0,1,0.99993026,0
29553,0,0,0.23775287,1
29554,1,0,0.065904796,0
29555,1,1,0.9248914,1
29556,0,0,0.09825224,1
29557,1,1,0.41896433,1
29558,0,0,0.31520876,1
29559,1,0,0.16871993,0
29560,0,0,0.03044435,1
29561,0,1,0.37782758,0
29562,1,1,1.0,1
29563,1,1,0.97311324,1
29564,0,0,0.036459446,1
29565,0,1,0.88393915,0
29566,0,0,0.024053553,1
29567,0,0,0.16776335,1
29568,1,1,0.9976814,1
29569,1,0,0.06626642,0
29570,0,1,0.4625034,0
29571,0,1,0.54758507,0
29572,0,0,0.11586064,1
29573,1,1,0.7243344,1
29574,1,0,0.016482,0
29575,0,1,0.46994594,0
29576,1,1,0.9992563,1
29577,0,0,0.0054374957,1
29578,1,1,0.7970834,1
29579,0,0,0.27168626,1
29580,1,1,0.49374422,1
29581,1,0,0.23326942,0
29582,0,1,0.5095203,0
29583,0,0,0.33928013,1
29584,1,1,1.0,1
29585,0,1,0.99901307,0
29586,1,0,0.06884988,0
29587,1,1,0.99999094,1
29588,0,0,0.05644403,1
29589,1,1,1.0,1
29590,0,0,0.11221037,1
29591,0,0,0.20149878,1
29592,1,1,0.99227446,1
29593,1,1,0.50042725,1
29594,1,0,0.34643072,0
29595,1,1,0.999841,1
29596,1,1,0.9999151,1
29597,0,0,0.080719054,1
29598,0,1,0.9951325,0
29599,1,1,0.9958741,1
29600,1,0,0.2500877,0
29601,1,1,0.99999845,1
29602,1,0,0.045099564,0
29603,1,1,1.0,1
29604,0,1,0.40374318,0
29605,1,1,0.99813974,1
29606,1,1,0.8059378,1
29607,0,1,0.90829307,0
29608,0,1,0.9444336,0
29609,1,1,0.99999857,1
29610,1,1,0.9999807,1
29611,0,1,0.96395,0
29612,0,1,0.6499675,0
29613,0,1,0.9999875,0
29614,1,1,1.0,1
29615,1,1,0.9999964,1
29616,1,1,0.9999999,1
29617,1,1,0.9988167,1
29618,0,0,0.18653922,1
29619,0,1,0.5128146,0
29620,1,1,0.99999964,1
29621,1,1,0.99999905,1
29622,1,1,0.67249304,1
29623,0,1,0.5902479,0
29624,1,0,0.06985836,0
29625,1,1,0.9809856,1
29626,0,0,0.055668924,1
29627,1,1,1.0,1
29628,1,1,0.9998591,1
29629,1,1,0.8701566,1
29630,1,1,1.0,1
29631,1,1,0.9083743,1
29632,1,1,0.9999963,1
29633,1,1,0.6751759,1
29634,0,1,0.9877351,0
29635,0,0,0.024656855,1
29636,1,1,1.0,1
29637,0,1,0.7815808,0
29638,1,1,1.0,1
29639,1,1,1.0,1
29640,0,1,0.9985221,0
29641,0,1,0.99491006,0
29642,1,1,0.9999993,1
29643,1,1,0.999213,1
29644,0,1,0.9999999,0
29645,1,1,0.99701905,1
29646,1,1,0.9791955,1
29647,1,1,0.99998367,1
29648,0,1,0.38818306,0
29649,0,1,0.999997,0
29650,1,1,1.0,1
29651,0,1,0.51537603,0
29652,0,0,0.10771874,1
29653,1,1,1.0,1
29654,0,1,0.4247102,0
29655,0,0,0.17766814,1
29656,1,1,0.9999995,1
29657,0,0,0.021105006,1
29658,1,0,0.11951087,0
29659,1,1,1.0,1
29660,1,1,1.0,1
29661,1,1,0.99999976,1
29662,1,1,0.99978095,1
29663,0,0,0.029507361,1
29664,1,1,1.0,1
29665,0,0,0.09501305,1
29666,1,0,0.1304515,0
29667,1,1,0.99999976,1
29668,1,1,0.9966756,1
29669,1,1,0.6996137,1
29670,0,1,0.9988418,0
29671,0,1,0.4710103,0
29672,0,0,0.11377637,1
29673,1,1,0.99937004,1
29674,1,0,0.0109234555,0
29675,0,1,1.0,0
29676,0,1,1.0,0
29677,0,0,0.013715874,1
29678,0,0,0.3311738,1
29679,0,0,0.13563229,1
29680,0,0,0.13117322,1
29681,1,0,0.021553464,0
29682,0,1,0.4849289,0
29683,1,1,0.9986303,1
29684,0,0,0.080213256,1
29685,0,0,0.13011953,1
29686,0,1,0.6215983,0
29687,0,1,0.99509466,0
29688,1,1,0.978733,1
29689,0,1,0.9999993,0
29690,1,1,0.58474547,1
29691,1,1,1.0,1
29692,1,1,1.0,1
29693,1,0,0.18631704,0
29694,1,1,0.9948902,1
29695,1,1,0.9820483,1
29696,1,1,0.9990656,1
29697,0,1,0.79653,0
29698,1,1,0.94966936,1
29699,1,1,0.9885361,1
29700,0,1,0.9548583,0
29701,1,0,0.13998318,0
29702,1,1,1.0,1
29703,1,1,1.0,1
29704,1,1,1.0,1
29705,0,1,0.9779888,0
29706,0,1,0.40121853,0
29707,0,0,0.19759926,1
29708,0,1,0.5550735,0
29709,1,1,0.58023316,1
29710,1,0,0.12592277,0
29711,1,0,0.02138932,0
29712,1,0,0.024446366,0
29713,0,0,0.22397058,1
29714,1,1,1.0,1
29715,0,1,0.8418256,0
29716,0,1,0.57892436,0
29717,1,0,0.2338813,0
29718,1,1,1.0,1
29719,1,0,0.30023238,0
29720,1,1,0.4204806,1
29721,1,0,0.00024156632,0
29722,1,0,0.025516601,0
29723,1,0,0.17989045,0
29724,1,1,0.9999944,1
29725,1,1,0.999998,1
29726,1,1,0.9964825,1
29727,0,1,0.38387227,0
29728,0,1,0.9954704,0
29729,1,0,0.10941996,0
29730,0,1,0.35650268,0
29731,1,1,1.0,1
29732,0,1,0.66709346,0
29733,0,0,0.20008837,1
29734,1,1,0.9797647,1
29735,0,1,0.9999999,0
29736,0,0,0.29497597,1
29737,1,1,1.0,1
29738,1,0,0.021635992,0
29739,1,0,0.28328544,0
29740,1,0,0.21576357,0
29741,1,1,0.99553156,1
29742,0,0,0.07369626,1
29743,0,0,0.051272422,1
29744,0,0,0.015603534,1
29745,1,1,1.0,1
29746,1,1,0.99999976,1
29747,1,1,0.9999212,1
29748,1,1,0.9999999,1
29749,0,1,0.99991584,0
29750,1,1,0.9999459,1
29751,0,1,0.87914675,0
29752,1,1,0.9870046,1
29753,1,1,1.0,1
29754,0,0,0.34593338,1
29755,1,0,0.2236313,0
29756,0,0,0.0354775,1
29757,1,1,0.999998,1
29758,0,0,0.15071502,1
29759,0,0,0.26284182,1
29760,1,1,0.83031917,1
29761,1,1,0.99938214,1
29762,0,0,0.02092419,1
29763,0,0,0.0049245106,1
29764,1,1,1.0,1
29765,1,1,0.99999475,1
29766,1,0,0.2936576,0
29767,1,1,1.0,1
29768,0,1,0.99490017,0
29769,0,0,0.07011259,1
29770,0,1,0.99998736,0
29771,1,1,0.9998247,1
29772,0,1,0.96295285,0
29773,1,1,1.0,1
29774,1,1,0.78423643,1
29775,0,0,0.007891985,1
29776,0,0,0.012673735,1
29777,0,1,0.99994814,0
29778,1,1,0.9998894,1
29779,1,1,0.98942953,1
29780,0,0,0.22354652,1
29781,0,0,0.24944724,1
29782,0,1,0.41741988,0
29783,0,0,0.025834186,1
29784,1,1,0.6561627,1
29785,1,0,0.32852942,0
29786,0,1,0.51080155,0
29787,1,1,0.99932015,1
29788,1,0,0.09518112,0
29789,1,1,0.99996495,1
29790,0,0,0.10484337,1
29791,1,1,1.0,1
29792,0,1,1.0,0
29793,1,1,0.9996911,1
29794,0,1,0.9999145,0
29795,1,1,0.9941347,1
29796,0,0,0.03465149,1
29797,1,1,0.9999993,1
29798,1,1,0.999998,1
29799,0,0,0.009125638,1
29800,1,0,0.019756919,0
29801,0,1,0.9999994,0
29802,0,1,0.49304244,0
29803,1,1,0.9991768,1
29804,1,1,0.9999825,1
29805,0,1,0.96468914,0
29806,1,1,0.99956006,1
29807,0,0,0.041346,1
29808,1,1,0.99853635,1
29809,0,0,0.1899715,1
29810,0,1,0.9999943,0
29811,1,1,0.54049945,1
29812,0,1,0.99368566,0
29813,1,1,0.9999621,1
29814,1,1,0.99997866,1
29815,0,1,0.9993081,0
29816,1,1,0.9997017,1
29817,1,1,0.9983026,1
29818,1,1,0.96644217,1
29819,0,1,0.9999995,0
29820,1,0,0.17175467,0
29821,0,1,0.9999962,0
29822,0,1,0.99999845,0
29823,0,0,0.027376488,1
29824,1,0,0.041075893,0
29825,1,1,0.9869544,1
29826,1,1,0.9999999,1
29827,1,1,0.9999734,1
29828,1,1,0.74539834,1
29829,1,1,1.0,1
29830,1,1,0.7136811,1
29831,0,1,0.99999154,0
29832,0,1,0.37874627,0
29833,1,0,0.22261563,0
29834,1,1,0.9999522,1
29835,1,1,0.9874721,1
29836,1,1,0.97887486,1
29837,1,1,0.908618,1
29838,1,1,0.9999852,1
29839,0,0,0.17610413,1
29840,1,1,0.9997439,1
29841,1,1,0.8308688,1
29842,1,0,0.08262328,0
29843,0,0,0.06816438,1
29844,1,0,0.034164816,0
29845,0,1,0.90878,0
29846,1,0,0.10374862,0
29847,1,0,0.022074388,0
29848,0,0,0.08616955,1
29849,0,1,0.45492616,0
29850,1,0,0.115910664,0
29851,1,0,0.16796798,0
29852,0,1,0.9601375,0
29853,0,0,0.069921836,1
29854,1,1,0.9997876,1
29855,0,1,0.82190347,0
29856,1,1,0.9998067,1
29857,0,0,0.045394883,1
29858,0,1,0.8708172,0
29859,0,0,0.018159512,1
29860,1,1,0.99845123,1
29861,1,1,0.9763331,1
29862,1,1,0.8728902,1
29863,0,0,0.23934935,1
29864,0,1,0.99973625,0
29865,1,1,0.99983525,1
29866,0,1,0.9999517,0
29867,0,1,0.9563089,0
29868,1,1,0.9999999,1
29869,0,1,0.98313373,0
29870,1,1,0.9784466,1
29871,1,1,0.9999938,1
29872,1,0,0.20473911,0
29873,0,0,0.005458661,1
29874,1,1,0.99879104,1
29875,0,0,0.16465074,1
29876,1,0,0.099820666,0
29877,1,1,0.9898499,1
29878,0,1,0.4865755,0
29879,1,1,1.0,1
29880,1,0,0.21609424,0
29881,0,1,0.3617282,0
29882,0,0,0.09170697,1
29883,0,0,0.16640429,1
29884,1,1,1.0,1
29885,1,1,1.0,1
29886,0,1,0.980375,0
29887,0,0,0.03321117,1
29888,1,0,0.16796798,0
29889,1,1,1.0,1
29890,1,1,0.71913713,1
29891,1,1,0.5817784,1
29892,1,0,0.033336822,0
29893,1,0,0.08181271,0
29894,1,1,0.985663,1
29895,0,1,0.41614398,0
29896,0,1,0.40306744,0
29897,1,1,0.99994326,1
29898,0,0,0.016403032,1
29899,1,1,0.9999995,1
29900,0,1,0.86960393,0
29901,0,1,0.9976311,0
29902,1,1,0.9418684,1
29903,1,1,0.9981578,1
29904,0,1,0.99407744,0
29905,1,1,0.9988508,1
29906,0,1,0.60853595,0
29907,1,1,0.9999995,1
29908,1,0,0.042882238,0
29909,0,1,0.98888505,0
29910,0,0,0.04885778,1
29911,1,1,0.9999318,1
29912,1,1,0.9998977,1
29913,1,1,0.9399685,1
29914,0,1,0.8655653,0
29915,1,1,0.9999999,1
29916,0,0,0.12929276,1
29917,0,0,0.09929539,1
29918,1,1,0.99887747,1
29919,1,1,0.99879813,1
29920,1,1,0.9974191,1
29921,1,1,0.9187722,1
29922,1,1,0.99915075,1
29923,0,1,0.9999465,0
29924,0,0,0.17009403,1
29925,1,1,0.99948174,1
29926,0,0,0.074030295,1
29927,1,1,0.8987666,1
29928,1,1,0.99750805,1
29929,0,0,0.074365705,1
29930,1,1,0.8833366,1
29931,1,1,0.92495924,1
29932,0,0,0.09384396,1
29933,1,1,0.5974318,1
29934,1,1,0.99992967,1
29935,0,0,0.13134027,1
29936,1,1,0.9848984,1
29937,1,1,1.0,1
29938,1,1,1.0,1
29939,1,1,1.0,1
29940,1,1,0.4751182,1
29941,0,1,0.9993893,0
29942,1,1,0.98680264,1
29943,0,0,0.090092994,1
29944,1,1,0.9539232,1
29945,0,1,0.99298817,0
29946,1,1,1.0,1
29947,1,1,0.988085,1
29948,0,1,0.99995935,0
29949,0,1,0.6519645,0
29950,1,1,1.0,1
29951,0,1,0.35987014,0
29952,1,1,1.0,1
29953,1,1,0.999987,1
29954,0,0,0.10365786,1
29955,1,1,0.43773338,1
29956,0,0,0.28651848,1
29957,1,0,0.19613242,0
29958,0,1,0.84260434,0
29959,0,1,0.9353465,0
29960,1,1,0.99992514,1
29961,1,1,1.0,1
29962,0,1,1.0,0
29963,1,1,1.0,1
29964,1,1,0.9447403,1
29965,1,1,1.0,1
29966,1,0,0.041930523,0
29967,1,0,0.14390808,0
29968,1,1,0.8470844,1
29969,1,1,0.9985221,1
29970,1,1,0.9999286,1
29971,0,1,0.60024697,0
29972,0,0,0.020061804,1
29973,0,0,0.10856642,1
29974,1,1,0.9999982,1
29975,0,1,0.9980506,0
29976,1,1,1.0,1
29977,1,1,0.46642026,1
29978,1,1,0.9999993,1
29979,1,1,0.9994504,1
29980,0,0,0.16418117,1
29981,0,1,0.39530924,0
29982,1,0,0.18922126,0
29983,0,1,0.93891287,0
29984,0,0,0.22721201,1
29985,1,1,0.9994956,1
29986,0,1,1.0,0
29987,1,1,0.5734396,1
29988,0,0,0.33654907,1
29989,1,1,0.9999999,1
29990,0,0,0.1501534,1
29991,1,0,0.048948623,0
29992,0,0,0.026733862,1
29993,1,0,0.19513355,0
29994,1,1,0.99588215,1
29995,0,1,0.99940586,0
29996,0,1,0.9999969,0
29997,0,0,0.018055335,1
29998,0,1,0.38070142,0
29999,1,1,0.81271875,1
30000,1,1,0.9998697,1
30001,0,1,0.96021223,0
30002,1,1,0.97110176,1
30003,0,0,0.04054074,1
30004,0,1,0.99999905,0
30005,1,1,0.88252914,1
30006,1,1,0.99999964,1
30007,0,0,0.14633106,1
30008,1,1,0.9976404,1
30009,0,1,1.0,0
30010,0,0,0.14080818,1
30011,1,1,0.90200704,1
30012,0,0,0.049405243,1
30013,0,0,0.12732674,1
30014,0,1,0.56235677,0
30015,1,1,0.9999999,1
30016,1,1,1.0,1
30017,1,1,0.99894744,1
30018,1,1,0.94427973,1
30019,0,1,1.0,0
30020,0,0,0.0019342613,1
30021,1,1,0.6378771,1
30022,0,1,0.84594244,0
30023,1,0,0.02859836,0
30024,0,1,0.7334519,0
30025,0,1,0.9240048,0
30026,0,0,0.26740813,1
30027,1,1,0.9834705,1
30028,0,1,0.38966265,0
30029,0,0,0.03551094,1
30030,0,1,0.928668,0
30031,1,0,0.061762713,0
30032,1,1,1.0,1
30033,1,1,1.0,1
30034,1,1,1.0,1
30035,1,1,0.996503,1
30036,0,1,0.96189344,0
30037,0,1,0.53892255,0
30038,0,0,0.1138749,1
30039,0,0,0.16438228,1
30040,1,1,0.99999666,1
30041,1,1,0.58154076,1
30042,1,1,0.9355235,1
30043,1,1,1.0,1
30044,0,1,0.4189346,0
30045,1,1,0.9921233,1
30046,0,0,0.012241274,1
30047,1,1,0.7884203,1
30048,0,1,0.36590973,0
30049,0,1,0.96753323,0
30050,0,0,0.13240233,1
30051,0,0,0.34246156,1
30052,1,1,0.9948704,1
30053,1,0,0.27425417,0
30054,0,0,0.27105868,1
30055,0,0,0.2180027,1
30056,0,1,0.87716144,0
30057,0,0,0.00946738,1
30058,1,1,1.0,1
30059,0,1,0.9930962,0
30060,0,1,0.3879222,0
30061,1,1,1.0,1
30062,0,0,0.1562336,1
30063,1,1,0.9686196,1
30064,1,0,0.25851312,0
30065,1,1,1.0,1
30066,0,1,0.4610168,0
30067,0,0,0.14614818,1
30068,1,0,0.07689149,0
30069,0,0,0.25781178,1
30070,0,0,0.08181271,1
30071,1,0,0.054752033,0
30072,1,1,0.99997556,1
30073,1,1,1.0,1
30074,0,1,0.99879104,0
30075,1,1,0.99999976,1
30076,0,1,0.98628414,0
30077,1,1,0.99997044,1
30078,1,1,1.0,1
30079,1,0,0.18177101,0
30080,0,0,0.28467542,1
30081,0,1,0.9202897,0
30082,1,1,0.9948902,1
30083,1,1,1.0,1
30084,0,0,0.06307716,1
30085,0,1,0.77534974,0
30086,1,1,1.0,1
30087,0,1,0.9999825,0
30088,0,0,0.15784954,1
30089,0,1,0.93171144,0
30090,1,1,0.9427181,1
30091,1,0,0.033117235,0
30092,1,1,0.9623913,1
30093,1,0,0.3270232,0
30094,1,1,0.996357,1
30095,0,1,0.9393595,0
30096,0,0,0.24490437,1
30097,1,0,0.093760945,0
30098,0,0,0.029760094,1
30099,0,0,0.18417984,1
30100,0,0,0.000819932,1
30101,0,0,0.01868931,1
30102,1,1,0.9998029,1
30103,1,1,0.9969187,1
30104,0,0,0.1284158,1
30105,0,0,0.056288198,1
30106,0,1,0.9383503,0
30107,0,1,0.9999933,0
30108,0,1,0.9976311,0
30109,0,1,0.96182173,0
30110,0,0,0.15165491,1
30111,1,1,0.99999356,1
30112,1,1,0.9999076,1
30113,1,1,0.99952435,1
30114,0,1,0.45308036,0
30115,0,1,0.9999988,0
30116,0,0,0.06650853,1
30117,1,1,0.9999894,1
30118,1,0,0.04698664,0
30119,0,1,0.96528316,0
30120,0,1,0.99999595,0
30121,0,0,0.15488662,1
30122,1,1,0.8664719,1
30123,1,1,0.9991117,1
30124,1,0,0.18032306,0
30125,1,1,0.9953904,1
30126,1,1,1.0,1
30127,1,1,0.99999976,1
30128,1,1,0.99998987,1
30129,1,1,0.98846966,1
30130,0,1,0.5924898,0
30131,1,1,0.7360687,1
30132,0,1,0.9987816,0
30133,0,0,0.18177101,1
30134,1,1,0.99996555,1
30135,1,0,0.18565173,0
30136,1,1,0.9999932,1
30137,0,1,0.6411416,0
30138,0,1,0.4006028,0
30139,1,1,0.9907678,1
30140,0,0,0.043528132,1
30141,0,1,0.9934738,0
30142,1,1,0.92255217,1
30143,1,1,1.0,1
30144,0,0,0.0033115193,1
30145,1,1,0.991339,1
30146,1,0,0.13511792,0
30147,0,0,0.13724312,1
30148,0,0,0.02344229,1
30149,1,1,0.99930406,1
30150,1,1,1.0,1
30151,1,1,0.9999994,1
30152,1,1,0.9746045,1
30153,1,1,0.97381955,1
30154,1,0,0.006326631,0
30155,0,1,0.36356217,0
30156,0,1,0.99857306,0
30157,1,1,0.99987173,1
30158,1,1,0.99999917,1
30159,1,1,0.7328309,1
30160,1,0,0.31700325,0
30161,1,0,0.32412842,0
30162,0,1,0.99999607,0
30163,1,1,0.36378813,1
30164,0,0,0.04518376,1
30165,0,1,0.99165195,0
30166,0,0,0.041812986,1
30167,0,0,0.26511872,1
30168,1,1,1.0,1
30169,0,1,0.42199835,0
30170,0,1,0.99984455,0
30171,0,0,0.010714441,1
30172,1,1,0.8958876,1
30173,1,0,0.12678519,0
30174,1,1,0.9719126,1
30175,1,1,0.99381906,1
30176,1,1,0.9999964,1
30177,0,1,0.8244619,0
30178,0,0,0.019756919,1
30179,0,0,0.036977556,1
30180,0,1,0.7048209,0
30181,0,1,0.6073721,0
30182,1,1,0.9999255,1
30183,1,1,0.9999912,1
30184,1,0,0.09645018,0
30185,0,0,0.015906392,1
30186,0,0,0.04065485,1
30187,1,1,0.9991358,1
30188,1,1,0.9981505,1
30189,1,0,0.035310794,0
30190,0,1,0.97726256,0
30191,1,0,0.2180027,0
30192,0,1,0.96405166,0
30193,0,1,0.99209267,0
30194,0,1,0.9999993,0
30195,1,0,0.25926262,0
30196,0,0,0.0070390464,1
30197,0,1,0.99622726,0
30198,1,1,0.9999454,1
30199,0,0,0.13764834,1
30200,1,0,0.103205055,0
30201,1,1,0.99595356,1
30202,1,1,0.9999999,1
30203,0,0,0.19536372,1
30204,1,1,0.9996886,1
30205,1,1,0.9999976,1
30206,1,1,0.9982212,1
30207,1,1,0.9980544,1
30208,0,1,0.99839276,0
30209,1,1,0.9761519,1
30210,0,0,0.035012625,1
30211,0,0,0.13017482,1
30212,0,1,0.42000473,0
30213,0,1,0.9995802,0
30214,1,1,0.9995479,1
30215,1,1,0.9999913,1
30216,1,1,0.46854746,1
30217,1,1,1.0,1
30218,0,1,0.47858977,0
30219,1,1,0.91062486,1
30220,1,1,0.7487658,1
30221,0,0,0.20649374,1
30222,0,1,0.93738294,0
30223,1,1,0.51305854,1
30224,0,0,0.09973295,1
30225,1,1,0.8385476,1
30226,1,1,1.0,1
30227,0,0,0.09653531,1
30228,1,1,0.7594039,1
30229,1,1,0.9999882,1
30230,1,1,0.99979895,1
30231,1,0,0.18484107,0
30232,0,0,0.10650459,1
30233,1,1,1.0,1
30234,1,1,1.0,1
30235,1,1,0.99918,1
30236,0,1,0.9410069,0
30237,1,1,0.9999478,1
30238,1,0,0.05649606,0
30239,0,1,0.89302987,0
30240,0,0,0.2330948,1
30241,0,1,0.9999763,0
30242,0,1,0.9863369,0
30243,0,1,0.48529476,0
30244,1,1,0.78423643,1
30245,1,1,0.9999896,1
30246,1,1,1.0,1
30247,0,0,0.0808641,1
30248,1,1,0.9999999,1
30249,1,1,0.9999826,1
30250,0,1,0.6430491,0
30251,0,1,0.56433856,0
30252,1,1,1.0,1
30253,0,0,0.06730107,1
30254,1,1,0.9998623,1
30255,0,1,0.997813,0
30256,0,1,0.37725383,0
30257,0,1,0.9549004,0
30258,1,1,0.9756001,1
30259,1,1,0.9999901,1
30260,0,1,0.99594563,0
30261,0,0,0.12326005,1
30262,0,0,0.01964376,1
30263,0,0,0.10141131,1
30264,1,1,0.8236123,1
30265,1,1,0.98192734,1
30266,0,0,0.108377546,1
30267,1,1,0.9999999,1
30268,0,1,0.9943251,0
30269,1,1,0.55573666,1
30270,0,0,0.044224583,1
30271,1,1,0.9938309,1
30272,1,1,0.99999976,1
30273,0,0,0.087252244,1
30274,1,1,0.99999535,1
30275,1,0,0.012030543,0
30276,0,0,0.3451053,1
30277,0,0,0.111627996,1
30278,1,1,1.0,1
30279,0,0,0.027014792,1
30280,1,1,1.0,1
30281,0,0,0.032682236,1
30282,1,1,0.91505283,1
30283,0,0,0.09947022,1
30284,0,0,0.10999224,1
30285,1,1,0.99999666,1
30286,0,1,0.8550057,0
30287,1,1,0.71666497,1
30288,1,1,1.0,1
30289,0,1,1.0,0
30290,1,0,0.05424881,0
30291,0,1,0.9942697,0
30292,0,0,0.05079946,1
30293,0,1,0.8454327,0
30294,1,1,0.99999976,1
30295,1,1,0.9999505,1
30296,1,1,0.9957021,1
30297,1,0,0.04296247,0
30298,1,1,0.92879725,1
30299,0,1,0.8838389,0
30300,0,1,0.37270498,0
30301,1,1,0.9999933,1
30302,0,1,0.7224781,0
30303,1,1,0.7620701,1
30304,1,1,0.9920002,1
30305,0,1,0.9431384,0
30306,1,1,0.70957285,1
30307,1,1,0.7272496,1
30308,1,1,1.0,1
30309,0,1,0.98046875,0
30310,1,1,0.9999989,1
30311,0,1,0.99999976,0
30312,1,1,0.8568123,1
30313,1,1,0.99997497,1
30314,0,1,0.99778724,0
30315,0,1,0.9520419,0
30316,0,0,0.02218004,1
30317,1,1,0.9998134,1
30318,1,1,0.5796384,1
30319,1,1,0.9999994,1
30320,1,1,0.9981614,1
30321,0,1,0.9999101,0
30322,0,1,0.36234847,0
30323,0,0,0.116261385,1
30324,0,0,0.11696559,1
30325,0,1,0.900267,0
30326,0,1,0.99999976,0
30327,1,1,0.99952996,1
30328,0,1,0.47703645,0
30329,1,0,0.09293445,0
30330,1,1,0.930395,1
30331,1,0,0.18498825,0
30332,1,1,0.99998295,1
30333,0,0,0.11526177,1
30334,1,1,0.9947391,1
30335,1,0,0.10203597,0
30336,0,0,0.049405243,1
30337,1,1,0.99996376,1
30338,1,1,0.9999999,1
30339,0,0,0.09384396,1
30340,1,1,0.9991239,1
30341,0,0,0.291737,1
30342,1,1,0.99999976,1
30343,1,1,1.0,1
30344,1,1,0.9995703,1
30345,1,1,0.9997192,1
30346,1,0,0.20220678,0
30347,0,0,0.004399413,1
30348,1,1,0.93738294,1
30349,0,0,0.09568695,1
30350,1,0,0.05975658,0
30351,1,1,0.9988927,1
30352,0,1,0.9997075,0
30353,1,1,0.9998697,1
30354,0,0,0.04038907,1
30355,0,1,0.87987113,0
30356,1,1,0.9812749,1
30357,1,1,0.99944395,1
30358,1,1,1.0,1
30359,0,0,0.08166611,1
30360,0,1,0.8769508,0
30361,0,1,0.56703776,0
30362,1,0,0.21403356,0
30363,0,0,0.09195129,1
30364,0,0,0.310433,1
30365,1,1,0.9903476,1
30366,1,1,0.70866644,1
30367,0,0,0.23335676,1
30368,1,1,0.99586606,1
30369,1,1,1.0,1
30370,0,1,0.57517046,0
30371,0,1,0.5871148,0
30372,1,1,0.9590777,1
30373,1,1,0.65285033,1
30374,0,0,0.11656275,1
30375,0,0,0.18713267,1
30376,0,0,0.15165491,1
30377,1,1,0.81227237,1
30378,1,1,0.9999994,1
30379,0,0,0.048541088,1
30380,1,0,0.013222823,0
30381,0,1,0.8709269,0
30382,1,0,0.033148516,0
30383,1,0,0.045521997,0
30384,0,1,0.69601,0
30385,0,0,0.0729663,1
30386,0,0,0.038357977,1
30387,0,1,0.99213856,0
30388,1,1,0.8844391,1
30389,0,0,0.05781161,1
30390,0,1,0.89302987,0
30391,1,0,0.024168443,0
30392,0,1,0.50756776,0
30393,0,0,0.029647512,1
30394,0,1,0.4829168,0
30395,0,1,0.93952614,0
30396,0,0,0.02859836,1
30397,1,1,0.9996768,1
30398,1,1,1.0,1
30399,1,1,0.99978095,1
30400,0,0,0.31357738,1
30401,1,1,0.83128005,1
30402,1,1,0.9046505,1
30403,0,0,0.08181271,1
30404,0,1,0.73739463,0
30405,1,1,0.9996338,1
30406,0,1,0.99999976,0
30407,0,1,0.8071568,0
30408,0,1,1.0,0
30409,0,0,0.23545979,1
30410,0,0,0.043325305,1
30411,1,0,0.070880495,0
30412,0,0,0.078148484,1
30413,1,1,0.9999584,1
30414,1,1,0.9938788,1
30415,1,1,1.0,1
30416,1,0,0.08555635,0
30417,1,1,0.77295935,1
30418,0,0,0.29946357,1
30419,0,1,0.4729573,0
30420,1,1,0.99528164,1
30421,0,1,0.67678016,0
30422,0,1,0.9914556,0
30423,1,1,0.9947595,1
30424,1,1,0.99680245,1
30425,1,1,0.9999945,1
30426,1,0,0.32643247,0
30427,0,1,0.5338835,0
30428,1,1,0.9915216,1
30429,1,1,0.94767237,1
30430,0,1,0.99999833,0
30431,0,0,0.036322463,1
30432,1,1,0.9999888,1
30433,1,1,0.99987996,1
30434,1,1,0.99999785,1
30435,0,1,0.68124986,0
30436,1,1,0.4521428,1
30437,1,1,0.999998,1
30438,1,1,1.0,1
30439,0,1,0.9999888,0
30440,1,1,1.0,1
30441,0,0,0.08834723,1
30442,1,1,1.0,1
30443,0,1,0.6759251,0
30444,1,1,0.9474297,1
30445,0,1,0.53212124,0
30446,1,1,1.0,1
30447,1,1,0.99998415,1
30448,0,1,0.9997868,0
30449,1,1,1.0,1
30450,1,0,0.055463932,0
30451,1,1,0.7069497,1
30452,0,0,0.11752149,1
30453,0,1,0.99881905,0
30454,1,1,0.99961334,1
30455,0,0,0.16913125,1
30456,0,1,0.9993026,0
30457,0,0,0.022672437,1
30458,1,0,0.045394883,0
30459,1,1,0.98238933,1
30460,1,1,0.9976814,1
30461,1,1,0.60807055,1
30462,0,1,0.40833575,0
30463,0,0,0.02732453,1
30464,0,0,0.0071629784,1
30465,1,0,0.16940589,0
30466,1,1,0.99300176,1
30467,0,1,0.999608,0
30468,1,1,0.9994081,1
30469,1,1,0.99997556,1
30470,0,1,0.9122018,0
30471,0,0,0.037821285,1
30472,0,0,0.20394525,1
30473,0,0,0.15456733,1
30474,1,1,0.9999989,1
30475,1,1,0.4893815,1
30476,1,1,0.98844737,1
30477,0,1,0.80147004,0
30478,1,1,0.99995303,1
30479,0,1,0.9990396,0
30480,0,0,0.051177494,1
30481,0,0,0.16906263,1
30482,1,0,0.07316472,0
30483,1,1,0.6853707,1
30484,0,0,0.14891149,1
30485,0,0,0.053304683,1
30486,1,1,0.9995932,1
30487,0,0,0.14584377,1
30488,0,1,0.9999877,0
30489,0,1,0.43053636,0
30490,0,1,0.7812472,0
30491,1,1,0.99999964,1
30492,0,1,0.5238466,0
30493,0,0,0.18959609,1
30494,1,1,0.9891187,1
30495,1,1,0.99709344,1
30496,1,1,0.94796216,1
30497,1,0,0.053009767,0
30498,1,1,0.9999875,1
30499,0,0,0.028490044,1
30500,1,0,0.24835183,0
30501,1,1,1.0,1
30502,0,1,0.3542655,0
30503,1,1,0.99996936,1
30504,0,1,0.79117644,0
30505,1,1,0.5341873,1
30506,0,1,0.9995234,0
30507,1,1,0.92495924,1
30508,0,0,0.012920474,1
30509,0,1,0.47533134,0
30510,1,1,0.9999987,1
30511,0,0,0.327507,1
30512,1,0,0.0069982097,0
30513,0,1,0.9870297,0
30514,0,0,0.038357977,1
30515,0,0,0.07349652,1
30516,1,1,0.9955403,1
30517,1,1,0.99962366,1
30518,0,0,0.06336634,1
30519,1,1,0.9863369,1
30520,1,1,1.0,1
30521,1,0,0.063773274,0
30522,0,0,0.089933,1
30523,0,1,0.76255673,0
30524,0,0,0.03355782,1
30525,1,0,0.045991033,0
30526,0,1,0.9994735,0
30527,0,0,0.25404602,1
30528,1,1,0.99999917,1
30529,0,1,0.9894907,0
30530,1,1,0.99998486,1
30531,1,1,1.0,1
30532,0,0,0.11289317,1
30533,0,0,0.061311536,1
30534,0,0,0.08359068,1
30535,1,1,0.9652504,1
30536,0,0,0.020645931,1
30537,1,1,0.98478174,1
30538,1,0,0.039121646,0
30539,0,1,0.5954337,0
30540,1,1,0.998319,1
30541,0,0,0.003765414,1
30542,1,1,0.9998623,1
30543,1,1,0.9999931,1
30544,0,0,0.22979435,1
30545,1,0,0.1218424,0
30546,1,0,0.065545,0
30547,1,1,1.0,1
30548,1,1,0.9988531,1
30549,1,1,0.62869245,1
30550,1,1,0.9999994,1
30551,1,1,0.41540268,1
30552,1,1,0.9997631,1
30553,0,1,0.9765577,0
30554,1,1,0.9988305,1
30555,1,1,0.9494355,1
30556,1,1,0.9713201,1
30557,0,0,0.062103122,1
30558,0,0,0.07211221,1
30559,1,1,0.9752254,1
30560,1,1,0.99108386,1
30561,1,1,0.99999905,1
30562,1,1,0.9920002,1
30563,1,1,1.0,1
30564,1,1,0.98518616,1
30565,1,0,0.02578508,0
30566,1,1,0.3994602,1
30567,0,0,0.0024678102,1
30568,0,0,0.22177176,1
30569,1,1,1.0,1
30570,0,0,0.09602549,1
30571,1,1,0.7582422,1
30572,1,0,0.09426001,0
30573,1,1,0.9985814,1
30574,1,1,0.99997556,1
30575,0,0,0.21044159,1
30576,1,0,0.21967211,0
30577,1,1,1.0,1
30578,0,0,0.047958106,1
30579,1,1,0.9995253,1
30580,0,0,0.24762337,1
30581,0,1,0.99580115,0
30582,0,1,0.9667888,0
30583,1,1,0.9996886,1
30584,1,1,0.9999932,1
30585,1,1,0.9873018,1
30586,1,1,1.0,1
30587,1,0,0.29330328,0
30588,0,0,0.12962292,1
30589,1,1,0.6291482,1
30590,1,1,0.8183016,1
30591,1,1,0.5805899,1
30592,0,0,0.0075041573,1
30593,1,1,0.9918121,1
30594,0,1,0.5474036,0
30595,1,1,0.99887305,1
30596,1,1,0.9999999,1
30597,0,1,0.49353063,0
30598,0,0,0.043813635,1
30599,1,0,0.05948283,0
30600,0,1,0.99999976,0
30601,0,1,0.5887118,0
30602,1,1,0.98975134,1
30603,0,0,0.038683496,1
30604,1,1,1.0,1
30605,1,1,0.9670699,1
30606,1,1,0.9272316,1
30607,1,1,0.9999769,1
30608,0,0,0.16092427,1
30609,1,1,0.99999475,1
30610,1,1,1.0,1
30611,0,1,0.9978173,0
30612,1,1,0.99903786,1
30613,0,1,0.6639413,0
30614,1,1,0.96021223,1
30615,0,1,0.99908185,0
30616,0,1,0.9988121,0
30617,1,1,0.76515496,1
30618,0,0,0.004223366,1
30619,0,1,0.9560224,0
30620,0,0,0.04050277,1
30621,0,1,0.8003801,0
30622,1,0,0.15354916,0
30623,0,0,0.02931223,1
30624,1,1,0.9941801,1
30625,1,1,1.0,1
30626,1,1,0.60708094,1
30627,1,1,0.99952066,1
30628,1,1,0.7205158,1
30629,0,1,0.64985645,0
30630,0,1,0.99990976,0
30631,0,0,0.019160708,1
30632,0,1,0.8834373,0
30633,1,1,0.99998295,1
30634,0,0,0.23899394,1
30635,0,1,0.72637707,0
30636,1,1,0.94024336,1
30637,1,1,0.93451476,1
30638,1,0,0.05051767,0
30639,1,1,0.5346732,1
30640,0,1,0.8293538,0
30641,1,1,0.99998045,1
30642,1,0,0.29123276,0
30643,0,1,0.9836285,0
30644,1,1,0.37319025,1
30645,0,1,0.99932015,0
30646,0,0,0.03919513,1
30647,1,0,0.07113817,0
30648,0,1,0.81873685,0
30649,1,1,1.0,1
30650,0,1,0.5352199,0
30651,0,0,0.039825134,1
30652,0,0,0.044806086,1
30653,1,0,0.03659692,0
30654,1,1,0.35835305,1
30655,0,0,0.14276889,1
30656,0,1,0.714379,0
30657,1,0,0.20979328,0
30658,0,0,0.28363255,1
30659,1,1,0.99968743,1
30660,1,1,0.9999175,1
30661,1,1,0.9998253,1
30662,1,0,0.19444428,0
30663,0,1,0.7889086,0
30664,1,1,0.9871788,1
30665,0,0,0.15642679,1
30666,0,1,0.9877587,0
30667,1,0,0.010268432,0
30668,0,0,0.19072402,1
30669,1,1,0.999987,1
30670,0,1,0.75228566,0
30671,1,1,0.93913656,1
30672,1,1,1.0,1
30673,1,0,0.31158394,0
30674,0,1,0.95536083,0
30675,1,1,0.99995303,1
30676,0,0,0.21190566,1
30677,1,1,0.999962,1
30678,1,0,0.1668111,0
30679,1,1,0.69071555,1
30680,1,1,0.8590736,1
30681,0,1,0.98752034,0
30682,0,0,0.16198196,1
30683,1,0,0.029929746,0
30684,1,1,0.9750835,1
30685,0,0,0.013636835,1
30686,1,1,0.99999666,1
30687,0,0,0.10230471,1
30688,0,1,0.99998736,0
30689,1,1,0.99992216,1
30690,1,1,0.9978802,1
30691,1,0,0.25095868,0
30692,1,1,0.99983776,1
30693,1,1,0.98672616,1
30694,1,1,1.0,1
30695,1,1,0.6256097,1
30696,1,1,0.99985623,1
30697,1,1,0.9958901,1
30698,1,0,0.05242457,0
30699,1,1,0.9260366,1
30700,0,1,0.8797679,0
30701,0,0,0.07030384,1
30702,0,1,0.46599495,0
30703,0,1,0.998092,0
30704,0,1,0.6200466,0
30705,1,1,1.0,1
30706,1,0,0.0606962,0
30707,0,0,0.15488662,1
30708,0,1,0.99984026,0
30709,1,1,0.5132415,1
30710,1,1,0.9999932,1
30711,1,1,0.98617804,1
30712,0,0,0.068975195,1
30713,1,1,0.99998665,1
30714,0,0,0.13968952,1
30715,0,1,0.999828,0
30716,0,0,0.015365342,1
30717,1,1,0.99998415,1
30718,0,0,0.10167862,1
30719,0,1,0.5378911,0
30720,0,0,0.07165614,1
30721,1,1,0.9999994,1
30722,0,0,0.044597577,1
30723,0,1,0.9943251,0
30724,1,1,0.99589807,1
30725,1,1,1.0,1
30726,1,0,0.15234725,0
30727,0,1,0.82032555,0
30728,0,1,0.9994956,0
30729,1,1,0.9999989,1
30730,0,0,0.061762713,1
30731,0,0,0.09920809,1
30732,1,0,0.29507753,0
30733,1,1,1.0,1
30734,0,0,0.043813635,1
30735,1,0,0.10484337,0
30736,1,0,0.2351962,0
30737,0,1,0.9999479,0
30738,1,1,0.999998,1
30739,0,1,0.7500954,0
30740,1,1,1.0,1
30741,1,0,0.13974822,0
30742,0,0,0.014420068,1
30743,1,1,0.5452857,1
30744,1,1,0.9925538,1
30745,1,1,0.90414387,1
30746,1,1,0.37690973,1
30747,1,1,0.9999927,1
30748,1,1,0.87589324,1
30749,0,0,0.33693078,1
30750,1,0,0.0023550675,0
30751,0,0,0.024869107,1
30752,1,1,0.8831352,1
30753,1,1,0.78249633,1
30754,1,1,0.97573924,1
30755,0,1,0.99900347,0
30756,1,0,0.06424133,0
30757,0,1,0.9180404,0
30758,0,1,0.9996989,0
30759,0,1,0.9999943,0
30760,1,0,0.05094091,0
30761,0,0,0.16865148,1
30762,0,0,0.09868569,1
30763,1,0,0.11711697,0
30764,1,1,0.99951875,1
30765,1,0,0.33813176,0
30766,1,0,0.16532342,0
30767,1,1,0.96415305,1
30768,0,1,0.9996057,0
30769,1,0,0.17511447,0
30770,0,0,0.056704637,1
30771,0,1,1.0,0
30772,1,1,0.7752647,1
30773,1,0,0.118742295,0
30774,1,1,0.9999976,1
30775,1,0,0.2359876,0
30776,1,1,1.0,1
30777,1,1,1.0,1
30778,1,1,0.9999999,1
30779,0,0,0.08291986,1
30780,1,1,0.37416163,1
30781,1,1,0.9999993,1
30782,0,1,0.992837,0
30783,0,0,0.26331514,1
30784,0,1,0.9927812,0
30785,0,1,0.5212884,0
30786,1,0,0.13753247,0
30787,1,1,0.3740473,1
30788,1,1,0.99999046,1
30789,0,0,0.23633994,1
30790,1,1,1.0,1
30791,0,1,0.4773105,0
30792,1,1,0.9706599,1
30793,1,1,0.9978173,1
30794,0,0,0.15726623,1
30795,1,1,0.9911355,1
30796,0,1,0.98173577,0
30797,0,0,0.13483287,1
30798,0,0,0.15720153,1
30799,1,0,0.0962801,0
30800,0,1,0.9906238,0
30801,1,0,8.853435e-05,0
30802,1,1,0.8581252,1
30803,1,0,0.22051026,0
30804,1,0,0.11436852,0
30805,1,0,8.3496285e-05,0
30806,0,0,0.016324438,1
30807,1,1,1.0,1
30808,1,1,1.0,1
30809,1,1,0.9851576,1
30810,1,0,0.0019006217,0
30811,1,0,0.009232214,0
30812,0,0,0.090092994,1
30813,1,1,0.8446654,1
30814,0,0,0.090494074,1
30815,0,1,1.0,0
30816,1,1,0.99704784,1
30817,1,1,1.0,1
30818,0,0,0.0238936,1
30819,1,0,0.1185891,0
30820,0,1,0.9603612,0
30821,0,0,0.24283355,1
30822,1,1,1.0,1
30823,0,1,0.93189764,0
30824,1,1,0.5788648,1
30825,1,1,0.9991848,1
30826,1,1,1.0,1
30827,0,0,0.09260568,1
30828,1,1,1.0,1
30829,1,1,1.0,1
30830,1,1,0.98768765,1
30831,1,1,0.53236437,1
30832,0,1,0.9999286,0
30833,1,0,0.0017207357,0
30834,1,1,0.84632385,1
30835,0,0,0.02138932,1
30836,0,1,0.41747925,0
30837,0,1,0.4106972,0
30838,0,0,0.10687689,1
30839,1,1,1.0,1
30840,1,1,0.6000712,1
30841,1,1,0.9622143,1
30842,0,1,0.99998856,0
30843,1,1,1.0,1
30844,1,0,0.023939194,0
30845,0,0,0.024330191,1
30846,1,1,0.9649544,1
30847,0,0,0.01569379,1
30848,1,1,1.0,1
30849,0,1,0.9812928,0
30850,1,1,0.96333414,1
30851,1,1,0.9997918,1
30852,1,1,0.9998596,1
30853,1,0,0.18359362,0
30854,0,0,0.3226327,1
30855,1,1,0.7483523,1
30856,1,1,1.0,1
30857,1,1,0.99999917,1
30858,1,1,1.0,1
30859,1,1,1.0,1
30860,1,1,0.99999976,1
30861,0,0,0.28736767,1
30862,1,0,0.09666315,0
30863,0,1,0.817283,0
30864,1,1,1.0,1
30865,0,1,0.99895763,0
30866,1,1,0.6966811,1
30867,1,1,0.51092356,1
30868,0,1,0.77585965,0
30869,1,1,0.99939644,1
30870,1,1,0.9955662,1
30871,0,1,0.37016848,0
30872,0,0,0.18550415,1
30873,0,1,0.98247355,0
30874,0,0,0.036562506,1
30875,0,0,0.3112698,1
30876,0,0,0.05937366,1
30877,1,1,0.9514138,1
30878,1,1,1.0,1
30879,1,1,0.7703784,1
30880,1,1,0.8177201,1
30881,1,1,1.0,1
30882,0,0,0.108377546,1
30883,1,1,0.9999987,1
30884,0,1,0.90878,0
30885,1,1,1.0,1
30886,1,1,1.0,1
30887,1,1,0.99727964,1
30888,1,1,0.9704926,1
30889,1,1,0.99306935,1
30890,0,0,0.23633994,1
30891,1,0,0.16118816,0
30892,0,1,0.9606575,0
30893,0,1,0.99995315,0
30894,1,1,0.97366965,1
30895,1,1,0.99999785,1
30896,0,1,0.47682327,0
30897,1,1,0.5289592,1
30898,1,1,0.48587412,1
30899,1,1,0.9999975,1
30900,0,0,0.030704854,1
30901,1,0,0.08811155,0
30902,1,1,0.9996886,1
30903,1,1,1.0,1
30904,0,0,0.10132237,1
30905,0,1,0.8385476,0
30906,0,1,0.53342783,0
30907,0,0,0.27987766,1
30908,0,1,0.9999949,0
30909,1,1,0.9955662,1
30910,1,0,0.019069158,0
30911,1,0,0.16518871,0
30912,0,0,0.18609506,1
30913,1,1,0.9999988,1
30914,1,0,0.100967236,0
30915,0,0,0.16789973,1
30916,1,1,0.9992446,1
30917,0,1,0.5798763,0
30918,0,1,0.99992,0
30919,0,1,0.99998915,0
30920,1,1,0.99999905,1
30921,1,1,1.0,1
30922,1,1,1.0,1
30923,1,1,1.0,1
30924,1,0,0.047958106,0
30925,1,1,0.9995584,1
30926,1,1,0.8191712,1
30927,1,1,0.9844862,1
30928,1,0,0.33252713,0
30929,0,1,0.42575446,0
30930,0,0,0.016308766,1
30931,0,1,0.7622471,0
30932,0,1,0.9930962,0
30933,0,1,0.9992084,0
30934,1,1,1.0,1
30935,1,1,0.99923277,1
30936,1,0,0.032405518,0
30937,0,0,0.10669061,1
30938,0,0,0.08203305,1
30939,1,1,0.99977034,1
30940,0,0,0.030559864,1
30941,0,1,0.71348155,0
30942,0,0,0.08525123,1
30943,1,1,0.94829834,1
30944,1,1,0.97376966,1
30945,1,0,0.14487322,0
30946,1,1,0.99898773,1
30947,1,0,0.2559941,0
30948,0,0,0.009708477,1
30949,1,1,0.8818186,1
30950,1,0,0.06500874,0
30951,1,0,0.011846234,0
30952,0,0,0.14940722,1
30953,1,1,0.58717394,1
30954,0,1,0.89029425,0
30955,1,1,0.9998005,1
30956,0,0,0.15335886,1
30957,1,1,0.77072376,1
30958,0,1,0.9918595,0
30959,1,1,0.7551859,1
30960,1,1,0.49035764,1
30961,1,0,0.07921033,0
30962,0,1,0.6468507,0
30963,0,1,0.9996567,0
30964,1,1,1.0,1
30965,1,1,0.8882751,1
30966,0,0,0.13869494,1
30967,1,1,0.9999999,1
30968,1,1,0.43140453,1
30969,0,0,0.15974101,1
30970,0,0,0.058560826,1
30971,1,1,0.7940658,1
30972,0,1,0.9390807,0
30973,1,0,0.16105616,0
30974,1,1,0.99975556,1
30975,1,1,0.92495924,1
30976,1,1,1.0,1
30977,0,0,0.015306354,1
30978,1,1,0.9972691,1
30979,1,1,0.99982184,1
30980,0,1,0.35588682,0
30981,1,1,0.99554896,1
30982,1,1,0.77932185,1
30983,1,1,0.86613256,1
30984,0,0,0.12069768,1
30985,1,1,0.99196917,1
30986,1,1,0.9997584,1
30987,0,0,0.17596246,1
30988,1,1,0.99999833,1
30989,0,1,0.9943031,0
30990,1,1,0.99993944,1
30991,1,1,0.99893504,1
30992,0,0,0.043163683,1
30993,1,1,1.0,1
30994,1,0,0.014785409,0
30995,0,1,0.74316806,0
30996,0,1,0.9431384,0
30997,0,0,0.07661468,1
30998,1,0,0.2249055,0
30999,1,1,0.99999976,1
31000,1,1,0.99988174,1
31001,0,1,0.99790895,0
31002,1,1,1.0,1
31003,1,1,0.39256966,1
31004,1,1,0.99036634,1
31005,0,1,0.9999939,0
31006,0,1,0.756942,0
31007,1,1,0.9999584,1
31008,1,1,1.0,1
31009,0,1,0.7740714,0
31010,1,1,0.9263704,1
31011,1,1,0.99828595,1
31012,1,1,1.0,1
31013,0,1,0.99373454,0
31014,0,0,0.3422967,1
31015,1,0,0.13240233,0
31016,1,0,0.24671482,0
31017,0,1,0.99300176,0
31018,1,1,0.86993575,1
31019,0,1,0.8008478,0
31020,1,1,0.8465777,1
31021,0,0,0.23144047,1
31022,0,1,0.9999181,0
31023,0,1,0.93587595,0
31024,1,1,1.0,1
31025,0,1,0.3721058,0
31026,0,1,0.8482194,0
31027,0,1,0.9867517,0
31028,1,1,0.945349,1
31029,1,0,0.047646955,0
31030,1,1,0.9999734,1
31031,0,0,0.11945948,1
31032,0,1,0.996357,0
31033,1,1,0.9985814,1
31034,1,1,1.0,1
31035,1,1,1.0,1
31036,1,1,0.99998796,1
31037,0,0,0.16491956,1
31038,1,1,0.9872528,1
31039,0,1,0.99956685,0
31040,0,1,0.943504,0
31041,0,1,0.6548396,0
31042,1,1,1.0,1
31043,1,0,0.020547435,0
31044,1,0,0.056652427,0
31045,1,1,0.65902126,1
31046,0,0,0.024307016,1
31047,1,1,0.9999999,1
31048,1,1,0.9881765,1
31049,1,1,0.9953544,1
31050,1,1,0.9999387,1
31051,1,0,0.114072114,0
31052,0,0,0.15373966,1
31053,1,1,0.9980882,1
31054,0,1,0.98292196,0
31055,1,1,1.0,1
31056,0,0,0.26015443,1
31057,0,0,0.08819005,1
31058,1,0,0.047074176,0
31059,0,1,1.0,0
31060,0,0,0.04189131,1
31061,1,1,0.9964064,1
31062,0,1,0.99910825,0
31063,1,1,0.9996724,1
31064,0,0,0.24059613,1
31065,0,1,0.9807288,0
31066,0,1,0.6615403,0
31067,0,0,0.008560892,1
31068,0,1,0.9828892,0
31069,0,1,0.99951315,0
31070,1,1,0.9782396,1
31071,1,0,0.0139557095,0
31072,1,1,0.99857306,1
31073,0,0,0.03750274,1
31074,1,1,0.9999813,1
31075,1,1,0.9999999,1
31076,1,1,0.9993525,1
31077,0,1,0.99529994,0
31078,1,1,0.99953544,1
31079,0,1,0.6159545,0
31080,0,0,0.13718534,1
31081,0,1,0.828523,0
31082,0,1,0.9999882,0
31083,0,1,0.95585793,0
31084,1,0,0.18162581,0
31085,1,1,0.9999987,1
31086,1,1,0.99828595,1
31087,0,1,0.45438138,0
31088,1,1,0.3840455,1
31089,1,1,0.99090964,1
31090,0,0,0.15565515,1
31091,1,1,0.9999826,1
31092,1,0,0.009689717,0
31093,0,0,0.14718705,1
31094,1,1,0.68956697,1
31095,0,0,0.10185715,1
31096,0,1,0.9999893,0
31097,0,1,0.99165195,0
31098,1,1,0.99908364,1
31099,1,1,0.9997017,1
31100,1,1,0.9574771,1
31101,1,0,0.017475989,0
31102,1,1,1.0,1
31103,1,0,0.14767805,0
31104,1,1,0.99999976,1
31105,1,1,0.9999372,1
31106,1,1,0.9825575,1
31107,1,1,0.99999094,1
31108,0,0,0.032252766,1
31109,0,0,0.33682168,1
31110,0,0,0.05754622,1
31111,1,1,0.7526495,1
31112,1,1,1.0,1
31113,1,1,0.98324674,1
31114,0,1,0.99989283,0
31115,1,1,0.99994123,1
31116,1,1,1.0,1
31117,1,0,0.010818448,0
31118,1,1,0.6987921,1
31119,0,1,0.60807055,0
31120,1,1,0.80746067,1
31121,1,0,0.13741668,0
31122,1,1,0.9998722,1
31123,1,0,0.25673878,0
31124,0,0,0.038430087,1
31125,1,0,0.33851433,0
31126,1,1,0.99999964,1
31127,0,1,1.0,0
31128,0,1,0.99989486,0
31129,1,0,0.06489012,0
31130,0,0,0.005448068,1
31131,1,1,0.99979335,1
31132,1,1,0.9962126,1
31133,0,0,0.14229147,1
31134,1,1,0.995142,1
31135,1,0,0.26602346,0
31136,1,1,0.9993761,1
31137,1,1,0.99565166,1
31138,1,1,1.0,1
31139,1,0,0.19559407,0
31140,0,1,0.9909972,0
31141,1,1,1.0,1
31142,1,1,0.9999994,1
31143,0,0,0.09560247,1
31144,1,1,1.0,1
31145,1,1,1.0,1
31146,1,1,1.0,1
31147,0,0,0.14223188,1
31148,1,1,1.0,1
31149,1,1,1.0,1
31150,1,1,1.0,1
31151,0,1,0.99995613,0
31152,1,1,0.9999496,1
31153,0,1,0.9746045,0
31154,0,1,0.94728357,0
31155,0,1,0.9999989,0
31156,0,0,0.019662574,1
31157,0,1,0.97889495,0
31158,1,1,0.9999125,1
31159,0,1,0.74172074,0
31160,0,0,0.3450501,1
31161,0,1,0.6799761,0
31162,0,0,0.017342346,1
31163,0,0,0.106597565,1
31164,1,1,0.53382283,1
31165,1,1,1.0,1
31166,1,1,0.9999553,1
31167,0,1,0.8595459,0
31168,0,1,0.9999987,0
31169,0,1,0.99997425,0
31170,1,1,1.0,1
31171,1,1,0.8017807,1
31172,1,1,0.99999964,1
31173,1,0,0.15610489,0
31174,1,1,0.9999968,1
31175,0,1,0.99983966,0
31176,1,1,0.999723,1
31177,1,1,1.0,1
31178,1,1,0.93599313,1
31179,0,0,0.08929564,1
31180,0,1,0.9999995,0
31181,1,1,0.57904345,1
31182,1,1,0.9999194,1
31183,0,0,0.041656762,1
31184,0,0,0.020042615,1
31185,0,0,0.0050407024,1
31186,0,1,0.99995685,0
31187,1,0,0.16899405,0
31188,0,0,0.013584393,1
31189,1,0,0.10493506,0
31190,0,1,0.99977213,0
31191,1,0,0.10017222,0
31192,0,1,0.47025,0
31193,1,1,1.0,1
31194,1,0,0.069289416,0
31195,1,1,0.9995443,1
31196,0,1,0.4880394,0
31197,0,0,0.09756222,1
31198,1,0,0.33377463,0
31199,1,1,0.9860174,1
31200,1,1,0.6512995,1
31201,1,0,0.016246215,0
31202,1,1,0.9987405,1
31203,0,0,0.31875017,1
31204,0,1,0.99677116,0
31205,0,0,0.11436852,1
31206,0,1,0.99984455,0
31207,0,1,0.9729081,0
31208,1,1,0.999908,1
31209,1,1,0.98026204,1
31210,0,0,0.114072114,1
31211,1,0,0.02199022,0
31212,0,1,0.96185756,0
31213,1,1,0.99656373,1
31214,1,1,0.9049869,1
31215,0,0,0.33469814,1
31216,0,1,0.82032555,0
31217,1,1,0.98582757,1
31218,1,0,0.14139993,0
31219,0,1,0.9733675,0
31220,0,0,0.19421494,1
31221,1,1,1.0,1
31222,0,1,0.99998975,0
31223,1,1,0.9339146,1
31224,0,0,0.059646945,1
31225,1,1,0.61114997,1
31226,1,1,0.99999547,1
31227,0,0,0.22609939,1
31228,1,1,0.4001339,1
31229,1,1,0.99769044,1
31230,0,1,0.99999225,0
31231,1,1,0.99620515,1
31232,0,1,0.86339164,0
31233,0,1,0.52561235,0
31234,1,1,0.9507321,1
31235,1,1,0.42936954,1
31236,0,1,0.7060385,0
31237,0,1,0.9330048,0
31238,1,1,1.0,1
31239,1,0,0.09476145,0
31240,1,0,0.14755519,0
31241,0,0,0.065545,1
31242,0,1,0.8554893,0
31243,1,1,0.99999845,1
31244,1,1,1.0,1
31245,1,1,0.98920244,1
31246,0,1,1.0,0
31247,1,1,0.99933714,1
31248,1,1,0.590307,1
31249,0,1,1.0,0
31250,1,1,0.9999558,1
31251,1,0,0.14608724,0
31252,0,1,0.96080494,0
31253,1,1,0.9999962,1
31254,1,1,1.0,1
31255,1,1,0.99999607,1
31256,0,1,0.9455505,0
31257,0,0,0.19314739,1
31258,1,1,1.0,1
31259,0,0,0.1519693,1
31260,1,1,1.0,1
31261,1,1,0.9927672,1
31262,1,1,0.99416876,1
31263,1,1,0.9993761,1
31264,0,0,0.1185891,1
31265,1,1,1.0,1
31266,0,1,0.77210134,0
31267,1,1,0.8659059,1
31268,1,0,0.24050692,0
31269,0,0,0.06500874,1
31270,1,0,0.2451302,0
31271,1,1,0.99998426,1
31272,0,0,0.035914496,1
31273,0,0,0.0074751205,1
31274,0,1,0.59472775,0
31275,1,1,0.5873515,1
31276,0,0,0.029958112,1
31277,1,1,0.9999995,1
31278,0,1,0.49832156,0
31279,1,1,0.99993813,1
31280,0,1,1.0,0
31281,1,1,0.64271283,1
31282,1,1,0.4638085,1
31283,1,1,0.9994023,1
31284,1,1,0.5966095,1
31285,0,0,0.10167862,1
31286,1,1,0.99999845,1
31287,1,1,0.99989283,1
31288,0,1,0.9999999,0
31289,1,1,0.99991107,1
31290,1,1,0.9351099,1
31291,1,0,0.09017308,0
31292,0,1,0.8865187,0
31293,0,1,0.9848984,0
31294,0,1,0.5939037,0
31295,1,1,0.59036595,1
31296,0,1,0.41466177,0
31297,0,1,1.0,0
31298,1,0,0.20633379,0
31299,0,1,0.99998784,0
31300,0,1,0.48489842,0
31301,1,1,0.9999999,1
31302,0,0,0.072177574,1
31303,1,1,0.9999838,1
31304,0,0,0.048271183,1
31305,0,0,0.11436852,1
31306,1,1,0.9993625,1
31307,1,1,0.42865187,1
31308,0,0,0.07928158,1
31309,0,0,0.035779487,1
31310,1,1,0.9974241,1
31311,0,1,0.99999666,0
31312,0,1,0.566738,0
31313,1,1,0.98164797,1
31314,1,1,1.0,1
31315,1,1,0.9999999,1
31316,1,0,0.08811155,0
31317,1,1,0.9719126,1
31318,1,0,0.34466395,0
31319,1,1,1.0,1
31320,1,1,1.0,1
31321,1,0,0.03557789,0
31322,1,1,0.9875683,1
31323,1,1,1.0,1
31324,1,0,0.168583,0
31325,1,0,0.16458358,0
31326,1,1,0.9999993,1
31327,1,1,1.0,1
31328,1,0,0.22380088,0
31329,1,1,0.9801103,1
31330,0,1,0.57349926,0
31331,1,1,0.88252914,1
31332,1,1,0.99803144,1
31333,0,1,0.9999844,0
31334,1,1,1.0,1
31335,0,1,0.9835654,0
31336,0,0,0.09903369,1
31337,0,0,0.20745546,1
31338,0,0,0.054449577,1
31339,0,0,0.041384716,1
31340,0,1,0.9399685,0
31341,0,1,0.42479968,0
31342,1,1,0.3845365,1
31343,0,0,0.17476209,1
31344,1,1,0.99999595,1
31345,1,1,0.9260366,1
31346,0,1,0.8183016,0
31347,1,1,0.9986436,1
31348,1,1,0.9879462,1
31349,1,0,0.14402843,0
31350,0,1,0.7251137,0
31351,0,1,0.3825162,0
31352,0,1,0.99025387,0
31353,0,0,0.13747455,1
31354,0,1,0.37239107,0
31355,0,0,0.3401015,1
31356,0,0,0.295789,1
31357,0,1,0.41762772,0
31358,0,0,0.07606381,1
31359,1,1,0.99999905,1
31360,0,0,0.06447655,1
31361,0,0,0.30393836,1
31362,1,1,1.0,1
31363,1,1,1.0,1
31364,0,1,0.9999863,0
31365,1,1,1.0,1
31366,0,1,0.36364692,0
31367,1,1,0.99994123,1
31368,1,1,0.99983656,1
31369,1,1,0.45525917,1
31370,0,1,0.5143393,0
31371,0,1,0.8611883,0
31372,1,1,0.81375694,1
31373,1,1,0.72841036,1
31374,1,1,1.0,1
31375,1,1,0.9913892,1
31376,1,1,1.0,1
31377,0,1,1.0,0
31378,0,0,0.28611937,1
31379,0,1,0.43866497,0
31380,0,1,0.9827738,0
31381,1,0,0.33252713,0
31382,0,1,0.99346113,0
31383,1,1,0.99999607,1
31384,1,1,1.0,1
31385,1,0,0.22584318,0
31386,1,0,0.14247034,0
31387,0,0,0.30663085,1
31388,1,1,1.0,1
31389,1,1,0.9997695,1
31390,0,1,0.65417707,0
31391,0,0,0.061819322,1
31392,1,1,0.9933201,1
31393,1,1,0.8641959,1
31394,1,1,0.7339766,1
31395,0,1,0.3638164,0
31396,1,0,0.027690258,0
31397,1,0,0.021948252,0
31398,0,0,0.071332,1
31399,1,1,0.9995566,1
31400,1,1,0.99344844,1
31401,1,1,0.9985619,1
31402,1,1,0.5090017,1
31403,1,1,0.5493989,1
31404,1,1,0.70644367,1
31405,1,0,0.07696085,0
31406,1,1,0.9962999,1
31407,1,1,0.9786107,1
31408,1,1,0.98442644,1
31409,1,1,0.943086,1
31410,0,0,0.017045315,1
31411,1,0,0.041656762,0
31412,0,0,0.1584346,1
31413,0,0,0.16059487,1
31414,1,1,0.9408442,1
31415,0,0,0.244363,1
31416,1,0,0.22380088,0
31417,0,1,0.645064,0
31418,0,1,0.8327813,0
31419,0,0,0.18315491,1
31420,1,1,0.9999993,1
31421,1,1,0.41072676,1
31422,1,1,0.99995565,1
31423,0,1,0.50317377,0
31424,0,0,0.3006429,1
31425,0,0,0.2202586,1
31426,1,1,0.99983716,1
31427,0,1,0.9999993,0
31428,1,1,0.99980587,1
31429,0,1,0.99794525,0
31430,1,0,0.12210386,0
31431,1,1,1.0,1
31432,1,1,0.99804676,1
31433,1,1,1.0,1
31434,0,0,0.03541073,1
31435,1,0,0.09645018,0
31436,0,0,0.05394898,1
31437,0,0,0.3404852,1
31438,1,0,0.24135526,0
31439,1,1,0.9462003,1
31440,1,1,0.99985576,1
31441,0,0,0.04012495,1
31442,1,1,1.0,1
31443,0,0,0.053899158,1
31444,0,1,0.70022905,0
31445,1,1,0.83748704,1
31446,1,1,1.0,1
31447,0,0,0.16020033,1
31448,1,1,0.99996996,1
31449,1,1,0.8250265,1
31450,0,1,0.76361597,0
31451,0,1,0.92703366,0
31452,0,0,0.33867836,1
31453,0,0,0.043731883,1
31454,1,1,0.99998736,1
31455,1,1,0.97280496,1
31456,0,0,0.12863456,1
31457,1,1,0.78423643,1
31458,0,1,0.99965465,0
31459,0,1,0.39907953,0
31460,1,1,1.0,1
31461,0,0,0.10650459,1
31462,1,1,1.0,1
31463,0,1,0.99611557,0
31464,1,1,0.99972624,1
31465,1,1,0.99996936,1
31466,1,1,0.99999356,1
31467,1,1,0.9999887,1
31468,1,1,0.99567693,1
31469,0,0,0.18579942,1
31470,1,1,0.5343088,1
31471,0,1,0.9998585,0
31472,0,0,0.032344334,1
31473,0,0,0.11417084,1
31474,1,1,0.8308688,1
31475,0,0,0.2766905,1
31476,0,1,0.5518153,0
31477,1,1,0.96062064,1
31478,1,1,0.99988675,1
31479,0,0,0.042127114,1
31480,0,1,0.930395,0
31481,1,0,0.33917066,0
31482,1,1,0.98544043,1
31483,0,0,0.059101548,1
31484,1,0,0.051462766,0
31485,1,0,0.023109278,0
31486,1,1,0.9999995,1
31487,0,1,0.9718593,0
31488,0,1,0.49133387,0
31489,0,0,0.31599978,1
31490,1,1,0.9943251,1
31491,0,0,0.2802715,1
31492,0,0,0.27270195,1
31493,1,1,0.99997723,1
31494,1,1,0.9999925,1
31495,1,1,1.0,1
31496,1,0,0.08601587,0
31497,1,0,0.20426252,0
31498,0,0,0.19276717,1
31499,0,1,0.99999976,0
31500,1,0,0.22695492,0
31501,0,1,0.99993813,0
31502,0,0,0.21493848,1
31503,0,0,0.021267017,1
31504,0,0,0.0689125,1
31505,1,1,1.0,1
31506,1,1,0.9999999,1
31507,1,1,0.98667485,1
31508,0,1,0.8269914,0
31509,1,1,0.9975986,1
31510,1,0,0.23423143,0
31511,1,1,0.99941504,1
31512,1,1,0.9906781,1
31513,1,1,1.0,1
31514,1,1,0.56505877,1
31515,1,1,0.99999857,1
31516,1,0,0.024940254,0
31517,1,1,1.0,1
31518,1,1,1.0,1
31519,1,1,0.9986142,1
31520,0,0,0.053700306,1
31521,0,1,0.99903214,0
31522,1,1,0.8967949,1
31523,1,1,0.9989818,1
31524,0,0,0.120438814,1
31525,1,1,0.9729081,1
31526,1,1,1.0,1
31527,0,0,0.06319269,1
31528,1,1,0.9996673,1
31529,1,0,0.15921742,0
31530,1,1,0.99935883,1
31531,0,0,0.31184584,1
31532,0,1,0.9998894,0
31533,1,1,0.99988806,1
31534,1,1,0.99998856,1
31535,1,1,1.0,1
31536,1,1,0.9991491,1
31537,1,1,0.9999999,1
31538,1,1,0.9995035,1
31539,1,0,0.04624881,0
31540,0,1,0.39925522,0
31541,1,0,0.3415825,0
31542,1,1,0.5094593,1
31543,0,1,0.99965537,0
31544,0,1,0.41507664,0
31545,1,1,1.0,1
31546,0,1,0.9999864,0
31547,1,1,0.50689656,1
31548,1,1,1.0,1
31549,0,1,0.39047587,0
31550,1,1,0.92736334,1
31551,1,1,0.95791227,1
31552,0,1,0.9956262,0
31553,0,1,0.98122096,0
31554,1,1,0.99999785,1
31555,0,1,0.98657167,0
31556,1,1,1.0,1
31557,1,1,0.9999981,1
31558,0,0,0.12463858,1
31559,1,1,0.9505947,1
31560,0,1,0.82893884,0
31561,1,1,1.0,1
31562,1,1,0.87472075,1
31563,0,1,0.99997187,0
31564,0,1,0.9999995,0
31565,1,1,0.9999664,1
31566,1,0,0.063773274,0
31567,0,1,0.6426007,0
31568,1,1,0.9999379,1
31569,1,1,0.52165395,1
31570,0,0,0.023219766,1
31571,1,1,1.0,1
31572,1,1,0.9352283,1
31573,0,1,0.9999888,0
31574,1,1,0.99381906,1
31575,0,0,0.032589745,1
31576,1,1,0.9989225,1
31577,1,1,0.9999999,1
31578,0,1,0.999731,0
31579,1,1,1.0,1
31580,1,1,0.9999999,1
31581,1,1,1.0,1
31582,1,0,0.13454832,0
31583,0,1,0.9991424,0
31584,1,0,0.2985425,0
31585,0,1,0.90105337,0
31586,1,1,0.99995375,1
31587,0,0,0.11526177,1
31588,1,0,0.05350215,0
31589,1,1,0.999539,1
31590,1,1,0.9999999,1
31591,0,1,0.8413048,0
31592,0,0,0.038321972,1
31593,1,0,0.106411695,0
31594,1,1,0.9996493,1
31595,1,1,0.9983802,1
31596,0,1,0.6856864,0
31597,0,0,0.1765296,1
31598,1,1,1.0,1
31599,1,1,0.70987463,1
31600,1,1,0.59825355,1
31601,1,1,0.99999,1
31602,1,1,0.9985869,1
31603,1,0,0.20118472,0
31604,0,1,0.59125125,0
31605,1,1,0.9989309,1
31606,1,1,0.6980722,1
31607,1,1,0.9986541,1
31608,1,1,1.0,1
31609,1,1,0.82032555,1
31610,1,1,0.99999976,1
31611,1,1,1.0,1
31612,1,0,0.12819736,0
31613,1,0,0.10687689,0
31614,1,1,1.0,1
31615,0,1,0.99936,0
31616,0,1,0.59854686,0
31617,0,0,0.17441027,1
31618,0,1,0.89956343,0
31619,0,1,0.9871044,0
31620,1,0,0.085632786,0
31621,0,1,0.99972516,0
31622,1,1,1.0,1
31623,0,1,0.9752254,0
31624,1,1,1.0,1
31625,1,1,0.99999964,1
31626,1,0,0.07558479,0
31627,1,1,1.0,1
31628,1,1,0.99997115,1
31629,0,1,0.9999989,0
31630,0,0,0.029901406,1
31631,0,1,0.976513,0
31632,1,1,0.50970334,1
31633,1,1,1.0,1
31634,0,1,0.9979888,0
31635,1,1,0.9994035,1
31636,1,1,0.9116528,1
31637,1,1,0.9996111,1
31638,0,1,0.9649544,0
31639,1,1,0.99903214,1
31640,1,1,0.9999981,1
31641,1,1,0.9999987,1
31642,0,1,0.60539085,0
31643,0,0,0.02732453,1
31644,0,1,0.43590152,0
31645,1,1,0.99921143,1
31646,0,0,0.07758752,1
31647,1,0,0.26095405,0
31648,1,1,0.98272413,1
31649,1,1,0.99956006,1
31650,1,0,0.13000904,0
31651,1,1,0.9997187,1
31652,0,1,0.97719735,0
31653,0,0,0.0876419,1
31654,0,1,0.45947024,0
31655,0,1,0.98096734,0
31656,1,1,0.99816847,1
31657,1,0,0.018264279,0
31658,1,1,0.47657967,1
31659,1,1,0.99999213,1
31660,0,1,0.81257004,0
31661,1,1,0.9969957,1
31662,0,0,0.23274586,1
31663,0,0,0.02663241,1
31664,0,1,0.98445636,0
31665,1,1,0.999894,1
31666,1,1,1.0,1
31667,0,1,0.3725623,0
31668,0,1,0.9882902,0
31669,1,1,0.99999404,1
31670,0,1,0.45604634,0
31671,0,1,0.9999933,0
31672,1,1,0.5636182,1
31673,1,1,0.97455615,1
31674,1,1,0.9999931,1
31675,1,1,0.95275027,1
31676,0,1,0.37387583,0
31677,0,0,0.106411695,1
31678,0,0,0.00024062474,1
31679,0,1,0.6006569,0
31680,1,1,0.99999416,1
31681,0,0,0.1164622,1
31682,1,1,0.9993625,1
31683,1,1,0.89733595,1
31684,0,1,0.9944343,0
31685,1,1,0.99999857,1
31686,0,0,0.15649123,1
31687,1,1,1.0,1
31688,0,0,0.34180218,1
31689,0,1,0.99693066,0
31690,0,1,0.9980354,0
31691,0,0,0.19674903,1
31692,0,1,0.99987805,0
31693,0,0,0.020645931,1
31694,0,1,0.78833884,0
31695,0,0,0.033054754,1
31696,0,1,0.9735694,0
31697,1,0,0.15863001,0
31698,1,1,0.9999931,1
31699,0,1,0.595669,0
31700,0,1,0.99883956,0
31701,0,1,0.6933173,0
31702,1,1,1.0,1
31703,1,1,0.99999976,1
31704,1,0,0.035846926,0
31705,1,1,1.0,1
31706,1,1,0.45631894,1
31707,1,1,0.98007214,1
31708,1,1,1.0,1
31709,0,1,0.96084166,0
31710,1,1,0.990732,1
31711,1,1,1.0,1
31712,0,1,0.8394709,0
31713,1,1,0.9999974,1
31714,1,1,0.9998996,1
31715,0,1,0.6637234,0
31716,0,1,0.7103772,0
31717,0,1,0.7282171,0
31718,0,1,0.47706687,0
31719,0,1,0.99996054,0
31720,0,1,0.7518304,0
31721,1,1,0.99999845,1
31722,1,1,1.0,1
31723,0,0,0.30819023,1
31724,1,1,0.71913713,1
31725,1,0,0.111337796,0
31726,1,1,0.9899282,1
31727,1,1,0.767167,1
31728,1,1,1.0,1
31729,1,1,1.0,1
31730,1,0,0.22772686,0
31731,0,0,0.086323485,1
31732,1,1,0.99987316,1
31733,1,1,0.99997604,1
31734,1,1,0.9999995,1
31735,1,1,0.79534036,1
31736,1,1,0.99944395,1
31737,0,1,0.5374663,0
31738,1,0,0.13875328,0
31739,1,1,0.9914722,1
31740,0,0,0.16721867,1
31741,1,1,0.99998534,1
31742,1,1,1.0,1
31743,1,1,1.0,1
31744,1,0,0.26175526,0
31745,1,1,0.82573026,1
31746,1,1,0.88483775,1
31747,0,1,1.0,0
31748,1,0,0.054349106,0
31749,0,1,0.48017398,0
31750,1,1,0.9999943,1
31751,1,1,0.6249232,1
31752,1,1,1.0,1
31753,1,0,0.16304526,0
31754,1,1,0.99993026,1
31755,0,0,0.15713686,1
31756,1,1,0.99999976,1
31757,0,0,0.2698063,1
31758,1,1,0.9998722,1
31759,1,1,0.9999758,1
31760,0,1,0.4756053,0
31761,0,0,0.27250826,1
31762,0,0,0.26874945,1
31763,0,0,0.14897339,1
31764,0,1,0.52116656,0
31765,1,1,0.7888273,1
31766,0,1,0.96538115,0
31767,1,1,0.5691942,1
31768,1,1,1.0,1
31769,1,1,1.0,1
31770,0,0,0.10511863,1
31771,1,1,0.5343695,1
31772,1,1,0.9147487,1
31773,1,1,0.96102494,1
31774,0,0,0.22524613,1
31775,1,1,1.0,1
31776,0,1,0.4527779,0
31777,1,1,1.0,1
31778,0,0,0.026506122,1
31779,0,1,0.99999964,0
31780,0,1,0.9999958,0
31781,1,1,0.99994504,1
31782,0,1,0.6439453,0
31783,0,1,0.9999212,0
31784,0,1,1.0,0
31785,0,0,0.291737,1
31786,1,1,0.997414,1
31787,1,1,0.92121595,1
31788,0,0,0.025957359,1
31789,0,1,0.80639565,0
31790,0,0,0.32584226,1
31791,1,1,0.5260384,1
31792,0,1,0.9941801,0
31793,1,0,0.0054059,0
31794,0,0,0.011179601,1
31795,0,0,0.059866417,1
31796,0,1,0.88463855,0
31797,0,1,0.7692537,0
31798,1,1,0.9330048,1
31799,1,1,0.99994075,1
31800,0,1,0.68956697,0
31801,0,0,0.07626997,1
31802,1,1,0.99999845,1
31803,0,0,0.073098525,1
31804,0,1,0.9999974,0
31805,1,1,0.9998809,1
31806,0,1,0.73278314,0
31807,1,1,0.9990582,1
31808,0,1,0.99964654,0
31809,0,1,0.5049437,0
31810,0,0,0.12054232,1
31811,1,1,0.99986756,1
31812,1,1,0.99999917,1
31813,0,0,0.21601154,1
31814,1,1,0.79865825,1
31815,1,1,0.9999249,1
31816,0,1,0.90473473,0
31817,0,1,0.69735134,0
31818,1,1,0.9964551,1
31819,1,1,0.99968433,1
31820,1,0,0.19337577,0
31821,1,0,0.029873094,0
31822,0,0,0.0008072305,1
31823,0,1,0.4781633,0
31824,1,1,0.9999951,1
31825,1,0,0.0028952137,0
31826,1,1,0.9999901,1
31827,0,0,0.13753247,1
31828,1,1,0.37860265,1
31829,0,0,0.22507577,1
31830,1,0,0.12581532,0
31831,1,1,0.97999567,1
31832,1,1,0.7032948,1
31833,1,1,1.0,1
31834,1,1,1.0,1
31835,0,0,0.010308209,1
31836,1,1,0.7622471,1
31837,1,1,0.37347588,1
31838,1,1,0.9999138,1
31839,1,1,0.99944824,1
31840,0,0,0.18772759,1
31841,0,0,0.092359796,1
31842,0,1,0.57320064,0
31843,1,1,0.998147,1
31844,0,0,0.3290143,1
31845,1,1,0.99998057,1
31846,1,1,0.98720354,1
31847,0,1,0.7320175,0
31848,1,1,0.9759235,1
31849,1,1,0.35125545,1
31850,1,1,1.0,1
31851,1,1,0.47950366,1
31852,0,0,0.053551625,1
31853,0,1,0.47993022,0
31854,1,1,0.926237,1
31855,1,1,0.9999974,1
31856,0,1,0.6715244,0
31857,0,0,0.10017222,1
31858,1,1,1.0,1
31859,1,1,0.9993424,1
31860,1,1,1.0,1
31861,0,0,0.29380956,1
31862,0,1,0.962462,0
31863,1,1,0.38798013,1
31864,1,1,0.99999964,1
31865,0,0,0.13580413,1
31866,0,0,0.07376295,1
31867,1,1,0.9394706,1
31868,1,1,0.99956864,1
31869,0,0,0.031618766,1
31870,1,1,0.9684709,1
31871,0,1,0.9995497,0
31872,0,0,0.22893131,1
31873,1,1,0.99999523,1
31874,1,1,0.6916536,1
31875,1,0,0.24999616,0
31876,1,1,0.999998,1
31877,0,1,0.9927812,0
31878,0,0,0.17866908,1
31879,1,1,0.9992592,1
31880,0,1,0.9999993,0
31881,0,1,0.959001,0
31882,0,1,0.93980294,0
31883,0,1,0.5061032,0
31884,0,1,0.9459013,0
31885,0,1,0.7123823,0
31886,0,0,0.15707219,1
31887,1,0,0.1442091,0
31888,1,1,0.563438,1
31889,0,1,0.4003097,0
31890,1,1,0.999998,1
31891,0,0,0.021574067,1
31892,1,1,0.7926248,1
31893,1,1,0.9653158,1
31894,0,1,0.9999999,0
31895,1,0,0.25215378,0
31896,0,0,0.13980691,1
31897,1,1,0.76594365,1
31898,1,1,0.99656373,1
31899,1,0,0.1979091,0
31900,1,0,0.03915837,0
31901,0,1,0.48718542,0
31902,1,1,0.9997918,1
31903,0,1,0.9404078,0
31904,1,1,0.99999774,1
31905,1,1,0.9997757,1
31906,0,0,0.0067058485,1
31907,1,1,0.9310248,1
31908,1,1,0.60981464,1
31909,1,1,0.99999774,1
31910,1,1,0.99999976,1
31911,1,1,0.5268297,1
31912,0,1,0.7238466,0
31913,1,1,1.0,1
31914,1,1,0.9920466,1
31915,0,1,0.99983525,0
31916,1,1,0.9999993,1
31917,1,1,0.9999331,1
31918,1,1,0.7013552,1
31919,1,0,0.0553617,0
31920,0,0,0.31515607,1
31921,1,1,1.0,1
31922,0,1,0.6757111,0
31923,1,1,0.99999964,1
31924,0,0,0.28437722,1
31925,0,0,0.24499467,1
31926,1,1,1.0,1
31927,1,1,0.9837225,1
31928,1,0,0.18068421,0
31929,1,1,0.9144437,1
31930,0,1,0.991339,0
31931,1,1,1.0,1
31932,1,1,0.47974744,1
31933,1,0,0.006463138,0
31934,1,1,0.54988235,1
31935,0,1,0.5665582,0
31936,0,1,0.99999297,0
31937,0,1,0.99776125,0
31938,1,1,1.0,1
31939,0,1,0.51519305,0
31940,1,1,0.81331253,1
31941,1,1,0.99999774,1
31942,0,0,0.015723988,1
31943,1,1,0.9998932,1
31944,0,1,0.9999422,0
31945,0,0,0.05075239,1
31946,1,0,0.16906263,0
31947,1,1,0.9999155,1
31948,1,1,1.0,1
31949,0,0,0.080574244,1
31950,1,1,0.9919848,1
31951,1,1,0.9996026,1
31952,0,0,0.046942927,1
31953,1,1,0.74139327,1
31954,0,1,0.80348235,0
31955,0,0,0.08336651,1
31956,1,1,0.9996705,1
31957,0,1,0.9064877,0
31958,0,1,0.5976079,0
31959,1,1,0.99803144,1
31960,0,0,0.11235639,1
31961,1,1,0.9982351,1
31962,0,1,0.76339555,0
31963,1,1,1.0,1
31964,0,0,0.09178833,1
31965,1,1,1.0,1
31966,1,1,0.99999976,1
31967,1,1,0.9594213,1
31968,0,1,0.65638304,0
31969,0,1,0.8200375,0
31970,1,1,1.0,1
31971,1,0,0.09285216,0
31972,1,1,1.0,1
31973,1,1,1.0,1
31974,0,0,0.055566337,1
31975,0,0,0.08299413,1
31976,1,1,0.8372211,1
31977,1,1,0.99998105,1
31978,0,1,0.8191712,0
31979,1,1,1.0,1
31980,1,1,0.9742149,1
31981,1,1,0.8831352,1
31982,1,1,0.9999975,1
31983,0,1,0.99945897,0
31984,0,1,0.9959378,0
31985,1,1,1.0,1
31986,1,1,0.99999,1
31987,0,0,0.0061094104,1
31988,1,0,0.15674922,0
31989,0,1,0.5041503,0
31990,0,0,0.18017878,1
31991,0,0,0.06136777,1
31992,1,1,0.6735676,1
31993,0,1,0.9964825,0
31994,1,1,0.8710367,1
31995,0,0,0.10212547,1
31996,1,1,1.0,1
31997,0,1,0.9123581,0
31998,1,1,1.0,1
31999,1,0,0.0062291576,0
32000,1,1,1.0,1
32001,0,0,0.08028533,1
32002,1,0,0.17189364,0
32003,1,1,1.0,1
32004,1,1,0.9132906,1
32005,0,1,0.9999982,0
32006,1,1,1.0,1
32007,1,1,1.0,1
32008,1,1,1.0,1
32009,0,0,0.18787654,1
32010,1,1,0.83748704,1
32011,1,1,1.0,1
32012,0,0,0.1565557,1
32013,0,0,0.28180072,1
32014,0,1,0.99998856,0
32015,1,1,1.0,1
32016,0,0,0.27732617,1
32017,1,1,0.9997998,1
32018,1,1,0.52877676,1
32019,0,0,0.07323097,1
32020,1,1,0.99135584,1
32021,0,1,0.99996877,0
32022,1,1,0.99983394,1
32023,0,0,0.16586316,1
32024,0,0,0.20228556,1
32025,1,1,1.0,1
32026,1,1,0.99999964,1
32027,1,0,0.21411571,0
32028,1,1,0.96964204,1
32029,1,1,0.999884,1
32030,0,0,0.20394525,1
32031,0,0,0.03615194,1
32032,0,1,0.9951609,0
32033,1,0,0.3343177,0
32034,1,0,0.09568695,0
32035,0,0,0.34054002,1
32036,0,0,0.007815888,1
32037,1,1,0.99998486,1
32038,1,1,0.9999858,1
32039,0,1,0.99227446,0
32040,1,1,0.9994081,1
32041,1,1,1.0,1
32042,1,1,0.9811849,1
32043,0,1,0.8240375,0
32044,1,1,0.99830914,1
32045,0,1,0.40936837,0
32046,0,1,0.85452086,0
32047,1,1,0.99839276,1
32048,1,0,0.018815093,0
32049,1,0,0.031143833,0
32050,0,0,0.2972659,1
32051,0,0,0.09451042,1
32052,1,1,1.0,1
32053,0,0,0.10365786,1
32054,1,1,0.9984692,1
32055,1,1,0.9986594,1
32056,1,0,0.050051305,0
32057,0,1,0.9608783,0
32058,0,0,0.004093958,1
32059,0,0,0.09764823,1
32060,1,0,0.12852515,0
32061,1,0,0.022715757,0
32062,0,1,0.645064,0
32063,1,1,0.99999785,1
32064,1,1,0.9999995,1
32065,0,1,0.86601925,0
32066,1,1,0.99153805,1
32067,0,1,0.4477923,0
32068,0,0,0.034358688,1
32069,0,0,0.29971972,1
32070,0,1,0.998606,0
32071,0,1,0.974018,0
32072,1,1,0.9994777,1
32073,0,1,0.99959,0
32074,0,1,0.9941233,0
32075,1,1,1.0,1
32076,1,0,0.015014747,0
32077,1,1,0.9883802,1
32078,0,1,0.76180446,0
32079,1,1,0.99219924,1
32080,1,1,0.7323526,1
32081,1,0,0.24409263,0
32082,1,0,0.06359858,0
32083,0,0,0.098946586,1
32084,0,0,0.03289904,1
32085,0,0,0.32215267,1
32086,1,0,0.025711589,0
32087,0,0,0.00932197,1
32088,1,1,0.9999814,1
32089,0,1,0.72189033,0
32090,1,1,0.82460326,1
32091,1,1,0.7251137,1
32092,0,0,0.2155158,1
32093,0,0,0.21967211,1
32094,1,1,0.6949759,1
32095,1,1,1.0,1
32096,1,1,0.99990463,1
32097,0,0,0.040692955,1
32098,1,1,1.0,1
32099,1,1,0.9968945,1
32100,0,0,0.2941136,1
32101,1,1,0.8631611,1
32102,1,0,0.13034077,0
32103,1,1,1.0,1
32104,0,1,0.9687676,0
32105,1,1,0.9921233,1
32106,0,0,0.044265874,1
32107,1,1,0.962356,1
32108,1,1,0.99998367,1
32109,1,1,0.99999964,1
32110,0,1,0.9993135,0
32111,1,1,0.61132395,1
32112,0,0,0.097734325,1
32113,0,0,0.12426614,1
32114,1,0,0.116261385,0
32115,0,0,0.027169233,1
32116,1,1,0.9971161,1
32117,0,1,0.40824726,0
32118,0,1,0.94781744,0
32119,0,0,0.15817434,1
32120,0,1,0.9994253,0
32121,1,1,0.99937004,1
32122,1,1,0.9971439,1
32123,0,1,0.9999969,0
32124,1,1,0.98173577,1
32125,1,1,0.79549927,1
32126,1,1,1.0,1
32127,0,1,0.6791255,0
32128,1,1,0.99998724,1
32129,1,0,0.048405956,0
32130,0,0,0.02199022,1
32131,1,1,1.0,1
32132,0,0,0.09170697,1
32133,0,0,0.34086904,1
32134,0,0,0.34444347,1
32135,0,0,0.030938227,1
32136,1,1,0.87873113,1
32137,0,1,0.9006172,0
32138,1,0,0.32188618,0
32139,0,0,0.024053553,1
32140,1,1,0.9971607,1
32141,0,0,0.015218292,1
32142,0,0,0.09518112,1
32143,1,1,0.9999982,1
32144,1,1,0.4689122,1
32145,0,0,0.044973567,1
32146,0,1,0.99999046,0
32147,1,1,0.86385167,1
32148,1,1,0.9999577,1
32149,1,1,0.7816641,1
32150,1,1,0.99999404,1
32151,1,0,0.12581532,0
32152,1,1,0.75119215,1
32153,0,0,0.009955651,1
32154,0,0,0.0070801177,1
32155,0,1,0.99792516,0
32156,1,0,0.25711167,0
32157,1,1,0.9999995,1
32158,1,1,0.9999572,1
32159,1,1,0.99988365,1
32160,1,1,0.90582335,1
32161,0,1,0.76795095,0
32162,1,0,0.058292214,0
32163,0,1,0.99760324,0
32164,1,1,1.0,1
32165,1,1,0.6823092,1
32166,0,1,0.99869555,0
32167,1,0,0.18374003,0
32168,1,1,0.9712657,1
32169,1,1,0.99991345,1
32170,1,1,0.9990283,1
32171,1,1,0.99308276,1
32172,0,0,0.07751766,1
32173,0,0,0.07250525,1
32174,1,1,1.0,1
32175,0,0,0.2741084,1
32176,0,1,0.91367656,0
32177,0,1,0.9997508,0
32178,1,0,0.06244529,0
32179,0,1,0.9291196,0
32180,1,1,0.9998965,1
32181,0,0,0.011136501,1
32182,0,0,0.13000904,1
32183,0,0,0.118385084,1
32184,1,0,0.15140381,0
32185,1,0,0.014957087,0
32186,0,1,0.9948403,0
32187,1,1,0.99978846,1
32188,0,0,0.025226824,1
32189,1,1,1.0,1
32190,0,1,0.9316493,0
32191,1,0,0.14294825,0
32192,0,0,0.15947905,1
32193,0,0,0.19667186,1
32194,0,0,0.06278921,1
32195,1,0,0.16844618,0
32196,1,0,0.009689717,0
32197,0,0,0.32514542,1
32198,0,1,0.99764496,0
32199,0,1,0.8418256,0
32200,0,0,0.29294914,1
32201,1,0,0.11075938,0
32202,1,0,0.3188032,0
32203,0,0,0.20737517,1
32204,0,1,0.42468038,0
32205,1,1,0.99787605,1
32206,1,1,0.99995613,1
32207,1,1,0.9999633,1
32208,0,1,0.8697146,0
32209,0,0,0.083441176,1
32210,1,1,0.99997187,1
32211,0,1,0.99914575,0
32212,1,0,0.0279544,0
32213,0,1,0.9995054,0
32214,1,1,0.9999435,1
32215,1,0,0.084947094,0
32216,0,0,0.3011565,1
32217,1,1,0.9970708,1
32218,1,1,1.0,1
32219,1,0,0.033589505,0
32220,0,0,0.14487322,1
32221,0,0,0.2271263,1
32222,0,1,0.432303,0
32223,1,1,0.9999043,1
32224,0,0,0.245085,1
32225,1,0,0.23239724,0
32226,1,1,0.999977,1
32227,0,0,0.019419348,1
32228,0,0,0.16865148,1
32229,1,1,0.999941,1
32230,0,0,0.19845225,1
32231,1,0,0.2786492,0
32232,0,1,0.9961606,0
32233,0,0,0.19806418,1
32234,1,0,0.30756596,0
32235,1,1,0.9996451,1
32236,0,1,0.9516839,0
32237,0,0,0.34246156,1
32238,0,1,0.84156543,0
32239,1,1,1.0,1
32240,1,1,0.9999975,1
32241,1,0,0.20212801,0
32242,1,1,0.998662,1
32243,1,1,0.9990978,1
32244,0,0,0.115960725,1
32245,1,1,0.9761519,1
32246,0,1,0.58154076,0
32247,0,1,0.97691274,0
32248,0,0,0.015218292,1
32249,1,1,1.0,1
32250,1,1,1.0,1
32251,1,1,0.9999956,1
32252,1,0,0.28071496,0
32253,1,0,0.011353655,0
32254,1,1,0.9997677,1
32255,0,0,0.0415011,1
32256,1,1,0.9392481,1
32257,1,0,0.09534946,0
32258,1,0,0.07230849,0
32259,1,0,0.07030384,0
32260,0,1,0.93622667,0
32261,1,0,0.023308529,0
32262,1,1,1.0,1
32263,0,1,0.7116815,0
32264,0,0,0.074432954,1
32265,0,0,0.15234725,1
32266,0,1,0.82460326,0
32267,1,1,0.99977833,1
32268,1,1,0.8264319,1
32269,0,0,0.2604835,1
32270,1,1,0.999795,1
32271,0,0,0.15533453,1
32272,0,1,0.99999595,0
32273,0,1,0.9977437,0
32274,1,1,0.9924666,1
32275,1,1,0.999998,1
32276,0,1,0.6613216,0
32277,1,1,0.99935883,1
32278,0,1,0.9984542,0
32279,1,1,0.40533105,1
32280,0,0,0.051749542,1
32281,1,1,0.9999999,1
32282,0,1,0.99447733,0
32283,1,1,0.9999995,1
32284,1,1,0.9999989,1
32285,1,1,0.98518616,1
32286,0,1,0.9970708,0
32287,0,1,0.7826625,0
32288,1,1,0.9632651,1
32289,0,1,0.7557272,0
32290,1,1,1.0,1
32291,0,0,0.08834723,1
32292,0,1,0.5946689,0
32293,0,1,0.9976859,0
32294,0,0,0.028571244,1
32295,0,0,0.19337577,1
32296,1,0,0.0030813636,0
32297,1,1,0.9997876,1
32298,0,0,0.008694533,1
32299,0,0,0.12857984,1
32300,1,1,0.9999994,1
32301,1,1,0.9996686,1
32302,0,1,0.9896918,0
32303,0,1,0.9999999,0
32304,0,0,0.10221505,1
32305,0,1,0.9658352,0
32306,1,1,0.9995073,1
32307,1,1,0.97009856,1
32308,1,1,0.9999982,1
32309,1,1,0.9999249,1
32310,0,0,0.05103542,1
32311,1,1,0.99867237,1
32312,1,1,1.0,1
32313,1,1,1.0,1
32314,1,1,0.9798227,1
32315,0,0,0.046076808,1
32316,0,0,0.03541073,1
32317,0,1,0.49987793,0
32318,0,1,0.99711037,0
32319,0,0,0.03775027,1
32320,0,0,0.0586686,1
32321,1,0,0.05899303,0
32322,1,1,0.9401336,1
32323,0,1,0.5867596,0
32324,1,1,0.99996936,1
32325,1,0,0.0140907345,0
32326,0,0,0.047602654,1
32327,1,1,0.99999964,1
32328,1,0,0.04468087,0
32329,1,1,1.0,1
32330,1,1,0.4288014,1
32331,0,1,0.7719295,0
32332,1,1,0.9998697,1
32333,1,0,0.09492911,0
32334,0,0,0.021781173,1
32335,0,0,0.050283972,1
32336,1,1,0.9218515,1
32337,1,1,0.9999999,1
32338,0,0,0.113383114,1
32339,1,0,0.022435622,0
32340,1,1,0.999905,1
32341,0,1,0.99591404,0
32342,1,1,0.36954254,1
32343,0,1,0.9999311,0
32344,1,1,1.0,1
32345,1,1,0.687997,1
32346,1,1,1.0,1
32347,1,0,0.047249712,0
32348,1,1,0.99324185,1
32349,0,0,0.003907215,1
32350,1,1,0.99729556,1
32351,0,0,0.1454185,1
32352,0,0,0.124053754,1
32353,0,1,0.7123823,0
32354,1,1,0.9999982,1
32355,1,1,0.9999999,1
32356,1,0,0.10622612,0
32357,1,1,0.532182,1
32358,0,0,0.03704717,1
32359,0,1,0.42199835,0
32360,1,0,0.008813166,0
32361,1,1,0.9406263,1
32362,0,1,0.80837,0
32363,0,0,0.094426885,1
32364,0,1,0.9161096,0
32365,0,0,0.20874292,1
32366,1,1,0.99969935,1
32367,0,1,0.99966,0
32368,0,1,0.99999905,0
32369,1,1,0.98225373,1
32370,0,1,0.9221325,0
32371,1,1,0.7239442,1
32372,0,1,0.9590777,0
32373,1,1,0.994292,1
32374,1,1,1.0,1
32375,0,0,0.3088152,1
32376,0,1,0.88582915,0
32377,1,0,0.086323485,0
32378,0,0,0.024330191,1
32379,0,0,0.09696201,1
32380,1,1,1.0,1
32381,1,1,0.9996679,1
32382,1,1,1.0,1
32383,0,1,0.92847365,0
32384,0,0,0.07198163,1
32385,1,1,0.8508408,1
32386,0,1,0.42682916,0
32387,0,0,0.16885696,1
32388,0,1,0.9991474,0
32389,1,1,0.723456,1
32390,1,1,0.99995637,1
32391,1,1,0.82824534,1
32392,1,0,0.11269772,0
32393,1,1,0.4145729,1
32394,1,0,0.25720495,0
32395,0,1,0.73278314,0
32396,1,1,0.94468933,1
32397,1,1,1.0,1
32398,1,0,0.25192368,0
32399,0,0,0.30326733,1
32400,0,0,0.16324526,1
32401,0,1,0.9119669,0
32402,0,1,0.43551135,0
32403,0,0,0.24671482,1
32404,1,1,0.8429925,1
32405,0,0,0.24644268,1
32406,1,1,0.99999034,1
32407,1,1,0.9729595,1
32408,0,1,0.9999888,0
32409,0,1,0.5415907,0
32410,1,0,0.32284617,0
32411,0,1,0.45081267,0
32412,0,0,0.28472516,1
32413,0,1,0.62515205,0
32414,0,0,0.048271183,1
32415,1,1,0.98862445,1
32416,0,0,0.030014923,1
32417,1,1,0.45950052,1
32418,1,1,0.90747637,1
32419,1,1,0.36263058,1
32420,1,0,0.08284563,0
32421,0,0,0.05802475,1
32422,0,1,0.9646559,0
32423,0,0,0.035310794,1
32424,1,1,1.0,1
32425,0,1,0.6980722,0
32426,1,1,0.9991391,1
32427,0,0,0.0793529,1
32428,0,1,0.99998844,0
32429,0,1,0.9999745,0
32430,0,0,0.2978783,1
32431,1,1,0.9999491,1
32432,1,1,0.9985814,1
32433,1,0,0.10123348,0
32434,1,1,0.99999046,1
32435,1,1,0.99297464,1
32436,0,0,0.23379381,1
32437,0,0,0.10753115,1
32438,1,1,0.9998074,1
32439,0,0,0.09696201,1
32440,1,0,0.051130094,0
32441,0,1,0.49276784,0
32442,1,1,0.9999994,1
32443,1,0,0.0019043302,0
32444,0,1,0.7620701,0
32445,0,0,0.015998371,1
32446,1,0,0.0882686,0
32447,1,1,1.0,1
32448,1,0,0.2331821,0
32449,0,1,1.0,0
32450,1,1,1.0,1
32451,1,1,0.99921453,1
32452,1,1,0.99762183,1
32453,1,0,0.13747455,0
32454,1,1,0.9999683,1
32455,0,0,0.03722176,1
32456,1,1,0.9732661,1
32457,0,1,0.9732661,0
32458,1,1,0.896614,1
32459,1,1,0.9982351,1
32460,0,0,0.02630528,1
32461,1,1,0.9519527,1
32462,1,1,0.86001676,1
32463,1,1,1.0,1
32464,1,1,0.99891615,1
32465,1,1,0.99877924,1
32466,1,1,0.9911355,1
32467,0,0,0.113383114,1
32468,0,1,0.69601,0
32469,0,1,0.9847231,0
32470,0,0,0.22084618,1
32471,0,1,0.9382373,0
32472,1,1,1.0,1
32473,0,1,0.7580631,0
32474,0,0,0.019179069,1
32475,0,1,0.6390043,0
32476,1,1,0.57128835,1
32477,1,1,0.9999933,1
32478,1,1,0.9977083,1
32479,1,0,0.18330103,0
32480,1,1,1.0,1
32481,1,1,1.0,1
32482,0,1,0.9974541,0
32483,1,0,0.21362315,0
32484,1,1,0.9432954,1
32485,1,1,0.67217034,1
32486,1,1,1.0,1
32487,1,0,0.29573816,0
32488,1,1,0.9695268,1
32489,1,1,1.0,1
32490,0,1,0.9696707,0
32491,1,1,1.0,1
32492,0,1,0.402216,0
32493,0,0,0.28110948,1
32494,0,1,0.64170307,0
32495,1,1,0.40201056,1
32496,0,1,0.9603984,0
32497,0,0,0.24211602,1
32498,1,1,0.9999999,1
32499,1,1,0.3653151,1
32500,1,1,1.0,1
32501,1,1,0.9999269,1
32502,0,0,0.2798285,1
32503,1,1,0.7370635,1
32504,1,1,0.9981433,1
32505,0,0,0.021044565,1
32506,1,1,0.9999994,1
32507,1,1,0.99983525,1
32508,0,1,0.75904685,0
32509,1,1,1.0,1
32510,1,1,0.99647564,1
32511,1,0,0.011397586,0
32512,1,1,0.9911355,1
32513,0,1,0.89606965,0
32514,1,1,1.0,1
32515,1,1,0.9097468,1
32516,1,0,0.011846234,0
32517,1,1,0.992349,1
32518,1,1,0.9999975,1
32519,1,0,0.08733005,0
32520,0,0,0.19125213,1
32521,1,1,0.9702116,1
32522,1,1,0.9993462,1
32523,0,0,0.02350945,1
32524,1,0,0.1138749,0
32525,0,0,0.10061321,1
32526,1,1,0.99998045,1
32527,1,1,0.9217107,1
32528,1,1,0.9874479,1
32529,1,1,0.9999372,1
32530,0,1,0.99995565,0
32531,0,1,0.9994837,0
32532,0,0,0.10257407,1
32533,0,0,0.049359404,1
32534,1,1,0.9999844,1
32535,0,0,0.032100704,1
32536,1,1,0.99999833,1
32537,1,1,0.99582565,1
32538,0,1,0.9729595,0
32539,1,1,0.99999535,1
32540,1,1,0.999998,1
32541,1,1,0.9999709,1
32542,1,1,1.0,1
32543,1,1,0.39341414,1
32544,1,1,0.99999535,1
32545,1,0,0.18572558,0
32546,0,1,0.9996215,0
32547,1,0,0.1689255,0
32548,1,0,0.008881674,0
32549,1,1,0.9921841,1
32550,1,1,0.9993148,1
32551,1,0,0.16238002,0
32552,1,1,0.9512329,1
32553,0,0,0.12189465,1
32554,0,1,0.9995652,0
32555,1,1,0.9828892,1
32556,1,1,0.9999428,1
32557,1,1,0.95292586,1
32558,0,0,0.0066540097,1
32559,1,1,0.77704614,1
32560,1,1,0.9999963,1
32561,1,1,0.99999475,1
32562,1,1,1.0,1
32563,1,1,0.99999344,1
32564,0,0,0.3457677,1
32565,1,1,0.8587186,1
32566,1,1,0.9999999,1
32567,0,0,0.026280278,1
32568,1,1,0.99633574,1
32569,1,1,0.9999949,1
32570,0,0,0.022780884,1
32571,1,1,0.75082695,1
32572,1,1,0.99803144,1
32573,1,1,0.9999845,1
32574,1,1,0.6476311,1
32575,1,1,0.9999995,1
32576,0,0,0.34604388,1
32577,0,0,0.22798456,1
32578,0,0,0.102484226,1
32579,0,1,0.39041775,0
32580,1,1,0.99758923,1
32581,0,1,0.9999989,0
32582,0,0,0.18892181,1
32583,1,0,0.054600604,0
32584,0,1,0.726183,0
32585,1,1,0.53552353,1
32586,0,1,0.6679604,0
32587,1,0,0.089057684,0
32588,1,1,0.98582757,1
32589,1,1,1.0,1
32590,0,1,0.6000126,0
32591,0,0,0.3006429,1
32592,1,1,0.9393595,1
32593,1,0,0.029507361,0
32594,1,1,1.0,1
32595,1,1,0.98840266,1
32596,1,0,0.23633994,0
32597,1,1,1.0,1
32598,0,1,0.35821274,0
32599,0,0,0.053899158,1
32600,1,1,0.99999714,1
32601,1,1,0.5338835,1
32602,0,1,0.98752034,0
32603,0,1,0.37353298,0
32604,0,0,0.17147702,1
32605,0,0,0.0072608665,1
32606,1,1,0.9996666,1
32607,1,1,0.9396923,1
32608,0,0,0.030879721,1
32609,0,1,0.7177049,0
32610,0,1,0.9856076,0
32611,1,1,0.99999905,1
32612,0,0,0.024586499,1
32613,1,1,0.6978664,1
32614,1,1,0.92455155,1
32615,1,1,0.99957365,1
32616,0,0,0.041384716,1
32617,1,1,0.41309237,1
32618,1,0,0.32044902,0
32619,1,1,0.57146764,1
32620,0,0,0.02176037,1
32621,1,1,0.4065969,1
32622,1,1,0.37033924,1
32623,1,1,0.77797526,1
32624,1,1,0.9999949,1
32625,1,1,0.9994105,1
32626,0,1,0.5276208,0
32627,1,1,1.0,1
32628,1,1,0.9644221,1
32629,0,1,0.9402983,0
32630,1,1,0.9999076,1
32631,0,0,0.08464396,1
32632,0,0,0.0393425,1
32633,0,1,0.6057407,0
32634,1,1,0.46065283,1
32635,0,1,0.99128854,0
32636,1,1,1.0,1
32637,1,1,1.0,1
32638,0,0,0.33328617,1
32639,1,1,0.9999453,1
32640,1,1,0.48337406,1
32641,1,1,1.0,1
32642,1,1,0.9999999,1
32643,0,0,0.25432372,1
32644,0,0,0.06250249,1
32645,1,1,0.69461346,1
32646,0,1,0.98138225,0
32647,0,1,0.5329721,0
32648,1,1,0.99999964,1
32649,1,1,0.9999945,1
32650,1,1,0.96688277,1
32651,1,1,0.98314995,1
32652,0,1,0.9953725,0
32653,0,0,0.0065261493,1
32654,1,0,0.32140672,0
32655,0,1,0.667527,0
32656,1,1,1.0,1
32657,0,1,0.88453895,0
32658,0,0,0.1609902,1
32659,1,1,0.9665054,1
32660,1,1,0.93257624,1
32661,1,1,0.9998029,1
32662,0,0,0.049222115,1
32663,0,1,0.60276324,0
32664,0,0,0.031143833,1
32665,1,1,0.9999939,1
32666,1,1,0.73120254,1
32667,1,1,0.99999,1
32668,1,1,1.0,1
32669,0,0,0.03814243,1
32670,0,0,0.30481714,1
32671,1,1,0.99998486,1
32672,0,1,0.49523938,0
32673,0,1,0.9974241,0
32674,0,1,0.99981695,0
32675,0,0,0.14384791,1
32676,1,1,0.9990396,1
32677,1,1,0.9967013,1
32678,0,0,0.061932698,1
32679,0,1,0.9090225,0
32680,1,1,0.99999976,1
32681,1,1,0.9293122,1
32682,0,0,0.13061775,1
32683,0,0,0.34560204,1
32684,1,1,0.99253935,1
32685,0,1,0.3628281,0
32686,1,1,0.98638946,1
32687,0,1,0.9983418,0
32688,1,1,0.9999695,1
32689,0,1,0.98313373,0
32690,0,0,0.07942426,1
32691,1,1,0.9999999,1
32692,1,1,0.9999782,1
32693,1,1,1.0,1
32694,0,1,0.99908364,0
32695,0,1,0.4802349,0
32696,0,1,0.99998236,0
32697,1,1,0.54897577,1
32698,0,0,0.1519693,1
32699,1,1,0.7866228,1
32700,0,0,0.34532604,1
32701,0,1,0.78199726,0
32702,1,1,0.71158123,1
32703,0,1,0.9989956,0
32704,1,1,0.9999746,1
32705,0,0,0.24391246,1
32706,0,1,0.4279943,0
32707,0,1,0.91398406,0
32708,1,1,0.9999995,1
32709,1,1,0.8720208,1
32710,1,0,0.07030384,0
32711,0,1,0.6000712,0
32712,0,0,0.07716922,1
32713,1,0,0.014957087,0
32714,1,1,0.99983394,1
32715,0,1,0.3731046,0
32716,1,1,0.8089743,1
32717,0,0,0.09409338,1
32718,1,0,0.32691577,0
32719,0,0,0.17356819,1
32720,0,1,0.8707073,0
32721,1,1,0.9999987,1
32722,1,1,0.9064877,1
32723,1,0,0.039416388,0
32724,1,1,0.99999857,1
32725,0,1,0.9999784,0
32726,1,1,1.0,1
32727,1,1,1.0,1
32728,1,1,1.0,1
32729,1,1,0.99994695,1
32730,1,1,1.0,1
32731,1,1,0.9630224,1
32732,1,0,0.1339241,0
32733,0,0,0.11651246,1
32734,1,0,0.33605862,0
32735,0,0,0.10239443,1
32736,1,0,0.14457104,0
32737,1,1,0.99998367,1
32738,0,1,0.9583042,0
32739,1,1,1.0,1
32740,1,1,0.9999815,1
32741,1,1,0.91618466,1
32742,1,0,0.06916357,0
32743,1,1,0.77475387,1
32744,0,1,1.0,0
32745,0,0,0.34306657,1
32746,1,1,0.99964297,1
32747,1,1,0.9999726,1
32748,1,1,0.8260112,1
32749,1,1,1.0,1
32750,0,0,0.10669061,1
32751,1,1,0.9831661,1
32752,1,1,0.99400806,1
32753,1,1,1.0,1
32754,0,0,0.033085983,1
32755,0,0,0.064771704,1
32756,0,1,0.91964257,0
32757,1,0,0.14971778,0
32758,0,0,0.12458531,1
32759,0,1,0.9923934,0
32760,0,1,0.945349,0
32761,1,1,0.99999833,1
32762,1,1,0.8253083,1
32763,0,0,0.24544656,1
32764,0,0,0.03810662,1
32765,0,0,0.016324438,1
32766,0,0,0.10266401,1
32767,1,1,0.9933072,1
32768,1,1,0.68621236,1
32769,1,1,0.9999999,1
32770,1,1,1.0,1
32771,1,1,0.9470882,1
32772,0,1,0.4824596,0
32773,1,1,1.0,1
32774,1,1,0.99995077,1
32775,0,1,0.8248855,0
32776,1,1,0.9999999,1
32777,1,1,0.3964186,1
32778,1,1,1.0,1
32779,1,1,0.99974984,1
32780,0,0,0.042009052,1
32781,1,1,0.99997973,1
32782,0,0,0.03715183,1
32783,0,0,0.13375428,1
32784,1,1,0.9999908,1
32785,1,1,1.0,1
32786,1,1,0.9999645,1
32787,0,1,0.5649388,0
32788,1,1,0.9045662,1
32789,0,0,0.263789,1
32790,1,1,0.98886347,1
32791,0,0,0.048002712,1
32792,1,1,0.99415743,1
32793,1,1,0.97578543,1
32794,1,1,1.0,1
32795,0,1,0.7338812,0
32796,1,1,0.9468921,1
32797,1,1,0.99997413,1
32798,1,1,0.99999976,1
32799,0,1,0.44703785,0
32800,1,1,1.0,1
32801,0,0,0.027014792,1
32802,1,1,0.9997358,1
32803,1,1,0.99499834,1
32804,1,1,1.0,1
32805,1,1,0.99998474,1
32806,1,1,0.5062253,1
32807,0,0,0.16687897,1
32808,0,0,0.17455095,1
32809,0,1,0.9473323,0
32810,0,1,0.9339146,0
32811,0,1,0.8489722,0
32812,1,1,0.9999932,1
32813,1,1,0.9999577,1
32814,1,0,0.29416427,0
32815,0,1,1.0,0
32816,0,1,0.9994363,0
32817,1,0,0.2556223,0
32818,0,1,0.8641959,0
32819,1,1,0.9938788,1
32820,0,0,0.33111975,1
32821,1,1,0.9999988,1
32822,0,1,0.96628344,0
32823,1,1,0.99883276,1
32824,1,1,0.93558234,1
32825,0,1,0.49185252,0
32826,0,0,0.058292214,1
32827,1,1,0.56817627,1
32828,1,1,0.9180404,1
32829,1,0,0.014700298,0
32830,1,1,0.6861073,1
32831,1,1,0.9043131,1
32832,0,1,0.9996338,0
32833,0,1,0.45916706,0
32834,1,1,0.99879336,1
32835,0,1,0.9994105,0
32836,1,1,1.0,1
32837,1,1,0.78133065,1
32838,1,1,1.0,1
32839,0,1,0.6005398,0
32840,1,1,0.99996984,1
32841,0,0,0.16865148,1
32842,0,0,0.07892589,1
32843,1,0,0.22405545,0
32844,0,0,0.12710989,1
32845,1,0,0.043204032,0
32846,1,1,0.36460784,1
32847,0,1,0.5519964,0
32848,1,0,0.037538007,0
32849,1,1,1.0,1
32850,1,0,0.17384852,0
32851,1,0,0.15090261,0
32852,1,1,0.99459416,1
32853,0,1,0.9260366,0
32854,0,1,0.60387343,0
32855,1,1,0.9370958,1
32856,1,0,0.107437484,0
32857,0,1,0.80232334,0
32858,1,1,0.99999964,1
32859,0,1,0.8797679,0
32860,1,1,0.98749614,1
32861,0,1,0.84581506,0
32862,1,1,0.99529994,1
32863,1,1,0.9967775,1
32864,1,0,0.044472914,0
32865,0,0,0.1775255,1
32866,1,1,1.0,1
32867,1,1,0.9999821,1
32868,0,0,0.16906263,1
32869,1,1,1.0,1
32870,1,1,0.99644804,1
32871,1,0,0.015483986,0
32872,1,1,1.0,1
32873,1,1,0.9999548,1
32874,1,1,0.9999987,1
32875,1,1,1.0,1
32876,0,1,0.9691787,0
32877,1,1,0.9332485,1
32878,1,1,1.0,1
32879,0,1,0.99991107,0
32880,0,1,0.7745834,0
32881,1,0,0.13551785,0
32882,0,1,0.5827285,0
32883,0,1,0.5591697,0
32884,0,1,0.51793665,0
32885,0,1,0.9702116,0
32886,1,1,0.8095773,1
32887,1,1,0.7187918,1
32888,0,0,0.09636511,1
32889,1,1,1.0,1
32890,0,1,0.48697197,0
32891,0,1,0.99999964,0
32892,0,1,0.9838161,0
32893,1,1,0.99995494,1
32894,1,1,0.83761996,1
32895,0,1,0.9996561,0
32896,0,1,0.94355595,0
32897,1,1,0.9998996,1
32898,0,0,0.11981949,1
32899,0,1,0.9374402,0
32900,0,0,0.018281795,1
32901,1,1,1.0,1
32902,1,0,0.1357468,0
32903,0,1,0.7478462,0
32904,1,1,0.9957353,1
32905,1,1,0.998606,1
32906,1,1,0.9999168,1
32907,0,0,0.009072807,1
32908,1,1,0.99999964,1
32909,0,1,0.74447066,0
32910,1,0,0.23170112,0
32911,0,1,0.99750805,0
32912,1,1,0.9997408,1
32913,0,1,0.9645224,0
32914,1,1,0.9999919,1
32915,1,1,1.0,1
32916,1,1,0.99816847,1
32917,0,1,0.99871063,0
32918,1,1,0.9999999,1
32919,1,1,0.9999448,1
32920,1,0,0.09534946,0
32921,1,1,0.7459077,1
32922,0,0,0.093512304,1
32923,1,0,0.34174725,0
32924,0,0,0.274157,1
32925,0,0,0.060086653,1
32926,1,1,1.0,1
32927,0,1,0.95715785,0
32928,1,1,0.99998486,1
32929,0,1,0.4036844,0
32930,0,1,0.9975466,0
32931,0,1,0.9999988,0
32932,0,0,0.10941996,1
32933,0,1,0.38931432,0
32934,1,1,0.9998746,1
32935,0,0,0.04103744,1
32936,1,1,1.0,1
32937,0,1,0.9694112,0
32938,1,0,0.2615195,0
32939,0,0,0.16331196,1
32940,0,0,0.05781161,1
32941,0,1,0.38809612,0
32942,1,0,0.0014750634,0
32943,1,1,0.99999416,1
32944,0,0,0.01858215,1
32945,0,0,0.22516096,1
32946,1,1,1.0,1
32947,1,0,0.09276993,0
32948,1,1,0.99906737,1
32949,1,1,0.9940659,1
32950,1,1,0.9999981,1
32951,1,1,0.999997,1
32952,0,1,0.999982,0
32953,0,0,0.015998371,1
32954,1,1,0.9980392,1
32955,1,1,0.99936754,1
32956,1,0,0.25413856,0
32957,1,1,0.98270744,1
32958,1,1,0.8554893,1
32959,1,1,0.99999774,1
32960,0,0,0.007232764,1
32961,1,0,0.06250249,0
32962,1,0,0.05179748,0
32963,0,0,0.1447523,1
32964,1,0,0.15259965,0
32965,0,1,0.98282325,0
32966,0,0,0.13217814,1
32967,0,0,0.07942426,1
32968,1,1,1.0,1
32969,1,1,1.0,1
32970,1,1,1.0,1
32971,0,0,0.11616108,1
32972,1,1,0.6613216,1
32973,0,1,0.6095823,0
32974,1,1,0.9996699,1
32975,0,0,0.027169233,1
32976,1,1,0.99975747,1
32977,1,1,0.5045165,1
32978,1,1,0.99961025,1
32979,1,0,0.17823958,0
32980,1,1,1.0,1
32981,0,1,0.4645372,0
32982,0,1,0.8524448,0
32983,0,0,0.032100704,1
32984,0,0,0.15046519,1
32985,0,0,0.2962469,1
32986,1,1,1.0,1
32987,0,1,0.40206924,0
32988,1,0,0.051510453,0
32989,0,1,0.9953544,0
32990,1,1,0.91062486,1
32991,1,1,0.99179614,1
32992,0,0,0.029901406,1
32993,1,1,1.0,1
32994,1,1,0.99746895,1
32995,1,0,0.09434341,0
32996,1,1,0.9985421,1
32997,0,0,0.17113045,1
32998,1,1,0.9999871,1
32999,0,0,0.057864826,1
33000,0,1,0.68135583,0
33001,1,1,0.9999957,1
33002,0,1,0.9024378,0
33003,1,0,0.087252244,0
33004,1,1,0.9998596,1
33005,0,1,0.9972262,0
33006,0,0,0.02335303,1
33007,1,1,0.9991573,1
33008,1,1,0.9592307,1
33009,1,1,1.0,1
33010,1,1,0.97840524,1
33011,0,1,0.99242276,0
33012,0,0,0.044722572,1
33013,1,1,0.9999893,1
33014,1,1,0.9999832,1
33015,1,1,0.9808209,1
33016,1,1,1.0,1
33017,1,0,0.032222297,0
33018,0,0,0.13449147,1
33019,1,0,0.21027938,0
33020,0,0,0.071396716,1
33021,1,1,0.9999993,1
33022,1,1,0.84619683,1
33023,1,1,0.9999871,1
33024,1,1,0.99999356,1
33025,1,1,0.9992944,1
33026,1,1,0.9920466,1
33027,1,1,0.9861247,1
33028,0,0,0.14928317,1
33029,1,0,0.09679113,0
33030,1,1,0.61508787,1
33031,0,0,0.34809092,1
33032,0,0,0.009268014,1
33033,0,0,0.057123974,1
33034,0,1,0.8480936,0
33035,0,0,0.28288907,1
33036,0,0,0.10937239,1
33037,0,1,1.0,0
33038,1,1,1.0,1
33039,1,1,0.93077356,1
33040,1,1,0.93963695,1
33041,1,1,0.9999988,1
33042,0,0,0.107250325,1
33043,0,1,0.52409023,0
33044,1,1,0.9999908,1
33045,1,1,0.9998104,1
33046,1,1,0.9991721,1
33047,1,1,0.7895584,1
33048,0,1,0.6715244,0
33049,1,0,0.03615194,0
33050,1,1,0.75730115,1
33051,1,1,0.9997408,1
33052,0,0,0.12776141,1
33053,0,0,0.07094482,1
33054,0,1,0.99827254,0
33055,0,0,0.2786492,1
33056,0,0,0.036734894,1
33057,1,1,0.99867755,1
33058,1,1,0.9998822,1
33059,0,1,0.41724178,0
33060,1,1,1.0,1
33061,1,1,0.8813088,1
33062,1,0,0.33144423,0
33063,0,1,0.50250244,0
33064,1,1,0.6328432,1
33065,1,1,0.9763331,1
33066,0,0,0.13006428,1
33067,0,0,0.06512755,1
33068,1,0,0.096620515,0
33069,0,0,0.16211456,1
33070,0,1,0.90200704,0
33071,0,1,0.9310248,0
33072,1,0,0.039564554,0
33073,1,0,0.0631349,0
33074,0,0,0.17881243,1
33075,0,1,0.36361864,0
33076,1,0,0.2052962,0
33077,0,0,0.10889766,1
33078,0,1,0.9472348,0
33079,1,1,0.99999976,1
33080,0,0,0.045734633,1
33081,0,1,0.8601343,0
33082,0,1,0.79390603,0
33083,0,1,0.996858,0
33084,0,1,0.82460326,0
33085,1,0,0.006784358,0
33086,0,1,0.9235233,0
33087,0,0,0.025226824,1
33088,0,0,0.13718534,1
33089,0,1,0.5600722,0
33090,1,0,0.08359068,0
33091,0,1,0.36418378,0
33092,0,0,0.03061778,1
33093,1,0,0.083142914,0
33094,1,1,1.0,1
33095,1,1,1.0,1
33096,1,1,0.65107757,1
33097,0,0,0.0658447,1
33098,0,0,0.007460643,1
33099,0,0,0.1192542,1
33100,0,1,0.9999907,0
33101,1,1,0.3894885,1
33102,0,0,0.07198163,1
33103,0,0,0.2996685,1
33104,0,1,0.9927672,0
33105,1,1,1.0,1
33106,0,0,0.07716922,1
33107,0,1,0.66925865,0
33108,1,1,0.90821165,1
33109,0,1,0.91730267,0
33110,0,0,0.059921406,1
33111,1,0,0.01200735,0
33112,0,0,0.12517229,1
33113,1,1,0.99996674,1
33114,1,1,1.0,1
33115,1,0,0.12002561,0
33116,1,1,0.8554893,1
33117,1,1,0.98486924,1
33118,1,1,0.99698395,1
33119,1,1,1.0,1
33120,1,1,1.0,1
33121,0,1,0.7421883,0
33122,1,1,0.95783347,1
33123,1,1,0.99416876,1
33124,1,0,0.0606962,0
33125,0,1,0.3517563,0
33126,1,1,0.996123,1
33127,0,1,0.9970305,0
33128,0,1,0.9949397,0
33129,0,0,0.25229195,1
33130,1,1,0.9251624,1
33131,1,1,0.95257413,1
33132,1,1,0.9999995,1
33133,1,1,1.0,1
33134,1,1,0.9999999,1
33135,1,1,0.97678024,1
33136,0,0,0.0014131117,1
33137,0,0,0.015967654,1
33138,0,1,0.9974191,0
33139,1,1,0.9999994,1
33140,0,1,0.9228308,0
33141,1,1,0.91957027,1
33142,0,1,0.9998118,0
33143,1,1,0.49905396,1
33144,0,1,0.999992,0
33145,1,1,1.0,1
33146,1,1,0.9992053,1
33147,0,0,0.18162581,1
33148,0,1,0.52092284,0
33149,1,1,0.997065,1
33150,1,0,0.068102375,0
33151,1,1,0.77321637,1
33152,1,1,0.9962126,1
33153,1,0,0.14342749,0
33154,0,0,0.27914017,1
33155,1,0,0.3136825,0
33156,1,1,0.9274291,1
33157,1,1,0.990732,1
33158,1,1,0.99997246,1
33159,1,1,0.6977634,1
33160,1,0,0.109324835,0
33161,0,1,0.984063,0
33162,0,0,0.033399824,1
33163,1,1,0.98735064,1
33164,0,0,0.0595922,1
33165,0,1,0.8857304,0
33166,0,1,0.99977916,0
33167,1,1,1.0,1
33168,1,0,0.0548532,0
33169,0,1,0.9867005,0
33170,1,1,0.9994374,1
33171,1,1,0.99999917,1
33172,0,1,0.55278116,0
33173,0,1,0.7826625,0
33174,1,1,0.9999958,1
33175,1,1,0.9999969,1
33176,1,1,0.9995426,1
33177,1,1,0.9999974,1
33178,1,0,5.8171895e-06,0
33179,0,0,0.29047742,1
33180,0,1,0.3544331,0
33181,1,1,0.99509466,1
33182,0,0,0.18068421,1
33183,0,0,0.011353655,1
33184,0,1,0.4371626,0
33185,0,1,0.41253015,0
33186,0,1,0.7015597,0
33187,0,0,0.08028533,1
33188,1,0,0.13672362,0
33189,1,1,0.9998247,1
33190,1,1,0.99999225,1
33191,0,1,0.9579909,0
33192,0,1,1.0,0
33193,1,0,0.084040605,0
33194,0,0,0.06518703,1
33195,1,1,0.9999994,1
33196,1,1,0.76489156,1
33197,0,1,0.42670977,0
33198,0,0,0.15046519,1
33199,0,0,0.1768137,1
33200,1,1,0.9997241,1
33201,1,1,0.9999995,1
33202,1,0,0.2744486,0
33203,0,0,0.007815888,1
33204,1,1,0.831006,1
33205,1,1,0.97517824,1
33206,0,0,0.14584377,1
33207,1,0,0.030908957,0
33208,0,0,0.044847906,1
33209,0,1,0.9172285,0
33210,0,0,0.016529558,1
33211,0,1,0.80185825,0
33212,0,1,0.992062,0
33213,0,1,1.0,0
33214,0,1,0.40583134,0
33215,0,0,0.23537192,1
33216,0,0,0.28022227,1
33217,1,0,0.028625505,0
33218,0,1,0.38413212,0
33219,1,1,1.0,1
33220,0,1,0.99792105,0
33221,1,1,0.9937709,1
33222,1,1,1.0,1
33223,0,1,0.81888175,0
33224,1,0,0.07942426,0
33225,1,1,0.93941504,1
33226,1,1,0.96458924,1
33227,0,1,0.7553664,0
33228,1,0,0.1513411,0
33229,1,0,0.21231367,0
33230,0,0,0.06947859,1
33231,1,0,0.2671213,0
33232,1,1,0.9705485,1
33233,1,1,0.6715244,1
33234,1,1,0.9999999,1
33235,0,1,0.7535573,0
33236,1,1,0.961678,1
33237,0,1,0.7801604,0
33238,1,1,0.9999995,1
33239,0,0,0.05170164,1
33240,0,0,0.2163425,1
33241,0,1,0.99988365,0
33242,1,0,0.28686795,0
33243,1,1,0.9988028,1
33244,1,1,0.99861145,1
33245,1,1,0.97719735,1
33246,1,1,1.0,1
33247,1,1,0.99963665,1
33248,1,1,0.99987566,1
33249,1,1,1.0,1
33250,1,1,0.952882,1
33251,1,1,0.9744591,1
33252,1,1,0.9999927,1
33253,0,0,0.3043,1
33254,1,1,0.99995375,1
33255,0,0,0.14984211,1
33256,0,1,0.411436,0
33257,0,0,0.03701235,1
33258,1,0,0.07921033,0
33259,1,0,0.11696559,0
33260,0,0,0.058830604,1
33261,1,1,1.0,1
33262,0,1,0.72807217,0
33263,0,1,0.53181726,0
33264,1,1,0.453988,1
33265,0,0,0.0548532,1
33266,1,1,0.9981324,1
33267,1,1,0.99991655,1
33268,0,1,0.99978095,0
33269,0,0,0.029591372,1
33270,1,1,0.5547117,1
33271,1,1,0.99935,1
33272,0,0,0.068599865,1
33273,0,1,0.99983907,0
33274,0,1,0.85415626,0
33275,0,0,0.27634865,1
33276,0,1,0.98319834,0
33277,1,1,0.9999951,1
33278,1,1,0.8763172,1
33279,1,1,1.0,1
33280,1,1,1.0,1
33281,0,0,0.012945406,1
33282,1,1,0.9999999,1
33283,1,1,0.99865156,1
33284,1,1,0.99764496,1
33285,1,1,0.99999535,1
33286,1,1,0.9838472,1
33287,1,0,0.085785836,0
33288,0,0,0.13034077,1
33289,0,1,0.99789655,0
33290,1,1,0.9986541,1
33291,0,1,0.61201984,0
33292,0,1,0.98555213,0
33293,0,1,0.67044646,0
33294,0,0,0.3408142,1
33295,0,0,0.024122424,1
33296,1,1,0.99711037,1
33297,0,1,0.36268702,0
33298,0,1,0.5132415,0
33299,1,0,0.06435884,0
33300,0,1,0.9828562,0
33301,0,0,0.15495054,1
33302,0,0,0.20331182,1
33303,1,1,0.5330329,1
33304,0,0,0.15209518,1
33305,1,1,0.9999888,1
33306,0,0,0.024940254,1
33307,1,1,0.99994004,1
33308,0,0,0.03915837,1
33309,1,1,0.99996996,1
33310,0,0,0.09577148,1
33311,1,1,0.7255028,1
33312,0,1,0.99271095,0
33313,1,0,0.04177388,0
33314,1,1,1.0,1
33315,1,0,0.20291662,0
33316,1,1,0.99999774,1
33317,1,1,0.9998832,1
33318,1,0,0.2359876,0
33319,1,1,0.8394709,1
33320,0,1,0.99895763,0
33321,1,0,0.33084944,0
33322,0,1,0.7539199,0
33323,1,1,0.61114997,1
33324,0,1,0.72423685,0
33325,1,0,0.32498476,0
33326,0,1,0.9994867,0
33327,0,1,0.9841241,0
33328,0,0,0.021739593,1
33329,0,1,0.93726826,0
33330,0,0,0.16118816,1
33331,1,1,0.999992,1
33332,1,1,0.9999993,1
33333,0,0,0.107250325,1
33334,0,0,0.046551276,1
33335,0,0,0.03061778,1
33336,0,1,0.97885466,0
33337,1,1,0.9665687,1
33338,0,0,0.04972728,1
33339,0,0,0.06608538,1
33340,1,1,0.9690618,1
33341,0,1,0.7405498,0
33342,0,1,0.936285,0
33343,1,1,1.0,1
33344,1,1,0.99856466,1
33345,1,1,0.99790895,1
33346,1,1,1.0,1
33347,0,0,0.03715183,1
33348,1,1,0.9999933,1
33349,1,1,1.0,1
33350,1,0,0.2773751,0
33351,1,1,0.9957188,1
33352,0,1,0.5142174,0
33353,0,0,0.034749623,1
33354,1,0,0.05899303,0
33355,1,1,0.5284726,1
33356,0,0,0.1462091,1
33357,0,0,0.008203787,1
33358,0,1,0.99971145,0
33359,1,1,0.9217811,1
33360,0,1,0.52463824,0
33361,1,0,0.051319942,0
33362,0,1,0.77330196,0
33363,1,1,0.99999785,1
33364,1,0,0.12956785,0
33365,1,0,0.24175783,0
33366,1,1,0.9998233,1
33367,0,0,0.09947022,1
33368,1,1,1.0,1
33369,1,1,0.99990535,1
33370,0,1,0.9998253,0
33371,0,0,0.08889936,1
33372,1,1,0.9999963,1
33373,1,1,0.9620006,1
33374,0,0,0.014842417,1
33375,1,1,0.56457865,1
33376,0,0,0.283831,1
33377,0,0,0.16411416,1
33378,0,0,0.33366603,1
33379,0,0,0.28318632,1
33380,0,0,0.034132607,1
33381,1,1,0.99998856,1
33382,0,0,0.34499493,1
33383,1,1,0.99998903,1
33384,1,1,1.0,1
33385,1,1,1.0,1
33386,1,0,0.031055551,0
33387,1,1,0.9999782,1
33388,1,1,0.71943295,1
33389,1,0,0.1655931,0
33390,0,1,0.9999838,0
33391,1,0,0.22996724,0
33392,1,1,0.9984841,1
33393,1,0,0.0038096302,0
33394,1,0,0.010448626,0
33395,0,1,0.99990463,0
33396,1,1,0.9998416,1
33397,0,1,0.9999945,0
33398,1,1,1.0,1
33399,1,1,0.83237296,1
33400,1,1,1.0,1
33401,1,1,1.0,1
33402,0,0,0.02118586,1
33403,1,1,1.0,1
33404,0,0,0.030967517,1
33405,0,1,0.99545276,0
33406,1,0,0.124106824,0
33407,1,1,1.0,1
33408,0,0,0.013146587,1
33409,1,1,0.9994715,1
33410,1,1,0.9999993,1
33411,1,1,0.9770007,1
33412,1,1,0.9999465,1
33413,0,0,0.09285216,1
33414,0,1,0.9811488,0
33415,1,0,0.009540926,0
33416,0,1,0.7407843,0
33417,1,1,0.9991736,1
33418,0,1,0.98340684,0
33419,0,1,0.9579516,0
33420,1,1,0.99944824,1
33421,0,1,0.99989843,0
33422,1,1,0.99999845,1
33423,0,1,0.90540594,0
33424,1,1,0.78099674,1
33425,0,1,0.9999943,0
33426,1,1,1.0,1
33427,0,0,0.10856642,1
33428,0,0,0.08593914,1
33429,1,1,0.99999964,1
33430,0,0,0.33404613,1
33431,1,1,0.99999046,1
33432,1,1,0.99961627,1
33433,0,1,0.89274967,0
33434,0,1,0.9384633,0
33435,1,0,0.064830884,0
33436,1,1,0.9999999,1
33437,0,0,0.0224785,1
33438,1,1,0.660008,1
33439,1,1,0.87418467,1
33440,0,1,0.9999999,0
33441,1,1,0.9999993,1
33442,1,1,0.49084574,1
33443,1,1,0.9999976,1
33444,1,1,0.9997347,1
33445,0,0,0.0842664,1
33446,1,0,0.3114792,0
33447,1,1,0.99998426,1
33448,0,0,0.16105616,1
33449,1,1,0.9999993,1
33450,1,1,0.99935883,1
33451,1,1,1.0,1
33452,1,1,0.9994035,1
33453,0,1,0.9950659,0
33454,1,1,0.994089,1
33455,1,1,0.6388916,1
33456,1,1,1.0,1
33457,1,1,0.85318035,1
33458,1,0,0.034553625,0
33459,1,1,0.9999813,1
33460,0,1,0.99981624,0
33461,0,0,0.04885778,1
33462,0,0,0.06656919,1
33463,0,0,0.14627008,1
33464,1,1,0.9999989,1
33465,0,0,0.120957024,1
33466,0,1,0.99998534,0
33467,0,1,0.6811438,0
33468,1,1,0.9568766,1
33469,1,1,1.0,1
33470,1,1,0.99999976,1
33471,0,1,0.9905509,0
33472,1,1,1.0,1
33473,1,1,1.0,1
33474,1,1,0.36897394,1
33475,0,1,0.9673178,0
33476,1,0,0.06632688,0
33477,1,1,1.0,1
33478,1,1,1.0,1
33479,0,1,0.99999714,0
33480,0,1,0.9916681,0
33481,1,1,0.96347195,1
33482,0,0,0.026455773,1
33483,1,0,0.19698064,0
33484,1,1,0.9999875,1
33485,0,0,0.036700353,1
33486,0,0,0.0595922,1
33487,1,1,0.9184803,1
33488,1,1,0.92441523,1
33489,1,1,0.98045003,1
33490,1,1,0.965152,1
33491,1,1,0.9999622,1
33492,0,0,0.20040116,1
33493,1,1,0.9999845,1
33494,0,0,0.1834473,1
33495,0,1,0.42265353,0
33496,1,1,1.0,1
33497,1,1,0.99999,1
33498,1,1,0.97376966,1
33499,0,1,0.9993135,0
33500,1,1,0.89302987,1
33501,0,1,0.9590777,0
33502,0,0,0.050611433,1
33503,0,0,0.060252324,1
33504,0,1,0.6414785,0
33505,1,0,0.087720014,0
33506,0,1,0.99792516,0
33507,0,0,0.22160327,1
33508,0,0,0.1424107,1
33509,1,1,0.9915216,1
33510,1,1,1.0,1
33511,1,0,0.3351876,0
33512,0,0,0.054954547,1
33513,1,0,0.047074176,0
33514,0,1,0.7756048,0
33515,0,1,0.6955966,0
33516,0,1,0.6712012,0
33517,0,0,0.23616374,1
33518,1,1,0.98292196,1
33519,1,1,0.9999999,1
33520,1,1,1.0,1
33521,1,0,0.12054232,0
33522,1,1,0.999972,1
33523,1,1,0.99986017,1
33524,1,1,0.99622726,1
33525,1,1,0.9999763,1
33526,0,1,0.99969935,0
33527,1,1,0.9983386,1
33528,0,0,0.0946777,1
33529,1,0,0.020844316,0
33530,1,1,0.9999994,1
33531,0,0,0.02884354,1
33532,1,1,0.9999995,1
33533,1,1,0.99176437,1
33534,1,1,0.99611557,1
33535,0,1,0.93505055,0
33536,1,1,0.995142,1
33537,1,0,0.17462131,0
33538,1,1,0.9976769,1
33539,1,1,0.44709817,1
33540,0,0,0.009358114,1
33541,0,1,0.9991959,0
33542,1,1,0.9989956,1
33543,1,1,0.9999999,1
33544,0,0,0.26227456,1
33545,0,1,0.8238959,0
33546,0,1,0.82866174,0
33547,1,1,0.99956185,1
33548,0,1,0.9989034,0
33549,1,1,0.6500786,1
33550,0,0,0.011552671,1
33551,0,1,0.5261602,0
33552,1,1,0.99508506,1
33553,1,0,0.12803373,0
33554,0,1,0.4374029,0
33555,1,1,0.9790558,1
33556,0,0,0.06979493,1
33557,0,1,0.41543233,0
33558,1,1,0.95594025,1
33559,0,1,0.4382442,0
33560,0,0,0.114665605,1
33561,1,1,0.4874599,1
33562,0,1,0.79182106,0
33563,0,0,0.026330303,1
33564,0,1,0.9990545,0
33565,1,1,0.99943846,1
33566,1,1,0.995008,1
33567,0,1,0.468517,0
33568,1,0,0.33025518,0
33569,0,1,0.999577,0
33570,1,1,1.0,1
33571,1,1,1.0,1
33572,0,0,0.120438814,1
33573,1,0,0.28120816,0
33574,1,0,0.12951279,0
33575,1,1,0.99999845,1
33576,1,1,1.0,1
33577,1,1,0.9818926,1
33578,0,1,0.9999814,0
33579,1,1,0.7338335,1
33580,1,1,0.99998295,1
33581,1,1,0.99951684,1
33582,0,1,0.7627777,0
33583,0,1,0.9429286,0
33584,1,1,0.9521755,1
33585,0,0,0.024099445,1
33586,0,0,0.16749083,1
33587,0,0,0.09653531,1
33588,1,1,0.40733343,1
33589,0,1,0.9979048,0
33590,0,0,0.0030396497,1
33591,0,1,0.99155444,0
33592,0,1,0.41179076,0
33593,1,0,0.14402843,0
33594,1,1,0.5245774,1
33595,0,1,1.0,0
33596,1,1,0.99992275,1
33597,0,0,0.07230849,1
33598,1,0,0.09764823,0
33599,1,1,0.9945095,1
33600,0,0,0.023131333,1
33601,1,0,0.1454185,0
33602,0,1,0.97436166,0
33603,1,1,1.0,1
33604,1,1,0.99999976,1
33605,1,1,0.9991424,1
33606,1,1,0.4512358,1
33607,0,1,0.99997044,0
33608,1,1,0.99179614,1
33609,1,0,0.071786165,0
33610,0,1,0.9781563,0
33611,1,1,0.84156543,1
33612,1,1,0.4777978,1
33613,0,0,0.19744445,1
33614,1,1,0.91957027,1
33615,1,1,0.92643696,1
33616,0,0,0.03194934,1
33617,0,0,0.016029146,1
33618,1,1,0.99190676,1
33619,0,1,0.44302806,0
33620,0,0,0.032774985,1
33621,0,1,0.75833166,0
33622,1,1,0.730338,1
33623,1,1,0.99999535,1
33624,0,1,0.75680715,0
33625,1,1,0.936285,1
33626,0,0,0.2434625,1
33627,1,0,0.22524613,0
33628,0,0,0.07544843,1
33629,1,1,1.0,1
33630,1,1,0.9998273,1
33631,0,1,0.99972194,0
33632,1,1,0.99963737,1
33633,1,0,0.14878777,0
33634,1,1,1.0,1
33635,0,1,0.5594706,0
33636,1,1,0.9835338,1
33637,0,1,0.37456188,0
33638,1,0,0.02317551,0
33639,0,1,0.8535469,0
33640,0,1,0.4914864,0
33641,1,1,0.9954615,1
33642,1,1,0.8926561,1
33643,0,0,0.014475689,1
33644,1,1,1.0,1
33645,0,0,0.1464531,1
33646,0,0,0.018475594,1
33647,0,1,0.4727139,0
33648,1,1,1.0,1
33649,0,1,0.9756001,0
33650,1,1,1.0,1
33651,0,1,0.998147,0
33652,1,1,0.9998579,1
33653,1,1,0.96210754,1
33654,1,1,0.47569665,1
33655,1,1,0.9897315,1
33656,1,1,0.9999821,1
33657,0,1,0.86281466,0
33658,1,0,0.072177574,0
33659,0,0,0.022694087,1
33660,0,0,0.26559463,1
33661,0,1,0.9989698,0
33662,1,1,0.9904406,1
33663,1,1,0.9014879,1
33664,1,1,0.9999664,1
33665,1,1,0.9241418,1
33666,0,1,0.8962514,0
33667,0,1,0.9014879,0
33668,1,1,0.45510778,1
33669,1,0,0.04146227,0
33670,0,1,0.5759458,0
33671,0,0,0.09252366,1
33672,1,1,0.83828294,1
33673,1,1,0.92475563,1
33674,0,0,0.057864826,1
33675,1,1,0.9475269,1
33676,1,1,0.99994636,1
33677,0,1,0.39420095,0
33678,1,1,0.99671423,1
33679,0,1,0.6691506,0
33680,0,0,0.02576056,1
33681,1,0,0.017078074,0
33682,0,1,0.6977634,0
33683,0,0,0.062388144,1
33684,0,1,0.9997942,0
33685,1,0,0.21700546,0
33686,1,0,0.00025915823,0
33687,1,1,0.77636874,1
33688,0,0,0.02145073,1
33689,1,1,0.51781476,1
33690,0,0,0.22918998,1
33691,1,1,0.38047117,1
33692,0,1,0.99897385,0
33693,0,1,0.99657035,0
33694,1,0,0.041578867,0
33695,1,1,0.99999976,1
33696,1,1,0.99976224,1
33697,0,1,0.43923616,0
33698,0,1,0.6890441,0
33699,1,1,0.99176437,1
33700,1,0,0.032436155,0
33701,1,0,0.0527164,0
33702,0,0,0.09409338,1
33703,1,1,0.9489646,1
33704,0,0,0.0028895806,1
33705,0,0,0.12765263,1
33706,0,1,0.3830353,0
33707,0,0,0.09384396,1
33708,1,1,0.9972584,1
33709,1,1,0.9841546,1
33710,0,0,0.09392703,1
33711,1,1,0.954393,1
33712,1,1,0.99999833,1
33713,1,1,0.9470392,1
33714,1,1,1.0,1
33715,0,1,0.3555511,0
33716,0,1,0.99939406,0
33717,1,1,1.0,1
33718,1,1,0.9999999,1
33719,0,0,0.07389652,1
33720,0,0,0.30980623,1
33721,0,1,0.985129,0
33722,0,1,0.9905509,0
33723,1,1,0.8358858,1
33724,0,0,0.06878729,1
33725,1,1,0.9999933,1
33726,1,0,0.21967211,0
33727,1,1,0.8247444,1
33728,1,1,0.9649544,1
33729,1,1,0.97628796,1
33730,0,0,0.012383786,1
33731,1,0,0.051367506,0
33732,0,0,0.16762705,1
33733,1,1,0.99998426,1
33734,1,1,0.9999994,1
33735,0,1,0.5245164,0
33736,1,1,0.99995446,1
33737,1,1,1.0,1
33738,1,1,0.971537,1
33739,1,1,1.0,1
33740,0,1,0.5583872,0
33741,0,1,0.9999993,0
33742,0,0,0.033148516,1
33743,0,1,0.71814984,0
33744,1,1,0.97366965,1
33745,0,0,0.04564947,1
33746,0,0,0.08225394,1
33747,1,0,0.057599206,0
33748,0,1,0.77330196,0
33749,1,0,0.05754622,0
33750,1,1,0.9847231,1
33751,0,0,0.08359068,1
33752,0,1,0.99984276,0
33753,1,1,1.0,1
33754,1,1,0.998345,1
33755,0,0,0.06566473,1
33756,1,1,0.7588682,1
33757,1,1,0.9999989,1
33758,1,1,0.9974039,1
33759,0,0,0.08449276,1
33760,0,0,0.09057448,1
33761,1,1,1.0,1
33762,0,1,0.9999796,0
33763,1,1,0.9999964,1
33764,0,0,0.062160026,1
33765,0,0,0.03521114,1
33766,1,0,0.030792164,0
33767,1,1,0.9810765,1
33768,0,1,0.9704367,0
33769,1,1,0.99994326,1
33770,0,1,0.43986762,0
33771,1,1,1.0,1
33772,0,0,0.32156652,1
33773,1,1,0.75278574,1
33774,1,1,0.96017486,1
33775,1,1,0.9999969,1
33776,1,0,0.1292378,0
33777,1,1,0.9842002,1
33778,1,0,0.012264914,0
33779,0,1,0.9999764,0
33780,1,1,0.99999774,1
33781,1,1,0.9999963,1
33782,1,1,0.9901211,1
33783,1,1,1.0,1
33784,0,1,0.9819619,0
33785,1,1,0.9999994,1
33786,1,1,0.9997594,1
33787,1,0,0.046033904,0
33788,1,1,0.9998287,1
33789,0,0,0.009652304,1
33790,1,0,0.16954333,0
33791,1,1,1.0,1
33792,0,0,0.13974822,1
33793,1,1,0.9998894,1
33794,0,1,0.9999633,0
33795,1,1,0.9999596,1
33796,1,0,0.1153614,0
33797,0,0,0.006205023,1
33798,0,1,0.46860826,0
33799,0,1,0.9969426,0
33800,0,1,0.70410925,0
33801,1,1,0.9999902,1
33802,1,1,0.99981266,1
33803,0,1,0.81167597,0
33804,0,1,0.9998313,0
33805,1,1,0.8543993,1
33806,0,1,0.9882222,0
33807,0,1,0.87310666,0
33808,1,1,0.9713201,1
33809,1,0,0.2839303,0
33810,1,1,0.8484707,1
33811,1,1,0.9999943,1
33812,1,1,1.0,1
33813,0,1,0.3857217,0
33814,1,1,0.99111825,1
33815,0,0,0.05602938,1
33816,1,0,0.03117331,0
33817,0,1,0.77089626,0
33818,1,1,1.0,1
33819,0,1,0.66687655,0
33820,1,1,1.0,1
33821,0,0,0.1187934,1
33822,0,0,0.08277145,1
33823,1,0,0.032992378,0
33824,1,1,0.99921906,1
33825,1,0,0.09244169,0
33826,0,0,0.10951515,1
33827,0,0,0.12683924,1
33828,0,1,0.99540824,0
33829,0,1,0.98007214,0
33830,0,1,0.85752964,0
33831,0,1,0.5092763,0
33832,0,0,0.048721813,1
33833,1,1,0.99999666,1
33834,1,1,0.99999964,1
33835,0,1,0.37016848,0
33836,1,1,0.49188304,1
33837,1,1,0.99792516,1
33838,1,1,0.99604684,1
33839,1,1,0.467818,1
33840,1,1,0.883236,1
33841,1,1,1.0,1
33842,0,1,0.9992175,0
33843,0,1,0.5306014,0
33844,0,1,0.7130821,0
33845,1,0,0.05926467,0
33846,0,0,0.18206167,1
33847,1,1,0.98475236,1
33848,1,1,0.99989486,1
33849,1,1,1.0,1
33850,0,1,0.9817007,0
33851,1,1,1.0,1
33852,0,0,0.06471258,1
33853,0,1,0.44848666,0
33854,1,1,0.76215863,1
33855,1,1,0.77932185,1
33856,0,0,0.047074176,1
33857,1,1,0.99871826,1
33858,0,1,0.8547634,0
33859,1,1,0.8974259,1
33860,0,0,0.009250096,1
33861,1,1,0.723456,1
33862,0,1,0.79534036,0
33863,1,1,0.9904591,1
33864,0,0,0.069921836,1
33865,1,1,0.998103,1
33866,1,1,0.9526182,1
33867,1,1,1.0,1
33868,0,0,0.15520647,1
33869,0,0,0.23109324,1
33870,0,0,0.046421416,1
33871,1,1,0.94934165,1
33872,0,1,0.9365757,0
33873,0,1,0.9610615,0
33874,1,1,0.9858549,1
33875,1,1,0.99978,1
33876,0,0,0.23361893,1
33877,0,1,0.78091323,0
33878,0,0,0.025395468,1
33879,0,0,0.0728343,1
33880,0,0,0.012771868,1
33881,0,1,0.80147004,0
33882,1,0,0.069226466,0
33883,0,0,0.080213256,1
33884,0,1,0.9899282,0
33885,1,1,0.99970055,1
33886,0,0,0.043936532,1
33887,1,1,0.9895716,1
33888,0,1,0.9957104,0
33889,1,0,0.19110113,0
33890,0,0,0.05770532,1
33891,1,1,0.798344,1
33892,1,1,1.0,1
33893,0,1,0.99993694,0
33894,1,1,0.9998191,1
33895,0,1,0.994292,0
33896,1,1,0.7433543,1
33897,0,1,0.99998987,0
33898,1,1,0.9998623,1
33899,1,1,0.9863105,1
33900,1,0,0.042842172,0
33901,1,1,0.9999982,1
33902,0,1,0.37501955,0
33903,1,1,1.0,1
33904,0,0,0.04189131,1
33905,1,0,0.32220602,0
33906,1,0,0.14033626,0
33907,0,1,0.50250244,0
33908,0,1,0.9999596,0
33909,0,0,0.005395409,1
33910,1,1,0.9999963,1
33911,1,1,1.0,1
33912,0,1,0.961171,0
33913,0,1,0.7764535,0
33914,1,1,0.9217811,1
33915,1,1,0.99983656,1
33916,1,1,1.0,1
33917,1,1,0.99565166,1
33918,0,0,0.21750368,1
33919,0,0,0.056809194,1
33920,1,1,1.0,1
33921,1,1,0.4265007,1
33922,0,0,0.19559407,1
33923,1,1,0.99690056,1
33924,0,1,0.7233095,0
33925,0,0,0.082475364,1
33926,1,1,0.9987331,1
33927,0,0,0.34015632,1
33928,1,0,0.10771874,0
33929,0,0,0.112600096,1
33930,1,1,0.44655502,1
33931,0,0,0.0012136718,1
33932,0,1,0.88759494,0
33933,1,1,0.5616357,1
33934,1,1,0.99700147,1
33935,1,0,0.17575018,0
33936,1,1,1.0,1
33937,1,0,0.08240149,0
33938,0,0,0.22507577,1
33939,0,1,0.9462501,0
33940,1,0,0.17147702,0
33941,1,1,1.0,1
33942,1,1,0.99997437,1
33943,1,0,0.062273983,0
33944,0,1,0.58658206,0
33945,0,0,0.010288301,1
33946,1,1,0.99999976,1
33947,1,1,0.94402224,1
33948,1,1,0.80147004,1
33949,0,1,1.0,0
33950,0,1,0.9455002,0
33951,0,0,0.06412401,1
33952,1,1,0.99812514,1
33953,1,1,0.988108,1
33954,1,0,0.18720697,0
33955,1,0,0.09859886,0
33956,1,1,0.997537,1
33957,1,1,1.0,1
33958,0,1,0.9999993,0
33959,1,1,0.9999808,1
33960,1,1,0.9989956,1
33961,0,1,0.9999622,0
33962,0,0,0.17064616,1
33963,0,0,0.11027936,1
33964,0,1,0.53728414,0
33965,1,1,0.9999995,1
33966,0,0,0.03652812,1
33967,0,1,0.99926203,0
33968,1,1,0.57975733,1
33969,1,1,1.0,1
33970,0,1,0.9999318,0
33971,0,0,0.21206881,1
33972,0,1,0.92590266,0
33973,1,1,0.9948303,1
33974,0,1,0.99899167,0
33975,1,1,1.0,1
33976,1,1,0.96084166,1
33977,1,1,1.0,1
33978,1,1,0.99999976,1
33979,0,1,0.99847525,0
33980,0,0,0.018743115,1
33981,1,1,1.0,1
33982,0,0,0.02876159,1
33983,1,1,0.99999976,1
33984,1,0,0.32842174,0
33985,1,1,0.734691,1
33986,1,1,0.99999404,1
33987,0,1,0.6589115,0
33988,0,1,0.6872628,0
33989,1,1,1.0,1
33990,1,1,1.0,1
33991,0,1,0.41676694,0
33992,1,1,1.0,1
33993,0,0,0.040275678,1
33994,0,0,0.18594721,1
33995,0,1,0.929951,0
33996,1,0,0.11818139,0
33997,1,0,0.074030295,0
33998,0,0,0.2188363,1
33999,1,1,0.84758973,1
34000,0,1,0.9994012,0
34001,1,0,0.15533453,0
34002,1,0,0.02188545,0
34003,0,0,0.15869519,1
34004,1,0,0.07558479,0
34005,1,1,0.98609793,1
34006,1,1,0.99999774,1
34007,1,1,0.9009663,1
34008,1,0,0.23695739,0
34009,0,0,0.07675298,1
34010,0,1,0.6906113,0
34011,0,1,0.9999949,0
34012,1,0,0.01287075,0
34013,0,1,0.37022537,0
34014,0,0,0.18075651,1
34015,0,0,0.058614686,1
34016,1,1,0.999841,1
34017,1,0,0.19597848,0
34018,1,1,0.99999917,1
34019,1,1,0.8530579,1
34020,0,0,0.15146656,1
34021,0,0,0.034979645,1
34022,1,1,1.0,1
34023,1,1,0.99892044,1
34024,0,0,0.24789639,1
34025,0,1,0.99980515,0
34026,0,0,0.20858167,1
34027,1,1,1.0,1
34028,1,1,0.99999905,1
34029,1,0,0.06941548,0
34030,1,0,0.17064616,0
34031,1,1,0.8352149,1
34032,1,1,0.9999999,1
34033,1,1,1.0,1
34034,1,1,1.0,1
34035,0,1,0.42402434,0
34036,0,1,0.7067473,0
34037,1,0,0.058560826,0
34038,1,1,1.0,1
34039,1,1,0.96521765,1
34040,0,1,0.9389689,0
34041,1,0,0.15463115,0
34042,1,1,0.99999225,1
34043,1,1,0.63301337,1
34044,1,0,0.22884513,0
34045,0,1,0.99682117,0
34046,0,1,0.99956685,0
34047,1,1,1.0,1
34048,0,1,0.9103862,0
34049,1,1,0.999985,1
34050,0,1,0.4672406,0
34051,1,0,0.15215817,0
34052,1,1,0.99996495,1
34053,1,0,0.12268078,0
34054,1,1,0.999979,1
34055,0,0,0.18432663,1
34056,1,1,0.86373675,1
34057,0,1,0.9991474,0
34058,0,0,0.086632065,1
34059,0,0,0.13330236,1
34060,1,1,0.9851003,1
34061,0,0,0.1462091,1
34062,1,1,0.93663365,1
34063,1,1,0.9948902,1
34064,0,0,0.10438599,1
34065,1,0,0.17596246,0
34066,0,0,0.008694533,1
34067,0,1,0.9929061,0
34068,1,1,0.9998876,1
34069,1,1,0.75401044,1
34070,0,1,0.84872156,0
34071,1,1,0.9835654,1
34072,1,1,0.99780875,1
34073,1,0,0.018599968,0
34074,0,0,0.34726036,1
34075,1,1,0.44284734,1
34076,1,1,1.0,1
34077,1,1,0.4222366,1
34078,0,1,0.49548352,0
34079,1,1,1.0,1
34080,0,1,0.39992884,0
34081,1,1,0.5690745,1
34082,0,1,0.99999845,0
34083,0,0,0.010881333,1
34084,0,1,0.89533985,0
34085,0,1,0.5138514,0
34086,1,0,0.23651622,0
34087,0,0,0.023621805,1
34088,1,0,0.18388654,0
34089,1,1,0.99976677,1
34090,0,0,0.04611975,1
34091,1,1,0.99390244,1
34092,0,0,0.037361998,1
34093,0,1,0.78365755,0
34094,0,1,0.6028217,0
34095,1,1,0.99812144,1
34096,1,1,0.9999355,1
34097,0,0,0.19574778,1
34098,0,0,0.34320414,1
34099,1,1,0.9999844,1
34100,0,1,0.99173236,0
34101,0,0,0.20008837,1
34102,0,0,0.00189692,1
34103,1,1,0.6785932,1
34104,0,1,0.7303861,0
34105,1,1,1.0,1
34106,1,0,0.03615194,0
34107,0,1,0.9996178,0
34108,1,1,0.81047887,1
34109,1,1,0.67528296,1
34110,1,1,1.0,1
34111,1,1,0.9999988,1
34112,1,1,0.928668,1
34113,1,1,0.99999714,1
34114,1,1,0.74186105,1
34115,0,1,0.90414387,0
34116,1,1,0.92703366,1
34117,1,0,0.07723879,0
34118,1,1,0.9999906,1
34119,1,1,0.9753666,1
34120,1,1,0.99989283,1
34121,1,0,0.037361998,0
34122,1,1,1.0,1
34123,0,1,0.66285104,0
34124,1,1,0.98041254,1
34125,0,1,0.9614977,0
34126,0,1,0.9865976,0
34127,1,1,0.9602495,1
34128,1,1,0.38176683,1
34129,0,1,0.6501897,0
34130,1,1,0.96961325,1
34131,1,0,0.01858215,0
34132,1,1,0.99195355,1
34133,1,1,1.0,1
34134,1,1,0.9999893,1
34135,1,0,0.15817434,0
34136,0,0,0.023264103,1
34137,1,1,0.718051,1
34138,0,0,0.095433734,1
34139,0,1,0.9999999,0
34140,1,0,0.035310794,0
34141,1,1,0.9976586,1
34142,0,1,0.99995387,0
34143,0,0,0.28007457,1
34144,0,1,0.99999917,0
34145,1,1,1.0,1
34146,0,1,0.6644859,0
34147,1,1,0.99965465,1
34148,0,0,0.24576321,1
34149,1,1,0.9216402,1
34150,0,0,0.24908175,1
34151,1,1,0.9998267,1
34152,1,1,0.999982,1
34153,0,0,0.05315703,1
34154,1,1,0.9999982,1
34155,0,0,0.18322797,1
34156,1,0,0.15335886,0
34157,1,1,0.9853843,1
34158,0,0,0.116261385,1
34159,1,1,0.9998385,1
34160,0,0,0.3222593,1
34161,1,1,0.6291482,1
34162,1,1,1.0,1
34163,0,0,0.21060391,1
34164,1,1,0.99225944,1
34165,0,1,0.99997926,0
34166,1,1,1.0,1
34167,0,0,0.11436852,1
34168,1,1,0.9234544,1
34169,0,0,0.0044945246,1
34170,1,1,1.0,1
34171,0,1,0.6571535,0
34172,1,0,0.048903175,0
34173,0,1,0.9107044,0
34174,0,1,0.9999374,0
34175,0,0,0.1979091,1
34176,0,1,0.7153743,0
34177,1,1,0.9987331,1
34178,1,1,0.89533985,1
34179,1,0,0.13488984,0
34180,1,1,0.9999318,1
34181,0,0,0.04616273,1
34182,1,1,0.8784186,1
34183,1,1,0.99998975,1
34184,0,0,0.021781173,1
34185,0,0,0.13335878,1
34186,1,1,0.9139073,1
34187,1,1,0.5062863,1
34188,1,1,0.9999969,1
34189,1,1,0.8833366,1
34190,1,0,0.010091316,0
34191,1,1,0.99975556,1
34192,1,0,0.35053256,0
34193,1,0,0.031708594,0
34194,0,0,0.11191885,1
34195,0,0,0.30923226,1
34196,0,1,0.9961456,0
34197,0,1,0.3782294,0
34198,1,1,0.93645954,1
34199,0,0,0.20212801,1
34200,0,0,0.0034030052,1
34201,0,1,0.89561397,0
34202,1,1,0.97583157,1
34203,0,1,0.9999684,0
34204,1,1,0.99532723,1
34205,0,0,0.09146322,1
34206,1,0,0.24985887,0
34207,0,1,0.9998036,0
34208,0,1,0.9953994,0
34209,1,0,0.10167862,0
34210,0,0,0.014309456,1
34211,1,1,1.0,1
34212,1,1,0.4273967,1
34213,0,1,0.6581429,0
34214,0,0,0.17363825,1
34215,1,1,0.47088867,1
34216,1,0,0.041384716,0
34217,1,1,0.91006696,1
34218,1,0,0.026989132,0
34219,0,1,0.7109796,0
34220,1,1,0.544983,1
34221,1,1,0.9982893,1
34222,1,1,0.65141034,1
34223,1,1,0.765418,1
34224,0,1,0.36994082,0
34225,0,1,0.66546494,0
34226,0,0,0.09903369,1
34227,1,1,0.9890765,1
34228,0,1,0.4651749,0
34229,0,1,0.99981695,0
34230,0,0,0.27091402,1
34231,1,0,0.07661468,0
34232,1,1,0.99999046,1
34233,1,1,1.0,1
34234,0,1,0.99867237,0
34235,1,1,0.9139073,1
34236,0,0,0.0129954135,1
34237,0,1,0.5781505,0
34238,1,0,0.018635655,0
34239,0,1,0.71963,0
34240,1,1,1.0,1
34241,0,0,0.16033176,1
34242,0,1,0.5601925,0
34243,0,0,0.01694742,1
34244,1,1,0.9995728,1
34245,0,0,0.010150015,1
34246,0,0,0.05649606,1
34247,1,1,1.0,1
34248,0,0,0.12554705,1
34249,0,1,0.49707034,0
34250,0,0,0.09244169,1
34251,0,0,0.11075938,1
34252,1,1,0.8736466,1
34253,0,1,0.3890242,0
34254,0,1,0.6836835,0
34255,1,1,0.99992967,1
34256,1,1,0.99918,1
34257,1,0,0.086477645,0
34258,1,1,0.9999975,1
34259,0,1,0.97074324,0
34260,0,1,0.46815228,0
34261,1,0,0.20418316,0
34262,1,0,0.04050277,0
34263,0,1,0.7923839,0
34264,1,0,0.013636835,0
34265,1,1,0.99986446,1
34266,0,1,0.47170994,0
34267,1,1,0.9999702,1
34268,1,0,0.25312182,0
34269,0,1,0.99821436,0
34270,0,0,0.21485612,1
34271,0,1,0.38237205,0
34272,0,0,0.15947905,1
34273,0,0,0.07504072,1
34274,1,1,0.9983059,1
34275,0,0,0.09518112,1
34276,0,1,0.60141796,0
34277,0,1,0.49670413,0
34278,0,1,0.9842457,0
34279,1,1,0.5664383,1
34280,1,0,0.27855107,0
34281,1,0,0.34726036,0
34282,1,1,1.0,1
34283,1,1,0.7535573,1
34284,0,0,0.1867616,1
34285,1,1,0.89312315,1
34286,0,1,0.35930791,0
34287,1,1,0.995008,1
34288,0,0,0.056288198,1
34289,1,1,0.99871576,1
34290,1,1,0.9999999,1
34291,1,1,1.0,1
34292,1,1,0.8247444,1
34293,1,1,0.94610083,1
34294,1,1,0.9858004,1
34295,1,1,1.0,1
34296,1,1,1.0,1
34297,0,1,0.70866644,0
34298,1,1,0.99952435,1
34299,0,1,0.9937709,0
34300,1,1,1.0,1
34301,0,0,0.03659692,1
34302,1,0,0.25664562,0
34303,1,1,0.9609151,1
34304,0,1,0.86748546,0
34305,1,1,0.85034436,1
34306,1,1,0.8241791,1
34307,1,1,0.8498466,1
34308,1,1,0.99991035,1
34309,1,1,0.9993255,1
34310,1,1,0.9901782,1
34311,1,0,0.14829372,0
34312,1,1,0.9370381,1
34313,0,0,0.0047459654,1
34314,0,1,0.61860764,0
34315,0,1,0.5989575,0
34316,1,1,0.5549529,1
34317,0,1,0.63414687,0
34318,1,1,0.99999464,1
34319,0,1,0.9999753,0
34320,0,0,0.2180027,1
34321,0,0,0.18520921,1
34322,1,0,0.15178062,0
34323,1,1,0.9843664,1
34324,1,1,0.9999969,1
34325,1,1,0.99999964,1
34326,0,1,0.9889492,0
34327,1,1,0.4488188,1
34328,0,1,0.99977654,0
34329,1,1,0.86849254,1
34330,1,0,0.29007506,0
34331,1,0,0.019606182,0
34332,1,1,0.99997056,1
34333,1,1,1.0,1
34334,1,1,0.8620035,1
34335,0,0,0.059537485,1
34336,0,1,0.99635005,0
34337,0,0,0.2670735,1
34338,0,1,0.65836257,0
34339,1,1,0.9965837,1
34340,0,1,0.3777702,0
34341,1,1,0.99999964,1
34342,1,1,0.9997631,1
34343,1,1,0.99999976,1
34344,1,1,1.0,1
34345,1,1,0.9989267,1
34346,1,1,0.9990656,1
34347,0,0,0.15778463,1
34348,1,1,1.0,1
34349,0,1,0.7516937,0
34350,1,1,0.9997508,1
34351,1,1,0.9993988,1
34352,0,1,0.72691053,0
34353,0,0,0.030243218,1
34354,1,1,0.8974259,1
34355,1,1,0.992062,1
34356,1,1,0.5512718,1
34357,1,0,0.08487122,0
34358,1,0,0.3229529,0
34359,0,0,0.20593424,1
34360,0,1,0.9999716,0
34361,0,0,0.021491766,1
34362,1,1,0.99839586,1
34363,0,1,0.99961996,0
34364,0,0,0.08779819,1
34365,0,1,0.5690745,0
34366,1,0,0.2129677,0
34367,1,1,1.0,1
34368,1,1,0.9999994,1
34369,0,0,0.276007,1
34370,1,0,0.19004667,0
34371,1,0,0.27430275,0
34372,0,0,0.028060742,1
34373,1,1,0.604574,1
34374,0,0,0.045734633,1
34375,0,0,0.30730605,1
34376,1,1,0.9885804,1
34377,0,0,0.053899158,1
34378,1,1,1.0,1
34379,1,1,1.0,1
34380,1,0,0.0830685,0
34381,1,1,0.42104587,1
34382,1,1,0.99992967,1
34383,1,1,0.99991715,1
34384,1,1,0.80463624,1
34385,0,0,0.26057756,1
34386,1,0,0.15707219,0
34387,1,1,0.9814356,1
34388,1,1,0.99987805,1
34389,1,1,0.99999404,1
34390,1,1,1.0,1
34391,0,1,0.36296922,0
34392,1,1,0.97555363,1
34393,0,1,0.53607,0
34394,0,1,0.64360934,0
34395,0,1,0.9945201,0
34396,0,0,0.0212467,1
34397,1,1,1.0,1
34398,1,1,0.5688949,1
34399,1,1,0.9999963,1
34400,1,1,0.97786224,1
34401,1,1,0.9948403,1
34402,1,1,0.3974121,1
34403,1,0,0.18967113,0
34404,1,1,0.9443824,1
34405,0,0,0.31827322,1
34406,1,1,1.0,1
34407,0,0,0.2814056,1
34408,0,1,0.9997876,0
34409,1,1,0.9999683,1
34410,1,1,0.99631435,1
34411,0,0,0.22789864,1
34412,1,1,1.0,1
34413,0,1,0.57027155,0
34414,0,0,0.1510278,1
34415,0,0,0.30012983,1
34416,0,1,0.9987356,0
34417,0,1,0.99744415,0
34418,1,1,0.9987888,1
34419,1,0,0.002621441,0
34420,1,1,1.0,1
34421,1,0,0.25865355,0
34422,0,0,0.005968731,1
34423,0,0,0.16304526,1
34424,1,1,0.99999964,1
34425,0,0,0.086400524,1
34426,0,1,0.9996673,0
34427,0,1,0.84221536,0
34428,0,1,0.9999622,0
34429,0,0,0.20307463,1
34430,0,0,0.093760945,1
34431,0,1,0.7102767,0
34432,0,0,0.16599831,1
34433,1,1,0.6340336,1
34434,1,1,0.9352874,1
34435,0,1,0.9991186,0
34436,1,1,0.6039902,1
34437,1,1,0.9999981,1
34438,1,0,0.07107367,0
34439,1,0,0.110663235,0
34440,1,1,0.999658,1
34441,0,1,0.8597815,0
34442,1,1,0.9999993,1
34443,1,1,0.96829146,1
34444,0,1,0.45504722,0
34445,1,1,0.83828294,1
34446,0,0,0.046378206,1
34447,1,1,1.0,1
34448,1,1,0.9999993,1
34449,1,1,0.9979007,1
34450,1,1,0.9999999,1
34451,1,1,0.9999627,1
34452,1,1,0.49353063,1
34453,1,1,0.7195314,1
34454,1,1,1.0,1
34455,1,1,0.99990535,1
34456,0,1,1.0,0
34457,0,0,0.09309923,1
34458,1,0,0.1240007,0
34459,0,0,0.003586616,1
34460,0,1,0.4097816,0
34461,0,0,0.284576,1
34462,0,1,0.5715275,0
34463,1,1,0.99963164,1
34464,0,0,0.15297888,1
34465,0,0,0.108613685,1
34466,0,1,0.3754202,0
34467,1,1,0.99196917,1
34468,0,1,0.99877197,0
34469,1,1,0.9995703,1
34470,0,0,0.024099445,1
34471,1,0,0.3422967,0
34472,0,1,1.0,0
34473,1,0,0.13892843,0
34474,0,0,0.094176665,1
34475,1,1,1.0,1
34476,0,0,0.05399884,1
34477,0,1,0.9974788,0
34478,1,1,0.99999976,1
34479,0,0,0.013982613,1
34480,0,0,0.34615442,1
34481,1,0,0.061480366,0
34482,1,1,0.9999901,1
34483,1,1,0.99999547,1
34484,0,0,0.07470251,1
34485,1,1,0.59508085,1
34486,1,0,0.0057080337,0
34487,1,1,0.98913974,1
34488,0,0,0.21436231,1
34489,0,1,0.99502736,0
34490,1,1,0.99368566,1
34491,1,0,0.24526574,0
34492,1,1,0.9964204,1
34493,0,1,0.5795194,0
34494,0,0,0.068288535,1
34495,0,1,0.9999403,0
34496,1,1,0.99999475,1
34497,0,0,0.05981148,1
34498,0,0,0.032405518,1
34499,1,1,0.9183339,1
34500,1,1,1.0,1
34501,0,1,0.9191359,0
34502,1,0,0.23739909,0
34503,1,1,1.0,1
34504,1,1,0.99986017,1
34505,1,1,0.9997981,1
34506,1,1,0.9999558,1
34507,1,0,0.083142914,0
34508,0,0,0.012383786,1
34509,1,1,0.999977,1
34510,1,1,0.99933976,1
34511,0,0,0.245537,1
34512,1,0,0.089136936,0
34513,1,0,0.21925393,0
34514,1,1,0.99928623,1
34515,0,1,0.8607207,0
34516,1,1,0.99996686,1
34517,0,1,0.95540243,0
34518,1,1,0.99999964,1
34519,0,0,0.0921145,1
34520,0,1,0.9869292,0
34521,1,1,0.9976404,1
34522,1,1,0.9999994,1
34523,0,1,0.99999964,0
34524,1,1,1.0,1
34525,0,0,0.010529713,1
34526,1,1,1.0,1
34527,1,0,0.024940254,0
34528,0,1,0.8889517,0
34529,0,0,0.014700298,1
34530,1,1,0.9999633,1
34531,0,0,0.17252009,1
34532,1,1,0.99882597,1
34533,0,0,0.24382246,1
34534,0,1,0.9324533,0
34535,0,1,0.97104686,0
34536,0,0,0.10687689,1
34537,0,1,0.71158123,0
34538,1,1,0.9999889,1
34539,0,0,0.061199225,1
34540,0,1,0.8333246,0
34541,0,0,0.14755519,1
34542,0,1,0.5917232,0
34543,0,0,0.077867545,1
34544,0,0,0.100436606,1
34545,1,1,0.98844737,1
34546,0,0,0.030675802,1
34547,1,1,0.9486801,1
34548,1,0,0.00032376905,0
34549,1,0,0.047780067,0
34550,1,1,0.4280242,1
34551,1,0,0.30007854,0
34552,1,0,0.0683507,0
34553,1,1,0.9991117,1
34554,1,1,0.9988575,1
34555,1,1,0.99995494,1
34556,1,1,0.99999857,1
34557,1,1,1.0,1
34558,0,0,0.18366683,1
34559,0,1,0.469125,0
34560,0,1,0.88885534,0
34561,0,1,0.478011,0
34562,0,1,0.9999976,0
34563,1,1,0.67678016,1
34564,0,1,0.52658623,0
34565,1,1,1.0,1
34566,1,1,0.8607207,1
34567,1,1,0.99927205,1
34568,0,1,0.6685017,0
34569,1,1,0.99999964,1
34570,1,1,0.99522626,1
34571,0,0,0.27192786,1
34572,0,0,0.09113915,1
34573,1,1,0.39326853,1
34574,0,0,0.21190566,1
34575,1,1,0.99985576,1
34576,0,0,0.2641685,1
34577,1,0,0.028328313,0
34578,0,0,0.10475175,1
34579,0,1,0.9981067,0
34580,1,1,1.0,1
34581,1,0,0.11971655,0
34582,1,1,0.98096734,1
34583,0,0,0.092359796,1
34584,0,1,0.6058573,0
34585,1,1,0.9990601,1
34586,0,1,0.9999846,0
34587,1,1,0.9622852,1
34588,0,0,0.0553617,1
34589,1,1,1.0,1
34590,0,1,0.87234735,0
34591,0,1,0.99982053,0
34592,0,0,0.11047115,1
34593,0,0,0.031084953,1
34594,0,0,0.11377637,1
34595,1,1,0.9925538,1
34596,0,0,0.00030654366,1
34597,1,1,0.98920244,1
34598,1,1,1.0,1
34599,1,0,0.06791668,0
34600,0,1,0.98475236,0
34601,1,0,0.05926467,0
34602,1,1,0.99773055,1
34603,0,1,0.7031929,0
34604,1,1,1.0,1
34605,1,1,0.8775817,1
34606,0,0,0.3122127,1
34607,0,0,0.009802816,1
34608,1,1,0.9999999,1
34609,1,0,0.09426001,0
34610,0,0,0.10105591,1
34611,0,0,0.26180246,1
34612,1,1,0.9997594,1
34613,0,1,0.95426536,0
34614,1,1,0.957715,1
34615,0,1,0.37926343,0
34616,0,0,0.007815888,1
34617,1,1,0.9970822,1
34618,0,0,0.10800066,1
34619,0,0,0.015573563,1
34620,1,1,0.48084435,1
34621,1,0,0.20315367,0
34622,0,0,0.20228556,1
34623,1,1,0.9999999,1
34624,1,0,0.18395983,0
34625,0,1,0.99268264,0
34626,0,1,0.9997749,0
34627,0,0,0.23370637,1
34628,1,1,0.9026955,1
34629,1,1,0.9999938,1
34630,0,0,0.083142914,1
34631,0,1,0.6420398,0
34632,0,1,0.38199735,0
34633,1,1,0.96171397,1
34634,1,1,0.9999995,1
34635,0,1,0.9472348,0
34636,1,1,1.0,1
34637,0,0,0.24912742,1
34638,0,1,0.91700584,0
34639,1,1,0.9999851,1
34640,1,1,0.74697053,1
34641,1,1,1.0,1
34642,1,1,0.8510886,1
34643,1,1,0.9999831,1
34644,0,1,0.99941504,0
34645,0,1,1.0,0
34646,0,0,0.02136889,1
34647,1,1,1.0,1
34648,0,0,0.2961451,1
34649,0,1,0.59231293,0
34650,1,0,0.18257123,0
34651,1,1,1.0,1
34652,0,1,0.9878762,0
34653,1,1,0.9999231,1
34654,0,0,0.09947022,1
34655,1,1,0.98680264,1
34656,1,1,0.9988028,1
34657,1,1,0.9609151,1
34658,0,1,0.818011,0
34659,0,0,0.18877222,1
34660,1,0,0.08218025,0
34661,1,0,0.26526144,0
34662,1,1,0.5164431,1
34663,1,1,0.9999995,1
34664,1,1,1.0,1
34665,1,1,0.77704614,1
34666,1,0,0.06506812,0
34667,1,0,0.088820286,0
34668,1,1,0.8095773,1
34669,1,1,0.99999976,1
34670,0,1,0.96891505,0
34671,1,1,0.99998,1
34672,1,1,0.98646784,1
34673,1,1,0.8896248,1
34674,0,1,0.937669,0
34675,1,1,1.0,1
34676,1,1,0.99991584,1
34677,0,0,0.21255875,1
34678,0,1,0.99988985,0
34679,1,1,0.9999999,1
34680,0,1,0.3918131,0
34681,0,0,0.03807084,1
34682,0,0,0.1880256,1
34683,0,1,0.8307315,0
34684,0,0,0.17342815,1
34685,1,1,0.9999734,1
34686,1,1,0.55549556,1
34687,0,1,0.60743034,0
34688,1,1,0.9999653,1
34689,1,0,0.0553617,0
34690,0,1,0.44761118,0
34691,0,0,0.22524613,1
34692,0,1,0.7642764,0
34693,0,0,0.00946738,1
34694,0,0,0.16776335,1
34695,1,1,0.9999999,1
34696,1,1,0.99947566,1
34697,0,1,0.9998104,0
34698,0,1,0.8892406,0
34699,0,1,0.96360916,0
34700,0,1,0.45005724,0
34701,1,1,0.99731135,1
34702,1,1,0.3921913,1
34703,1,1,0.9999181,1
34704,1,0,0.090253234,0
34705,1,1,0.99999976,1
34706,1,0,0.02945148,0
34707,1,0,0.17106119,0
34708,1,1,0.9626028,1
34709,0,1,0.81479084,0
34710,0,1,0.70548075,0
34711,0,1,0.4038313,0
34712,1,1,0.9996971,1
34713,1,1,1.0,1
34714,1,1,1.0,1
34715,0,0,0.13145173,1
34716,0,0,0.14730969,1
34717,1,1,0.97779876,1
34718,1,1,0.9963994,1
34719,0,0,0.11706649,1
34720,1,0,0.0079997545,0
34721,0,0,0.13637818,1
34722,1,0,0.18690996,0
34723,1,1,0.524212,1
34724,1,0,0.04676847,0
34725,0,0,0.030938227,1
34726,0,1,0.5960805,0
34727,1,0,0.1437277,0
34728,1,0,0.19140324,0
34729,1,1,0.71388066,1
34730,0,1,0.9675945,0
34731,1,1,1.0,1
34732,1,1,0.9996309,1
34733,1,0,0.06979493,0
34734,1,1,0.9999206,1
34735,1,1,0.82375413,1
34736,1,1,0.97786224,1
34737,1,1,0.9999379,1
34738,1,1,0.987265,1
34739,1,0,0.17140767,0
34740,0,1,0.99228936,0
34741,0,0,0.10937239,1
34742,0,1,0.9928924,0
34743,0,0,0.02094421,1
34744,1,1,0.99998224,1
34745,0,1,0.9280836,0
34746,0,1,0.8489722,0
34747,1,1,0.9991186,1
34748,0,0,0.21700546,1
34749,0,0,0.16817279,1
34750,0,1,0.6719551,0
34751,1,1,0.99789256,1
34752,0,1,0.9999963,0
34753,1,1,0.6470737,1
34754,0,0,0.10230471,1
34755,1,1,0.9994673,1
34756,1,1,1.0,1
34757,1,0,0.18565173,0
34758,1,1,1.0,1
34759,0,1,0.8847382,0
34760,1,1,1.0,1
34761,1,1,0.99306935,1
34762,1,1,1.0,1
34763,1,1,0.99812144,1
34764,0,0,0.18278994,1
34765,0,1,0.90665317,0
34766,0,0,0.3398824,1
34767,1,1,0.9999914,1
34768,1,1,0.99999976,1
34769,1,1,0.99999654,1
34770,0,1,0.9988883,0
34771,0,1,0.65902126,0
34772,0,1,0.99889696,0
34773,0,1,0.99666256,0
34774,1,1,0.9999274,1
34775,1,1,0.99975365,1
34776,0,1,0.8655653,0
34777,1,1,0.9999989,1
34778,0,0,0.047030386,1
34779,0,1,0.8559716,0
34780,0,1,0.99541724,0
34781,0,1,0.5951396,0
34782,1,1,0.9991013,1
34783,0,0,0.18594721,1
34784,0,1,0.9496227,0
34785,0,0,0.12852515,1
34786,0,1,0.99998367,0
34787,1,1,1.0,1
34788,0,0,0.09611029,1
34789,1,1,0.9999995,1
34790,0,1,0.3600389,0
34791,1,1,0.9996486,1
34792,1,1,0.9999981,1
34793,1,1,0.74867404,1
34794,1,1,0.79716235,1
34795,1,0,0.02774289,0
34796,1,1,0.73421484,1
34797,1,1,1.0,1
34798,1,1,0.99271095,1
34799,1,1,1.0,1
34800,0,0,0.2666436,1
34801,1,1,1.0,1
34802,1,1,0.9999471,1
34803,1,1,1.0,1
34804,0,0,0.11576064,1
34805,0,0,0.17924303,1
34806,0,1,0.9327602,0
34807,1,1,0.9979372,1
34808,1,0,0.13939638,0
34809,1,1,1.0,1
34810,1,1,0.4801435,1
34811,0,1,0.7947038,0
34812,1,0,0.045225907,0
34813,0,1,0.6994084,0
34814,0,1,0.76960015,0
34815,0,0,0.2616138,1
34816,1,1,0.99991655,1
34817,1,1,1.0,1
34818,1,1,0.99961627,1
34819,1,1,0.99805814,1
34820,1,1,0.99995387,1
34821,1,1,1.0,1
34822,0,1,0.5390439,0
34823,0,0,0.23475733,1
34824,0,1,0.8916225,0
34825,1,1,0.9982109,1
34826,1,1,1.0,1
34827,1,1,1.0,1
34828,1,1,1.0,1
34829,0,0,0.06779314,1
34830,1,0,0.18440005,0
34831,1,0,0.18417984,0
34832,1,1,1.0,1
34833,0,0,0.12147716,1
34834,0,0,0.14523655,1
34835,0,1,0.9983865,0
34836,1,0,0.00074515573,0
34837,1,0,0.10230471,0
34838,1,1,0.9991424,1
34839,0,0,0.022999303,1
34840,0,1,0.36653307,0
34841,1,1,0.8705973,1
34842,1,1,0.9506406,1
34843,1,1,0.99864095,1
34844,1,1,0.99014014,1
34845,1,0,0.23554772,0
34846,0,1,0.87375444,0
34847,1,1,0.99649614,1
34848,0,1,0.47858977,0
34849,1,1,0.99999774,1
34850,1,0,0.1965176,0
34851,0,1,0.3632515,0
34852,1,1,0.9999999,1
34853,1,1,0.9999999,1
34854,0,0,0.075995214,1
34855,0,1,0.99834836,0
34856,1,1,0.8564525,1
34857,0,0,0.1775255,1
34858,0,0,0.24454337,1
34859,1,1,0.52609926,1
34860,1,1,0.999997,1
34861,0,0,0.09790669,1
34862,1,1,0.4374029,1
34863,1,1,0.926769,1
34864,1,1,0.9939261,1
34865,1,1,1.0,1
34866,0,1,0.9933717,0
34867,0,1,0.96249723,0
34868,1,1,0.99999976,1
34869,1,1,0.9999968,1
34870,1,1,0.9999918,1
34871,0,1,0.59989536,0
34872,1,1,0.6234342,1
34873,1,1,0.99999976,1
34874,0,1,0.9410069,0
34875,1,1,0.9981933,1
34876,1,1,0.7600278,1
34877,1,1,0.99998045,1
34878,0,0,0.006277706,1
34879,0,0,0.12194692,1
34880,0,0,0.1513411,1
34881,0,0,0.32739943,1
34882,1,1,0.9897315,1
34883,1,1,0.8829335,1
34884,1,1,0.9999726,1
34885,1,1,0.9999385,1
34886,1,1,1.0,1
34887,0,0,0.15002882,1
34888,1,1,0.9886464,1
34889,0,0,0.13150749,1
34890,1,1,0.9982692,1
34891,1,1,0.99926347,1
34892,0,0,0.1560406,1
34893,0,0,0.0011203773,1
34894,1,1,0.99994147,1
34895,0,1,0.9999999,0
34896,1,1,0.9998097,1
34897,1,0,0.036734894,0
34898,0,1,0.755637,0
34899,1,0,0.08803311,0
34900,0,0,0.03442355,1
34901,1,1,0.9997757,1
34902,1,1,0.99656373,1
34903,0,1,0.8580062,0
34904,1,1,0.8265718,1
34905,0,0,0.07885492,1
34906,1,1,0.9998965,1
34907,0,1,0.99996233,0
34908,1,1,0.99999976,1
34909,0,1,0.5092763,0
34910,0,0,0.01001357,1
34911,0,0,0.1648523,1
34912,1,1,0.969814,1
34913,1,1,0.9999999,1
34914,0,0,0.05728198,1
34915,1,1,0.99372226,1
34916,1,1,0.99817204,1
34917,1,1,1.0,1
34918,1,1,0.9999999,1
34919,1,1,0.99293363,1
34920,1,0,0.19178137,0
34921,0,1,0.88671505,0
34922,1,1,0.99912554,1
34923,0,1,0.4213732,0
34924,1,1,0.99491006,1
34925,0,0,0.12506539,1
34926,0,1,0.9567556,0
34927,1,1,0.9999521,1
34928,1,1,0.4829168,1
34929,1,1,0.99998283,1
34930,0,0,0.12147716,1
34931,0,0,0.27163795,1
34932,1,1,0.99996006,1
34933,1,0,0.011823393,0
34934,1,1,1.0,1
34935,1,1,0.6997163,1
34936,1,1,0.9992549,1
34937,0,1,0.8433798,0
34938,0,0,0.33933485,1
34939,0,0,0.025834186,1
34940,0,0,0.09713317,1
34941,0,0,0.05094091,1
34942,0,1,0.6894624,0
34943,1,0,0.27889463,0
34944,0,1,0.99999917,0
34945,0,0,0.027014792,1
34946,1,0,0.31753206,0
34947,1,1,0.999979,1
34948,0,0,0.17009403,1
34949,0,1,0.9539232,0
34950,1,1,0.97009856,1
34951,1,1,0.9999896,1
34952,0,0,0.34191206,1
34953,0,1,0.8352149,0
34954,1,1,1.0,1
34955,0,0,0.17924303,1
34956,0,0,0.12373573,1
34957,1,1,0.55579686,1
34958,0,0,0.10132237,1
34959,0,0,0.11706649,1
34960,0,1,0.48334357,0
34961,1,1,1.0,1
34962,0,1,0.94427973,0
34963,0,0,0.01524759,1
34964,0,1,0.9921841,0
34965,1,1,0.9912548,1
34966,1,1,0.99502736,1
34967,1,1,1.0,1
34968,1,1,0.99999464,1
34969,0,0,0.13793841,1
34970,1,1,0.47883344,1
34971,1,1,1.0,1
34972,1,0,0.061819322,0
34973,1,0,0.044597577,0
34974,0,0,0.0606962,1
34975,0,0,0.01757688,1
34976,1,1,0.9999999,1
34977,1,1,0.9989371,1
34978,0,0,0.06307716,1
34979,0,0,0.05079946,1
34980,1,1,0.99999464,1
34981,1,1,1.0,1
34982,0,0,0.024703868,1
34983,1,1,0.9985018,1
34984,0,1,0.8113773,0
34985,1,1,0.98394,1
34986,0,0,0.0649494,1
34987,0,1,0.8134608,0
34988,1,1,0.9974837,1
34989,0,0,0.1192542,1
34990,0,1,0.62732357,0
34991,0,0,0.025035424,1
34992,0,1,0.35650268,0
34993,1,0,0.20801799,0
34994,0,0,0.23300752,1
34995,1,0,0.18090117,0
34996,1,0,0.28731766,0
34997,0,1,0.8718026,0
34998,1,1,0.44399214,1
34999,0,1,0.9172285,0
35000,0,0,0.017661398,1
35001,0,1,0.9706599,0
35002,1,1,0.9996959,1
35003,0,0,0.16810448,1
35004,0,0,0.11920292,1
35005,0,1,0.99999905,0
35006,1,1,0.9964134,1
35007,0,0,0.31737337,1
35008,0,0,0.035611417,1
35009,0,1,0.79534036,0
35010,0,0,0.13945496,1
35011,1,1,1.0,1
35012,1,1,0.99940586,1
35013,1,1,0.9991441,1
35014,0,1,0.8334602,0
35015,1,1,0.9999715,1
35016,0,1,0.65539116,0
35017,1,1,0.9457512,1
35018,0,0,0.13006428,1
35019,1,1,0.9997398,1
35020,1,1,0.99999726,1
35021,1,1,0.99987173,1
35022,1,1,1.0,1
35023,1,0,0.2972659,0
35024,0,1,0.8984996,0
35025,0,1,0.8932163,0
35026,0,1,0.82460326,0
35027,0,1,0.406862,0
35028,1,1,0.95715785,1
35029,1,0,0.27727723,0
35030,1,1,0.9811488,1
35031,0,1,0.8975158,0
35032,1,1,0.86223567,1
35033,1,1,0.45081267,1
35034,0,0,0.3317148,1
35035,0,0,0.08678673,1
35036,0,1,0.99999607,0
35037,1,1,1.0,1
35038,0,0,0.1186912,1
35039,0,0,0.10008423,1
35040,1,0,0.34460884,0
35041,0,1,0.4616538,0
35042,0,1,0.9999546,0
35043,0,0,0.06766981,1
35044,1,1,0.99999976,1
35045,1,1,0.99784684,1
35046,1,1,0.999828,1
35047,0,0,0.069289416,1
35048,1,0,0.19713515,0
35049,1,1,0.9329437,1
35050,0,1,0.99521697,0
35051,1,1,0.99996436,1
35052,0,1,0.8449215,0
35053,1,1,0.99957854,1
35054,1,1,0.9999707,1
35055,1,1,0.99999964,1
35056,1,1,0.96653706,1
35057,0,1,0.7025811,0
35058,0,1,0.649523,0
35059,1,1,0.9999379,1
35060,1,1,0.9999231,1
35061,1,1,1.0,1
35062,1,1,1.0,1
35063,0,1,0.9620719,0
35064,1,1,1.0,1
35065,1,1,0.99999714,1
35066,0,1,1.0,0
35067,0,0,0.020606475,1
35068,1,1,0.9999546,1
35069,0,1,0.9764681,0
35070,1,1,1.0,1
35071,0,1,0.9627783,0
35072,1,1,0.999998,1
35073,1,1,0.74502754,1
35074,1,1,0.97949183,1
35075,0,1,0.9763782,0
35076,0,0,0.15987214,1
35077,0,0,0.021307707,1
35078,1,0,0.26817408,0
35079,0,0,0.15059009,1
35080,0,0,0.017375663,1
35081,1,0,0.0703677,0
35082,1,1,0.9729595,1
35083,0,0,0.058722552,1
35084,1,1,0.73932827,1
35085,0,0,0.024446366,1
35086,1,0,0.03188899,0
35087,1,1,0.40703875,1
35088,0,1,0.9458012,0
35089,1,1,0.9999027,1
35090,1,1,1.0,1
35091,1,1,0.99885976,1
35092,0,1,0.92262185,0
35093,1,1,0.9994012,1
35094,0,1,0.9999907,0
35095,1,1,0.9975986,1
35096,0,0,0.006277706,1
35097,1,1,0.99922514,1
35098,1,1,1.0,1
35099,0,0,0.2491731,1
35100,1,0,0.042403832,0
35101,1,1,0.9999958,1
35102,1,1,0.44800362,1
35103,1,1,0.99999547,1
35104,1,1,0.40951598,1
35105,1,0,0.029228985,0
35106,1,1,0.9354055,1
35107,0,0,0.27527583,1
35108,1,1,0.99541724,1
35109,0,0,0.13488984,1
35110,1,1,0.99989104,1
35111,0,0,0.11696559,1
35112,0,0,0.009727272,1
35113,1,0,0.00016603846,0
35114,1,1,0.9990245,1
35115,0,1,0.9998945,0
35116,1,1,0.9999999,1
35117,0,1,0.9958901,0
35118,1,0,0.0140907345,0
35119,1,1,0.9421352,1
35120,1,1,0.99995387,1
35121,0,0,0.12759827,1
35122,1,1,0.76308674,1
35123,0,0,0.043123364,1
35124,0,1,0.9990471,0
35125,0,1,1.0,0
35126,1,1,0.99999774,1
35127,1,0,0.049819652,0
35128,1,1,0.9999976,1
35129,1,0,0.31526145,0
35130,1,1,0.4906017,1
35131,0,1,0.9999732,0
35132,0,0,0.1596755,1
35133,1,1,0.99922514,1
35134,1,0,0.015014747,0
35135,1,1,0.99956006,1
35136,1,1,0.87987113,1
35137,1,1,0.9781563,1
35138,1,1,1.0,1
35139,1,0,0.020884216,0
35140,1,1,0.9999999,1
35141,1,0,0.029284457,0
35142,1,0,0.2604835,0
35143,0,0,0.11576064,1
35144,1,1,0.9995566,1
35145,1,1,0.9999924,1
35146,0,0,0.0055982484,1
35147,1,0,0.076132484,0
35148,1,1,0.99993134,1
35149,0,0,0.094176665,1
35150,1,0,0.0029292419,0
35151,0,0,0.1647851,1
35152,1,0,0.11501305,0
35153,0,0,0.061255362,1
35154,0,0,0.33377463,1
35155,1,1,1.0,1
35156,1,1,0.9997075,1
35157,1,0,0.343617,0
35158,0,0,0.068975195,1
35159,1,1,0.99941504,1
35160,0,0,0.038357977,1
35161,1,1,0.9996118,1
35162,1,1,0.9987306,1
35163,0,1,0.99995863,0
35164,0,1,0.38199735,0
35165,1,1,0.9999846,1
35166,1,1,0.9995092,1
35167,1,1,0.93385434,1
35168,1,0,0.34593338,0
35169,0,0,0.31106052,1
35170,1,1,0.6917577,1
35171,1,1,0.79865825,1
35172,1,1,1.0,1
35173,1,1,1.0,1
35174,1,1,1.0,1
35175,0,1,0.9711565,0
35176,0,1,0.49304244,0
35177,0,0,0.0139557095,1
35178,0,0,0.061649624,1
35179,1,1,1.0,1
35180,0,1,0.9999379,0
35181,0,0,0.03618598,1
35182,0,1,0.9615338,0
35183,0,0,0.21816924,1
35184,0,0,0.12179017,1
35185,1,1,1.0,1
35186,1,1,0.8299059,1
35187,1,1,0.999998,1
35188,1,1,0.9995479,1
35189,1,1,0.99993646,1
35190,1,0,0.013402403,0
35191,0,1,0.9992679,0
35192,1,1,0.79952055,1
35193,1,0,0.19368058,0
35194,0,0,0.0038618702,1
35195,1,1,0.9992084,1
35196,1,1,1.0,1
35197,1,1,0.9534054,1
35198,0,0,0.11392417,1
35199,0,0,0.14384791,1
35200,1,1,0.5336405,1
35201,1,0,0.0111580305,0
35202,1,1,0.4400782,1
35203,1,1,0.93183565,1
35204,1,1,0.99922216,1
35205,1,1,0.9872895,1
35206,1,1,1.0,1
35207,0,0,0.30845058,1
35208,1,1,0.99683964,1
35209,1,1,0.9998029,1
35210,0,0,0.033716537,1
35211,0,0,0.06910072,1
35212,1,1,0.5139734,1
35213,1,1,0.5219585,1
35214,1,1,0.6794446,1
35215,0,1,0.97691274,0
35216,1,0,0.09244169,0
35217,0,1,0.9392481,0
35218,1,0,0.10631887,0
35219,1,1,1.0,1
35220,0,1,0.99882597,0
35221,0,0,0.08487122,1
35222,0,1,0.91767234,0
35223,1,1,0.99765414,1
35224,1,1,0.97664696,1
35225,1,1,0.7744129,1
35226,1,0,0.15687834,0
35227,1,1,1.0,1
35228,1,1,0.99968433,1
35229,0,0,0.089136936,1
35230,1,1,0.7839885,1
35231,0,1,0.84195566,0
35232,1,1,0.98427594,1
35233,0,1,0.99984825,0
35234,1,1,1.0,1
35235,1,1,0.9999995,1
35236,0,0,0.010860332,1
35237,0,1,0.46326214,0
35238,0,0,0.28711778,1
35239,1,1,0.97550696,1
35240,1,0,0.26284182,0
35241,1,1,0.76171577,1
35242,0,0,0.09534946,1
35243,0,1,1.0,0
35244,0,1,0.98873377,0
35245,0,1,0.8327813,0
35246,1,1,0.6036398,1
35247,0,0,0.34527084,1
35248,1,0,0.21452682,0
35249,0,1,0.99999917,0
35250,0,1,0.99999464,0
35251,1,1,0.3960098,1
35252,0,0,0.0015854307,1
35253,0,1,0.9790157,0
35254,0,0,0.0793529,1
35255,0,0,0.027690258,1
35256,0,1,0.8385476,0
35257,1,1,1.0,1
35258,1,1,0.8431217,1
35259,1,1,0.6846331,1
35260,1,1,1.0,1
35261,1,1,0.9999994,1
35262,0,1,0.974893,0
35263,0,1,0.5730215,0
35264,1,1,1.0,1
35265,1,1,0.99996006,1
35266,1,0,0.19444428,0
35267,1,0,0.12554705,0
35268,0,0,0.06159316,1
35269,1,1,0.99999976,1
35270,1,0,0.040162582,0
35271,0,1,0.94791394,0
35272,0,1,0.99980205,0
35273,1,0,0.3488115,0
35274,1,1,0.99984586,1
35275,0,1,0.6983809,0
35276,1,1,0.99999905,1
35277,1,1,1.0,1
35278,0,0,0.15291561,1
35279,0,1,0.5975492,0
35280,0,0,0.0607519,1
35281,1,1,1.0,1
35282,1,0,0.23335676,0
35283,1,1,1.0,1
35284,0,0,0.14959349,1
35285,0,0,0.10539455,1
35286,1,1,1.0,1
35287,0,1,0.8338664,0
35288,1,0,0.062046263,0
35289,1,1,0.9987625,1
35290,0,1,0.99999404,0
35291,1,1,1.0,1
35292,0,1,1.0,0
35293,1,0,0.07871317,0
35294,0,0,0.11153119,1
35295,1,1,0.9904591,1
35296,1,1,0.5043334,1
35297,1,1,0.99999905,1
35298,0,0,0.17802514,1
35299,1,0,0.16796798,0
35300,1,0,7.797352e-06,0
35301,0,0,0.28746766,1
35302,1,0,0.018316884,0
35303,1,1,1.0,1
35304,0,0,0.0054799085,1
35305,0,0,0.1683778,1
35306,0,0,0.27963173,1
35307,1,1,1.0,1
35308,1,1,0.99818975,1
35309,0,1,0.98215127,0
35310,1,1,0.9828068,1
35311,0,0,0.06394842,1
35312,1,1,0.9999926,1
35313,0,1,0.88161486,0
35314,1,1,0.99999917,1
35315,1,1,1.0,1
35316,0,0,0.20914644,1
35317,0,1,0.68326104,0
35318,1,1,0.9597998,1
35319,0,0,0.041075893,1
35320,0,0,0.28066567,1
35321,0,0,0.188847,1
35322,0,0,0.15915205,1
35323,0,1,0.9999094,0
35324,0,0,0.25256836,1
35325,1,0,0.042443503,0
35326,0,1,0.9676251,0
35327,1,1,1.0,1
35328,0,0,0.04773565,1
35329,1,1,0.9967206,1
35330,1,1,0.57080984,1
35331,0,0,0.051130094,1
35332,1,0,0.18198897,0
35333,1,1,1.0,1
35334,0,1,0.9999993,0
35335,1,1,1.0,1
35336,0,0,0.11417084,1
35337,0,0,0.337149,1
35338,0,0,0.052327625,1
35339,1,1,0.99993396,1
35340,1,1,0.99869555,1
35341,0,1,0.96192914,0
35342,0,0,0.19276717,1
35343,1,1,0.9109423,1
35344,0,0,0.18169841,1
35345,0,0,0.31289464,1
35346,0,0,0.05845324,1
35347,0,1,0.4336217,0
35348,1,0,0.11516222,0
35349,1,0,0.036665846,0
35350,0,0,0.10697014,1
35351,1,1,0.999908,1
35352,1,1,1.0,1
35353,1,1,0.9888204,1
35354,1,1,0.99592197,1
35355,1,1,0.92241246,1
35356,0,1,0.99881446,0
35357,1,0,0.32284617,0
35358,1,1,0.9999931,1
35359,0,1,0.3652303,0
35360,0,1,0.95972437,0
35361,0,0,0.053304683,1
35362,1,1,0.9988373,1
35363,0,1,0.95695716,0
35364,0,1,0.6746403,0
35365,1,1,0.99978596,1
35366,0,1,0.99990654,0
35367,1,1,0.9830851,1
35368,1,1,0.5867596,1
35369,0,0,0.069541745,1
35370,0,1,0.8889517,0
35371,1,1,0.77449816,1
35372,0,0,0.12754393,1
35373,0,1,0.787768,0
35374,1,1,0.72947156,1
35375,1,1,0.9574771,1
35376,1,1,0.99999785,1
35377,0,1,0.6213686,0
35378,1,1,1.0,1
35379,1,1,0.9999852,1
35380,0,1,0.996557,0
35381,1,1,0.9996666,1
35382,0,0,0.10502681,1
35383,1,1,1.0,1
35384,0,0,0.062103122,1
35385,1,1,0.9999994,1
35386,1,0,0.026733862,0
35387,0,1,0.5117776,0
35388,0,1,0.9901972,0
35389,0,1,0.9999316,0
35390,1,1,0.9999999,1
35391,1,1,0.9984692,1
35392,0,0,0.23863891,1
35393,0,0,0.0118005965,1
35394,1,1,0.999577,1
35395,1,1,0.99871826,1
35396,0,1,0.9825408,0
35397,1,1,0.9997321,1
35398,0,1,0.4608651,0
35399,1,1,0.9936733,1
35400,0,1,0.72242916,0
35401,1,1,1.0,1
35402,1,1,0.9405172,1
35403,1,1,1.0,1
35404,0,1,0.99476975,0
35405,0,0,0.011915022,1
35406,1,1,0.9978884,1
35407,1,0,0.14922118,0
35408,1,1,1.0,1
35409,0,0,0.051605962,1
35410,1,0,0.17071527,0
35411,1,1,0.4316141,1
35412,0,0,0.33079538,1
35413,0,1,0.6484107,0
35414,1,1,0.99998057,1
35415,1,1,0.7604728,1
35416,1,1,0.89077026,1
35417,1,1,0.56925416,1
35418,0,1,0.9999249,0
35419,1,0,0.06884988,0
35420,0,1,0.9999703,0
35421,1,1,0.9999999,1
35422,1,1,0.998345,1
35423,1,1,0.9590777,1
35424,1,1,0.9875444,1
35425,1,1,1.0,1
35426,1,1,0.9999012,1
35427,0,1,0.5628374,0
35428,0,1,0.99665606,0
35429,0,0,0.04340633,1
35430,0,1,0.99973875,0
35431,0,1,0.55096984,0
35432,1,1,0.99999964,1
35433,1,1,0.99999845,1
35434,1,1,0.99996805,1
35435,1,1,0.9991066,1
35436,1,1,0.99999654,1
35437,1,1,0.99980813,1
35438,1,0,0.07011259,0
35439,1,1,0.99306935,1
35440,1,0,0.14229147,0
35441,0,1,0.99195355,0
35442,0,1,0.91117966,0
35443,1,1,1.0,1
35444,0,1,0.9998511,0
35445,1,1,0.73616356,1
35446,1,1,0.99991965,1
35447,0,0,0.3180084,1
35448,1,1,1.0,1
35449,1,1,0.9811849,1
35450,1,1,0.98977125,1
35451,0,0,0.34532604,1
35452,1,1,0.9998876,1
35453,1,1,0.93980294,1
35454,0,0,0.03879259,1
35455,1,0,0.072177574,0
35456,1,1,0.99999976,1
35457,0,0,0.12116486,1
35458,0,1,0.5580862,0
35459,0,0,0.0031788659,1
35460,0,0,0.061480366,1
35461,1,1,0.9705485,1
35462,0,0,0.074500255,1
35463,1,1,0.9999963,1
35464,1,1,0.8734309,1
35465,1,1,0.99722075,1
35466,1,1,0.9978173,1
35467,0,0,0.122733355,1
35468,0,1,0.9989857,0
35469,1,1,1.0,1
35470,1,1,0.9999989,1
35471,0,0,0.029423581,1
35472,1,0,0.28826845,0
35473,0,0,0.2115797,1
35474,1,0,0.26850963,0
35475,1,1,0.7642764,1
35476,1,1,0.9999999,1
35477,1,0,0.1305069,0
35478,1,1,0.99979264,1
35479,1,1,0.9948102,1
35480,0,1,0.99998987,0
35481,1,1,0.9999827,1
35482,0,1,0.98287266,0
35483,1,1,0.6204492,1
35484,0,0,0.21766995,1
35485,1,1,0.97923523,1
35486,1,1,0.99967945,1
35487,1,0,0.050424065,0
35488,0,1,0.71795213,0
35489,1,1,0.9999057,1
35490,1,1,0.84273374,1
35491,0,0,0.0034162789,1
35492,1,1,0.99999416,1
35493,1,1,1.0,1
35494,1,0,0.08555635,0
35495,1,1,0.9820655,1
35496,1,1,0.9342153,1
35497,0,1,0.9921233,0
35498,0,1,0.47627518,0
35499,1,1,0.99999464,1
35500,1,1,0.9999374,1
35501,0,0,0.17624585,1
35502,1,0,0.29798043,0
35503,1,0,0.2821962,0
35504,0,1,0.9164094,0
35505,1,1,0.9881309,1
35506,1,1,0.98056203,1
35507,0,0,0.041656762,1
35508,1,1,0.9199307,1
35509,0,1,0.9694979,0
35510,1,1,1.0,1
35511,0,0,0.02335303,1
35512,0,0,0.03283696,1
35513,1,1,0.9885361,1
35514,1,1,0.76795095,1
35515,1,1,1.0,1
35516,1,1,0.99697804,1
35517,0,0,0.06693421,1
35518,0,0,0.09276993,1
35519,0,1,0.9927812,0
35520,1,1,1.0,1
35521,1,1,1.0,1
35522,0,1,0.96458924,0
35523,0,0,0.07349652,1
35524,0,0,0.27154133,1
35525,1,0,0.12678519,0
35526,0,0,0.1261379,1
35527,0,1,0.99094474,0
35528,1,0,0.10790661,0
35529,0,1,0.40927982,0
35530,0,0,0.3437271,1
35531,1,1,0.9982003,1
35532,0,0,0.08464396,1
35533,0,0,0.042882238,1
35534,1,1,0.99961334,1
35535,0,0,0.23952717,1
35536,0,0,0.12754393,1
35537,1,0,0.14457104,0
35538,0,0,0.13307686,1
35539,1,1,0.5749915,1
35540,0,0,0.099820666,1
35541,0,1,0.99999833,0
35542,1,1,0.99903595,1
35543,1,1,0.9999964,1
35544,1,1,0.44954368,1
35545,0,1,0.93880075,0
35546,1,1,0.9999999,1
35547,0,0,0.024563085,1
35548,0,0,0.014957087,1
35549,0,1,0.9999889,0
35550,1,0,0.17272931,0
35551,1,0,0.26114246,0
35552,0,1,0.54389304,0
35553,0,1,0.8645393,0
35554,1,1,0.9996395,1
35555,0,0,0.1464531,1
35556,0,1,0.6764596,0
35557,1,1,1.0,1
35558,1,0,0.2382842,0
35559,1,1,1.0,1
35560,1,1,1.0,1
35561,0,1,0.6664425,0
35562,1,1,1.0,1
35563,0,1,0.6685017,0
35564,0,1,0.99785525,0
35565,1,1,0.9996207,1
35566,0,0,0.029788304,1
35567,0,0,0.31090358,1
35568,0,0,0.005899603,1
35569,0,1,0.98771137,0
35570,1,0,0.2004794,0
35571,1,1,0.9951609,1
35572,1,1,1.0,1
35573,1,1,0.9425596,1
35574,0,1,0.80486643,0
35575,0,0,0.27459446,1
35576,1,0,0.14651415,0
35577,1,1,0.9998845,1
35578,0,0,0.10539455,1
35579,0,1,0.836688,0
35580,1,1,0.7905303,1
35581,0,1,0.96411926,0
35582,1,1,0.80147004,1
35583,0,1,0.41753864,0
35584,0,0,0.013982613,1
35585,1,0,0.13324596,0
35586,1,1,0.99973935,1
35587,1,1,0.9999993,1
35588,1,1,0.9806364,1
35589,1,1,1.0,1
35590,1,1,0.9999999,1
35591,0,1,0.8906752,0
35592,1,1,0.9999999,1
35593,0,0,0.086632065,1
35594,0,1,0.8997397,0
35595,1,0,0.3051794,0
35596,0,0,0.040087357,1
35597,0,1,0.97999567,0
35598,1,1,1.0,1
35599,1,1,0.9997187,1
35600,0,0,0.31447145,1
35601,1,1,0.5795194,1
35602,0,1,0.67410415,0
35603,1,1,0.99936384,1
35604,1,1,1.0,1
35605,0,0,0.0808641,1
35606,1,0,0.14027737,0
35607,0,1,0.8874974,0
35608,1,1,1.0,1
35609,0,0,0.02640552,1
35610,1,0,0.34565726,0
35611,0,0,0.27532452,1
35612,0,0,0.024376595,1
35613,0,0,0.047293693,1
35614,1,1,0.99999785,1
35615,1,1,1.0,1
35616,0,0,0.07878402,1
35617,0,1,1.0,0
35618,0,1,0.96521765,0
35619,0,1,0.99891615,0
35620,0,0,0.052134257,1
35621,1,0,0.07864238,0
35622,1,1,0.9956176,1
35623,1,1,0.9708264,1
35624,1,1,0.9997603,1
35625,0,1,0.99620515,0
35626,0,0,0.028980628,1
35627,1,1,0.96644217,1
35628,0,0,0.34119824,1
35629,1,1,0.9999994,1
35630,0,0,0.098772585,1
35631,1,1,1.0,1
35632,0,0,0.07409726,1
35633,1,1,0.38277572,1
35634,1,1,0.9999851,1
35635,1,1,0.9999517,1
35636,0,0,0.31489265,1
35637,1,0,0.11211313,0
35638,0,1,0.86431044,0
35639,0,0,0.19345194,1
35640,0,0,0.20094942,1
35641,0,0,0.16491956,1
35642,0,0,0.12710989,1
35643,1,1,0.5521171,1
35644,0,1,0.81669897,0
35645,1,1,0.9971161,1
35646,1,1,0.99999857,1
35647,0,1,0.9996705,0
35648,1,1,1.0,1
35649,0,0,0.307826,1
35650,1,1,0.99047756,1
35651,1,1,0.9996118,1
35652,0,1,0.9999993,0
35653,1,1,0.9147487,1
35654,1,1,0.3820262,1
35655,0,0,0.0842664,1
35656,0,0,0.33420908,1
35657,0,0,0.012383786,1
35658,0,0,0.062388144,1
35659,0,1,0.9988991,0
35660,1,1,1.0,1
35661,0,0,0.1455399,1
35662,0,1,0.4302371,0
35663,1,0,0.010693759,0
35664,0,1,0.9744591,0
35665,1,1,1.0,1
35666,0,0,0.15960999,1
35667,0,0,0.12220859,1
35668,1,0,0.2358996,0
35669,1,1,0.43449125,1
35670,1,1,0.99999917,1
35671,0,0,0.011755131,1
35672,1,0,0.32648614,0
35673,0,1,0.3622639,0
35674,0,1,0.85693204,0
35675,0,0,0.1322902,1
35676,1,1,0.9999999,1
35677,0,1,0.9999746,0
35678,1,0,0.061875977,0
35679,1,1,0.9999999,1
35680,0,0,0.069604956,1
35681,1,1,1.0,1
35682,0,1,0.99989283,0
35683,1,0,0.19806418,0
35684,0,1,0.38349697,0
35685,1,0,0.30192775,0
35686,1,1,0.99998057,1
35687,1,1,0.5994265,1
35688,0,0,0.16674323,1
35689,1,1,0.6865277,1
35690,0,0,0.046033904,1
35691,1,1,0.60917544,1
35692,0,1,0.99997425,0
35693,0,1,0.80730873,0
35694,1,1,0.9999726,1
35695,1,1,0.99998546,1
35696,1,1,1.0,1
35697,1,1,0.75328517,1
35698,0,1,0.9887988,0
35699,0,1,0.45874268,0
35700,1,1,0.9103862,1
35701,1,0,0.17667161,0
35702,1,1,0.75319445,1
35703,0,1,0.570092,0
35704,0,0,0.1579794,1
35705,1,1,0.96295285,1
35706,0,0,0.25146383,1
35707,0,1,0.9865976,0
35708,1,0,0.025226824,0
35709,1,1,0.99999976,1
35710,1,1,0.9999982,1
35711,1,1,0.998103,1
35712,1,1,0.9936487,1
35713,0,1,0.8042522,0
35714,1,1,0.9706599,1
35715,0,1,0.9797259,0
35716,0,1,0.9983991,0
35717,1,1,1.0,1
35718,1,1,0.9999993,1
35719,1,1,0.9987281,1
35720,0,1,0.9783019,0
35721,0,0,0.0017649074,1
35722,1,1,0.3520904,1
35723,1,0,0.17967446,0
35724,1,1,1.0,1
35725,1,1,0.9998385,1
35726,0,0,0.039121646,1
35727,0,0,0.23335676,1
35728,0,1,0.65748346,0
35729,0,1,0.95679593,0
35730,1,1,0.5192776,1
35731,1,1,0.61022115,1
35732,0,0,0.18366683,1
35733,1,1,1.0,1
35734,1,1,0.35655868,1
35735,1,1,0.969814,1
35736,0,0,0.33334044,1
35737,0,1,0.5039062,0
35738,1,0,0.023916386,0
35739,1,1,0.9902727,1
35740,1,1,0.99996865,1
35741,1,1,1.0,1
35742,1,0,0.099382766,0
35743,1,0,0.15584776,0
35744,0,0,0.091220066,1
35745,0,0,0.09704756,1
35746,0,0,0.0111580305,1
35747,1,1,0.9998634,1
35748,0,0,0.00798427,1
35749,1,1,0.8750415,1
35750,0,1,0.47210538,0
35751,1,1,1.0,1
35752,0,1,0.6496342,0
35753,0,0,0.03138043,1
35754,1,1,0.388386,1
35755,0,1,0.67033863,0
35756,0,0,0.087954745,1
35757,1,1,0.66011757,1
35758,0,0,0.13540348,1
35759,1,1,1.0,1
35760,1,1,0.99991846,1
35761,1,1,0.9999987,1
35762,1,1,0.9999788,1
35763,1,1,0.99991035,1
35764,0,1,0.41733083,0
35765,0,0,0.06947859,1
35766,1,1,0.9999999,1
35767,0,1,0.8477158,0
35768,1,1,0.9456007,1
35769,0,0,0.20601411,1
35770,0,1,0.9996911,0
35771,1,1,0.98888505,1
35772,0,1,0.9207184,0
35773,0,1,0.69951105,0
35774,0,0,0.23642808,1
35775,0,1,0.84619683,0
35776,0,1,0.92482364,0
35777,1,0,0.22067817,0
35778,0,0,0.343617,1
35779,1,1,0.85848147,1
35780,0,0,0.025613915,1
35781,1,1,0.99998677,1
35782,1,1,1.0,1
35783,1,1,0.99999213,1
35784,0,1,0.9999714,0
35785,0,0,0.21469142,1
35786,0,0,0.12304914,1
35787,1,1,0.9999528,1
35788,0,0,0.1732882,1
35789,1,1,1.0,1
35790,0,1,0.9997316,0
35791,1,1,0.99998224,1
35792,1,1,1.0,1
35793,1,1,0.9999906,1
35794,0,1,0.97093683,0
35795,0,0,0.27405983,1
35796,1,1,0.9999949,1
35797,0,1,0.85415626,0
35798,0,0,0.32589588,1
35799,1,1,0.9999988,1
35800,1,0,0.13712755,0
35801,1,0,0.03207038,0
35802,0,1,1.0,0
35803,0,0,0.20252202,1
35804,1,1,0.80639565,1
35805,1,1,0.999982,1
35806,0,0,0.117774926,1
35807,1,1,1.0,1
35808,0,1,0.56211644,0
35809,1,1,0.99932814,1
35810,0,0,0.15784954,1
35811,1,1,0.99346113,1
35812,1,1,0.99928623,1
35813,1,0,0.23554772,0
35814,0,0,0.03491378,1
35815,1,1,1.0,1
35816,0,0,0.33241877,1
35817,0,1,0.85669243,0
35818,0,0,0.08694165,1
35819,1,1,1.0,1
35820,1,0,0.21900325,0
35821,1,0,0.0548532,0
35822,1,1,0.99997747,1
35823,1,1,1.0,1
35824,1,1,1.0,1
35825,0,1,0.9970822,0
35826,1,1,0.9887554,1
35827,1,1,0.8775817,1
35828,0,0,0.3372581,1
35829,0,0,0.2639787,1
35830,1,1,0.99999964,1
35831,1,1,0.9843514,1
35832,0,0,0.06797852,1
35833,1,1,1.0,1
35834,0,0,0.2596379,1
35835,1,1,0.99999976,1
35836,1,0,0.06542547,0
35837,0,0,0.08616955,1
35838,0,0,0.019271135,1
35839,0,1,1.0,0
35840,1,1,0.99987996,1
35841,0,0,0.072243005,1
35842,1,1,0.83250916,1
35843,0,0,0.1297883,1
35844,0,0,0.15059009,1
35845,1,1,0.7806625,1
35846,1,1,0.9999337,1
35847,0,0,0.1694746,1
35848,1,1,0.9999118,1
35849,1,1,0.9983897,1
35850,1,1,0.9998702,1
35851,1,1,0.9977525,1
35852,1,1,0.9998666,1
35853,1,1,0.99962366,1
35854,0,0,0.11910043,1
35855,1,1,0.72657114,1
35856,1,1,1.0,1
35857,0,0,0.049497057,1
35858,0,1,0.45147768,0
35859,1,1,0.9964551,1
35860,0,0,0.15759008,1
35861,0,0,0.20008837,1
35862,1,1,0.97280496,1
35863,1,1,0.7456762,1
35864,1,1,1.0,1
35865,0,0,0.2833846,1
35866,1,1,1.0,1
35867,0,0,0.08262328,1
35868,1,1,1.0,1
35869,0,1,0.99995685,0
35870,1,0,0.2870678,0
35871,0,1,0.86442494,0
35872,0,0,0.14098547,1
35873,0,0,0.045479592,1
35874,1,1,1.0,1
35875,0,1,0.39390948,0
35876,0,1,0.7889086,0
35877,0,1,0.9931629,0
35878,0,0,0.11240509,1
35879,1,1,0.99926645,1
35880,0,1,0.8976056,0
35881,0,0,0.0768222,1
35882,1,0,0.0343263,0
35883,0,0,0.17272931,1
35884,0,0,0.27028757,1
35885,0,1,0.9461506,0
35886,0,1,0.45571327,0
35887,1,0,0.008315778,0
35888,1,1,0.99993944,1
35889,0,1,0.8456877,0
35890,1,1,0.9887771,1
35891,1,1,0.9999988,1
35892,0,1,0.95594025,0
35893,0,0,0.064535476,1
35894,1,1,0.9999329,1
35895,0,1,0.4325128,0
35896,0,1,0.47210538,0
35897,0,0,0.025395468,1
35898,0,1,0.37682378,0
35899,1,1,1.0,1
35900,1,1,0.46132013,1
35901,1,1,0.99184376,1
35902,1,0,0.03814243,0
35903,1,1,0.9998499,1
35904,0,0,0.16667542,1
35905,0,0,0.24193686,1
35906,0,1,0.9964134,0
35907,0,1,0.5264036,0
35908,0,0,0.28388065,1
35909,0,0,0.06267437,1
35910,0,0,0.05823863,1
35911,1,1,1.0,1
35912,1,1,0.99491006,1
35913,1,1,0.99956864,1
35914,0,1,0.9244834,0
35915,1,1,0.9988643,1
35916,1,0,0.02118586,0
35917,1,1,0.9999989,1
35918,0,1,0.69868934,0
35919,0,0,0.29249424,1
35920,1,1,0.9955403,1
35921,1,1,0.9997876,1
35922,1,1,0.97503597,1
35923,1,1,1.0,1
35924,0,1,0.5859899,0
35925,1,0,0.035144847,0
35926,1,1,1.0,1
35927,1,0,0.00932197,0
35928,1,1,0.9695268,1
35929,1,1,0.99998164,1
35930,1,1,0.63199186,1
35931,1,1,0.9965837,1
35932,0,0,0.22944888,1
35933,1,1,0.91964257,1
35934,1,1,1.0,1
35935,0,0,0.050705362,1
35936,0,1,0.75082695,0
35937,1,1,1.0,1
35938,1,1,0.99999976,1
35939,1,1,0.999572,1
35940,1,1,1.0,1
35941,1,1,0.61981654,1
35942,0,1,0.9650863,0
35943,1,0,0.044931643,0
35944,1,1,0.9967524,1
35945,1,1,1.0,1
35946,1,1,0.9985506,1
35947,1,1,0.8992984,1
35948,0,1,1.0,0
35949,1,0,0.06626642,0
35950,0,0,0.0548532,1
35951,0,1,0.9999993,0
35952,0,0,0.12967801,1
35953,1,1,0.9999982,1
35954,0,1,0.44610256,0
35955,0,0,0.03085051,1
35956,1,0,0.0066928505,0
35957,1,1,0.98024315,1
35958,1,1,0.7814974,1
35959,1,0,0.3080341,0
35960,1,1,0.9999975,1
35961,0,0,0.01042845,1
35962,0,1,0.9891816,0
35963,0,0,0.05261895,1
35964,1,1,0.9999728,1
35965,1,1,0.9219921,1
35966,1,1,0.9890765,1
35967,0,0,0.101144664,1
35968,1,1,1.0,1
35969,0,1,0.96333414,0
35970,0,1,0.3671568,0
35971,0,0,0.09244169,1
35972,0,1,0.4022747,0
35973,1,1,0.9999974,1
35974,0,0,0.12989861,1
35975,0,0,0.044142097,1
35976,1,0,0.14878777,0
35977,1,1,0.9696707,1
35978,0,1,0.8890481,0
35979,1,1,0.9999982,1
35980,0,0,0.0672398,1
35981,0,1,0.9393039,0
35982,0,1,0.7897206,0
35983,1,1,0.9908035,1
35984,0,0,0.2673125,1
35985,1,0,0.274157,0
35986,0,0,0.14128143,1
35987,1,1,1.0,1
35988,1,1,1.0,1
35989,0,1,0.92475563,0
35990,1,1,0.6144519,1
35991,0,0,0.072177574,1
35992,0,0,0.058830604,1
35993,0,1,0.9882449,0
35994,1,1,0.92956835,1
35995,0,0,0.16715068,1
35996,1,0,0.31310466,0
35997,1,1,0.48999158,1
35998,0,1,0.48727694,0
35999,0,0,0.03750274,1
36000,1,1,0.38121954,1
36001,0,0,0.010091316,1
36002,0,0,0.004390866,1
36003,0,0,0.124905184,1
36004,1,1,0.99999976,1
36005,1,1,1.0,1
36006,1,1,1.0,1
36007,0,0,0.14860235,1
36008,1,1,0.9998666,1
36009,1,1,1.0,1
36010,0,1,0.9972584,0
36011,0,0,0.121320926,1
36012,1,1,0.99724233,1
36013,1,1,0.7812472,1
36014,1,1,0.99879813,1
36015,0,0,0.036322463,1
36016,1,1,1.0,1
36017,0,1,0.99437994,0
36018,1,1,1.0,1
36019,1,1,1.0,1
36020,1,1,0.9998845,1
36021,1,1,0.83973396,1
36022,1,1,0.99999607,1
36023,0,0,0.14051308,1
36024,1,1,0.98518616,1
36025,1,1,0.9989077,1
36026,1,1,0.92475563,1
36027,1,0,0.29619598,0
36028,0,1,0.95972437,0
36029,0,0,0.10338597,1
36030,0,1,0.9999999,0
36031,1,0,0.20063598,0
36032,0,0,0.117319085,1
36033,1,1,0.9567556,1
36034,1,1,0.9851576,1
36035,1,1,0.43353173,1
36036,1,0,0.089136936,0
36037,1,1,1.0,1
36038,0,1,0.95976204,0
36039,1,1,0.99942636,1
36040,0,1,0.43893552,0
36041,0,1,0.7176554,0
36042,0,0,0.09033343,1
36043,0,1,0.51854616,0
36044,1,0,0.20753576,0
36045,1,1,0.9512329,1
36046,1,0,0.058938842,0
36047,0,0,0.17398883,1
36048,1,1,0.9600252,1
36049,1,1,0.99996996,1
36050,1,0,0.0094490815,0
36051,1,1,1.0,1
36052,0,0,0.10356715,1
36053,1,1,0.9999311,1
36054,1,1,1.0,1
36055,1,0,0.0046545975,0
36056,1,1,0.5492175,1
36057,1,1,0.9999995,1
36058,1,1,0.99999964,1
36059,1,1,1.0,1
36060,1,1,1.0,1
36061,1,1,0.99998844,1
36062,1,1,1.0,1
36063,1,1,0.99999976,1
36064,1,0,0.12984344,0
36065,1,1,0.9936733,1
36066,0,1,0.9036349,0
36067,0,0,0.14306794,1
36068,1,1,0.99999976,1
36069,0,0,0.05823863,1
36070,0,1,0.9982692,0
36071,1,0,0.008046387,0
36072,1,0,0.25552937,0
36073,1,1,0.42978832,1
36074,1,1,1.0,1
36075,1,1,0.9999958,1
36076,1,1,0.9994837,1
36077,1,0,0.060252324,0
36078,0,1,0.9996959,0
36079,1,0,0.3045068,0
36080,0,0,0.14027737,1
36081,0,1,0.648522,0
36082,1,0,0.10790661,0
36083,1,1,0.9973322,1
36084,0,0,0.054198727,1
36085,0,1,0.9973061,0
36086,1,1,0.41356596,1
36087,1,1,1.0,1
36088,0,0,0.100701615,1
36089,1,1,0.98899186,1
36090,0,0,0.18817475,1
36091,1,1,0.8233284,1
36092,0,1,0.94165415,0
36093,1,1,0.7339766,1
36094,0,1,0.9994956,0
36095,1,1,0.99758923,1
36096,0,0,0.09484525,1
36097,0,1,0.9982926,0
36098,0,0,0.036908068,1
36099,0,1,0.99861145,0
36100,1,1,0.99974686,1
36101,1,1,1.0,1
36102,1,0,0.07696085,0
36103,1,1,0.99999034,1
36104,1,1,0.50970334,1
36105,1,1,1.0,1
36106,1,0,0.039305612,0
36107,1,1,0.99996173,1
36108,1,1,0.9978594,1
36109,0,1,0.94539934,0
36110,1,1,0.9999994,1
36111,1,1,1.0,1
36112,0,0,0.18300883,1
36113,1,1,0.99999654,1
36114,1,1,1.0,1
36115,1,1,0.99971753,1
36116,1,1,0.9999927,1
36117,1,1,0.99596137,1
36118,0,1,0.99984276,0
36119,1,1,1.0,1
36120,0,0,0.08203305,1
36121,0,1,0.99925333,0
36122,0,1,1.0,0
36123,1,0,0.069289416,0
36124,1,0,0.13449147,0
36125,1,1,0.99964297,1
36126,0,1,0.9985869,0
36127,0,1,0.96926606,0
36128,1,0,0.12002561,0
36129,0,1,0.61277324,0
36130,1,1,1.0,1
36131,1,0,0.06244529,0
36132,0,0,0.044431433,1
36133,1,0,0.03551094,0
36134,0,0,0.09451042,1
36135,0,0,0.15209518,1
36136,0,0,0.008830244,1
36137,0,0,0.037785765,1
36138,1,0,0.06866228,0
36139,0,0,0.16810448,1
36140,1,1,0.47420505,1
36141,0,1,0.9994035,0
36142,1,1,1.0,1
36143,1,1,1.0,1
36144,0,1,0.9992237,0
36145,1,1,0.99997365,1
36146,0,1,0.9999894,0
36147,0,0,0.18198897,1
36148,0,0,0.28185016,1
36149,0,1,0.9007046,0
36150,1,1,0.99460465,1
36151,1,1,0.8062431,1
36152,1,1,1.0,1
36153,0,1,0.66979885,0
36154,1,1,1.0,1
36155,1,1,0.99998844,1
36156,0,1,0.7125823,0
36157,1,1,0.9999999,1
36158,1,0,0.17518502,0
36159,0,1,0.92100316,0
36160,1,0,0.19605544,0
36161,1,1,0.9999999,1
36162,1,1,0.9995995,1
36163,0,0,0.06058495,1
36164,0,1,0.75110084,0
36165,1,1,0.99675864,1
36166,1,1,0.94980925,1
36167,0,0,0.043854564,1
36168,1,1,1.0,1
36169,0,0,0.18278994,1
36170,1,0,0.08889936,0
36171,0,1,0.51092356,0
36172,1,1,1.0,1
36173,0,1,0.9885361,0
36174,0,1,0.45093358,0
36175,1,1,0.9999802,1
36176,1,1,1.0,1
36177,0,0,0.080719054,1
36178,0,0,0.06080765,1
36179,0,1,0.94796216,0
36180,0,0,0.1272725,1
36181,1,1,0.4954225,1
36182,1,1,1.0,1
36183,0,0,0.009840806,1
36184,1,1,0.8016254,1
36185,1,1,0.9999993,1
36186,0,0,0.08487122,1
36187,0,1,0.7090695,0
36188,0,0,0.029986508,1
36189,0,0,0.25636628,1
36190,0,1,0.5660785,0
36191,0,1,0.9968087,0
36192,1,1,0.9272316,1
36193,1,1,0.99491996,1
36194,0,0,0.06512755,1
36195,0,1,0.9993749,0
36196,1,1,1.0,1
36197,0,1,0.9298237,0
36198,0,1,0.9045662,0
36199,0,1,0.7910151,0
36200,0,0,0.21190566,1
36201,1,1,0.8662457,1
36202,0,0,0.020904195,1
36203,1,1,1.0,1
36204,0,0,0.035914496,1
36205,1,1,1.0,1
36206,0,1,0.7593147,0
36207,1,0,0.05490385,0
36208,0,0,0.25155574,1
36209,0,1,0.46906427,0
36210,1,1,1.0,1
36211,1,1,1.0,1
36212,1,1,0.98866826,1
36213,0,0,0.00932197,1
36214,1,1,0.99679,1
36215,0,1,0.6343734,0
36216,1,0,0.17043895,0
36217,1,1,0.88513595,1
36218,1,1,0.9729595,1
36219,1,1,0.99596137,1
36220,1,1,0.99999964,1
36221,0,0,0.05717659,1
36222,1,1,0.4968262,1
36223,1,1,0.8693822,1
36224,0,1,0.9985134,0
36225,1,1,0.8171371,1
36226,1,1,1.0,1
36227,1,1,0.9462997,1
36228,1,1,0.5717666,1
36229,1,1,0.7942254,1
36230,0,1,0.5825504,0
36231,0,1,0.961678,0
36232,0,1,0.99999464,0
36233,0,0,0.09885954,1
36234,0,0,0.06730107,1
36235,0,1,0.9993013,0
36236,0,1,0.9991704,0
36237,1,1,0.999572,1
36238,0,1,0.8453051,0
36239,1,1,1.0,1
36240,1,1,1.0,1
36241,0,0,0.028953163,1
36242,0,0,0.0072608665,1
36243,0,1,0.9997818,0
36244,1,1,0.9999958,1
36245,1,1,0.99482024,1
36246,0,0,0.17009403,1
36247,1,1,0.9310248,1
36248,1,1,0.9996724,1
36249,0,1,0.9896918,0
36250,0,0,0.035144847,1
36251,1,1,0.46053153,1
36252,1,1,0.97840524,1
36253,1,1,0.9999448,1
36254,0,0,0.06500874,1
36255,1,0,0.13352816,0
36256,1,1,0.99997365,1
36257,0,1,0.5226286,0
36258,1,1,0.55054694,1
36259,1,1,0.9744591,1
36260,0,1,0.9999578,0
36261,0,1,0.38078773,0
36262,1,0,0.31473467,0
36263,1,1,0.99999964,1
36264,1,1,1.0,1
36265,1,1,1.0,1
36266,0,0,0.28922108,1
36267,1,1,0.99999547,1
36268,1,1,0.57755494,1
36269,1,1,0.99998796,1
36270,1,0,0.23005375,0
36271,0,0,0.033054754,1
36272,0,0,0.06773144,1
36273,0,0,0.0018066852,1
36274,1,0,0.11289317,0
36275,0,1,0.99971646,0
36276,0,1,0.99822825,0
36277,0,0,0.029145973,1
36278,0,1,0.44405243,0
36279,1,0,0.32060856,0
36280,0,0,0.08144666,1
36281,0,1,0.70684856,0
36282,1,1,1.0,1
36283,1,0,0.1552705,0
36284,0,0,0.01510165,1
36285,0,1,0.9999981,0
36286,1,1,0.7744129,1
36287,1,0,0.11656275,0
36288,1,1,0.96253246,1
36289,0,1,1.0,0
36290,0,1,0.6950794,0
36291,1,0,0.08093672,0
36292,0,1,0.9979532,0
36293,0,0,0.13358468,1
36294,0,0,0.14199378,1
36295,0,0,0.1791712,1
36296,1,0,0.27454582,0
36297,1,1,0.9991474,1
36298,1,1,0.99999976,1
36299,1,1,0.99997544,1
36300,1,1,0.9999999,1
36301,0,1,0.364721,0
36302,1,1,0.9621787,1
36303,1,1,1.0,1
36304,1,0,0.024916517,0
36305,0,0,0.08694165,1
36306,1,1,0.9968087,1
36307,1,1,0.99999225,1
36308,0,1,0.38387227,0
36309,1,1,0.9999989,1
36310,1,1,0.998862,1
36311,0,1,0.63663554,0
36312,0,1,0.99956685,0
36313,0,1,0.4911813,0
36314,1,1,1.0,1
36315,0,1,0.61120796,0
36316,0,1,0.9053223,0
36317,1,1,0.9999994,1
36318,1,1,1.0,1
36319,0,1,0.6178009,0
36320,1,1,1.0,1
36321,0,0,0.24113183,1
36322,1,1,1.0,1
36323,0,1,0.85776806,0
36324,1,0,0.100701615,0
36325,1,1,0.99401975,1
36326,1,1,0.9521755,1
36327,1,0,0.08593914,0
36328,0,1,0.99978846,0
36329,0,1,0.94757545,0
36330,0,1,0.9997826,0
36331,0,1,1.0,0
36332,0,0,0.13568954,1
36333,0,0,0.31237,1
36334,1,1,0.9914225,1
36335,1,1,0.999943,1
36336,0,1,0.9995932,0
36337,0,0,0.2045007,1
36338,1,1,1.0,1
36339,1,1,0.98888505,1
36340,0,0,0.2839303,1
36341,0,0,0.029479409,1
36342,1,0,0.15947905,0
36343,0,1,0.87525487,0
36344,0,1,1.0,0
36345,1,1,0.99525404,1
36346,1,1,0.9999782,1
36347,1,1,0.9803562,1
36348,0,0,0.029284457,1
36349,0,1,0.7920624,0
36350,0,1,0.9482025,0
36351,1,1,1.0,1
36352,1,1,0.70639306,1
36353,0,1,0.99999917,0
36354,0,1,0.4722271,0
36355,0,1,0.9667888,0
36356,1,1,1.0,1
36357,1,1,0.7466011,1
36358,0,0,0.105210535,1
36359,1,0,0.10132237,0
36360,1,1,0.7794058,1
36361,0,0,0.11436852,1
36362,0,1,0.99999964,0
36363,0,1,0.57254356,0
36364,0,1,0.9486801,0
36365,0,0,0.08232769,1
36366,1,1,1.0,1
36367,1,0,0.16092427,0
36368,1,1,1.0,1
36369,1,1,0.9999814,1
36370,0,0,0.060086653,1
36371,1,1,0.9999181,1
36372,1,1,0.99999356,1
36373,0,0,0.2812575,1
36374,0,0,0.12830654,1
36375,0,0,0.09560247,1
36376,1,0,0.3068385,0
36377,0,1,0.878627,0
36378,0,0,0.09611029,1
36379,0,1,0.8720208,0
36380,1,1,0.8940517,1
36381,1,0,0.0012042383,0
36382,0,1,0.37983838,0
36383,1,1,0.47764552,1
36384,0,1,0.9756001,0
36385,0,0,0.03197956,1
36386,0,0,0.04344689,1
36387,0,1,0.98815376,0
36388,0,0,0.023308529,1
36389,0,1,0.46830428,0
36390,1,1,1.0,1
36391,0,1,0.99720997,0
36392,1,1,0.5110456,1
36393,0,0,0.04885778,1
36394,1,1,0.66882616,1
36395,1,1,0.62309027,1
36396,1,1,0.9998191,1
36397,0,0,0.13352816,1
36398,0,1,0.998242,0
36399,1,1,0.9999999,1
36400,1,0,0.19845225,0
36401,1,1,0.9999782,1
36402,0,0,0.14181541,1
36403,0,0,0.12059406,1
36404,1,0,0.32557413,0
36405,1,1,0.9863369,1
36406,1,0,0.09227797,0
36407,1,1,0.9999964,1
36408,1,1,0.9999274,1
36409,1,1,0.36144644,1
36410,1,0,0.050190784,0
36411,1,1,0.7162186,1
36412,0,1,0.7441454,0
36413,1,0,0.13262686,0
36414,0,1,0.8819204,0
36415,0,1,0.9274291,0
36416,1,1,1.0,1
36417,1,1,0.99492985,1
36418,0,1,0.97009856,0
36419,0,1,0.447581,0
36420,0,0,0.0032986512,1
36421,0,0,0.018142106,1
36422,0,1,1.0,0
36423,0,1,0.63051426,0
36424,0,0,0.17874077,1
36425,1,1,0.9997273,1
36426,1,1,0.99959785,1
36427,0,0,0.33491564,1
36428,0,0,0.085632786,1
36429,0,1,0.9899087,0
36430,1,1,0.9310248,1
36431,1,1,0.99999285,1
36432,1,1,0.9999957,1
36433,0,0,0.0996453,1
36434,0,1,0.52476,0
36435,1,1,1.0,1
36436,1,0,0.08779819,0
36437,0,1,0.76681787,0
36438,1,1,1.0,1
36439,0,0,0.03378023,1
36440,0,1,1.0,0
36441,0,0,0.027220903,1
36442,1,1,0.39910886,1
36443,0,1,0.35739928,0
36444,1,1,0.84247476,1
36445,1,1,1.0,1
36446,1,0,0.17175467,0
36447,1,0,0.26693016,0
36448,0,0,0.14749378,1
36449,0,1,0.6585822,0
36450,0,1,0.4534736,0
36451,1,1,0.9999678,1
36452,1,1,1.0,1
36453,1,1,0.9991374,1
36454,1,1,0.9972904,1
36455,1,0,0.1240007,0
36456,1,1,0.997783,1
36457,0,0,0.015014747,1
36458,0,0,0.17938675,1
36459,0,0,0.019756919,1
36460,1,1,0.9999001,1
36461,1,1,0.6469622,1
36462,1,1,0.9891816,1
36463,1,1,0.9987381,1
36464,1,1,0.95561,1
36465,1,0,0.15399395,0
36466,1,1,1.0,1
36467,1,1,0.99994075,1
36468,0,0,0.101144664,1
36469,1,1,0.9999993,1
36470,1,0,0.3158415,0
36471,1,1,1.0,1
36472,0,0,0.034036152,1
36473,1,1,0.8869111,1
36474,1,1,0.9986142,1
36475,0,1,0.64159083,0
36476,1,1,0.65406656,1
36477,1,0,0.08756384,0
36478,1,1,0.99990165,1
36479,0,1,0.98187524,0
36480,1,0,0.16013464,0
36481,1,1,0.9969897,1
36482,0,0,0.23872763,1
36483,1,1,0.9983834,1
36484,0,1,0.5292634,0
36485,1,1,0.8085212,1
36486,1,1,0.9999999,1
36487,1,0,0.09203286,0
36488,0,1,0.55910957,0
36489,1,1,1.0,1
36490,1,0,0.22781274,0
36491,1,0,0.29244372,0
36492,0,1,0.999765,0
36493,1,1,0.9994023,1
36494,0,1,0.96882665,0
36495,0,1,0.828523,0
36496,0,1,0.840259,0
36497,1,1,0.41932094,1
36498,1,1,0.9825743,1
36499,1,1,1.0,1
36500,1,1,0.9999374,1
36501,1,1,0.9868281,1
36502,1,1,1.0,1
36503,0,1,0.79581684,0
36504,1,0,0.055617616,0
36505,0,1,0.9999387,0
36506,1,1,0.99529994,1
36507,1,1,0.9999598,1
36508,0,0,0.26440585,1
36509,1,1,0.99999976,1
36510,0,0,0.11516222,1
36511,1,1,1.0,1
36512,1,1,0.9666317,1
36513,1,1,0.88038635,1
36514,0,0,0.13998318,1
36515,0,1,0.99486035,0
36516,1,1,0.99835473,1
36517,1,1,0.69673264,1
36518,0,1,0.9964825,0
36519,0,0,0.09713317,1
36520,1,1,1.0,1
36521,0,0,0.023916386,1
36522,1,1,0.9659639,1
36523,1,1,0.99974686,1
36524,0,0,0.25973174,1
36525,1,1,0.99985516,1
36526,1,1,0.9996971,1
36527,1,1,1.0,1
36528,1,1,0.972178,1
36529,0,1,0.8693822,0
36530,0,1,0.87396973,0
36531,1,0,0.042048372,0
36532,0,1,0.90804875,0
36533,1,1,1.0,1
36534,1,1,1.0,1
36535,0,0,0.3276683,1
36536,1,0,0.04590542,0
36537,1,1,0.996271,1
36538,0,0,0.13747455,1
36539,1,0,0.2434625,0
36540,1,1,0.9957021,1
36541,1,1,1.0,1
36542,1,1,1.0,1
36543,0,0,0.13443466,1
36544,0,1,0.6234342,0
36545,1,1,0.99371004,1
36546,0,1,0.99999225,0
36547,0,1,0.94024336,0
36548,1,0,0.19775413,0
36549,1,1,0.99830914,1
36550,1,1,0.8646537,1
36551,0,1,0.969985,0
36552,0,1,0.60673153,0
36553,0,1,0.98662347,0
36554,1,1,0.85415626,1
36555,0,0,0.032222297,1
36556,1,1,1.0,1
36557,1,0,0.024563085,0
36558,1,1,0.9994307,1
36559,1,0,0.28422818,0
36560,0,0,0.05597775,1
36561,1,1,0.39834794,1
36562,1,1,1.0,1
36563,1,1,0.85536855,1
36564,1,1,0.9999975,1
36565,1,1,0.9993081,1
36566,0,1,0.9205043,0
36567,1,1,0.9936365,1
36568,1,1,1.0,1
36569,0,0,0.03410043,1
36570,1,1,0.98125684,1
36571,0,1,0.9943581,0
36572,1,1,1.0,1
36573,0,0,0.07152632,1
36574,1,1,0.99867755,1
36575,1,0,0.015603534,0
36576,1,1,0.99999917,1
36577,0,0,0.07654563,1
36578,0,1,1.0,0
36579,1,1,1.0,1
36580,0,1,0.9867005,0
36581,1,1,0.50689656,1
36582,0,1,0.3690876,0
36583,1,1,0.9789353,1
36584,1,1,0.99727964,1
36585,1,1,0.9999995,1
36586,0,0,0.023219766,1
36587,0,1,0.4548656,0
36588,0,1,0.45825776,0
36589,1,1,1.0,1
36590,0,0,0.29254478,1
36591,0,1,0.4960328,0
36592,0,1,0.5599519,0
36593,1,0,0.12770702,0
36594,1,1,0.99997926,1
36595,0,0,0.031588882,1
36596,1,0,0.017678348,0
36597,1,1,1.0,1
36598,1,1,0.9999937,1
36599,1,1,1.0,1
36600,0,0,0.07723879,1
36601,1,1,0.9770007,1
36602,0,1,0.9954261,0
36603,1,1,0.5307838,1
36604,0,0,0.01200735,1
36605,0,1,0.52908087,0
36606,1,1,0.9996338,1
36607,1,1,0.9393595,1
36608,1,1,0.91228,1
36609,0,0,0.18198897,1
36610,1,1,0.5073847,1
36611,0,0,0.19208428,1
36612,0,0,0.07551658,1
36613,0,1,1.0,0
36614,1,0,0.20641372,0
36615,1,1,0.9455505,1
36616,1,1,0.8595459,1
36617,1,1,1.0,1
36618,0,1,0.9997998,0
36619,1,1,1.0,1
36620,0,0,0.039564554,1
36621,1,1,0.9987005,1
36622,0,1,0.99951315,0
36623,1,1,0.4288014,1
36624,1,1,0.6005984,1
36625,1,1,0.9772191,1
36626,1,1,0.9999999,1
36627,1,1,1.0,1
36628,1,1,1.0,1
36629,0,1,0.98860246,0
36630,1,1,0.9999995,1
36631,1,1,0.9991474,1
36632,1,1,0.99939525,1
36633,1,1,0.9991013,1
36634,1,0,0.085023046,0
36635,1,1,0.99955493,1
36636,0,0,0.07821887,1
36637,0,0,0.017275905,1
36638,0,1,0.98324674,0
36639,1,1,0.99999297,1
36640,0,0,0.14651415,1
36641,1,1,1.0,1
36642,1,1,0.99953175,1
36643,1,0,0.01510165,0
36644,1,1,0.9999802,1
36645,0,0,0.077867545,1
36646,0,0,0.2186694,1
36647,0,1,0.9991848,0
36648,0,0,0.05948283,1
36649,1,1,0.9939964,1
36650,1,1,1.0,1
36651,1,1,0.9614253,1
36652,1,1,1.0,1
36653,0,0,0.14306794,1
36654,1,1,0.99486035,1
36655,1,0,0.20134169,0
36656,1,1,0.3951342,1
36657,0,1,0.94544977,0
36658,0,0,0.10734387,1
36659,1,1,0.5909563,1
36660,1,1,0.95888567,1
36661,1,1,0.40001673,1
36662,0,0,0.047293693,1
36663,0,0,0.059537485,1
36664,1,1,0.97032446,1
36665,0,0,0.047780067,1
36666,0,1,0.9970421,0
36667,1,1,0.9883128,1
36668,0,0,0.14300808,1
36669,0,0,0.28115883,1
36670,0,1,0.44987595,0
36671,0,1,1.0,0
36672,1,1,0.9729595,1
36673,1,1,0.9999981,1
36674,0,0,0.19337577,1
36675,0,1,0.4934086,0
36676,1,1,0.99999976,1
36677,0,0,0.25312182,1
36678,1,1,0.55579686,1
36679,1,1,0.9972154,1
36680,0,1,0.99442345,0
36681,1,1,0.5133635,1
36682,0,0,0.0024391296,1
36683,1,1,0.9999552,1
36684,1,1,0.5477665,1
36685,1,1,0.93127525,1
36686,1,1,0.99975795,1
36687,1,0,0.036838707,0
36688,1,1,1.0,1
36689,0,0,0.034229323,1
36690,1,1,0.9982759,1
36691,1,1,0.4523242,1
36692,1,1,0.99999917,1
36693,0,1,0.73895174,0
36694,0,1,0.58456767,0
36695,1,1,1.0,1
36696,0,1,0.5795194,0
36697,1,0,0.09929539,0
36698,0,1,0.8632764,0
36699,1,1,0.9980506,1
36700,0,0,0.26246354,1
36701,0,1,0.99933976,0
36702,0,0,0.2374875,1
36703,1,1,1.0,1
36704,1,1,0.99989367,1
36705,0,0,0.24449827,1
36706,0,0,0.00795339,1
36707,1,0,0.091625646,0
36708,1,1,0.99920374,1
36709,0,1,0.99248135,0
36710,0,1,0.99972683,0
36711,0,1,0.9060729,0
36712,0,1,0.57427543,0
36713,1,1,0.999992,1
36714,0,1,0.9999453,0
36715,0,0,0.054198727,1
36716,1,1,0.3544331,1
36717,1,1,0.99973875,1
36718,1,0,0.17788225,0
36719,0,1,0.80147004,0
36720,0,0,0.16364582,1
36721,0,1,0.48282534,0
36722,1,1,0.99997485,1
36723,1,1,0.999071,1
36724,1,1,0.8530579,1
36725,1,1,0.99999976,1
36726,1,1,0.9999938,1
36727,0,1,0.9032942,0
36728,0,1,0.99999964,0
36729,0,1,0.97555363,0
36730,1,1,0.99619776,1
36731,0,0,0.019662574,1
36732,0,0,0.21370518,1
36733,0,0,0.080213256,1
36734,0,0,0.030329255,1
36735,1,1,0.9759235,1
36736,1,1,0.3522018,1
36737,0,1,0.97773504,0
36738,1,1,0.9998722,1
36739,0,1,0.8891444,0
36740,0,1,0.9896718,0
36741,0,1,0.49401885,0
36742,0,1,0.999134,0
36743,1,1,0.78686863,1
36744,1,1,0.7195314,1
36745,0,0,0.12189465,1
36746,1,1,0.99991214,1
36747,0,1,0.99999523,0
36748,0,1,0.48974752,0
36749,1,1,0.9986904,1
36750,0,1,0.8849373,0
36751,1,0,0.13672362,0
36752,1,0,0.000578162,0
36753,0,0,0.2659758,1
36754,0,0,0.1126489,1
36755,0,1,0.9931496,0
36756,1,1,0.945248,1
36757,0,0,0.19946387,1
36758,1,1,0.9999933,1
36759,1,0,0.24721426,0
36760,1,1,0.9992206,1
36761,0,1,0.99688244,0
36762,1,1,0.9999999,1
36763,1,1,0.6712012,1
36764,0,1,0.971537,0
36765,0,0,0.035177976,1
36766,0,1,0.9993625,0
36767,0,0,0.07779745,1
36768,0,1,0.9999999,0
36769,0,0,0.03155902,1
36770,1,1,0.4908763,1
36771,1,1,0.7073542,1
36772,1,1,0.99494946,1
36773,0,1,0.9997603,0
36774,1,1,0.99829596,1
36775,0,0,0.15823938,1
36776,1,0,0.056809194,0
36777,1,1,1.0,1
36778,0,0,0.16844618,1
36779,0,1,0.89414424,0
36780,0,0,0.022011232,1
36781,1,0,0.21174264,0
36782,1,1,0.98862445,1
36783,0,0,0.08977329,1
36784,0,1,0.66164964,0
36785,1,1,0.9964551,1
36786,0,1,0.7523766,0
36787,1,0,0.109039895,0
36788,1,1,0.52841175,1
36789,1,0,0.2213507,0
36790,1,1,0.99674594,1
36791,1,1,0.98888505,1
36792,0,0,0.32204607,1
36793,1,1,0.99174845,1
36794,1,1,0.9999535,1
36795,1,1,0.9996737,1
36796,1,1,1.0,1
36797,1,1,0.99997723,1
36798,1,1,0.9999479,1
36799,0,0,0.020508163,1
36800,1,1,0.9999999,1
36801,1,0,0.34218672,0
36802,0,1,0.55645984,0
36803,0,0,0.30497235,1
36804,1,1,0.9999962,1
36805,0,0,0.17575018,1
36806,0,0,0.025035424,1
36807,0,1,0.874292,0
36808,0,0,0.09309923,1
36809,0,0,0.1260303,1
36810,1,1,0.87705624,1
36811,0,1,0.7434475,0
36812,0,0,0.1838133,1
36813,0,1,0.9891606,0
36814,1,1,0.99996555,1
36815,1,0,0.04556445,0
36816,0,0,0.011222865,1
36817,0,1,0.97285664,0
36818,1,1,0.9998845,1
36819,1,1,0.99999905,1
36820,0,0,0.07094482,1
36821,1,1,0.99304235,1
36822,1,1,0.9627432,1
36823,1,0,0.16708273,0
36824,0,1,0.987375,0
36825,0,0,0.20963144,1
36826,0,0,0.00462753,1
36827,0,0,0.20882359,1
36828,0,1,0.9999471,0
36829,0,1,0.99771273,0
36830,1,0,0.33399183,0
36831,1,1,0.8091252,1
36832,1,1,0.9840936,1
36833,1,1,1.0,1
36834,0,0,0.29884934,1
36835,1,1,0.9997731,1
36836,0,1,0.99979097,0
36837,1,1,0.99939644,1
36838,0,1,0.4488792,0
36839,0,0,0.084947094,1
36840,0,1,0.9959927,0
36841,1,0,0.028625505,0
36842,0,0,0.1305069,1
36843,0,0,0.2941136,1
36844,0,1,0.384161,0
36845,1,1,0.96544635,1
36846,0,1,0.99997175,0
36847,0,0,0.1823527,1
36848,1,1,0.999892,1
36849,0,0,0.10941996,1
36850,1,0,0.15065254,0
36851,1,1,1.0,1
36852,0,1,0.51427835,0
36853,0,0,0.016963702,1
36854,1,1,0.9974934,1
36855,0,1,0.90337944,0
36856,1,1,0.75482464,1
36857,1,1,0.953665,1
36858,1,1,1.0,1
36859,0,0,0.28811818,1
36860,0,1,0.41798398,0
36861,0,1,0.8715842,0
36862,0,1,0.9974241,0
36863,0,1,0.92944044,0
36864,1,1,0.9323302,1
36865,0,0,0.09484525,1
36866,1,0,0.11706649,0
36867,1,1,0.38650292,1
36868,1,1,1.0,1
36869,1,1,1.0,1
36870,1,1,0.53278977,1
36871,1,1,0.9420286,1
36872,1,0,0.022350112,0
36873,0,0,0.105210535,1
36874,0,1,0.8897206,0
36875,1,1,0.988108,1
36876,1,0,0.02532306,0
36877,1,0,0.052911807,0
36878,0,0,0.03061778,1
36879,1,1,0.9979652,1
36880,1,1,0.9830688,1
36881,0,0,0.045734633,1
36882,0,0,0.04822634,1
36883,1,1,0.45692468,1
36884,1,0,0.17709816,0
36885,1,0,0.046724956,0
36886,1,1,0.99966073,1
36887,0,0,0.050893724,1
36888,1,1,0.99420255,1
36889,1,1,0.96753323,1
36890,1,1,0.9999988,1
36891,1,0,0.03393996,0
36892,1,1,0.99999976,1
36893,1,0,0.17888416,0
36894,1,1,0.95643115,1
36895,1,1,0.9998671,1
36896,0,0,0.008968054,1
36897,0,0,0.09833879,1
36898,0,1,0.37130755,0
36899,1,1,0.9999964,1
36900,1,1,0.99594563,1
36901,0,1,1.0,0
36902,0,1,0.99978,0
36903,1,1,0.99971145,1
36904,1,0,0.0070254076,0
36905,1,0,0.09645018,0
36906,0,1,0.80746067,0
36907,0,1,0.99882597,0
36908,1,1,0.9999962,1
36909,0,1,1.0,0
36910,1,0,0.03971326,0
36911,0,0,0.004323087,1
36912,0,1,0.99996173,0
36913,1,1,1.0,1
36914,0,1,0.9997757,0
36915,0,1,0.9390807,0
36916,0,0,0.03204008,1
36917,0,1,0.379091,0
36918,1,1,0.9999956,1
36919,1,1,1.0,1
36920,0,1,0.9999976,0
36921,0,0,0.19368058,1
36922,1,1,0.66698503,1
36923,0,1,0.99999905,0
36924,0,1,0.81331253,0
36925,0,1,0.9954615,0
36926,0,1,0.99996173,0
36927,0,1,0.8283842,0
36928,1,1,0.99494946,1
36929,1,0,0.1673547,0
36930,0,0,0.082475364,1
36931,1,0,0.04268228,0
36932,0,1,0.99808455,0
36933,1,0,0.09401018,0
36934,1,1,0.99919754,1
36935,0,0,0.10941996,1
36936,1,1,0.99993896,1
36937,1,1,0.9999949,1
36938,1,1,1.0,1
36939,1,1,0.9999927,1
36940,0,1,0.5601324,0
36941,1,1,0.9999976,1
36942,0,0,0.17349815,1
36943,1,1,0.49054068,1
36944,1,1,0.9912039,1
36945,1,1,0.9973374,1
36946,0,0,0.30002728,1
36947,1,1,0.9999479,1
36948,0,1,0.99014014,0
36949,1,1,1.0,1
36950,0,1,0.81479084,0
36951,0,0,0.011938038,1
36952,1,1,0.9190633,1
36953,1,1,0.9999995,1
36954,0,0,0.053107906,1
36955,1,0,0.014392336,0
36956,0,0,0.11676401,1
36957,0,0,0.07389652,1
36958,0,1,0.90632194,0
36959,1,0,0.20008837,0
36960,1,0,0.14773951,0
36961,0,0,0.056184534,1
36962,0,0,0.22962157,1
36963,0,0,0.29782718,1
36964,0,0,0.048405956,1
36965,0,1,0.9987696,0
36966,0,1,0.9999541,0
36967,0,0,0.3134723,1
36968,0,1,0.9979532,0
36969,1,1,1.0,1
36970,0,0,0.035111748,1
36971,0,0,0.13381088,1
36972,0,1,0.9534488,0
36973,1,1,0.40341997,1
36974,1,1,0.99554896,1
36975,1,1,1.0,1
36976,0,0,0.111337796,1
36977,0,1,0.95565146,0
36978,0,0,0.1513411,1
36979,1,1,0.9960699,1
36980,0,0,0.1289633,1
36981,1,0,0.034132607,0
36982,1,1,0.90481883,1
36983,1,0,0.05350215,0
36984,1,1,0.9988305,1
36985,0,1,0.8372211,0
36986,1,1,0.91398406,1
36987,1,1,1.0,1
36988,1,1,0.95253,1
36989,0,1,0.9999745,0
36990,1,1,0.9955576,1
36991,1,1,0.966347,1
36992,1,0,0.007232764,0
36993,0,0,0.13324596,1
36994,0,1,0.94905907,0
36995,1,0,0.037326884,0
36996,1,1,0.3643251,1
36997,0,0,0.007907292,1
36998,0,0,0.022999303,1
36999,1,1,0.99999046,1
37000,1,0,0.16572809,0
37001,1,0,0.062103122,0
37002,1,0,0.033085983,0
37003,1,1,0.4626855,1
37004,1,1,0.99999976,1
37005,0,1,0.99972624,0
37006,0,1,1.0,0
37007,0,1,0.7074552,0
37008,0,0,0.18772759,1
37009,1,1,1.0,1
37010,1,1,0.9999999,1
37011,0,0,0.09260568,1
37012,0,1,0.99983525,0
37013,1,1,1.0,1
37014,0,1,0.8301815,0
37015,0,1,0.997358,0
37016,1,0,0.1261379,0
37017,1,1,0.9999957,1
37018,1,1,0.9877823,1
37019,1,1,0.99987316,1
37020,0,0,0.09704756,1
37021,0,0,0.046724956,1
37022,0,1,0.99998105,0
37023,0,0,0.0009110512,1
37024,0,1,0.45335263,0
37025,0,0,0.14737104,1
37026,1,1,0.99999905,1
37027,0,1,0.8039445,0
37028,0,1,0.98934746,0
37029,1,1,0.8352149,1
37030,0,1,0.9766024,0
37031,1,0,0.05948283,0
37032,1,1,1.0,1
37033,1,0,0.033844035,0
37034,1,1,0.36994082,1
37035,1,1,0.99372226,1
37036,0,0,0.06159316,1
37037,1,1,1.0,1
37038,1,1,0.3952509,1
37039,0,1,0.997917,0
37040,1,1,0.99457306,1
37041,1,1,0.46247306,1
37042,1,1,0.5733799,1
37043,1,1,0.99897975,1
37044,1,1,1.0,1
37045,0,0,0.3320396,1
37046,1,1,0.9999945,1
37047,1,0,0.15591201,0
37048,1,0,0.12576161,0
37049,1,1,1.0,1
37050,0,1,0.93738294,0
37051,1,1,0.9851003,1
37052,1,1,0.99996996,1
37053,0,1,0.99968374,0
37054,1,0,0.022457054,0
37055,1,1,0.9999982,1
37056,1,1,0.9998752,1
37057,1,1,1.0,1
37058,0,1,0.35448894,0
37059,1,0,0.08042967,0
37060,1,1,0.99952435,1
37061,1,1,1.0,1
37062,0,0,0.0041099153,1
37063,0,0,0.017078074,1
37064,0,1,0.54970104,0
37065,1,1,0.9539661,1
37066,1,1,0.9999993,1
37067,1,1,0.9999999,1
37068,0,0,0.05525965,1
37069,1,0,0.09687654,0
37070,1,1,0.9999999,1
37071,0,1,0.38566384,0
37072,1,1,1.0,1
37073,0,0,0.082475364,1
37074,0,1,0.9843514,0
37075,1,1,0.38346812,1
37076,1,1,1.0,1
37077,1,1,1.0,1
37078,1,1,0.56025267,1
37079,0,0,0.04885778,1
37080,1,1,0.42617235,1
37081,0,0,0.12426614,1
37082,1,1,0.41409898,1
37083,1,0,0.049130786,0
37084,0,1,0.7858843,0
37085,0,0,0.07185127,1
37086,1,1,0.86703575,1
37087,0,1,0.98637635,0
37088,0,1,0.9958901,0
37089,1,1,0.9418684,1
37090,0,0,0.013428254,1
37091,1,1,0.9763782,1
37092,1,1,0.9909972,1
37093,1,1,0.997358,1
37094,1,1,0.98018634,1
37095,1,1,0.99999666,1
37096,0,1,0.72628,0
37097,1,1,0.9891187,1
37098,0,1,1.0,0
37099,1,0,0.24626137,0
37100,1,1,0.4182216,1
37101,1,1,0.36375988,1
37102,1,1,0.9999691,1
37103,1,1,0.99983525,1
37104,1,1,0.99955314,1
37105,0,0,0.10438599,1
37106,0,1,0.98986953,0
37107,1,1,1.0,1
37108,1,1,0.96189344,1
37109,0,1,0.91398406,0
37110,1,0,0.0049054064,0
37111,0,0,0.06047389,1
37112,0,1,0.96814114,0
37113,0,0,0.32332665,1
37114,0,1,0.9999906,0
37115,1,1,1.0,1
37116,0,1,0.5960805,0
37117,0,1,0.9957437,0
37118,0,1,0.9979966,0
37119,1,1,0.9648882,1
37120,1,1,0.98022413,1
37121,0,1,0.47374853,0
37122,1,1,0.93171144,1
37123,0,0,0.15980656,1
37124,1,1,0.9988927,1
37125,0,0,0.035982177,1
37126,0,0,0.091301054,1
37127,0,1,0.47773692,0
37128,1,1,1.0,1
37129,0,1,0.98242307,0
37130,1,1,1.0,1
37131,1,0,0.007876707,0
37132,1,1,0.47490516,1
37133,0,0,0.13409412,1
37134,1,1,0.93558234,1
37135,0,0,0.15823938,1
37136,1,1,0.9999622,1
37137,0,1,0.9999629,0
37138,1,1,0.8159668,1
37139,1,0,0.24680553,0
37140,0,0,0.062273983,1
37141,1,0,0.09929539,0
37142,0,0,0.16721867,1
37143,1,1,0.999944,1
37144,1,1,0.40309682,1
37145,0,1,0.99996436,0
37146,1,1,0.58823884,1
37147,1,1,0.6861073,1
37148,1,1,0.99999976,1
37149,0,0,0.1496556,1
37150,1,1,0.99996686,1
37151,1,0,0.012970385,0
37152,1,1,0.9967206,1
37153,0,1,0.85729086,0
37154,1,1,0.9997209,1
37155,1,1,0.99994004,1
37156,1,1,0.9999994,1
37157,0,1,0.9972262,0
37158,0,0,0.24963012,1
37159,1,1,0.7050748,1
37160,0,0,0.16687897,1
37161,1,1,0.99997485,1
37162,1,1,0.9999951,1
37163,0,0,0.073963374,1
37164,1,1,1.0,1
37165,0,0,0.059047263,1
37166,1,1,0.999982,1
37167,1,1,0.99999094,1
37168,0,1,0.99937004,0
37169,0,0,0.070751965,1
37170,0,0,0.072243005,1
37171,1,0,0.18847331,0
37172,0,0,0.33415475,1
37173,1,1,0.66557366,1
37174,1,1,0.7514658,1
37175,1,1,0.87716144,1
37176,1,1,0.99999964,1
37177,1,1,1.0,1
37178,1,1,1.0,1
37179,1,1,0.9957021,1
37180,0,0,0.18374003,1
37181,0,1,0.82125926,0
37182,1,1,0.7692537,1
37183,1,1,0.7665559,1
37184,1,1,1.0,1
37185,0,0,0.30923226,1
37186,0,1,0.58906645,0
37187,0,1,0.9643886,0
37188,1,1,0.9991474,1
37189,0,0,0.029118354,1
37190,1,1,0.63798994,1
37191,0,1,1.0,0
37192,1,1,0.99966395,1
37193,0,1,0.8864204,0
37194,1,1,0.9998889,1
37195,0,1,0.9999981,0
37196,1,1,1.0,1
37197,0,0,0.008046387,1
37198,0,0,0.057123974,1
37199,1,1,0.96528316,1
37200,1,0,0.07362963,0
37201,1,1,1.0,1
37202,1,1,0.4188752,1
37203,1,1,0.9459013,1
37204,0,0,0.12787029,1
37205,1,1,0.9999989,1
37206,0,0,0.13150749,1
37207,1,1,1.0,1
37208,1,1,1.0,1
37209,0,1,0.46456754,0
37210,0,1,0.97628796,0
37211,1,1,0.97881407,1
37212,0,0,0.13106197,1
37213,1,1,0.9998872,1
37214,1,0,0.21345916,0
37215,0,1,0.4859656,0
37216,0,0,0.038538493,1
37217,1,1,0.99999297,1
37218,0,1,0.89442116,0
37219,0,1,0.93127525,0
37220,1,1,0.99458355,1
37221,1,1,0.99951875,1
37222,1,1,1.0,1
37223,0,1,0.87396973,0
37224,0,0,0.06656919,1
37225,0,0,0.09501305,1
37226,0,1,0.99999595,0
37227,0,1,0.46657214,0
37228,1,1,0.82949203,1
37229,0,1,0.6966295,0
37230,0,1,0.3680649,0
37231,0,0,0.02798095,1
37232,0,0,0.02027408,1
37233,1,1,0.8981429,1
37234,1,1,0.99937975,1
37235,0,1,0.9999517,0
37236,0,0,0.07504072,1
37237,1,1,0.9999994,1
37238,0,1,0.99448806,0
37239,0,1,0.99977654,0
37240,1,1,1.0,1
37241,1,1,0.99999154,1
37242,1,1,0.99999964,1
37243,1,0,0.047913536,0
37244,0,1,0.6242363,0
37245,0,0,0.11047115,1
37246,1,1,0.7334519,1
37247,1,0,0.24608012,0
37248,1,1,0.9944343,1
37249,0,0,0.065784656,1
37250,0,0,0.007121429,1
37251,1,1,0.79350626,1
37252,0,0,0.08555635,1
37253,0,1,0.997065,0
37254,0,1,0.566738,0
37255,0,1,0.6983809,0
37256,1,1,0.99999976,1
37257,0,1,0.99999905,0
37258,1,1,0.9913726,1
37259,1,1,0.970771,1
37260,1,1,0.9986462,1
37261,0,1,0.42647088,0
37262,1,1,0.9999962,1
37263,0,0,0.014928337,1
37264,0,0,0.15342228,1
37265,1,1,0.9998776,1
37266,1,0,0.17272931,0
37267,0,1,0.99963593,0
37268,0,0,0.2520157,1
37269,0,0,0.09203286,1
37270,1,1,0.9913054,1
37271,1,0,0.27347738,0
37272,0,1,0.99944824,0
37273,0,1,0.99999523,0
37274,1,1,0.9999999,1
37275,1,1,0.9998859,1
37276,1,0,0.0076214303,0
37277,0,1,1.0,0
37278,1,1,0.9457512,1
37279,0,1,0.44912082,0
37280,0,1,0.5475245,0
37281,0,1,0.80131465,0
37282,0,0,0.15059009,1
37283,0,0,0.055720285,1
37284,1,1,1.0,1
37285,0,1,0.6272094,0
37286,0,0,0.2998735,1
37287,0,1,0.9995753,0
37288,0,0,0.022350112,1
37289,1,0,0.038538493,0
37290,0,1,0.74637014,0
37291,1,1,0.9834863,1
37292,1,1,0.99216896,1
37293,1,1,0.9546897,1
37294,1,0,0.07483763,0
37295,0,0,0.17859745,1
37296,1,1,0.9999999,1
37297,1,1,0.5045775,1
37298,0,0,0.18352044,1
37299,1,1,0.9999999,1
37300,0,0,0.03330537,1
37301,0,0,0.06418264,1
37302,0,1,0.99999726,0
37303,1,1,0.99999845,1
37304,1,1,0.99974877,1
37305,1,1,0.8183016,1
37306,0,0,0.11357959,1
37307,0,0,0.1621809,1
37308,0,0,0.10604083,1
37309,1,1,0.9999865,1
37310,0,0,0.009974921,1
37311,1,1,1.0,1
37312,0,1,0.99155444,0
37313,1,1,0.9999993,1
37314,1,1,1.0,1
37315,1,1,1.0,1
37316,0,1,0.98801583,0
37317,1,1,1.0,1
37318,1,0,0.09001297,0
37319,1,0,0.002463007,0
37320,0,0,0.08381536,1
37321,0,1,0.6128312,0
37322,0,0,0.10221505,1
37323,1,1,0.9998499,1
37324,0,1,0.9970536,0
37325,1,1,0.99962735,1
37326,1,0,0.12852515,0
37327,0,0,0.17511447,1
37328,0,1,0.61120796,0
37329,0,1,0.9747011,0
37330,1,1,0.3900111,1
37331,0,1,0.9999999,0
37332,1,1,0.88252914,1
37333,0,1,0.99925774,0
37334,1,1,0.99964166,1
37335,0,1,0.9534054,0
37336,1,0,0.2613309,0
37337,1,1,0.99999857,1
37338,1,0,0.081154905,0
37339,1,1,0.9958093,1
37340,0,1,0.65539116,0
37341,1,1,0.45332235,1
37342,1,0,0.024940254,0
37343,1,1,0.99999845,1
37344,0,0,0.025395468,1
37345,0,1,0.9981756,0
37346,0,1,0.9991358,0
37347,1,1,0.89302987,1
37348,0,0,0.10913479,1
37349,1,1,0.99981767,1
37350,1,0,0.10669061,0
37351,1,0,0.039453376,0
37352,0,0,0.059101548,1
37353,1,1,0.9630224,1
37354,1,1,0.6249232,1
37355,0,1,0.77424216,0
37356,0,0,0.0048391186,1
37357,1,1,0.9995635,1
37358,1,1,0.5684757,1
37359,1,1,0.99997914,1
37360,0,0,0.0020308548,1
37361,0,0,0.2839303,1
37362,1,1,0.9997658,1
37363,0,0,0.12463858,1
37364,0,0,0.11666332,1
37365,1,1,0.9276915,1
37366,0,0,0.069604956,1
37367,0,1,0.9905509,0
37368,1,1,0.9975274,1
37369,1,1,0.99997175,1
37370,0,0,0.014785409,1
37371,1,1,0.99085677,1
37372,0,1,0.91715443,0
37373,0,0,0.22996724,1
37374,0,1,0.5437719,0
37375,1,0,1.3709571e-06,0
37376,0,0,0.056966383,1
37377,0,1,0.79198205,0
37378,1,1,1.0,1
37379,1,0,0.086554825,0
37380,1,1,0.9999194,1
37381,0,0,0.012503792,1
37382,1,1,0.7897206,1
37383,0,0,0.03374837,1
37384,0,1,0.99361163,0
37385,0,0,0.06947859,1
37386,1,0,0.13454832,0
37387,0,1,0.4049486,0
37388,0,1,0.38098922,0
37389,0,0,0.15222117,1
37390,0,1,1.0,0
37391,1,0,0.003976228,0
37392,1,0,0.09999631,0
37393,0,0,0.068599865,1
37394,1,1,0.9423477,1
37395,0,1,0.97223073,0
37396,0,1,0.79518133,0
37397,1,1,0.8177201,1
37398,0,0,0.29098085,1
37399,0,0,0.025957359,1
37400,1,1,0.37808585,1
37401,0,0,0.21068507,1
37402,0,0,0.062388144,1
37403,1,1,0.9946878,1
37404,0,0,0.08108211,1
37405,1,1,0.99876,1
37406,0,0,0.20995522,1
37407,1,1,1.0,1
37408,1,1,0.99998534,1
37409,0,0,0.25851312,1
37410,1,0,0.069604956,0
37411,1,1,1.0,1
37412,0,1,0.7851439,0
37413,1,1,0.9945095,1
37414,1,1,0.9999943,1
37415,0,1,0.38879207,0
37416,1,1,0.99106663,1
37417,1,1,0.7718435,1
37418,0,0,0.18892181,1
37419,1,1,0.99946004,1
37420,0,1,0.99857306,0
37421,1,1,0.99999404,1
37422,1,1,1.0,1
37423,1,1,0.998259,1
37424,1,1,0.99921453,1
37425,1,1,1.0,1
37426,0,0,0.29936114,1
37427,0,1,0.82090056,0
37428,1,1,0.9999926,1
37429,1,1,0.7546439,1
37430,0,0,0.03594832,1
37431,0,0,0.11436852,1
37432,0,1,0.9999987,0
37433,1,0,0.16954333,0
37434,0,0,0.05937366,1
37435,1,1,1.0,1
37436,0,0,0.24744149,1
37437,1,0,0.014813886,0
37438,0,0,0.13403742,1
37439,1,1,0.9875444,1
37440,1,1,0.9999448,1
37441,1,0,0.20331182,0
37442,1,0,0.022542965,0
37443,0,0,0.04308309,1
37444,1,1,1.0,1
37445,1,1,0.9280184,1
37446,0,1,0.9510968,0
37447,1,1,0.9667888,1
37448,1,1,0.9905143,1
37449,0,0,0.011823393,1
37450,1,1,1.0,1
37451,0,1,0.99491006,0
37452,1,1,0.9999949,1
37453,0,1,0.99906915,0
37454,0,1,0.67044646,0
37455,1,1,0.999998,1
37456,1,1,1.0,1
37457,0,0,0.014785409,1
37458,0,0,0.036977556,1
37459,0,0,0.2973169,1
37460,0,1,0.9991358,0
37461,1,0,0.30980623,0
37462,0,1,0.53209084,0
37463,0,0,0.1480472,1
37464,1,1,0.9999999,1
37465,1,1,0.9997527,1
37466,1,1,0.995037,1
37467,0,1,0.9999379,0
37468,0,0,0.06693421,1
37469,1,1,0.99998796,1
37470,1,1,0.99999976,1
37471,0,1,0.8804891,0
37472,1,0,0.19605544,0
37473,1,1,0.37622198,1
37474,0,0,0.08555635,1
37475,1,1,0.9744591,1
37476,1,1,0.8580062,1
37477,0,1,0.9923934,0
37478,1,1,0.9997775,1
37479,0,0,0.039676033,1
37480,1,1,0.99975175,1
37481,1,0,0.34637544,0
37482,0,1,0.8716935,0
37483,0,1,0.98159516,0
37484,1,0,0.065545,0
37485,0,1,0.754915,0
37486,1,0,0.02663241,0
37487,1,1,0.97819793,1
37488,0,1,0.99925774,0
37489,0,0,0.019160708,1
37490,1,1,0.72193927,1
37491,0,1,0.9999542,0
37492,0,1,0.9998141,0
37493,0,0,0.1696121,1
37494,1,1,0.668718,1
37495,1,0,0.2867681,0
37496,0,0,0.10669061,1
37497,1,1,0.99984026,1
37498,1,1,0.9999999,1
37499,0,0,0.05242457,1
37500,1,1,1.0,1
37501,0,0,0.041230027,1
37502,0,1,0.99909425,0
37503,0,1,0.4268889,0
37504,0,0,0.075721376,1
37505,1,1,0.5061642,1
37506,0,1,0.9994715,0
37507,0,0,0.0026112476,1
37508,1,1,0.998662,1
37509,0,0,0.15090261,1
37510,1,0,0.15501449,0
37511,0,0,0.20737517,1
37512,0,0,0.31700325,1
37513,0,0,0.081154905,1
37514,0,0,0.1192542,1
37515,1,1,0.99374664,1
37516,1,1,0.8079157,1
37517,0,0,0.009250096,1
37518,0,1,0.9988098,0
37519,1,1,0.9999908,1
37520,1,1,0.99424744,1
37521,1,1,0.9998989,1
37522,1,1,1.0,1
37523,0,0,0.0068504806,1
37524,0,0,0.15190639,1
37525,0,1,0.9943251,0
37526,1,1,1.0,1
37527,1,1,0.9999994,1
37528,0,0,0.086477645,1
37529,0,0,0.012552117,1
37530,1,1,0.99999845,1
37531,0,0,0.06973154,1
37532,0,0,0.0066153933,1
37533,0,0,0.08525123,1
37534,1,1,0.9999567,1
37535,1,0,0.0028504555,0
37536,1,1,1.0,1
37537,1,1,1.0,1
37538,1,1,0.99999404,1
37539,0,1,0.9913726,0
37540,0,0,0.26817408,1
37541,1,1,0.9999994,1
37542,1,1,0.84363765,1
37543,1,0,0.25270665,0
37544,1,1,0.9999999,1
37545,0,1,0.99999917,0
37546,0,0,0.11153119,1
37547,1,1,0.99999714,1
37548,1,1,0.99999917,1
37549,1,1,0.9999994,1
37550,1,1,1.0,1
37551,1,1,0.99998593,1
37552,0,1,0.99594563,0
37553,1,1,0.9662516,1
37554,0,1,0.9994105,0
37555,0,0,0.027506804,1
37556,1,1,0.9999795,1
37557,1,1,0.88710684,1
37558,1,0,0.030473188,0
37559,0,1,0.4758793,0
37560,1,0,0.031499382,0
37561,1,0,0.019681409,0
37562,1,0,0.07185127,0
37563,1,1,1.0,1
37564,1,0,0.14792407,0
37565,0,0,0.011050794,1
37566,1,1,0.9999964,1
37567,1,0,0.010944577,0
37568,1,1,1.0,1
37569,0,1,0.36347744,0
37570,1,1,0.6203342,1
37571,1,1,1.0,1
37572,1,0,0.020764738,0
37573,0,1,0.97587764,0
37574,1,1,0.92241246,1
37575,1,0,0.068599865,0
37576,1,1,0.99999905,1
37577,1,1,0.79842263,1
37578,1,1,0.87125593,1
37579,0,1,0.99416876,0
37580,0,0,0.034749623,1
37581,0,1,0.9834387,0
37582,1,1,0.99999416,1
37583,0,1,0.94122344,0
37584,0,1,0.9328826,0
37585,1,1,0.9999999,1
37586,1,1,0.99999857,1
37587,0,0,0.089853115,1
37588,1,1,0.9994837,1
37589,1,1,0.99991345,1
37590,0,0,0.08525123,1
37591,1,1,0.9999398,1
37592,1,1,0.5707501,1
37593,1,1,0.9519973,1
37594,1,1,0.84504944,1
37595,1,1,0.99998546,1
37596,0,1,0.99999297,0
37597,0,1,0.9399685,0
37598,1,1,0.99999976,1
37599,0,0,0.04659464,1
37600,1,0,0.12368283,0
37601,0,1,0.9250947,0
37602,0,0,0.004331502,1
37603,0,1,0.96171397,0
37604,1,1,0.38191092,1
37605,0,1,0.63945466,0
37606,0,0,0.20442131,1
37607,1,1,1.0,1
37608,1,1,0.99999976,1
37609,0,0,0.14633106,1
37610,0,1,0.9999875,0
37611,0,1,0.8965235,0
37612,1,1,0.9996965,1
37613,0,1,0.99999356,0
37614,0,0,0.33497,1
37615,0,1,0.9999927,0
37616,0,0,0.2330948,1
37617,1,1,0.9987864,1
37618,1,1,0.99948967,1
37619,0,0,0.08889936,1
37620,0,1,0.6462928,0
37621,0,0,0.024821786,1
37622,0,1,0.8976953,0
37623,1,1,0.57660156,1
37624,0,0,0.13426429,1
37625,0,1,0.9749884,0
37626,1,1,1.0,1
37627,1,1,0.9383503,1
37628,0,1,0.9991441,0
37629,1,1,1.0,1
37630,0,1,0.9999863,0
37631,0,1,0.9992649,0
37632,0,0,0.27115518,1
37633,1,1,0.57493186,1
37634,0,0,0.13443466,1
37635,0,0,0.04590542,1
37636,0,1,0.87621135,0
37637,0,0,0.0016908031,1
37638,1,1,0.99996257,1
37639,0,1,0.90252376,0
37640,1,1,0.999666,1
37641,0,0,0.105948284,1
37642,0,1,0.99342304,0
37643,1,1,1.0,1
37644,0,0,0.3346438,1
37645,1,0,0.015814932,0
37646,0,1,0.48163667,0
37647,1,0,0.038901985,0
37648,1,0,0.22533137,0
37649,0,0,0.031291503,1
37650,0,0,0.2773751,1
37651,0,0,0.02505927,1
37652,1,1,0.50836104,1
37653,0,0,0.0026886717,1
37654,1,1,0.98986953,1
37655,0,0,0.12352412,1
37656,1,1,0.5211056,1
37657,1,0,0.18720697,0
37658,0,0,0.117319085,1
37659,1,1,0.7483523,1
37660,0,1,0.86601925,0
37661,1,1,1.0,1
37662,0,0,0.25312182,1
37663,1,1,0.53236437,1
37664,0,1,0.53345823,0
37665,1,1,0.9427181,1
37666,0,1,0.98521465,0
37667,1,0,0.1304515,0
37668,1,1,0.9610615,1
37669,0,0,0.02665774,1
37670,0,1,0.68789214,0
37671,1,1,0.98324674,1
37672,0,0,0.08874129,1
37673,1,1,0.9970765,1
37674,1,1,0.93851966,1
37675,1,1,1.0,1
37676,0,1,0.8548847,0
37677,0,1,0.46860826,0
37678,1,1,0.73120254,1
37679,0,1,0.76803803,0
37680,0,0,0.1431877,1
37681,1,1,0.8525676,1
37682,0,1,1.0,0
37683,0,0,0.06785488,1
37684,1,1,0.83359575,1
37685,0,1,0.86499614,0
37686,1,0,0.23423143,0
37687,1,1,0.99987113,1
37688,0,1,0.8890481,0
37689,1,1,0.9997677,1
37690,0,1,0.99999964,0
37691,0,0,0.09451042,1
37692,1,1,0.8290772,1
37693,0,0,0.019105727,1
37694,1,0,0.28120816,0
37695,0,1,0.7644523,0
37696,0,1,0.8290772,0
37697,1,1,0.7130821,1
37698,1,1,1.0,1
37699,1,1,1.0,1
37700,0,1,0.97917557,0
37701,1,1,0.99174845,1
37702,0,1,0.9993242,0
37703,1,1,0.9999995,1
37704,1,1,0.9999989,1
37705,1,0,0.11377637,0
37706,1,1,0.9999511,1
37707,1,0,0.16755892,0
37708,1,1,0.9999999,1
37709,1,0,0.111434445,0
37710,1,1,0.97782,1
37711,0,0,0.051415116,1
37712,0,1,0.96853036,0
37713,1,1,0.99253935,1
37714,1,1,1.0,1
37715,1,0,0.013376604,0
37716,0,1,0.8597815,0
37717,1,1,0.988425,1
37718,1,1,0.94433105,1
37719,1,1,0.9952632,1
37720,0,1,0.93045825,0
37721,1,1,0.9997868,1
37722,1,1,0.98955137,1
37723,1,1,0.99780875,1
37724,1,1,0.9547741,1
37725,0,0,0.009764972,1
37726,1,1,0.99929166,1
37727,0,1,0.4106972,0
37728,0,0,0.16013464,1
37729,1,0,0.16899405,0
37730,1,1,0.8740772,1
37731,1,1,0.99999976,1
37732,1,1,1.0,1
37733,1,1,0.9979691,1
37734,0,0,0.049176436,1
37735,1,1,0.9528382,1
37736,1,1,0.99083894,1
37737,1,1,1.0,1
37738,1,1,1.0,1
37739,1,1,0.99997413,1
37740,1,1,0.85512674,1
37741,1,1,1.0,1
37742,0,0,0.017695315,1
37743,1,1,0.400339,1
37744,0,1,0.76515496,0
37745,1,1,0.9999882,1
37746,1,1,0.9741658,1
37747,1,0,0.039638843,0
37748,0,1,0.9999387,0
37749,1,0,0.05374995,0
37750,1,1,0.9935243,1
37751,1,1,1.0,1
37752,1,1,0.99999976,1
37753,1,1,0.9998332,1
37754,0,0,0.1362632,1
37755,1,1,1.0,1
37756,1,1,0.9999981,1
37757,0,0,0.13223416,1
37758,1,1,0.99657035,1
37759,1,1,0.8813088,1
37760,0,0,0.15552686,1
37761,1,1,0.6568234,1
37762,0,1,0.9997843,0
37763,0,0,0.051177494,1
37764,1,1,0.9666317,1
37765,0,0,0.0768222,1
37766,1,1,0.5687153,1
37767,1,1,0.4758489,1
37768,0,1,0.625724,0
37769,1,0,0.15386674,0
37770,1,1,0.99999547,1
37771,1,1,0.99999905,1
37772,1,1,0.868938,1
37773,1,1,1.0,1
37774,1,1,0.9859904,1
37775,0,1,0.99608517,0
37776,1,1,0.99968624,1
37777,1,1,0.84325075,1
37778,0,1,0.9596487,0
37779,0,0,0.24122119,1
37780,0,0,0.25460163,1
37781,1,0,0.047869008,0
37782,1,1,1.0,1
37783,1,1,1.0,1
37784,0,0,0.1305069,1
37785,1,1,0.99943846,1
37786,1,1,0.9305845,1
37787,1,0,0.04296247,0
37788,1,1,0.9470392,1
37789,1,1,0.971537,1
37790,1,1,0.9999745,1
37791,1,1,0.9999999,1
37792,0,0,0.11556087,1
37793,1,0,0.24972162,0
37794,0,0,0.024168443,1
37795,0,1,0.8533026,0
37796,0,1,1.0,0
37797,1,1,0.99999607,1
37798,1,1,0.9998957,1
37799,1,1,0.9981104,1
37800,1,1,0.5218976,1
37801,1,1,0.8050198,1
37802,0,0,0.07172112,1
37803,0,1,0.96468914,0
37804,1,1,1.0,1
37805,0,0,0.2732349,1
37806,1,1,0.95145893,1
37807,1,0,0.16244647,0
37808,1,1,1.0,1
37809,0,1,0.99984527,0
37810,0,0,0.075653054,1
37811,0,0,0.09653531,1
37812,1,1,0.6494119,1
37813,1,0,0.10239443,0
37814,1,0,0.064830884,0
37815,1,1,1.0,1
37816,0,0,0.20601411,1
37817,1,1,0.9999999,1
37818,1,1,0.69755745,1
37819,0,0,0.24644268,1
37820,0,1,0.9999039,0
37821,1,1,0.99566,1
37822,0,0,0.26265267,1
37823,0,0,0.09384396,1
37824,1,1,0.9998666,1
37825,1,1,1.0,1
37826,0,1,0.9272316,0
37827,1,1,0.99998045,1
37828,1,1,0.40951598,1
37829,1,1,0.9990564,1
37830,0,0,0.17161581,1
37831,1,1,0.7453521,1
37832,0,0,0.038502328,1
37833,0,0,0.063773274,1
37834,1,1,0.9987888,1
37835,1,0,0.12168575,0
37836,1,1,1.0,1
37837,0,0,0.16411416,1
37838,1,1,1.0,1
37839,1,1,1.0,1
37840,0,0,0.0050899177,1
37841,1,1,0.99504673,1
37842,1,1,0.9999989,1
37843,1,0,0.3263251,0
37844,0,0,0.26104826,1
37845,0,0,0.19907434,1
37846,0,1,0.4640514,0
37847,1,1,0.45008743,1
37848,1,1,0.9999255,1
37849,1,1,0.9038049,1
37850,0,0,0.008813166,1
37851,0,0,0.106597565,1
37852,1,1,0.98524296,1
37853,0,1,0.9889705,0
37854,1,1,0.999866,1
37855,1,1,0.99999714,1
37856,1,1,0.9995963,1
37857,1,0,0.09195129,0
37858,1,1,0.9992931,1
37859,0,1,0.9980122,0
37860,1,1,0.8362874,1
37861,1,1,0.79534036,1
37862,1,0,0.10239443,0
37863,0,0,0.12126887,1
37864,1,1,0.9980994,1
37865,1,1,0.8077641,1
37866,1,0,0.24409263,0
37867,1,0,0.077727415,0
37868,1,1,0.9998752,1
37869,0,0,0.13067321,1
37870,1,1,0.4590761,1
37871,0,1,0.9987576,0
37872,1,1,0.9999001,1
37873,1,1,0.81699115,1
37874,1,0,0.026105914,0
37875,0,0,0.15367614,1
37876,1,1,1.0,1
37877,1,1,0.6716321,1
37878,1,1,0.82685167,1
37879,1,0,0.20465964,0
37880,1,0,0.18602112,0
37881,1,1,0.9999889,1
37882,0,1,0.9999968,0
37883,0,0,0.09947022,1
37884,1,1,0.5084221,1
37885,0,1,0.998103,0
37886,0,1,0.49871826,0
37887,1,1,1.0,1
37888,1,1,0.4157288,1
37889,1,1,0.9839091,1
37890,0,1,0.9999187,0
37891,0,0,0.050470848,1
37892,0,0,0.040999033,1
37893,1,0,0.033971995,0
37894,1,1,1.0,1
37895,1,1,0.9999995,1
37896,1,1,0.9999995,1
37897,0,1,0.9998287,0
37898,1,1,0.9998184,1
37899,0,0,0.1185891,1
37900,1,1,0.9739189,1
37901,0,0,0.23502058,1
37902,1,1,0.9869544,1
37903,0,1,0.8121234,0
37904,1,0,0.21601154,0
37905,1,1,1.0,1
37906,0,0,0.009689717,1
37907,1,1,0.9999968,1
37908,1,1,0.45126605,1
37909,0,1,0.63945466,0
37910,0,1,1.0,0
37911,0,0,0.0061929906,1
37912,1,1,0.9999925,1
37913,1,1,0.98375374,1
37914,1,0,0.16364582,0
37915,0,0,0.077727415,1
37916,0,1,0.9982003,0
37917,0,0,0.12054232,1
37918,0,1,0.8822251,0
37919,0,0,0.02761149,1
37920,1,1,1.0,1
37921,1,0,0.026886744,0
37922,0,1,0.99999917,0
37923,1,1,0.99964654,1
37924,1,1,1.0,1
37925,1,1,0.93439513,1
37926,1,1,0.9999888,1
37927,1,1,1.0,1
37928,1,1,0.99998856,1
37929,1,0,0.050658382,0
37930,1,1,0.999332,1
37931,0,0,0.09687654,1
37932,0,1,0.97836393,0
37933,0,1,0.9705485,0
37934,1,1,0.75137466,1
37935,1,1,0.9999795,1
37936,1,1,0.99999976,1
37937,1,1,0.99999964,1
37938,1,1,0.89302987,1
37939,0,1,0.9984176,0
37940,0,0,0.069604956,1
37941,0,0,0.15765488,1
37942,1,1,0.99170023,1
37943,0,1,0.99847823,0
37944,1,1,0.3548801,1
37945,1,1,0.9993917,1
37946,0,0,0.16377953,1
37947,1,1,0.95814794,1
37948,0,1,0.42456108,0
37949,1,0,0.05505607,0
37950,1,1,0.93569994,1
37951,1,0,0.3477586,0
37952,1,1,0.81960475,1
37953,1,1,1.0,1
37954,1,1,0.9998872,1
37955,1,1,0.9999994,1
37956,0,0,4.6656285e-05,1
37957,1,0,0.14602636,0
37958,0,0,0.07793769,1
37959,0,1,0.9999999,0
37960,0,0,0.018003466,1
37961,0,0,0.085403666,1
37962,1,1,0.99821776,1
37963,1,1,1.0,1
37964,1,1,0.6472967,1
37965,1,1,1.0,1
37966,1,0,0.2660711,0
37967,0,1,0.9998623,0
37968,0,0,0.05490385,1
37969,0,1,0.3782294,0
37970,0,0,0.06542547,1
37971,0,0,0.10631887,1
37972,0,1,0.99877685,0
37973,0,1,0.46174484,0
37974,0,0,0.11992252,1
37975,0,1,0.9953635,0
37976,1,1,0.9990545,1
37977,0,0,0.15578353,1
37978,0,1,0.38418987,0
37979,1,1,0.98546845,1
37980,0,0,0.056966383,1
37981,1,0,0.11476479,0
37982,1,0,0.1192542,0
37983,0,1,0.7684726,0
37984,1,1,0.99990654,1
37985,1,1,0.99906737,1
37986,0,1,0.97601515,0
37987,1,1,0.9436599,1
37988,0,0,0.18587328,1
37989,1,1,1.0,1
37990,1,1,0.99959713,1
37991,0,0,0.21850257,1
37992,1,1,0.9810037,1
37993,1,0,0.26903743,0
37994,1,0,0.22884513,0
37995,0,0,0.008594111,1
37996,0,0,0.1424107,1
37997,1,1,0.9999727,1
37998,1,1,0.99990356,1
37999,1,1,0.99361163,1
38000,0,1,0.5783887,0
38001,1,1,0.37831554,1
38002,0,0,0.11920292,1
38003,1,1,0.999884,1
38004,0,0,0.23005375,1
38005,0,1,0.51677835,0
38006,1,1,0.9961606,1
38007,1,1,0.99999726,1
38008,0,1,0.6865277,0
38009,1,1,0.9724409,1
38010,0,0,0.15752526,1
38011,1,1,0.8089743,1
38012,0,0,0.19698064,1
38013,1,1,0.9999919,1
38014,0,1,0.9990054,0
38015,1,1,0.99926203,1
38016,0,1,0.84733725,0
38017,1,1,0.9996983,1
38018,1,1,0.9999784,1
38019,0,0,0.15310545,1
38020,0,0,0.1444503,1
38021,1,1,1.0,1
38022,1,1,0.9998965,1
38023,0,0,0.029535338,1
38024,1,1,0.99998057,1
38025,0,0,0.10800066,1
38026,1,0,0.1308397,0
38027,1,1,0.99983525,1
38028,1,0,0.030879721,0
38029,1,1,0.99572706,1
38030,1,1,1.0,1
38031,0,1,0.64248854,0
38032,1,0,0.32584226,0
38033,1,1,0.9921841,1
38034,1,1,0.9999962,1
38035,0,0,0.11521199,1
38036,0,1,0.9014879,0
38037,0,1,0.53607,0
38038,0,1,0.8763172,0
38039,1,1,0.99999046,1
38040,1,1,0.9676251,1
38041,0,0,0.061255362,1
38042,1,1,0.8986777,1
38043,1,1,0.8031738,1
38044,0,1,0.62937605,0
38045,0,0,0.06608538,1
38046,1,1,0.99998367,1
38047,0,1,0.6584724,0
38048,1,0,0.16913125,0
38049,1,0,0.19200854,0
38050,1,1,1.0,1
38051,0,0,0.3238076,1
38052,0,1,0.43788356,0
38053,0,0,0.09342957,1
38054,0,0,0.09764823,1
38055,1,1,0.99817204,1
38056,0,0,0.22884513,1
38057,1,1,0.99999535,1
38058,1,1,0.65074474,1
38059,0,0,0.10356715,1
38060,0,0,0.02824778,1
38061,1,0,0.014728614,0
38062,1,0,0.24535614,0
38063,0,1,0.9908744,0
38064,1,1,0.85318035,1
38065,1,1,0.9920312,1
38066,1,1,0.99664307,1
38067,0,0,0.10604083,1
38068,0,0,0.16337869,1
38069,1,1,0.9893885,1
38070,0,0,0.064535476,1
38071,1,1,0.9999069,1
38072,0,1,0.94980925,0
38073,1,1,1.0,1
38074,0,1,0.64074826,0
38075,1,0,0.06153674,0
38076,1,1,0.97957015,1
38077,1,1,1.0,1
38078,1,1,0.9869292,1
38079,0,1,0.6988949,0
38080,0,0,0.24580847,1
38081,1,1,0.9978884,1
38082,0,0,0.23493281,1
38083,0,0,0.16830944,1
38084,0,0,0.095265254,1
38085,0,1,0.91062486,0
38086,0,1,0.6783802,0
38087,1,1,1.0,1
38088,1,0,0.024353383,0
38089,1,0,0.17838266,0
38090,0,0,0.19490358,1
38091,1,1,0.99999964,1
38092,1,1,0.99711037,1
38093,0,1,0.52378577,0
38094,0,0,0.27226636,1
38095,1,1,0.920218,1
38096,0,1,0.36817852,0
38097,1,1,0.9999999,1
38098,1,1,0.99989104,1
38099,0,0,0.08262328,1
38100,1,1,0.9974934,1
38101,1,1,0.9955835,1
38102,1,1,0.99029154,1
38103,0,1,1.0,0
38104,0,1,0.99566,0
38105,1,0,0.09276993,0
38106,1,0,0.3014649,0
38107,1,1,1.0,1
38108,1,1,0.9999994,1
38109,1,0,0.15546273,0
38110,1,1,0.5666781,1
38111,1,1,0.9636776,1
38112,0,1,0.9995372,0
38113,0,0,0.05399884,1
38114,0,0,0.08093672,1
38115,1,1,1.0,1
38116,1,1,0.9992563,1
38117,1,1,1.0,1
38118,1,1,1.0,1
38119,0,0,0.3106421,1
38120,1,1,0.999864,1
38121,0,1,0.99771726,0
38122,1,1,0.9999989,1
38123,0,1,0.7653304,0
38124,0,1,0.4934391,0
38125,0,0,0.008140463,1
38126,1,1,0.9999758,1
38127,1,1,0.9966234,1
38128,1,1,0.99021614,1
38129,1,1,0.9990415,1
38130,1,1,0.73616356,1
38131,0,1,0.98262435,0
38132,0,1,0.8906752,0
38133,0,0,0.045819946,1
38134,1,1,0.9999958,1
38135,0,1,0.47304863,0
38136,0,1,0.972178,0
38137,1,1,1.0,1
38138,0,0,0.29294914,1
38139,0,1,0.45671263,0
38140,1,1,0.4200642,1
38141,0,1,0.9781563,0
38142,1,0,0.22746935,0
38143,0,1,0.7178533,0
38144,1,1,0.6101631,1
38145,1,1,0.7130821,1
38146,0,1,0.7056329,0
38147,0,1,0.91957027,0
38148,1,1,0.99999976,1
38149,1,1,0.9999535,1
38150,0,0,0.033494536,1
38151,0,1,0.88353777,0
38152,1,1,0.96050966,1
38153,0,0,0.036083944,1
38154,0,1,0.38349697,0
38155,0,0,0.07517641,1
38156,1,1,0.90000373,1
38157,0,0,0.32076812,1
38158,1,0,0.046638034,0
38159,1,1,0.83682144,1
38160,1,0,0.03138043,0
38161,0,1,0.95643115,0
38162,1,1,0.64573455,1
38163,1,1,0.999828,1
38164,1,1,1.0,1
38165,1,0,0.06878729,0
38166,1,1,0.99999857,1
38167,1,0,0.20601411,0
38168,0,0,0.111724876,1
38169,0,0,0.02517884,1
38170,1,1,1.0,1
38171,1,1,0.9985221,1
38172,1,1,0.8609547,1
38173,1,1,0.9999994,1
38174,1,1,0.78099674,1
38175,0,0,0.011309892,1
38176,0,1,0.99999666,0
38177,1,1,0.99329424,1
38178,1,1,1.0,1
38179,0,1,0.99882597,0
38180,0,0,0.041384716,1
38181,0,1,0.9491535,0
38182,1,1,0.8146434,1
38183,1,1,1.0,1
38184,0,1,0.83413684,0
38185,1,1,0.9999478,1
38186,0,1,0.81640637,0
38187,1,0,0.32493117,0
38188,1,1,0.9999286,1
38189,1,1,0.9999999,1
38190,1,1,0.9999907,1
38191,1,1,0.99997246,1
38192,1,1,1.0,1
38193,0,0,0.11951087,1
38194,0,0,0.110855594,1
38195,1,1,1.0,1
38196,0,0,0.08277145,1
38197,0,1,0.7764535,0
38198,1,0,0.041191436,0
38199,0,1,0.4717708,0
38200,0,1,0.6313102,0
38201,0,1,0.6005398,0
38202,0,0,0.17476209,1
38203,1,1,0.9629877,1
38204,1,1,0.63011605,1
38205,0,1,0.48358744,0
38206,0,1,0.9611345,0
38207,1,1,1.0,1
38208,1,1,1.0,1
38209,1,1,0.9946464,1
38210,1,1,0.9998287,1
38211,1,1,1.0,1
38212,0,1,0.99933976,0
38213,1,1,1.0,1
38214,1,1,1.0,1
38215,1,1,0.8664719,1
38216,1,1,1.0,1
38217,0,1,0.5914873,0
38218,1,0,0.035310794,0
38219,1,1,0.91655886,1
38220,0,1,0.75868946,0
38221,1,1,0.9928786,1
38222,1,1,1.0,1
38223,1,1,0.9999999,1
38224,1,1,0.9999999,1
38225,1,1,0.99999774,1
38226,0,1,0.9854124,0
38227,1,0,0.04260254,0
38228,1,1,0.9999964,1
38229,0,1,0.9989225,0
38230,1,1,0.9999896,1
38231,1,1,0.9902351,1
38232,0,1,0.99975747,0
38233,1,1,1.0,1
38234,1,1,0.99999964,1
38235,0,1,0.9824568,0
38236,0,0,0.12362991,1
38237,0,0,0.12940273,1
38238,1,0,0.057018865,0
38239,0,1,0.98375374,0
38240,0,0,0.010570489,1
38241,1,1,1.0,1
38242,1,1,0.9999963,1
38243,1,1,0.98752034,1
38244,1,1,0.950503,1
38245,0,0,0.22337706,1
38246,1,1,0.999998,1
38247,1,0,0.24889913,0
38248,0,1,0.53321517,0
38249,0,0,0.17335817,1
38250,1,1,1.0,1
38251,0,1,0.9918595,0
38252,0,0,0.27144477,1
38253,1,1,0.99999475,1
38254,0,0,0.04738177,1
38255,1,1,0.9953904,1
38256,1,1,1.0,1
38257,1,0,0.0553617,0
38258,1,1,0.99999976,1
38259,1,0,0.05531065,0
38260,0,0,0.012217682,1
38261,0,1,0.6472967,0
38262,0,1,0.99967873,0
38263,1,1,0.99984884,1
38264,0,0,0.2948745,1
38265,1,1,0.99920064,1
38266,0,0,0.066629894,1
38267,0,1,0.9394706,0
38268,1,1,0.68715787,1
38269,0,0,0.19605544,1
38270,0,1,0.9998097,0
38271,0,1,0.9999969,0
38272,1,1,0.9999987,1
38273,1,0,0.316739,0
38274,1,1,0.9999918,1
38275,1,1,0.8924688,1
38276,0,0,0.28477484,1
38277,0,1,0.9999887,0
38278,0,1,0.599192,0
38279,0,0,0.067485206,1
38280,1,0,0.15495054,0
38281,1,0,0.09585608,0
38282,0,0,0.050237365,1
38283,0,0,0.14627008,1
38284,0,0,0.057440385,1
38285,1,1,0.82741016,1
38286,0,0,0.12069768,1
38287,1,1,0.99999654,1
38288,1,1,0.99959,1
38289,1,1,1.0,1
38290,0,1,0.99999976,0
38291,0,1,0.6673103,0
38292,1,0,0.02873432,0
38293,0,0,0.20577459,1
38294,1,1,0.7667306,1
38295,0,0,0.03642515,1
38296,1,1,0.99930406,1
38297,0,0,0.2069742,1
38298,0,1,0.9999367,0
38299,0,0,0.05937366,1
38300,0,1,0.4776151,0
38301,0,1,0.99964786,0
38302,0,1,0.4501479,0
38303,0,1,0.729086,0
38304,1,1,1.0,1
38305,1,1,0.99999225,1
38306,1,0,0.060919292,0
38307,0,1,0.96841115,0
38308,1,1,0.5626572,1
38309,0,0,0.00671887,1
38310,0,1,0.5111676,0
38311,0,1,0.9230392,0
38312,0,0,0.13122888,1
38313,1,1,0.9999292,1
38314,1,1,0.99955314,1
38315,0,1,0.7785651,0
38316,0,0,0.23970512,1
38317,0,1,0.4429979,0
38318,0,1,0.89982784,0
38319,1,1,0.9985191,1
38320,1,1,0.99999976,1
38321,1,1,1.0,1
38322,1,1,0.9999999,1
38323,0,0,0.20898496,1
38324,0,0,0.047958106,1
38325,0,0,0.056392044,1
38326,0,0,0.18432663,1
38327,1,1,0.99165195,1
38328,1,1,1.0,1
38329,1,1,1.0,1
38330,1,1,0.9999999,1
38331,0,1,0.99782157,0
38332,1,1,1.0,1
38333,1,0,0.089853115,0
38334,1,1,0.5338835,1
38335,0,0,0.2982869,1
38336,1,1,0.99999917,1
38337,0,1,0.9502727,0
38338,1,1,0.9754135,1
38339,1,0,0.32450292,0
38340,1,1,0.99987173,1
38341,0,0,0.026912306,1
38342,1,1,0.9999808,1
38343,1,1,0.99999976,1
38344,1,1,0.99997246,1
38345,1,1,0.9999999,1
38346,0,1,0.46672407,0
38347,0,0,0.16026603,1
38348,0,1,0.592195,0
38349,1,1,0.99993217,1
38350,1,1,1.0,1
38351,0,0,0.2758119,1
38352,0,0,0.032682236,1
38353,1,1,0.99978846,1
38354,0,1,0.74844426,0
38355,0,1,0.997783,0
38356,0,0,0.20204929,1
38357,1,1,0.9998273,1
38358,1,1,0.8729984,1
38359,1,1,0.9999974,1
38360,0,0,0.11506276,1
38361,1,0,0.0818861,0
38362,0,0,0.059319146,1
38363,1,1,0.9835654,1
38364,1,1,0.7255028,1
38365,1,1,0.9999175,1
38366,1,1,1.0,1
38367,0,0,0.055668924,1
38368,1,0,0.29777616,0
38369,1,1,1.0,1
38370,0,0,0.24744149,1
38371,0,0,0.12368283,1
38372,0,0,0.052279223,1
38373,1,1,0.75783914,1
38374,0,0,0.14199378,1
38375,0,0,0.04773565,1
38376,1,1,0.9999999,1
38377,0,0,0.1496556,1
38378,1,1,0.9951231,1
38379,1,1,1.0,1
38380,1,1,0.40444866,1
38381,0,1,0.98039377,0
38382,1,1,1.0,1
38383,1,1,0.9969722,1
38384,1,1,0.99879575,1
38385,1,0,0.086323485,0
38386,0,0,0.027117655,1
38387,1,1,0.99917525,1
38388,0,0,0.034068275,1
38389,1,1,0.9999949,1
38390,0,0,0.22893131,1
38391,1,0,0.09530736,0
38392,0,0,0.07654563,1
38393,1,0,0.10061321,0
38394,0,0,0.2213507,1
38395,0,1,0.9885583,0
38396,0,0,0.089933,1
38397,0,0,0.1673547,1
38398,1,1,0.9999995,1
38399,1,1,0.9994093,1
38400,0,0,0.088820286,1
38401,1,1,0.9979292,1
38402,0,1,0.99927634,0
38403,0,0,0.17189364,1
38404,1,1,0.47487468,1
38405,0,1,0.82032555,0
38406,0,1,0.9820826,0
38407,1,1,0.99941957,1
38408,1,1,0.99992657,1
38409,0,0,0.15889087,1
38410,1,1,0.9930153,1
38411,0,1,0.9998952,0
38412,1,1,0.9999999,1
38413,1,1,0.9998253,1
38414,1,1,0.9999995,1
38415,1,1,1.0,1
38416,0,1,0.42868176,0
38417,0,1,0.9976769,0
38418,1,1,0.99983776,1
38419,1,0,0.030329255,0
38420,0,0,0.0393425,1
38421,1,1,0.9997154,1
38422,1,1,1.0,1
38423,1,0,0.12126887,0
38424,1,1,0.9566342,1
38425,1,1,0.9997017,1
38426,0,1,0.67720723,0
38427,1,0,0.11556087,0
38428,1,1,0.9979572,1
38429,1,1,0.9995408,1
38430,1,1,0.9999993,1
38431,1,1,0.9994622,1
38432,0,1,1.0,0
38433,1,1,0.99999,1
38434,0,1,0.58646363,0
38435,0,1,1.0,0
38436,1,1,1.0,1
38437,1,1,0.99999917,1
38438,1,1,0.99999964,1
38439,1,1,0.9999975,1
38440,1,0,0.094426885,0
38441,0,1,0.81844676,0
38442,0,1,0.9920773,0
38443,1,1,0.98961186,1
38444,0,0,0.063540444,1
38445,1,0,0.11047115,0
38446,1,1,1.0,1
38447,1,1,0.8043291,1
38448,1,1,0.35153365,1
38449,1,1,0.7789017,1
38450,0,1,1.0,0
38451,1,0,0.28160313,0
38452,1,1,0.9999621,1
38453,0,1,0.99248135,0
38454,0,0,0.06307716,1
38455,0,0,0.14786254,1
38456,0,0,0.26635727,1
38457,0,0,0.31158394,1
38458,0,1,0.9533619,0
38459,0,1,0.5415301,0
38460,1,1,0.9934865,1
38461,0,1,0.99527246,0
38462,0,0,0.14229147,1
38463,1,1,0.9999989,1
38464,1,1,0.9999627,1
38465,1,1,1.0,1
38466,0,1,0.9664738,0
38467,0,1,0.99603146,0
38468,1,0,0.027195055,0
38469,0,0,0.023021257,1
38470,1,1,1.0,1
38471,0,1,0.99965405,0
38472,1,1,1.0,1
38473,1,1,1.0,1
38474,1,1,0.90044224,1
38475,1,1,0.99948776,1
38476,1,1,0.9999645,1
38477,1,1,0.9999989,1
38478,0,1,0.9927532,0
38479,1,1,0.99974185,1
38480,1,1,0.99978,1
38481,0,0,0.041384716,1
38482,0,1,0.5128146,0
38483,1,1,0.99595356,1
38484,1,1,0.9999329,1
38485,0,1,0.9989556,0
38486,0,1,0.5214712,0
38487,0,0,0.042722195,1
38488,1,1,0.99306935,1
38489,0,1,0.98478174,0
38490,1,1,0.9978719,1
38491,1,0,0.036220055,0
38492,1,1,1.0,1
38493,1,1,0.99999475,1
38494,1,1,0.37065244,1
38495,1,1,0.99994695,1
38496,0,1,0.8200375,0
38497,1,1,0.7756048,1
38498,0,0,0.2247353,1
38499,0,0,0.20481862,1
38500,0,1,0.99999356,0
38501,1,1,0.99948573,1
38502,1,0,0.1649868,0
38503,0,0,0.004564981,1
38504,0,1,0.9885361,0
38505,1,0,0.11018359,0
38506,1,0,0.1187934,0
38507,0,0,0.097734325,1
38508,0,1,0.9994568,0
38509,1,1,0.99999917,1
38510,1,1,1.0,1
38511,0,1,0.99988854,0
38512,0,1,0.71646667,0
38513,0,1,0.9996911,0
38514,0,1,0.9985896,0
38515,1,1,0.99824536,1
38516,0,1,0.96969944,0
38517,1,1,0.9996207,1
38518,1,1,0.995008,1
38519,0,0,0.07113817,1
38520,1,1,1.0,1
38521,1,1,1.0,1
38522,1,1,0.99900144,1
38523,0,1,0.86036915,0
38524,0,0,0.059646945,1
38525,1,1,1.0,1
38526,1,1,0.8533026,1
38527,1,1,0.92495924,1
38528,1,1,0.9974039,1
38529,1,0,0.28437722,0
38530,0,0,0.33458945,1
38531,1,1,0.90371984,1
38532,1,1,1.0,1
38533,1,1,0.9999999,1
38534,0,0,0.005899603,1
38535,1,1,0.9999907,1
38536,1,1,0.9999913,1
38537,1,1,1.0,1
38538,0,0,0.0049054064,1
38539,1,1,0.45519862,1
38540,1,1,0.9870546,1
38541,1,1,0.5971969,1
38542,0,0,0.049176436,1
38543,0,1,0.9908744,0
38544,1,1,0.71228224,1
38545,1,1,1.0,1
38546,0,1,0.9969246,0
38547,1,1,0.9999987,1
38548,0,1,0.9819619,0
38549,0,0,0.0012113067,1
38550,0,1,0.997851,0
38551,0,0,0.015875846,1
38552,0,1,0.99996305,0
38553,0,0,0.1474324,1
38554,1,1,0.9993242,1
38555,1,1,0.99990654,1
38556,0,1,0.7862948,0
38557,1,1,0.45574355,1
38558,1,1,1.0,1
38559,0,1,0.8800775,0
38560,0,1,0.9417078,0
38561,0,0,0.033875983,1
38562,0,0,0.25571522,1
38563,1,1,0.8967045,1
38564,1,1,0.9989975,1
38565,1,1,0.9920466,1
38566,1,1,1.0,1
38567,1,1,1.0,1
38568,1,1,0.9999995,1
38569,1,1,0.7152251,1
38570,0,0,0.06966823,1
38571,0,0,0.10922978,1
38572,1,1,0.878627,1
38573,1,1,0.8101787,1
38574,1,0,0.33252713,0
38575,0,1,0.65704346,0
38576,1,1,1.0,1
38577,0,1,0.7100758,0
38578,1,1,0.99998295,1
38579,0,0,0.053849373,1
38580,1,1,0.99951684,1
38581,1,0,0.06447655,0
38582,1,1,0.6215983,1
38583,0,1,0.99999416,0
38584,1,1,0.99545276,1
38585,0,1,0.9999845,0
38586,1,1,0.9999999,1
38587,0,0,0.32305968,1
38588,1,1,0.9999957,1
38589,1,1,0.9999993,1
38590,1,1,0.83141696,1
38591,1,0,0.18952107,0
38592,1,1,0.99961925,1
38593,1,1,0.76339555,1
38594,0,1,0.9990872,0
38595,1,1,0.99688846,1
38596,1,1,0.9999994,1
38597,1,0,0.2639787,0
38598,1,1,0.9999031,1
38599,0,1,0.9320833,0
38600,0,1,0.9965771,0
38601,1,1,1.0,1
38602,0,1,0.65373504,0
38603,0,1,0.9990656,0
38604,1,1,0.9014879,1
38605,1,1,0.99694854,1
38606,1,0,0.15980656,0
38607,1,1,0.99993265,1
38608,0,1,0.51135063,0
38609,1,1,0.7446563,1
38610,1,0,0.027874898,0
38611,1,1,0.9998996,1
38612,1,1,1.0,1
38613,0,1,0.99176437,0
38614,1,1,0.61004704,1
38615,1,1,0.92324704,1
38616,1,0,0.07349652,0
38617,1,1,0.97419035,1
38618,0,1,0.9993013,0
38619,0,1,0.99509466,0
38620,1,1,1.0,1
38621,1,1,1.0,1
38622,1,1,1.0,1
38623,0,0,0.1098012,1
38624,1,0,0.09602549,0
38625,1,0,0.10913479,0
38626,0,1,0.98569053,0
38627,1,0,0.21084754,0
38628,1,1,0.9365757,1
38629,1,1,0.9997594,1
38630,1,1,1.0,1
38631,1,1,1.0,1
38632,0,0,0.10150035,1
38633,0,1,0.9982109,0
38634,1,1,0.37230548,1
38635,0,1,0.37202027,0
38636,0,1,0.9999324,0
38637,0,1,0.9999999,0
38638,0,0,0.09585608,1
38639,1,1,0.7844842,1
38640,1,1,0.97752154,1
38641,0,1,0.96864927,0
38642,1,1,0.99998593,1
38643,0,0,0.17532618,1
38644,1,1,0.99999857,1
38645,1,1,1.0,1
38646,0,0,0.28160313,1
38647,0,0,0.05103542,1
38648,1,1,0.9984084,1
38649,0,1,0.35824078,0
38650,0,0,0.10365786,1
38651,1,1,0.9990854,1
38652,0,1,0.9998827,0
38653,1,1,0.47703645,1
38654,1,1,1.0,1
38655,0,1,0.4266202,0
38656,0,1,0.9999937,0
38657,0,1,0.99901307,0
38658,0,1,0.54988235,0
38659,0,1,0.9424538,0
38660,1,0,0.118998006,0
38661,1,0,0.11008789,0
38662,0,1,0.98197925,0
38663,1,0,0.2155158,0
38664,1,1,0.9999862,1
38665,1,1,0.99343574,1
38666,0,1,0.8370879,0
38667,0,0,0.07290027,1
38668,0,0,0.04659464,1
38669,1,1,0.9806364,1
38670,1,0,0.025011595,0
38671,0,1,0.3589146,0
38672,1,1,0.96777767,1
38673,1,0,0.0049054064,0
38674,1,1,0.97455615,1
38675,0,0,0.30156767,1
38676,1,1,0.9759235,1
38677,0,1,0.92736334,0
38678,1,1,0.9999745,1
38679,0,0,0.22151904,1
38680,0,1,0.99998724,0
38681,0,1,0.5343695,0
38682,1,1,0.99997866,1
38683,1,1,0.99990976,1
38684,1,0,0.18772759,0
38685,1,0,0.031410128,0
38686,1,0,0.11211313,0
38687,0,0,0.2615195,1
38688,1,0,0.051510453,0
38689,0,1,0.9946568,0
38690,0,1,0.99371004,0
38691,1,1,0.98638946,1
38692,1,0,0.08929564,0
38693,1,1,0.9999993,1
38694,1,1,0.99998474,1
38695,1,1,0.9999995,1
38696,0,1,0.96912026,0
38697,1,0,0.019719128,0
38698,0,0,0.068102375,1
38699,0,1,0.9999387,0
38700,0,1,0.491761,0
38701,0,1,0.8513358,0
38702,0,0,0.031291503,1
38703,1,0,0.23022676,0
38704,0,0,0.03194934,1
38705,1,1,0.9999999,1
38706,0,1,0.9629179,0
38707,1,1,0.99909246,1
38708,0,1,0.93738294,0
38709,1,1,0.9999893,1
38710,1,1,0.99634284,1
38711,0,0,0.3287449,1
38712,0,1,0.98314995,0
38713,1,1,0.43596154,1
38714,0,1,0.90829307,0
38715,0,1,0.99999094,0
38716,1,1,0.99053264,1
38717,1,1,0.95869267,1
38718,1,1,1.0,1
38719,0,0,0.17078443,1
38720,0,1,0.4762143,0
38721,0,0,0.01524759,1
38722,0,0,0.19977595,1
38723,0,0,0.1462091,1
38724,0,1,0.37330452,0
38725,1,1,0.98279023,1
38726,0,1,0.999997,0
38727,1,1,0.96378,1
38728,1,1,0.5362522,1
38729,1,1,0.99993074,1
38730,1,0,0.08419108,0
38731,0,1,0.47058454,0
38732,0,1,0.9999958,0
38733,1,0,0.09203286,0
38734,0,0,0.251326,1
38735,1,1,0.9507779,1
38736,1,1,0.64248854,1
38737,0,0,0.07835981,1
38738,1,0,0.28303766,0
38739,0,1,0.625724,0
38740,1,1,0.712082,1
38741,0,0,0.062617026,1
38742,0,0,0.3280987,1
38743,1,1,0.95998776,1
38744,0,0,0.064653486,1
38745,1,1,0.9962126,1
38746,1,1,0.99999726,1
38747,1,1,0.9999443,1
38748,1,1,0.99031025,1
38749,1,1,0.9963642,1
38750,0,0,0.089216255,1
38751,0,0,0.26024842,1
38752,1,1,0.9999999,1
38753,1,1,0.98270744,1
38754,1,1,0.7083639,1
38755,1,1,1.0,1
38756,1,1,0.97578543,1
38757,1,1,0.5873515,1
38758,1,1,1.0,1
38759,0,0,0.2033909,1
38760,1,1,0.99932146,1
38761,0,0,0.25734493,1
38762,1,1,0.99999535,1
38763,1,1,0.9152803,1
38764,1,1,1.0,1
38765,1,1,0.35793215,1
38766,0,1,0.9957104,0
38767,1,1,1.0,1
38768,0,1,1.0,0
38769,0,1,0.9987453,0
38770,1,1,1.0,1
38771,1,1,0.9999845,1
38772,1,0,0.06388999,0
38773,0,0,0.17895591,1
38774,0,1,0.99999213,0
38775,1,0,0.002103369,0
38776,1,1,0.9996971,1
38777,0,0,0.2202586,1
38778,0,1,0.9696707,0
38779,1,0,0.20378675,0
38780,1,1,0.91490096,1
38781,1,1,0.88100195,1
38782,1,1,1.0,1
38783,0,0,0.056704637,1
38784,0,0,0.04340633,1
38785,0,1,0.99066,0
38786,0,0,0.07544843,1
38787,1,1,0.99629277,1
38788,0,0,0.075653054,1
38789,1,1,1.0,1
38790,0,0,0.028382123,1
38791,0,1,0.99976856,0
38792,1,1,0.99999046,1
38793,0,1,0.99894124,0
38794,1,1,1.0,1
38795,0,1,0.42235568,0
38796,1,1,0.9997868,1
38797,1,0,0.16297863,0
38798,0,1,0.999941,0
38799,0,1,0.974893,0
38800,1,1,0.7916601,1
38801,0,0,0.2757144,1
38802,1,1,0.9999846,1
38803,0,1,0.6620867,0
38804,0,0,0.0842664,1
38805,1,1,0.9976495,1
38806,0,0,0.20071429,1
38807,0,1,0.9908035,0
38808,0,1,0.99566,0
38809,0,1,0.53722346,0
38810,1,0,0.096620515,0
38811,0,0,0.33573186,1
38812,1,0,0.18169841,0
38813,1,1,0.8136089,1
38814,1,1,1.0,1
38815,1,0,0.13770632,0
38816,1,1,0.9999989,1
38817,1,1,0.9999299,1
38818,1,1,1.0,1
38819,0,0,0.12973315,1
38820,1,1,0.9915052,1
38821,0,1,0.9998155,0
38822,1,1,0.5926077,1
38823,1,1,1.0,1
38824,1,1,0.9999385,1
38825,1,1,0.9908744,1
38826,0,0,0.3285833,1
38827,0,1,0.6539561,0
38828,0,1,0.9901972,0
38829,0,1,0.6001298,0
38830,0,1,0.9990415,0
38831,0,1,0.81390494,0
38832,1,1,0.9999999,1
38833,0,1,0.91985875,0
38834,0,0,0.25146383,1
38835,1,0,0.13840355,0
38836,1,1,1.0,1
38837,1,1,0.9901972,1
38838,0,0,0.14872593,1
38839,1,1,0.72628,1
38840,0,1,0.8103289,0
38841,0,0,0.33095753,1
38842,1,0,0.23952717,0
38843,0,1,1.0,0
38844,0,0,0.13195427,1
38845,1,0,0.14529718,0
38846,1,1,1.0,1
38847,0,0,0.058507007,1
38848,1,1,0.8370879,1
38849,1,1,0.9999999,1
38850,0,0,0.07864238,1
38851,1,1,0.998319,1
38852,0,1,0.9873262,0
38853,0,0,0.09146322,1
38854,1,0,0.03893851,0
38855,0,0,0.18602112,1
38856,1,1,1.0,1
38857,1,0,0.04858621,0
38858,0,1,0.9999999,0
38859,1,0,0.18491466,0
38860,0,0,0.009232214,1
38861,1,0,0.05802475,0
38862,1,1,0.9730365,1
38863,1,1,0.9987306,1
38864,0,0,0.12973315,1
38865,1,1,0.99953175,1
38866,0,0,0.16919987,1
38867,1,1,0.999943,1
38868,1,1,0.90632194,1
38869,0,0,0.245085,1
38870,1,0,0.093678005,0
38871,0,1,0.9906961,0
38872,1,1,0.996503,1
38873,0,0,0.0075333067,1
38874,1,1,0.99999905,1
38875,1,0,0.02917362,0
38876,1,1,1.0,1
38877,1,0,0.16586316,0
38878,1,1,0.9999969,1
38879,1,1,1.0,1
38880,1,1,0.95190793,1
38881,0,1,0.5703911,0
38882,1,1,0.9850429,1
38883,1,1,0.997065,1
38884,1,1,0.99911517,1
38885,1,0,0.055617616,0
38886,0,1,0.858837,0
38887,0,0,0.0094490815,1
38888,1,1,1.0,1
38889,1,1,0.844409,1
38890,0,0,0.13683893,1
38891,1,1,1.0,1
38892,1,1,0.99928623,1
38893,0,0,0.08779819,1
38894,1,1,0.9943691,1
38895,1,1,0.9996259,1
38896,1,1,0.99994373,1
38897,1,1,1.0,1
38898,1,1,0.9797259,1
38899,1,1,0.9998104,1
38900,1,1,0.99999917,1
38901,0,0,0.025883388,1
38902,1,0,0.29082978,0
38903,1,1,1.0,1
38904,0,0,0.34174725,1
38905,1,1,0.9500878,1
38906,0,0,0.052765187,1
38907,0,0,0.2168396,1
38908,0,1,0.4605618,0
38909,1,1,1.0,1
38910,0,0,0.06711741,1
38911,1,1,0.36155912,1
38912,0,0,0.21535073,1
38913,1,0,0.0842664,0
38914,0,1,0.39592218,0
38915,1,0,0.09636511,0
38916,1,1,0.36883184,1
38917,0,0,0.033875983,1
38918,0,0,0.2625581,1
38919,0,0,0.03030055,1
38920,1,1,0.99999857,1
38921,0,0,0.0030813636,1
38922,0,1,0.37227693,0
38923,0,1,0.980375,0
38924,0,1,0.42214724,0
38925,0,0,0.037714817,1
38926,0,1,0.9996953,0
38927,1,1,0.99940586,1
38928,1,1,0.9999994,1
38929,0,1,0.97546023,0
38930,1,1,1.0,1
38931,0,0,0.19132766,1
38932,1,1,0.9997131,1
38933,0,0,0.00036973887,1
38934,0,1,0.35420966,0
38935,1,0,0.091544405,0
38936,1,1,0.9988121,1
38937,0,0,0.24949297,1
38938,0,0,0.26029545,1
38939,1,1,0.980034,1
38940,1,1,1.0,1
38941,1,1,0.9968702,1
38942,1,1,1.0,1
38943,0,0,0.27168626,1
38944,1,1,1.0,1
38945,1,0,0.03132112,0
38946,0,0,0.3256814,1
38947,0,1,0.99956864,0
38948,0,1,0.99998,0
38949,1,1,0.9992519,1
38950,0,0,0.0083967,1
38951,0,1,0.62377805,0
38952,1,0,0.0011291546,0
38953,0,1,0.7105781,0
38954,1,1,0.71780384,1
38955,0,1,0.632446,0
38956,1,1,0.9999969,1
38957,0,1,0.985129,0
38958,1,0,0.086400524,0
38959,1,0,0.06441766,0
38960,0,0,0.17617498,1
38961,0,0,0.020626193,1
38962,0,1,0.9260366,0
38963,0,0,0.008461998,1
38964,0,0,0.111434445,1
38965,1,1,1.0,1
38966,0,1,0.95145893,0
38967,1,0,0.22618484,0
38968,0,1,0.99865156,0
38969,1,0,0.11446747,0
38970,1,1,0.99988806,1
38971,1,1,1.0,1
38972,1,1,0.9977482,1
38973,1,1,0.9869292,1
38974,1,1,0.9980045,1
38975,1,1,0.99991906,1
38976,0,0,0.2399722,1
38977,0,0,0.29538235,1
38978,1,1,0.74632394,1
38979,1,1,1.0,1
38980,1,1,0.9118885,1
38981,0,0,0.084947094,1
38982,0,1,0.93385434,0
38983,0,0,0.08042967,1
38984,1,1,0.98557997,1
38985,0,0,0.04881241,1
38986,0,1,0.9828068,0
38987,1,1,0.9951984,1
38988,1,1,1.0,1
38989,1,1,0.86025184,1
38990,0,0,0.22936255,1
38991,0,0,0.09492911,1
38992,0,0,0.1454185,1
38993,0,1,0.9874721,0
38994,0,0,0.09268777,1
38995,0,1,0.9796871,0
38996,0,1,0.9941347,0
38997,0,0,0.010986943,1
38998,0,1,0.4332919,0
38999,1,1,0.99948573,1
39000,1,1,1.0,1
39001,0,1,0.9998671,0
39002,1,0,0.33128196,0
39003,1,1,0.98314995,1
39004,1,1,0.9997775,1
39005,0,1,1.0,0
39006,0,1,0.99999464,0
39007,0,1,0.98680264,0
39008,0,1,0.6256097,0
39009,1,1,1.0,1
39010,0,0,0.039048295,1
39011,1,1,0.7306264,1
39012,0,0,0.25973174,1
39013,0,0,0.038901985,1
39014,0,0,0.16052906,1
39015,0,0,0.044973567,1
39016,0,1,0.97828114,0
39017,1,1,0.99999917,1
39018,1,1,0.9997695,1
39019,0,1,0.98959166,0
39020,1,1,0.99999535,1
39021,0,1,0.94468933,0
39022,0,0,0.22219339,1
39023,1,1,0.99917847,1
39024,0,0,0.13551785,1
39025,1,0,0.07928158,0
39026,1,1,0.99990726,1
39027,0,0,0.273041,1
39028,1,1,0.9999403,1
39029,0,0,0.14276889,1
39030,1,1,1.0,1
39031,0,0,0.09756222,1
39032,1,1,0.9999999,1
39033,1,1,0.9999999,1
39034,0,1,0.8704873,0
39035,0,1,0.4213137,0
39036,1,1,0.9999949,1
39037,1,0,0.0027629985,0
39038,1,1,0.8878869,1
39039,1,1,0.99998975,1
39040,1,0,0.006026952,0
39041,0,1,0.52354217,0
39042,0,1,0.5005493,0
39043,1,1,0.99953353,1
39044,1,1,0.49822998,1
39045,1,1,0.9946359,1
39046,1,1,1.0,1
39047,1,1,1.0,1
39048,1,1,0.9997658,1
39049,0,1,0.3964186,0
39050,0,0,0.042364188,1
39051,1,0,0.054802597,0
39052,1,0,0.31917444,0
39053,1,1,0.52542967,1
39054,0,0,0.27270195,1
39055,1,1,0.99997926,1
39056,1,1,0.86350673,1
39057,0,0,0.072243005,1
39058,1,1,0.6361836,1
39059,0,1,0.99566,0
39060,0,0,0.17016298,1
39061,1,1,0.99985516,1
39062,1,0,0.28886992,0
39063,1,1,1.0,1
39064,1,1,1.0,1
39065,1,1,0.9997893,1
39066,1,1,1.0,1
39067,0,0,0.0030634168,1
39068,1,0,0.095518075,0
39069,0,1,0.98164797,0
39070,1,1,0.9999995,1
39071,0,0,0.19117662,1
39072,0,0,0.028870905,1
39073,1,1,1.0,1
39074,0,1,0.67238545,0
39075,0,1,0.96557647,0
39076,1,1,0.7912571,1
39077,1,1,0.9999503,1
39078,0,1,0.98147124,0
39079,1,1,0.97933435,1
39080,0,1,0.99970055,0
39081,0,0,0.09704756,1
39082,1,1,0.99999917,1
39083,0,1,0.9284088,0
39084,1,1,0.9999999,1
39085,1,0,0.1153614,0
39086,0,1,0.9997851,0
39087,1,1,0.7294234,1
39088,1,1,0.9999758,1
39089,0,0,0.04185214,1
39090,0,1,0.9777776,0
39091,1,1,0.9999844,1
39092,1,1,0.99998724,1
39093,0,0,0.06669065,1
39094,1,1,0.9432431,1
39095,1,1,0.9948303,1
39096,1,1,0.9998785,1
39097,1,1,0.7176554,1
39098,0,1,0.6151456,0
39099,0,0,0.1727991,1
39100,1,1,0.67891264,1
39101,0,1,0.7709825,0
39102,0,1,0.943086,0
39103,1,1,0.9995827,1
39104,0,1,0.57612467,0
39105,1,1,0.96073127,1
39106,0,1,0.83169055,0
39107,1,1,1.0,1
39108,0,0,0.14157787,1
39109,0,1,0.42506814,0
39110,1,1,0.5711687,1
39111,1,0,0.18639106,0
39112,1,1,0.99961853,1
39113,0,1,0.5664982,0
39114,0,0,0.11920292,1
39115,0,1,0.6164164,0
39116,0,1,0.49386626,0
39117,0,1,0.9716986,0
39118,0,0,0.061143138,1
39119,1,1,0.99860066,1
39120,0,1,0.9999689,0
39121,1,1,1.0,1
39122,1,0,0.08291986,0
39123,0,1,0.66687655,0
39124,1,1,0.99999356,1
39125,0,1,0.80570865,0
39126,1,1,0.9983158,1
39127,0,0,0.19314739,1
39128,1,1,0.7670798,1
39129,1,1,0.9996971,1
39130,0,0,0.09426001,1
39131,0,1,0.9999944,0
39132,1,1,0.56457865,1
39133,1,1,0.5992507,1
39134,1,1,0.9132906,1
39135,1,1,0.9996898,1
39136,0,1,0.9999734,0
39137,1,0,0.025107034,0
39138,0,0,0.28716773,1
39139,1,1,0.9765577,1
39140,0,1,0.9899476,0
39141,1,1,0.99999976,1
39142,0,1,0.9999989,0
39143,1,1,0.99999404,1
39144,1,1,0.97436166,1
39145,1,1,1.0,1
39146,1,1,0.9993869,1
39147,1,1,0.99999976,1
39148,0,1,0.99482024,0
39149,1,1,0.40783447,1
39150,1,1,1.0,1
39151,1,1,0.9999999,1
39152,1,1,1.0,1
39153,0,0,0.04751418,1
39154,1,0,0.13307686,0
39155,1,1,0.94224155,1
39156,1,1,0.99992716,1
39157,1,0,0.09995237,0
39158,0,1,0.9482025,0
39159,1,1,0.9999999,1
39160,1,1,0.8030194,1
39161,1,1,0.99903405,1
39162,1,0,0.016513688,0
39163,0,1,0.99989843,0
39164,0,0,0.005353647,1
39165,0,1,0.9658996,0
39166,1,1,0.99999774,1
39167,1,1,0.9949397,1
39168,1,1,0.70987463,1
39169,1,1,0.9999999,1
39170,0,1,0.38943046,0
39171,1,1,0.9999713,1
39172,0,1,0.3682921,0
39173,0,1,0.9716986,0
39174,0,0,0.03504564,1
39175,1,1,0.5001831,1
39176,1,1,0.99444515,1
39177,1,1,0.99909604,1
39178,1,1,0.99965537,1
39179,0,1,0.99209267,0
39180,1,1,1.0,1
39181,1,1,0.9998691,1
39182,1,1,0.9999511,1
39183,1,0,0.07504072,0
39184,1,0,0.32316646,0
39185,1,1,0.6580331,1
39186,1,1,1.0,1
39187,0,0,0.05218253,1
39188,1,1,1.0,1
39189,0,1,0.9773924,0
39190,0,1,0.9885361,0
39191,0,0,0.047780067,1
39192,1,0,0.33758557,0
39193,1,1,0.99992275,1
39194,0,0,0.12458531,1
39195,0,1,0.9380673,0
39196,1,1,0.99804294,1
39197,1,1,0.99996424,1
39198,0,1,0.64472854,0
39199,1,1,1.0,1
39200,0,0,0.037256766,1
39201,0,1,0.7479843,0
39202,0,1,0.5552544,0
39203,1,1,0.999998,1
39204,1,1,1.0,1
39205,0,0,0.056600258,1
39206,0,0,0.111821815,1
39207,1,0,0.14432967,0
39208,1,1,0.99824536,1
39209,1,1,0.9939731,1
39210,0,0,0.11230769,1
39211,1,1,0.99961627,1
39212,1,1,0.99923277,1
39213,1,1,0.66197747,1
39214,1,1,0.56451863,1
39215,0,1,0.8251675,0
39216,0,1,0.9928647,0
39217,0,1,0.97752154,0
39218,1,0,0.23855019,0
39219,0,0,0.04410091,1
39220,0,0,0.24328268,1
39221,1,1,0.9759694,1
39222,1,1,0.5333367,1
39223,0,0,0.09999631,1
39224,1,0,0.0354775,0
39225,0,0,0.089933,1
39226,0,1,0.9766024,0
39227,0,0,0.19444428,1
39228,1,0,0.0349467,0
39229,1,1,0.924347,1
39230,0,1,0.3793209,0
39231,0,0,0.065545,1
39232,0,0,0.0065515246,1
39233,0,0,0.22944888,1
39234,1,1,0.9998591,1
39235,1,1,0.9973061,1
39236,0,0,0.3393896,1
39237,0,1,0.9654138,0
39238,0,0,0.061932698,1
39239,0,0,0.14608724,1
39240,0,0,0.28942192,1
39241,0,0,0.27459446,1
39242,1,1,0.9947187,1
39243,0,0,0.0085278,1
39244,1,1,0.9974491,1
39245,1,1,0.9999994,1
39246,0,0,0.0059571536,1
39247,1,1,0.9999999,1
39248,1,1,0.99986553,1
39249,0,1,0.98507166,0
39250,0,1,0.71118027,0
39251,0,0,0.13764834,1
39252,1,1,0.7576151,1
39253,0,1,0.8830344,0
39254,1,1,0.9980506,1
39255,1,0,0.17133832,0
39256,0,0,0.035277545,1
39257,1,1,0.78041154,1
39258,1,1,1.0,1
39259,1,0,0.114963345,0
39260,1,1,0.9999876,1
39261,1,0,0.21370518,0
39262,1,1,0.9998511,1
39263,0,0,0.05404875,1
39264,1,0,0.17709816,0
39265,0,1,0.9990908,0
39266,0,1,0.9079672,0
39267,0,0,0.13764834,1
39268,0,0,0.017045315,1
39269,0,1,0.9958093,0
39270,1,1,1.0,1
39271,0,1,0.7973991,0
39272,1,1,0.5654188,1
39273,0,1,0.8716935,0
39274,1,1,0.5117166,1
39275,1,0,0.12522575,0
39276,1,1,0.999795,1
39277,0,1,0.9832145,0
39278,1,1,0.9999907,1
39279,0,0,0.10557885,1
39280,0,1,0.7107287,0
39281,0,0,0.34422296,1
39282,0,0,0.037644,1
39283,1,0,0.1886227,0
39284,1,1,1.0,1
39285,0,1,0.9953544,0
39286,1,0,0.07878402,0
39287,0,1,0.38271803,0
39288,1,1,0.9999001,1
39289,0,1,0.8178656,0
39290,0,1,0.99457306,0
39291,0,1,0.46751407,0
39292,1,1,0.999995,1
39293,0,1,0.4084832,0
39294,1,0,0.03557789,0
39295,0,0,0.18579942,1
39296,0,1,0.7478001,0
39297,0,0,0.14294825,1
39298,0,0,0.02615562,1
39299,1,1,0.9981541,1
39300,1,1,0.9636434,1
39301,1,1,1.0,1
39302,0,1,0.9981969,0
39303,0,1,0.389953,0
39304,1,1,0.99999964,1
39305,1,1,0.9998691,1
39306,1,1,0.9999999,1
39307,0,0,0.041812986,1
39308,1,1,0.9999993,1
39309,1,1,0.9991117,1
39310,1,1,0.99987066,1
39311,0,1,0.9999938,0
39312,1,1,0.99828595,1
39313,0,1,0.63324016,0
39314,0,1,1.0,0
39315,0,1,0.9998859,0
39316,1,1,0.99992394,1
39317,1,1,0.9777776,1
39318,0,0,0.10176784,1
39319,0,1,0.98076576,0
39320,0,0,0.25036255,1
39321,0,1,0.9978719,0
39322,1,1,0.88875884,1
39323,1,1,0.6853707,1
39324,1,0,0.06773144,0
39325,1,1,0.99879575,1
39326,1,1,1.0,1
39327,1,1,1.0,1
39328,1,0,0.2987982,0
39329,0,0,0.022715757,1
39330,1,1,0.99999547,1
39331,1,1,0.96618783,1
39332,1,1,0.9999902,1
39333,0,1,0.6304006,0
39334,0,1,0.90681833,0
39335,0,0,0.0042315875,1
39336,0,0,0.2863189,1
39337,1,1,0.999992,1
39338,1,1,0.78249633,1
39339,1,1,0.99153805,1
39340,0,1,0.58693725,0
39341,1,1,1.0,1
39342,0,1,0.9706599,0
39343,1,1,0.95239735,1
39344,1,1,0.9673486,1
39345,0,0,0.07689149,1
39346,0,1,0.86165464,0
39347,1,1,0.9997098,1
39348,1,1,0.5270122,1
39349,1,1,1.0,1
39350,1,1,1.0,1
39351,0,1,0.9999403,0
39352,0,0,0.031469602,1
39353,0,0,0.008560892,1
39354,1,0,0.0245397,0
39355,0,1,0.6733528,0
39356,1,0,0.029008126,0
39357,1,0,2.9541425e-05,0
39358,0,0,0.0018932256,1
39359,0,0,0.10185715,1
39360,1,1,0.9999969,1
39361,1,1,0.9999969,1
39362,1,1,0.65063375,1
39363,1,1,0.9046505,1
39364,1,1,0.9620006,1
39365,1,1,0.9999994,1
39366,1,1,0.9999982,1
39367,0,0,0.24871661,1
39368,1,1,0.99999297,1
39369,1,1,0.9677472,1
39370,0,0,0.26592815,1
39371,0,1,0.9995461,0
39372,1,1,0.9999567,1
39373,1,0,0.1655931,0
39374,0,0,0.09990845,1
39375,1,0,0.17738298,0
39376,0,0,0.0077405213,1
39377,1,0,0.19659473,0
39378,0,1,0.9998932,0
39379,0,1,0.5544705,0
39380,1,1,0.95239735,1
39381,1,1,0.9119669,1
39382,0,1,0.79700434,0
39383,1,1,1.0,1
39384,0,1,0.99190676,0
39385,1,1,0.98469365,1
39386,0,1,0.9885804,0
39387,1,1,0.8707073,1
39388,1,1,0.9984633,1
39389,0,0,0.18491466,1
39390,1,1,0.9999989,1
39391,1,1,0.9979572,1
39392,1,1,1.0,1
39393,1,1,0.9999999,1
39394,1,1,0.9980732,1
39395,0,1,0.99025387,0
39396,1,1,0.9360516,1
39397,1,1,0.999972,1
39398,1,1,0.99999785,1
39399,1,1,0.9943581,1
39400,1,1,0.9948303,1
39401,1,1,0.9999999,1
39402,1,1,0.7853909,1
39403,0,1,0.9995728,0
39404,1,1,0.99976677,1
39405,1,1,0.97682446,1
39406,0,1,0.9223426,0
39407,1,0,0.034782395,0
39408,1,0,0.19775413,0
39409,1,1,1.0,1
39410,1,1,0.39326853,1
39411,1,1,1.0,1
39412,1,0,0.13614833,0
39413,0,0,0.039379433,1
39414,1,1,1.0,1
39415,1,1,0.9961456,1
39416,1,1,0.98427594,1
39417,1,0,0.012359919,0
39418,1,1,0.9650533,1
39419,0,0,0.039011665,1
39420,0,0,0.09252366,1
39421,1,1,0.9999379,1
39422,1,1,0.99995494,1
39423,1,1,0.76091725,1
39424,1,1,1.0,1
39425,0,1,1.0,0
39426,1,1,0.9999659,1
39427,0,0,0.036631368,1
39428,1,1,0.9995703,1
39429,1,1,0.9916196,1
39430,1,1,1.0,1
39431,0,1,0.41730115,0
39432,1,1,0.9997378,1
39433,0,1,0.530723,0
39434,1,1,0.9999076,1
39435,1,1,0.99989283,1
39436,1,1,1.0,1
39437,0,0,0.093016796,1
39438,0,1,0.9810401,0
39439,0,1,0.9167081,0
39440,1,1,0.35571894,1
39441,0,0,0.025957359,1
39442,1,1,0.6376515,1
39443,1,1,1.0,1
39444,0,1,0.99783844,0
39445,1,1,0.9999999,1
39446,1,0,0.16085833,0
39447,1,1,0.89561397,1
39448,1,1,0.99586606,1
39449,1,1,0.99554896,1
39450,1,1,0.99899167,1
39451,0,0,0.14432967,1
39452,0,1,0.79842263,0
39453,1,1,0.99998677,1
39454,1,1,0.99880743,1
39455,1,1,0.9999747,1
39456,1,1,0.8017807,1
39457,0,0,0.15203224,1
39458,0,1,0.8655653,0
39459,0,1,0.35183978,0
39460,0,1,0.9985619,0
39461,1,1,0.99999964,1
39462,1,1,0.9666002,1
39463,1,0,0.012407696,0
39464,1,1,1.0,1
39465,0,0,0.010209055,1
39466,0,0,0.13834533,1
39467,1,1,0.9079672,1
39468,1,1,1.0,1
39469,0,1,0.60492414,0
39470,1,0,0.19042274,0
39471,1,1,0.9997336,1
39472,1,1,0.9342753,1
39473,0,0,0.16404721,1
39474,1,1,0.9995103,1
39475,1,1,1.0,1
39476,1,1,0.8005361,1
39477,0,0,0.17895591,1
39478,0,0,0.1603975,1
39479,1,0,0.10338597,0
39480,1,1,0.99190676,1
39481,1,1,1.0,1
39482,0,1,0.8552477,0
39483,1,0,0.19930798,0
39484,1,1,0.99998724,1
39485,1,1,0.8773717,1
39486,0,0,0.13369773,1
39487,1,1,0.9531008,1
39488,0,0,0.13167487,1
39489,0,1,0.99924314,0
39490,0,1,0.4088372,0
39491,1,1,1.0,1
39492,0,0,0.2748377,1
39493,0,0,0.09790669,1
39494,0,0,0.16198196,1
39495,1,1,0.99605453,1
39496,1,0,0.04577727,0
39497,1,1,1.0,1
39498,0,1,0.9911868,0
39499,1,0,0.2180027,0
39500,0,1,0.80069196,0
39501,1,1,0.84834504,1
39502,0,1,0.83788544,0
39503,0,1,0.6040486,0
39504,1,1,0.9999995,1
39505,0,0,0.17809658,1
39506,1,0,0.12028373,0
39507,0,0,0.17161581,1
39508,0,0,0.05623634,1
39509,1,1,0.99724776,1
39510,0,1,0.9998118,0
39511,0,0,0.23083305,1
39512,1,1,0.9222025,1
39513,1,0,0.33676717,0
39514,0,0,0.20609397,1
39515,1,1,0.9999987,1
39516,1,0,0.13706978,0
39517,0,0,0.0129954135,1
39518,0,1,0.9456509,0
39519,1,1,0.99999976,1
39520,1,1,0.9999876,1
39521,0,0,0.10365786,1
39522,1,1,0.99532723,1
39523,0,0,0.046291906,1
39524,1,1,0.9885804,1
39525,0,0,0.28427786,1
39526,0,0,0.22126654,1
39527,1,1,1.0,1
39528,0,0,0.31226513,1
39529,1,1,1.0,1
39530,0,1,0.98546845,0
39531,0,0,0.21272227,1
39532,1,1,0.9980732,1
39533,0,1,0.9999652,0
39534,0,1,0.99998045,0
39535,0,0,0.15222117,1
39536,0,0,0.017259333,1
39537,1,1,0.99999857,1
39538,0,0,0.14517595,1
39539,0,0,0.10356715,1
39540,1,1,0.99094474,1
39541,0,1,0.9999809,0
39542,0,1,0.46125945,0
39543,1,1,0.6944581,1
39544,0,0,0.0070801177,1
39545,0,1,0.9999324,0
39546,0,0,0.0036499873,1
39547,0,0,0.18847331,1
39548,0,1,0.39309373,0
39549,0,1,0.45610693,0
39550,0,1,0.7900448,0
39551,1,1,0.99999547,1
39552,1,1,0.99638534,1
39553,0,0,0.0026939143,1
39554,1,1,0.9531443,1
39555,1,1,0.89096016,1
39556,0,1,0.40842423,0
39557,0,1,1.0,0
39558,1,1,0.9976769,1
39559,1,1,1.0,1
39560,0,1,0.5380731,0
39561,0,1,0.9997527,0
39562,0,0,0.13223416,1
39563,1,1,0.9999869,1
39564,1,1,0.99983656,1
39565,1,1,0.9936487,1
39566,1,1,1.0,1
39567,1,1,0.9999999,1
39568,0,1,0.9999989,0
39569,0,0,0.09227797,1
39570,1,1,1.0,1
39571,0,1,0.37794238,0
39572,0,1,1.0,0
39573,1,1,0.99943966,1
39574,0,0,0.15065254,1
39575,1,1,0.9999995,1
39576,0,0,0.06687324,1
39577,1,0,0.111627996,0
39578,1,1,0.47773692,1
39579,0,0,0.05899303,1
39580,1,0,0.048002712,0
39581,0,0,0.060086653,1
39582,1,1,0.99998355,1
39583,0,1,0.4709191,0
39584,1,1,0.99999976,1
39585,1,1,1.0,1
39586,0,0,0.124053754,1
39587,0,0,0.15662017,1
39588,0,1,0.9997508,0
39589,1,1,0.9899671,1
39590,0,0,0.107812636,1
39591,0,1,0.9900058,0
39592,1,0,0.049130786,0
39593,0,1,0.8329173,0
39594,0,0,0.19406216,1
39595,1,1,0.89823216,1
39596,0,0,0.059866417,1
39597,0,1,0.88592786,0
39598,1,1,0.9980994,1
39599,1,1,0.93318766,1
39600,0,1,0.99999964,0
39601,0,1,0.99972194,0
39602,0,1,0.84758973,0
39603,0,1,0.82824534,0
39604,1,1,0.66622543,1
39605,0,0,0.2056948,1
39606,1,0,0.26588044,0
39607,0,1,0.551936,0
39608,1,1,0.98628414,1
39609,0,1,0.9406263,0
39610,0,1,0.9995092,0
39611,1,1,0.9999484,1
39612,0,0,0.10411242,1
39613,0,0,0.05122493,1
39614,1,1,0.99999917,1
39615,0,1,0.37119362,0
39616,1,1,0.36421204,1
39617,0,0,0.017275905,1
39618,1,0,0.027428541,0
39619,0,1,0.7857199,0
39620,0,0,0.064535476,1
39621,0,0,0.30829436,1
39622,0,1,0.99979895,0
39623,1,1,0.9983991,1
39624,0,1,0.99849296,0
39625,1,1,0.99999547,1
39626,0,0,0.2548797,1
39627,1,1,1.0,1
39628,1,1,1.0,1
39629,1,1,0.99890983,1
39630,0,1,0.80821866,0
39631,1,1,0.9907141,1
39632,1,0,0.012895588,0
39633,0,0,0.055463932,1
39634,1,1,1.0,1
39635,1,1,0.99999344,1
39636,1,0,0.007331598,0
39637,1,0,0.084341794,0
39638,0,1,0.9675638,0
39639,1,1,0.9293763,1
39640,0,1,1.0,0
39641,1,1,0.9999987,1
39642,1,1,1.0,1
39643,1,1,0.9999982,1
39644,0,0,0.014559519,1
39645,1,1,0.9949397,1
39646,0,0,0.10438599,1
39647,0,0,0.0640069,1
39648,0,0,0.052134257,1
39649,0,1,0.7288448,0
39650,1,1,0.9999844,1
39651,1,1,0.9906781,1
39652,1,1,0.9826576,1
39653,1,1,0.99858415,1
39654,0,0,0.0570714,1
39655,0,1,0.9487276,0
39656,1,1,0.8329173,1
39657,1,1,0.8109285,1
39658,1,1,1.0,1
39659,0,1,0.93108755,0
39660,0,0,0.24653336,1
39661,1,0,0.15482274,0
39662,0,0,0.22678365,1
39663,1,1,0.96458924,1
39664,1,0,0.19027226,0
39665,0,0,0.28303766,1
39666,1,1,0.9999826,1
39667,1,1,0.9999999,1
39668,1,1,1.0,1
39669,0,1,0.7640124,0
39670,1,1,1.0,1
39671,0,1,0.99999595,0
39672,0,1,0.9920312,0
39673,1,1,1.0,1
39674,0,1,0.98844737,0
39675,0,1,1.0,0
39676,0,1,0.9279531,0
39677,1,1,0.99344844,1
39678,1,1,0.9999974,1
39679,1,1,0.99998426,1
39680,1,1,1.0,1
39681,1,1,1.0,1
39682,1,0,0.018941708,0
39683,1,1,0.99999094,1
39684,1,1,0.9999974,1
39685,0,0,0.24095315,1
39686,1,0,0.04185214,0
39687,0,1,0.8894329,0
39688,0,1,0.9831013,0
39689,0,1,0.9951703,0
39690,1,0,0.024586499,0
39691,1,1,1.0,1
39692,1,1,0.8853344,1
39693,0,1,0.51872903,0
39694,1,0,0.07723879,0
39695,1,1,0.98932695,1
39696,0,0,0.110855594,1
39697,0,0,0.04418332,1
39698,0,1,0.5661385,0
39699,1,0,0.20071429,0
39700,1,1,0.9563905,1
39701,0,1,0.43386152,0
39702,1,1,1.0,1
39703,1,1,0.9991623,1
39704,0,0,0.21329524,1
39705,0,1,0.8529355,0
39706,0,0,0.33529645,1
39707,0,1,0.9499951,0
39708,0,1,0.87935406,0
39709,0,1,0.9462501,0
39710,1,1,0.9999871,1
39711,1,0,0.3127372,0
39712,1,1,0.9486801,1
39713,0,1,0.9992519,0
39714,0,1,0.99971086,0
39715,0,1,0.9881309,0
39716,0,0,0.018797072,1
39717,0,1,0.7832433,0
39718,1,1,0.99411184,1
39719,1,0,0.18907149,0
39720,0,1,0.85512674,0
39721,1,0,0.23899394,0
39722,1,1,0.9993893,1
39723,1,1,0.99839276,1
39724,1,1,0.99682117,1
39725,0,0,0.18425323,1
39726,1,1,0.99888176,1
39727,1,1,0.99021614,1
39728,1,1,0.9989034,1
39729,0,1,0.42629173,0
39730,0,0,0.055926174,1
39731,1,0,0.15765488,0
39732,0,1,0.53145254,0
39733,0,1,0.53946847,0
39734,1,0,0.06979493,0
39735,0,1,0.95447797,0
39736,1,1,1.0,1
39737,1,1,1.0,1
39738,0,0,0.047249712,1
39739,1,1,0.99999976,1
39740,0,1,0.90235174,0
39741,1,1,0.82090056,1
39742,1,1,0.99999964,1
39743,0,1,0.99999964,0
39744,0,0,0.010714441,1
39745,1,0,0.24798743,0
39746,0,0,0.29103124,1
39747,0,1,0.96888566,0
39748,1,1,0.9999076,1
39749,0,0,0.1665398,1
39750,1,1,0.9999995,1
39751,1,1,0.9971661,1
39752,1,1,1.0,1
39753,0,1,0.9842457,0
39754,1,1,0.99926645,1
39755,0,0,0.2305731,1
39756,1,1,0.985663,1
39757,0,1,0.37088025,0
39758,1,0,0.07779745,0
39759,1,1,0.97664696,1
39760,1,0,0.15700755,0
39761,0,1,0.51080155,0
39762,1,1,0.99997056,1
39763,1,1,0.9547741,1
39764,0,1,0.9999995,0
39765,0,0,0.29279748,1
39766,0,0,0.09401018,1
39767,0,0,0.014392336,1
39768,0,1,0.75446296,0
39769,0,1,0.976513,0
39770,1,1,1.0,1
39771,0,1,0.42963874,0
39772,0,0,0.22278468,1
39773,1,1,0.99924755,1
39774,1,0,0.1154611,0
39775,0,0,0.30694237,1
39776,0,1,0.60865223,0
39777,1,1,0.9999999,1
39778,0,1,0.43494123,0
39779,1,1,1.0,1
39780,0,1,1.0,0
39781,0,1,0.5203745,0
39782,1,1,0.9999591,1
39783,0,1,0.8345418,0
39784,1,0,0.15278916,0
39785,0,0,0.1510904,1
39786,1,1,0.9994547,1
39787,1,0,0.025154885,0
39788,0,1,0.3939386,0
39789,1,1,0.9814356,1
39790,0,0,0.22456521,1
39791,0,0,0.049313605,1
39792,1,1,0.99675864,1
39793,0,0,0.1524734,1
39794,1,1,0.49884033,1
39795,0,0,0.29645056,1
39796,0,0,0.3143662,1
39797,1,1,0.99999666,1
39798,1,0,0.17745425,0
39799,0,1,0.9628831,0
39800,0,0,0.34831253,1
39801,1,1,0.9889705,1
39802,0,0,0.17016298,1
39803,1,1,0.44031885,1
39804,1,1,1.0,1
39805,1,1,0.9977569,1
39806,0,0,0.15823938,1
39807,1,1,0.99992716,1
39808,1,1,0.9987306,1
39809,0,0,0.06816438,1
39810,1,1,0.85776806,1
39811,0,0,0.17002513,1
39812,1,0,0.1979091,0
39813,1,1,0.9923934,1
39814,0,1,0.9999255,0
39815,1,1,0.99967563,1
39816,0,0,0.13039611,1
39817,0,0,0.06644793,1
39818,1,0,0.2155158,0
39819,1,1,0.999998,1
39820,0,1,0.478407,0
39821,0,1,0.8580062,0
39822,0,1,0.997459,0
39823,0,0,0.0385747,1
39824,0,0,0.11767348,1
39825,0,1,0.96323055,0
39826,1,0,0.044431433,0
39827,0,1,0.9152803,0
39828,0,1,0.9861514,0
39829,0,0,0.26588044,1
39830,1,0,0.037326884,0
39831,0,0,0.022032263,1
39832,1,1,0.99789256,1
39833,0,1,0.568835,0
39834,0,1,0.44161278,0
39835,0,0,0.34665185,1
39836,1,0,0.3284756,0
39837,1,1,0.99605453,1
39838,1,0,0.1404541,0
39839,1,1,0.77713084,1
39840,1,0,0.12054232,0
39841,0,0,0.03061778,1
39842,1,1,0.9999995,1
39843,1,1,0.999884,1
39844,0,1,0.5217758,0
39845,1,0,0.06687324,0
39846,1,1,0.9951325,1
39847,1,1,0.89724606,1
39848,1,1,0.8983214,1
39849,1,1,0.9995883,1
39850,1,1,0.72130173,1
39851,1,1,0.99999046,1
39852,1,1,0.9971717,1
39853,0,1,0.8525676,0
39854,1,1,0.9999931,1
39855,1,0,0.083142914,0
39856,0,0,0.10150035,1
39857,1,1,0.9958175,1
39858,1,1,0.99999976,1
39859,0,0,0.3392254,1
39860,0,0,0.057652235,1
39861,0,0,0.16384642,1
39862,0,1,0.92617035,0
39863,1,1,0.99999464,1
39864,1,1,0.99999964,1
39865,0,0,0.19620943,1
39866,0,0,0.06530615,1
39867,0,0,0.20134169,1
39868,1,1,0.99999285,1
39869,0,1,0.9014879,0
39870,1,1,1.0,1
39871,1,1,0.9999008,1
39872,1,0,0.20737517,0
39873,0,0,0.107812636,1
39874,0,1,0.9987031,0
39875,0,1,0.8071568,0
39876,1,1,0.9999994,1
39877,1,1,0.9730109,1
39878,1,1,0.9999733,1
39879,1,1,0.9985134,1
39880,1,1,0.95857656,1
39881,1,1,0.9968087,1
39882,1,1,0.9828562,1
39883,0,0,0.31431356,1
39884,0,0,0.0212467,1
39885,1,1,0.97267544,1
39886,1,1,1.0,1
39887,1,1,0.9940428,1
39888,0,1,0.66557366,0
39889,0,1,0.95536083,0
39890,0,0,0.06255973,1
39891,1,1,0.9999989,1
39892,0,0,0.14282864,1
39893,1,1,0.9999194,1
39894,0,0,0.19713515,1
39895,1,0,0.081959546,0
39896,1,1,0.997358,1
39897,1,1,0.99994075,1
39898,1,0,0.26812616,0
39899,0,0,0.320077,1
39900,1,1,0.9879462,1
39901,0,1,0.9737197,0
39902,0,1,0.9992519,0
39903,1,1,0.99998975,1
39904,0,0,0.33149835,1
39905,1,1,0.9761519,1
39906,1,1,0.67260057,1
39907,1,0,0.30079696,0
39908,1,1,0.88875884,1
39909,0,1,0.43266258,0
39910,1,1,0.9885804,1
39911,1,0,0.102484226,0
39912,0,1,0.9132906,0
39913,1,1,0.9999453,1
39914,1,1,0.9996711,1
39915,0,1,0.6355052,0
39916,0,1,0.4416429,0
39917,1,1,0.99999964,1
39918,0,0,0.1454185,1
39919,1,0,0.049958523,0
39920,0,0,0.31263226,1
39921,0,0,0.0028228327,1
39922,0,0,0.06014182,1
39923,0,0,0.13039611,1
39924,1,0,0.059319146,0
39925,1,0,0.08803311,0
39926,1,1,0.9203613,1
39927,1,1,0.9999995,1
39928,1,1,1.0,1
39929,1,1,1.0,1
39930,0,1,0.99995077,0
39931,1,1,0.6469622,1
39932,0,1,0.5597714,0
39933,0,0,0.06019705,1
39934,0,0,0.054499876,1
39935,1,0,0.27454582,0
39936,0,0,0.02118586,1
39937,1,1,0.9999676,1
39938,1,1,0.9718593,1
39939,0,1,0.7756898,0
39940,0,0,0.06548521,1
39941,0,1,0.39992884,0
39942,0,1,0.99998593,0
39943,1,1,0.9993475,1
39944,1,1,0.5583872,1
39945,1,1,0.9999794,1
39946,0,0,0.04038907,1
39947,1,1,0.9997017,1
39948,0,1,1.0,0
39949,0,1,0.99876726,0
39950,0,1,0.9999999,0
39951,1,1,0.9820483,1
39952,1,1,0.9864938,1
39953,1,0,0.32076812,0
39954,0,1,0.5833814,0
39955,0,1,0.8480936,0
39956,1,1,0.9999387,1
39957,1,0,0.19582467,0
39958,1,1,0.99999964,1
39959,1,1,0.9542227,1
39960,1,1,0.3592517,1
39961,0,0,0.06632688,1
39962,1,1,1.0,1
39963,0,1,0.75219464,0
39964,0,0,0.23739909,1
39965,0,0,0.0946777,1
39966,1,1,1.0,1
39967,1,1,0.6145675,1
39968,1,1,0.97381955,1
39969,1,0,0.09392703,0
39970,0,1,0.9923341,0
39971,0,0,0.07100922,1
39972,0,1,0.95460516,0
39973,1,1,1.0,1
39974,0,0,0.0074751205,1
39975,0,0,0.09534946,1
39976,0,0,0.029760094,1
39977,1,1,0.9999367,1
39978,0,1,0.99999774,0
39979,1,1,1.0,1
39980,0,1,0.9999974,0
39981,0,1,0.9967206,0
39982,0,1,0.46304968,0
39983,0,0,0.03179867,1
39984,0,0,0.20633379,1
39985,0,1,0.89199936,0
39986,1,0,0.054399315,0
39987,1,0,0.2574849,0
39988,1,1,0.9896918,1
39989,1,1,0.9943581,1
39990,1,1,0.99994075,1
39991,0,1,0.9296323,0
39992,1,1,0.99912554,1
39993,0,1,0.9966691,0
39994,1,0,0.3293378,0
39995,1,1,0.99951494,1
39996,1,0,0.29082978,0
39997,0,1,0.999956,0
39998,1,1,0.75110084,1
39999,0,1,0.9730109,0
40000,0,0,0.1334717,1
40001,1,1,0.9510968,1
40002,0,1,0.92156965,0
40003,1,1,0.4931645,1
40004,1,1,1.0,1
40005,0,0,0.039048295,1
40006,1,1,0.99128854,1
40007,1,0,0.087252244,0
40008,1,1,0.9999994,1
40009,1,1,0.9999926,1
40010,0,0,0.058131598,1
40011,1,1,0.9913223,1
40012,0,1,0.9997198,0
40013,0,1,0.7409249,0
40014,0,0,0.013558245,1
40015,1,1,0.99996173,1
40016,1,0,0.15190639,0
40017,0,0,0.100436606,1
40018,1,1,1.0,1
40019,1,1,1.0,1
40020,0,0,0.045099564,1
40021,1,1,0.9983865,1
40022,0,0,0.14396824,1
40023,1,0,0.12787029,0
40024,0,1,0.8079157,0
40025,1,0,0.3063195,0
40026,0,0,0.22627032,1
40027,1,1,0.9999769,1
40028,0,0,0.024727408,1
40029,1,1,1.0,1
40030,0,0,0.12651514,1
40031,1,1,0.8370879,1
40032,0,0,0.20521656,1
40033,1,1,0.95589906,1
40034,1,1,1.0,1
40035,1,0,0.039121646,0
40036,1,1,0.99821776,1
40037,1,1,0.9999995,1
40038,1,0,0.32236597,0
40039,1,1,0.9424538,1
40040,0,0,0.2688454,1
40041,1,0,0.010071824,0
40042,1,1,1.0,1
40043,0,0,0.07024005,1
40044,1,1,0.99999964,1
40045,1,1,0.836688,1
40046,1,1,0.99999106,1
40047,0,1,0.9163345,0
40048,0,0,0.015350576,1
40049,1,1,0.83031917,1
40050,0,1,0.7871959,0
40051,0,0,0.124798484,1
40052,1,0,0.01096574,0
40053,1,1,1.0,1
40054,1,0,0.100348406,0
40055,0,1,0.40583134,0
40056,0,0,0.15272596,1
40057,0,1,0.9904406,0
40058,0,1,0.840521,0
40059,0,0,0.20561504,1
40060,0,1,0.9997284,0
40061,1,1,0.9999962,1
40062,0,1,0.9915216,0
40063,1,0,0.051177494,0
40064,1,1,0.9999398,1
40065,0,0,0.15405755,1
40066,1,1,0.99999976,1
40067,1,1,0.99393785,1
40068,1,1,0.93312675,1
40069,1,1,0.99998987,1
40070,1,1,0.9951231,1
40071,0,1,0.9920002,0
40072,1,0,0.023487044,0
40073,1,1,0.9998965,1
40074,0,1,0.79270506,0
40075,0,0,0.018229289,1
40076,0,1,0.9342153,0
40077,0,1,0.5176318,0
40078,1,1,0.9994128,1
40079,1,0,0.1240007,0
40080,1,1,0.9994081,1
40081,1,1,1.0,1
40082,0,0,0.05242457,1
40083,1,1,0.99986064,1
40084,0,0,0.021906365,1
40085,1,1,1.0,1
40086,1,1,0.99999964,1
40087,0,0,0.050051305,1
40088,1,0,0.17596246,0
40089,0,1,0.99917525,0
40090,1,1,1.0,1
40091,0,1,0.9990527,0
40092,0,0,0.18594721,1
40093,0,0,0.035745807,1
40094,0,1,0.86522406,0
40095,1,1,0.9999995,1
40096,1,1,0.9999114,1
40097,0,1,0.9542227,0
40098,1,1,0.9998517,1
40099,0,1,0.6885208,0
40100,1,0,0.1187934,0
40101,1,1,1.0,1
40102,1,1,0.43638182,1
40103,1,1,0.9973425,1
40104,1,1,0.39396778,1
40105,0,0,0.075995214,1
40106,0,1,0.97134733,0
40107,1,0,0.018159512,0
40108,0,1,0.99966466,0
40109,0,1,0.8504686,0
40110,0,0,0.17050801,1
40111,0,0,0.018959863,1
40112,0,0,0.2863688,1
40113,0,0,0.16885696,1
40114,0,1,0.9996711,0
40115,0,1,0.47344422,0
40116,1,1,0.53728414,1
40117,0,0,0.1292378,1
40118,0,0,0.021206122,1
40119,0,0,0.04569203,1
40120,1,1,0.9996983,1
40121,1,1,1.0,1
40122,0,0,0.25460163,1
40123,0,0,0.12373573,1
40124,1,1,0.94600123,1
40125,0,0,0.12819736,1
40126,0,1,0.99933976,0
40127,1,1,0.458379,1
40128,1,1,0.9999591,1
40129,1,0,1.0718818e-06,0
40130,1,1,0.9999988,1
40131,0,1,0.5604331,0
40132,0,1,0.9999138,0
40133,1,1,0.9612074,1
40134,1,0,0.01524759,0
40135,1,0,0.021801988,0
40136,0,1,0.996682,0
40137,1,1,0.8178656,1
40138,1,1,0.9521755,1
40139,1,0,0.32087448,0
40140,1,1,0.999332,1
40141,0,1,0.50268555,0
40142,1,0,0.15418488,0
40143,1,1,0.99945146,1
40144,1,1,1.0,1
40145,1,1,0.9999887,1
40146,0,1,0.7727022,0
40147,0,0,0.28881976,1
40148,1,0,0.06572467,0
40149,0,1,0.3766518,0
40150,0,1,0.94664603,0
40151,0,1,0.9773492,0
40152,0,0,0.000112353264,1
40153,1,1,0.9827572,1
40154,1,0,0.15765488,0
40155,0,0,0.2004794,1
40156,1,1,0.9999999,1
40157,0,1,0.9999893,0
40158,1,1,0.99999166,1
40159,0,0,0.12278593,1
40160,0,1,0.9901972,0
40161,0,1,0.9999745,0
40162,0,1,0.604107,0
40163,0,0,0.025932675,1
40164,1,0,0.0279544,0
40165,0,0,0.06058495,1
40166,0,0,0.32156652,1
40167,1,1,0.99999857,1
40168,0,1,0.99014014,0
40169,0,0,0.27825677,1
40170,0,0,0.29229218,1
40171,0,0,0.052960765,1
40172,0,1,0.84325075,0
40173,1,1,0.99170023,1
40174,0,0,0.026280278,1
40175,1,1,0.99999523,1
40176,1,0,0.024821786,0
40177,0,0,0.043731883,1
40178,0,1,0.9999881,0
40179,0,1,0.85931,0
40180,1,1,0.9727014,1
40181,0,0,0.03711691,1
40182,1,1,0.93651766,1
40183,1,1,0.99998593,1
40184,1,1,0.65262896,1
40185,1,1,0.9999802,1
40186,1,0,0.0269635,0
40187,1,1,0.99974877,1
40188,1,1,0.8326453,1
40189,0,1,0.8729984,0
40190,0,1,0.96602803,0
40191,1,1,0.99999845,1
40192,0,0,0.07043161,1
40193,0,0,0.03882902,1
40194,0,0,0.018055335,1
40195,0,1,0.9999249,0
40196,0,0,0.014700298,1
40197,1,1,1.0,1
40198,1,0,0.13189834,0
40199,1,1,0.91884506,1
40200,1,1,0.9999995,1
40201,0,0,0.19246344,1
40202,1,0,0.055720285,0
40203,0,1,0.6836835,0
40204,1,1,0.99557483,1
40205,0,1,0.8607207,0
40206,0,1,0.99642736,0
40207,0,0,0.0773781,1
40208,1,1,0.9774785,1
40209,0,0,0.08336651,1
40210,0,0,0.10356715,1
40211,0,0,0.014447853,1
40212,1,1,0.68505466,1
40213,1,0,0.0028009266,0
40214,0,1,0.967256,0
40215,1,1,1.0,1
40216,1,1,0.48142332,1
40217,0,0,0.24175783,1
40218,0,1,0.40265635,0
40219,1,1,1.0,1
40220,1,0,0.05997644,0
40221,0,0,0.1939858,1
40222,0,1,0.77081,0
40223,0,1,0.5148272,0
40224,0,1,0.39128965,0
40225,0,0,0.025687134,1
40226,1,1,0.5440142,1
40227,1,0,0.09903369,0
40228,1,1,1.0,1
40229,1,1,0.9999442,1
40230,1,1,0.9920773,1
40231,0,0,0.13857834,1
40232,1,1,0.99999976,1
40233,0,0,0.0061331755,1
40234,0,0,0.098079324,1
40235,1,1,0.84632385,1
40236,0,1,0.9614253,0
40237,0,0,0.09203286,1
40238,1,1,0.9999931,1
40239,0,1,0.5112286,0
40240,1,1,0.82685167,1
40241,1,1,0.9218515,1
40242,1,1,0.99999976,1
40243,0,0,0.031768616,1
40244,0,0,0.25063756,1
40245,1,1,1.0,1
40246,1,1,0.99932015,1
40247,0,1,0.8678218,0
40248,1,1,0.99999344,1
40249,0,1,0.9139073,0
40250,1,1,0.3635904,1
40251,1,1,0.99998665,1
40252,0,0,0.036254164,1
40253,1,1,0.961678,1
40254,1,1,0.98080254,1
40255,1,1,0.99986756,1
40256,0,1,0.56937385,0
40257,1,1,0.8847382,1
40258,1,1,0.9999825,1
40259,0,0,0.34914428,1
40260,0,1,1.0,0
40261,1,1,0.9912548,1
40262,1,1,0.9999949,1
40263,0,1,0.99948573,0
40264,1,1,0.8174288,1
40265,0,1,0.5877065,0
40266,0,1,0.99989927,0
40267,0,1,0.67891264,0
40268,0,1,0.9997974,0
40269,0,1,0.99504673,0
40270,0,0,0.2589814,1
40271,1,1,0.997358,1
40272,0,0,0.24445318,1
40273,1,0,0.05014425,0
40274,0,1,0.96653706,0
40275,0,0,0.2779137,1
40276,1,1,0.999572,1
40277,1,1,0.97889495,1
40278,1,1,0.99997747,1
40279,1,1,1.0,1
40280,1,1,1.0,1
40281,1,1,0.99634284,1
40282,1,1,0.8959786,1
40283,0,1,0.61941373,0
40284,1,0,0.08419108,0
40285,1,1,0.99993026,1
40286,0,1,0.9651191,0
40287,0,1,0.49194407,0
40288,1,1,0.8155265,1
40289,1,1,0.99968064,1
40290,1,1,0.9996941,1
40291,0,1,0.9248914,0
40292,1,1,1.0,1
40293,1,1,1.0,1
40294,1,0,0.03155902,0
40295,1,0,0.021801988,0
40296,1,1,0.99999976,1
40297,1,1,0.99674594,1
40298,1,0,0.15546273,0
40299,0,1,0.86281466,0
40300,0,0,0.33491564,1
40301,1,0,0.14110379,0
40302,0,0,0.017442483,1
40303,0,1,1.0,0
40304,1,1,0.6886255,1
40305,1,0,0.03915837,0
40306,0,1,0.549278,0
40307,0,1,0.7795737,0
40308,0,1,0.36398593,0
40309,1,1,0.9867005,1
40310,0,0,0.0094125895,1
40311,0,1,0.852813,0
40312,0,0,0.29538235,1
40313,1,1,0.84733725,1
40314,1,1,0.99687636,1
40315,1,1,0.99852777,1
40316,1,1,0.9999815,1
40317,1,1,1.0,1
40318,0,0,0.15399395,1
40319,1,1,0.9654789,1
40320,1,1,0.9999974,1
40321,1,1,0.99995446,1
40322,1,1,0.6561627,1
40323,1,1,0.9999292,1
40324,1,1,0.6834723,1
40325,0,1,0.85195273,0
40326,0,1,0.73416716,0
40327,0,1,0.5280467,0
40328,0,1,0.96631527,0
40329,1,1,1.0,1
40330,0,0,0.16552565,1
40331,1,1,0.99196917,1
40332,0,0,0.32664722,1
40333,1,1,0.9987056,1
40334,0,1,0.53497696,0
40335,1,1,0.78431904,1
40336,1,1,0.9999987,1
40337,0,0,0.17953056,1
40338,1,1,0.9951514,1
40339,0,1,0.99999857,0
40340,0,0,0.17582092,1
40341,1,1,0.9642878,1
40342,1,1,0.99993813,1
40343,0,0,0.061199225,1
40344,1,1,0.9999999,1
40345,0,1,0.7555919,0
40346,1,1,0.91204524,1
40347,0,1,0.81242126,0
40348,1,1,0.9962346,1
40349,0,1,0.83748704,0
40350,0,1,0.9999881,0
40351,1,1,0.9999999,1
40352,0,1,0.95145893,0
40353,1,1,0.99682117,1
40354,0,0,0.30850264,1
40355,1,1,0.9898107,1
40356,0,1,0.9999329,0
40357,1,1,0.9999846,1
40358,0,0,0.014957087,1
40359,0,0,0.18535665,1
40360,1,0,0.10493506,0
40361,0,0,0.15127839,1
40362,0,0,0.1587604,1
40363,1,1,0.99629277,1
40364,1,1,0.9968458,1
40365,0,0,0.023043232,1
40366,1,0,0.2230384,0
40367,1,1,0.9999999,1
40368,0,1,0.997981,0
40369,0,0,0.09929539,1
40370,0,1,0.9533619,0
40371,0,0,0.20866227,1
40372,1,1,0.79952055,1
40373,1,0,0.23423143,0
40374,0,1,0.9983675,0
40375,0,0,0.017409043,1
40376,1,1,1.0,1
40377,0,0,0.058938842,1
40378,1,1,0.9993988,1
40379,1,1,0.99998975,1
40380,0,1,0.36681652,0
40381,0,1,0.99999,0
40382,1,1,0.9849274,1
40383,0,0,0.27629983,1
40384,0,1,0.46760526,0
40385,1,1,0.9992175,1
40386,0,1,0.537709,0
40387,1,0,0.2232077,0
40388,1,1,0.52074003,1
40389,1,0,0.29456997,0
40390,1,1,0.5888891,1
40391,1,1,0.9999777,1
40392,0,0,0.06159316,1
40393,1,1,0.8087479,1
40394,0,1,0.9999902,0
40395,0,0,0.19728975,1
40396,1,1,0.9999969,1
40397,0,0,0.061819322,1
40398,1,0,0.17795369,0
40399,1,1,0.62171316,1
40400,1,0,0.18032306,0
40401,0,0,0.13793841,1
40402,0,0,0.30136207,1
40403,1,0,0.017865866,0
40404,1,1,0.7913377,1
40405,1,0,0.014254464,0
40406,0,0,0.17938675,1
40407,1,1,0.99448806,1
40408,0,0,0.32471702,1
40409,1,1,0.50183105,1
40410,1,1,0.9999739,1
40411,1,1,0.99962366,1
40412,0,0,0.010860332,1
40413,0,1,0.99972516,0
40414,1,1,1.0,1
40415,1,1,0.7218412,1
40416,1,1,1.0,1
40417,0,0,0.09560247,1
40418,0,1,0.9946255,0
40419,0,1,0.9923934,0
40420,0,1,0.48684996,0
40421,1,1,1.0,1
40422,1,0,0.022286186,0
40423,0,0,0.18075651,1
40424,0,1,0.99956864,0
40425,1,0,0.10809477,0
40426,1,1,0.99975365,1
40427,1,1,0.5177538,1
40428,1,1,0.9999999,1
40429,1,1,0.79645085,1
40430,0,0,0.12511882,1
40431,1,1,0.9092645,1
40432,0,1,0.9716986,0
40433,0,0,0.11279541,1
40434,1,1,0.9998247,1
40435,1,1,0.9999567,1
40436,0,0,0.047425874,1
40437,0,0,0.014587567,1
40438,0,0,0.026430635,1
40439,0,0,0.033526164,1
40440,1,1,1.0,1
40441,0,0,0.23283304,1
40442,0,0,0.025540898,1
40443,1,1,0.9998596,1
40444,1,1,0.40077868,1
40445,1,1,0.99999845,1
40446,1,0,0.124213,0
40447,1,0,0.003642891,0
40448,1,0,0.22541662,0
40449,0,0,0.114121474,1
40450,0,1,0.6308555,0
40451,0,0,0.07716922,1
40452,0,0,0.09451042,1
40453,1,0,0.30461022,0
40454,1,1,0.9645224,1
40455,0,1,0.99997056,0
40456,1,1,0.96697646,1
40457,0,1,0.9355235,0
40458,0,0,0.05623634,1
40459,0,1,0.99990356,0
40460,0,0,0.080069266,1
40461,0,0,0.10338597,1
40462,0,1,0.53940785,0
40463,0,1,0.9999975,0
40464,1,1,1.0,1
40465,1,1,0.9999999,1
40466,1,1,1.0,1
40467,1,0,0.31875017,0
40468,1,1,0.99991906,1
40469,0,0,0.18728127,1
40470,1,1,0.9999988,1
40471,1,1,0.99533635,1
40472,0,0,0.15720153,1
40473,1,0,0.29406288,0
40474,1,0,0.12857984,0
40475,0,0,0.22644132,1
40476,1,1,1.0,1
40477,1,1,1.0,1
40478,1,1,0.99999845,1
40479,1,1,0.3624613,1
40480,0,0,0.16404721,1
40481,1,0,0.32842174,0
40482,1,1,1.0,1
40483,0,0,0.15954451,1
40484,0,1,0.74377334,0
40485,1,0,0.34947726,0
40486,1,1,0.99999905,1
40487,0,1,0.97933435,0
40488,0,1,0.553445,0
40489,0,0,0.06779314,1
40490,0,0,0.058776554,1
40491,1,1,0.9999783,1
40492,1,1,0.97517824,1
40493,1,1,1.0,1
40494,0,0,0.06244529,1
40495,1,1,1.0,1
40496,0,1,0.49051017,0
40497,1,1,0.9418684,1
40498,0,1,0.9579909,0
40499,1,0,0.08487122,0
40500,0,1,0.8890481,0
40501,1,1,0.9997981,1
40502,1,0,0.098512106,0
40503,1,1,0.99995613,1
40504,1,1,0.9877351,1
40505,1,1,0.99591404,1
40506,1,0,0.0921145,0
40507,1,1,0.9993869,1
40508,1,1,0.99910825,1
40509,1,1,1.0,1
40510,0,1,0.9836912,0
40511,0,0,0.22000709,1
40512,0,0,0.13817081,1
40513,1,1,0.9995703,1
40514,1,1,0.99999917,1
40515,1,1,0.64057964,1
40516,0,0,0.072177574,1
40517,0,1,0.71408004,0
40518,1,1,0.99843305,1
40519,1,0,0.0067058485,0
40520,1,1,0.9999999,1
40521,1,1,0.57856727,1
40522,1,1,1.0,1
40523,1,1,0.45522887,1
40524,0,0,0.07369626,1
40525,1,1,0.9999999,1
40526,0,0,0.06278921,1
40527,0,0,0.043731883,1
40528,0,0,0.11940814,1
40529,1,1,0.66415924,1
40530,0,1,0.96329963,0
40531,1,1,0.9999995,1
40532,0,1,0.9432431,0
40533,0,0,0.0027202787,1
40534,1,1,0.82032555,1
40535,0,0,0.16940589,1
40536,1,1,0.9999987,1
40537,1,1,1.0,1
40538,0,1,0.9992053,0
40539,1,1,0.9999999,1
40540,1,1,0.9969426,1
40541,1,1,0.9989309,1
40542,0,0,0.064653486,1
40543,0,0,0.01657725,1
40544,0,1,0.53497696,0
40545,0,1,0.8356178,0
40546,0,0,0.019289603,1
40547,1,1,0.96792966,1
40548,1,1,0.9486325,1
40549,1,0,0.04073109,0
40550,1,0,0.27043205,0
40551,1,1,0.99945253,1
40552,0,1,0.999969,0
40553,1,1,0.9999838,1
40554,1,1,0.9999107,1
40555,0,0,0.15090261,1
40556,1,1,0.99906915,1
40557,1,0,0.24265401,0
40558,1,0,0.033716537,0
40559,1,1,0.9999999,1
40560,0,1,0.6568234,0
40561,1,0,0.07043161,0
40562,1,1,0.9989536,1
40563,1,1,1.0,1
40564,0,1,0.9579516,0
40565,1,1,0.99991035,1
40566,1,1,1.0,1
40567,0,1,0.61687815,0
40568,1,0,0.21133544,0
40569,0,0,0.007446194,1
40570,0,0,0.13933781,1
40571,1,1,0.44251603,1
40572,0,0,0.12797923,1
40573,0,1,0.47615337,0
40574,0,0,0.26879746,1
40575,0,1,0.9999877,0
40576,0,1,0.36704338,0
40577,1,0,0.08181271,0
40578,0,1,0.75833166,0
40579,1,0,0.28982374,0
40580,1,1,0.99994993,1
40581,0,0,0.12210386,1
40582,1,0,0.30938876,0
40583,1,0,0.10961043,0
40584,1,1,0.99999976,1
40585,0,1,0.99992454,0
40586,0,1,0.8406518,0
40587,1,1,0.9997749,1
40588,1,1,0.999962,1
40589,1,0,0.049958523,0
40590,1,0,0.02384809,0
40591,1,0,0.080069266,0
40592,0,1,0.9995932,0
40593,0,0,0.03155902,1
40594,1,1,1.0,1
40595,1,0,0.046378206,0
40596,0,0,0.26369417,1
40597,1,0,0.04650795,0
40598,0,1,0.99998057,0
40599,1,1,0.79310596,1
40600,1,1,0.73885757,1
40601,1,0,0.17113045,0
40602,1,0,0.1698185,0
40603,0,1,0.5065304,0
40604,0,1,0.38687927,0
40605,1,1,0.9524416,1
40606,1,0,5.955139e-06,0
40607,1,1,1.0,1
40608,1,1,0.99698395,1
40609,0,0,0.107250325,1
40610,0,0,0.040807478,1
40611,0,1,0.7627777,0
40612,0,0,0.071202725,1
40613,1,1,0.96124375,1
40614,1,1,0.99992037,1
40615,0,1,0.93451476,0
40616,1,0,0.23881637,0
40617,1,1,0.99756086,1
40618,1,1,0.9994116,1
40619,0,0,0.024076486,1
40620,1,1,0.98535615,1
40621,0,0,0.08850466,1
40622,1,1,0.99999666,1
40623,1,0,0.038502328,0
40624,1,1,1.0,1
40625,0,0,0.025274899,1
40626,1,1,0.9982248,1
40627,1,1,0.88393915,1
40628,1,1,0.9191359,1
40629,0,1,0.84972197,0
40630,0,0,0.0715912,1
40631,1,1,0.99997413,1
40632,0,1,0.7068991,0
40633,0,1,0.9982522,0
40634,1,1,0.99990904,1
40635,0,1,0.6748545,0
40636,0,1,0.99989235,0
40637,0,1,0.852813,0
40638,0,0,0.15386674,1
40639,0,0,0.2295352,1
40640,1,0,0.0245397,0
40641,0,1,0.4399579,0
40642,0,0,0.12315456,1
40643,1,0,0.061143138,0
40644,0,0,0.12147716,1
40645,0,1,0.43743294,0
40646,0,0,0.1431877,1
40647,1,1,0.9790958,1
40648,1,0,0.1164622,0
40649,0,1,0.6138733,0
40650,1,1,1.0,1
40651,1,1,0.9465967,1
40652,0,1,0.74003345,0
40653,1,1,0.9976172,1
40654,0,1,0.65671337,0
40655,0,1,0.9811669,0
40656,0,0,0.12629946,1
40657,0,0,0.015739111,1
40658,0,1,0.999984,0
40659,1,1,0.976513,1
40660,0,0,0.2211824,1
40661,0,0,0.044931643,1
40662,0,1,0.9994023,0
40663,1,1,0.9965503,1
40664,1,1,0.9999995,1
40665,0,1,0.95691687,0
40666,1,1,0.99999964,1
40667,1,0,0.15681377,0
40668,1,1,0.9959693,1
40669,0,0,0.010308209,1
40670,0,1,0.6254381,0
40671,1,1,0.93158704,1
40672,0,0,0.33247292,1
40673,1,1,0.93913656,1
40674,1,1,0.3979677,1
40675,0,0,0.06136777,1
40676,1,1,0.6496342,1
40677,1,0,0.1612542,0
40678,0,0,0.25757828,1
40679,0,0,0.056600258,1
40680,0,0,0.04488975,1
40681,1,1,1.0,1
40682,1,0,0.33851433,0
40683,1,1,0.9962419,1
40684,1,0,0.0527164,0
40685,0,1,0.9990188,0
40686,1,1,0.5848048,1
40687,1,0,0.11696559,0
40688,1,1,0.9999987,1
40689,0,0,0.07113817,1
40690,1,1,0.9999999,1
40691,1,1,1.0,1
40692,0,0,0.2797301,1
40693,1,1,0.99802387,1
40694,1,0,0.14390808,0
40695,1,1,0.99583375,1
40696,0,1,0.9999274,0
40697,0,1,0.75192153,0
40698,0,1,0.81873685,0
40699,0,1,0.9442283,0
40700,1,1,0.9999995,1
40701,1,1,0.97110176,1
40702,0,0,0.05424881,1
40703,1,0,0.274789,0
40704,0,1,0.47828513,0
40705,1,1,0.5801737,1
40706,0,1,0.7434941,0
40707,1,0,0.03750274,0
40708,1,1,0.99999905,1
40709,0,1,0.7940658,0
40710,0,0,0.081959546,1
40711,1,0,0.29264584,0
40712,0,0,0.27542198,1
40713,0,0,0.022350112,1
40714,1,1,0.8655653,1
40715,0,0,0.039937317,1
40716,0,1,0.99864894,0
40717,0,0,0.10951515,1
40718,1,1,0.9999995,1
40719,0,0,0.102484226,1
40720,0,1,0.999985,0
40721,1,1,0.99999714,1
40722,1,1,0.9985758,1
40723,0,1,0.97587764,0
40724,0,1,0.50921524,0
40725,0,1,0.49157792,0
40726,0,1,0.92441523,0
40727,1,1,0.5090932,1
40728,1,1,0.99999964,1
40729,0,0,0.1261379,1
40730,0,0,0.26123667,1
40731,0,0,0.012821213,1
40732,0,1,0.84645087,0
40733,1,0,0.20315367,0
40734,1,1,0.96138906,1
40735,1,1,0.9997532,1
40736,1,1,0.6118459,1
40737,0,1,0.4182513,0
40738,1,1,0.9999764,1
40739,0,1,0.35370722,0
40740,1,1,0.9364014,1
40741,0,1,0.9948001,0
40742,1,0,0.043042846,0
40743,1,1,1.0,1
40744,0,1,0.76559335,0
40745,0,1,0.9997358,0
40746,1,1,0.9999988,1
40747,1,1,0.9999999,1
40748,1,1,0.9999999,1
40749,1,1,0.99979335,1
40750,1,1,1.0,1
40751,1,0,0.2754707,0
40752,1,1,0.99946314,1
40753,1,0,0.040049795,0
40754,0,0,0.33682168,1
40755,0,0,0.2165081,1
40756,1,1,0.9999856,1
40757,0,1,0.7162186,0
40758,0,0,0.019087434,1
40759,1,0,0.18300883,0
40760,0,0,0.039825134,1
40761,0,0,0.34527084,1
40762,1,1,0.99999964,1
40763,0,1,0.7584211,0
40764,0,1,0.8565725,0
40765,1,1,0.99998665,1
40766,1,1,0.9896318,1
40767,0,0,0.0065515246,1
40768,1,1,0.80115914,1
40769,1,0,0.14866413,0
40770,0,1,0.9706043,0
40771,0,0,0.31237,1
40772,1,1,1.0,1
40773,0,1,0.7919015,0
40774,1,1,0.9992312,1
40775,0,0,0.08670936,1
40776,1,1,0.90105337,1
40777,1,0,0.005271083,0
40778,1,1,0.9959849,1
40779,0,1,0.515315,0
40780,1,1,0.5678168,1
40781,0,1,0.63278645,0
40782,0,0,0.28209728,1
40783,0,0,0.25229195,1
40784,0,0,0.2944178,1
40785,0,1,0.999998,0
40786,1,0,0.13296424,0
40787,0,1,0.9040592,0
40788,0,1,0.5646987,0
40789,1,1,1.0,1
40790,1,1,0.9811488,1
40791,1,1,0.9808209,1
40792,0,1,0.723749,0
40793,1,1,0.4231302,1
40794,0,0,0.0212467,1
40795,1,1,0.9999999,1
40796,1,0,0.18447348,0
40797,1,1,1.0,1
40798,1,0,0.076132484,0
40799,1,1,0.986904,1
40800,0,0,0.12368283,1
40801,0,1,0.70380396,0
40802,1,1,0.99996436,1
40803,1,1,0.853669,1
40804,1,1,0.9823216,1
40805,1,1,0.79597545,1
40806,1,1,0.9967077,1
40807,1,0,0.3029579,0
40808,1,1,0.6747474,1
40809,0,1,0.9995753,0
40810,0,0,0.023916386,1
40811,1,0,0.22746935,0
40812,1,1,0.9991066,1
40813,0,0,0.19559407,1
40814,0,1,0.9997241,0
40815,0,0,0.1496556,1
40816,1,1,0.99964714,1
40817,0,0,0.115910664,1
40818,0,1,0.7395165,0
40819,0,1,0.8492224,0
40820,1,1,0.9999994,1
40821,0,0,0.066629894,1
40822,1,1,1.0,1
40823,0,0,0.19436781,1
40824,1,1,0.9999621,1
40825,0,1,0.41199774,0
40826,1,1,1.0,1
40827,1,1,0.99999964,1
40828,0,0,0.0876419,1
40829,1,1,0.99996424,1
40830,0,1,0.6083614,0
40831,0,0,0.01374232,1
40832,1,1,1.0,1
40833,0,0,0.0120770605,1
40834,1,1,1.0,1
40835,1,1,0.9999646,1
40836,0,0,0.11476479,1
40837,0,1,0.81286734,0
40838,1,1,0.9999994,1
40839,0,0,0.24899045,1
40840,1,1,1.0,1
40841,0,1,0.7834919,0
40842,1,0,0.061762713,0
40843,1,1,0.5577851,1
40844,1,1,0.99999964,1
40845,0,0,0.1538032,1
40846,1,0,0.04344689,0
40847,1,0,0.34191206,0
40848,1,1,0.9999993,1
40849,0,1,0.7062411,0
40850,1,1,0.44736975,1
40851,0,0,0.055617616,1
40852,0,0,0.29746994,1
40853,1,1,0.9999981,1
40854,0,0,0.09492911,1
40855,0,0,0.021927299,1
40856,1,0,0.15863001,0
40857,0,1,0.42143273,0
40858,0,1,0.97917557,0
40859,0,1,0.7711549,0
40860,0,1,0.5192776,0
40861,1,1,0.9929472,1
40862,0,0,0.074500255,1
40863,1,0,0.017375663,0
40864,1,1,0.9999987,1
40865,0,0,0.05970174,1
40866,0,0,0.10539455,1
40867,1,1,1.0,1
40868,0,0,0.20291662,1
40869,0,1,0.99155444,0
40870,0,0,0.054954547,1
40871,1,1,0.9999949,1
40872,0,1,0.9461506,0
40873,0,0,0.23283304,1
40874,1,0,0.055208687,0
40875,1,0,0.062617026,0
40876,1,1,0.48377034,1
40877,1,1,0.999998,1
40878,0,1,0.9014879,0
40879,0,1,0.40586078,0
40880,1,1,1.0,1
40881,1,1,0.9999999,1
40882,1,0,0.04344689,0
40883,0,1,0.9976126,0
40884,0,1,0.99996746,0
40885,1,0,0.07878402,0
40886,1,1,0.99457306,1
40887,1,1,0.8097278,1
40888,1,1,0.9999039,1
40889,1,0,0.27693492,0
40890,0,0,0.037326884,1
40891,1,1,0.9999995,1
40892,1,0,0.33057922,0
40893,1,0,0.13128456,0
40894,0,1,0.39504665,0
40895,1,1,1.0,1
40896,0,0,0.32530618,1
40897,1,1,0.6864226,1
40898,1,1,1.0,1
40899,0,0,0.20134169,1
40900,0,0,0.018635655,1
40901,0,0,0.08050193,1
40902,0,0,0.26961398,1
40903,0,1,0.9997086,0
40904,1,1,0.98947024,1
40905,0,0,0.0894546,1
40906,1,1,0.9764681,1
40907,0,1,0.980375,0
40908,0,0,0.15046519,1
40909,1,0,0.04455598,0
40910,1,0,0.072243005,0
40911,1,1,0.99999774,1
40912,0,0,0.09568695,1
40913,1,1,0.4204806,1
40914,1,1,0.75401044,1
40915,1,1,0.9999331,1
40916,1,0,0.1834473,0
40917,1,1,0.9589241,1
40918,1,1,0.9999999,1
40919,1,1,0.9978719,1
40920,0,0,0.009802816,1
40921,1,1,0.6494119,1
40922,1,1,0.9999993,1
40923,0,0,0.12442563,1
40924,0,0,0.032682236,1
40925,1,0,0.33928013,0
40926,1,1,0.98287266,1
40927,0,0,0.12106091,1
40928,1,1,0.8843393,1
40929,0,1,0.9973786,0
40930,1,1,0.9997459,1
40931,0,1,0.46955067,0
40932,1,1,1.0,1
40933,0,0,0.025371311,1
40934,1,1,0.99914575,1
40935,1,1,0.50506574,1
40936,1,1,0.39227864,1
40937,0,0,0.13764834,1
40938,1,0,0.03722176,0
40939,1,1,1.0,1
40940,1,1,0.46955067,1
40941,1,1,0.93622667,1
40942,0,0,0.10008423,1
40943,1,1,0.9870546,1
40944,1,1,0.9998902,1
40945,0,0,0.010071824,1
40946,1,1,0.999539,1
40947,0,0,0.13245842,1
40948,1,1,0.9999999,1
40949,0,1,0.6458462,0
40950,0,0,0.11221037,1
40951,0,0,0.2043419,1
40952,0,0,0.18668744,1
40953,0,0,0.070495576,1
40954,1,1,0.998606,1
40955,0,0,0.020744892,1
40956,0,0,0.13666598,1
40957,0,1,0.6657909,0
40958,1,1,0.93674946,1
40959,1,1,0.8621197,1
40960,1,1,0.9999999,1
40961,1,1,1.0,1
40962,0,1,0.9995753,0
40963,1,1,0.9993988,1
40964,1,1,1.0,1
40965,1,1,1.0,1
40966,0,1,0.95400894,0
40967,1,1,0.9999999,1
40968,0,0,0.0061212815,1
40969,1,0,0.108850285,0
40970,1,1,1.0,1
40971,1,1,0.55935025,1
40972,0,0,0.10753115,1
40973,0,0,0.03132112,1
40974,1,1,0.99830914,1
40975,1,0,0.027585285,0
40976,1,1,1.0,1
40977,0,1,0.9849563,0
40978,1,0,0.3201833,0
40979,1,1,0.9990656,1
40980,0,1,0.60223705,0
40981,0,0,0.030675802,1
40982,1,1,0.9983026,1
40983,1,1,0.9996977,1
40984,0,1,0.99601597,0
40985,0,0,0.02023532,1
40986,1,0,0.27918932,0
40987,0,0,0.074500255,1
40988,0,1,0.58302534,0
40989,1,1,0.9991943,1
40990,1,1,0.99999213,1
40991,0,1,0.63776433,0
40992,1,1,0.9999995,1
40993,0,1,0.9993845,0
40994,0,0,0.12210386,1
40995,0,1,0.96969944,0
40996,0,0,0.03989989,1
40997,1,1,0.9999274,1
40998,0,0,0.27503234,1
40999,1,1,0.99898964,1
41000,1,1,1.0,1
41001,1,1,0.99999607,1
41002,1,1,0.86476797,1
41003,0,0,0.0033179717,1
41004,1,0,0.1154611,0
41005,0,0,0.018493311,1
41006,0,1,0.9817707,0
41007,1,1,0.93784,1
41008,1,1,0.6930057,1
41009,0,1,0.48462397,0
41010,0,0,0.10484337,1
41011,0,0,0.1666076,1
41012,0,1,0.99999976,0
41013,0,0,0.18832397,1
41014,0,0,0.122051544,1
41015,0,1,0.99979657,0
41016,1,0,0.027585285,0
41017,0,0,0.014587567,1
41018,0,1,0.99857306,0
41019,1,1,0.99999976,1
41020,1,1,0.99987364,1
41021,0,0,0.06779314,1
41022,0,0,0.053255424,1
41023,1,1,0.9237301,1
41024,0,1,0.40427223,0
41025,0,0,0.055823144,1
41026,0,1,0.99759394,0
41027,1,1,0.9999999,1
41028,0,1,0.9981863,0
41029,0,0,0.009559399,1
41030,1,0,0.07723879,0
41031,0,1,0.99225944,0
41032,1,1,0.99968255,1
41033,0,1,0.40450743,0
41034,0,0,0.13980691,1
41035,0,1,0.9980506,0
41036,1,1,0.9783019,1
41037,1,1,0.9999988,1
41038,1,0,0.07243961,0
41039,1,1,0.9011404,1
41040,1,1,0.41282603,1
41041,1,1,0.9979849,1
41042,1,1,1.0,1
41043,0,0,0.23651622,1
41044,1,1,0.99999547,1
41045,0,1,0.99343574,0
41046,1,0,0.100348406,0
41047,1,1,1.0,1
41048,0,0,0.107437484,1
41049,1,0,0.074164286,0
41050,1,1,0.99980134,1
41051,1,1,0.9982926,1
41052,1,0,0.17231107,0
41053,1,1,0.99969935,1
41054,0,1,0.75730115,0
41055,1,1,0.9999976,1
41056,0,1,0.9999871,0
41057,1,0,0.0048391186,0
41058,0,0,0.24095315,1
41059,1,1,0.79518133,1
41060,1,1,1.0,1
41061,1,0,0.21783629,0
41062,0,0,0.1676952,1
41063,1,1,0.70846474,1
41064,0,1,0.5897164,0
41065,1,0,0.07198163,0
41066,1,1,0.9997098,1
41067,1,1,0.99544394,1
41068,1,0,0.33971807,0
41069,0,0,0.033399824,1
41070,1,1,0.6585822,1
41071,0,0,0.056600258,1
41072,1,1,0.9922294,1
41073,0,1,0.943608,0
41074,0,1,0.7698598,0
41075,0,1,0.7210071,0
41076,1,1,0.99995553,1
41077,0,0,0.33627656,1
41078,1,1,0.726183,1
41079,1,0,0.1256543,0
41080,1,0,0.00640073,0
41081,0,0,0.06785488,1
41082,1,1,0.99996436,1
41083,1,0,0.32423538,0
41084,1,1,0.9999993,1
41085,1,1,0.96521765,1
41086,1,1,0.99994266,1
41087,0,1,1.0,0
41088,1,0,0.13443466,0
41089,1,0,0.06430006,0
41090,0,0,0.0061929906,1
41091,0,1,0.991032,0
41092,0,1,0.81859183,0
41093,1,1,1.0,1
41094,0,0,0.038647197,1
41095,0,0,0.13358468,1
41096,0,0,0.07654563,1
41097,1,1,0.99998367,1
41098,1,0,0.1584346,0
41099,0,0,0.046724956,1
41100,1,1,0.98975134,1
41101,1,1,0.99999964,1
41102,0,1,0.59472775,0
41103,1,0,0.11018359,0
41104,1,1,0.5661385,1
41105,0,0,0.27742404,1
41106,1,0,0.24766885,0
41107,1,1,0.9999999,1
41108,1,0,0.052960765,0
41109,0,1,0.9999398,0
41110,1,1,0.9999999,1
41111,0,0,0.20102783,1
41112,1,1,0.99997616,1
41113,1,1,0.9999776,1
41114,0,1,0.99999976,0
41115,0,1,1.0,0
41116,1,1,0.99622726,1
41117,0,1,0.84479356,0
41118,1,1,1.0,1
41119,1,1,0.99981695,1
41120,1,1,1.0,1
41121,1,1,0.645064,1
41122,1,1,0.9998702,1
41123,0,0,0.022868007,1
41124,1,1,0.8217605,1
41125,0,0,0.07779745,1
41126,0,1,0.82796735,0
41127,1,1,0.9999945,1
41128,1,1,0.9720721,1
41129,0,1,0.99771726,0
41130,1,1,0.9886901,1
41131,0,1,0.51860714,0
41132,0,0,0.3299852,1
41133,1,1,0.9983026,1
41134,1,1,0.99999714,1
41135,0,0,0.043568812,1
41136,1,1,0.5551338,1
41137,0,1,0.61306286,0
41138,0,0,0.023153413,1
41139,1,0,0.1727991,0
41140,1,0,0.1519693,0
41141,1,1,0.5214712,1
41142,1,1,0.54183316,1
41143,0,0,0.23405632,1
41144,0,0,0.068599865,1
41145,1,1,0.999998,1
41146,1,1,0.5144613,1
41147,0,1,0.9999989,0
41148,1,1,1.0,1
41149,1,0,0.041191436,0
41150,0,0,0.083291925,1
41151,1,1,0.9999925,1
41152,1,1,0.78116375,1
41153,0,1,0.8821236,0
41154,0,1,0.7537387,0
41155,0,1,0.9034647,0
41156,1,1,1.0,1
41157,0,0,0.08079154,1
41158,0,1,0.9975321,0
41159,1,0,0.16231363,0
41160,1,1,0.9998902,1
41161,1,1,0.90804875,1
41162,0,1,0.7025811,0
41163,0,0,0.050424065,1
41164,1,1,1.0,1
41165,1,1,0.99998593,1
41166,1,0,0.10239443,0
41167,1,1,0.999826,1
41168,1,1,0.99187535,1
41169,1,0,0.03073393,0
41170,1,1,1.0,1
41171,0,0,0.022095477,1
41172,0,1,0.9997731,0
41173,1,0,0.025250848,0
41174,0,0,0.12023207,1
41175,1,1,0.9999976,1
41176,0,0,0.09645018,1
41177,0,0,0.054148693,1
41178,1,0,0.062160026,0
41179,1,1,0.9999989,1
41180,0,1,0.67986983,0
41181,0,0,0.0009399439,1
41182,1,1,1.0,1
41183,1,1,0.99999976,1
41184,1,1,1.0,1
41185,0,0,0.019475216,1
41186,0,0,0.25266054,1
41187,0,0,0.22143486,1
41188,0,0,0.0996453,1
41189,0,1,0.99502736,0
41190,1,1,0.42342824,1
41191,1,1,0.767167,1
41192,0,0,0.0282746,1
41193,1,1,0.99998224,1
41194,0,0,0.03400406,1
41195,0,0,0.083740406,1
41196,1,0,0.34842342,0
41197,0,0,0.11201595,1
41198,0,1,0.9964064,0
41199,1,1,1.0,1
41200,0,1,0.805173,0
41201,1,1,0.99635005,1
41202,1,1,1.0,1
41203,1,1,1.0,1
41204,0,1,0.9999963,0
41205,0,0,0.20307463,1
41206,1,0,0.26166093,0
41207,1,1,0.93732566,1
41208,1,1,0.57212526,1
41209,1,1,1.0,1
41210,1,1,0.8504686,1
41211,1,1,0.99928623,1
41212,1,0,0.11104826,0
41213,1,0,0.32460997,0
41214,0,0,0.039121646,1
41215,1,0,0.011397586,0
41216,0,1,0.99999654,0
41217,0,1,0.625724,0
41218,0,1,0.40895522,0
41219,1,0,0.030157411,0
41220,0,1,0.9973425,0
41221,0,0,0.046942927,1
41222,0,1,0.9999825,0
41223,0,1,0.9999939,0
41224,0,0,0.08479541,1
41225,1,1,0.4600463,1
41226,1,1,1.0,1
41227,0,1,0.9999708,0
41228,0,0,0.05399884,1
41229,1,1,0.5817784,1
41230,1,1,0.99999857,1
41231,0,1,0.78637683,0
41232,1,1,0.96805066,1
41233,0,1,0.9219218,0
41234,1,1,0.8525676,1
41235,0,0,0.19490358,1
41236,1,1,1.0,1
41237,0,0,0.2484886,1
41238,1,1,1.0,1
41239,0,1,0.8594279,0
41240,1,1,0.41525447,1
41241,1,1,0.99999857,1
41242,0,1,0.776877,0
41243,1,0,0.26218015,0
41244,1,0,0.19057333,0
41245,1,1,0.9996222,1
41246,0,0,0.12116486,1
41247,1,1,0.8828326,1
41248,0,1,0.9716986,0
41249,1,1,0.98977125,1
41250,0,1,0.947186,0
41251,0,0,0.091382094,1
41252,0,1,0.75219464,0
41253,1,1,1.0,1
41254,0,1,0.99999726,0
41255,1,1,0.3562227,1
41256,1,1,1.0,1
41257,1,1,0.5295067,1
41258,1,1,0.9968149,1
41259,0,0,0.15304215,1
41260,1,1,0.5280467,1
41261,0,1,0.9894091,0
41262,0,1,0.997981,0
41263,0,0,0.016963702,1
41264,1,0,0.22286923,0
41265,1,1,0.9999087,1
41266,0,1,0.43917602,0
41267,0,0,0.2910816,1
41268,1,1,0.95589906,1
41269,1,1,0.65074474,1
41270,0,0,0.017325716,1
41271,0,1,0.49395782,0
41272,1,1,0.99963665,1
41273,0,0,0.33589524,1
41274,0,0,0.002946405,1
41275,0,0,0.06447655,1
41276,0,0,0.044847906,1
41277,1,0,0.1434875,0
41278,0,1,0.99997675,0
41279,1,1,1.0,1
41280,1,1,0.99996734,1
41281,0,1,0.99566853,0
41282,0,1,0.95577544,0
41283,0,0,0.2026798,1
41284,1,1,0.9989267,1
41285,0,1,0.99946314,0
41286,1,1,1.0,1
41287,0,1,0.5148272,0
41288,1,1,0.9994105,1
41289,0,0,0.27923846,1
41290,1,1,1.0,1
41291,1,1,0.9999951,1
41292,1,1,0.9999999,1
41293,1,1,0.99361163,1
41294,1,1,0.98184055,1
41295,0,0,0.037256766,1
41296,1,1,0.8607207,1
41297,1,1,1.0,1
41298,0,0,0.13257071,1
41299,0,0,0.1297883,1
41300,0,1,0.9931629,0
41301,0,1,0.9998191,0
41302,0,0,0.014756982,1
41303,1,1,0.9975986,1
41304,1,1,0.9999931,1
41305,1,0,0.26850963,0
41306,0,0,0.14033626,1
41307,1,1,0.99783427,1
41308,0,1,0.9938309,0
41309,1,1,0.9999949,1
41310,0,0,0.0034030052,1
41311,1,1,0.9999795,1
41312,1,1,0.99999166,1
41313,1,1,1.0,1
41314,1,1,0.97786224,1
41315,1,1,0.7245293,1
41316,0,0,0.07316472,1
41317,1,0,0.21206881,0
41318,1,0,1.9108343e-06,0
41319,0,0,0.30652702,1
41320,0,1,0.997917,0
41321,1,1,0.9999738,1
41322,1,1,0.99832565,1
41323,0,1,0.9998766,0
41324,1,1,0.999977,1
41325,0,1,0.9859364,0
41326,1,1,0.9996768,1
41327,1,1,0.89218736,1
41328,1,1,0.92643696,1
41329,1,1,0.991032,1
41330,1,1,0.9877823,1
41331,1,0,0.22236224,0
41332,1,1,1.0,1
41333,1,1,0.9998579,1
41334,0,1,0.99997556,0
41335,1,1,0.9996699,1
41336,1,1,0.9998148,1
41337,0,1,0.99980813,0
41338,0,1,0.9930962,0
41339,1,1,1.0,1
41340,0,0,0.074635044,1
41341,1,1,0.8089743,1
41342,0,0,0.0689125,1
41343,1,0,0.26554704,0
41344,1,1,0.9870297,1
41345,0,1,0.92206234,0
41346,1,1,0.9996983,1
41347,0,1,0.6091173,0
41348,0,1,0.84363765,0
41349,0,1,0.99764496,0
41350,0,0,0.13039611,1
41351,1,0,0.0595922,0
41352,0,1,0.44571048,0
41353,0,0,0.014036571,1
41354,1,0,0.29711294,0
41355,1,1,0.9791357,1
41356,0,1,0.99368566,0
41357,1,1,0.7136811,1
41358,1,1,0.9998332,1
41359,0,1,0.9915052,0
41360,0,1,0.95239735,0
41361,1,1,0.999539,1
41362,1,0,0.02784845,0
41363,0,0,0.10539455,1
41364,1,1,0.5276208,1
41365,0,1,0.93379396,0
41366,1,1,0.9974788,1
41367,1,0,0.13189834,0
41368,1,1,0.4222366,1
41369,1,1,1.0,1
41370,1,1,0.9990854,1
41371,0,1,0.96076804,0
41372,1,1,1.0,1
41373,1,1,0.9361684,1
41374,0,1,0.9845754,0
41375,0,1,0.86281466,0
41376,0,0,0.2985425,1
41377,1,1,0.9999999,1
41378,0,0,0.18111832,1
41379,0,0,0.2850733,1
41380,0,1,0.99975175,0
41381,1,0,0.0016198053,0
41382,0,1,0.9224824,0
41383,0,0,0.13006428,1
41384,1,1,0.9764232,1
41385,0,1,0.4340714,0
41386,1,1,0.999943,1
41387,0,0,0.037714817,1
41388,0,1,0.9996437,0
41389,0,0,0.14080818,1
41390,1,1,0.99999964,1
41391,0,0,0.04324442,1
41392,1,0,0.1949802,0
41393,1,1,0.99990976,1
41394,0,1,0.87557435,0
41395,0,1,0.9980276,0
41396,1,1,0.42184952,1
41397,1,0,0.114121474,0
41398,1,1,0.99580115,1
41399,0,1,0.99923575,0
41400,0,0,0.15335886,1
41401,1,1,0.9953454,1
41402,1,1,0.99665606,1
41403,0,1,0.9998253,0
41404,1,1,0.99998486,1
41405,0,0,0.0275591,1
41406,0,1,0.734691,0
41407,0,1,0.9621787,0
41408,0,1,0.96185756,0
41409,1,1,0.991339,1
41410,1,0,0.23370637,0
41411,1,1,1.0,1
41412,0,1,0.9208609,0
41413,0,0,0.3450501,1
41414,1,0,0.26621416,0
41415,0,0,0.31074667,1
41416,1,1,0.9183339,1
41417,0,0,0.033462938,1
41418,0,0,0.10631887,1
41419,1,0,0.32386106,0
41420,1,1,0.98287266,1
41421,1,1,1.0,1
41422,0,0,0.18046747,1
41423,0,1,0.97624266,0
41424,0,1,0.9999981,0
41425,0,0,0.22661243,1
41426,0,0,0.2004794,1
41427,0,1,0.9760608,0
41428,0,1,0.5696731,0
41429,1,1,0.977132,1
41430,0,0,0.04344689,1
41431,0,0,0.08740792,1
41432,0,1,0.6545084,0
41433,1,1,0.9999999,1
41434,0,1,0.8262917,0
41435,0,1,0.94728357,0
41436,1,1,0.93985814,1
41437,1,1,0.9987864,1
41438,1,1,0.99980515,1
41439,1,0,0.20008837,0
41440,0,0,0.047205772,1
41441,0,1,0.4469171,0
41442,1,1,0.99999774,1
41443,1,1,0.9999949,1
41444,0,1,0.9902351,0
41445,0,0,0.08834723,1
41446,1,1,0.99991286,1
41447,0,1,0.99977833,0
41448,1,1,0.9596487,1
41449,0,1,0.41872662,0
41450,1,1,0.76559335,1
41451,0,0,0.19806418,1
41452,1,1,0.9999913,1
41453,0,0,0.0773781,1
41454,1,1,0.8697146,1
41455,1,1,0.9986356,1
41456,0,1,0.9999846,0
41457,0,0,0.05845324,1
41458,1,1,1.0,1
41459,1,1,1.0,1
41460,1,1,1.0,1
41461,0,1,0.5018921,0
41462,1,1,1.0,1
41463,0,1,0.46945944,0
41464,0,0,0.10502681,1
41465,0,1,0.9924521,0
41466,0,1,0.51092356,0
41467,1,1,0.8247444,1
41468,1,1,1.0,1
41469,1,1,0.84221536,1
41470,0,0,0.11940814,1
41471,1,1,0.9589241,1
41472,1,1,0.9999882,1
41473,1,1,1.0,1
41474,1,1,1.0,1
41475,0,1,0.79198205,0
41476,1,1,0.99977833,1
41477,1,0,0.08740792,0
41478,0,1,0.99997747,0
41479,1,1,0.7625125,1
41480,0,0,0.21900325,1
41481,1,0,0.07538034,0
41482,0,1,0.9892855,0
41483,0,1,0.6440572,0
41484,1,1,0.59131026,1
41485,1,1,1.0,1
41486,0,0,0.07126734,1
41487,0,1,0.5621765,0
41488,0,0,0.06966823,1
41489,1,1,0.9859904,1
41490,0,0,0.24292329,1
41491,0,0,0.22970796,1
41492,1,1,1.0,1
41493,0,1,0.35711896,0
41494,0,0,0.090896755,1
41495,0,0,0.09704756,1
41496,0,0,0.19490358,1
41497,0,0,0.055617616,1
41498,1,1,0.99972194,1
41499,1,1,0.9676251,1
41500,0,1,0.97790456,0
41501,1,1,0.99804294,1
41502,0,0,0.2638364,1
41503,1,1,0.99228936,1
41504,1,1,0.9999887,1
41505,0,1,0.9959693,0
41506,1,0,0.056548137,0
41507,1,1,1.0,1
41508,1,0,0.05975658,0
41509,0,0,0.062273983,1
41510,1,1,0.9774355,1
41511,1,1,0.99998736,1
41512,1,1,0.99997675,1
41513,0,0,0.32188618,1
41514,1,1,0.99959,1
41515,0,1,0.90183425,0
41516,0,1,0.99871826,0
41517,1,1,0.9985134,1
41518,0,1,0.86373675,0
41519,0,1,0.9899671,0
41520,1,1,0.9877587,1
41521,0,1,0.9526182,0
41522,1,1,0.37313312,1
41523,1,1,0.9818926,1
41524,0,0,0.04324442,1
41525,1,1,0.97223073,1
41526,0,1,0.9355235,0
41527,0,1,0.8897206,0
41528,1,1,0.9984723,1
41529,1,1,0.9997713,1
41530,0,0,0.22575781,1
41531,0,1,0.7692537,0
41532,0,1,0.8478418,0
41533,0,1,0.9999609,0
41534,0,0,0.3196521,1
41535,0,1,0.96050966,0
41536,0,0,0.026810195,1
41537,1,0,0.25312182,0
41538,0,0,0.24544656,1
41539,0,1,0.71725947,0
41540,1,1,0.42360705,1
41541,1,0,0.30678657,0
41542,0,1,0.40606683,0
41543,1,1,0.99995804,1
41544,0,1,0.94539934,0
41545,1,1,0.95683634,1
41546,0,0,0.083142914,1
41547,1,0,0.27620217,0
41548,0,1,0.599192,0
41549,1,1,0.9993525,1
41550,1,1,1.0,1
41551,0,0,0.25655252,1
41552,1,0,0.2566922,0
41553,1,1,0.96929514,1
41554,1,1,0.99999785,1
41555,1,1,0.9999682,1
41556,1,0,0.3457677,0
41557,1,1,1.0,1
41558,1,0,0.11992252,0
41559,0,0,0.10989669,1
41560,0,0,0.088978484,1
41561,0,0,0.042522945,1
41562,0,0,0.29472217,1
41563,1,1,0.9999995,1
41564,1,1,0.9436599,1
41565,1,1,0.9999999,1
41566,1,0,0.27693492,0
41567,0,1,0.9842457,0
41568,1,0,0.04738177,0
41569,1,1,0.9985306,1
41570,1,0,0.09451042,0
41571,1,1,1.0,1
41572,1,1,0.9977393,1
41573,0,1,0.9636776,0
41574,1,1,1.0,1
41575,1,0,0.17455095,0
41576,1,1,0.95418006,1
41577,1,1,0.99999964,1
41578,1,1,1.0,1
41579,1,1,1.0,1
41580,1,0,0.18257123,0
41581,0,1,0.9999987,0
41582,0,0,0.31769082,1
41583,1,1,0.9987527,1
41584,1,1,0.999824,1
41585,0,0,0.08299413,1
41586,1,0,0.010091316,0
41587,1,1,1.0,1
41588,1,1,0.74539834,1
41589,1,0,0.21215041,0
41590,1,1,0.3829488,1
41591,0,1,0.7893961,0
41592,0,0,0.12231338,1
41593,1,1,0.99984455,1
41594,0,1,1.0,0
41595,1,1,0.99983263,1
41596,0,0,0.15856485,1
41597,1,1,0.9918595,1
41598,1,0,0.18557791,0
41599,0,0,0.03521114,1
41600,1,1,0.86748546,1
41601,1,1,0.99994993,1
41602,1,1,0.9684709,1
41603,1,0,0.14535783,0
41604,0,0,0.07323097,1
41605,0,0,0.1229438,1
41606,1,1,0.71348155,1
41607,0,1,0.99368566,0
41608,0,0,0.03027187,1
41609,0,0,0.11797801,1
41610,0,1,0.52427286,0
41611,1,1,0.9999808,1
41612,1,1,0.9870546,1
41613,0,0,0.13500383,1
41614,1,1,0.35984206,1
41615,1,1,0.99712723,1
41616,0,0,0.08748585,1
41617,1,1,0.9999964,1
41618,1,1,0.9980957,1
41619,0,0,0.31179345,1
41620,1,1,0.9870046,1
41621,0,1,0.9971384,0
41622,0,1,0.45968243,0
41623,1,1,0.95536083,1
41624,1,1,0.99924016,1
41625,1,1,0.5005493,1
41626,1,1,0.9996381,1
41627,1,1,0.99999976,1
41628,1,1,0.8590736,1
41629,1,1,1.0,1
41630,0,0,0.17092276,1
41631,0,0,0.168583,1
41632,1,1,0.9999995,1
41633,0,0,0.052086018,1
41634,1,1,1.0,1
41635,1,1,0.9998585,1
41636,1,0,0.027874898,0
41637,0,1,0.77210134,0
41638,1,0,0.0061094104,0
41639,1,1,1.0,1
41640,1,1,0.9999982,1
41641,1,1,0.99968684,1
41642,1,1,1.0,1
41643,0,1,0.52993244,0
41644,1,1,0.9999989,1
41645,0,0,0.09178833,1
41646,0,1,0.96864927,0
41647,0,0,0.055617616,1
41648,0,0,0.19163007,1
41649,1,1,0.9987281,1
41650,1,1,0.9999039,1
41651,1,0,0.012100385,0
41652,1,1,0.9322685,1
41653,1,1,1.0,1
41654,1,1,0.98623115,1
41655,0,1,0.6801886,0
41656,1,0,0.08803311,0
41657,0,0,0.007861459,1
41658,1,0,0.16132024,0
41659,1,0,0.04344689,0
41660,1,1,0.9999981,1
41661,0,1,0.94644845,0
41662,0,1,0.60754675,0
41663,0,0,0.02678473,1
41664,0,1,0.99882823,0
41665,0,0,0.012771868,1
41666,1,0,0.12121686,0
41667,1,0,0.11971655,0
41668,0,0,0.022053316,1
41669,1,1,0.9999945,1
41670,0,0,0.07942426,1
41671,1,1,0.9992099,1
41672,1,1,0.7244319,1
41673,1,1,0.88171685,1
41674,1,1,0.36500388,1
41675,1,1,0.9274948,1
41676,1,1,0.43134463,1
41677,0,1,0.99106663,0
41678,1,0,0.107437484,0
41679,1,1,0.99997497,1
41680,0,1,0.6401298,0
41681,1,1,0.98873377,1
41682,1,1,0.9999838,1
41683,1,1,1.0,1
41684,1,1,0.60024697,1
41685,0,1,0.92206234,0
41686,1,1,0.99442345,1
41687,0,0,0.056392044,1
41688,0,0,0.02136889,1
41689,0,0,0.13551785,1
41690,1,1,0.9484895,1
41691,1,1,0.5943747,1
41692,1,1,0.99843603,1
41693,0,1,0.9931096,0
41694,0,1,0.7048209,0
41695,1,1,0.9763782,1
41696,1,1,0.9999981,1
41697,0,0,0.042882238,1
41698,1,1,0.99999976,1
41699,0,0,0.033336822,1
41700,0,1,0.41475067,0
41701,0,0,0.17909941,1
41702,0,0,0.02199022,1
41703,1,1,0.99998784,1
41704,0,1,0.651632,0
41705,1,1,0.9999839,1
41706,0,0,0.052570295,1
41707,1,1,0.99861956,1
41708,1,1,0.99999917,1
41709,0,1,0.9357587,0
41710,1,1,0.39469665,1
41711,0,0,0.16552565,1
41712,0,0,0.13546064,1
41713,1,0,0.27062476,0
41714,0,1,0.9999907,0
41715,1,1,0.9999609,1
41716,1,1,0.47581846,1
41717,1,0,0.006463138,0
41718,0,1,0.999997,0
41719,1,1,1.0,1
41720,1,1,1.0,1
41721,1,1,0.98201376,1
41722,1,1,0.98045003,1
41723,0,0,0.0628467,1
41724,1,1,0.93306583,1
41725,0,1,0.9928231,0
41726,0,1,0.58326274,0
41727,1,1,1.0,1
41728,0,0,0.057918087,1
41729,1,0,0.033875983,0
41730,0,0,0.21584621,1
41731,1,1,1.0,1
41732,1,1,0.35571894,1
41733,1,1,0.9994547,1
41734,1,1,0.99932146,1
41735,0,1,0.8828326,0
41736,1,1,0.38670552,1
41737,0,1,0.99982125,0
41738,0,1,0.65296096,0
41739,0,1,0.99722075,0
41740,0,0,0.0035796424,1
41741,0,1,0.99970514,0
41742,0,0,0.07585818,1
41743,1,1,0.9998623,1
41744,0,0,0.28616926,1
41745,1,1,1.0,1
41746,1,0,0.0054374957,0
41747,1,1,0.992349,1
41748,0,0,0.10669061,1
41749,1,0,0.12474515,0
41750,1,1,0.6894624,1
41751,0,0,0.12304914,1
41752,0,1,0.71348155,0
41753,1,1,1.0,1
41754,1,1,0.9918121,1
41755,0,0,0.08977329,1
41756,0,0,0.06602512,1
41757,0,0,0.09756222,1
41758,1,1,0.99583375,1
41759,1,0,0.028355207,0
41760,1,1,0.99999857,1
41761,1,1,1.0,1
41762,1,0,0.28907058,0
41763,1,1,1.0,1
41764,0,1,0.39312288,0
41765,0,1,0.99947566,0
41766,0,1,0.45659146,0
41767,0,0,0.24981311,1
41768,0,0,0.09203286,1
41769,1,1,0.99991715,1
41770,1,1,1.0,1
41771,1,1,0.98314995,1
41772,1,1,0.99992335,1
41773,1,0,0.11920292,0
41774,0,0,0.024727408,1
41775,1,1,0.99999416,1
41776,1,1,0.98555213,1
41777,0,0,0.056288198,1
41778,0,1,0.99248135,0
41779,0,1,0.620909,0
41780,1,1,0.7488118,1
41781,1,1,0.78456676,1
41782,1,0,0.30735803,0
41783,1,1,0.9999838,1
41784,0,0,0.0094125895,1
41785,1,1,0.99999976,1
41786,0,1,0.6901938,0
41787,1,1,0.65141034,1
41788,1,1,0.99603146,1
41789,1,1,0.36548498,1
41790,0,0,0.10631887,1
41791,1,0,0.048541088,0
41792,1,1,0.9999994,1
41793,0,0,0.03618598,1
41794,0,1,0.9872528,0
41795,1,1,1.0,1
41796,1,1,0.8844391,1
41797,1,1,0.99999976,1
41798,0,1,0.9999995,0
41799,0,1,0.8889517,0
41800,1,0,0.00011774459,0
41801,1,0,0.008830244,0
41802,1,1,1.0,1
41803,0,0,0.28806815,1
41804,1,1,0.9999951,1
41805,1,1,0.9999975,1
41806,1,1,0.8959786,1
41807,1,0,0.134719,0
41808,0,0,0.07510853,1
41809,1,1,0.99999774,1
41810,0,1,0.9280184,0
41811,0,0,0.22465022,1
41812,1,1,0.99970055,1
41813,1,1,0.38424763,1
41814,1,1,1.0,1
41815,1,1,0.5966682,1
41816,0,0,0.059155874,1
41817,1,1,0.99915075,1
41818,1,1,0.8830344,1
41819,0,1,0.9999788,0
41820,1,1,0.9999981,1
41821,1,0,0.04560694,0
41822,1,0,0.0842664,0
41823,0,0,0.082475364,1
41824,1,1,0.4726835,1
41825,1,1,0.9999907,1
41826,1,1,0.99999976,1
41827,1,1,1.0,1
41828,1,0,0.052230857,0
41829,0,0,0.34334174,1
41830,1,1,0.9683214,1
41831,1,1,0.8272706,1
41832,0,1,0.3757637,0
41833,1,0,0.161717,0
41834,0,1,0.4497249,0
41835,0,1,0.5673374,0
41836,1,1,0.99999905,1
41837,1,0,0.011846234,0
41838,0,0,0.05608106,1
41839,1,1,0.9914225,1
41840,1,1,1.0,1
41841,1,1,0.9980045,1
41842,0,1,0.9857729,0
41843,0,0,0.057652235,1
41844,1,1,0.99031025,1
41845,1,1,0.99999905,1
41846,1,0,0.18728127,0
41847,1,1,0.99825555,1
41848,1,1,0.99459416,1
41849,1,1,0.99999976,1
41850,0,1,0.9977393,0
41851,1,1,0.9999654,1
41852,0,0,0.067485206,1
41853,0,1,0.9999858,0
41854,1,1,0.8118999,1
41855,0,1,0.9877351,0
41856,1,1,0.74447066,1
41857,1,1,0.99783844,1
41858,0,0,0.15259965,1
41859,1,1,0.99533635,1
41860,1,1,0.96411926,1
41861,1,0,0.23039988,0
41862,1,1,0.5706305,1
41863,0,1,0.9369228,0
41864,0,0,0.09756222,1
41865,1,1,0.99995387,1
41866,0,0,0.24844302,1
41867,0,1,0.4725922,0
41868,1,0,0.019032659,0
41869,0,1,0.9997209,0
41870,1,1,0.99974436,1
41871,1,1,0.924347,1
41872,1,1,1.0,1
41873,0,0,0.14669742,1
41874,1,1,1.0,1
41875,0,1,0.9992778,0
41876,0,1,0.99996436,0
41877,1,1,0.9487276,1
41878,0,0,0.06142404,1
41879,1,0,0.17617498,0
41880,1,0,0.2220247,0
41881,1,0,0.105948284,0
41882,1,1,0.9931229,1
41883,0,1,0.8601343,0
41884,0,1,0.89228123,0
41885,1,1,0.9999982,1
41886,1,1,0.99990904,1
41887,1,1,1.0,1
41888,1,1,0.98720354,1
41889,0,0,0.17119972,1
41890,0,0,0.086632065,1
41891,0,1,0.9997154,0
41892,1,0,0.111821815,0
41893,0,0,0.10800066,1
41894,0,1,0.9991721,0
41895,0,0,0.03330537,1
41896,1,1,0.51586384,1
41897,0,1,0.98951083,0
41898,1,0,0.12678519,0
41899,1,1,0.99992037,1
41900,1,1,0.87883514,1
41901,1,0,0.15980656,0
41902,0,0,0.2542774,1
41903,0,0,0.0726367,1
41904,0,0,0.17196317,1
41905,0,1,0.9999001,0
41906,1,1,1.0,1
41907,0,0,0.04858621,1
41908,1,1,0.9848401,1
41909,1,1,1.0,1
41910,1,1,0.9998809,1
41911,1,1,1.0,1
41912,0,1,0.69206995,0
41913,0,0,0.003976228,1
41914,1,1,0.9999981,1
41915,1,0,0.22789864,0
41916,0,0,0.06614567,1
41917,1,1,0.99495924,1
41918,0,0,0.080069266,1
41919,1,1,0.9999999,1
41920,0,0,0.05899303,1
41921,0,0,0.009783876,1
41922,0,1,0.9967963,0
41923,0,1,0.9999094,0
41924,1,1,0.98739934,1
41925,0,1,0.60964036,0
41926,1,0,0.013222823,0
41927,0,1,0.9765577,0
41928,0,1,0.99941504,0
41929,0,0,0.12689333,1
41930,0,1,0.62314755,0
41931,1,1,1.0,1
41932,0,0,0.0649494,1
41933,0,1,0.99925333,0
41934,1,1,0.92007446,1
41935,0,0,0.04065485,1
41936,1,1,0.8513358,1
41937,0,0,0.33761287,1
41938,0,1,0.9999958,0
41939,0,1,0.973519,0
41940,1,1,1.0,1
41941,1,0,0.10530251,0
41942,0,1,0.99946946,0
41943,1,1,0.9999039,1
41944,1,1,0.9810765,1
41945,0,0,0.11471518,1
41946,1,1,1.0,1
41947,0,1,1.0,0
41948,0,1,0.99735296,0
41949,0,0,0.024492992,1
41950,0,1,0.59036595,0
41951,0,1,0.9999981,0
41952,1,1,0.9329437,1
41953,0,1,0.99999714,0
41954,0,1,0.4702196,0
41955,1,0,0.32541338,0
41956,0,1,0.98588216,0
41957,0,1,0.9986249,0
41958,0,1,0.49972534,0
41959,1,1,0.9535786,1
41960,1,1,0.99983,1
41961,0,0,0.10356715,1
41962,0,1,0.9026096,0
41963,1,1,0.93913656,1
41964,0,1,0.3644382,0
41965,1,1,1.0,1
41966,0,0,0.25441635,1
41967,1,1,0.995523,1
41968,1,1,1.0,1
41969,1,1,0.99632144,1
41970,0,0,0.13415082,1
41971,1,1,0.9999999,1
41972,0,0,0.17610413,1
41973,1,1,0.9989818,1
41974,0,1,0.99999905,0
41975,1,0,1.5903378e-06,0
41976,0,1,0.9992549,0
41977,0,0,0.20825943,1
41978,1,1,0.6323325,1
41979,1,1,0.9394706,1
41980,1,0,0.027822025,0
41981,0,1,0.992597,0
41982,1,1,0.99993265,1
41983,0,0,0.020586777,1
41984,1,1,0.41235268,1
41985,0,0,0.06693421,1
41986,1,1,1.0,1
41987,1,1,1.0,1
41988,0,0,0.17902763,1
41989,0,1,0.9656736,0
41990,1,0,0.057334732,0
41991,1,1,0.9448422,1
41992,0,1,0.39934304,0
41993,0,1,0.9999995,0
41994,0,0,0.023264103,1
41995,0,0,0.14063105,1
41996,0,0,0.07843036,1
41997,1,1,0.99849,1
41998,0,1,0.93439513,0
41999,1,1,0.49588022,1
42000,1,1,1.0,1
42001,0,0,0.02784845,1
42002,0,0,0.3014649,1
42003,0,0,0.3271307,1
42004,0,0,0.1375904,1
42005,0,1,0.9999651,0
42006,0,0,0.26654816,1
42007,0,1,0.9999994,0
42008,1,0,0.008677717,0
42009,0,0,0.11269772,1
42010,0,0,0.031588882,1
42011,1,1,1.0,1
42012,1,1,0.9744105,1
42013,0,1,0.9999994,0
42014,1,1,0.71606976,1
42015,0,1,0.82104415,0
42016,0,1,0.54988235,0
42017,1,0,0.037361998,0
42018,1,1,0.9999994,1
42019,1,0,0.1752556,0
42020,1,1,0.6487445,1
42021,1,0,0.07323097,0
42022,0,1,0.59678566,0
42023,0,0,0.23713401,1
42024,1,0,0.032558974,0
42025,0,0,0.04084572,1
42026,0,1,0.75541157,0
42027,0,0,0.12326005,1
42028,0,0,0.0047092056,1
42029,0,1,0.7010484,0
42030,0,0,0.03289904,1
42031,1,1,0.9875444,1
42032,1,0,0.008156249,0
42033,1,1,0.9999981,1
42034,1,1,0.99997663,1
42035,1,1,0.9999995,1
42036,1,1,1.0,1
42037,0,0,0.30574915,1
42038,1,1,0.9987232,1
42039,0,0,0.08381536,1
42040,1,1,0.7330221,1
42041,1,0,0.043854564,0
42042,1,1,0.6219428,1
42043,1,1,0.9890976,1
42044,0,1,0.9497627,0
42045,0,0,0.2263558,1
42046,0,1,0.4267396,0
42047,1,1,0.840259,1
42048,1,1,0.9999808,1
42049,1,1,0.9999995,1
42050,1,1,0.999987,1
42051,0,0,0.039490405,1
42052,1,1,0.9999994,1
42053,1,1,0.9999194,1
42054,1,0,0.004564981,0
42055,1,1,0.99998474,1
42056,1,1,0.9842609,1
42057,1,1,0.9997731,1
42058,0,0,0.21190566,1
42059,1,1,1.0,1
42060,0,1,0.9999852,0
42061,0,0,0.025613915,1
42062,1,1,0.9323918,1
42063,0,1,0.9987696,0
42064,0,1,0.99903214,0
42065,1,1,0.9926684,1
42066,1,1,0.82190347,1
42067,1,1,0.9999505,1
42068,0,1,0.99999833,0
42069,1,1,1.0,1
42070,1,1,0.94266534,1
42071,0,0,0.06797852,1
42072,0,0,0.3127372,1
42073,0,1,0.59508085,0
42074,1,1,0.9999989,1
42075,0,1,0.9642878,0
42076,0,1,0.5498219,0
42077,0,1,0.5165954,0
42078,0,0,0.23344414,1
42079,1,1,1.0,1
42080,0,0,0.20995522,1
42081,1,1,0.99995244,1
42082,0,1,0.99999917,0
42083,1,0,0.012673735,0
42084,1,1,1.0,1
42085,1,0,0.20370753,0
42086,0,0,0.0048016408,1
42087,1,1,1.0,1
42088,0,0,0.2949252,1
42089,1,1,0.904903,1
42090,0,0,0.02118586,1
42091,0,1,0.741674,0
42092,1,1,0.982971,1
42093,1,0,0.2644533,0
42094,1,1,0.9923934,1
42095,0,0,0.06471258,1
42096,0,1,0.9760608,0
42097,0,1,0.7176554,0
42098,1,1,0.992062,1
42099,1,1,0.4951784,1
42100,1,1,0.9997398,1
42101,1,0,0.024774551,0
42102,1,1,0.99993575,1
42103,0,0,0.07172112,1
42104,1,0,0.0021827165,0
42105,0,1,0.8008478,0
42106,1,1,1.0,1
42107,1,1,0.9999993,1
42108,1,1,0.9999994,1
42109,1,1,1.0,1
42110,1,1,1.0,1
42111,0,1,0.98279023,0
42112,0,0,0.1365508,1
42113,1,0,0.11716748,0
42114,0,0,0.046076808,1
42115,1,1,0.9352283,1
42116,1,1,0.9991358,1
42117,1,1,0.9999528,1
42118,1,1,0.7337858,1
42119,1,1,0.99036634,1
42120,1,1,0.99999607,1
42121,1,0,0.2844269,0
42122,1,1,0.9999833,1
42123,1,1,0.90632194,1
42124,1,1,0.989791,1
42125,0,0,0.19299525,1
42126,0,1,0.95253,0
42127,1,0,0.2168396,0
42128,0,1,0.9994012,0
42129,1,1,1.0,1
42130,1,1,0.99997294,1
42131,0,0,0.022521457,1
42132,1,1,0.99999833,1
42133,0,1,0.6522968,0
42134,1,1,0.99999666,1
42135,1,1,0.9891816,1
42136,0,0,0.01668906,1
42137,1,1,0.60882664,1
42138,1,1,0.99987566,1
42139,1,1,0.97601515,1
42140,1,1,0.9999993,1
42141,0,1,1.0,0
42142,1,1,0.9995963,1
42143,0,0,0.20055768,1
42144,0,0,0.073963374,1
42145,0,0,0.177027,1
42146,1,1,0.99991035,1
42147,1,1,0.86488205,1
42148,0,0,0.07237402,1
42149,0,0,0.083291925,1
42150,1,1,0.48569116,1
42151,0,1,0.9750835,0
42152,1,1,0.98873377,1
42153,0,1,0.99915075,0
42154,1,1,1.0,1
42155,0,0,0.08225394,1
42156,1,1,1.0,1
42157,0,0,0.33649457,1
42158,1,0,0.070495576,0
42159,1,1,1.0,1
42160,0,0,0.18594721,1
42161,1,1,0.7235049,1
42162,0,0,0.011961098,1
42163,0,0,0.06325052,1
42164,0,1,0.4153434,0
42165,0,0,0.12373573,1
42166,0,0,0.3416374,1
42167,0,0,0.032713126,1
42168,1,1,0.96858984,1
42169,0,0,0.3083985,1
42170,0,0,0.09057448,1
42171,1,1,1.0,1
42172,0,0,0.26750383,1
42173,1,1,1.0,1
42174,0,1,0.9458012,0
42175,0,1,0.99999654,0
42176,1,0,0.15190639,0
42177,0,1,0.48514232,0
42178,0,1,0.9228308,0
42179,1,1,0.9821854,1
42180,1,0,0.014447853,0
42181,1,1,0.9999913,1
42182,1,1,0.7657686,1
42183,0,0,0.037963696,1
42184,0,1,0.88483775,0
42185,1,1,0.99983966,1
42186,0,1,0.57773364,0
42187,0,0,0.30218512,1
42188,0,1,0.99996746,0
42189,0,0,0.14402843,1
42190,1,1,0.9872528,1
42191,1,1,1.0,1
42192,0,0,0.010071824,1
42193,0,0,0.013428254,1
42194,0,0,0.074365705,1
42195,0,1,0.99999344,0
42196,1,1,0.9253649,1
42197,1,1,0.9999863,1
42198,1,1,0.9999993,1
42199,0,1,0.9999726,0
42200,0,1,0.9998074,0
42201,1,0,0.061932698,0
42202,1,1,0.63221896,1
42203,1,1,0.39137688,1
42204,0,0,0.12619172,1
42205,1,1,1.0,1
42206,0,0,0.34356195,1
42207,0,0,0.21808594,1
42208,1,1,1.0,1
42209,1,1,0.9999995,1
42210,1,1,1.0,1
42211,0,1,0.950503,0
42212,0,1,0.41445437,0
42213,1,1,0.99509466,1
42214,1,1,0.99980587,1
42215,0,0,0.03882902,1
42216,1,1,0.7378199,1
42217,0,0,0.07751766,1
42218,1,1,0.9913054,1
42219,0,0,0.1727991,1
42220,0,1,0.9999877,0
42221,0,0,0.07356305,1
42222,1,1,0.9793738,1
42223,1,0,0.0025859368,0
42224,0,1,0.6702306,0
42225,0,0,0.2247353,1
42226,0,1,0.9799382,0
42227,0,1,0.3806438,0
42228,0,1,0.7483523,0
42229,0,0,0.16755892,1
42230,1,1,1.0,1
42231,1,1,0.9914556,1
42232,1,1,0.9995652,1
42233,0,0,0.07011259,1
42234,1,1,0.9987356,1
42235,1,1,0.9997677,1
42236,1,1,0.9999944,1
42237,0,1,1.0,0
42238,0,0,0.040807478,1
42239,1,1,0.9999522,1
42240,0,0,0.13764834,1
42241,1,1,1.0,1
42242,1,1,0.99999964,1
42243,1,1,0.9999548,1
42244,0,0,0.06841291,1
42245,0,0,0.055515114,1
42246,1,0,0.21329524,0
42247,0,0,0.13341522,1
42248,1,1,0.99999285,1
42249,1,0,0.11586064,0
42250,1,1,0.9952356,1
42251,0,1,0.60141796,0
42252,1,1,0.9999999,1
42253,1,0,0.17023194,0
42254,1,1,0.97682446,1
42255,1,1,1.0,1
42256,1,1,0.35678276,1
42257,0,1,0.8385476,0
42258,1,1,0.999949,1
42259,0,1,0.8171371,0
42260,1,0,0.1352892,0
42261,0,1,0.9914887,0
42262,0,0,0.13637818,1
42263,1,1,0.9998727,1
42264,0,1,0.9999715,0
42265,1,1,0.9998332,1
42266,0,1,0.9748452,0
42267,0,0,0.10017222,1
42268,1,1,0.99995124,1
42269,1,1,0.97691274,1
42270,1,1,1.0,1
42271,0,0,0.123841666,1
42272,1,1,0.99999845,1
42273,1,0,0.13678125,0
42274,0,0,0.06669065,1
42275,1,0,0.06278921,0
42276,0,0,0.021822825,1
42277,1,1,1.0,1
42278,1,1,1.0,1
42279,0,1,0.9302684,0
42280,0,0,0.09825224,1
42281,0,1,0.99909604,0
42282,0,1,0.4459216,0
42283,0,1,0.9988643,0
42284,0,0,0.088978484,1
42285,1,1,1.0,1
42286,1,1,0.79085356,1
42287,1,1,1.0,1
42288,0,0,0.1468197,1
42289,0,0,0.07211221,1
42290,0,1,0.86499614,0
42291,1,1,0.926769,1
42292,0,0,0.32912216,1
42293,1,1,0.9370381,1
42294,0,1,0.8866169,0
42295,1,1,0.99999964,1
42296,1,1,0.958187,1
42297,0,1,0.5349162,0
42298,1,0,0.050097767,0
42299,1,0,0.013558245,0
42300,0,1,0.9999926,0
42301,0,1,0.6214835,0
42302,0,1,0.5306014,0
42303,0,1,0.99999535,0
42304,1,1,0.992725,1
42305,1,0,0.058131598,0
42306,1,1,0.9999933,1
42307,1,1,1.0,1
42308,1,0,0.20307463,0
42309,0,0,0.07913913,1
42310,0,1,0.9354055,0
42311,1,0,0.3496993,0
42312,0,1,0.9550264,0
42313,1,1,0.9146726,1
42314,0,1,0.99544394,0
42315,0,0,0.120957024,1
42316,0,0,0.2817513,1
42317,0,0,0.1292378,1
42318,0,1,1.0,0
42319,1,0,0.014227045,0
42320,1,1,0.9999826,1
42321,1,1,1.0,1
42322,1,1,0.99999845,1
42323,0,1,0.5144003,0
42324,1,1,0.8726732,1
42325,1,1,1.0,1
42326,1,1,0.99936503,1
42327,1,0,0.01083937,0
42328,0,0,0.08850466,1
42329,1,0,0.19806418,0
42330,0,1,0.9994173,0
42331,1,1,1.0,1
42332,1,1,0.9829874,1
42333,0,0,0.2887696,1
42334,1,1,0.9729595,1
42335,1,1,1.0,1
42336,0,1,0.9670076,0
42337,1,1,1.0,1
42338,0,0,0.083965465,1
42339,1,1,0.9999776,1
42340,1,1,0.99997044,1
42341,0,0,0.15559098,1
42342,1,1,1.0,1
42343,0,1,0.99994195,0
42344,1,1,0.9997731,1
42345,1,1,0.9838472,1
42346,1,1,1.0,1
42347,1,0,0.26369417,0
42348,1,1,0.4845325,1
42349,0,1,0.3716496,0
42350,0,0,0.35092172,1
42351,1,1,0.9951984,1
42352,0,0,0.14330755,1
42353,1,1,0.9999993,1
42354,0,0,0.035880692,1
42355,1,1,0.99992096,1
42356,1,0,0.24382246,0
42357,0,0,0.1737784,1
42358,0,0,0.10447732,1
42359,1,0,0.045099564,0
42360,0,1,0.9877351,0
42361,0,1,0.99999917,0
42362,1,1,1.0,1
42363,0,0,0.27532452,1
42364,1,1,0.9999558,1
42365,1,1,0.99496907,1
42366,0,0,0.1752556,1
42367,1,1,1.0,1
42368,1,1,1.0,1
42369,1,1,1.0,1
42370,0,0,0.09679113,1
42371,1,1,1.0,1
42372,1,1,1.0,1
42373,0,0,0.20665379,1
42374,1,0,0.012821213,0
42375,1,1,0.9989454,1
42376,0,0,0.25618014,1
42377,1,1,1.0,1
42378,1,0,0.28012383,0
42379,1,1,0.9923044,1
42380,0,0,0.087954745,1
42381,1,1,0.9325147,1
42382,1,1,0.9591926,1
42383,1,1,0.9999999,1
42384,1,1,0.99999976,1
42385,0,0,0.01539492,1
42386,1,1,0.99984026,1
42387,1,0,0.17203271,0
42388,1,1,0.99903214,1
42389,0,1,0.99998605,0
42390,0,0,0.074030295,1
42391,1,0,0.05345272,0
42392,0,0,0.18447348,1
42393,1,1,0.6467392,1
42394,1,1,0.9996699,1
42395,1,1,0.9999994,1
42396,1,1,1.0,1
42397,1,0,0.21983956,0
42398,0,1,0.9539661,0
42399,0,1,0.57511085,0
42400,1,0,0.014842417,0
42401,0,1,0.9965301,0
42402,0,1,0.62503767,0
42403,0,1,0.7132818,0
42404,1,1,0.8878869,1
42405,1,1,0.59854686,1
42406,1,1,0.7776378,1
42407,0,1,0.66969085,0
42408,1,1,0.5357057,1
42409,1,0,0.19590156,0
42410,1,1,0.99959,1
42411,0,0,0.18359362,1
42412,0,0,0.09268777,1
42413,1,0,0.04268228,0
42414,0,0,0.20024472,1
42415,0,0,0.02798095,1
42416,1,1,0.91006696,1
42417,0,0,0.050190784,1
42418,1,1,0.92482364,1
42419,0,0,0.1524734,1
42420,0,0,0.0628467,1
42421,0,0,0.03182875,1
42422,0,1,0.9409528,0
42423,0,1,0.9695268,0
42424,1,1,0.50921524,1
42425,1,1,1.0,1
42426,1,1,1.0,1
42427,0,1,0.8308688,0
42428,1,1,0.9999689,1
42429,0,1,0.441974,0
42430,0,1,0.7255028,0
42431,1,0,0.060363002,0
42432,1,0,0.1292378,0
42433,1,1,0.9999914,1
42434,1,1,0.8535469,1
42435,1,1,1.0,1
42436,0,0,0.0794957,1
42437,1,0,0.016308766,0
42438,1,1,1.0,1
42439,0,1,1.0,0
42440,1,1,0.98475236,1
42441,1,1,0.9998191,1
42442,0,1,0.48669747,0
42443,0,1,1.0,0
42444,0,1,0.92338526,0
42445,0,0,0.092359796,1
42446,1,0,0.01524759,0
42447,1,1,1.0,1
42448,1,1,0.99997985,1
42449,0,0,0.32971537,1
42450,1,0,0.33936223,0
42451,0,1,0.977132,0
42452,1,1,0.9999496,1
42453,0,0,0.1765296,1
42454,1,1,1.0,1
42455,0,0,0.093760945,1
42456,1,1,0.99989724,1
42457,1,1,0.5186681,1
42458,0,0,0.16184944,1
42459,1,1,0.98844737,1
42460,0,1,1.0,0
42461,1,1,0.9158842,1
42462,1,0,0.1685146,0
42463,1,1,0.9997757,1
42464,0,0,0.03541073,1
42465,1,1,0.72691053,1
42466,0,1,0.5736187,0
42467,1,1,0.9999502,1
42468,0,0,0.044472914,1
42469,1,1,0.9962419,1
42470,0,0,0.02442309,1
42471,1,1,0.9999982,1
42472,1,1,1.0,1
42473,0,0,0.11357959,1
42474,1,0,0.026280278,0
42475,1,1,0.9999999,1
42476,1,0,0.20473911,0
42477,1,1,0.99998057,1
42478,1,1,0.9999988,1
42479,1,0,0.20737517,0
42480,0,0,0.2671213,1
42481,1,1,1.0,1
42482,0,0,0.04822634,1
42483,0,1,0.9958901,0
42484,1,1,0.9670388,1
42485,1,1,1.0,1
42486,1,1,0.9796871,1
42487,1,0,0.074567616,0
42488,1,1,1.0,1
42489,0,0,0.013848611,1
42490,1,0,0.14360754,0
42491,0,0,0.12863456,1
42492,0,1,0.99767226,0
42493,1,0,0.07921033,0
42494,1,1,0.99804294,1
42495,1,1,1.0,1
42496,0,0,0.08532742,1
42497,1,1,1.0,1
42498,0,1,0.9988708,0
42499,0,1,0.9766915,0
42500,0,0,0.30136207,1
42501,1,1,0.9995963,1
42502,0,1,0.9999994,0
42503,0,1,1.0,0
42504,0,0,0.08210661,1
42505,0,0,0.09568695,1
42506,0,1,0.64248854,0
42507,1,1,0.998884,1
42508,1,1,0.99972945,1
42509,1,0,0.007562568,0
42510,0,0,0.18765315,1
42511,1,1,0.9791158,1
42512,1,0,3.3344186e-05,0
42513,1,1,0.99933976,1
42514,0,0,0.0028727476,1
42515,1,1,0.6253809,1
42516,1,0,0.11726853,0
42517,1,1,0.9656736,1
42518,1,1,0.9994116,1
42519,1,1,0.9175246,1
42520,0,0,0.12442563,1
42521,1,1,0.99444515,1
42522,0,1,0.8718026,0
42523,0,1,0.90821165,0
42524,0,1,0.6307418,0
42525,1,1,0.99998236,1
42526,0,0,0.09186979,1
42527,1,1,0.9999591,1
42528,0,1,0.99961925,0
42529,0,0,0.18090117,1
42530,0,1,0.9995092,0
42531,1,1,0.9997017,1
42532,1,1,0.84606963,1
42533,0,0,0.119871,1
42534,0,1,0.6672019,0
42535,0,0,0.052086018,1
42536,1,0,0.02344229,0
42537,1,1,0.8580062,1
42538,0,0,0.23899394,1
42539,1,1,0.9993475,1
42540,1,0,0.20252202,0
42541,0,0,0.11992252,1
42542,1,1,0.99998987,1
42543,0,0,0.026683092,1
42544,0,1,0.77551985,0
42545,0,0,0.12683924,1
42546,1,1,0.8784186,1
42547,1,1,0.99712163,1
42548,1,0,0.104294725,0
42549,1,1,0.36037648,1
42550,0,1,0.47505733,0
42551,0,0,0.100436606,1
42552,1,1,0.9998523,1
42553,1,0,0.065545,0
42554,1,1,0.99999833,1
42555,1,1,0.7998335,1
42556,0,1,0.73989254,0
42557,0,1,0.9980696,0
42558,0,1,0.8855325,0
42559,0,1,0.8005361,0
42560,1,1,0.99999905,1
42561,1,1,0.8233284,1
42562,0,0,0.09041373,1
42563,0,0,0.05165378,1
42564,0,1,0.9999993,0
42565,0,1,0.9996338,0
42566,1,1,0.65329283,1
42567,0,0,0.11250255,1
42568,0,0,0.02693789,1
42569,1,1,1.0,1
42570,0,0,0.14223188,1
42571,1,1,0.9987576,1
42572,0,0,0.08277145,1
42573,0,0,0.24735057,1
42574,1,1,0.9999932,1
42575,0,0,0.002506575,1
42576,0,0,0.046464663,1
42577,0,0,0.15817434,1
42578,1,1,0.9999833,1
42579,0,0,0.06916357,1
42580,1,0,0.24981311,0
42581,1,1,0.3823432,1
42582,0,1,0.6438333,0
42583,0,1,0.54019624,0
42584,1,0,0.18476751,0
42585,1,1,0.9999316,1
42586,0,1,0.99529076,0
42587,0,0,0.23988315,1
42588,1,1,0.8293538,1
42589,1,1,0.90087914,1
42590,1,1,1.0,1
42591,1,1,0.9999937,1
42592,1,1,0.96602803,1
42593,0,0,0.0385747,1
42594,1,1,0.9995479,1
42595,0,0,0.0030873695,1
42596,0,1,0.99174845,0
42597,1,1,0.95976204,1
42598,0,0,0.10239443,1
42599,1,1,1.0,1
42600,0,0,0.2062538,1
42601,0,0,0.019568674,1
42602,0,1,0.82544905,0
42603,0,1,0.99909246,0
42604,1,1,0.99997807,1
42605,0,0,0.066751465,1
42606,0,1,0.6632874,0
42607,1,1,0.9999846,1
42608,1,1,0.9558166,1
42609,1,1,1.0,1
42610,1,0,0.036322463,0
42611,1,1,0.99999976,1
42612,0,0,0.03321117,1
42613,1,1,0.9999889,1
42614,0,0,0.15597628,1
42615,0,0,0.10866097,1
42616,1,1,0.7421415,1
42617,1,1,1.0,1
42618,0,0,0.20545557,1
42619,0,1,0.937783,0
42620,0,1,0.98498523,0
42621,0,0,0.018422542,1
42622,1,0,0.009898064,0
42623,0,1,0.9694979,0
42624,0,0,0.20024472,1
42625,0,0,0.033875983,1
42626,0,0,0.1552705,1
42627,0,1,0.99999714,0
42628,0,1,0.99999976,0
42629,1,1,0.97386926,1
42630,1,1,0.9994735,1
42631,0,1,0.9803562,0
42632,1,1,0.5189119,1
42633,1,1,0.9998067,1
42634,0,0,0.0818861,1
42635,1,0,0.28821838,0
42636,0,0,0.15437602,1
42637,1,0,0.049222115,0
42638,1,1,0.99999964,1
42639,0,0,0.3323646,1
42640,1,0,0.2084205,0
42641,0,0,0.25192368,1
42642,1,1,0.9999857,1
42643,0,0,0.0024391296,1
42644,1,1,0.99999845,1
42645,1,1,0.9999999,1
42646,1,1,0.98844737,1
42647,1,0,0.07578975,0
42648,0,0,0.11095189,1
42649,0,0,0.09409338,1
42650,1,1,0.98835784,1
42651,0,0,0.019179069,1
42652,0,1,0.9999989,0
42653,1,1,0.9999981,1
42654,1,1,0.9996587,1
42655,1,1,1.0,1
42656,0,0,0.056392044,1
42657,1,1,0.9875683,1
42658,0,0,0.13672362,1
42659,0,1,0.9999893,0
42660,0,1,0.5567611,0
42661,1,1,0.99951315,1
42662,1,1,0.9545204,1
42663,0,0,0.073098525,1
42664,0,1,0.86669767,0
42665,1,1,1.0,1
42666,0,1,0.5454673,0
42667,1,1,0.997783,1
42668,1,1,0.99924755,1
42669,1,1,0.9853279,1
42670,1,1,0.9999708,1
42671,1,1,0.99709344,1
42672,1,1,0.72521096,1
42673,0,1,0.8784186,0
42674,0,0,0.2751784,1
42675,1,1,0.9996692,1
42676,1,1,0.7653304,1
42677,1,0,0.14872593,0
42678,1,1,0.99996936,1
42679,1,1,0.9998977,1
42680,1,1,0.99996233,1
42681,1,1,0.9630224,1
42682,1,0,0.32993123,0
42683,1,1,0.4437812,1
42684,0,0,0.03317983,1
42685,1,1,1.0,1
42686,0,1,0.99974483,0
42687,1,1,0.9858004,1
42688,0,1,0.99993527,0
42689,1,0,0.12797923,0
42690,1,1,0.9999956,1
42691,1,1,0.9999969,1
42692,1,1,0.9999851,1
42693,1,1,0.99633574,1
42694,0,0,0.2906284,1
42695,1,1,0.36189735,1
42696,0,1,0.8190264,0
42697,0,0,0.34114337,1
42698,0,0,0.09973295,1
42699,1,1,0.62309027,1
42700,1,1,0.99999714,1
42701,1,1,1.0,1
42702,1,1,1.0,1
42703,0,1,0.9994173,0
42704,1,0,0.26104826,0
42705,0,0,0.014172365,1
42706,0,1,0.9999914,0
42707,1,1,0.99939644,1
42708,1,1,1.0,1
42709,1,0,0.010755925,0
42710,1,1,0.9999995,1
42711,1,1,0.99698395,1
42712,1,1,0.81960475,1
42713,1,0,0.2580454,0
42714,1,0,0.14175598,0
42715,0,0,0.20673384,1
42716,1,1,0.9995652,1
42717,1,1,0.9962999,1
42718,1,1,0.9994715,1
42719,1,1,0.99861693,1
42720,1,1,0.77814394,1
42721,1,0,8.092758e-05,0
42722,1,1,0.99564314,1
42723,0,0,0.24274376,1
42724,1,1,1.0,1
42725,0,1,0.99813974,0
42726,1,1,0.97803074,1
42727,1,1,0.59766656,1
42728,1,1,0.9999981,1
42729,1,1,0.3680649,1
42730,1,1,0.9999994,1
42731,0,1,0.99992776,0
42732,0,0,0.22000709,1
42733,0,0,0.0726367,1
42734,1,1,0.9746528,1
42735,0,0,0.1583695,1
42736,1,1,1.0,1
42737,0,0,0.34908882,1
42738,1,1,0.99999845,1
42739,1,1,1.0,1
42740,0,1,0.99999976,0
42741,0,1,0.99911517,0
42742,1,1,0.39108613,1
42743,1,1,0.41608465,1
42744,1,0,0.069541745,0
42745,1,0,0.10141131,0
42746,0,1,0.8156734,0
42747,0,0,0.016090875,1
42748,1,1,0.49337807,1
42749,0,1,0.5924898,0
42750,1,0,0.016721144,0
42751,1,0,0.15694293,0
42752,1,1,0.85633236,1
42753,1,1,0.99994326,1
42754,0,1,0.9998977,0
42755,1,0,0.22558717,0
42756,0,1,0.8030194,0
42757,0,1,0.99477994,0
42758,1,1,0.6343734,1
42759,0,1,0.94544977,0
42760,0,1,0.57540905,0
42761,1,0,0.015723988,0
42762,1,1,1.0,1
42763,1,1,0.6933173,1
42764,0,1,0.48425815,0
42765,0,1,0.9905143,0
42766,1,0,0.0894546,0
42767,1,1,1.0,1
42768,1,0,0.10956278,0
42769,0,1,0.7992073,0
42770,1,1,0.37193474,1
42771,1,1,0.9999975,1
42772,0,1,0.38073018,0
42773,0,0,0.19019702,1
42774,1,1,0.9991736,1
42775,1,1,0.4758793,1
42776,0,0,0.10613344,1
42777,0,1,0.4290406,0
42778,1,0,0.10753115,0
42779,1,1,0.9999995,1
42780,1,1,0.9978802,1
42781,1,1,0.8499712,1
42782,1,1,0.99999964,1
42783,1,1,1.0,1
42784,1,1,0.99403125,1
42785,0,0,0.09687654,1
42786,0,1,0.36721358,0
42787,0,1,0.99372226,0
42788,0,0,0.32161978,1
42789,0,1,0.9998752,0
42790,0,1,0.7329743,0
42791,0,1,0.8879841,0
42792,1,1,0.9989267,1
42793,0,1,0.99999046,0
42794,1,1,0.8943289,1
42795,1,1,0.9999999,1
42796,1,1,0.9985421,1
42797,1,1,0.99997497,1
42798,1,1,1.0,1
42799,0,0,0.065365784,1
42800,0,0,0.11037522,1
42801,0,0,0.16132024,1
42802,0,0,0.2188363,1
42803,1,1,0.6782737,1
42804,0,0,0.29528072,1
42805,1,0,0.08203305,0
42806,0,0,0.06742378,1
42807,1,1,0.9943691,1
42808,1,1,0.97877365,1
42809,0,1,0.852199,0
42810,0,0,0.024446366,1
42811,1,1,0.999998,1
42812,1,0,0.009394396,0
42813,0,0,0.21700546,1
42814,0,0,0.09492911,1
42815,0,0,0.049451128,1
42816,1,0,0.020964239,0
42817,1,0,0.03997477,0
42818,0,0,0.007968815,1
42819,0,1,0.5636782,0
42820,1,1,0.9984238,1
42821,1,1,0.9931629,1
42822,0,1,0.9999896,0
42823,1,1,0.999795,1
42824,1,0,0.31195062,0
42825,1,0,0.19946387,0
42826,1,1,0.99999917,1
42827,1,1,0.69259,1
42828,1,1,0.9704926,1
42829,0,1,0.7602504,0
42830,1,1,0.99776566,1
42831,1,1,1.0,1
42832,0,0,0.14004198,1
42833,1,0,0.0062899017,0
42834,1,0,0.23178807,0
42835,1,1,1.0,1
42836,0,0,0.26473835,1
42837,1,0,0.11506276,0
42838,0,1,0.96606,0
42839,1,1,0.38951752,1
42840,1,1,0.8529355,1
42841,1,1,0.9986356,1
42842,0,0,0.2193375,1
42843,0,0,0.076407686,1
42844,0,0,0.3058528,1
42845,1,1,0.37955084,1
42846,0,0,0.19582467,1
42847,0,0,0.050097767,1
42848,0,1,0.9999993,0
42849,1,1,0.93033177,1
42850,1,1,0.37903354,1
42851,0,0,0.29007506,1
42852,1,1,0.8704873,1
42853,1,0,0.29517913,0
42854,0,0,0.14384791,1
42855,1,1,0.99719906,1
42856,1,0,0.11889567,0
42857,1,0,0.17981844,0
42858,1,0,0.10158944,0
42859,1,1,0.99967813,1
42860,1,1,1.0,1
42861,0,1,0.3941135,0
42862,0,0,0.08464396,1
42863,1,1,0.6575934,1
42864,0,0,0.10176784,1
42865,1,1,1.0,1
42866,1,1,1.0,1
42867,1,1,0.82782817,1
42868,1,0,0.13963085,0
42869,0,0,0.012576347,1
42870,1,1,0.9999943,1
42871,0,1,0.9998952,0
42872,1,1,0.585516,1
42873,0,1,0.9999987,0
42874,0,1,0.6994084,0
42875,1,0,0.15241031,0
42876,0,0,0.07850098,1
42877,0,1,0.464355,0
42878,1,0,0.0038096302,0
42879,0,0,0.08166611,1
42880,0,0,0.0658447,1
42881,1,1,0.99988985,1
42882,0,1,0.95585793,0
42883,1,0,0.29350573,0
42884,0,1,0.92310846,0
42885,1,1,1.0,1
42886,1,0,0.21092878,0
42887,1,0,0.12776141,0
42888,0,1,0.7155731,0
42889,0,0,0.09113915,1
42890,1,0,0.019419348,0
42891,1,1,1.0,1
42892,1,1,1.0,1
42893,1,1,0.43749303,1
42894,1,0,0.2193375,0
42895,1,1,1.0,1
42896,1,1,0.9774355,1
42897,0,0,0.15127839,1
42898,1,1,0.99688244,1
42899,1,1,1.0,1
42900,1,1,0.96253246,1
42901,1,1,1.0,1
42902,0,0,0.09426001,1
42903,1,1,0.9999987,1
42904,1,1,0.6820975,1
42905,0,1,0.89312315,0
42906,0,0,0.006823954,1
42907,0,1,0.9118885,0
42908,1,1,0.4186672,1
42909,1,1,1.0,1
42910,0,0,0.019700259,1
42911,0,1,0.47463116,0
42912,0,1,0.9603239,0
42913,0,1,0.9216402,0
42914,0,0,0.065604836,1
42915,1,1,0.99999917,1
42916,0,0,0.028409066,1
42917,0,0,0.14780103,1
42918,0,0,0.07850098,1
42919,1,1,0.5883571,1
42920,1,1,1.0,1
42921,0,1,0.9929472,0
42922,1,1,0.9860174,1
42923,1,1,0.5474641,1
42924,0,1,0.9791357,0
42925,0,0,0.009802816,1
42926,1,1,0.3710227,1
42927,0,1,0.99988496,0
42928,1,1,1.0,1
42929,1,1,0.8923751,1
42930,1,1,1.0,1
42931,1,0,0.094594024,0
42932,1,1,0.9983834,1
42933,0,0,0.2486254,1
42934,0,1,0.9160345,0
42935,1,1,1.0,1
42936,1,0,0.04405976,0
42937,0,0,0.2659758,1
42938,1,1,0.76480377,1
42939,1,1,0.9999999,1
42940,0,1,0.7434475,0
42941,1,1,0.98416984,1
42942,0,1,0.9814356,0
42943,1,1,0.98080254,1
42944,1,1,1.0,1
42945,1,1,0.9995122,1
42946,1,1,1.0,1
42947,1,0,0.13426429,0
42948,1,1,0.99760324,1
42949,1,1,0.9999417,1
42950,1,1,0.58894825,1
42951,1,1,0.852199,1
42952,1,1,0.9706043,1
42953,1,0,0.033589505,0
42954,1,1,0.9999989,1
42955,1,1,0.9996352,1
42956,1,1,0.87810534,1
42957,1,1,0.957794,1
42958,0,0,0.16324526,1
42959,1,0,0.18594721,0
42960,1,1,0.91565824,1
42961,1,0,0.07107367,0
42962,0,0,0.32718444,1
42963,1,1,0.99999976,1
42964,0,0,0.13517499,1
42965,1,1,0.9998247,1
42966,0,0,0.01925269,1
42967,1,1,0.9998511,1
42968,1,1,0.99991214,1
42969,0,1,0.65638304,0
42970,1,0,0.15361264,0
42971,0,0,0.056132775,1
42972,0,0,0.04324442,1
42973,1,1,0.9936733,1
42974,1,1,1.0,1
42975,0,1,0.99219924,0
42976,1,0,0.034979645,0
42977,1,1,0.9999101,1
42978,1,0,0.023870833,0
42979,0,0,0.100967236,1
42980,0,1,0.80147004,0
42981,1,1,0.99995184,1
42982,1,1,0.5718862,1
42983,1,1,0.8853344,1
42984,0,0,0.24589899,1
42985,1,1,1.0,1
42986,1,1,0.99987364,1
42987,1,0,0.103205055,0
42988,0,1,0.5432268,0
42989,1,0,0.118334144,0
42990,1,1,1.0,1
42991,1,1,0.99972194,1
42992,1,1,0.9978258,1
42993,1,1,0.9999993,1
42994,1,1,0.99999666,1
42995,1,1,0.99999976,1
42996,1,1,1.0,1
42997,1,1,0.99994075,1
42998,1,1,0.9995963,1
42999,1,0,0.29052773,0
43000,1,1,0.9678689,1
43001,1,1,1.0,1
43002,1,1,0.9999999,1
43003,0,0,0.23881637,1
43004,1,1,0.6829439,1
43005,0,0,0.01668906,1
43006,1,1,0.9955576,1
43007,1,1,0.3629127,1
43008,0,0,0.098772585,1
43009,1,1,0.7214489,1
43010,0,1,0.4225642,0
43011,0,1,0.9713746,0
43012,0,0,0.08093672,1
43013,1,0,0.072243005,0
43014,1,1,0.95443547,1
43015,0,0,0.100348406,1
43016,0,0,0.05749328,1
43017,1,0,0.051367506,0
43018,1,1,0.9999999,1
43019,0,0,0.022955457,1
43020,0,1,0.9542227,0
43021,1,0,0.11004006,0
43022,1,1,0.7051763,1
43023,0,1,0.39802617,0
43024,1,1,0.99999034,1
43025,1,1,0.9999696,1
43026,0,0,0.14737104,1
43027,1,1,1.0,1
43028,1,1,0.55682135,1
43029,1,0,7.736671e-06,0
43030,0,1,0.9819619,0
43031,0,1,0.41837013,0
43032,1,1,0.99999547,1
43033,0,1,0.7106785,0
43034,1,1,0.98947024,1
43035,0,1,0.999979,0
43036,0,0,0.122575715,1
43037,1,1,0.99991035,1
43038,1,1,0.9690618,1
43039,0,0,0.09696201,1
43040,0,1,0.9999654,0
43041,1,1,0.99769044,1
43042,0,0,0.025395468,1
43043,1,1,1.0,1
43044,0,1,1.0,0
43045,1,1,0.99993765,1
43046,0,0,0.3150507,1
43047,1,1,0.99828595,1
43048,1,1,0.99937856,1
43049,1,1,0.9998267,1
43050,0,1,0.9999958,0
43051,0,0,0.2205942,1
43052,0,0,0.11521199,1
43053,1,1,0.97555363,1
43054,0,1,0.8842393,0
43055,1,1,0.75328517,1
43056,0,0,0.33917066,1
43057,0,1,1.0,0
43058,0,1,0.9985191,0
43059,1,1,0.99999976,1
43060,1,1,1.0,1
43061,1,1,0.9988575,1
43062,1,1,0.99999976,1
43063,1,0,0.111337796,0
43064,0,0,0.12033541,1
43065,0,1,0.9999809,0
43066,0,0,0.06711741,1
43067,1,1,0.9999633,1
43068,1,1,0.937726,1
43069,0,1,0.66077465,0
43070,1,0,0.084341794,0
43071,0,0,0.01757688,1
43072,1,1,0.6203342,1
43073,1,1,0.6267526,1
43074,0,0,0.17168525,1
43075,1,0,0.0062899017,0
43076,1,1,0.98892784,1
43077,1,1,0.99999964,1
43078,0,0,0.051749542,1
43079,0,0,0.29305032,1
43080,1,1,0.9777776,1
43081,1,0,0.014957087,0
43082,1,1,0.9998591,1
43083,0,1,0.36449477,0
43084,0,1,0.81479084,0
43085,1,1,0.99398476,1
43086,1,1,0.9999491,1
43087,0,0,0.13100637,1
43088,1,1,0.99864095,1
43089,0,0,0.34903336,1
43090,1,0,0.21044159,0
43091,1,1,1.0,1
43092,1,1,0.85427785,1
43093,0,0,0.057018865,1
43094,1,1,1.0,1
43095,0,1,0.9827572,0
43096,1,1,1.0,1
43097,1,1,0.9463493,1
43098,0,0,0.068102375,1
43099,1,1,1.0,1
43100,0,0,0.16384642,1
43101,1,1,0.99958354,1
43102,1,1,0.99993813,1
43103,1,0,0.12989861,0
43104,0,1,0.9975986,0
43105,1,1,1.0,1
43106,1,0,0.1364357,0
43107,1,0,0.1470033,0
43108,0,1,0.37768415,0
43109,0,1,0.39650622,0
43110,0,0,0.16458358,1
43111,1,0,0.21791947,0
43112,1,1,0.99735296,1
43113,0,1,1.0,0
43114,0,1,0.9265035,0
43115,0,0,0.20946968,1
43116,0,1,0.7142794,0
43117,1,1,0.9228308,1
43118,0,0,0.21044159,1
43119,1,1,0.9240048,1
43120,1,1,0.73163426,1
43121,0,0,0.01798621,1
43122,1,1,0.999979,1
43123,1,0,0.00048217614,0
43124,1,0,0.021512313,0
43125,1,0,0.30326733,0
43126,0,0,0.060919292,1
43127,0,1,0.6585822,0
43128,1,0,0.018264279,0
43129,0,0,0.19261529,1
43130,0,1,0.8594279,0
43131,0,1,0.83237296,0
43132,1,1,0.99997926,1
43133,0,1,0.4633532,0
43134,1,1,0.9675945,1
43135,1,1,0.999997,1
43136,1,0,0.22000709,0
43137,0,0,0.091544405,1
43138,0,1,0.72056496,0
43139,1,1,0.9999598,1
43140,0,0,0.12090512,1
43141,0,1,0.9998981,0
43142,0,0,0.15642679,1
43143,1,1,0.9999999,1
43144,0,1,0.9411153,0
43145,1,1,1.0,1
43146,0,1,0.8636218,0
43147,0,1,0.63945466,0
43148,1,1,0.999936,1
43149,0,1,0.8967045,0
43150,1,0,0.24175783,0
43151,0,1,0.9043975,0
43152,1,1,0.99998415,1
43153,1,1,0.9999995,1
43154,1,1,0.9999939,1
43155,1,1,0.9900828,1
43156,0,0,0.23528405,1
43157,0,1,1.0,0
43158,0,1,0.54970104,0
43159,1,1,0.98617804,1
43160,0,1,0.6325595,0
43161,0,0,0.14294825,1
43162,1,1,0.98840266,1
43163,0,1,0.42012367,0
43164,1,1,0.92956835,1
43165,0,0,0.04344689,1
43166,1,1,0.9953544,1
43167,0,1,0.49890137,0
43168,1,1,0.9906238,1
43169,0,0,0.015723988,1
43170,1,1,1.0,1
43171,0,1,0.3763652,0
43172,0,0,0.009072807,1
43173,1,1,0.9999654,1
43174,1,1,0.43797374,1
43175,0,1,1.0,0
43176,1,1,0.7286035,1
43177,1,1,1.0,1
43178,1,1,1.0,1
43179,0,0,0.0070117945,1
43180,0,0,0.23144047,1
43181,0,1,0.4314644,0
43182,1,0,0.28746766,0
43183,1,1,0.52238494,1
43184,0,0,0.03767939,1
43185,1,1,0.99881446,1
43186,1,1,0.96432143,1
43187,1,1,0.9739189,1
43188,0,0,0.20347002,1
43189,1,1,0.99378294,1
43190,1,1,1.0,1
43191,0,0,0.17809658,1
43192,1,1,0.7453521,1
43193,0,0,0.33155248,1
43194,0,1,0.7132818,0
43195,0,0,0.0130707845,1
43196,0,1,0.99613816,0
43197,1,1,0.9988708,1
43198,1,1,0.72491896,1
43199,1,1,0.9999999,1
43200,1,1,0.9999808,1
43201,0,1,0.98056203,0
43202,0,0,0.16132024,1
43203,0,0,0.017543187,1
43204,1,0,0.10302444,0
43205,0,0,0.113383114,1
43206,1,1,0.48450205,1
43207,0,1,0.9888204,0
43208,0,1,0.9999993,0
43209,1,0,0.12814279,0
43210,1,1,0.9999865,1
43211,0,0,0.10087861,1
43212,1,1,0.8454327,1
43213,1,1,1.0,1
43214,0,0,0.02615562,1
43215,1,1,0.9820826,1
43216,0,0,0.20458016,1
43217,1,1,0.9988531,1
43218,1,1,0.89506495,1
43219,0,1,0.9999999,0
43220,1,0,0.06424133,0
43221,1,1,0.994146,1
43222,0,1,0.9996587,0
43223,1,1,0.9370381,1
43224,0,1,0.991891,0
43225,0,0,0.0763388,1
43226,1,0,0.15361264,0
43227,1,0,0.17781086,0
43228,0,0,0.10585582,1
43229,1,1,0.58136255,1
43230,1,1,0.99991655,1
43231,1,1,1.0,1
43232,1,1,0.999332,1
43233,1,1,1.0,1
43234,1,1,0.9999968,1
43235,0,1,0.9999802,0
43236,1,1,0.9999379,1
43237,0,0,0.029535338,1
43238,0,0,0.3453812,1
43239,1,0,0.3068385,0
43240,0,1,0.9969126,0
43241,1,1,0.9999968,1
43242,1,1,0.8149381,1
43243,0,1,0.9999994,0
43244,1,1,0.99971753,1
43245,0,1,0.83973396,0
43246,1,1,0.99956864,1
43247,0,1,0.9999924,0
43248,1,1,0.9999815,1
43249,1,1,0.9993773,1
43250,1,0,0.0017961492,0
43251,1,1,0.9729081,1
43252,1,1,0.9999999,1
43253,1,1,0.9996911,1
43254,0,0,0.2826415,1
43255,1,1,1.0,1
43256,0,0,0.2648334,1
43257,1,1,1.0,1
43258,1,1,0.99935,1
43259,1,1,0.81888175,1
43260,1,1,0.99999774,1
43261,1,1,0.9999467,1
43262,1,1,1.0,1
43263,1,1,0.9999932,1
43264,1,1,0.99956185,1
43265,1,0,0.16878845,0
43266,1,1,1.0,1
43267,1,1,0.99893504,1
43268,1,1,0.9999385,1
43269,1,1,0.9250271,1
43270,1,1,1.0,1
43271,1,1,0.9988121,1
43272,1,0,0.008187911,0
43273,0,0,0.06170614,1
43274,1,1,0.9999995,1
43275,0,1,0.72879654,0
43276,1,0,0.13223416,0
43277,0,0,0.15752526,1
43278,0,0,0.10785962,1
43279,0,0,0.3114792,1
43280,1,0,0.064594455,0
43281,0,1,0.99968493,0
43282,0,1,0.9984573,0
43283,0,1,0.82161736,0
43284,0,0,0.13061775,1
43285,1,0,0.084947094,0
43286,1,0,0.07004896,0
43287,1,1,0.95755655,1
43288,1,1,0.9997203,1
43289,0,0,0.16878845,1
43290,1,0,0.17189364,0
43291,0,0,0.07004896,1
43292,1,0,0.0030160663,0
43293,1,1,0.99999845,1
43294,1,0,0.010652511,0
43295,0,0,0.17363825,1
43296,0,1,0.99945897,0
43297,1,1,1.0,1
43298,0,1,0.44667572,0
43299,1,1,0.9147487,1
43300,1,1,0.9999989,1
43301,0,0,0.06255973,1
43302,0,0,0.11981949,1
43303,1,1,1.0,1
43304,1,0,0.049085185,0
43305,0,0,0.056184534,1
43306,0,0,0.16079244,1
43307,0,0,0.0047183693,1
43308,1,0,0.24113183,0
43309,1,1,0.9999367,1
43310,0,0,0.11636177,1
43311,0,1,0.9999982,0
43312,0,0,0.05340333,1
43313,0,1,0.9999993,0
43314,0,1,0.876423,0
43315,0,1,0.7751796,0
43316,1,0,0.335623,0
43317,0,0,0.15178062,1
43318,1,1,0.964822,1
43319,0,0,0.0090377545,1
43320,1,1,0.9935494,1
43321,1,1,0.9885804,1
43322,1,1,0.9999989,1
43323,0,0,0.033431362,1
43324,0,1,0.6399048,0
43325,1,1,0.99995387,1
43326,1,1,0.99975747,1
43327,0,1,1.0,0
43328,1,0,0.091220066,0
43329,0,1,0.38297763,0
43330,1,1,0.99997675,1
43331,1,1,0.69071555,1
43332,0,0,0.16518871,1
43333,1,1,0.9999999,1
43334,1,1,1.0,1
43335,1,1,0.9999982,1
43336,1,1,0.9997347,1
43337,0,0,0.08756384,1
43338,1,0,0.19269124,0
43339,0,1,0.9906238,0
43340,1,0,0.08532742,0
43341,1,1,1.0,1
43342,1,1,0.45647034,1
43343,0,0,0.11436852,1
43344,0,1,0.47484425,0
43345,0,1,0.9999509,0
43346,0,0,0.04169577,1
43347,0,1,0.5348555,0
43348,0,0,0.06342434,1
43349,0,1,0.9502266,0
43350,0,0,0.093181714,1
43351,1,0,0.23091978,0
43352,0,0,0.034197055,1
43353,1,1,0.57475287,1
43354,1,0,0.13724312,0
43355,0,0,0.058507007,1
43356,0,0,0.24880788,1
43357,1,0,0.004306305,0
43358,1,1,0.96995664,1
43359,1,0,0.011463797,0
43360,1,1,0.9998996,1
43361,1,0,0.04813677,0
43362,1,1,0.9896918,1
43363,0,0,0.10604083,1
43364,1,0,0.013121271,0
43365,1,1,0.45159855,1
43366,1,0,0.26530904,0
43367,1,1,1.0,1
43368,1,1,0.9994547,1
43369,1,1,0.5717666,1
43370,1,0,0.07152632,0
43371,1,1,0.9989309,1
43372,1,0,0.28897023,0
43373,1,1,0.99974185,1
43374,0,1,0.7929457,0
43375,1,1,0.9957684,1
43376,0,1,0.958654,0
43377,1,1,0.9161096,1
43378,0,0,0.19490358,1
43379,1,1,0.9988121,1
43380,1,1,0.99817204,1
43381,1,0,0.07068779,0
43382,0,0,0.069921836,1
43383,0,0,0.029844806,1
43384,1,1,0.90523857,1
43385,0,0,0.030357989,1
43386,1,1,0.9997316,1
43387,1,1,0.99608517,1
43388,0,1,0.9608783,0
43389,0,0,0.26521385,1
43390,0,0,0.2200909,1
43391,1,1,0.998784,1
43392,1,1,0.99996305,1
43393,0,0,0.06644793,1
43394,1,1,0.9999994,1
43395,0,1,0.7980295,0
43396,1,1,0.99190676,1
43397,0,0,0.055566337,1
43398,1,1,0.9999745,1
43399,1,1,0.57612467,1
43400,1,1,1.0,1
43401,0,0,0.064065434,1
43402,1,1,1.0,1
43403,0,0,0.053058814,1
43404,0,1,0.82318634,0
43405,0,0,0.0139557095,1
43406,0,1,0.99998903,0
43407,1,1,0.89010334,1
43408,1,1,0.99757034,1
43409,1,1,0.99962735,1
43410,1,1,0.9923341,1
43411,1,1,0.93071055,1
43412,1,0,0.036631368,0
43413,1,1,0.9988991,1
43414,1,0,0.06638737,0
43415,0,1,0.42399457,0
43416,1,1,0.9999249,1
43417,1,1,0.89533985,1
43418,0,1,0.40400767,0
43419,1,1,1.0,1
43420,1,1,0.9998766,1
43421,1,1,0.6947688,1
43422,1,1,0.99999535,1
43423,1,0,0.06941548,0
43424,1,1,0.82190347,1
43425,1,1,0.8609547,1
43426,1,1,0.99308276,1
43427,0,1,0.99962664,0
43428,1,1,0.9999919,1
43429,0,0,0.09653531,1
43430,1,1,0.96415305,1
43431,0,1,0.70937157,0
43432,1,1,0.99216896,1
43433,1,1,1.0,1
43434,1,1,0.9999988,1
43435,0,0,0.06430006,1
43436,0,1,1.0,0
43437,1,1,0.9437118,1
43438,1,1,0.9999987,1
43439,1,0,0.32348695,0
43440,1,1,0.99999905,1
43441,0,0,0.26736033,1
43442,1,1,0.7783125,1
43443,0,1,0.9646226,0
43444,1,0,0.2666436,0
43445,1,1,0.8620035,1
43446,0,1,0.88523525,0
43447,1,1,1.0,1
43448,0,1,0.5926666,0
43449,1,0,0.058938842,0
43450,1,1,0.9459513,1
43451,1,1,0.9999149,1
43452,1,1,0.8255897,1
43453,1,1,0.9983802,1
43454,1,1,0.99999607,1
43455,1,0,0.04556445,0
43456,0,1,0.5567611,0
43457,0,1,0.9940544,0
43458,1,0,0.0882686,0
43459,1,1,1.0,1
43460,1,0,0.08601587,0
43461,1,1,0.9999999,1
43462,0,1,1.0,0
43463,0,1,0.98314995,0
43464,1,1,0.9999975,1
43465,1,1,0.96864927,1
43466,0,1,0.9999944,0
43467,0,1,0.99980205,0
43468,1,1,1.0,1
43469,1,1,0.91543174,1
43470,1,1,0.9390807,1
43471,1,1,0.99999785,1
43472,0,1,0.99912554,0
43473,1,1,0.9957684,1
43474,1,0,0.20071429,0
43475,1,1,1.0,1
43476,0,1,0.4367722,0
43477,1,1,0.99999976,1
43478,1,1,0.99970514,1
43479,1,1,0.99936754,1
43480,0,0,0.19775413,1
43481,1,1,0.99371004,1
43482,0,0,0.120749526,1
43483,1,1,1.0,1
43484,0,0,0.3184851,1
43485,0,1,0.99394965,0
43486,0,1,0.9946878,0
43487,0,1,0.9246196,0
43488,0,1,0.46192688,0
43489,0,0,0.14866413,1
43490,0,0,0.03061778,1
43491,1,1,0.99014014,1
43492,1,0,0.06779314,0
43493,1,0,0.00028910325,0
43494,1,1,1.0,1
43495,1,1,0.9995054,1
43496,0,0,0.24131057,1
43497,0,0,0.13586143,1
43498,0,1,0.7890712,0
43499,1,0,0.07497297,0
43500,1,0,0.10079008,0
43501,1,1,0.99999475,1
43502,0,1,0.9875444,0
43503,0,0,0.21917033,1
43504,0,0,0.064653486,1
43505,1,1,0.4299977,1
43506,0,0,0.17349815,1
43507,1,1,0.9999865,1
43508,0,1,0.47673196,0
43509,1,1,0.99993694,1
43510,1,0,0.11516222,0
43511,1,1,0.7839885,1
43512,0,0,0.1647851,1
43513,1,1,1.0,1
43514,0,0,0.09868569,1
43515,1,1,0.99999976,1
43516,1,1,1.0,1
43517,0,1,1.0,0
43518,1,1,1.0,1
43519,0,0,0.2243952,1
43520,0,1,0.99564314,0
43521,1,1,0.9999027,1
43522,1,1,0.9999448,1
43523,0,1,0.99302894,0
43524,0,0,0.10762492,1
43525,1,0,0.3452984,0
43526,1,1,0.9429286,1
43527,0,1,0.99999475,0
43528,1,0,0.17023194,0
43529,1,1,1.0,1
43530,0,1,0.5256732,0
43531,0,1,0.8823265,0
43532,1,1,1.0,1
43533,0,1,0.46638986,0
43534,0,0,0.11747085,1
43535,0,0,0.018246775,1
43536,0,1,0.9992505,0
43537,0,1,0.98677725,0
43538,0,0,0.14092635,1
43539,0,1,0.37353298,0
43540,0,1,0.99999976,0
43541,1,0,0.3287449,0
43542,1,1,0.997358,1
43543,0,0,0.14069007,1
43544,1,1,0.99978,1
43545,0,1,0.9999522,0
43546,0,0,0.1286893,1
43547,1,1,1.0,1
43548,1,1,0.9999485,1
43549,0,0,0.24662407,1
43550,0,0,0.037892424,1
43551,1,1,1.0,1
43552,1,1,0.8951567,1
43553,1,1,1.0,1
43554,1,1,0.7977145,1
43555,1,1,0.9805248,1
43556,0,1,0.67399687,0
43557,0,1,0.94208187,0
43558,1,1,0.9978719,1
43559,0,1,0.9999914,0
43560,1,1,0.42360705,1
43561,1,1,0.9999999,1
43562,1,0,0.19322349,0
43563,1,0,0.13597612,0
43564,0,0,0.14432967,1
43565,1,1,0.9999995,1
43566,1,1,0.9941233,1
43567,0,0,0.008445628,1
43568,1,1,0.9999989,1
43569,1,1,0.9971328,1
43570,1,1,0.9979966,1
43571,1,1,0.8621197,1
43572,1,1,0.99991345,1
43573,0,1,0.8625833,0
43574,1,1,0.41338837,1
43575,1,0,0.053601146,0
43576,1,1,0.99995685,1
43577,0,0,0.12984344,1
43578,1,1,0.9366916,1
43579,1,1,0.9999994,1
43580,0,0,0.19728975,1
43581,1,1,0.94600123,1
43582,1,1,1.0,1
43583,1,1,0.9974837,1
43584,1,0,0.30907583,0
43585,0,1,0.91891783,0
43586,1,1,1.0,1
43587,0,0,0.09057448,1
43588,1,1,0.9761519,1
43589,0,1,0.38073018,0
43590,0,0,0.042364188,1
43591,1,1,0.99979585,1
43592,1,0,0.15146656,0
43593,1,0,0.050893724,0
43594,0,1,0.9999993,0
43595,0,1,0.41507664,0
43596,1,0,0.007246802,0
43597,1,1,0.5657787,1
43598,1,1,0.9999999,1
43599,1,1,0.99957365,1
43600,1,0,0.13061775,0
43601,1,1,0.9999999,1
43602,0,0,0.2434625,1
43603,1,1,0.9900058,1
43604,1,1,1.0,1
43605,1,1,0.9999933,1
43606,0,1,0.8625833,0
43607,1,1,0.9224824,1
43608,0,1,0.47615337,0
43609,0,0,0.020804489,1
43610,1,0,0.23014024,0
43611,0,1,0.52329856,0
43612,1,0,0.11576064,0
43613,0,1,0.9991573,0
43614,1,1,0.992062,1
43615,1,1,0.99228936,1
43616,0,1,0.71646667,0
43617,0,1,0.9975751,0
43618,1,1,0.9999844,1
43619,1,1,0.99993956,1
43620,1,1,0.9999989,1
43621,1,0,0.031768616,0
43622,1,1,0.9996959,1
43623,0,1,0.9765577,0
43624,1,1,0.9723885,1
43625,0,0,0.03117331,1
43626,1,1,0.82190347,1
43627,1,0,0.29746994,0
43628,1,0,0.031618766,0
43629,1,1,0.970771,1
43630,1,1,0.9841546,1
43631,0,1,0.9999752,0
43632,1,1,0.99956864,1
43633,1,1,1.0,1
43634,1,1,0.42703825,1
43635,0,1,0.63358027,0
43636,1,1,0.40336114,1
43637,1,1,1.0,1
43638,0,1,0.99917847,0
43639,1,0,0.019069158,0
43640,0,0,0.015573563,1
43641,1,0,0.028436033,0
43642,1,1,1.0,1
43643,1,0,0.0046545975,0
43644,0,0,0.274789,1
43645,1,1,0.99999845,1
43646,0,1,0.9999877,0
43647,0,1,0.3740473,0
43648,1,1,0.9999945,1
43649,1,1,0.60024697,1
43650,0,0,0.09252366,1
43651,1,0,0.23074637,0
43652,0,1,0.6190684,0
43653,0,0,0.14390808,1
43654,0,0,0.034979645,1
43655,0,0,0.1480472,1
43656,0,1,0.60492414,0
43657,0,1,0.8668104,0
43658,1,1,1.0,1
43659,0,1,0.99999094,0
43660,1,0,0.1124538,0
43661,1,1,0.9999913,1
43662,1,1,0.9999907,1
43663,1,1,1.0,1
43664,0,0,0.03594832,1
43665,1,1,1.0,1
43666,0,0,0.18053968,1
43667,0,1,1.0,0
43668,1,1,0.9826909,1
43669,0,1,0.9999999,0
43670,0,0,0.00044508645,1
43671,0,0,0.35036582,1
43672,1,1,0.9968945,1
43673,0,1,0.9999175,0
43674,1,1,0.99991286,1
43675,1,0,0.1390453,0
43676,0,1,0.4516288,0
43677,1,0,0.161717,0
43678,0,1,0.87321484,0
43679,1,1,0.99456257,1
43680,0,1,0.99999726,0
43681,1,1,0.9995443,1
43682,1,1,0.9999913,1
43683,1,1,1.0,1
43684,0,1,0.99916553,0
43685,1,0,0.075721376,0
43686,1,0,0.06435884,0
43687,1,1,0.8554893,1
43688,1,1,1.0,1
43689,0,0,0.086400524,1
43690,1,1,1.0,1
43691,0,1,0.9982248,0
43692,0,1,0.99533635,0
43693,0,1,0.9999294,0
43694,0,0,0.0066411127,1
43695,1,1,0.99999607,1
43696,0,0,0.34458128,1
43697,1,1,0.99889696,1
43698,1,1,0.9918121,1
43699,1,1,1.0,1
43700,0,0,0.09799298,1
43701,1,1,0.9997876,1
43702,0,0,0.0075041573,1
43703,0,1,0.74363375,0
43704,1,0,0.1705771,0
43705,0,1,0.89733595,0
43706,1,1,1.0,1
43707,1,1,1.0,1
43708,1,1,0.9987331,1
43709,1,1,1.0,1
43710,0,1,0.4146321,0
43711,0,1,0.6288064,0
43712,1,0,0.20882359,0
43713,0,1,0.9995054,0
43714,1,1,0.9221325,1
43715,1,1,0.9999603,1
43716,0,1,0.6517428,0
43717,1,1,0.54116637,1
43718,0,1,0.9993749,0
43719,0,1,0.94728357,0
43720,1,0,0.22533137,0
43721,1,0,0.024916517,0
43722,0,0,0.2797301,1
43723,1,0,0.23651622,0
43724,1,0,0.22034244,0
43725,0,1,0.9789755,0
43726,1,1,0.9999999,1
43727,1,0,0.07185127,0
43728,0,0,0.022889841,1
43729,1,0,0.0703677,0
43730,0,0,0.0245397,1
43731,1,0,0.3354053,0
43732,1,1,0.6206791,1
43733,1,1,0.99097973,1
43734,0,0,0.15418488,1
43735,0,0,0.21231367,1
43736,0,1,0.6402423,0
43737,1,1,1.0,1
43738,1,0,0.14773951,0
43739,0,0,0.29502678,1
43740,0,1,0.75833166,0
43741,0,0,0.014475689,1
43742,1,0,0.040883996,0
43743,1,1,0.9973786,1
43744,1,1,0.88612515,1
43745,1,1,0.9999076,1
43746,0,1,0.98521465,0
43747,0,0,0.09568695,1
43748,0,0,0.0111580305,1
43749,1,0,0.28982374,0
43750,1,1,1.0,1
43751,0,0,0.3485343,1
43752,1,1,1.0,1
43753,1,0,0.21419789,0
43754,1,1,1.0,1
43755,1,1,0.9999589,1
43756,1,1,0.99998796,1
43757,0,1,0.92007446,0
43758,1,1,0.9999958,1
43759,1,1,0.8537909,1
43760,0,1,0.72715276,0
43761,1,1,0.99504673,1
43762,1,1,0.99956185,1
43763,1,1,0.9999851,1
43764,1,1,0.9999962,1
43765,0,1,0.8050198,0
43766,0,0,0.13234626,1
43767,1,1,1.0,1
43768,1,0,0.027066177,0
43769,0,1,0.9993917,0
43770,0,1,0.99995697,0
43771,0,1,0.389982,0
43772,0,0,0.3293378,1
43773,1,1,0.98549646,1
43774,0,1,0.83999664,0
43775,1,1,0.99983263,1
43776,1,0,0.2115797,0
43777,0,0,0.27855107,1
43778,1,1,0.839931,1
43779,1,1,1.0,1
43780,0,0,0.18484107,1
43781,1,1,1.0,1
43782,1,0,0.076132484,0
43783,1,1,1.0,1
43784,1,0,0.1752556,0
43785,0,0,0.31552505,1
43786,0,0,0.11397346,1
43787,1,0,0.02317551,0
43788,0,0,0.28467542,1
43789,1,1,0.9998832,1
43790,1,0,0.30435172,0
43791,0,0,0.06530615,1
43792,0,0,0.037892424,1
43793,0,0,0.3438373,1
43794,1,0,0.09585608,0
43795,0,0,0.10370323,1
43796,0,1,0.35947657,0
43797,0,0,0.018815093,1
43798,0,1,0.9759235,0
43799,0,1,0.8193158,0
43800,1,0,0.2907794,0
43801,0,0,0.008677717,1
43802,1,1,0.66492116,1
43803,0,1,0.41848895,0
43804,1,1,0.993807,1
43805,1,1,0.99216896,1
43806,0,1,0.98609793,0
43807,1,1,0.98961186,1
43808,1,1,0.99999857,1
43809,0,0,0.04535258,1
43810,1,1,0.9193534,1
43811,0,0,0.03135076,1
43812,0,1,0.573141,0
43813,1,1,0.9642206,1
43814,1,1,1.0,1
43815,1,1,0.99700147,1
43816,0,1,0.9824905,0
43817,1,1,0.9999999,1
43818,1,1,0.90320885,1
43819,1,1,0.6439453,1
43820,0,1,0.8198933,0
43821,0,1,0.7876863,0
43822,1,1,0.99995303,1
43823,0,1,0.9999335,0
43824,0,1,0.95945925,0
43825,0,0,0.08694165,1
43826,1,0,0.05602938,0
43827,0,1,0.91398406,0
43828,1,1,0.9776072,1
43829,1,1,0.9999989,1
43830,1,1,0.99999714,1
43831,1,1,0.99923277,1
43832,1,0,0.055926174,0
43833,1,0,0.0018102109,0
43834,0,1,0.87386215,0
43835,1,0,0.13072868,0
43836,0,1,0.4571973,0
43837,1,1,0.98282325,1
43838,0,1,0.99971646,0
43839,1,1,0.9742639,1
43840,1,1,0.98569053,1
43841,1,1,0.9998809,1
43842,0,0,0.1534857,1
43843,0,1,0.9990638,0
43844,0,0,0.025908018,1
43845,0,0,0.029507361,1
43846,0,0,0.0595922,1
43847,0,1,0.5426209,0
43848,0,0,0.027040472,1
43849,1,1,0.99944824,1
43850,0,0,0.11961366,1
43851,1,1,0.9694112,1
43852,1,1,0.9999944,1
43853,0,0,0.090092994,1
43854,0,0,0.051319942,1
43855,0,0,0.13262686,1
43856,1,1,0.99854773,1
43857,0,0,0.17960249,1
43858,0,0,0.114072114,1
43859,1,1,0.5063473,1
43860,0,0,0.036493763,1
43861,0,0,0.18989639,1
43862,0,0,0.13117322,1
43863,1,1,0.9961606,1
43864,0,1,0.83815056,0
43865,1,1,1.0,1
43866,1,1,0.97957015,1
43867,1,1,0.95154905,1
43868,1,1,1.0,1
43869,0,1,0.9974039,0
43870,0,1,0.42721748,0
43871,1,0,0.08035747,0
43872,1,1,0.97175217,1
43873,0,0,0.22093019,1
43874,1,1,0.9251624,1
43875,1,1,0.78095496,1
43876,1,1,0.7278788,1
43877,0,0,0.021267017,1
43878,1,1,0.65638304,1
43879,0,1,0.7636601,0
43880,1,0,0.13122888,0
43881,0,1,0.3782294,0
43882,0,1,0.43551135,0
43883,1,1,0.77466863,1
43884,0,1,0.9994653,0
43885,0,0,0.28512308,1
43886,0,1,0.81242126,0
43887,1,1,0.9925827,1
43888,1,1,0.9999999,1
43889,1,1,0.9999974,1
43890,1,1,0.60678977,1
43891,1,1,0.9620719,1
43892,1,1,0.9999887,1
43893,0,0,0.08811155,1
43894,1,1,0.9997713,1
43895,0,0,0.05515777,1
43896,0,1,0.3570069,0
43897,1,1,0.8903896,1
43898,1,1,0.8433798,1
43899,1,1,0.6243508,1
43900,0,0,0.10311471,1
43901,0,1,0.9005298,0
43902,1,0,0.03274404,0
43903,1,0,0.0057974006,0
43904,1,1,0.99999905,1
43905,1,1,0.9999945,1
43906,1,0,0.24780536,0
43907,1,1,0.53266823,1
43908,1,1,0.9981324,1
43909,1,1,1.0,1
43910,1,1,0.9999974,1
43911,1,1,0.9999989,1
43912,1,0,0.064535476,0
43913,0,1,0.9987306,0
43914,1,1,0.9999788,1
43915,0,1,0.7864589,0
43916,0,1,0.9998894,0
43917,0,1,0.9998535,0
43918,1,1,1.0,1
43919,1,1,0.99993896,1
43920,0,1,0.9026096,0
43921,1,1,0.9999187,1
43922,1,1,0.9998517,1
43923,1,0,0.31679186,0
43924,1,0,0.10734387,0
43925,1,1,0.9999994,1
43926,1,1,1.0,1
43927,0,0,0.021553464,1
43928,1,0,0.24301313,0
43929,0,1,0.982031,0
43930,0,1,0.9657061,0
43931,1,1,0.9999987,1
43932,1,1,0.9990854,1
43933,1,1,0.56079394,1
43934,0,0,0.08961382,1
43935,0,0,0.14432967,1
43936,1,0,0.051605962,0
43937,0,0,0.023779985,1
43938,1,1,0.9656413,1
43939,0,0,0.1260303,1
43940,1,1,0.99632865,1
43941,1,1,0.98264104,1
43942,1,1,0.99240804,1
43943,1,0,0.20079263,0
43944,1,0,0.019345101,0
43945,0,0,0.1153614,1
43946,1,1,0.92905515,1
43947,1,1,0.9978002,1
43948,0,1,0.99974483,0
43949,1,1,1.0,1
43950,0,1,0.99998283,0
43951,0,0,0.12973315,1
43952,1,0,0.008061991,0
43953,1,1,1.0,1
43954,1,1,0.98803884,1
43955,0,0,0.0004364814,1
43956,1,1,0.9999505,1
43957,0,0,0.0770997,1
43958,1,0,0.086554825,0
43959,1,1,0.950457,1
43960,1,1,1.0,1
43961,1,0,0.028087387,0
43962,1,1,0.9972531,1
43963,0,1,0.9981541,0
43964,1,1,0.9999964,1
43965,1,1,0.99990726,1
43966,1,1,0.99995184,1
43967,1,1,0.4647801,1
43968,1,1,0.98187524,1
43969,0,1,0.99491006,0
43970,0,1,0.7415804,0
43971,0,1,0.89478946,0
43972,1,1,0.442245,1
43973,0,1,0.99827933,0
43974,1,1,0.41750893,1
43975,0,0,0.10622612,1
43976,1,1,0.9999738,1
43977,0,1,0.9989536,0
43978,0,0,0.029844806,1
43979,1,1,0.96580297,1
43980,0,1,0.8121234,0
43981,0,1,0.93385434,0
43982,1,0,0.24113183,0
43983,0,1,0.71388066,0
43984,1,0,0.07349652,0
43985,1,1,0.99999905,1
43986,1,1,0.7101763,1
43987,0,1,0.714379,0
43988,0,1,0.99992096,0
43989,0,0,0.07675298,1
43990,0,0,0.054499876,1
43991,0,0,0.020488555,1
43992,0,0,0.061875977,1
43993,0,0,0.116864756,1
43994,1,1,0.99880517,1
43995,0,0,0.13857834,1
43996,0,0,0.0726367,1
43997,1,1,0.43383157,1
43998,1,1,0.9976993,1
43999,0,0,0.0030160663,1
44000,0,1,0.9999994,0
44001,1,0,0.04103744,0
44002,0,0,0.09929539,1
44003,0,0,0.11436852,1
44004,0,0,0.20386599,1
44005,0,0,0.068537496,1
44006,1,0,0.18177101,0
44007,1,1,1.0,1
44008,1,0,0.09782047,0
44009,1,0,0.053601146,0
44010,1,1,1.0,1
44011,1,1,0.9999999,1
44012,1,1,0.7821637,1
44013,1,1,1.0,1
44014,0,1,0.93312675,0
44015,1,0,0.016183903,0
44016,1,1,0.9998293,1
44017,1,1,0.96028674,1
44018,0,1,0.9647556,0
44019,0,1,0.9994105,0
44020,0,1,0.9856353,0
44021,1,1,0.59649193,1
44022,0,1,0.9979691,0
44023,0,1,0.99720997,0
44024,1,1,0.54613304,1
44025,1,1,0.8342719,1
44026,1,1,0.99999964,1
44027,0,0,0.05802475,1
44028,1,1,0.9999795,1
44029,1,1,0.9957104,1
44030,0,0,0.29350573,1
44031,0,1,0.6276089,0
44032,1,1,0.82090056,1
44033,1,1,0.99989283,1
44034,0,1,0.99812514,0
44035,1,1,0.9976265,1
44036,0,0,0.1625129,1
44037,0,0,0.009358114,1
44038,1,0,0.039490405,0
44039,1,1,0.920218,1
44040,1,1,0.56115466,1
44041,1,0,0.22601396,0
44042,1,1,1.0,1
44043,1,1,0.99416876,1
44044,1,1,0.98862445,1
44045,1,0,0.030967517,0
44046,0,0,0.0070938617,1
44047,1,1,1.0,1
44048,0,1,0.99318933,0
44049,1,1,0.63176465,1
44050,0,1,0.79246426,0
44051,1,0,0.032528225,0
44052,0,0,0.16995622,1
44053,1,1,0.9932288,1
44054,1,1,0.4281736,1
44055,1,1,0.9011404,1
44056,1,0,0.044847906,0
44057,0,1,0.99529076,0
44058,1,0,0.10284408,0
44059,0,0,0.10650459,1
44060,1,1,0.9996898,1
44061,0,1,0.9811126,0
44062,1,1,0.9999999,1
44063,1,1,0.9985421,1
44064,0,1,0.38038486,0
44065,1,1,0.99987364,1
44066,1,1,1.0,1
44067,1,1,0.9985562,1
44068,0,1,0.6497453,0
44069,0,1,0.68757755,0
44070,1,1,0.9998247,1
44071,0,1,0.99525404,0
44072,1,0,0.035244327,0
44073,0,1,0.99985456,0
44074,0,0,0.033971995,1
44075,0,1,0.8951567,0
44076,0,1,0.81420064,0
44077,1,1,0.8597815,1
44078,1,1,0.99304235,1
44079,1,0,0.04488975,0
44080,0,0,0.09713317,1
44081,1,0,0.034391105,0
44082,0,1,0.9943141,0
44083,1,1,0.5268905,1
44084,1,1,0.99787605,1
44085,0,1,0.9984022,0
44086,1,1,0.7798252,1
44087,1,1,0.9871044,1
44088,0,1,0.9993462,0
44089,0,0,0.0066153933,1
44090,0,0,0.029788304,1
44091,1,1,0.44275695,1
44092,1,1,0.9998741,1
44093,0,1,0.8610715,0
44094,1,1,0.9999337,1
44095,1,1,0.9996087,1
44096,1,1,1.0,1
44097,0,1,0.5340658,0
44098,1,0,0.17314835,0
44099,0,1,1.0,0
44100,0,0,0.0054692742,1
44101,1,1,0.99898964,1
44102,1,1,1.0,1
44103,1,0,0.06418264,0
44104,1,1,0.9994418,1
44105,1,1,1.0,1
44106,0,0,0.24626137,1
44107,1,1,1.0,1
44108,1,0,0.32723817,0
44109,1,1,0.99999833,1
44110,1,1,0.84479356,1
44111,1,1,0.99856746,1
44112,1,0,0.12874407,0
44113,1,0,0.08014123,0
44114,0,1,0.42083755,0
44115,1,1,0.7740714,1
44116,0,0,0.24274376,1
44117,1,1,1.0,1
44118,1,1,1.0,1
44119,1,1,1.0,1
44120,1,1,1.0,1
44121,1,1,0.8775817,1
44122,0,1,0.5974318,0
44123,0,0,0.06080765,1
44124,1,0,0.2921912,0
44125,0,1,0.9979691,0
44126,1,1,0.99605453,1
44127,1,1,0.580352,1
44128,1,1,0.8711464,1
44129,0,1,0.9075583,0
44130,0,0,0.19049802,1
44131,0,0,0.1480472,1
44132,0,1,0.49407983,0
44133,0,1,0.99994147,0
44134,1,1,0.99999213,1
44135,0,1,0.999992,0
44136,0,1,0.6765665,0
44137,1,1,0.49868774,1
44138,0,0,0.029090757,1
44139,1,1,0.99983966,1
44140,1,1,1.0,1
44141,1,0,0.013402403,0
44142,0,0,0.11981949,1
44143,1,1,1.0,1
44144,1,1,0.56511873,1
44145,1,1,0.7902067,1
44146,0,1,0.9999851,0
44147,0,1,0.45774263,0
44148,0,0,0.2804193,1
44149,1,0,0.11636177,0
44150,0,1,0.99966264,0
44151,1,1,0.9986594,1
44152,0,0,0.08042967,1
44153,0,1,0.5286551,0
44154,0,1,0.99991715,0
44155,0,0,0.29497597,1
44156,0,0,0.107812636,1
44157,1,1,0.9999993,1
44158,0,1,0.726959,0
44159,0,1,0.8583628,0
44160,0,1,0.9503189,0
44161,1,1,1.0,1
44162,1,0,0.2804193,0
44163,0,0,0.019326586,1
44164,1,1,0.9999708,1
44165,0,1,0.5507282,0
44166,1,1,0.7759446,1
44167,1,1,0.9983802,1
44168,1,1,0.9997439,1
44169,0,1,0.36364692,0
44170,0,0,0.16586316,1
44171,1,1,0.81844676,1
44172,0,0,0.05094091,1
44173,0,0,0.10275402,1
44174,1,0,0.23139705,0
44175,1,1,0.99386686,1
44176,1,1,0.9888419,1
44177,1,1,0.99921453,1
44178,1,1,0.86373675,1
44179,1,0,0.017475989,0
44180,0,1,0.9981324,0
44181,0,1,0.95759624,0
44182,1,1,0.54219675,1
44183,1,0,0.16079244,0
44184,1,1,0.41356596,1
44185,0,0,0.020138742,1
44186,0,1,0.9807103,0
44187,0,0,0.018194366,1
44188,1,0,0.0548532,0
44189,0,0,0.20753576,1
44190,0,1,0.47323114,0
44191,1,0,0.040426936,0
44192,0,1,0.6356183,0
44193,0,0,0.0066540097,1
44194,1,1,0.9999187,1
44195,1,1,0.7385748,1
44196,1,1,1.0,1
44197,1,1,0.9991186,1
44198,1,1,0.9999682,1
44199,1,0,0.11235639,0
44200,0,0,0.32707694,1
44201,1,1,1.0,1
44202,1,0,0.19907434,0
44203,0,0,0.13223416,1
44204,1,1,0.9998671,1
44205,1,1,0.9652504,1
44206,0,1,0.3562227,0
44207,1,1,0.99637836,1
44208,0,0,0.33486128,1
44209,1,1,0.9983026,1
44210,0,0,0.023870833,1
44211,1,1,0.99998474,1
44212,1,0,0.0072890776,0
44213,1,0,0.11075938,0
44214,0,0,0.32939172,1
44215,1,1,0.99943405,1
44216,0,1,0.99751294,0
44217,0,1,0.9324533,0
44218,0,1,0.92043275,0
44219,1,1,0.9992206,1
44220,1,1,0.9999094,1
44221,1,1,1.0,1
44222,0,0,0.052037824,1
44223,0,1,0.69601,0
44224,1,1,0.9964134,1
44225,0,1,0.5134855,0
44226,1,1,0.99999845,1
44227,1,0,0.05033063,0
44228,1,1,0.99992096,1
44229,1,1,0.99989283,1
44230,1,1,0.7791538,1
44231,0,0,0.13546064,1
44232,1,0,0.21321328,0
44233,1,1,0.9999906,1
44234,0,1,0.99941957,0
44235,0,1,0.9999987,0
44236,0,1,0.6538456,0
44237,0,0,0.10706346,1
44238,0,1,0.5777932,0
44239,1,1,0.51318055,1
44240,1,0,0.02371207,0
44241,0,0,0.007190812,1
44242,0,1,0.9995035,0
44243,0,0,0.0830685,1
44244,0,1,0.37713912,0
44245,0,0,0.29573816,1
44246,1,1,0.99291986,1
44247,0,0,0.2894721,1
44248,0,0,0.1908748,1
44249,0,0,0.24967587,1
44250,1,1,0.6584724,1
44251,0,1,0.96329963,0
44252,0,0,0.16284543,1
44253,1,0,0.12857984,0
44254,0,1,0.9463493,0
44255,1,1,1.0,1
44256,0,0,0.020119479,1
44257,1,1,0.99165195,1
44258,0,0,0.11656275,1
44259,1,0,0.016882466,0
44260,1,0,0.06019705,0
44261,0,1,0.9449947,0
44262,1,0,0.021635992,0
44263,1,0,0.12474515,0
44264,1,1,0.92455155,1
44265,1,0,0.02265081,0
44266,0,1,0.85415626,0
44267,0,0,0.14402843,1
44268,1,1,1.0,1
44269,1,1,0.99998856,1
44270,0,1,0.5133635,0
44271,1,0,0.18690996,0
44272,0,1,0.7598942,0
44273,1,1,0.97671366,1
44274,0,0,0.0026626128,1
44275,1,1,0.9541374,1
44276,1,0,0.085479975,0
44277,1,1,0.97794676,1
44278,1,1,0.9422947,1
44279,0,1,1.0,0
44280,1,1,0.996557,1
44281,1,1,0.9973374,1
44282,1,0,0.028114056,0
44283,1,1,0.9999999,1
44284,0,0,0.03378023,1
44285,0,0,0.22219339,1
44286,0,1,1.0,0
44287,0,1,0.880797,0
44288,0,1,0.81508535,0
44289,1,1,0.8923751,1
44290,1,0,0.24725968,0
44291,1,0,0.13712755,0
44292,1,0,0.064535476,0
44293,1,1,1.0,1
44294,1,0,0.12352412,0
44295,0,0,0.28447658,1
44296,0,0,0.07369626,1
44297,1,1,0.999188,1
44298,1,1,0.9954261,1
44299,0,0,0.1309508,1
44300,1,1,0.9999802,1
44301,1,1,0.9940428,1
44302,1,1,0.9995703,1
44303,0,0,0.13409412,1
44304,1,1,0.7441919,1
44305,0,1,0.5777932,0
44306,1,1,0.9997086,1
44307,0,0,0.026708465,1
44308,1,0,0.33247292,0
44309,0,1,0.5145223,0
44310,0,1,0.97682446,0
44311,1,1,0.9999999,1
44312,1,1,0.99856466,1
44313,1,0,0.18227991,0
44314,0,0,0.26488096,1
44315,1,1,0.9978173,1
44316,1,1,0.9438154,1
44317,1,1,0.9999957,1
44318,1,1,0.9995703,1
44319,0,1,0.47715825,0
44320,1,1,1.0,1
44321,1,1,0.9219218,1
44322,0,0,0.06500874,1
44323,0,1,1.0,0
44324,0,0,0.20497774,1
44325,1,1,0.99956864,1
44326,1,0,0.13506088,0
44327,1,1,0.68040097,1
44328,1,1,0.9999676,1
44329,1,1,0.99999917,1
44330,0,0,0.33906126,1
44331,0,0,0.13078417,1
44332,0,0,0.04065485,1
44333,0,0,0.02475097,1
44334,1,1,0.9998697,1
44335,0,0,0.12231338,1
44336,0,0,0.034456022,1
44337,1,1,1.0,1
44338,1,1,0.99932146,1
44339,1,1,0.9986904,1
44340,0,1,0.37002617,0
44341,1,1,0.88769233,1
44342,0,0,0.116110966,1
44343,1,1,1.0,1
44344,1,1,0.77923787,1
44345,0,0,0.09509706,1
44346,0,1,0.9965233,0
44347,0,0,0.3424066,1
44348,1,1,0.9999994,1
44349,1,1,0.9097468,1
44350,0,1,0.6504117,0
44351,0,0,0.17272931,1
44352,1,1,0.7907728,1
44353,1,1,1.0,1
44354,1,1,0.5032348,1
44355,0,1,0.9999999,0
44356,1,1,0.9999962,1
44357,0,0,0.19375685,1
44358,0,1,0.39323938,0
44359,1,1,1.0,1
44360,1,1,0.94600123,1
44361,1,1,0.9989857,1
44362,0,0,0.05948283,1
44363,1,1,0.9935243,1
44364,1,1,0.99999964,1
44365,1,1,0.99999917,1
44366,0,0,0.06947859,1
44367,1,1,0.9996118,1
44368,0,0,0.02660711,1
44369,0,1,0.5205573,0
44370,1,1,0.99984825,1
44371,1,1,0.9987081,1
44372,0,0,0.07497297,1
44373,0,0,0.027927876,1
44374,1,1,0.9999615,1
44375,1,1,0.9570375,1
44376,1,1,0.9999962,1
44377,1,1,0.99987996,1
44378,1,0,0.05490385,0
44379,0,1,0.6130049,0
44380,1,1,1.0,1
44381,1,1,0.99999857,1
44382,1,1,0.9999641,1
44383,0,1,0.36404243,0
44384,1,1,1.0,1
44385,1,1,0.6468507,1
44386,1,1,0.9999138,1
44387,1,1,1.0,1
44388,1,1,0.99962735,1
44389,1,1,0.9992778,1
44390,1,1,0.5170222,1
44391,0,1,0.4864535,0
44392,0,0,0.18832397,1
44393,1,1,1.0,1
44394,0,0,0.28651848,1
44395,1,1,0.99978346,1
44396,0,0,0.23837286,1
44397,1,1,0.53497696,1
44398,1,1,0.99999285,1
44399,0,0,0.061875977,1
44400,1,1,0.9996437,1
44401,0,0,0.04308309,1
44402,0,0,0.03021459,1
44403,1,1,1.0,1
44404,1,1,0.9999956,1
44405,1,1,1.0,1
44406,1,1,0.99193794,1
44407,1,1,0.82290184,1
44408,0,0,0.18315491,1
44409,1,1,0.6992031,1
44410,1,1,0.9999541,1
44411,1,1,0.99101454,1
44412,1,1,0.99999595,1
44413,0,0,0.025083143,1
44414,1,0,0.09825224,0
44415,1,1,0.99999976,1
44416,0,1,0.88513595,0
44417,0,1,0.7773844,0
44418,0,0,0.31816727,1
44419,0,0,0.0060152626,1
44420,1,0,0.16885696,0
44421,0,1,0.5975492,0
44422,0,0,0.066206016,1
44423,1,1,0.99999714,1
44424,0,1,0.9999771,0
44425,1,1,0.63312674,1
44426,1,1,0.99925774,1
44427,1,1,0.9999572,1
44428,1,1,0.99957615,1
44429,0,1,0.95869267,0
44430,1,0,0.09195129,0
44431,0,1,0.82275945,0
44432,0,1,0.91565824,0
44433,1,1,0.7783125,1
44434,0,1,0.6993057,0
44435,0,0,0.13072868,1
44436,0,1,0.353484,0
44437,0,0,0.25210774,1
44438,1,0,0.0842664,0
44439,0,1,0.9999994,0
44440,0,0,0.2331821,1
44441,1,1,0.99997306,1
44442,0,1,0.99394965,0
44443,1,1,0.9999999,1
44444,0,0,0.27914017,1
44445,1,1,0.9898499,1
44446,1,1,0.43473125,1
44447,0,0,0.32375416,1
44448,1,0,0.26683462,0
44449,0,1,0.999666,0
44450,0,1,0.9999912,0
44451,0,0,0.06058495,1
44452,1,0,0.060418423,0
44453,1,1,0.999015,1
44454,1,1,0.99999857,1
44455,0,1,0.52372485,0
44456,1,0,0.31268474,0
44457,1,1,1.0,1
44458,1,1,0.5492175,1
44459,1,0,0.2660711,0
44460,1,1,1.0,1
44461,0,1,0.98672616,0
44462,0,0,0.098946586,1
44463,1,0,0.06348236,0
44464,1,0,0.09560247,0
44465,1,0,0.033242542,0
44466,0,0,0.05602938,1
44467,0,1,0.9999634,0
44468,1,1,1.0,1
44469,0,0,0.074567616,1
44470,0,1,0.99997497,0
44471,1,1,1.0,1
44472,0,0,0.23109324,1
44473,1,1,0.9596866,1
44474,0,1,0.5176318,0
44475,0,0,0.11476479,1
44476,1,1,0.39472583,1
44477,1,0,0.16762705,0
44478,0,0,0.14786254,1
44479,1,1,1.0,1
44480,0,1,0.9994611,0
44481,0,0,0.020081012,1
44482,1,1,1.0,1
44483,1,0,0.124213,0
44484,0,1,0.9123581,0
44485,0,0,0.068537496,1
44486,0,0,0.14457104,1
44487,0,0,0.06632688,1
44488,1,1,1.0,1
44489,1,1,0.9507779,1
44490,1,1,0.9999347,1
44491,1,1,0.4978638,1
44492,1,1,1.0,1
44493,1,0,0.1200772,0
44494,1,1,1.0,1
44495,0,1,0.9958741,0
44496,1,1,0.95606345,1
44497,1,1,1.0,1
44498,0,0,0.01925269,1
44499,0,1,0.994729,0
44500,0,0,0.13454832,1
44501,0,1,0.8882751,0
44502,1,1,1.0,1
44503,1,1,1.0,1
44504,1,1,0.9981863,1
44505,0,0,0.061875977,1
44506,1,1,0.9970131,1
44507,0,1,1.0,0
44508,1,1,0.515437,1
44509,0,1,0.99029154,0
44510,1,1,0.86431044,1
44511,1,1,0.73578405,1
44512,1,1,0.9997918,1
44513,0,0,0.039564554,1
44514,1,1,1.0,1
44515,0,0,0.20347002,1
44516,0,0,0.05948283,1
44517,1,0,0.054752033,0
44518,0,1,0.9472348,0
44519,0,1,0.56487876,0
44520,0,1,0.7113808,0
44521,1,1,1.0,1
44522,1,1,0.9997273,1
44523,0,1,0.81242126,0
44524,1,1,0.9999999,1
44525,0,1,0.94458723,0
44526,0,0,0.18061194,1
44527,1,1,1.0,1
44528,0,0,0.10284408,1
44529,1,1,0.9999999,1
44530,1,0,0.13974822,0
44531,1,1,0.44176328,1
44532,1,1,0.99968565,1
44533,0,1,0.9094255,0
44534,1,0,0.090735495,0
44535,1,1,0.99998343,1
44536,1,1,0.9981756,1
44537,1,1,0.98803884,1
44538,1,1,1.0,1
44539,1,1,0.99999857,1
44540,0,1,0.99991286,0
44541,1,0,0.05098815,0
44542,1,1,0.9999995,1
44543,1,0,0.19860761,0
44544,1,0,0.009072807,0
44545,1,1,1.0,1
44546,1,1,0.99990904,1
44547,0,0,0.12984344,1
44548,0,1,0.9659639,0
44549,0,1,0.6575934,0
44550,1,0,0.23686911,0
44551,0,1,0.6479653,0
44552,1,1,0.9999944,1
44553,1,1,1.0,1
44554,1,1,0.99965334,1
44555,0,1,0.3635904,0
44556,1,0,0.06047389,0
44557,1,1,0.9184071,1
44558,0,0,0.24104248,1
44559,0,1,0.9874721,0
44560,0,1,0.9459513,0
44561,0,0,0.108377546,1
44562,0,0,0.24454337,1
44563,0,1,0.7368742,0
44564,0,0,0.13986565,1
44565,1,1,0.9265035,1
44566,1,1,0.99509466,1
44567,0,0,0.2552508,1
44568,1,1,0.9070655,1
44569,0,1,0.6561627,0
44570,1,0,0.019985154,0
44571,1,1,0.9987625,1
44572,1,1,1.0,1
44573,0,1,0.9999864,0
44574,0,0,0.08181271,1
44575,0,0,0.24023944,1
44576,0,1,0.90523857,0
44577,1,0,0.011093566,0
44578,1,1,0.97254544,1
44579,1,1,0.99999845,1
44580,0,0,0.18476751,1
44581,1,1,0.99978846,1
44582,0,0,0.045819946,1
44583,0,1,0.97396845,0
44584,0,0,0.26736033,1
44585,0,1,0.9999999,0
44586,0,0,0.06973154,1
44587,1,0,0.052327625,0
44588,1,0,0.10105591,0
44589,0,0,0.101144664,1
44590,0,1,0.9314002,0
44591,1,0,0.07758752,0
44592,1,0,0.120438814,0
44593,1,1,0.80069196,1
44594,1,1,0.99782157,1
44595,1,1,0.9999999,1
44596,1,1,1.0,1
44597,0,1,0.38716888,0
44598,1,1,1.0,1
44599,1,1,0.99999917,1
44600,1,1,0.9999939,1
44601,1,1,0.99209267,1
44602,1,1,0.9753196,1
44603,1,1,1.0,1
44604,0,1,0.9774785,0
44605,1,1,1.0,1
44606,1,1,0.9995372,1
44607,0,1,0.88263035,0
44608,0,0,0.06941548,1
44609,1,0,0.06365676,0
44610,0,1,0.99613816,0
44611,1,1,1.0,1
44612,1,1,1.0,1
44613,1,1,0.99974877,1
44614,0,1,0.58041155,0
44615,0,0,0.033336822,1
44616,1,1,1.0,1
44617,1,1,1.0,1
44618,0,0,0.08108211,1
44619,0,0,0.19590156,1
44620,1,1,1.0,1
44621,0,1,0.8056322,0
44622,0,0,0.01756003,1
44623,1,1,0.98571813,1
44624,1,1,1.0,1
44625,1,0,0.042562727,0
44626,1,1,0.9999888,1
44627,0,0,0.19421494,1
44628,1,0,0.3450501,0
44629,0,1,0.47307906,0
44630,1,1,0.7914184,1
44631,1,1,0.38329497,1
44632,0,1,0.967225,0
44633,1,0,0.08100938,0
44634,1,1,1.0,1
44635,1,0,0.010631946,0
44636,0,0,0.17300858,1
44637,0,1,0.9999243,0
44638,0,0,0.11114469,1
44639,1,1,0.9960083,1
44640,0,0,0.0689125,1
44641,1,1,0.81888175,1
44642,0,0,0.24598956,1
44643,0,0,0.1419343,1
44644,0,1,0.56559867,0
44645,0,1,0.81077874,0
44646,0,1,0.9205043,0
44647,1,0,0.15291561,0
44648,0,1,0.57021165,0
44649,1,1,0.9991573,1
44650,0,1,0.9999999,0
44651,0,0,0.05754622,1
44652,0,1,0.9982248,0
44653,0,0,0.09782047,1
44654,1,1,0.99998045,1
44655,0,0,0.091220066,1
44656,0,0,0.06985836,1
44657,1,1,0.9930962,1
44658,1,1,0.9455002,1
44659,0,1,0.96805066,0
44660,0,1,0.9960776,0
44661,1,1,0.999826,1
44662,1,0,0.08686416,0
44663,0,0,0.06847518,1
44664,0,1,0.820757,0
44665,0,0,0.03491378,1
44666,1,1,0.9997508,1
44667,1,1,0.99993074,1
44668,1,1,1.0,1
44669,1,0,0.2004794,0
44670,1,0,0.066751465,0
44671,0,1,0.9989225,0
44672,1,1,0.89256257,1
44673,1,1,0.999826,1
44674,1,1,0.99999976,1
44675,0,0,0.042009052,1
44676,1,0,0.17759682,0
44677,1,1,1.0,1
44678,0,1,0.89302987,0
44679,0,1,0.8611883,0
44680,0,0,0.1510278,1
44681,0,0,0.08203305,1
44682,1,0,0.18039528,0
44683,1,1,0.99996746,1
44684,0,0,0.2852724,1
44685,1,1,0.9119669,1
44686,1,1,0.9999999,1
44687,1,0,0.06136777,0
44688,0,0,0.021004366,1
44689,1,1,0.48986956,1
44690,1,1,1.0,1
44691,0,0,0.1476166,1
44692,0,0,0.21174264,1
44693,0,0,0.09645018,1
44694,0,1,0.8873999,0
44695,0,1,0.8806945,0
44696,0,0,0.06342434,1
44697,0,1,0.9999726,0
44698,0,0,0.1352892,1
44699,1,1,0.9999999,1
44700,0,1,0.98518616,0
44701,0,0,0.055566337,1
44702,0,1,0.999998,0
44703,1,1,0.83534926,1
44704,1,1,0.9999999,1
44705,1,1,0.99999917,1
44706,1,1,0.8321002,1
44707,0,0,0.089853115,1
44708,1,1,0.968111,1
44709,1,0,0.24963012,0
44710,0,1,1.0,0
44711,0,0,0.023962023,1
44712,1,0,0.08586245,0
44713,0,1,0.566858,0
44714,1,1,0.46663293,1
44715,1,1,1.0,1
44716,0,0,0.10493506,1
44717,1,0,0.13799648,0
44718,0,0,0.016152835,1
44719,1,0,0.10475175,0
44720,0,0,0.11843607,1
44721,1,1,1.0,1
44722,1,1,0.9999995,1
44723,1,1,0.42602307,1
44724,0,0,0.161717,1
44725,1,1,0.97803074,1
44726,0,1,0.99995375,0
44727,1,1,0.48328263,1
44728,1,0,0.23405632,0
44729,0,0,0.0034429806,1
44730,1,1,0.71967924,1
44731,1,1,0.90623903,1
44732,1,1,0.99943525,1
44733,0,0,0.25183168,1
44734,1,0,0.15323211,0
44735,0,0,0.040883996,1
44736,1,1,0.80271024,1
44737,1,1,0.7848967,1
44738,0,0,0.013532148,1
44739,0,0,0.03182875,1
44740,1,1,0.5512114,1
44741,1,1,0.99999905,1
44742,0,1,0.9907499,0
44743,0,0,0.3402659,1
44744,1,1,0.9713201,1
44745,0,1,0.99998295,0
44746,0,0,0.14438999,1
44747,1,0,0.15642679,0
44748,1,0,0.15495054,0
44749,1,1,1.0,1
44750,1,0,0.03007184,0
44751,1,0,0.031114377,0
44752,1,1,0.99999917,1
44753,0,0,0.11037522,1
44754,0,0,0.016817752,1
44755,1,1,0.99999917,1
44756,1,1,0.9998915,1
44757,1,1,0.9990854,1
44758,0,0,0.14780103,1
44759,0,0,0.032558974,1
44760,1,1,0.99998915,1
44761,1,1,0.9996493,1
44762,0,1,0.54359025,0
44763,1,1,0.9966299,1
44764,1,1,0.99968004,1
44765,1,1,0.44034895,1
44766,0,1,1.0,0
44767,1,1,0.9989454,1
44768,0,0,0.20315367,1
44769,0,1,0.4797779,0
44770,0,1,0.5401356,0
44771,1,1,0.9834863,1
44772,0,1,0.3710227,0
44773,0,0,0.06394842,1
44774,1,1,1.0,1
44775,0,1,0.9208609,0
44776,0,1,0.99785525,0
44777,0,1,0.9998517,0
44778,0,1,0.9979691,0
44779,0,0,0.055617616,1
44780,0,1,0.9796482,0
44781,1,1,0.7756048,1
44782,1,1,0.3988454,1
44783,1,0,0.18025091,0
44784,0,1,0.9433476,0
44785,1,0,0.034553625,0
44786,0,1,0.9250947,0
44787,0,0,0.087720014,1
44788,0,0,0.1728689,1
44789,0,0,0.07558479,1
44790,1,1,0.9999999,1
44791,0,0,0.083740406,1
44792,0,0,0.15694293,1
44793,0,1,0.9996252,0
44794,0,1,0.50097656,0
44795,0,1,0.445228,0
44796,0,0,0.070176296,1
44797,0,1,0.99999857,0
44798,0,1,0.9070655,0
44799,0,1,0.4430883,0
44800,0,0,0.17210227,1
44801,0,1,0.57224476,0
44802,1,0,0.06019705,0
44803,1,0,0.10715685,0
44804,1,1,0.99887305,1
44805,0,1,0.820757,0
44806,1,1,0.9683812,1
44807,1,1,0.9999685,1
44808,1,0,0.19360435,0
44809,1,1,0.8889517,1
44810,1,1,0.99999964,1
44811,1,0,0.23178807,0
44812,0,0,0.054752033,1
44813,0,1,0.3969737,0
44814,0,1,1.0,0
44815,1,1,0.99999964,1
44816,1,0,0.20497774,0
44817,1,1,0.8748277,1
44818,1,0,0.29528072,0
44819,0,1,0.9637117,0
44820,1,0,0.33241877,0
44821,0,0,0.074298516,1
44822,0,1,0.7069497,0
44823,1,1,0.9999999,1
44824,0,1,0.9982212,0
44825,1,0,0.0882686,0
44826,1,1,1.0,1
44827,0,0,0.13223416,1
44828,0,0,0.04455598,1
44829,1,1,0.99999917,1
44830,0,0,0.07626997,1
44831,0,0,0.30239108,1
44832,1,1,0.67033863,1
44833,1,0,0.2303133,0
44834,0,0,0.10809477,1
44835,1,1,0.94224155,1
44836,0,0,0.03825006,1
44837,1,1,0.99999905,1
44838,0,0,0.1666076,1
44839,1,1,0.9999856,1
44840,1,1,1.0,1
44841,0,0,0.10814185,1
44842,0,0,0.09920809,1
44843,1,1,0.8894329,1
44844,1,0,0.08035747,0
44845,1,1,0.99995935,1
44846,1,1,0.9999999,1
44847,0,0,0.15115306,1
44848,0,0,0.1365508,1
44849,0,0,0.034618836,1
44850,0,0,0.016246215,1
44851,0,1,0.72845864,0
44852,1,1,1.0,1
44853,0,1,0.40450743,0
44854,0,1,0.585279,0
44855,1,1,0.9999999,1
44856,0,0,0.27678826,1
44857,1,1,0.99671423,1
44858,0,0,0.11736965,1
44859,1,1,1.0,1
44860,1,1,0.9999995,1
44861,1,1,0.99083894,1
44862,0,0,0.0532062,1
44863,0,0,0.0773781,1
44864,1,1,0.9999994,1
44865,1,1,0.8688268,1
44866,1,0,0.17645861,0
44867,1,1,0.99979264,1
44868,1,0,0.29645056,0
44869,0,0,0.1346052,1
44870,0,1,0.71972847,0
44871,0,0,0.07689149,1
44872,1,1,0.9912209,1
44873,0,1,0.969985,0
44874,0,0,0.11476479,1
44875,0,0,0.06388999,1
44876,1,1,1.0,1
44877,1,1,0.9999974,1
44878,1,1,1.0,1
44879,0,1,0.9998191,0
44880,1,0,0.07270252,0
44881,0,1,0.6898805,0
44882,1,1,0.98192734,1
44883,1,0,0.075995214,0
44884,0,1,0.44317862,0
44885,1,1,0.99996877,1
44886,1,1,1.0,1
44887,1,0,0.2174206,0
44888,0,1,0.5861676,0
44889,1,1,0.9291196,1
44890,1,1,1.0,1
44891,0,1,0.9994128,0
44892,1,1,1.0,1
44893,1,1,1.0,1
44894,1,1,0.9999701,1
44895,1,1,0.7665559,1
44896,0,1,0.8292156,0
44897,1,1,0.9999827,1
44898,1,1,0.95643115,1
44899,0,0,0.21469142,1
44900,1,1,0.99999714,1
44901,0,0,0.062904246,1
44902,0,0,0.17398883,1
44903,0,0,0.24526574,1
44904,0,1,0.999841,0
44905,1,1,0.9998574,1
44906,1,1,0.9999995,1
44907,0,1,0.9998191,0
44908,1,1,0.9999999,1
44909,0,0,0.11828322,1
44910,0,0,0.24972162,1
44911,0,1,0.93463427,0
44912,1,1,0.985129,1
44913,0,1,0.5606737,0
44914,1,1,1.0,1
44915,1,1,0.99999976,1
44916,1,1,0.9984841,1
44917,0,1,0.99982053,0
44918,1,1,0.98501414,1
44919,0,0,0.17455095,1
44920,0,0,0.026205411,1
44921,1,1,1.0,1
44922,1,0,0.12431929,0
44923,0,1,0.9995859,0
44924,0,0,0.32971537,1
44925,1,1,0.99975365,1
44926,0,0,0.19368058,1
44927,1,1,0.9999912,1
44928,1,1,1.0,1
44929,0,1,0.91781974,0
44930,1,1,1.0,1
44931,1,1,1.0,1
44932,1,1,1.0,1
44933,0,0,0.31822026,1
44934,1,1,0.99986494,1
44935,1,0,0.2959416,0
44936,1,1,0.999666,1
44937,0,0,0.08203305,1
44938,1,1,0.9956937,1
44939,1,1,0.9549004,1
44940,0,1,0.6151456,0
44941,0,0,0.07146149,1
44942,0,1,0.906156,0
44943,1,1,0.9841241,1
44944,0,1,0.4437511,0
44945,1,0,0.2502709,0
44946,1,1,1.0,1
44947,0,1,0.99890554,0
44948,1,0,0.019160708,0
44949,1,1,0.9999654,1
44950,0,0,0.15980656,1
44951,1,1,0.99999976,1
44952,0,0,0.033684738,1
44953,1,1,0.41795433,1
44954,0,1,0.39823088,0
44955,0,1,0.99996877,0
44956,0,0,0.2055353,1
44957,0,1,0.93963695,0
44958,0,1,0.42318982,0
44959,0,1,0.5364647,0
44960,0,1,0.9994653,0
44961,1,1,0.64829934,1
44962,1,1,1.0,1
44963,0,1,0.9999988,0
44964,1,1,0.99996936,1
44965,1,1,0.9995851,1
44966,0,1,0.94891727,0
44967,0,0,0.19713515,1
44968,0,0,0.092196204,1
44969,1,0,0.22151904,0
44970,0,1,0.9119669,0
44971,1,1,0.9858004,1
44972,1,1,0.9999994,1
44973,1,1,0.9990601,1
44974,1,1,1.0,1
44975,1,1,1.0,1
44976,1,1,0.9900058,1
44977,0,0,0.017475989,1
44978,0,0,0.07689149,1
44979,1,1,0.9999057,1
44980,0,1,0.9999107,0
44981,1,1,0.9952632,1
44982,1,1,0.77141327,1
44983,0,0,0.08203305,1
44984,0,1,0.8895288,0
44985,0,0,0.20394525,1
44986,1,1,1.0,1
44987,1,1,0.9950177,1
44988,0,1,0.4425462,0
44989,0,0,0.11828322,1
44990,1,0,0.06626642,0
44991,0,1,0.99962366,0
44992,0,0,0.20577459,1
44993,1,1,0.9363432,1
44994,1,0,0.074500255,0
44995,0,0,0.023576804,1
44996,1,1,0.9999993,1
44997,0,1,0.99997795,0
44998,0,0,0.047030386,1
44999,1,0,0.059210252,0
45000,0,1,0.5086661,0
45001,0,1,0.95275027,0
45002,0,0,0.13117322,1
45003,1,1,0.88856554,1
45004,1,1,0.9193534,1
45005,1,1,1.0,1
45006,1,1,0.9986249,1
45007,1,1,0.4773105,1
45008,1,1,0.4457708,1
45009,1,1,0.78637683,1
45010,1,1,1.0,1
45011,0,1,0.67442584,0
45012,0,0,0.07531231,1
45013,0,0,0.05184547,1
45014,1,0,0.0045561143,0
45015,0,0,0.044472914,1
45016,1,1,0.9997749,1
45017,1,1,0.99966335,1
45018,1,0,0.0631349,0
45019,1,1,0.9999392,1
45020,1,1,1.0,1
45021,1,1,1.0,1
45022,0,0,0.03143985,1
45023,1,0,0.09342957,0
45024,0,0,0.10365786,1
45025,0,0,0.04001227,1
45026,1,1,0.999841,1
45027,1,1,1.0,1
45028,1,1,0.71963,1
45029,1,1,1.0,1
45030,1,1,0.648522,1
45031,0,0,0.22422528,1
45032,0,1,0.5539276,0
45033,1,0,0.12700155,0
45034,0,1,0.36099574,0
45035,1,0,0.24006127,0
45036,1,1,0.88543355,1
45037,1,0,0.22067817,0
45038,1,1,0.9662516,1
45039,1,1,0.99999964,1
45040,1,0,0.007232764,0
45041,0,1,0.9728308,0
45042,1,1,0.99994934,1
45043,1,0,0.068040416,0
45044,1,0,0.23370637,0
45045,0,0,0.2162597,1
45046,1,0,0.0023920657,0
45047,1,1,0.950503,1
45048,1,1,0.9999634,1
45049,1,1,0.9999988,1
45050,1,1,0.9917163,1
45051,1,0,0.16647205,0
45052,0,0,0.18169841,1
45053,0,1,0.9997284,0
45054,0,1,1.0,0
45055,1,1,0.6917577,1
45056,0,1,0.48636204,0
45057,0,0,0.1454792,1
45058,1,1,0.9999999,1
45059,0,0,0.24006127,1
45060,1,0,0.11075938,0
45061,1,1,0.92847365,1
45062,1,1,0.9994461,1
45063,0,1,0.6293191,0
45064,0,1,0.99179614,0
45065,0,0,0.13881163,1
45066,0,0,0.05823863,1
45067,1,1,0.9904591,1
45068,0,0,0.19528697,1
45069,1,1,0.53233397,1
45070,1,1,1.0,1
45071,1,1,1.0,1
45072,1,1,1.0,1
45073,0,0,0.086323485,1
45074,0,0,0.04455598,1
45075,0,0,0.0017856744,1
45076,0,0,0.042127114,1
45077,1,1,0.9003547,1
45078,0,0,0.0050211498,1
45079,0,1,0.7998335,0
45080,0,0,0.045225907,1
45081,1,1,0.9859634,1
45082,0,0,0.010130412,1
45083,0,1,0.39563027,0
45084,1,1,0.9611345,1
45085,1,0,0.061199225,0
45086,1,0,0.020884216,0
45087,1,1,0.99999654,1
45088,0,1,0.67869973,0
45089,0,1,0.6172243,0
45090,0,0,0.08889936,1
45091,1,1,0.36387292,1
45092,1,1,0.9817007,1
45093,1,1,0.999902,1
45094,1,1,1.0,1
45095,1,1,0.98835784,1
45096,0,0,0.31531414,1
45097,1,1,0.39306462,1
45098,1,0,0.00048123574,0
45099,0,1,0.9978594,0
45100,0,1,0.59372705,0
45101,1,1,0.9999728,1
45102,1,0,0.07250525,0
45103,1,1,0.35801628,1
45104,0,0,0.009430817,1
45105,0,0,0.16026603,1
45106,0,0,0.10856642,1
45107,1,1,0.9999995,1
45108,1,1,0.9272316,1
45109,0,0,0.009268014,1
45110,1,1,0.99999857,1
45111,0,1,0.853669,0
45112,1,1,0.95292586,1
45113,0,0,0.019014433,1
45114,1,1,0.99210805,1
45115,1,1,0.51080155,1
45116,1,1,0.6021786,1
45117,0,1,0.99955314,0
45118,1,1,0.9978002,1
45119,0,1,0.99155444,0
45120,0,1,0.6496342,0
45121,0,1,0.86025184,0
45122,1,0,0.0224785,0
45123,1,0,0.29017565,0
45124,0,1,0.5490362,0
45125,1,1,0.4146321,1
45126,0,1,0.75346667,0
45127,0,1,0.95814794,0
45128,1,1,1.0,1
45129,1,1,0.9803562,1
45130,0,1,0.9999999,0
45131,1,1,0.99998987,1
45132,1,0,0.291737,0
45133,0,1,0.78057885,0
45134,1,1,0.999979,1
45135,1,1,0.5003052,1
45136,0,0,0.108377546,1
45137,0,1,0.9674718,0
45138,1,0,0.06693421,0
45139,1,1,0.9999999,1
45140,0,1,0.7526495,0
45141,0,1,0.88393915,0
45142,0,0,0.3361676,1
45143,0,1,0.5015259,0
45144,0,1,0.99722075,0
45145,0,1,0.99991906,0
45146,1,1,0.9998074,1
45147,1,0,0.04518376,0
45148,0,1,0.7460465,0
45149,1,1,0.96411926,1
45150,1,1,0.9718593,1
45151,0,1,0.9994461,0
45152,1,0,0.013558245,0
45153,0,0,0.09268777,1
45154,1,1,0.9999716,1
45155,1,1,0.9981433,1
45156,1,1,0.99972516,1
45157,1,1,0.8095773,1
45158,1,1,0.9899476,1
45159,1,1,1.0,1
45160,0,0,0.07349652,1
45161,1,1,0.99998474,1
45162,1,1,0.9999515,1
45163,0,0,0.18765315,1
45164,1,1,0.99996614,1
45165,0,1,0.99999964,0
45166,0,0,0.29012534,1
45167,0,0,0.22507577,1
45168,0,1,0.9786107,0
45169,0,1,0.99656373,0
45170,1,1,0.9962999,1
45171,0,1,0.44028875,0
45172,0,0,0.23766439,1
45173,0,1,0.99971205,0
45174,1,1,0.9999856,1
45175,0,1,0.6171089,0
45176,1,1,0.503601,1
45177,0,0,0.05981148,1
45178,0,0,0.3494217,1
45179,1,1,0.7999117,1
45180,0,0,0.027428541,1
45181,0,1,0.99998975,0
45182,1,1,0.99999964,1
45183,1,0,0.12163357,0
45184,1,0,0.08670936,0
45185,0,0,0.13986565,1
45186,1,1,0.5415907,1
45187,0,1,0.69196594,0
45188,1,1,0.9015746,1
45189,0,0,0.10613344,1
45190,1,1,0.9853843,1
45191,0,1,0.48858842,0
45192,1,1,1.0,1
45193,1,0,0.1538032,0
45194,1,1,0.99999976,1
45195,0,1,0.9634375,0
45196,0,0,0.2881683,1
45197,0,1,0.8749346,0
45198,0,0,0.09146322,1
45199,1,1,0.81405276,1
45200,0,1,0.7395635,0
45201,1,1,1.0,1
45202,0,0,0.09687654,1
45203,0,1,0.98549646,0
45204,1,1,0.9185534,1
45205,0,0,0.27678826,1
45206,1,1,0.5606737,1
45207,1,1,0.961171,1
45208,1,1,0.37313312,1
45209,1,1,1.0,1
45210,1,1,0.828523,1
45211,0,1,0.6639413,0
45212,0,1,0.9994837,0
45213,1,1,0.9999968,1
45214,0,0,0.1098012,1
45215,1,1,1.0,1
45216,0,1,0.98677725,0
45217,1,1,1.0,1
45218,1,1,0.9655115,1
45219,1,1,0.9637117,1
45220,0,1,0.64360934,0
45221,1,1,1.0,1
45222,0,1,0.99053264,0
45223,0,1,0.9924374,0
45224,0,1,0.3759928,0
45225,0,1,0.9994461,0
45226,1,1,0.9906419,1
45227,0,1,0.9519973,0
45228,1,1,0.99759394,1
45229,1,1,1.0,1
45230,0,0,0.12331283,1
45231,0,0,0.21975583,1
45232,1,0,0.2659758,0
45233,0,1,0.9987381,0
45234,0,1,0.42447162,0
45235,1,1,0.9972531,1
45236,1,1,0.4337116,1
45237,1,1,1.0,1
45238,0,1,0.9411153,0
45239,0,0,0.2382842,1
45240,1,1,0.9999001,1
45241,0,0,0.01757688,1
45242,0,0,0.08969352,1
45243,0,1,0.63590103,0
45244,1,1,0.98302,1
45245,0,1,0.59678566,0
45246,1,1,1.0,1
45247,1,1,0.36017954,1
45248,0,1,0.8349459,0
45249,1,0,0.20032293,0
45250,1,1,0.8641959,1
45251,1,1,0.99952066,1
45252,1,1,1.0,1
45253,0,1,0.41182032,0
45254,1,1,0.9158842,1
45255,0,0,0.280173,1
45256,1,1,0.9999995,1
45257,0,1,0.9994673,0
45258,1,0,0.18690996,0
45259,0,0,0.053551625,1
45260,1,1,0.99784267,1
45261,1,1,0.9999889,1
45262,0,1,1.0,0
45263,1,1,0.99999774,1
45264,1,1,0.9999995,1
45265,1,1,0.9999906,1
45266,0,1,0.8352149,0
45267,1,1,0.7474317,1
45268,0,1,0.99688846,0
45269,1,1,0.9960776,1
45270,1,1,0.97175217,1
45271,0,1,0.4505709,0
45272,1,1,0.9999931,1
45273,1,1,0.9755304,1
45274,0,1,0.7286035,0
45275,0,1,0.8155265,0
45276,0,1,0.7248703,0
45277,1,0,0.22618484,0
45278,0,0,0.13106197,1
45279,1,1,0.99998355,1
45280,1,1,0.9999999,1
45281,1,0,0.25302953,0
45282,1,1,0.99948776,1
45283,1,1,0.9984238,1
45284,1,0,0.23440666,0
45285,1,1,0.97773504,1
45286,1,1,0.98552424,1
45287,1,1,0.9974241,1
45288,1,1,1.0,1
45289,1,1,0.4558647,1
45290,0,0,0.25580814,1
45291,1,1,0.9995073,1
45292,1,1,1.0,1
45293,0,1,0.99999654,0
45294,1,0,0.022499967,0
45295,0,1,0.99986446,0
45296,1,1,0.99999917,1
45297,0,0,0.27757087,1
45298,0,0,0.21419789,1
45299,1,0,0.06638737,0
45300,0,0,0.21109137,1
45301,0,0,0.041384716,1
45302,1,1,1.0,1
45303,0,1,0.9999999,0
45304,1,0,0.056548137,0
45305,0,0,0.20001023,1
45306,1,1,0.99880743,1
45307,0,1,0.99995756,0
45308,0,0,0.027246773,1
45309,0,0,0.33122793,1
45310,1,1,0.9043975,1
45311,0,0,0.26473835,1
45312,1,0,0.05839952,0
45313,1,0,0.084341794,0
45314,0,0,0.014309456,1
45315,0,0,0.1365508,1
45316,1,1,0.48925948,1
45317,1,1,0.99998975,1
45318,1,1,0.99999857,1
45319,1,1,0.9999999,1
45320,0,1,0.9999808,0
45321,1,0,0.13128456,0
45322,0,1,0.93587595,0
45323,0,0,0.06903792,1
45324,1,1,0.970771,1
45325,0,0,0.16830944,1
45326,0,0,0.17092276,1
45327,1,1,0.99961025,1
45328,1,1,0.9000915,1
45329,1,1,0.9999999,1
45330,1,1,1.0,1
45331,1,1,1.0,1
45332,1,1,0.99999857,1
45333,1,1,0.4447155,1
45334,0,1,0.8441522,0
45335,0,0,0.11318691,1
45336,1,1,0.99999905,1
45337,0,0,0.05577169,1
45338,1,1,0.41223434,1
45339,0,1,0.7891525,0
45340,1,1,0.9946464,1
45341,0,1,0.9994461,0
45342,0,1,0.9911527,0
45343,1,1,0.99737346,1
45344,0,0,0.052765187,1
45345,1,1,1.0,1
45346,1,1,0.93306583,1
45347,1,1,1.0,1
45348,1,1,0.9936733,1
45349,0,1,0.45292914,0
45350,0,1,0.9455002,0
45351,1,0,0.03704717,0
45352,0,0,0.17582092,1
45353,1,1,0.9965166,1
45354,1,0,0.003538086,0
45355,0,0,0.016979992,1
45356,0,1,0.99635005,0
45357,0,0,0.044931643,1
45358,0,0,0.09696201,1
45359,0,0,0.13234626,1
45360,1,1,0.9999294,1
45361,1,1,0.9999999,1
45362,1,1,1.0,1
45363,1,1,0.9999988,1
45364,1,0,0.062904246,0
45365,0,0,0.13852006,1
45366,0,0,0.051415116,1
45367,0,1,0.6087685,0
45368,1,0,0.28512308,0
45369,0,1,0.87935406,0
45370,0,1,0.40154114,0
45371,1,0,0.20071429,0
45372,0,0,0.09560247,1
45373,1,1,0.99999845,1
45374,0,0,0.20426252,1
45375,1,1,0.99990606,1
45376,1,0,0.1240007,0
45377,0,0,0.054600604,1
45378,0,1,0.9999398,0
45379,0,1,0.9999993,0
45380,0,1,0.9480103,0
45381,1,1,0.9984841,1
45382,1,1,1.0,1
45383,1,1,0.9985506,1
45384,0,0,0.06255973,1
45385,0,1,0.99980515,0
45386,1,0,0.007922628,0
45387,0,1,0.99983,0
45388,0,0,0.077308424,1
45389,0,1,0.95145893,0
45390,1,1,0.99386686,1
45391,1,1,0.94600123,1
45392,1,0,0.035444103,0
45393,1,1,0.9706043,1
45394,1,0,0.23633994,0
45395,0,1,0.9992084,0
45396,0,1,0.9994777,0
45397,1,1,0.9999875,1
45398,0,1,0.97877365,0
45399,0,1,0.99920684,0
45400,0,0,0.13580413,1
45401,0,1,0.99998605,0
45402,1,1,0.9889492,1
45403,1,1,0.9985869,1
45404,1,1,0.9999995,1
45405,0,0,0.20275874,1
45406,1,1,0.9944343,1
45407,1,0,0.33785865,0
45408,1,0,0.070816204,0
45409,0,0,0.070880495,1
45410,0,1,0.81699115,0
45411,1,1,0.8467045,1
45412,0,1,0.9999614,0
45413,1,1,1.0,1
45414,0,0,0.19299525,1
45415,0,1,0.5227504,0
45416,1,0,0.17335817,0
45417,0,1,1.0,0
45418,1,0,0.118385084,0
45419,1,1,0.47953415,1
45420,0,0,0.055412795,1
45421,1,1,0.99999523,1
45422,0,0,0.31663334,1
45423,1,0,0.112600096,0
45424,0,0,0.30642328,1
45425,1,1,0.99881446,1
45426,0,1,0.8700462,0
45427,0,0,0.068537496,1
45428,0,1,0.97673583,0
45429,0,0,0.16344544,1
45430,1,1,0.9995408,1
45431,1,1,0.7101763,1
45432,1,1,0.90337944,1
45433,1,1,0.67976356,1
45434,0,0,0.2295352,1
45435,0,0,0.27610457,1
45436,1,1,1.0,1
45437,1,1,0.9991524,1
45438,0,1,0.384161,0
45439,0,1,0.9678689,0
45440,1,1,0.9941801,1
45441,1,1,0.5730812,1
45442,1,1,0.9511422,1
45443,0,1,0.9964619,0
45444,1,1,0.9644556,1
45445,0,1,0.83973396,0
45446,1,1,0.9621432,1
45447,1,1,0.9912717,1
45448,1,1,0.4442935,1
45449,0,1,0.5037536,0
45450,1,1,0.99972624,1
45451,1,1,0.99997365,1
45452,1,1,1.0,1
45453,0,0,0.17852582,1
45454,0,1,0.94772077,0
45455,0,1,0.76960015,0
45456,1,1,0.9823386,1
45457,0,1,0.74460995,0
45458,1,1,0.99899167,1
45459,0,0,0.10502681,1
45460,0,0,0.017110892,1
45461,0,0,0.021718834,1
45462,1,1,0.99898964,1
45463,0,1,0.9844862,0
45464,1,1,0.99999046,1
45465,1,1,0.9205757,1
45466,1,1,1.0,1
45467,1,1,0.99999225,1
45468,1,1,0.99999976,1
45469,0,1,0.99989724,0
45470,0,0,0.17196317,1
45471,1,0,0.11328496,0
45472,0,0,0.12754393,1
45473,1,1,0.4624427,1
45474,1,1,0.9999999,1
45475,1,1,0.9971661,1
45476,1,1,0.7229184,1
45477,0,1,0.9967077,0
45478,1,1,0.41220477,1
45479,0,0,0.058776554,1
45480,0,0,0.06500874,1
45481,1,1,1.0,1
45482,1,1,0.91321325,1
45483,1,1,0.9999989,1
45484,0,1,0.43065608,0
45485,0,1,0.71646667,0
45486,0,0,0.29752097,1
45487,0,0,0.2344943,1
45488,0,1,0.9793935,0
45489,0,0,0.038357977,1
45490,0,1,0.9999945,0
45491,1,1,0.91618466,1
45492,1,1,0.9999999,1
45493,1,1,1.0,1
45494,0,0,0.037821285,1
45495,1,1,1.0,1
45496,1,1,0.9425596,1
45497,1,1,0.99629277,1
45498,0,1,0.61149794,0
45499,1,1,0.99990654,1
45500,1,1,0.9999589,1
45501,0,1,0.77534974,0
45502,0,1,0.47694507,0
45503,1,1,0.9054896,1
45504,0,1,0.6585822,0
45505,0,0,0.09409338,1
45506,0,0,0.022933563,1
45507,1,1,0.9999995,1
45508,1,1,0.9384633,1
45509,0,1,0.5677569,0
45510,0,1,0.8890481,0
45511,0,0,0.24757788,1
45512,1,1,0.9999398,1
45513,1,1,0.42286208,1
45514,1,1,0.99999976,1
45515,1,1,0.9980276,1
45516,0,1,0.9999871,0
45517,0,0,0.15954451,1
45518,1,0,0.04073109,0
45519,0,1,0.7622914,0
45520,1,0,0.14517595,0
45521,1,1,0.9986904,1
45522,0,1,0.98235554,0
45523,1,1,0.9953454,1
45524,0,1,0.9905143,0
45525,1,1,0.9999999,1
45526,0,0,0.29568732,1
45527,1,0,0.28547153,0
45528,0,1,0.95961094,0
45529,0,1,0.62171316,0
45530,0,0,0.03491378,1
45531,0,0,0.07835981,1
45532,1,1,0.99983454,1
45533,0,0,0.005030917,1
45534,0,1,0.99917847,0
45535,0,1,0.75770473,0
45536,0,1,0.9683214,0
45537,1,1,0.6355052,1
45538,0,0,0.15539862,1
45539,1,0,0.23695739,0
45540,1,1,0.90821165,1
45541,1,1,0.9999999,1
45542,1,1,0.96050966,1
45543,0,0,0.024168443,1
45544,0,1,0.9498557,0
45545,1,0,0.26817408,0
45546,0,1,0.9987453,0
45547,1,0,0.17953056,0
45548,1,0,0.19390948,0
45549,0,0,0.2615195,1
45550,0,1,0.57684,0
45551,1,1,0.996357,1
45552,0,0,0.017814532,1
45553,0,1,0.999969,0
45554,0,0,0.04836099,1
45555,0,1,0.5574238,0
45556,0,0,0.2680783,1
45557,1,1,0.92000264,1
45558,1,1,0.9996686,1
45559,1,1,0.7619816,1
45560,0,0,0.099382766,1
45561,0,1,0.47703645,0
45562,1,1,0.9647556,1
45563,1,1,0.6806133,1
45564,0,0,0.050237365,1
45565,1,1,1.0,1
45566,0,0,0.21485612,1
45567,1,1,0.99960333,1
45568,0,1,0.9849274,0
45569,1,1,0.94844174,1
45570,0,1,0.5839153,0
45571,0,0,0.10087861,1
45572,0,1,0.99317604,0
45573,0,0,0.08803311,1
45574,1,0,0.2923932,0
45575,0,0,0.088978484,1
45576,1,1,0.9392481,1
45577,0,0,0.23065974,1
45578,1,1,1.0,1
45579,1,1,0.97321534,1
45580,1,1,0.98155975,1
45581,1,1,0.48465446,1
45582,0,1,0.6965263,0
45583,1,1,0.99486035,1
45584,0,0,0.23074637,1
45585,1,1,0.91618466,1
45586,1,1,0.99932146,1
45587,0,1,0.532182,0
45588,0,0,0.03915837,1
45589,0,0,0.02017732,1
45590,0,1,0.9890765,0
45591,1,0,0.17314835,0
45592,1,0,0.14780103,0
45593,1,1,0.9549004,1
45594,1,1,0.9999838,1
45595,0,0,0.005609132,1
45596,1,1,1.0,1
45597,0,1,0.96242666,0
45598,1,1,0.9969897,1
45599,0,1,0.8304567,0
45600,1,1,1.0,1
45601,1,1,0.53940785,1
45602,1,1,0.9999981,1
45603,0,1,0.9907141,0
45604,1,1,0.99351174,1
45605,1,1,0.962462,1
45606,1,1,1.0,1
45607,1,1,0.9059898,1
45608,1,1,0.6548396,1
45609,1,1,0.99993443,1
45610,0,0,0.02335303,1
45611,0,1,0.92529744,0
45612,0,1,0.98977125,0
45613,0,1,0.9594213,0
45614,1,1,0.99957854,1
45615,1,1,0.99995077,1
45616,1,0,0.20079263,0
45617,1,1,0.9999982,1
45618,1,1,0.99871314,1
45619,0,1,0.9101469,0
45620,1,1,0.9928647,1
45621,1,1,1.0,1
45622,1,1,1.0,1
45623,1,1,0.9283439,1
45624,1,1,0.98932695,1
45625,0,1,0.6238926,0
45626,1,1,0.9103862,1
45627,1,0,0.00498227,0
45628,1,1,0.99971646,1
45629,1,1,0.9999999,1
45630,1,1,0.99769044,1
45631,0,1,0.7566724,0
45632,0,1,0.9852997,0
45633,1,1,0.6546188,1
45634,1,0,0.1908748,0
45635,0,1,0.9998416,0
45636,0,1,0.99987316,0
45637,1,1,0.9993724,1
45638,0,1,0.9239362,0
45639,1,1,1.0,1
45640,0,1,0.5381945,0
45641,0,1,0.78654087,0
45642,0,0,0.33139017,1
45643,0,1,0.9996574,0
45644,0,1,0.99993443,0
45645,1,1,0.7019685,1
45646,1,1,1.0,1
45647,1,0,0.024283867,0
45648,1,0,0.11586064,0
45649,1,1,1.0,1
45650,0,0,0.2069742,1
45651,1,0,0.044806086,0
45652,0,1,0.649523,0
45653,0,1,0.9996898,0
45654,0,1,0.37313312,0
45655,1,0,0.020725062,0
45656,1,1,0.75689703,1
45657,1,1,1.0,1
45658,0,1,0.7280238,0
45659,0,1,0.9999995,0
45660,1,1,0.40591964,1
45661,0,1,0.9789755,0
45662,0,1,0.9999994,0
45663,0,1,0.9999087,0
45664,0,1,1.0,0
45665,1,1,0.9999907,1
45666,0,1,0.95257413,0
45667,1,1,0.9999311,1
45668,0,0,0.064594455,1
45669,1,1,1.0,1
45670,0,0,0.086246476,1
45671,1,0,0.2806164,0
45672,0,0,0.17953056,1
45673,1,0,0.04296247,0
45674,1,1,0.6120778,1
45675,0,0,0.07329728,1
45676,0,1,0.96528316,0
45677,0,1,0.6927979,0
45678,0,0,0.053601146,1
45679,1,0,0.15520647,0
45680,1,1,0.9637117,1
45681,1,1,1.0,1
45682,0,0,0.06359858,1
45683,0,0,0.14669742,1
45684,1,1,0.9510514,1
45685,0,1,0.35695085,0
45686,0,0,0.086554825,1
45687,1,1,1.0,1
45688,0,1,0.9991768,0
45689,1,1,0.97546023,1
45690,0,1,0.95362186,0
45691,0,1,0.8587186,0
45692,1,1,1.0,1
45693,1,1,1.0,1
45694,0,1,0.91648406,0
45695,1,0,0.00053892744,0
45696,0,0,0.019832712,1
45697,0,1,0.8329173,0
45698,0,0,0.2724115,1
45699,1,1,1.0,1
45700,0,1,0.81047887,0
45701,1,1,0.9999975,1
45702,1,0,0.12716407,0
45703,1,1,0.81873685,1
45704,1,1,1.0,1
45705,1,1,0.9999237,1
45706,0,1,0.9989556,0
45707,0,0,0.2998735,1
45708,1,1,0.6863175,1
45709,1,1,0.99911696,1
45710,0,0,0.024680348,1
45711,1,0,0.027927876,0
45712,1,1,0.6005398,1
45713,1,0,0.18432663,0
45714,0,1,0.99980587,0
45715,0,0,0.03030055,1
45716,0,1,0.63798994,0
45717,1,1,1.0,1
45718,1,1,0.9999994,1
45719,1,1,0.9964412,1
45720,1,1,1.0,1
45721,1,1,1.0,1
45722,0,1,0.87125593,0
45723,1,1,0.99932146,1
45724,1,1,0.9979412,1
45725,1,0,0.08834723,0
45726,1,1,0.5997196,1
45727,1,1,1.0,1
45728,0,0,0.02475097,1
45729,0,1,0.9601375,0
45730,0,1,0.35125545,0
45731,1,1,0.9090225,1
45732,1,1,1.0,1
45733,1,1,0.99949765,1
45734,1,0,0.052521676,0
45735,1,1,0.9402983,1
45736,1,1,0.99999523,1
45737,1,1,0.95987505,1
45738,1,1,0.5798763,1
45739,0,1,0.95013416,0
45740,0,1,0.7666432,0
45741,1,1,0.99993443,1
45742,0,0,0.24086387,1
45743,0,1,0.9951231,0
45744,1,1,0.93963695,1
45745,0,1,0.99959,0
45746,0,1,0.9159594,0
45747,0,1,0.9999999,0
45748,0,0,0.18877222,1
45749,0,0,0.10105591,1
45750,1,0,0.34604388,0
45751,0,1,0.36534345,0
45752,0,1,0.9999944,0
45753,1,0,0.13939638,0
45754,1,1,0.9715909,1
45755,0,0,0.09534946,1
45756,1,0,0.10185715,0
45757,0,0,0.14675854,1
45758,1,1,0.99932814,1
45759,1,1,0.9999621,1
45760,0,0,0.038430087,1
45761,1,1,0.48663646,1
45762,0,0,0.015454242,1
45763,1,0,0.25137195,0
45764,0,0,0.1897462,1
45765,1,1,1.0,1
45766,1,1,1.0,1
45767,1,1,0.9999335,1
45768,0,1,0.96538115,0
45769,0,0,0.12912793,1
45770,1,1,0.8607207,1
45771,1,1,0.96395,1
45772,0,0,0.034782395,1
45773,0,0,0.17996249,1
45774,1,1,1.0,1
45775,0,0,0.0212467,1
45776,1,1,0.99846625,1
45777,0,1,0.6317079,0
45778,1,1,0.4877344,1
45779,1,0,0.1627789,0
45780,0,1,0.9226916,0
45781,1,1,1.0,1
45782,0,1,0.99999976,0
45783,0,1,0.9986142,0
45784,0,0,0.10894504,1
45785,1,1,0.9943031,1
45786,0,1,0.66121227,0
45787,0,1,0.373933,0
45788,1,1,0.9342753,1
45789,0,1,0.99228936,0
45790,0,1,0.35370722,0
45791,1,1,0.99999416,1
45792,1,1,0.9899282,1
45793,0,0,0.21280403,1
45794,1,1,0.98213416,1
45795,0,1,0.7537387,0
45796,1,1,1.0,1
45797,1,0,0.22764099,0
45798,0,1,0.9828892,0
45799,1,1,0.9999726,1
45800,1,0,0.24744149,0
45801,1,1,0.99999976,1
45802,0,0,0.24337259,1
45803,1,1,0.9999988,1
45804,0,0,0.0026419468,1
45805,1,0,0.06255973,0
45806,0,0,0.118998006,1
45807,1,1,0.89199936,1
45808,0,1,0.86737317,0
45809,1,1,0.9999999,1
45810,0,0,0.027874898,1
45811,1,1,0.4626855,1
45812,1,1,0.7702056,1
45813,1,1,0.626067,1
45814,0,1,0.9999981,0
45815,0,0,0.108850285,1
45816,1,1,1.0,1
45817,0,1,0.97254544,0
45818,1,1,0.99999976,1
45819,1,1,0.9962782,1
45820,0,0,0.087252244,1
45821,1,0,0.06319269,0
45822,0,0,0.008015269,1
45823,1,1,0.99999285,1
45824,0,1,0.9993881,0
45825,1,1,1.0,1
45826,0,1,0.70755625,0
45827,0,1,0.99939644,0
45828,0,0,0.23475733,1
45829,0,0,0.14817041,1
45830,0,0,0.1274896,1
45831,1,1,0.95460516,1
45832,1,1,0.88543355,1
45833,1,1,1.0,1
45834,1,1,0.99998987,1
45835,0,0,0.08586245,1
45836,0,1,0.9993988,0
45837,1,1,0.8290772,1
45838,0,1,0.9999299,0
45839,0,0,0.089933,1
45840,0,0,0.17119972,1
45841,1,1,0.9997594,1
45842,1,0,0.039268754,0
45843,1,1,0.8490974,1
45844,0,1,0.8943289,0
45845,0,0,0.05781161,1
45846,1,1,0.8044059,1
45847,0,1,0.79390603,0
45848,1,1,0.9997367,1
45849,1,0,0.04616273,0
45850,1,0,0.17610413,0
45851,0,1,0.99907815,0
45852,1,1,0.98657167,1
45853,1,0,0.01001357,0
45854,0,1,0.7916601,0
45855,1,1,0.992725,1
45856,1,1,0.81888175,1
45857,1,1,0.98225373,1
45858,0,0,0.066206016,1
45859,1,0,0.0551069,0
45860,1,1,0.99999976,1
45861,1,1,0.99369794,1
45862,1,1,1.0,1
45863,1,0,0.0028895806,0
45864,1,1,0.9911355,1
45865,1,1,1.0,1
45866,1,1,0.9999584,1
45867,1,1,1.0,1
45868,0,1,0.6785932,0
45869,1,1,0.9972638,1
45870,0,1,0.9995703,0
45871,1,1,0.9732661,1
45872,0,0,0.3297693,1
45873,0,1,0.57385755,0
45874,1,1,1.0,1
45875,0,0,0.33437207,1
45876,0,1,0.9619649,0
45877,1,1,0.99379504,1
45878,0,0,0.13139598,1
45879,1,1,0.99996614,1
45880,1,1,0.99496907,1
45881,0,0,0.24301313,1
45882,1,1,0.41454327,1
45883,0,0,0.18832397,1
45884,0,0,0.12173796,1
45885,0,1,0.6412539,0
45886,0,1,0.47724962,0
45887,0,1,0.5107405,0
45888,1,1,0.8789391,1
45889,0,0,0.06342434,1
45890,0,0,0.057599206,1
45891,0,1,0.53831583,0
45892,0,1,0.9999993,0
45893,0,0,0.27825677,1
45894,0,0,0.039305612,1
45895,0,0,0.21403356,1
45896,1,1,0.99999964,1
45897,0,0,0.03027187,1
45898,0,1,0.9997154,0
45899,1,0,0.3011565,0
45900,0,0,0.1375904,1
45901,1,1,0.6742114,1
45902,0,0,0.14187485,1
45903,1,1,0.9995703,1
45904,0,0,0.04881241,1
45905,0,1,0.9953181,0
45906,0,0,0.098512106,1
45907,1,1,0.93885684,1
45908,1,1,0.366363,1
45909,1,1,0.9999982,1
45910,0,1,0.80927604,0
45911,1,1,0.9882449,1
45912,1,1,0.99972194,1
45913,1,1,0.991891,1
45914,1,1,0.90523857,1
45915,0,0,0.040960647,1
45916,1,0,0.20609397,0
45917,1,1,0.9996207,1
45918,1,1,0.99995995,1
45919,1,0,0.19406216,0
45920,1,0,0.34565726,0
45921,0,0,0.06424133,1
45922,1,1,0.9998306,1
45923,1,1,0.58823884,1
45924,0,0,0.26288915,1
45925,1,1,0.45423004,1
45926,1,1,0.9999956,1
45927,0,1,0.6266384,0
45928,0,0,0.01302049,1
45929,0,1,0.8624676,0
45930,0,0,0.253861,1
45931,1,1,0.9932288,1
45932,1,1,0.9984573,1
45933,1,0,0.11299101,0
45934,0,1,0.98292196,0
45935,1,1,0.8085212,1
45936,1,1,0.99999833,1
45937,0,0,0.0021364214,1
45938,0,1,0.9999968,0
45939,1,0,0.18025091,0
45940,1,1,0.99962735,1
45941,0,0,0.2546943,1
45942,0,0,0.23766439,1
45943,0,0,0.077030234,1
45944,1,1,1.0,1
45945,0,0,0.021409774,1
45946,1,0,0.01578456,0
45947,0,1,0.9518184,0
45948,1,1,0.531331,1
45949,1,1,0.90934503,1
45950,1,1,0.9986223,1
45951,1,1,0.9965503,1
45952,0,1,0.9164094,0
45953,1,1,0.99968064,1
45954,0,1,0.9694112,0
45955,0,0,0.21950476,1
45956,0,0,0.3090237,1
45957,0,1,0.57128835,0
45958,1,1,0.9998697,1
45959,1,1,1.0,1
45960,0,0,0.050705362,1
45961,1,1,0.8578872,1
45962,1,1,1.0,1
45963,1,0,0.21304952,0
45964,1,1,0.99999785,1
45965,1,1,1.0,1
45966,1,0,0.3457677,0
45967,1,1,0.99999774,1
45968,1,0,0.015723988,0
45969,1,1,0.999969,1
45970,1,1,0.6272094,1
45971,1,1,0.99998987,1
45972,1,0,0.0069038384,0
45973,1,0,0.05184547,0
45974,1,1,1.0,1
45975,0,1,0.78850174,0
45976,1,0,0.15597628,0
45977,1,1,0.99978596,1
45978,0,0,0.10374862,1
45979,0,0,0.16667542,1
45980,1,1,0.99945253,1
45981,1,0,0.022542965,0
45982,0,1,1.0,0
45983,1,1,1.0,1
45984,0,1,0.5257341,0
45985,1,1,1.0,1
45986,0,1,0.99751294,0
45987,1,1,0.9999981,1
45988,0,0,0.11696559,1
45989,0,0,0.0019646613,1
45990,0,1,0.92716575,0
45991,1,1,1.0,1
45992,1,0,0.012970385,0
45993,1,1,0.97311324,1
45994,1,0,0.031529184,0
45995,1,1,1.0,1
45996,1,1,0.9999989,1
45997,0,0,0.1308397,1
45998,1,1,0.99999917,1
45999,1,0,0.0072890776,0
46000,0,1,0.92905515,0
46001,0,1,0.9999999,0
46002,1,1,0.9940544,1
46003,0,1,0.99979585,0
46004,0,0,0.014871003,1
46005,0,1,0.9933072,0
46006,0,1,0.99999905,0
46007,1,0,0.08203305,0
46008,1,1,0.9999877,1
46009,0,1,0.45368537,0
46010,0,0,0.23231015,1
46011,1,1,0.9976126,1
46012,1,0,0.16572809,0
46013,0,0,0.21700546,1
46014,1,0,0.049635064,0
46015,1,0,0.070751965,0
46016,1,0,0.27347738,0
46017,0,0,0.21485612,1
46018,1,1,1.0,1
46019,1,1,0.99997187,1
46020,1,1,1.0,1
46021,0,1,0.99990726,0
46022,1,1,0.9999889,1
46023,1,0,0.120438814,0
46024,0,0,0.16968088,1
46025,0,1,0.84645087,0
46026,0,0,0.040692955,1
46027,1,1,0.99999166,1
46028,1,1,0.9999999,1
46029,1,1,0.79905057,1
46030,0,1,0.99021614,0
46031,1,1,0.9773492,1
46032,0,0,0.051130094,1
46033,0,0,0.34103364,1
46034,1,0,0.14560063,0
46035,1,1,1.0,1
46036,1,1,0.7207124,1
46037,1,1,0.99999976,1
46038,0,1,0.9743129,0
46039,0,0,0.17610413,1
46040,1,1,0.9814889,1
46041,1,1,0.9828892,1
46042,1,1,1.0,1
46043,1,1,0.99999785,1
46044,1,1,0.9999999,1
46045,1,1,0.9836912,1
46046,1,1,0.9989392,1
46047,1,1,0.36186913,1
46048,0,1,0.5558572,0
46049,0,1,0.5781505,0
46050,0,0,0.11716748,1
46051,1,1,1.0,1
46052,1,1,0.9999337,1
46053,1,0,0.026130758,0
46054,0,1,0.45314083,0
46055,1,1,0.9997658,1
46056,1,1,0.97949183,1
46057,0,0,0.32589588,1
46058,0,1,0.9940544,0
46059,1,1,0.99998116,1
46060,0,1,0.8410439,0
46061,0,1,0.9742639,0
46062,0,1,0.7151257,0
46063,1,1,0.98056203,1
46064,0,1,0.9793738,0
46065,1,0,0.05490385,0
46066,1,1,0.96084166,1
46067,1,1,0.6673103,1
46068,1,1,0.99509466,1
46069,0,0,0.22084618,1
46070,1,1,0.5157418,1
46071,0,0,0.12199923,1
46072,1,1,0.99994564,1
46073,1,1,0.9603984,1
46074,0,0,0.075721376,1
46075,1,1,0.45501697,1
46076,1,1,0.999572,1
46077,1,1,0.9556928,1
46078,0,0,0.13078417,1
46079,1,1,0.8267118,1
46080,1,0,0.19436781,0
46081,1,1,1.0,1
46082,0,0,0.0033050792,1
46083,0,1,0.950411,0
46084,0,0,0.10257407,1
46085,1,1,0.98720354,1
46086,1,1,1.0,1
46087,0,1,0.39834794,0
46088,0,1,0.9982893,0
46089,1,0,0.21060391,0
46090,1,1,0.88483775,1
46091,1,1,0.9972262,1
46092,1,1,0.99962664,1
46093,0,0,0.160069,1
46094,0,0,0.13415082,1
46095,1,0,0.1603975,0
46096,1,1,0.9966168,1
46097,1,1,0.8484707,1
46098,1,1,0.91693145,1
46099,1,1,1.0,1
46100,1,1,0.9999999,1
46101,0,1,0.99984705,0
46102,1,1,0.9565125,1
46103,1,1,0.51254004,1
46104,1,1,1.0,1
46105,0,1,1.0,0
46106,0,1,0.99993443,0
46107,1,1,0.90044224,1
46108,1,1,0.97865146,1
46109,0,1,0.9992461,0
46110,1,1,0.9978884,1
46111,1,0,0.29589072,0
46112,0,1,0.75119215,0
46113,0,1,0.9812928,0
46114,0,1,0.99998236,0
46115,0,0,0.14247034,1
46116,1,1,0.990329,1
46117,0,0,0.008187911,1
46118,1,0,0.20721471,0
46119,1,1,0.9986878,1
46120,1,1,0.9999975,1
46121,0,1,0.99974686,0
46122,0,0,0.32761452,1
46123,0,0,0.124532074,1
46124,0,0,0.16085833,1
46125,1,1,0.99999475,1
46126,1,1,0.99709344,1
46127,1,0,0.0014214042,0
46128,1,0,0.09868569,0
46129,1,1,1.0,1
46130,1,1,0.98749614,1
46131,0,1,0.9969426,0
46132,1,1,0.35897082,1
46133,0,0,0.14116298,1
46134,0,1,0.42062932,0
46135,0,0,0.043936532,1
46136,1,0,0.15662017,0
46137,1,1,0.9989956,1
46138,1,1,0.9764681,1
46139,0,1,0.9963994,0
46140,1,1,0.999049,1
46141,0,0,0.0882686,1
46142,1,0,0.1192542,0
46143,1,1,0.9991358,1
46144,0,1,0.9997713,0
46145,0,1,0.96021223,0
46146,0,1,0.9971771,0
46147,1,1,0.99983776,1
46148,1,1,0.9999114,1
46149,1,1,0.99999976,1
46150,0,0,0.25423115,1
46151,0,1,0.4290406,0
46152,1,1,1.0,1
46153,1,1,0.7091702,1
46154,0,0,0.09825224,1
46155,1,1,0.9999877,1
46156,1,1,0.9342153,1
46157,1,1,0.9999999,1
46158,0,1,0.9981614,0
46159,0,1,0.9996352,0
46160,1,0,0.17342815,0
46161,0,0,0.24104248,1
46162,0,1,0.9692369,0
46163,1,0,0.13730095,0
46164,0,0,0.100701615,1
46165,1,1,0.9999515,1
46166,1,1,1.0,1
46167,0,1,1.0,0
46168,1,1,1.0,1
46169,1,1,0.9999502,1
46170,1,1,0.9920773,1
46171,0,0,0.03775027,1
46172,0,0,0.100967236,1
46173,1,1,0.9960776,1
46174,0,0,0.05165378,1
46175,1,1,1.0,1
46176,0,0,0.11114469,1
46177,1,1,0.9999863,1
46178,0,0,0.08441725,1
46179,1,0,0.07243961,0
46180,1,0,0.30033502,0
46181,1,1,0.9996959,1
46182,0,0,0.023554333,1
46183,0,0,0.030157411,1
46184,1,1,0.9999832,1
46185,1,0,0.0015608893,0
46186,0,1,0.5214712,0
46187,1,0,0.048181534,0
46188,0,1,0.9899476,0
46189,1,1,0.95159405,1
46190,1,1,1.0,1
46191,1,1,0.9964551,1
46192,0,0,0.021206122,1
46193,0,1,0.9666002,0
46194,1,0,0.085403666,0
46195,0,0,0.020665687,1
46196,0,0,0.3282602,1
46197,0,1,0.43872508,0
46198,0,1,0.6167627,0
46199,1,0,0.047691282,0
46200,1,1,0.9999988,1
46201,1,1,0.9547741,1
46202,0,0,0.26265267,1
46203,0,0,0.11221037,1
46204,1,0,0.15681377,0
46205,0,0,0.005001672,1
46206,1,0,0.22592856,0
46207,1,1,0.97949183,1
46208,1,1,0.9931096,1
46209,1,1,0.9999995,1
46210,1,1,0.35521552,1
46211,1,1,1.0,1
46212,1,1,0.48474598,1
46213,0,1,0.97550696,0
46214,0,0,0.06730107,1
46215,1,1,0.57367843,1
46216,1,1,0.9999478,1
46217,1,1,0.9904591,1
46218,0,0,0.05823863,1
46219,1,1,0.98141783,1
46220,1,1,0.8679338,1
46221,0,1,0.99291986,0
46222,1,1,0.5324859,1
46223,0,0,0.07004896,1
46224,1,1,0.99853635,1
46225,0,0,0.0962801,1
46226,1,1,1.0,1
46227,1,1,0.99999464,1
46228,1,0,0.034456022,0
46229,1,1,0.9999994,1
46230,0,0,0.071332,1
46231,1,1,0.9999944,1
46232,0,1,0.91796696,0
46233,1,1,0.99998486,1
46234,1,1,0.9877587,1
46235,0,1,0.9608783,0
46236,1,0,0.11848707,0
46237,0,1,0.45177996,0
46238,1,1,0.9999988,1
46239,0,0,0.04023794,1
46240,1,0,0.1509652,0
46241,0,1,0.42134345,0
46242,0,0,0.16579561,1
46243,1,1,0.99972624,1
46244,0,0,0.13695431,1
46245,1,0,0.12501197,0
46246,0,1,0.718545,0
46247,0,0,0.17773949,1
46248,0,0,0.04328485,1
46249,1,1,0.99298817,1
46250,1,0,0.06816438,0
46251,0,1,0.9168571,0
46252,1,1,0.9981324,1
46253,0,0,0.123577,1
46254,1,1,0.67044646,1
46255,1,1,0.99879104,1
46256,1,1,0.99485034,1
46257,1,1,1.0,1
46258,0,1,0.83828294,0
46259,0,1,0.35259178,0
46260,0,1,0.9999491,0
46261,1,1,0.99952435,1
46262,1,1,0.99999464,1
46263,0,1,0.5897164,0
46264,0,1,0.8327813,0
46265,1,1,0.9978594,1
46266,1,1,0.9999678,1
46267,0,1,0.8159668,0
46268,0,1,0.9709644,0
46269,0,0,0.28502354,1
46270,1,1,0.9999802,1
46271,0,0,0.058614686,1
46272,0,1,0.7580631,0
46273,0,1,1.0,0
46274,1,1,0.9911698,1
46275,0,1,0.48206335,0
46276,1,1,1.0,1
46277,0,0,0.09799298,1
46278,1,1,0.5861084,1
46279,0,1,0.4028619,0
46280,1,1,0.99999845,1
46281,1,1,0.8748277,1
46282,0,1,0.99999344,0
46283,0,0,0.0548532,1
46284,0,0,0.17391866,1
46285,0,0,0.02580962,1
46286,1,1,0.999764,1
46287,1,0,0.14342749,0
46288,0,0,0.05051767,1
46289,1,1,0.99946946,1
46290,0,1,0.9853843,0
46291,0,0,0.21411571,1
46292,0,1,0.9766915,0
46293,1,0,0.116411984,0
46294,1,1,0.99789655,1
46295,0,0,0.024099445,1
46296,1,0,0.006944127,0
46297,0,0,0.2899745,1
46298,1,1,0.9999758,1
46299,1,1,0.9996222,1
46300,0,0,0.18735561,1
46301,1,1,1.0,1
46302,1,1,0.9962565,1
46303,0,0,0.012771868,1
46304,0,0,0.26303107,1
46305,1,1,1.0,1
46306,1,1,0.7100758,1
46307,0,1,0.97436166,0
46308,1,1,1.0,1
46309,0,1,0.99913067,0
46310,1,0,0.059101548,0
46311,1,1,0.99969995,1
46312,0,1,0.9142142,0
46313,1,0,0.16364582,0
46314,0,0,0.016183903,1
46315,1,1,0.99999976,1
46316,0,1,1.0,0
46317,1,1,0.7096735,1
46318,0,1,0.49328652,0
46319,0,1,0.7036004,0
46320,1,1,0.9107044,1
46321,1,0,0.10212547,0
46322,0,0,0.27250826,1
46323,0,0,0.11864014,1
46324,1,1,0.9984452,1
46325,0,0,0.050004896,1
46326,1,1,0.94266534,1
46327,0,0,0.07942426,1
46328,1,1,0.99976677,1
46329,0,1,0.63017297,0
46330,1,1,0.99687636,1
46331,1,1,0.57633334,1
46332,1,1,0.9924666,1
46333,0,0,0.02580962,1
46334,1,1,0.98840266,1
46335,1,1,0.9996743,1
46336,1,1,0.9999994,1
46337,0,0,0.2797793,1
46338,0,0,0.0689125,1
46339,0,0,0.08609269,1
46340,0,1,0.40984067,0
46341,1,1,0.9890131,1
46342,1,1,0.9360516,1
46343,0,1,0.81257004,0
46344,0,0,0.3228995,1
46345,0,0,0.24202642,1
46346,0,0,0.1338675,1
46347,1,1,0.9622143,1
46348,1,1,0.98498523,1
46349,0,0,0.12210386,1
46350,0,1,0.999964,0
46351,1,1,0.9999994,1
46352,0,0,0.16026603,1
46353,0,1,0.9181873,0
46354,1,0,0.23669264,0
46355,1,1,0.9999814,1
46356,1,1,0.999997,1
46357,1,1,0.99991345,1
46358,1,0,0.02215887,0
46359,1,1,0.96102494,1
46360,1,0,0.08819005,0
46361,1,1,0.99996257,1
46362,1,1,1.0,1
46363,1,1,0.9973008,1
46364,0,0,0.11676401,1
46365,1,1,0.99592197,1
46366,0,1,0.4795951,0
46367,0,1,0.9985104,0
46368,1,1,0.9999999,1
46369,1,1,0.9999485,1
46370,1,1,1.0,1
46371,1,1,0.99997175,1
46372,1,1,0.99957365,1
46373,1,1,0.9999796,1
46374,0,0,0.014899643,1
46375,0,1,0.692174,0
46376,0,0,0.055208687,1
46377,0,0,0.03618598,1
46378,0,0,0.09451042,1
46379,1,1,0.9628132,1
46380,1,1,0.4247102,1
46381,1,1,0.999998,1
46382,0,1,0.8406518,0
46383,1,0,0.00030415886,0
46384,0,0,0.27503234,1
46385,1,1,1.0,1
46386,1,1,1.0,1
46387,0,1,1.0,0
46388,1,1,0.46371743,1
46389,1,0,0.07689149,0
46390,1,0,0.1584997,0
46391,1,0,0.11476479,0
46392,1,0,0.3420219,0
46393,0,1,0.999995,0
46394,0,1,0.46119878,0
46395,1,1,0.9999982,1
46396,1,1,0.718545,1
46397,0,1,0.9818231,0
46398,1,1,0.9944988,1
46399,1,1,0.996108,1
46400,1,1,0.99998844,1
46401,1,1,0.9999993,1
46402,0,0,0.021044565,1
46403,1,1,0.99977833,1
46404,0,0,0.24899045,1
46405,0,0,0.13106197,1
46406,1,1,0.84453726,1
46407,0,1,0.99971205,0
46408,1,1,0.9999862,1
46409,1,0,0.06330841,0
46410,0,0,0.025711589,1
46411,0,0,0.050424065,1
46412,1,1,0.84156543,1
46413,1,1,1.0,1
46414,1,1,1.0,1
46415,1,1,0.997459,1
46416,0,1,0.9966036,0
46417,1,1,0.99986064,1
46418,1,1,0.6451199,1
46419,0,0,0.09146322,1
46420,0,0,0.20882359,1
46421,0,0,0.34814632,1
46422,1,1,0.9999999,1
46423,0,1,0.40371376,0
46424,1,0,0.04624881,0
46425,1,1,0.9999975,1
46426,1,1,0.992961,1
46427,0,1,0.9991928,0
46428,0,0,0.20275874,1
46429,0,1,0.9999794,0
46430,1,1,0.9617499,1
46431,0,1,0.4877649,0
46432,1,1,0.99679,1
46433,0,1,0.9848401,0
46434,1,1,0.9258357,1
46435,0,0,0.26693016,1
46436,0,1,0.39940163,0
46437,0,0,0.32852942,1
46438,1,1,0.99965334,1
46439,1,1,0.9999995,1
46440,0,0,0.31917444,1
46441,1,1,1.0,1
46442,1,1,0.6764596,1
46443,1,1,0.9993345,1
46444,0,1,0.5859899,0
46445,1,1,0.9438154,1
46446,1,1,0.8100285,1
46447,0,0,0.29012534,1
46448,1,1,0.99621993,1
46449,1,1,0.76091725,1
46450,0,1,0.37802845,0
46451,1,1,0.98138225,1
46452,1,1,1.0,1
46453,1,1,0.97730595,1
46454,1,1,0.49920654,1
46455,0,1,0.49816895,0
46456,0,0,0.2359876,1
46457,0,0,0.09186979,1
46458,0,1,0.9734181,0
46459,1,1,0.844409,1
46460,1,1,0.5122656,1
46461,0,0,0.13381088,1
46462,1,1,0.9999864,1
46463,0,0,0.12231338,1
46464,1,1,1.0,1
46465,0,1,1.0,0
46466,0,0,0.18713267,1
46467,0,1,0.9989434,0
46468,0,1,0.99983585,0
46469,0,0,0.0793529,1
46470,1,1,0.9999558,1
46471,1,1,0.4591974,1
46472,1,1,0.9999981,1
46473,0,1,0.8221891,0
46474,1,1,0.9999292,1
46475,1,0,0.0008492457,0
46476,0,1,0.9949397,0
46477,1,1,0.9999995,1
46478,1,0,0.08517511,0
46479,0,0,0.14847884,1
46480,0,1,0.5978427,0
46481,0,1,0.5139734,0
46482,0,0,0.15778463,1
46483,1,1,0.9659317,1
46484,1,1,0.9998118,1
46485,1,1,0.999884,1
46486,0,1,0.4285323,0
46487,0,0,0.053650703,1
46488,0,1,0.8308688,0
46489,0,1,0.3707663,0
46490,1,1,0.9429286,1
46491,1,1,0.3690308,1
46492,1,1,0.99806577,1
46493,1,1,0.99998987,1
46494,1,1,0.99997747,1
46495,1,1,0.97311324,1
46496,0,0,0.0035312066,1
46497,1,1,0.99999964,1
46498,0,1,0.93587595,0
46499,1,1,0.8923751,1
46500,1,1,0.83801806,1
46501,1,1,0.9999957,1
46502,1,1,0.9466954,1
46503,0,1,0.99999976,0
46504,1,0,0.02876159,0
46505,0,1,1.0,0
46506,1,1,0.99997497,1
46507,1,1,0.99999726,1
46508,1,0,0.007891985,0
46509,0,1,0.943608,0
46510,0,1,0.80654806,0
46511,0,1,0.9860443,0
46512,1,1,1.0,1
46513,1,1,0.9957353,1
46514,1,1,0.9999974,1
46515,0,1,0.92324704,0
46516,0,1,0.9970305,0
46517,0,1,0.9999988,0
46518,1,1,0.723749,1
46519,1,1,0.9967963,1
46520,1,1,0.91212356,1
46521,0,0,0.23633994,1
46522,1,1,1.0,1
46523,1,0,0.04038907,0
46524,0,0,0.18140818,1
46525,0,1,0.99876726,0
46526,1,1,0.41756833,1
46527,1,1,0.99999964,1
46528,1,1,0.9999925,1
46529,0,1,0.84859616,0
46530,1,1,0.99999905,1
46531,0,0,0.12907304,1
46532,0,0,0.31843218,1
46533,1,1,0.99703634,1
46534,1,1,0.46247306,1
46535,0,1,0.99900347,0
46536,1,1,0.9979048,1
46537,1,1,0.99596137,1
46538,0,1,0.5636182,0
46539,1,1,0.61335236,1
46540,1,1,1.0,1
46541,0,1,0.9999443,0
46542,1,1,0.9996424,1
46543,1,1,0.99832886,1
46544,1,1,1.0,1
46545,1,1,1.0,1
46546,1,1,0.9999995,1
46547,1,1,0.9792154,1
46548,0,0,0.004306305,1
46549,0,0,0.055515114,1
46550,1,1,0.99368566,1
46551,1,1,0.9999989,1
46552,0,1,0.88856554,0
46553,0,0,0.0610871,1
46554,0,1,0.99999976,0
46555,1,0,0.337149,0
46556,1,1,1.0,1
46557,1,1,0.4558041,1
46558,1,1,0.99891615,1
46559,0,1,0.9560224,0
46560,1,1,0.9997603,1
46561,0,0,0.08042967,1
46562,1,1,0.9999999,1
46563,0,1,0.99855906,0
46564,0,1,0.9959693,0
46565,0,0,0.25293726,1
46566,0,1,0.9986249,0
46567,1,1,0.9258357,1
46568,1,1,0.9982827,1
46569,0,1,0.9998915,0
46570,1,1,0.9546897,1
46571,0,0,0.044639204,1
46572,0,0,0.02442309,1
46573,1,1,0.99998415,1
46574,1,1,0.73815036,1
46575,1,1,0.71107996,1
46576,1,0,0.018422542,0
46577,1,1,0.99999535,1
46578,0,1,0.9982351,0
46579,0,0,0.013821962,1
46580,0,1,0.9992372,0
46581,0,1,0.9729338,0
46582,0,1,0.41341797,0
46583,0,0,0.04084572,1
46584,1,0,0.13840355,0
46585,1,1,1.0,1
46586,1,1,0.9970822,1
46587,0,0,0.027350497,1
46588,0,0,0.042722195,1
46589,0,1,0.9519973,0
46590,1,1,0.9750835,1
46591,1,0,0.114665605,0
46592,1,1,0.9706043,1
46593,1,1,1.0,1
46594,1,1,0.7594931,1
46595,0,0,0.029535338,1
46596,1,1,0.7285069,1
46597,1,1,0.9999999,1
46598,1,1,0.9980544,1
46599,1,0,0.20307463,0
46600,0,1,0.9998623,0
46601,0,1,0.9986142,0
46602,0,0,0.07336364,1
46603,0,1,0.9992778,0
46604,1,0,0.059866417,0
46605,1,1,0.6003641,1
46606,0,0,0.098772585,1
46607,0,0,0.10266401,1
46608,1,1,1.0,1
46609,1,1,1.0,1
46610,1,1,0.68452775,1
46611,1,1,0.9997241,1
46612,1,0,0.16926852,0
46613,1,1,0.9993749,1
46614,1,1,0.99998116,1
46615,1,1,0.81582016,1
46616,1,1,0.9937588,1
46617,1,0,0.182717,0
46618,0,0,0.078571655,1
46619,1,1,0.9991186,1
46620,0,1,0.89688534,0
46621,1,1,1.0,1
46622,1,0,0.26961398,0
46623,1,1,0.9999976,1
46624,0,0,0.11104826,1
46625,1,1,0.99999166,1
46626,1,1,0.6543979,1
46627,0,0,0.10239443,1
46628,0,0,0.3172147,1
46629,1,1,1.0,1
46630,0,0,0.12116486,1
46631,1,1,0.99997675,1
46632,1,1,1.0,1
46633,0,0,0.07276838,1
46634,0,1,0.6489671,0
46635,0,1,0.78497905,0
46636,1,0,0.17455095,0
46637,0,1,0.52780336,0
46638,0,0,0.17859745,1
46639,0,0,0.086323485,1
46640,1,1,0.9999999,1
46641,1,1,0.99897385,1
46642,1,1,0.9998785,1
46643,0,1,0.9411153,0
46644,0,0,0.17133832,1
46645,1,1,0.99963236,1
46646,1,0,0.005544146,0
46647,0,1,0.4127668,0
46648,0,1,0.38580844,0
46649,1,0,0.10585582,0
46650,1,0,0.06985836,0
46651,1,0,3.25718e-05,0
46652,0,1,0.9203613,0
46653,1,1,0.97093683,1
46654,1,1,0.66698503,1
46655,1,1,0.9436599,1
46656,1,1,0.9999968,1
46657,1,1,0.667527,1
46658,1,0,0.1917057,0
46659,1,0,0.109324835,0
46660,0,1,0.9207184,0
46661,0,0,0.1800346,1
46662,0,0,0.09057448,1
46663,1,1,0.5496406,1
46664,0,0,0.029063188,1
46665,0,0,0.089136936,1
46666,1,1,1.0,1
46667,0,1,0.78833884,0
46668,0,0,0.19521025,1
46669,1,0,0.08381536,0
46670,1,1,0.9999882,1
46671,1,1,0.9808209,1
46672,0,0,0.33160657,1
46673,1,0,0.073963374,0
46674,1,1,0.9999999,1
46675,0,1,0.99999845,0
46676,0,1,0.8632764,0
46677,0,0,0.04084572,1
46678,0,0,0.21101007,1
46679,0,0,0.045141645,1
46680,1,1,1.0,1
46681,1,0,0.018055335,0
46682,1,0,0.006589771,0
46683,0,1,0.9370381,0
46684,0,1,0.98557997,0
46685,0,1,0.9941801,0
46686,1,1,0.9980506,1
46687,0,0,0.11757212,1
46688,1,1,1.0,1
46689,0,1,0.99184376,0
46690,0,1,0.9986878,0
46691,0,0,0.017934537,1
46692,0,1,0.9606575,0
46693,1,1,0.8233284,1
46694,1,1,0.85705173,1
46695,1,1,0.99682117,1
46696,0,0,0.21485612,1
46697,0,0,0.32863715,1
46698,1,1,0.9999057,1
46699,1,1,1.0,1
46700,0,1,0.58658206,0
46701,1,0,0.13922074,0
46702,0,1,0.9838627,0
46703,0,0,0.2672169,1
46704,1,0,0.22286923,0
46705,0,0,0.017610641,1
46706,1,0,4.7293465e-06,0
46707,0,1,0.9617499,0
46708,1,0,0.18668744,0
46709,1,1,0.7802442,1
46710,1,1,0.9996499,1
46711,1,0,0.13563229,0
46712,1,1,1.0,1
46713,0,0,0.19284318,1
46714,1,1,0.9996886,1
46715,1,1,0.99984944,1
46716,0,0,0.20465964,1
46717,0,0,0.089933,1
46718,0,1,0.88778967,0
46719,1,1,0.99213856,1
46720,0,0,0.04881241,1
46721,1,1,1.0,1
46722,0,0,0.0029065122,1
46723,0,1,0.9984542,0
46724,1,1,0.87037706,1
46725,1,1,0.9999031,1
46726,0,1,0.5008545,0
46727,1,0,0.06596493,0
46728,0,1,0.7910151,0
46729,1,1,1.0,1
46730,0,1,0.9608783,0
46731,0,0,0.020004287,1
46732,1,1,1.0,1
46733,0,1,0.4882834,0
46734,1,0,0.23952717,0
46735,1,1,0.9951703,1
46736,0,0,0.22482039,1
46737,0,1,0.74232835,0
46738,1,0,0.09065494,0
46739,1,1,0.99998474,1
46740,1,1,1.0,1
46741,1,1,0.99864894,1
46742,0,1,0.99999774,0
46743,1,1,0.9999989,1
46744,1,0,0.2032327,0
46745,0,0,0.014392336,1
46746,0,1,1.0,0
46747,0,1,0.6872628,0
46748,0,1,0.9736196,0
46749,0,1,0.9662198,0
46750,0,1,0.41312194,0
46751,1,0,0.33605862,0
46752,1,0,0.2948745,0
46753,1,1,0.99959475,1
46754,0,0,0.09859886,1
46755,1,1,0.99999976,1
46756,1,0,0.091058284,0
46757,1,1,1.0,1
46758,1,1,0.9999802,1
46759,1,1,0.999961,1
46760,0,0,0.2325715,1
46761,0,0,0.15863001,1
46762,0,0,0.04260254,1
46763,1,1,0.9901211,1
46764,0,0,0.0041662566,1
46765,0,1,0.9999479,0
46766,0,0,0.0996453,1
46767,0,1,0.5757073,0
46768,0,1,0.9999995,0
46769,1,1,0.9999999,1
46770,0,0,0.06412401,1
46771,1,0,0.083890386,0
46772,0,0,0.050190784,1
46773,0,1,0.9999999,0
46774,1,1,1.0,1
46775,1,1,0.7728737,1
46776,0,1,0.9999659,0
46777,0,1,1.0,0
46778,1,1,1.0,1
46779,1,1,0.9995372,1
46780,0,0,0.037714817,1
46781,0,0,0.069541745,1
46782,0,1,0.90966654,0
46783,1,1,0.99999094,1
46784,0,0,0.31827322,1
46785,1,1,0.9999932,1
46786,1,1,0.9999794,1
46787,1,1,0.89796406,1
46788,0,1,0.99389064,0
46789,0,1,0.99668854,0
46790,1,1,0.36234847,1
46791,0,0,0.0070664017,1
46792,0,1,0.96900314,0
46793,0,1,0.9893063,0
46794,1,1,0.99979657,1
46795,1,1,0.99995303,1
46796,1,1,0.6848439,1
46797,1,1,0.952882,1
46798,1,1,0.99839586,1
46799,1,1,0.99999905,1
46800,0,1,0.9994937,0
46801,1,1,0.99746394,1
46802,1,0,0.11961366,0
46803,0,0,0.086400524,1
46804,0,1,0.6935249,0
46805,1,1,0.9773924,1
46806,1,1,0.9999999,1
46807,0,0,0.06626642,1
46808,1,1,0.9980957,1
46809,1,1,0.93257624,1
46810,0,0,0.21825255,1
46811,1,0,0.17974643,0
46812,0,0,0.060031522,1
46813,1,1,0.99909604,1
46814,1,1,0.97624266,1
46815,0,0,0.028816197,1
46816,1,0,0.337149,0
46817,1,1,0.9999839,1
46818,1,1,1.0,1
46819,1,1,0.71492666,1
46820,0,0,0.3014649,1
46821,0,1,0.9719925,0
46822,1,1,0.99995387,1
46823,0,1,0.99999535,0
46824,0,0,0.12368283,1
46825,1,1,1.0,1
46826,1,0,0.28224567,0
46827,1,0,0.026430635,0
46828,1,1,0.9999976,1
46829,0,1,0.9653158,0
46830,0,1,0.84594244,0
46831,0,0,0.32498476,1
46832,1,1,0.9999974,1
46833,1,1,0.6657909,1
46834,1,1,0.9999976,1
46835,1,1,0.97104686,1
46836,1,0,0.30264863,0
46837,1,1,0.5995438,1
46838,1,1,0.9999999,1
46839,1,1,1.0,1
46840,0,1,1.0,0
46841,1,1,0.9998876,1
46842,0,0,0.252845,1
46843,1,0,0.34549162,0
46844,0,1,0.71735847,0
46845,0,0,0.18550415,1
46846,0,0,0.02442309,1
46847,0,1,0.70022905,0
46848,0,1,0.9541374,0
46849,1,1,1.0,1
46850,1,1,0.65118855,1
46851,1,1,0.65836257,1
46852,1,1,0.99962735,1
46853,1,1,0.8890481,1
46854,0,0,0.19544049,1
46855,1,1,1.0,1
46856,0,0,0.06903792,1
46857,1,1,0.6829439,1
46858,1,1,1.0,1
46859,0,1,0.86916035,0
46860,0,0,0.2588877,1
46861,0,0,0.012170629,1
46862,0,1,0.6156079,0
46863,1,1,0.9999863,1
46864,1,0,0.10800066,0
46865,0,1,0.9830526,0
46866,0,1,0.9986249,0
46867,1,0,0.05531065,0
46868,1,1,0.77505195,1
46869,1,1,0.94208187,1
46870,0,1,0.96080494,0
46871,0,1,0.9234544,0
46872,1,1,0.99978596,1
46873,1,1,1.0,1
46874,1,1,0.9996402,1
46875,1,1,0.99085677,1
46876,0,1,0.6042822,0
46877,0,1,0.5363736,0
46878,1,1,0.99356186,1
46879,1,1,0.61474097,1
46880,0,0,0.18572558,1
46881,1,1,1.0,1
46882,1,0,0.02368947,0
46883,0,0,0.024376595,1
46884,1,0,0.074567616,0
46885,0,1,0.9999876,0
46886,0,1,0.9999645,0
46887,1,0,0.045862667,0
46888,0,0,0.12951279,1
46889,1,1,0.8981429,1
46890,1,1,1.0,1
46891,0,0,0.024516337,1
46892,0,1,0.8863221,0
46893,0,0,0.17258981,1
46894,1,1,0.9591926,1
46895,0,1,0.99939525,0
46896,0,0,0.11308892,1
46897,0,1,0.941493,0
46898,0,1,0.38850203,0
46899,0,1,0.9983223,0
46900,1,1,0.9999913,1
46901,1,0,0.17231107,0
46902,0,1,0.9973322,0
46903,1,1,1.0,1
46904,0,1,0.9966036,0
46905,0,1,0.9999269,0
46906,1,1,0.9999398,1
46907,1,1,0.97376966,1
46908,1,1,0.9942251,1
46909,0,1,0.9463493,0
46910,1,1,0.99999917,1
46911,0,0,0.08144666,1
46912,0,0,0.06632688,1
46913,1,0,0.22936255,0
46914,1,1,0.5014038,1
46915,1,1,0.99968493,1
46916,1,1,0.99999917,1
46917,1,1,0.43926623,1
46918,0,1,0.59801877,0
46919,0,0,0.09534946,1
46920,0,0,0.10347653,1
46921,1,1,0.9987816,1
46922,1,0,0.30751395,0
46923,0,0,0.074365705,1
46924,0,0,0.17113045,1
46925,1,1,1.0,1
46926,1,1,1.0,1
46927,1,1,0.9999968,1
46928,0,0,0.036322463,1
46929,1,1,0.45465374,1
46930,0,1,0.6627419,0
46931,1,1,0.9993175,1
46932,0,0,0.060363002,1
46933,1,1,0.5270122,1
46934,1,1,1.0,1
46935,1,1,0.9992693,1
46936,1,1,0.9999994,1
46937,0,0,0.0808641,1
46938,0,0,0.28811818,1
46939,0,1,0.39018536,0
46940,1,1,0.99608517,1
46941,0,0,0.03429395,1
46942,1,0,0.15974101,0
46943,1,1,0.99975747,1
46944,0,1,0.99996686,0
46945,1,1,0.99999976,1
46946,1,1,1.0,1
46947,0,0,0.12890846,1
46948,1,1,1.0,1
46949,1,1,0.9999821,1
46950,1,1,0.9994653,1
46951,1,1,1.0,1
46952,1,1,0.9999994,1
46953,1,1,1.0,1
46954,1,0,0.11047115,0
46955,0,0,0.2548797,1
46956,0,1,0.97991896,0
46957,1,0,0.080574244,0
46958,0,1,0.7498207,0
46959,1,0,0.0014636011,0
46960,1,0,0.06383161,0
46961,1,1,0.95208645,1
46962,1,1,0.98313373,1
46963,1,0,0.14706452,0
46964,1,1,0.9967397,1
46965,0,0,0.32002386,1
46966,1,1,1.0,1
46967,0,1,0.409634,0
46968,0,1,0.99999917,0
46969,1,1,1.0,1
46970,0,1,0.9999987,0
46971,0,1,0.8872046,0
46972,1,1,0.9925249,1
46973,1,0,0.21816924,0
46974,1,1,0.6955966,1
46975,1,1,0.99791294,1
46976,1,1,0.988425,1
46977,1,1,0.87310666,1
46978,1,1,0.55096984,1
46979,0,0,0.07068779,1
46980,0,1,0.999332,0
46981,1,1,0.9874721,1
46982,1,1,0.99987805,1
46983,0,0,0.039638843,1
46984,1,1,0.9999999,1
46985,1,1,1.0,1
46986,1,1,0.9827572,1
46987,1,1,0.99999833,1
46988,0,0,0.06548521,1
46989,0,1,0.99411184,0
46990,0,1,0.9831661,0
46991,1,1,1.0,1
46992,0,0,0.053304683,1
46993,1,1,0.9999994,1
46994,1,1,0.99968255,1
46995,0,0,0.27367145,1
46996,1,1,0.82432055,1
46997,1,0,0.035678547,0
46998,0,0,0.06383161,1
46999,1,0,0.093512304,0
47000,0,0,0.24589899,1
47001,1,1,1.0,1
47002,0,1,0.9999999,0
47003,1,1,0.6548396,1
47004,1,1,0.99605453,1
47005,1,1,0.99983656,1
47006,1,1,0.9999912,1
47007,0,0,0.05165378,1
47008,0,0,0.15386674,1
47009,0,0,0.24113183,1
47010,0,1,0.7554566,0
47011,1,1,1.0,1
47012,0,1,0.95447797,0
47013,1,0,0.19620943,0
47014,1,1,0.8975158,1
47015,0,0,0.056132775,1
47016,0,0,0.11250255,1
47017,0,1,0.5960805,0
47018,1,1,0.9997876,1
47019,1,1,1.0,1
47020,0,1,0.98199654,0
47021,0,1,0.8729984,0
47022,0,1,0.99999964,0
47023,0,0,0.18440005,1
47024,1,1,1.0,1
47025,1,1,0.990329,1
47026,1,1,0.9982003,1
47027,1,1,1.0,1
47028,1,0,0.048092045,0
47029,0,0,0.12215622,1
47030,1,1,1.0,1
47031,1,0,0.10604083,0
47032,1,1,1.0,1
47033,1,1,0.9999963,1
47034,1,0,0.037256766,0
47035,0,0,0.07779745,1
47036,1,1,0.99984455,1
47037,0,0,0.19284318,1
47038,0,0,0.1056711,1
47039,1,1,0.99398476,1
47040,1,1,1.0,1
47041,1,0,0.03775027,0
47042,1,0,0.0004390453,0
47043,1,1,0.9965904,1
47044,0,0,0.29477292,1
47045,1,1,0.9999995,1
47046,1,1,0.9997594,1
47047,1,1,0.9999993,1
47048,1,1,0.37768415,1
47049,0,1,0.99293363,0
47050,1,1,0.99896574,1
47051,1,1,0.99999976,1
47052,0,0,0.05170164,1
47053,1,1,0.9999869,1
47054,0,1,0.38937235,0
47055,1,1,1.0,1
47056,0,0,0.07423137,1
47057,1,1,0.99988544,1
47058,1,1,0.9202897,1
47059,1,0,0.14139993,0
47060,0,1,0.80486643,0
47061,1,0,0.23528405,0
47062,0,1,0.99999475,0
47063,0,0,0.12220859,1
47064,1,1,0.8964329,1
47065,0,0,0.018564347,1
47066,0,0,0.12199923,1
47067,1,0,0.017409043,0
47068,0,0,0.03044435,1
47069,0,0,0.018725162,1
47070,1,1,1.0,1
47071,1,0,0.05845324,0
47072,1,1,0.9999951,1
47073,0,0,0.14688088,1
47074,1,1,0.99951494,1
47075,0,0,0.19261529,1
47076,1,1,1.0,1
47077,1,0,0.06142404,0
47078,0,0,0.043325305,1
47079,1,1,1.0,1
47080,0,0,0.19899648,1
47081,0,0,0.32034272,1
47082,1,0,0.22270013,0
47083,0,0,0.12967801,1
47084,1,1,0.99999905,1
47085,1,1,1.0,1
47086,1,1,1.0,1
47087,1,1,0.999765,1
47088,1,1,1.0,1
47089,0,1,0.5954337,0
47090,1,0,0.079068,0
47091,1,1,0.9993135,1
47092,0,1,0.5973143,0
47093,1,1,1.0,1
47094,1,0,0.03429395,0
47095,1,0,0.062160026,0
47096,0,0,0.019215846,1
47097,1,1,0.99999166,1
47098,1,1,0.99999094,1
47099,0,0,0.05577169,1
47100,1,0,0.3508661,0
47101,0,1,0.99999297,0
47102,0,0,0.22219339,1
47103,0,0,0.018725162,1
47104,1,1,1.0,1
47105,1,1,0.9993724,1
47106,0,0,0.03085051,1
47107,0,1,0.9647889,0
47108,1,1,0.99994504,1
47109,1,0,0.0129954135,0
47110,0,0,0.08593914,1
47111,0,0,0.07531231,1
47112,0,1,0.48328263,0
47113,0,1,0.9789353,0
47114,1,1,0.937669,1
47115,1,1,0.35320505,1
47116,0,1,0.86476797,0
47117,0,0,0.1480472,1
47118,0,1,0.9568766,0
47119,0,1,0.66361445,0
47120,1,1,0.9486801,1
47121,1,1,0.89442116,1
47122,0,0,0.039048295,1
47123,1,0,0.022457054,0
47124,1,1,1.0,1
47125,0,0,0.034391105,1
47126,1,1,0.99999475,1
47127,0,1,0.9853843,0
47128,1,1,0.99903405,1
47129,1,1,0.9962419,1
47130,1,0,0.010368156,0
47131,1,1,0.62079406,1
47132,1,0,0.04344689,0
47133,0,1,0.9999999,0
47134,0,0,0.33491564,1
47135,0,1,0.37079483,0
47136,1,1,0.99881905,1
47137,0,1,0.8965235,0
47138,1,1,0.99999905,1
47139,1,1,0.99999833,1
47140,0,0,0.06412401,1
47141,0,0,0.08740792,1
47142,1,1,1.0,1
47143,1,1,0.6629601,1
47144,0,1,0.99170023,0
47145,0,1,0.9999565,0
47146,1,1,0.9999988,1
47147,0,1,0.9999999,0
47148,1,0,0.16844618,0
47149,0,1,0.7757747,0
47150,0,0,0.049405243,1
47151,0,0,0.22034244,1
47152,0,0,0.050097767,1
47153,1,1,1.0,1
47154,1,0,0.1434875,0
47155,0,0,0.24798743,1
47156,0,1,0.9999994,0
47157,0,0,0.08079154,1
47158,0,0,0.16968088,1
47159,1,1,0.99837387,1
47160,0,0,0.01883313,1
47161,0,0,0.064065434,1
47162,0,1,0.9770445,0
47163,0,1,0.99980134,0
47164,1,1,0.9999826,1
47165,1,1,0.48837492,1
47166,0,0,0.044348583,1
47167,0,1,0.6877873,0
47168,0,0,0.16204827,1
47169,0,0,0.22084618,1
47170,0,0,0.014728614,1
47171,1,1,0.59343255,1
47172,1,0,0.3118982,0
47173,1,1,0.9999255,1
47174,0,0,0.0551069,1
47175,1,1,0.81946033,1
47176,0,1,0.7864589,0
47177,1,1,1.0,1
47178,1,1,0.40895522,1
47179,1,1,1.0,1
47180,0,0,0.27708158,1
47181,1,1,0.9999362,1
47182,0,1,0.99999976,0
47183,0,0,0.099820666,1
47184,1,1,0.9999969,1
47185,1,1,1.0,1
47186,1,1,0.99989843,1
47187,1,1,0.9999821,1
47188,1,0,0.25040838,0
47189,0,0,0.06947859,1
47190,1,0,0.11752149,0
47191,0,0,0.22832853,1
47192,0,1,0.5138514,0
47193,0,1,1.0,0
47194,0,0,0.06542547,1
47195,1,1,0.9707155,1
47196,1,1,0.97104686,1
47197,1,1,0.99038494,1
47198,0,0,0.09392703,1
47199,0,1,0.69123685,0
47200,1,1,0.9278225,1
47201,1,1,0.9988927,1
47202,1,1,0.9960238,1
47203,1,1,0.9217811,1
47204,0,1,0.99999845,0
47205,0,0,0.08479541,1
47206,1,1,0.9999435,1
47207,1,0,0.051177494,0
47208,0,1,0.6930057,0
47209,1,0,0.16749083,0
47210,0,0,0.074030295,1
47211,1,1,0.99999905,1
47212,0,1,0.7938261,0
47213,1,1,0.9843664,1
47214,0,1,0.89858866,0
47215,1,1,1.0,1
47216,0,0,0.012264914,1
47217,1,1,0.9999814,1
47218,1,1,1.0,1
47219,1,1,0.9977525,1
47220,0,1,0.99996984,0
47221,1,1,0.36817852,1
47222,1,1,0.9802808,1
47223,0,0,0.2863688,1
47224,0,1,0.48419714,0
47225,0,0,0.05937366,1
47226,0,0,0.27202454,1
47227,0,1,0.9799574,0
47228,1,1,0.9999988,1
47229,1,1,0.7937462,1
47230,1,1,0.99864894,1
47231,1,0,0.058185086,0
47232,1,0,0.20906568,0
47233,1,1,0.9959927,1
47234,0,0,0.20001023,1
47235,0,0,0.010248602,1
47236,1,1,0.94417685,1
47237,0,0,0.19042274,1
47238,1,1,0.4216709,1
47239,0,1,0.5204354,0
47240,1,1,0.9986249,1
47241,1,1,1.0,1
47242,1,0,0.045862667,0
47243,1,1,1.0,1
47244,1,0,0.06273176,0
47245,1,1,0.9920312,1
47246,1,1,1.0,1
47247,0,0,0.012821213,1
47248,1,1,1.0,1
47249,1,1,0.40730393,1
47250,1,1,0.97752154,1
47251,1,1,0.6429931,1
47252,1,1,1.0,1
47253,1,1,0.5222022,1
47254,0,0,0.008933403,1
47255,1,1,0.8162599,1
47256,1,1,1.0,1
47257,0,1,0.5054319,0
47258,0,0,0.15405755,1
47259,1,1,0.90422857,1
47260,1,1,0.9986033,1
47261,1,1,0.6556117,1
47262,1,1,0.99677116,1
47263,0,0,0.052814018,1
47264,1,1,0.84834504,1
47265,0,0,0.21825255,1
47266,0,1,0.9917163,0
47267,0,0,0.14737104,1
47268,1,1,1.0,1
47269,1,1,0.9999887,1
47270,0,1,0.9999957,0
47271,1,1,1.0,1
47272,0,0,0.01510165,1
47273,1,1,0.99997544,1
47274,1,1,1.0,1
47275,1,1,0.99952257,1
47276,1,1,1.0,1
47277,1,0,0.09973295,0
47278,0,1,0.7353091,0
47279,0,1,0.9234544,0
47280,1,1,0.70826304,1
47281,0,0,0.028870905,1
47282,1,1,0.9620006,1
47283,0,1,1.0,0
47284,0,0,0.037785765,1
47285,0,0,0.035914496,1
47286,0,0,0.05525965,1
47287,1,1,0.9966756,1
47288,0,1,0.999943,0
47289,0,1,0.99974185,0
47290,0,0,0.2887195,1
47291,0,1,0.9983612,0
47292,1,1,0.99999964,1
47293,1,0,0.24972162,0
47294,1,0,0.035444103,0
47295,1,0,0.13500383,0
47296,1,0,0.07237402,0
47297,0,0,0.16092427,1
47298,0,0,0.008677717,1
47299,1,1,0.9999442,1
47300,0,0,0.007246802,1
47301,1,0,0.026480937,0
47302,1,1,0.99398476,1
47303,1,1,0.99998546,1
47304,1,1,0.9991374,1
47305,1,1,0.91573364,1
47306,0,1,0.7879312,0
47307,1,1,0.9449947,1
47308,1,1,0.9349319,1
47309,1,1,0.9999753,1
47310,1,1,0.99999917,1
47311,0,0,0.033336822,1
47312,0,1,0.93183565,0
47313,1,1,1.0,1
47314,1,0,0.29047742,0
47315,0,0,0.0018172832,1
47316,1,1,0.99999344,1
47317,0,1,0.52768165,0
47318,0,0,0.32348695,1
47319,0,0,0.060919292,1
47320,0,1,0.5274383,0
47321,1,1,0.9794133,1
47322,0,1,0.9736196,0
47323,0,0,0.046335038,1
47324,1,1,0.9999708,1
47325,1,1,0.64159083,1
47326,1,1,0.9991573,1
47327,0,0,0.15941359,1
47328,0,1,0.9172285,0
47329,1,1,0.99999905,1
47330,0,0,0.2671691,1
47331,1,1,0.99998593,1
47332,0,1,0.99903214,0
47333,1,1,0.8967949,1
47334,0,0,0.049176436,1
47335,1,1,0.7272981,1
47336,0,1,0.9988575,0
47337,0,1,0.9992563,0
47338,1,1,0.9994286,1
47339,0,0,0.054449577,1
47340,1,1,1.0,1
47341,1,1,0.99885976,1
47342,0,1,0.7995989,0
47343,0,1,0.77081,0
47344,1,0,0.054298937,0
47345,0,0,0.13415082,1
47346,1,1,0.8898164,1
47347,1,1,0.99992514,1
47348,1,0,0.052765187,0
47349,0,0,0.111627996,1
47350,0,0,0.14712578,1
47351,1,0,0.17412922,0
47352,1,1,1.0,1
47353,0,0,0.05075239,1
47354,1,1,0.9999753,1
47355,1,1,0.9999999,1
47356,1,1,0.53278977,1
47357,1,0,0.08028533,0
47358,0,0,0.13111758,1
47359,1,1,1.0,1
47360,1,1,0.52165395,1
47361,1,1,0.9951137,1
47362,1,1,0.9999907,1
47363,0,0,0.05184547,1
47364,0,1,0.36528686,0
47365,1,0,0.18594721,0
47366,0,0,0.11506276,1
47367,1,1,0.97527254,1
47368,1,1,0.6748545,1
47369,0,0,0.3143662,1
47370,1,0,0.021594688,0
47371,1,0,0.056548137,0
47372,0,0,0.11531158,1
47373,1,1,0.9958901,1
47374,0,0,0.25543654,1
47375,0,0,0.24113183,1
47376,1,1,0.9103862,1
47377,0,1,0.38283342,0
47378,1,1,0.99964094,1
47379,1,1,0.94154674,1
47380,1,1,0.99984455,1
47381,1,1,0.6691506,1
47382,1,1,1.0,1
47383,1,1,0.9673178,1
47384,0,0,0.12347128,1
47385,1,0,0.069604956,0
47386,1,1,1.0,1
47387,0,1,0.9899087,0
47388,1,0,0.32831407,0
47389,0,0,0.11797801,1
47390,1,0,0.24517536,0
47391,0,1,0.5095203,0
47392,1,1,0.99983203,1
47393,0,1,0.35543925,0
47394,0,0,0.03642515,1
47395,1,1,0.6802948,1
47396,1,1,0.8819204,1
47397,1,1,1.0,1
47398,0,1,0.9999963,0
47399,0,0,0.14360754,1
47400,1,1,0.99999785,1
47401,1,1,0.9999999,1
47402,0,0,0.020606475,1
47403,1,1,0.73445296,1
47404,1,1,1.0,1
47405,0,1,0.99543506,0
47406,0,0,0.073098525,1
47407,0,1,0.7210071,0
47408,0,1,0.8945133,0
47409,1,1,0.9999994,1
47410,1,1,0.9993135,1
47411,0,1,0.5362522,0
47412,1,1,0.7392342,1
47413,0,1,0.38488325,0
47414,1,1,0.957794,1
47415,1,1,1.0,1
47416,0,0,0.062103122,1
47417,1,1,0.9999846,1
47418,1,1,0.9999993,1
47419,1,1,1.0,1
47420,1,1,0.99999976,1
47421,0,0,0.034848027,1
47422,1,1,1.0,1
47423,0,0,0.11747085,1
47424,1,1,1.0,1
47425,1,1,0.9858004,1
47426,0,1,0.9999995,0
47427,1,1,1.0,1
47428,0,1,0.5381338,0
47429,1,1,0.9403531,1
47430,0,1,0.56355816,0
47431,1,1,0.9999758,1
47432,0,0,0.010408314,1
47433,0,0,0.2552508,1
47434,0,1,0.73511904,0
47435,0,0,0.283831,1
47436,1,1,0.99998057,1
47437,0,1,0.9860174,0
47438,0,0,0.32268605,1
47439,0,0,0.013636835,1
47440,0,1,0.92156965,0
47441,0,1,0.9999999,0
47442,0,0,0.029035643,1
47443,1,0,0.20024472,0
47444,0,0,0.17866908,1
47445,1,0,0.09203286,0
47446,1,1,0.9869292,1
47447,0,0,0.0422455,1
47448,0,0,0.13788034,1
47449,0,0,0.16158465,1
47450,0,0,0.025540898,1
47451,1,0,0.33878776,0
47452,1,0,0.14181541,0
47453,0,1,0.848847,0
47454,0,0,0.31753206,1
47455,1,1,0.999997,1
47456,1,1,0.99090964,1
47457,1,0,0.07999737,0
47458,1,1,0.99999857,1
47459,0,0,0.049819652,1
47460,0,0,0.17203271,1
47461,0,0,0.19444428,1
47462,0,1,0.96644217,0
47463,1,1,1.0,1
47464,1,1,0.9913892,1
47465,0,0,0.07850098,1
47466,0,0,0.32391453,1
47467,1,1,1.0,1
47468,0,0,0.06424133,1
47469,1,0,0.13747455,0
47470,1,1,0.99976224,1
47471,0,0,0.040922306,1
47472,1,0,0.0070390464,0
47473,0,0,0.17078443,1
47474,0,0,0.06935241,1
47475,0,1,0.49957275,0
47476,1,1,0.99576014,1
47477,1,1,0.81946033,1
47478,1,1,0.9999945,1
47479,1,1,0.9998097,1
47480,0,1,0.93189764,0
47481,1,1,0.8197491,1
47482,0,0,0.08079154,1
47483,0,1,0.9531008,0
47484,1,0,0.16532342,0
47485,0,0,0.08464396,1
47486,1,1,0.99951315,1
47487,1,1,0.97828114,1
47488,1,1,1.0,1
47489,1,1,0.98260766,1
47490,0,1,0.5544705,0
47491,0,1,0.9235233,0
47492,0,0,0.013795365,1
47493,1,1,0.9979572,1
47494,0,1,0.47916853,0
47495,0,0,0.1596755,1
47496,0,1,0.47569665,0
47497,1,1,1.0,1
47498,1,1,0.8143483,1
47499,1,1,0.9961606,1
47500,1,1,0.79182106,1
47501,1,1,0.9994286,1
47502,1,1,0.8498466,1
47503,0,0,0.023779985,1
47504,0,0,0.20777677,1
47505,0,1,0.8406518,0
47506,0,1,0.80837,0
47507,1,1,1.0,1
47508,1,0,0.12759827,0
47509,1,1,0.9986853,1
47510,1,0,0.26903743,0
47511,1,1,0.5496406,1
47512,0,1,0.42826328,0
47513,1,1,0.9999906,1
47514,1,1,0.5119606,1
47515,1,1,0.90821165,1
47516,0,0,0.17738298,1
47517,0,1,0.7288448,0
47518,1,1,0.99967945,1
47519,1,1,0.99949765,1
47520,0,1,0.8992984,0
47521,0,1,0.82866174,0
47522,1,1,1.0,1
47523,0,0,0.28726768,1
47524,1,1,0.9369228,1
47525,1,1,0.98018634,1
47526,0,0,0.03135076,1
47527,1,1,0.9999957,1
47528,1,1,0.99999917,1
47529,1,0,0.05608106,0
47530,0,0,0.08173938,1
47531,1,1,1.0,1
47532,0,0,0.28746766,1
47533,1,1,0.99999964,1
47534,1,1,0.9996437,1
47535,0,0,0.014672034,1
47536,1,1,0.9968702,1
47537,1,1,0.99650973,1
47538,1,0,0.15934816,0
47539,1,1,0.81077874,1
47540,1,0,0.06319269,0
47541,0,1,0.79549927,0
47542,1,1,0.99999964,1
47543,0,1,0.90574,0
47544,1,1,0.58640444,1
47545,1,1,0.9998585,1
47546,0,1,0.9246196,0
47547,1,1,0.9109423,1
47548,1,0,0.10167862,0
47549,0,1,0.9974342,0
47550,0,1,0.52780336,0
47551,0,0,0.26203844,1
47552,1,1,0.66055566,1
47553,1,0,0.12629946,0
47554,1,1,0.99920684,1
47555,0,1,0.9759694,0
47556,0,0,0.07504072,1
47557,1,1,0.8200375,1
47558,1,0,0.07592667,0
47559,0,0,0.074365705,1
47560,0,1,0.9964825,0
47561,0,1,0.3809029,0
47562,1,1,0.99977213,1
47563,0,1,0.40627295,0
47564,1,0,0.032992378,0
47565,1,1,0.40733343,1
47566,1,0,0.16224726,0
47567,1,1,0.93941504,1
47568,0,0,0.30383506,1
47569,1,1,0.4611381,1
47570,0,1,0.9965436,0
47571,1,0,0.039601684,0
47572,0,0,0.0013147246,1
47573,1,1,0.99999845,1
47574,1,1,0.5165345,1
47575,1,1,0.99361163,1
47576,1,1,0.8940517,1
47577,1,1,0.99991417,1
47578,1,1,0.9859093,1
47579,0,1,0.9913223,0
47580,1,0,0.17483254,0
47581,0,1,0.81405276,0
47582,0,0,0.087954745,1
47583,1,0,0.06489012,0
47584,1,1,0.9999926,1
47585,0,1,0.9863369,0
47586,1,1,0.99999833,1
47587,1,1,0.64237636,1
47588,1,1,0.9510059,1
47589,1,1,0.9989778,1
47590,1,1,0.9942697,1
47591,0,0,0.20204929,1
47592,1,1,0.9999999,1
47593,0,0,0.07626997,1
47594,1,1,0.9884919,1
47595,0,0,0.07011259,1
47596,0,0,0.093512304,1
47597,1,1,0.9996705,1
47598,0,1,0.91436726,0
47599,0,0,0.05997644,1
47600,1,1,0.4605012,1
47601,1,0,0.054148693,0
47602,0,1,0.99914074,0
47603,0,0,0.19049802,1
47604,1,1,1.0,1
47605,1,1,1.0,1
47606,0,0,0.10922978,1
47607,1,1,0.99992037,1
47608,1,1,0.9999999,1
47609,1,1,1.0,1
47610,0,0,0.063714996,1
47611,0,1,0.9848984,0
47612,1,1,0.9964064,1
47613,1,1,0.8191712,1
47614,1,1,0.98387814,1
47615,0,0,0.02463338,1
47616,1,1,0.45625833,1
47617,1,1,0.99971753,1
47618,0,0,0.18126321,1
47619,0,1,0.8734309,0
47620,1,1,0.930395,1
47621,0,1,0.5333975,0
47622,1,1,0.9999958,1
47623,0,1,0.76821196,0
47624,0,1,0.96468914,0
47625,0,1,0.99998593,0
47626,1,1,1.0,1
47627,0,1,0.668718,0
47628,0,1,0.99928623,0
47629,1,0,0.049958523,0
47630,1,0,0.022802634,0
47631,0,1,0.73753643,0
47632,0,0,0.2213507,1
47633,1,1,1.0,1
47634,1,1,0.9992237,1
47635,0,1,0.9997713,0
47636,1,0,0.20212801,0
47637,0,1,0.7411123,0
47638,1,1,0.999998,1
47639,0,0,0.09081609,1
47640,0,1,0.9000915,0
47641,1,1,0.8530579,1
47642,0,1,0.35874614,0
47643,1,1,0.7132818,1
47644,1,1,0.90235174,1
47645,1,0,0.057599206,0
47646,0,1,0.77696157,0
47647,1,1,0.99999976,1
47648,0,0,0.04308309,1
47649,1,1,0.999572,1
47650,1,0,0.24355245,0
47651,1,0,0.000112353264,0
47652,0,0,0.2724115,1
47653,0,1,0.9116528,0
47654,1,1,0.6323325,1
47655,1,1,0.4123231,1
47656,0,0,0.054600604,1
47657,0,1,0.9999999,0
47658,0,1,0.6996137,0
47659,1,1,0.9948303,1
47660,1,0,0.10221505,0
47661,1,1,0.9999943,1
47662,1,1,0.99999845,1
47663,1,1,0.9981324,1
47664,1,0,0.14651415,0
47665,1,0,0.064065434,0
47666,1,1,0.9999478,1
47667,1,1,0.9999999,1
47668,1,1,1.0,1
47669,1,0,0.13420753,0
47670,1,0,0.13330236,0
47671,1,1,0.9713201,1
47672,0,0,0.052134257,1
47673,0,0,0.08284563,1
47674,1,1,0.98871195,1
47675,0,0,0.100524865,1
47676,0,0,0.031858858,1
47677,0,0,0.07800791,1
47678,0,1,0.9908744,0
47679,1,1,0.41863748,1
47680,0,0,0.25100458,1
47681,1,0,0.033875983,0
47682,1,0,0.051941562,0
47683,1,0,0.058884703,0
47684,0,1,0.99678373,0
47685,0,0,0.0715912,1
47686,1,0,0.28897023,0
47687,1,1,1.0,1
47688,1,1,0.99861693,1
47689,0,0,0.28328544,1
47690,1,1,0.99856466,1
47691,1,1,0.9823386,1
47692,1,1,0.45048025,1
47693,1,1,0.6673103,1
47694,0,0,0.18787654,1
47695,1,1,0.998345,1
47696,0,1,0.87966454,0
47697,1,0,0.12389466,0
47698,0,0,0.2923932,1
47699,1,1,0.9974491,1
47700,1,0,0.2795334,0
47701,1,1,1.0,1
47702,1,1,0.99693656,1
47703,1,1,0.9998832,1
47704,0,1,0.7073542,0
47705,1,1,0.999884,1
47706,0,1,0.39773372,0
47707,1,1,0.5167174,1
47708,1,1,1.0,1
47709,1,1,1.0,1
47710,1,1,0.990732,1
47711,0,1,0.5550735,0
47712,0,1,0.4893815,0
47713,1,1,0.9843062,1
47714,1,1,0.99988854,1
47715,0,1,0.999984,0
47716,0,1,0.9531008,0
47717,1,1,0.99576014,1
47718,0,1,0.96249723,0
47719,0,1,0.9975799,0
47720,1,1,0.9998752,1
47721,0,0,0.13111758,1
47722,0,1,0.98932695,0
47723,1,1,0.3718777,1
47724,1,1,0.7751796,1
47725,0,0,0.24113183,1
47726,1,1,0.99999917,1
47727,1,1,1.0,1
47728,1,1,0.99025387,1
47729,0,1,0.388415,0
47730,0,0,0.18462047,1
47731,0,1,0.7314904,0
47732,1,0,0.0055012377,0
47733,0,1,0.9993148,0
47734,0,1,0.9013143,0
47735,1,1,1.0,1
47736,1,1,0.9999994,1
47737,1,1,0.6977634,1
47738,0,0,0.18959609,1
47739,0,1,0.8008478,0
47740,0,1,0.66470355,0
47741,1,0,0.045948204,0
47742,1,0,0.002472623,0
47743,1,1,1.0,1
47744,0,1,0.896614,0
47745,1,1,1.0,1
47746,1,0,0.08108211,0
47747,1,1,0.9999497,1
47748,1,0,0.18631704,0
47749,0,0,0.019568674,1
47750,0,1,0.9908035,0
47751,1,1,0.98022413,1
47752,0,1,0.9999999,0
47753,1,1,1.0,1
47754,1,1,0.9999976,1
47755,1,1,0.9999982,1
47756,0,1,0.99731135,0
47757,1,0,0.093678005,0
47758,1,0,0.17490298,0
47759,0,1,0.99394965,0
47760,0,1,0.98862445,0
47761,1,1,0.9810765,1
47762,0,1,0.58053046,0
47763,1,1,0.99459416,1
47764,1,1,0.9999901,1
47765,1,0,0.059646945,0
47766,0,0,0.067485206,1
47767,1,1,0.9782396,1
47768,1,1,0.94018847,1
47769,0,1,0.99999845,0
47770,1,1,0.99999976,1
47771,0,1,0.9976859,0
47772,0,0,0.2646433,1
47773,0,1,0.3577358,0
47774,0,0,0.026886744,1
47775,0,0,0.19837458,1
47776,0,0,0.17809658,1
47777,1,1,0.9320215,1
47778,0,1,0.9999101,0
47779,0,0,0.091382094,1
47780,1,1,0.99760324,1
47781,1,1,0.98844737,1
47782,1,1,0.99983966,1
47783,1,1,1.0,1
47784,1,1,0.93379396,1
47785,0,1,0.999332,0
47786,0,1,0.9484895,0
47787,1,1,0.9999993,1
47788,0,0,0.19567093,1
47789,1,1,0.8940517,1
47790,1,1,0.98799264,1
47791,0,0,0.13195427,1
47792,1,1,0.94458723,1
47793,1,1,0.99995947,1
47794,0,0,0.19216007,1
47795,1,0,0.06903792,0
47796,0,1,0.9994837,0
47797,0,1,0.99993134,0
47798,1,1,0.93546456,1
47799,1,1,0.9986436,1
47800,1,0,0.21076632,0
47801,0,0,0.048092045,1
47802,1,0,0.042087723,0
47803,1,1,0.62309027,1
47804,1,1,1.0,1
47805,1,0,0.10989669,0
47806,1,1,1.0,1
47807,1,1,1.0,1
47808,0,1,0.96408546,0
47809,1,1,0.99999225,1
47810,1,1,0.5579055,1
47811,0,0,0.16954333,1
47812,0,1,0.7266681,0
47813,1,1,1.0,1
47814,0,0,0.017729297,1
47815,0,1,0.93952614,0
47816,1,1,0.9999832,1
47817,1,1,0.99871063,1
47818,1,1,0.9667888,1
47819,0,1,0.60754675,0
47820,1,1,1.0,1
47821,0,0,0.095940754,1
47822,1,1,0.99999726,1
47823,0,1,0.7977932,0
47824,0,1,0.9810037,0
47825,0,1,0.7272981,0
47826,1,1,0.99216896,1
47827,1,1,0.99997497,1
47828,0,1,0.8671483,0
47829,0,1,0.9330048,0
47830,0,1,0.563438,0
47831,0,1,1.0,0
47832,0,0,0.017259333,1
47833,0,1,0.9796482,0
47834,0,1,0.8050198,0
47835,0,0,0.06250249,1
47836,0,0,0.34471914,1
47837,1,1,0.80570865,1
47838,1,1,0.5119606,1
47839,0,1,0.79198205,0
47840,0,1,0.7794897,0
47841,1,1,1.0,1
47842,1,1,0.9965233,1
47843,1,1,0.9985104,1
47844,0,1,0.5941392,0
47845,0,1,0.78809434,0
47846,0,1,0.41750893,0
47847,0,1,0.99785525,0
47848,1,0,0.13998318,0
47849,1,1,0.9999999,1
47850,1,1,0.66969085,1
47851,0,1,0.36554158,0
47852,0,0,1.9223171e-05,1
47853,1,1,0.99986815,1
47854,0,0,0.3081382,1
47855,1,1,0.9999747,1
47856,0,0,0.15203224,1
47857,0,0,0.028140754,1
47858,1,0,0.11456651,0
47859,1,1,0.5108625,1
47860,0,1,0.9964619,0
47861,1,1,0.5108625,1
47862,1,1,0.9716986,1
47863,1,1,0.9982109,1
47864,1,1,1.0,1
47865,1,0,0.27401125,0
47866,0,1,0.46429428,0
47867,1,1,1.0,1
47868,1,1,0.99999964,1
47869,0,1,0.54492253,0
47870,1,1,0.9995054,1
47871,0,1,0.9999993,0
47872,0,0,0.12984344,1
47873,0,0,0.29330328,1
47874,1,0,0.06388999,0
47875,0,1,0.84619683,0
47876,0,0,0.046205748,1
47877,1,1,0.9610981,1
47878,1,1,0.9639839,1
47879,0,0,0.10790661,1
47880,0,1,0.9164094,0
47881,0,1,0.9998965,0
47882,0,1,0.63142383,0
47883,0,1,0.9953544,0
47884,1,0,0.09001297,0
47885,1,1,0.9999162,1
47886,0,0,0.067546695,1
47887,1,1,0.9975751,1
47888,0,1,0.9959927,0
47889,1,0,1.2855592e-05,0
47890,1,1,0.40433103,1
47891,1,1,1.0,1
47892,1,1,0.99998426,1
47893,0,0,0.17412922,1
47894,1,0,0.1834473,0
47895,0,0,0.016029146,1
47896,1,1,1.0,1
47897,1,1,0.81375694,1
47898,0,1,0.9841851,0
47899,1,0,0.13296424,0
47900,0,0,0.20689404,1
47901,1,1,0.42584395,1
47902,0,1,0.73932827,0
47903,1,0,0.1810459,0
47904,1,1,0.99959475,1
47905,0,0,0.09113915,1
47906,0,1,0.99987316,0
47907,1,1,0.99948174,1
47908,0,1,0.8879841,0
47909,1,1,0.6585822,1
47910,0,0,0.26279455,1
47911,1,0,0.15559098,0
47912,1,1,1.0,1
47913,0,0,0.025908018,1
47914,1,1,0.9998313,1
47915,1,1,0.91884506,1
47916,0,0,0.20657375,1
47917,0,0,0.019946933,1
47918,1,1,0.9999994,1
47919,1,0,0.09721884,0
47920,0,0,0.020764738,1
47921,1,1,0.9589625,1
47922,0,1,0.99958676,0
47923,1,0,0.26312575,0
47924,0,1,0.9113377,0
47925,0,1,0.9923044,0
47926,1,1,0.99965405,1
47927,1,0,0.29203972,0
47928,0,0,0.032497507,1
47929,0,1,0.3863003,0
47930,1,1,0.99999976,1
47931,1,1,0.99999976,1
47932,1,1,0.9733675,1
47933,0,0,0.0023413405,1
47934,0,1,0.46125945,0
47935,0,1,0.9531008,0
47936,0,1,0.9413314,0
47937,1,1,1.0,1
47938,1,1,0.9916033,1
47939,1,1,0.9999552,1
47940,0,0,0.12054232,1
47941,1,0,0.20955054,0
47942,0,1,0.9708817,0
47943,0,0,0.11353044,1
47944,1,0,0.19767669,0
47945,1,1,0.9830526,1
47946,0,0,0.033844035,1
47947,0,1,0.714379,0
47948,0,0,0.31568325,1
47949,1,0,0.02308724,0
47950,0,0,0.16291203,1
47951,1,1,0.9998005,1
47952,1,1,0.99999964,1
47953,1,0,0.2129677,0
47954,0,0,0.025154885,1
47955,1,1,0.9999925,1
47956,1,1,0.99992836,1
47957,1,1,0.5296892,1
47958,0,1,0.3742188,0
47959,0,0,0.025932675,1
47960,0,0,0.043163683,1
47961,1,1,0.9999999,1
47962,0,0,0.2875677,1
47963,1,1,0.9999682,1
47964,0,0,0.05404875,1
47965,0,0,0.10123348,1
47966,0,1,0.6028217,0
47967,0,0,0.01361059,1
47968,1,1,0.9255671,1
47969,0,0,0.029647512,1
47970,0,1,0.80363655,0
47971,0,0,0.03715183,1
47972,1,1,1.0,1
47973,1,1,0.9956006,1
47974,1,1,0.995523,1
47975,1,1,0.99997926,1
47976,1,1,0.48511183,1
47977,1,1,0.9719659,1
47978,1,1,0.99999535,1
47979,0,1,0.51641256,0
47980,1,1,0.9991848,1
47981,0,0,0.34870058,1
47982,1,1,1.0,1
47983,1,1,0.9786719,1
47984,0,0,0.1897462,1
47985,1,1,0.4054193,1
47986,1,1,0.5463751,1
47987,1,1,0.5360093,1
47988,1,1,0.6716321,1
47989,0,1,0.9871788,0
47990,0,1,0.8413048,0
47991,1,0,0.3256546,0
47992,1,1,1.0,1
47993,1,0,0.14151855,0
47994,1,1,1.0,1
47995,0,0,0.03893851,1
47996,1,1,0.9997918,1
47997,1,1,0.37079483,1
47998,0,0,0.03810662,1
47999,1,1,1.0,1
48000,0,1,0.7080612,0
48001,0,0,0.039564554,1
48002,1,1,0.9999945,1
48003,1,1,0.42101607,1
48004,0,0,0.022053316,1
48005,1,1,0.66655105,1
48006,0,0,0.01170984,1
48007,0,0,0.3323104,1
48008,1,0,0.107812636,0
48009,1,1,0.99601597,1
48010,0,0,0.010881333,1
48011,1,0,0.024145423,0
48012,1,1,0.98535615,1
48013,0,0,0.19444428,1
48014,1,1,0.99817204,1
48015,0,0,0.24999616,1
48016,1,1,0.48608756,1
48017,1,1,1.0,1
48018,1,0,0.010529713,0
48019,1,1,0.6955966,1
48020,1,1,1.0,1
48021,0,1,0.9984633,0
48022,1,1,0.63324016,1
48023,0,1,0.99999666,0
48024,0,0,0.17224145,1
48025,1,1,1.0,1
48026,1,0,0.0043738238,0
48027,1,1,0.9999906,1
48028,1,1,0.5257341,1
48029,0,1,0.87663436,0
48030,0,1,0.5415301,0
48031,1,1,0.9999994,1
48032,0,1,0.99931884,0
48033,0,0,0.1880256,1
48034,0,0,0.1274353,1
48035,1,1,0.72865176,1
48036,1,1,1.0,1
48037,1,0,0.03442355,0
48038,0,0,0.17441027,1
48039,1,1,0.9999937,1
48040,0,1,0.9964688,0
48041,1,1,1.0,1
48042,0,1,0.9999746,0
48043,0,1,0.7199747,0
48044,0,0,0.06656919,1
48045,0,0,0.081959546,1
48046,1,1,0.9521755,1
48047,0,0,0.014036571,1
48048,0,0,0.0016517006,1
48049,1,1,0.9999881,1
48050,0,0,0.19590156,1
48051,1,1,1.0,1
48052,0,0,0.043365803,1
48053,1,1,1.0,1
48054,0,1,0.9807473,0
48055,0,1,0.99999917,0
48056,0,0,0.18922126,1
48057,1,1,1.0,1
48058,1,1,0.9999999,1
48059,1,1,0.99999714,1
48060,1,1,0.998698,1
48061,0,1,0.99999654,0
48062,0,1,0.36195374,0
48063,0,1,0.36954254,0
48064,0,0,0.03132112,1
48065,1,0,0.014227045,0
48066,1,1,0.8768454,1
48067,1,1,0.99951875,1
48068,0,0,0.09252366,1
48069,0,1,0.9961306,0
48070,1,0,0.31541958,0
48071,1,1,0.9988121,1
48072,1,0,0.11417084,0
48073,1,1,1.0,1
48074,1,1,1.0,1
48075,0,1,0.9492005,0
48076,1,1,0.6323325,1
48077,0,0,0.017763345,1
48078,1,1,0.99999535,1
48079,0,1,0.98270744,0
48080,0,0,0.0548532,1
48081,1,0,0.2263558,0
48082,1,1,0.4096045,1
48083,1,1,0.99999595,1
48084,1,0,0.028087387,0
48085,1,1,0.6432733,1
48086,0,1,0.96448904,0
48087,1,1,0.9820826,1
48088,0,1,0.89956343,0
48089,0,1,0.89358836,0
48090,0,1,0.9013143,0
48091,0,0,0.2780607,1
48092,0,1,0.9546474,0
48093,0,0,0.18447348,1
48094,1,0,0.2382842,0
48095,0,1,0.9966949,0
48096,1,1,0.99650973,1
48097,1,1,0.41706368,1
48098,0,1,0.99527246,0
48099,0,0,0.20008837,1
48100,0,1,0.99998856,0
48101,1,0,0.2846257,0
48102,1,1,1.0,1
48103,1,1,1.0,1
48104,1,0,0.024030639,0
48105,0,0,0.01361059,1
48106,1,1,0.962462,1
48107,0,0,0.12624557,1
48108,0,0,0.28972325,1
48109,0,0,0.31226513,1
48110,1,1,0.9941233,1
48111,0,0,0.041812986,1
48112,1,0,0.20689404,0
48113,1,1,0.9931629,1
48114,1,1,1.0,1
48115,0,0,0.17781086,1
48116,0,0,0.08874129,1
48117,1,1,0.36240488,1
48118,1,0,0.32044902,0
48119,0,1,0.63742584,0
48120,1,1,0.98582757,1
48121,0,0,0.14069007,1
48122,0,0,0.027091902,1
48123,0,1,0.90878,0
48124,0,1,0.9845754,0
48125,1,1,0.9999949,1
48126,1,1,0.8283842,1
48127,1,1,0.97396845,1
48128,0,1,0.39105704,0
48129,0,0,0.2382842,1
48130,1,1,0.99999666,1
48131,1,1,1.0,1
48132,1,0,0.098079324,0
48133,0,0,0.0996453,1
48134,1,0,0.047030386,0
48135,0,1,0.99982125,0
48136,1,1,1.0,1
48137,0,1,0.99586606,0
48138,1,1,0.9999944,1
48139,0,0,0.09653531,1
48140,1,0,0.16204827,0
48141,1,1,0.99993765,1
48142,0,0,0.25238404,1
48143,1,1,0.99378294,1
48144,0,1,0.94355595,0
48145,0,0,0.13420753,1
48146,1,0,0.24391246,0
48147,0,1,0.713132,0
48148,1,0,0.11797801,0
48149,1,1,0.6944581,1
48150,1,1,0.9999994,1
48151,1,1,0.99999964,1
48152,1,1,0.9326989,1
48153,0,0,0.04324442,1
48154,0,1,0.49185252,0
48155,0,0,0.14402843,1
48156,0,1,0.9517736,0
48157,0,0,0.19042274,1
48158,1,0,0.04111437,0
48159,1,1,0.5335797,1
48160,0,0,0.090092994,1
48161,1,1,1.0,1
48162,0,1,0.9999994,0
48163,0,1,0.99978596,0
48164,1,1,0.9452985,1
48165,0,0,0.14457104,1
48166,1,1,0.9999827,1
48167,1,1,0.99783,1
48168,0,1,1.0,0
48169,1,1,0.99995255,1
48170,1,1,0.9999993,1
48171,0,0,0.33867836,1
48172,0,0,0.064065434,1
48173,0,1,0.983518,0
48174,0,0,0.00648827,1
48175,0,1,0.9896318,0
48176,1,1,0.99179614,1
48177,0,1,0.97316426,0
48178,1,1,1.0,1
48179,1,1,1.0,1
48180,1,1,0.9941801,1
48181,0,0,0.081154905,1
48182,1,0,0.032682236,0
48183,1,1,0.91767234,1
48184,1,1,0.99002504,1
48185,0,1,0.9999931,0
48186,1,1,0.9748452,1
48187,1,1,0.99992216,1
48188,1,1,0.9999565,1
48189,1,0,0.09721884,0
48190,0,1,0.9974491,0
48191,0,1,0.8119744,0
48192,0,1,0.9999926,0
48193,1,1,0.8984105,1
48194,1,1,0.9930962,1
48195,1,1,0.99999964,1
48196,0,0,0.27115518,1
48197,1,1,0.70775825,1
48198,1,1,0.7247242,1
48199,0,0,0.059537485,1
48200,0,1,0.999998,0
48201,1,1,1.0,1
48202,1,0,0.014587567,0
48203,1,0,0.15077755,0
48204,1,1,0.99530905,1
48205,1,1,0.998912,1
48206,1,1,0.99852496,1
48207,1,1,0.9999726,1
48208,0,0,0.16411416,1
48209,1,0,0.13398075,0
48210,0,0,0.054651033,1
48211,0,1,0.52229357,0
48212,1,1,0.9890554,1
48213,0,0,0.31484,1
48214,0,1,0.93306583,0
48215,1,1,0.75036985,1
48216,0,0,0.077867545,1
48217,1,1,0.99386686,1
48218,0,1,0.9316493,0
48219,1,1,0.9999999,1
48220,1,1,0.999658,1
48221,1,0,0.10356715,0
48222,0,0,0.0033766122,1
48223,0,0,0.13150749,1
48224,1,0,0.09885954,0
48225,0,0,0.1067837,1
48226,1,1,0.9905691,1
48227,0,1,0.59131026,0
48228,1,1,1.0,1
48229,0,0,0.06866228,1
48230,1,1,0.9979532,1
48231,0,1,0.97550696,0
48232,1,1,0.99948776,1
48233,1,1,0.99832886,1
48234,0,0,0.2934045,1
48235,1,1,0.47980836,1
48236,0,1,0.702377,0
48237,0,0,0.08419108,1
48238,1,1,0.99999905,1
48239,0,0,0.010288301,1
48240,0,0,0.20649374,1
48241,1,1,0.35108855,1
48242,1,0,0.16438228,0
48243,1,1,0.5039062,1
48244,1,1,0.9999875,1
48245,1,1,0.99999905,1
48246,0,1,0.99939644,0
48247,0,0,0.27918932,1
48248,0,0,0.051462766,1
48249,0,1,0.692642,0
48250,1,1,1.0,1
48251,0,1,0.4810272,0
48252,0,1,0.38676345,0
48253,0,0,0.0282746,1
48254,1,1,0.9889064,1
48255,1,1,0.9999372,1
48256,1,0,0.18750432,0
48257,0,1,0.99987316,0
48258,1,1,0.9999231,1
48259,1,1,0.66524744,1
48260,0,1,0.6159545,0
48261,0,1,0.48361793,0
48262,1,1,0.99999976,1
48263,1,0,0.16640429,0
48264,0,0,0.31394535,1
48265,1,1,0.99998915,1
48266,0,0,0.031232351,1
48267,0,1,0.9617859,0
48268,0,1,0.41709337,0
48269,0,1,0.99999774,0
48270,1,1,0.99999464,1
48271,0,1,0.9999951,0
48272,0,0,0.021574067,1
48273,1,1,1.0,1
48274,1,1,0.997813,1
48275,1,1,0.9744591,1
48276,0,1,0.9991491,0
48277,1,1,0.8407826,1
48278,0,0,0.021677375,1
48279,1,1,1.0,1
48280,1,1,1.0,1
48281,0,1,0.5896573,0
48282,0,0,0.122733355,1
48283,0,0,0.0527164,1
48284,1,1,0.9999845,1
48285,1,1,0.87997437,1
48286,1,0,0.24472384,0
48287,1,1,0.99999857,1
48288,0,0,0.042166542,1
48289,1,1,0.94024336,1
48290,0,1,0.9626028,0
48291,1,1,0.9912548,1
48292,1,1,0.35919553,1
48293,0,0,0.07504072,1
48294,1,1,0.9999982,1
48295,0,1,0.994615,0
48296,1,1,0.9999864,1
48297,1,1,1.0,1
48298,0,0,0.0039607873,1
48299,1,1,0.9999963,1
48300,0,1,0.7759446,0
48301,1,1,0.97991896,1
48302,0,0,0.058938842,1
48303,0,1,0.8292156,0
48304,1,1,0.99999297,1
48305,1,1,0.9999976,1
48306,0,0,0.002631674,1
48307,0,1,0.91565824,0
48308,0,0,0.07477004,1
48309,0,1,0.7716715,0
48310,1,0,0.006085737,0
48311,0,0,0.18374003,1
48312,1,1,0.47061497,1
48313,1,1,0.99999857,1
48314,0,0,0.049451128,1
48315,1,1,0.9999901,1
48316,1,1,1.0,1
48317,1,1,0.40975213,1
48318,1,1,0.999905,1
48319,0,1,0.45350388,0
48320,1,0,0.077727415,0
48321,1,1,0.9868787,1
48322,1,1,0.90397453,1
48323,1,1,0.9999994,1
48324,0,0,0.10622612,1
48325,1,1,0.99827254,1
48326,0,1,0.99999297,0
48327,0,1,0.4640514,0
48328,0,0,0.045437217,1
48329,0,0,0.25460163,1
48330,0,1,0.9999598,0
48331,1,1,0.9706599,1
48332,0,0,0.19421494,1
48333,0,1,0.99632865,0
48334,0,1,0.5122046,0
48335,1,1,1.0,1
48336,1,1,0.99998105,1
48337,0,1,1.0,0
48338,0,0,0.11367794,1
48339,1,1,0.99999857,1
48340,1,1,0.9856076,1
48341,1,0,0.293607,0
48342,1,0,0.029535338,0
48343,1,1,0.9975561,1
48344,0,1,0.99944824,0
48345,1,1,1.0,1
48346,0,0,0.1562336,1
48347,0,1,1.0,0
48348,1,1,0.9999846,1
48349,0,1,0.8005361,0
48350,0,0,0.070751965,1
48351,0,0,0.03521114,1
48352,1,1,1.0,1
48353,1,1,0.9999988,1
48354,0,1,0.9820999,0
48355,1,0,0.15610489,0
48356,0,1,0.7567173,0
48357,1,1,0.9999993,1
48358,1,1,0.9999027,1
48359,0,0,0.087096825,1
48360,1,0,0.09825224,0
48361,0,1,0.40633184,0
48362,1,1,0.99530905,1
48363,1,1,1.0,1
48364,0,0,0.19253935,1
48365,1,1,0.99980515,1
48366,0,0,0.045948204,1
48367,1,1,1.0,1
48368,1,1,0.7947835,1
48369,0,0,0.11516222,1
48370,0,1,0.99996805,0
48371,0,1,0.98913974,0
48372,1,1,0.99999547,1
48373,1,1,0.9947187,1
48374,1,1,0.99999857,1
48375,1,1,0.59136933,1
48376,1,1,1.0,1
48377,1,1,0.9986223,1
48378,0,1,0.98651993,0
48379,1,1,0.9885583,1
48380,0,1,0.9998666,0
48381,0,1,0.9649544,0
48382,0,1,0.99866986,0
48383,0,0,0.16505408,1
48384,1,1,0.99990046,1
48385,0,0,0.040922306,1
48386,1,1,0.9992649,1
48387,0,1,0.5799952,0
48388,1,1,0.9999999,1
48389,1,1,0.9998029,1
48390,1,1,1.0,1
48391,0,1,0.81508535,0
48392,0,1,0.99997425,0
48393,1,1,1.0,1
48394,1,1,0.99999547,1
48395,1,1,0.9574373,1
48396,1,1,0.9999988,1
48397,1,1,0.8872046,1
48398,0,0,0.29284802,1
48399,0,0,0.06910072,1
48400,1,1,0.84389514,1
48401,0,1,0.4545932,0
48402,1,0,0.010228809,0
48403,0,1,0.84504944,0
48404,1,1,0.99980134,1
48405,1,1,0.9999782,1
48406,1,1,1.0,1
48407,1,1,0.42384553,1
48408,0,0,0.03138043,1
48409,0,1,0.93569994,0
48410,1,1,0.9850429,1
48411,1,1,1.0,1
48412,0,0,0.033462938,1
48413,0,1,0.99986446,0
48414,0,0,0.2594502,1
48415,1,1,0.99036634,1
48416,1,1,0.9999993,1
48417,1,0,0.004451041,0
48418,1,0,0.11042318,0
48419,0,0,0.05602938,1
48420,0,0,0.04340633,1
48421,1,0,0.02763772,0
48422,0,1,0.99698395,0
48423,1,1,0.7856377,1
48424,0,1,0.98178816,0
48425,0,0,0.16954333,1
48426,0,0,0.010986943,1
48427,1,1,0.9999212,1
48428,0,0,0.2536761,1
48429,0,1,0.676887,0
48430,1,1,0.8410439,1
48431,0,0,0.18025091,1
48432,0,0,0.06058495,1
48433,0,1,0.9967013,0
48434,1,1,0.9070655,1
48435,0,0,0.22034244,1
48436,0,1,0.8053262,0
48437,0,0,0.08929564,1
48438,1,0,0.09903369,0
48439,0,1,0.39297727,0
48440,0,0,0.05374995,1
48441,0,1,0.82460326,0
48442,1,1,0.99999905,1
48443,0,0,0.060363002,1
48444,0,0,0.15778463,1
48445,1,0,0.027066177,0
48446,0,0,0.06233104,1
48447,1,0,0.17064616,0
48448,1,1,0.9533619,1
48449,0,1,0.3560547,0
48450,1,1,1.0,1
48451,1,0,0.04054074,0
48452,1,1,0.9999944,1
48453,0,1,0.77797526,0
48454,1,0,0.20378675,0
48455,0,0,0.07152632,1
48456,1,1,0.99974984,1
48457,0,0,0.039676033,1
48458,1,1,0.5426815,1
48459,1,1,0.76330733,1
48460,0,0,0.19345194,1
48461,0,1,0.94468933,0
48462,0,0,0.026835687,1
48463,1,1,0.61236763,1
48464,1,1,0.9996424,1
48465,0,1,0.98961186,0
48466,0,0,0.048721813,1
48467,1,1,0.9999101,1
48468,0,1,0.988514,0
48469,0,0,0.008898884,1
48470,1,1,0.9971048,1
48471,1,1,1.0,1
48472,1,1,0.99997425,1
48473,0,1,0.51952136,0
48474,0,0,0.25302953,1
48475,1,1,0.9999999,1
48476,1,1,0.9999995,1
48477,0,0,0.14928317,1
48478,0,1,0.41105178,0
48479,0,1,0.75797355,0
48480,1,1,1.0,1
48481,1,1,1.0,1
48482,1,1,0.6149144,1
48483,1,0,0.16878845,0
48484,0,0,0.010110846,1
48485,0,0,0.32076812,1
48486,0,0,0.12002561,1
48487,0,0,0.029063188,1
48488,1,1,0.99403125,1
48489,1,0,0.10951515,0
48490,0,0,0.045862667,1
48491,1,1,1.0,1
48492,0,1,0.9991943,0
48493,1,1,1.0,1
48494,1,0,0.04858621,0
48495,1,0,0.016466172,0
48496,0,1,0.9974738,0
48497,0,0,0.22507577,1
48498,1,1,0.9999999,1
48499,0,0,0.033148516,1
48500,0,0,0.16512138,1
48501,1,0,0.23863891,0
48502,1,0,0.005129634,0
48503,0,1,0.50598115,0
48504,0,1,0.9948403,0
48505,1,0,0.17610413,0
48506,1,1,0.9999999,1
48507,0,1,0.9979412,0
48508,0,0,0.14402843,1
48509,1,1,0.98685336,1
48510,0,1,0.99719363,0
48511,1,1,0.99999905,1
48512,0,0,0.120438814,1
48513,0,1,0.48895442,0
48514,1,0,0.039787814,0
48515,0,1,0.45292914,0
48516,0,0,0.01578456,1
48517,0,0,0.12517229,1
48518,1,0,0.29538235,0
48519,1,1,0.9867517,1
48520,0,0,0.10176784,1
48521,0,1,0.3928608,0
48522,1,1,0.6412539,1
48523,1,0,0.3238076,0
48524,1,1,1.0,1
48525,1,1,0.9998969,1
48526,0,0,0.11456651,1
48527,1,1,0.9999999,1
48528,0,0,0.2755194,1
48529,1,0,0.1583695,0
48530,1,1,0.9948403,1
48531,1,1,0.99642736,1
48532,1,1,0.99998856,1
48533,1,1,0.99688244,1
48534,0,0,0.04977345,1
48535,0,0,0.27727723,1
48536,1,1,1.0,1
48537,1,1,0.99999845,1
48538,1,1,0.7412996,1
48539,0,1,0.9754135,0
48540,0,1,0.9968087,0
48541,1,1,0.9336126,1
48542,0,1,0.45447215,0
48543,1,1,0.99999976,1
48544,1,1,0.9999076,1
48545,1,1,0.99999917,1
48546,0,1,0.9927532,0
48547,1,1,0.98623115,1
48548,0,0,0.07303238,1
48549,0,1,0.83250916,0
48550,0,0,0.12168575,1
48551,1,1,1.0,1
48552,1,1,0.7031929,1
48553,0,0,0.13511792,1
48554,0,1,0.5915463,0
48555,1,1,0.9998666,1
48556,1,1,1.0,1
48557,1,1,1.0,1
48558,1,0,0.038321972,0
48559,0,0,0.15304215,1
48560,1,1,0.99999964,1
48561,0,0,0.00053161324,1
48562,1,1,0.9944126,1
48563,1,1,0.99999964,1
48564,1,1,0.9999976,1
48565,1,1,0.9999999,1
48566,1,1,0.9014011,1
48567,1,0,0.05644403,0
48568,0,0,0.31795546,1
48569,1,1,0.999998,1
48570,1,1,0.8269914,1
48571,1,1,0.9884919,1
48572,0,0,0.3395538,1
48573,0,0,0.093181714,1
48574,1,1,0.9999962,1
48575,0,1,0.99248135,0
48576,1,1,0.99994755,1
48577,0,0,0.34334174,1
48578,1,1,0.9999995,1
48579,0,0,0.008796121,1
48580,1,1,0.99997973,1
48581,0,0,0.01524759,1
48582,0,1,0.9948902,0
48583,1,1,0.80069196,1
48584,1,1,0.99485034,1
48585,0,0,0.16304526,1
48586,1,1,0.99002504,1
48587,1,1,0.9818579,1
48588,0,1,0.61987406,0
48589,0,0,0.11114469,1
48590,0,0,0.08694165,1
48591,1,1,0.9999565,1
48592,1,1,0.9999994,1
48593,1,1,0.99999976,1
48594,0,1,0.99605453,0
48595,1,1,0.99712163,1
48596,0,1,0.6820975,0
48597,0,1,0.9998097,0
48598,0,1,0.99760795,0
48599,0,1,0.9531443,0
48600,0,0,0.0045032725,1
48601,1,0,0.049313605,0
48602,1,1,0.9997439,1
48603,0,0,0.15974101,1
48604,0,1,0.99993646,0
48605,1,1,0.9999988,1
48606,1,1,0.9999944,1
48607,1,1,0.9997775,1
48608,1,1,1.0,1
48609,1,1,0.9999999,1
48610,0,1,0.99615306,0
48611,1,1,0.95506835,1
48612,0,1,0.95150405,0
48613,0,0,0.034036152,1
48614,1,1,0.9999931,1
48615,1,1,0.9997347,1
48616,0,1,0.9965233,0
48617,1,0,0.04126865,0
48618,1,1,0.99936754,1
48619,0,0,0.17816807,1
48620,1,1,0.46432465,1
48621,1,1,0.9973477,1
48622,1,1,0.99999,1
48623,0,1,0.9995915,0
48624,1,1,0.88038635,1
48625,1,1,0.9667888,1
48626,1,1,0.9998191,1
48627,0,0,0.12929276,1
48628,0,1,0.99992275,0
48629,1,1,0.9999999,1
48630,0,0,0.16451645,1
48631,1,0,0.26227456,0
48632,0,0,0.12023207,1
48633,0,0,0.20157737,1
48634,0,0,0.12511882,1
48635,0,1,0.40480152,0
48636,1,1,0.99999595,1
48637,0,1,0.53461254,0
48638,1,0,0.011136501,0
48639,1,1,0.99948573,1
48640,1,1,1.0,1
48641,1,1,0.9913054,1
48642,0,0,0.28160313,1
48643,0,1,0.4568641,0
48644,1,1,0.53345823,1
48645,1,1,0.9999994,1
48646,1,1,0.8238959,1
48647,1,1,0.9999691,1
48648,0,1,0.6847386,0
48649,0,1,0.8983214,0
48650,1,1,0.9832628,1
48651,0,0,0.33420908,1
48652,0,0,0.2786983,1
48653,1,0,0.016215032,0
48654,0,0,0.09326426,1
48655,0,0,0.1606607,1
48656,0,1,0.3996945,0
48657,1,1,0.98685336,1
48658,1,1,0.9999999,1
48659,0,1,1.0,0
48660,0,0,0.33133605,1
48661,1,1,0.9016612,1
48662,1,1,0.9961306,1
48663,0,1,0.9447403,0
48664,1,1,0.9547741,1
48665,0,1,0.94649786,0
48666,0,1,0.99999785,0
48667,1,1,0.6215983,1
48668,0,1,0.5497615,0
48669,0,0,0.30907583,1
48670,1,1,1.0,1
48671,1,0,0.054954547,0
48672,1,0,0.18565173,0
48673,0,1,0.9909622,0
48674,0,0,0.017110892,1
48675,1,1,0.9719126,1
48676,0,0,0.10970577,1
48677,1,1,0.6543979,1
48678,0,0,0.15431227,1
48679,1,0,0.19185705,0
48680,0,1,0.9993869,0
48681,0,1,0.39326853,0
48682,0,0,0.2351962,1
48683,0,1,0.7760294,0
48684,1,1,0.95857656,1
48685,1,0,0.28259197,0
48686,0,1,0.8307315,0
48687,0,1,0.9439706,0
48688,0,1,0.99173236,0
48689,1,1,0.4893815,1
48690,0,1,0.9998671,0
48691,1,1,0.99554896,1
48692,1,1,0.78249633,1
48693,1,0,0.08953418,0
48694,1,1,0.43734282,1
48695,1,0,0.07779745,0
48696,0,0,0.17852582,1
48697,0,0,0.0489941,1
48698,1,1,0.9999987,1
48699,0,1,0.9999621,0
48700,1,1,0.9999999,1
48701,1,0,0.084947094,0
48702,0,0,0.13701203,1
48703,0,1,0.99771726,0
48704,1,1,0.45138696,1
48705,1,0,0.056132775,0
48706,0,0,0.19444428,1
48707,1,1,0.8233284,1
48708,1,1,0.96073127,1
48709,0,0,0.09001297,1
48710,0,0,0.00395309,1
48711,0,1,0.7412996,0
48712,1,1,0.9999999,1
48713,1,1,1.0,1
48714,1,1,1.0,1
48715,1,1,0.9992161,1
48716,0,1,0.99978,0
48717,0,0,0.1949802,1
48718,1,1,0.9999999,1
48719,1,1,0.91482496,1
48720,0,1,0.7403621,0
48721,0,0,0.01533582,1
48722,1,1,0.9482025,1
48723,1,1,0.99968064,1
48724,1,0,0.3386237,0
48725,1,1,1.0,1
48726,1,1,0.9999976,1
48727,0,1,1.0,0
48728,1,1,0.99998736,1
48729,1,1,1.0,1
48730,0,1,0.9985335,0
48731,1,1,0.4464042,1
48732,0,0,0.049865905,1
48733,0,1,0.4207186,0
48734,0,1,0.44260636,0
48735,1,0,0.20165595,0
48736,1,1,0.9996118,1
48737,0,0,0.005060332,1
48738,1,1,1.0,1
48739,1,1,0.98026204,1
48740,1,1,0.9996087,1
48741,0,1,0.99997425,0
48742,1,1,1.0,1
48743,0,0,0.11767348,1
48744,1,1,0.8917168,1
48745,1,0,0.10580961,0
48746,1,1,0.9146726,1
48747,1,1,0.99999917,1
48748,0,1,0.4516288,0
48749,0,1,0.6730305,0
48750,1,1,0.99999976,1
48751,0,1,0.9999541,0
48752,1,1,0.81888175,1
48753,0,1,0.44104096,0
48754,0,0,0.21469142,1
48755,0,1,0.6019446,0
48756,0,0,0.22051026,1
48757,0,1,0.99196917,0
48758,0,1,0.63663554,0
48759,0,1,0.44625342,0
48760,1,0,0.20024472,0
48761,0,1,0.96853036,0
48762,0,1,0.49295092,0
48763,0,0,0.17610413,1
48764,1,1,1.0,1
48765,0,0,0.01626183,1
48766,1,1,0.99999833,1
48767,1,1,1.0,1
48768,1,1,0.9999989,1
48769,1,0,0.04296247,0
48770,1,1,0.9969066,1
48771,0,0,0.15278916,1
48772,1,1,0.9977083,1
48773,1,0,0.1649868,0
48774,1,1,1.0,1
48775,0,1,0.7048209,0
48776,1,1,0.9859093,1
48777,1,1,0.99996364,1
48778,1,1,1.0,1
48779,0,0,0.24816959,1
48780,1,1,0.9992342,1
48781,1,1,0.9999988,1
48782,0,0,0.12814279,1
48783,1,0,0.009821794,0
48784,1,1,0.6860021,1
48785,0,0,0.16525607,1
48786,1,1,0.9993487,1
48787,0,1,0.9999999,0
48788,1,1,0.9999894,1
48789,0,1,0.5973143,0
48790,0,1,0.3988454,0
48791,1,1,0.9996295,1
48792,1,1,0.9981324,1
48793,0,0,0.2739627,1
48794,0,0,0.25608712,1
48795,1,1,0.79182106,1
48796,1,1,0.99998426,1
48797,0,0,0.09434341,1
48798,0,0,0.18425323,1
48799,1,1,0.9822708,1
48800,0,0,0.0055333874,1
48801,1,1,1.0,1
48802,1,1,0.99998856,1
48803,1,1,0.9466954,1
48804,1,1,0.6046908,1
48805,0,0,0.056704637,1
48806,0,0,0.1919328,1
48807,1,0,0.017848738,0
48808,0,0,0.042127114,1
48809,0,0,0.07992553,1
48810,1,0,0.055566337,0
48811,1,1,0.99941385,1
48812,1,0,0.044348583,0
48813,1,0,0.052037824,0
48814,1,0,0.19352812,0
48815,0,0,0.12792476,1
48816,1,1,0.35236892,1
48817,0,1,0.92976,0
48818,0,1,0.36082682,0
48819,0,1,0.89796406,0
48820,1,1,0.9994611,1
48821,0,1,0.99622726,0
48822,1,1,0.99999976,1
48823,1,1,1.0,1
48824,0,1,0.59519845,0
48825,0,0,0.10922978,1
48826,1,1,0.9998118,1
48827,1,1,1.0,1
48828,1,1,0.4626855,1
48829,1,0,0.09636511,0
48830,0,0,0.1655931,1
48831,1,1,1.0,1
48832,0,1,0.97682446,0
48833,0,1,0.50164795,0
48834,1,1,0.9994937,1
48835,1,1,0.9267028,1
48836,0,0,0.02931223,1
48837,1,1,0.9214283,1
48838,0,0,0.30435172,1
48839,1,1,0.9999999,1
48840,0,0,0.04845096,1
48841,0,0,0.09687654,1
48842,1,0,0.07661468,0
48843,0,1,0.9999852,0
48844,1,0,0.19744445,0
48845,1,0,0.09833879,0
48846,1,1,0.9970421,1
48847,1,0,0.004046455,0
48848,1,1,0.9997739,1
48849,1,1,0.9999995,1
48850,1,1,0.99999714,1
48851,1,1,0.9996057,1
48852,1,1,0.9257015,1
48853,1,0,0.1407491,0
48854,0,0,0.059646945,1
48855,0,0,0.09476145,1
48856,0,1,0.7007413,0
48857,1,1,1.0,1
48858,1,1,0.9999503,1
48859,0,1,0.38410324,0
48860,0,1,0.9255671,0
48861,0,0,0.045394883,1
48862,1,1,0.92441523,1
48863,1,1,0.999962,1
48864,0,1,0.7920624,0
48865,0,1,0.9999999,0
48866,1,1,0.5990747,1
48867,0,0,0.006463138,1
48868,1,0,0.08874129,0
48869,0,0,0.10913479,1
48870,1,1,1.0,1
48871,1,0,0.076683804,0
48872,0,1,0.82432055,0
48873,0,0,0.21198723,1
48874,1,0,0.013045614,0
48875,1,0,0.1459046,0
48876,0,0,0.0063021216,1
48877,1,1,0.89912134,1
48878,1,0,0.044722572,0
48879,1,1,0.9999745,1
48880,1,1,0.99999976,1
48881,1,1,0.99999976,1
48882,1,0,0.11269772,0
48883,1,1,0.9997273,1
48884,1,1,0.9999999,1
48885,1,1,0.9991391,1
48886,1,1,0.9999999,1
48887,1,1,0.9999995,1
48888,1,1,1.0,1
48889,1,1,1.0,1
48890,1,1,0.6044573,1
48891,0,0,0.23196203,1
48892,1,0,0.070176296,0
48893,1,1,0.9991736,1
48894,1,1,0.9999994,1
48895,0,1,0.48364842,0
48896,1,1,0.9638821,1
48897,1,1,0.9829547,1
48898,0,1,0.6719551,0
48899,1,1,0.46441573,1
48900,0,1,0.9959378,0
48901,1,1,0.9992161,1
48902,1,1,0.40904376,1
48903,0,0,0.3280987,1
48904,0,1,0.9771756,0
48905,0,1,0.98319834,0
48906,0,0,0.09476145,1
48907,1,1,0.95443547,1
48908,1,1,1.0,1
48909,1,1,0.99999976,1
48910,0,1,0.46523565,0
48911,1,1,0.9954704,1
48912,0,0,0.0033831913,1
48913,1,1,0.92762595,1
48914,0,1,0.87536144,0
48915,0,1,0.9999187,0
48916,1,1,0.98638946,1
48917,1,1,0.72710437,1
48918,1,0,0.009746104,0
48919,0,1,0.9999659,0
48920,1,1,0.74562997,1
48921,1,1,1.0,1
48922,1,0,0.3471497,0
48923,0,1,0.9593071,0
48924,0,1,0.4620482,0
48925,1,1,0.9925538,1
48926,0,1,0.99806195,0
48927,1,1,0.9999976,1
48928,0,1,0.9763782,0
48929,0,0,0.16817279,1
48930,0,0,0.025250848,1
48931,1,1,0.790692,1
48932,1,0,0.07723879,0
48933,1,1,0.9999558,1
48934,0,1,0.929951,0
48935,1,1,1.0,1
48936,1,1,0.4710103,1
48937,0,0,0.047425874,1
48938,1,1,1.0,1
48939,1,0,0.027246773,0
48940,0,0,0.13805456,1
48941,0,0,0.18899663,1
48942,1,1,0.9976586,1
48943,1,1,0.99854773,1
48944,1,1,0.99999475,1
48945,1,1,0.7926248,1
48946,0,1,0.35292625,0
48947,1,0,0.32594952,0
48948,0,0,0.11506276,1
48949,1,1,1.0,1
48950,0,0,0.15342228,1
48951,1,1,1.0,1
48952,0,1,0.9873018,0
48953,1,1,0.99083894,1
48954,1,1,0.9502266,1
48955,0,0,0.03442355,1
48956,0,0,0.2973679,1
48957,0,1,0.5005493,0
48958,0,0,0.26860553,1
48959,0,1,0.87546796,0
48960,0,1,0.70176417,0
48961,0,1,0.9998671,0
48962,0,0,0.042642392,1
48963,1,1,0.997917,1
48964,1,1,1.0,1
48965,0,1,0.9980161,0
48966,0,0,0.012624949,1
48967,0,1,0.9300146,0
48968,0,0,0.092359796,1
48969,1,1,0.99999964,1
48970,1,1,0.66557366,1
48971,1,1,0.38783523,1
48972,1,1,0.99999774,1
48973,1,1,0.99718815,1
48974,1,1,0.9889492,1
48975,0,0,0.33155248,1
48976,1,0,0.23423143,0
48977,1,0,0.16762705,0
48978,1,1,0.99582565,1
48979,1,1,0.9999995,1
48980,0,0,0.0836655,1
48981,0,0,0.035277545,1
48982,1,0,0.16491956,0
48983,1,0,0.2256725,0
48984,1,0,0.099120855,0
48985,0,0,0.24499467,1
48986,0,0,0.05937366,1
48987,1,1,0.99066,1
48988,1,1,0.99903786,1
48989,1,0,0.31949285,0
48990,1,1,0.99995935,1
48991,1,1,0.99924755,1
48992,0,1,0.8293538,0
48993,0,0,0.12814279,1
48994,0,0,0.05037733,1
48995,1,1,0.8891444,1
48996,0,1,0.85729086,0
48997,1,1,0.63142383,1
48998,0,1,0.9905691,0
48999,1,1,0.86396646,1
49000,1,0,0.16552565,0
49001,0,0,0.14596547,1
49002,1,1,0.9985896,1
49003,1,0,0.039453376,0
49004,0,1,0.39326853,0
49005,1,0,0.098772585,0
49006,1,1,0.9999589,1
49007,1,1,0.9999652,1
49008,1,1,0.6679604,1
49009,1,1,0.9997241,1
49010,1,1,0.6496342,1
49011,1,0,0.087096825,0
49012,0,0,0.07510853,1
49013,1,1,0.9999989,1
49014,1,1,1.0,1
49015,1,1,0.9604726,1
49016,0,1,0.97212505,0
49017,1,1,0.7910151,1
49018,1,1,0.9743129,1
49019,0,0,0.02578508,1
49020,1,1,1.0,1
49021,1,1,0.9999999,1
49022,1,1,0.9395816,1
49023,0,0,0.11828322,1
49024,1,0,0.30642328,0
49025,0,0,0.20906568,1
49026,1,1,0.9999939,1
49027,1,1,0.69796926,1
49028,0,1,0.9981792,0
49029,1,1,0.9805807,1
49030,0,0,0.26846167,1
49031,1,1,1.0,1
49032,0,1,0.9111007,0
49033,0,1,0.99601597,0
49034,1,0,0.044722572,0
49035,1,0,0.009633653,0
49036,0,0,0.10167862,1
49037,1,1,1.0,1
49038,1,1,0.9997154,1
49039,0,1,0.48724642,0
49040,1,1,0.9999713,1
49041,1,1,0.7884203,1
49042,0,0,0.029844806,1
49043,1,1,1.0,1
49044,1,1,1.0,1
49045,1,1,1.0,1
49046,0,1,0.9882222,0
49047,1,1,0.9936487,1
49048,1,1,1.0,1
49049,0,0,0.035012625,1
49050,1,1,0.9998795,1
49051,1,1,0.86703575,1
49052,1,1,0.50817794,1
49053,1,0,0.0013070536,0
49054,1,1,1.0,1
49055,0,0,0.045099564,1
49056,1,0,0.030530943,0
49057,0,0,0.29583988,1
49058,0,1,0.99963593,0
49059,0,0,0.2779627,1
49060,0,1,0.9788344,0
49061,0,1,0.91884506,0
49062,0,0,0.12918286,1
49063,0,1,0.9997658,0
49064,0,0,0.049589023,1
49065,1,1,0.48919848,1
49066,1,1,0.99932146,1
49067,1,1,1.0,1
49068,1,1,0.6966295,1
49069,1,1,0.99999094,1
49070,1,1,0.7989722,1
49071,1,1,1.0,1
49072,1,0,0.093016796,0
49073,0,0,0.06430006,1
49074,1,1,0.8493474,1
49075,0,1,0.5034179,0
49076,0,0,0.16184944,1
49077,1,1,1.0,1
49078,1,0,0.04518376,0
49079,1,1,1.0,1
49080,0,0,0.05754622,1
49081,0,1,0.97790456,0
49082,0,1,0.9985562,0
49083,1,1,1.0,1
49084,1,1,0.99999976,1
49085,1,1,0.88700897,1
49086,0,0,0.20079263,1
49087,0,0,0.035177976,1
49088,0,1,0.999997,0
49089,1,1,0.35292625,1
49090,1,1,0.60480744,1
49091,0,1,0.99997985,0
49092,1,1,0.9993013,1
49093,0,1,0.99851626,0
49094,1,1,0.9946672,1
49095,1,1,0.9654789,1
49096,0,0,0.19698064,1
49097,0,1,0.92241246,0
49098,1,1,1.0,1
49099,1,0,0.15215817,0
49100,1,0,0.04111437,0
49101,1,1,0.99990356,1
49102,1,0,0.24517536,0
49103,1,1,0.99999845,1
49104,1,1,1.0,1
49105,0,1,0.9781563,0
49106,0,1,0.5233594,0
49107,1,1,0.9999957,1
49108,0,1,0.9916196,0
49109,0,0,0.11823231,1
49110,0,0,0.056652427,1
49111,1,1,0.9999702,1
49112,0,1,0.99527246,0
49113,0,0,0.1647851,1
49114,1,1,0.8715842,1
49115,0,0,0.1437277,1
49116,0,1,0.7117816,0
49117,1,1,0.9393039,1
49118,1,1,0.99951684,1
49119,1,0,0.16145241,0
49120,0,1,0.7226249,0
49121,1,0,0.01001357,0
49122,1,1,0.9999999,1
49123,0,1,0.68431675,0
49124,1,1,0.99953353,1
49125,0,1,0.8086723,0
49126,0,1,0.99998224,0
49127,1,0,0.2220247,0
49128,1,1,0.99999726,1
49129,1,1,0.9999621,1
49130,0,0,0.2983891,1
49131,1,1,0.9981324,1
49132,0,1,0.65517056,0
49133,0,1,0.99988985,0
49134,1,1,0.9996587,1
49135,0,0,0.10650459,1
49136,1,1,0.99999905,1
49137,1,1,0.751876,1
49138,1,1,0.7934263,1
49139,0,0,0.10856642,1
49140,0,1,0.39094082,0
49141,1,0,0.032682236,0
49142,0,1,0.9512782,0
49143,1,1,1.0,1
49144,0,1,0.6472967,0
49145,1,1,0.82290184,1
49146,1,1,1.0,1
49147,0,0,0.0763388,1
49148,1,0,0.16532342,0
49149,1,1,1.0,1
49150,1,1,0.38685033,1
49151,0,0,0.08858347,1
49152,1,1,0.692486,1
49153,1,1,1.0,1
49154,0,1,0.9756467,0
49155,1,1,0.9807103,1
49156,0,0,0.05103542,1
49157,1,1,0.46827388,1
49158,0,0,0.0063512353,1
49159,1,1,0.9997613,1
49160,0,1,0.9364014,0
49161,1,1,0.9747011,1
49162,1,1,0.99974984,1
49163,0,0,0.25183168,1
49164,0,1,0.9993268,0
49165,1,1,1.0,1
49166,1,1,0.99298817,1
49167,1,1,0.9999999,1
49168,0,1,0.8433798,0
49169,1,1,0.9980276,1
49170,0,0,0.105210535,1
49171,1,1,0.9999926,1
49172,0,1,0.6210239,0
49173,0,1,0.9174507,0
49174,1,1,0.99975747,1
49175,0,0,0.13039611,1
49176,1,1,0.9999777,1
49177,0,1,0.9967269,0
49178,1,1,0.9998104,1
49179,0,1,0.8630457,0
49180,1,0,0.13523209,0
49181,1,1,0.9999876,1
49182,0,1,0.99545276,0
49183,0,0,0.01161977,1
49184,0,0,0.09492911,1
49185,1,1,0.99999976,1
49186,0,0,0.040999033,1
49187,1,1,0.9999926,1
49188,1,0,0.063773274,0
49189,1,1,0.8388118,1
49190,0,1,0.95430803,0
49191,1,0,0.21444456,0
49192,0,1,0.9901782,0
49193,0,1,0.85427785,0
49194,1,1,0.7762839,1
49195,0,0,0.11456651,1
49196,1,1,0.978733,1
49197,0,1,0.5678168,0
49198,1,1,0.99291986,1
49199,1,1,0.352982,1
49200,0,1,0.998835,0
49201,1,0,0.066751465,0
49202,1,0,0.07793769,0
49203,0,1,0.99996233,0
49204,1,1,0.99995637,1
49205,1,0,0.14535783,0
49206,0,0,0.08064662,1
49207,0,0,0.1490353,1
49208,0,0,0.11843607,1
49209,1,0,0.12689333,0
49210,0,0,0.039750516,1
49211,1,1,1.0,1
49212,0,1,0.66055566,0
49213,1,1,1.0,1
49214,0,1,0.99979895,0
49215,1,1,0.9999714,1
49216,1,1,1.0,1
49217,1,1,0.99628556,1
49218,0,0,0.08181271,1
49219,1,1,1.0,1
49220,1,1,0.9999591,1
49221,1,1,0.96795994,1
49222,1,0,0.2813069,0
49223,0,1,0.996183,0
49224,1,1,0.99951494,1
49225,0,0,0.02615562,1
49226,1,1,0.51714414,1
49227,1,1,0.9698712,1
49228,1,1,0.998345,1
49229,0,0,0.02678473,1
49230,1,1,0.9963924,1
49231,0,0,0.15514244,1
49232,0,0,0.014145104,1
49233,1,1,0.9997198,1
49234,0,0,0.18899663,1
49235,1,1,0.9999212,1
49236,1,0,0.0058539603,0
49237,0,0,0.10338597,1
49238,1,1,0.9997398,1
49239,0,0,0.008061991,1
49240,1,1,0.99608517,1
49241,1,1,0.9996252,1
49242,1,1,0.94910634,1
49243,0,0,0.008968054,1
49244,0,1,0.99240804,0
49245,0,0,0.08616955,1
49246,0,0,0.10456872,1
49247,1,1,0.99884856,1
49248,1,0,0.20008837,0
49249,0,0,0.14817041,1
49250,1,0,0.33268967,0
49251,1,1,0.9244834,1
49252,1,1,0.9781563,1
49253,0,1,0.99428093,0
49254,0,0,0.049912184,1
49255,1,1,0.99974686,1
49256,1,1,1.0,1
49257,0,1,0.99939644,0
49258,1,1,0.99999833,1
49259,0,0,0.04268228,1
49260,1,0,0.21601154,0
49261,1,1,0.7558173,1
49262,0,1,0.97354424,0
49263,0,1,0.99936503,0
49264,0,0,0.18639106,1
49265,1,1,0.9866491,1
49266,0,0,0.18609506,1
49267,0,0,0.034553625,1
49268,1,1,0.99992883,1
49269,1,1,0.99983716,1
49270,0,1,0.98481095,0
49271,1,1,0.99999964,1
49272,1,0,0.3189092,0
49273,0,0,0.16640429,1
49274,1,1,0.9941347,1
49275,0,1,0.9890343,0
49276,1,1,0.9999716,1
49277,1,1,1.0,1
49278,1,1,0.99983203,1
49279,1,1,0.4035669,1
49280,0,0,0.08733005,1
49281,0,0,0.023554333,1
49282,1,1,0.9992175,1
49283,0,0,0.27125168,1
49284,0,0,0.17314835,1
49285,1,1,0.75260395,1
49286,0,0,0.0065008723,1
49287,0,0,0.11676401,1
49288,1,1,0.9999993,1
49289,0,0,0.061199225,1
49290,0,1,0.90623903,0
49291,1,0,0.27014312,0
49292,1,1,1.0,1
49293,0,0,0.053353984,1
49294,0,0,0.255158,1
49295,0,0,0.11606085,1
49296,1,1,0.9999839,1
49297,1,0,0.19390948,0
49298,1,1,0.99999404,1
49299,1,0,0.0422455,0
49300,0,0,0.00946738,1
49301,0,0,0.24853417,1
49302,0,0,0.016355833,1
49303,1,1,0.9999999,1
49304,1,1,0.9999943,1
49305,1,1,0.99999976,1
49306,1,1,0.91928095,1
49307,0,1,0.75036985,0
49308,1,0,0.27708158,0
49309,1,1,0.9528382,1
49310,1,1,0.9462003,1
49311,1,1,0.8842393,1
49312,1,1,0.9999503,1
49313,1,1,0.99999464,1
49314,1,1,0.93189764,1
49315,1,1,0.9999957,1
49316,0,1,0.8687154,0
49317,1,1,1.0,1
49318,0,0,0.13106197,1
49319,1,1,0.9996737,1
49320,1,1,1.0,1
49321,0,1,0.9999542,0
49322,1,1,1.0,1
49323,1,1,0.9997631,1
49324,0,1,0.996183,0
49325,0,0,0.22918998,1
49326,1,1,1.0,1
49327,0,0,0.087954745,1
49328,0,0,0.28736767,1
49329,1,1,0.99917525,1
49330,0,1,0.9720721,0
49331,0,1,0.90295243,0
49332,1,1,0.42012367,1
49333,1,1,1.0,1
49334,0,1,0.99589807,0
49335,0,1,0.96347195,0
49336,0,1,0.49578866,0
49337,0,1,0.6742114,0
49338,1,0,0.08321738,0
49339,1,1,0.99952626,1
49340,1,1,0.9999989,1
49341,1,1,0.99620515,1
49342,0,0,0.107250325,1
49343,1,1,0.9999999,1
49344,0,0,0.05424881,1
49345,0,1,0.98527133,0
49346,1,1,1.0,1
49347,1,1,0.4650534,1
49348,1,1,0.9999987,1
49349,0,1,0.99158704,0
49350,0,1,0.90481883,0
49351,0,0,0.13764834,1
49352,0,0,0.16178322,1
49353,0,1,0.9698712,0
49354,0,1,0.6579231,0
49355,1,0,0.07921033,0
49356,1,1,0.99999714,1
49357,0,1,0.71492666,0
49358,1,0,0.02630528,0
49359,0,1,0.96050966,0
49360,1,0,0.3049206,0
49361,0,1,0.9969722,0
49362,1,1,0.6985866,1
49363,1,1,0.52774245,1
49364,0,0,0.06030764,1
49365,1,1,0.9987576,1
49366,1,1,0.99603915,1
49367,0,0,0.09170697,1
49368,1,1,0.41403973,1
49369,1,1,0.9999995,1
49370,1,1,0.9947595,1
49371,0,0,0.18780208,1
49372,1,1,0.9845011,1
49373,1,1,0.99992883,1
49374,1,1,0.4374029,1
49375,0,0,0.22627032,1
49376,1,1,0.67955095,1
49377,0,0,0.08701921,1
49378,1,1,0.9993345,1
49379,0,0,0.04716187,1
49380,1,1,0.9991013,1
49381,1,1,0.84972197,1
49382,1,1,0.9760608,1
49383,1,1,0.9998111,1
49384,1,1,0.4793818,1
49385,0,0,0.06878729,1
49386,1,1,1.0,1
49387,1,1,0.9976769,1
49388,1,1,0.99804676,1
49389,0,0,0.00648827,1
49390,0,1,0.7584658,0
49391,1,1,0.99978346,1
49392,0,1,0.98644173,0
49393,0,1,0.6694748,0
49394,0,1,0.64159083,0
49395,0,1,0.9999926,0
49396,0,1,0.6764596,0
49397,0,1,0.99937856,0
49398,1,1,1.0,1
49399,0,1,0.82587075,0
49400,1,1,0.999355,1
49401,0,0,0.17106119,1
49402,1,1,0.9014879,1
49403,0,1,0.40586078,0
49404,1,0,0.320077,0
49405,0,1,0.41641092,0
49406,0,0,0.022392828,1
49407,1,0,0.049405243,0
49408,0,1,1.0,0
49409,0,0,0.08570927,1
49410,1,1,0.99174845,1
49411,1,1,0.99992096,1
49412,1,0,0.048903175,0
49413,0,0,0.044597577,1
49414,1,1,0.99999917,1
49415,0,0,0.20331182,1
49416,1,0,0.18520921,0
49417,0,1,0.95239735,0
49418,1,1,0.86815757,1
49419,1,1,0.83682144,1
49420,0,1,0.9375548,0
49421,1,1,0.9959378,1
49422,0,1,0.99996233,0
49423,0,0,0.22414035,1
49424,0,1,0.9999398,0
49425,1,1,0.9999758,1
49426,0,0,0.18068421,1
49427,1,1,0.9882676,1
49428,0,1,0.88252914,0
49429,1,1,0.9999999,1
49430,1,1,0.96606,1
49431,0,1,0.999688,0
49432,1,1,0.9988004,1
49433,0,1,0.67442584,0
49434,1,0,0.19798663,0
49435,1,1,0.9999964,1
49436,1,1,0.9990471,1
49437,1,1,0.44302806,1
49438,1,1,1.0,1
49439,1,1,0.6252665,1
49440,1,0,0.099382766,0
49441,1,1,0.9990073,1
49442,0,1,1.0,0
49443,1,1,0.999962,1
49444,0,0,0.087096825,1
49445,1,1,0.995906,1
49446,0,0,0.14258969,1
49447,1,0,0.067485206,0
49448,1,0,0.11676401,0
49449,1,1,1.0,1
49450,1,1,1.0,1
49451,1,1,0.99836427,1
49452,0,0,0.029284457,1
49453,1,1,0.9775644,1
49454,1,0,0.08441725,0
49455,0,0,0.06153674,1
49456,0,1,0.94649786,0
49457,0,0,0.2580454,1
49458,1,1,1.0,1
49459,1,1,1.0,1
49460,1,1,0.99999654,1
49461,1,1,0.99992514,1
49462,0,1,0.9929472,0
49463,1,1,0.9965436,1
49464,1,0,0.18520921,0
49465,1,0,0.3494217,0
49466,1,1,1.0,1
49467,0,1,0.99955136,0
49468,1,1,1.0,1
49469,1,1,1.0,1
49470,0,0,0.120438814,1
49471,0,0,0.09518112,1
49472,1,1,0.47852883,1
49473,0,0,0.09001297,1
49474,1,0,0.25196967,0
49475,1,0,0.11377637,0
49476,0,0,0.09033343,1
49477,0,1,0.97316426,0
49478,1,1,1.0,1
49479,0,1,0.49926758,0
49480,0,1,0.37319025,0
49481,1,1,1.0,1
49482,0,0,0.040351234,1
49483,0,1,0.86442494,0
49484,1,1,0.99999964,1
49485,1,1,0.96992815,1
49486,0,1,0.9993268,0
49487,1,1,0.99998844,1
49488,1,1,0.99983907,1
49489,1,1,0.9985562,1
49490,0,1,0.8814109,0
49491,0,1,0.38751647,0
49492,0,1,0.9994611,0
49493,0,1,0.9650203,0
49494,0,1,0.55615854,0
49495,0,1,0.8494724,0
49496,1,1,0.9989034,1
49497,1,1,0.63096917,1
49498,1,0,0.00095659646,0
49499,1,0,0.3368762,0
49500,1,0,0.016593179,0
49501,1,1,0.9999963,1
49502,1,0,0.068537496,0
49503,1,1,0.99973255,1
49504,0,0,0.057387535,1
49505,1,0,0.24292329,0
49506,1,1,0.78249633,1
49507,0,1,0.704211,0
49508,1,1,0.40668523,1
49509,0,0,0.0422455,1
49510,0,0,0.19057333,1
49511,0,1,0.999908,0
49512,1,1,0.37995335,1
49513,1,0,0.042562727,0
49514,1,1,0.9973888,1
49515,1,0,0.04564947,0
49516,0,0,0.091301054,1
49517,1,0,0.245085,0
49518,0,1,0.9856353,0
49519,1,1,0.9984176,1
49520,1,1,0.99999964,1
49521,0,0,0.20801799,1
49522,0,1,0.9879462,0
49523,1,1,0.5267688,1
49524,0,0,0.025613915,1
49525,0,1,0.9836285,0
49526,1,1,0.99342304,1
49527,0,1,0.9999865,0
49528,1,1,0.97023994,1
49529,0,0,0.1365508,1
49530,1,1,0.9862046,1
49531,1,1,1.0,1
49532,0,0,0.074635044,1
49533,1,0,0.1304515,0
49534,1,1,0.9207897,1
49535,1,1,0.99986446,1
49536,0,0,0.046942927,1
49537,0,1,0.76585615,0
49538,0,1,0.99824536,0
49539,1,1,1.0,1
49540,0,1,0.84234506,0
49541,0,0,0.2869179,1
49542,0,0,0.059319146,1
49543,0,0,0.032713126,1
49544,0,0,0.03448853,1
49545,0,0,0.10374862,1
49546,1,1,0.99889046,1
49547,1,1,0.8077641,1
49548,0,0,0.20386599,1
49549,0,1,0.99964166,0
49550,0,1,0.73014563,0
49551,1,1,0.99349916,1
49552,1,1,0.99999976,1
49553,1,1,0.99999976,1
49554,0,0,0.11797801,1
49555,0,1,0.66459477,0
49556,1,1,0.99973875,1
49557,1,1,0.45950052,1
49558,1,0,0.033023555,0
49559,1,1,1.0,1
49560,1,1,0.8933094,1
49561,0,1,0.43134463,0
49562,1,1,0.9999883,1
49563,0,1,0.88252914,0
49564,0,1,0.7613611,0
49565,0,1,0.99085677,0
49566,1,1,0.99736315,1
49567,1,1,1.0,1
49568,1,1,0.99998105,1
49569,1,1,1.0,1
49570,0,0,0.02265081,1
49571,0,0,0.059210252,1
49572,0,0,0.17724052,1
49573,0,1,0.6885208,0
49574,1,1,0.5691942,1
49575,0,1,0.8393393,0
49576,1,1,1.0,1
49577,0,1,0.9982827,0
49578,0,1,0.98439646,0
49579,0,1,0.51616865,0
49580,0,0,0.31658053,1
49581,0,0,0.03293013,1
49582,1,1,0.9999887,1
49583,1,1,0.98546845,1
49584,1,1,0.99999344,1
49585,1,0,0.3217796,0
49586,1,1,1.0,1
49587,0,1,0.3530935,0
49588,1,1,0.40245086,1
49589,1,1,1.0,1
49590,1,1,1.0,1
49591,1,1,1.0,1
49592,1,1,0.9957353,1
49593,1,1,0.999992,1
49594,1,1,0.9520419,1
49595,1,1,0.9971827,1
49596,1,1,0.99999356,1
49597,1,1,0.9999083,1
49598,0,1,0.999894,0
49599,1,1,0.99926645,1
49600,1,1,0.9999999,1
49601,0,0,0.057387535,1
49602,0,0,0.028679863,1
49603,1,1,0.999956,1
49604,0,0,0.012288597,1
49605,0,0,0.2339688,1
49606,0,1,1.0,0
49607,0,1,0.99693656,0
49608,1,1,1.0,1
49609,0,1,1.0,0
49610,0,0,0.09990845,1
49611,0,1,0.8478418,0
49612,0,0,0.24211602,1
49613,1,1,1.0,1
49614,0,0,0.055926174,1
49615,1,0,0.14366761,0
49616,1,1,0.99155444,1
49617,1,1,0.99805814,1
49618,0,1,0.8467045,0
49619,1,1,0.6487445,1
49620,1,1,0.9999219,1
49621,1,1,1.0,1
49622,0,0,0.016914913,1
49623,0,0,0.0703677,1
49624,0,0,0.10132237,1
49625,0,0,0.32284617,1
49626,1,1,0.56103444,1
49627,0,1,0.8548847,0
49628,1,1,0.98292196,1
49629,1,0,0.28651848,0
49630,0,1,0.7896395,0
49631,0,1,0.98715407,0
49632,1,1,0.87768656,1
49633,0,0,0.22558717,1
49634,1,1,0.9999999,1
49635,0,0,0.04624881,1
49636,1,1,0.52585584,1
49637,0,1,0.9567152,0
49638,1,1,1.0,1
49639,1,1,0.9999151,1
49640,0,1,0.9634375,0
49641,1,1,0.88602656,1
49642,0,0,0.30012983,1
49643,1,1,0.99967504,1
49644,1,0,0.33415475,0
49645,0,1,1.0,0
49646,0,1,0.68621236,0
49647,1,1,0.42199835,1
49648,0,1,0.99999666,0
49649,0,1,0.96102494,0
49650,1,1,0.99998355,1
49651,1,1,0.9999962,1
49652,1,1,0.9999937,1
49653,1,0,0.094176665,0
49654,1,1,0.9993436,1
49655,0,1,0.9890131,0
49656,0,0,0.039862495,1
49657,1,0,0.075653054,0
49658,1,1,0.9235233,1
49659,1,1,1.0,1
49660,0,1,0.9999993,0
49661,1,0,0.19659473,0
49662,1,0,0.10438599,0
49663,1,1,1.0,1
49664,1,1,1.0,1
49665,1,1,0.9999988,1
49666,0,0,0.031055551,1
49667,1,1,0.9999999,1
49668,1,1,0.7069497,1
49669,0,0,0.03330537,1
49670,1,1,0.9991391,1
49671,1,1,0.9985221,1
49672,1,1,0.9999558,1
49673,1,1,0.9684709,1
49674,1,0,0.019587422,0
49675,0,0,0.068288535,1
49676,1,1,0.99999976,1
49677,0,1,0.99995315,0
49678,0,0,0.12431929,1
49679,1,1,0.9953725,1
49680,0,0,0.10999224,1
49681,1,1,0.9843062,1
49682,0,0,0.14584377,1
49683,1,1,0.99999964,1
49684,0,1,0.98083925,0
49685,1,1,1.0,1
49686,1,1,0.99995613,1
49687,1,1,0.99999774,1
49688,0,0,0.05198967,1
49689,0,0,0.15121572,1
49690,1,1,0.99999905,1
49691,1,1,1.0,1
49692,0,0,0.11889567,1
49693,0,1,0.9999001,0
49694,1,1,1.0,1
49695,0,1,0.62983155,0
49696,0,1,0.9958901,0
49697,0,0,0.088820286,1
49698,1,0,0.12511882,0
49699,0,0,0.06030764,1
49700,1,1,0.9999101,1
49701,1,1,0.9993268,1
49702,1,1,0.42898077,1
49703,1,0,0.0021573422,0
49704,0,0,0.018316884,1
49705,1,0,0.27542198,0
49706,0,0,0.28427786,1
49707,1,1,1.0,1
49708,0,1,1.0,0
49709,0,1,0.5101915,0
49710,1,1,0.47298777,1
49711,0,0,0.15278916,1
49712,0,1,0.49475116,0
49713,0,0,0.3322021,1
49714,0,1,0.9999999,0
49715,0,0,0.31991765,1
49716,1,0,0.2977251,0
49717,0,1,0.5223545,0
49718,1,0,0.348368,0
49719,1,1,0.83761996,1
49720,0,1,0.98544043,0
49721,0,1,0.8609547,0
49722,0,1,0.9999994,0
49723,0,0,0.0023141266,1
49724,1,1,0.99999976,1
49725,1,1,0.9533619,1
49726,1,0,0.20545557,0
49727,1,1,0.9999844,1
49728,1,1,0.9306476,1
49729,0,0,0.08269734,1
49730,1,1,0.99992275,1
49731,0,1,0.73392886,0
49732,1,1,0.9985306,1
49733,0,1,0.94757545,0
49734,0,1,0.91618466,0
49735,0,1,0.8976953,0
49736,0,0,0.06506812,1
49737,1,0,0.11124121,0
49738,0,0,0.12210386,1
49739,0,1,0.6382154,0
49740,1,0,0.039231926,0
49741,0,1,0.97527254,0
49742,1,1,0.9998915,1
49743,0,0,0.0570714,1
49744,0,1,0.99996424,0
49745,1,1,0.9999535,1
49746,0,0,0.103205055,1
49747,0,0,0.27367145,1
49748,1,0,0.14657521,0
49749,1,1,0.98498523,1
49750,0,0,0.032466814,1
49751,1,1,0.88592786,1
49752,1,1,0.9999993,1
49753,0,1,0.36122105,0
49754,1,1,0.9718593,1
49755,1,1,0.9999646,1
49756,1,1,0.9998104,1
49757,0,0,0.030908957,1
49758,1,1,0.83575183,1
49759,1,1,0.9935993,1
49760,0,1,0.88710684,0
49761,0,0,0.26123667,1
49762,0,0,0.30699432,1
49763,1,1,0.99945253,1
49764,0,0,0.0126982,1
49765,1,0,0.0793529,0
49766,1,1,0.7995989,1
49767,0,0,0.03997477,1
49768,1,1,0.9948803,1
49769,1,1,1.0,1
49770,1,1,1.0,1
49771,0,0,0.027454607,1
49772,0,1,0.9993905,0
49773,0,1,0.5358879,0
49774,0,0,0.13307686,1
49775,0,0,0.069604956,1
49776,1,1,0.8044059,1
49777,1,1,0.99973875,1
49778,0,1,0.9932811,0
49779,0,0,0.054349106,1
49780,1,1,0.3684057,1
49781,1,1,1.0,1
49782,1,1,0.9999939,1
49783,0,1,0.354936,0
49784,1,1,0.9890554,1
49785,1,1,0.99999607,1
49786,1,1,1.0,1
49787,1,1,1.0,1
49788,0,1,0.93108755,0
49789,0,0,0.19057333,1
49790,0,1,0.60340613,0
49791,0,0,0.001626135,1
49792,1,1,0.99901307,1
49793,0,0,0.08686416,1
49794,1,0,0.014364656,0
49795,0,0,0.1698185,1
49796,1,1,1.0,1
49797,0,0,0.0042151595,1
49798,1,1,0.9999989,1
49799,0,1,0.61630094,0
49800,1,1,0.72889304,1
49801,1,1,0.70456684,1
49802,0,0,0.057440385,1
49803,1,0,0.034979645,0
49804,0,1,0.7486281,0
49805,1,1,0.9999335,1
49806,1,1,0.9947084,1
49807,1,1,1.0,1
49808,1,1,1.0,1
49809,0,0,0.12874407,1
49810,1,1,0.9999403,1
49811,1,1,0.99999976,1
49812,1,0,0.1727991,0
49813,1,0,0.05103542,0
49814,1,0,0.19261529,0
49815,0,1,0.9999976,0
49816,1,1,0.9741658,1
49817,0,1,0.98888505,0
49818,1,1,1.0,1
49819,0,0,0.04659464,1
49820,1,1,1.0,1
49821,0,0,0.12179017,1
49822,1,1,0.9999505,1
49823,0,1,0.3687466,0
49824,0,0,0.008950712,1
49825,1,1,0.9966691,1
49826,0,1,0.99994195,0
49827,1,0,0.28397995,0
49828,1,1,0.9999976,1
49829,0,1,0.9998977,0
49830,1,1,0.9999912,1
49831,1,1,1.0,1
49832,1,0,0.25580814,0
49833,1,0,0.025347177,0
49834,1,0,0.2755194,0
49835,0,0,0.16238002,1
49836,1,1,1.0,1
49837,0,1,0.9496227,0
49838,1,1,1.0,1
49839,0,0,0.14669742,1
49840,1,1,0.99504673,1
49841,1,1,0.9999994,1
49842,1,1,1.0,1
49843,0,0,0.004399413,1
49844,1,1,0.99632865,1
49845,0,1,0.999795,0
49846,1,1,1.0,1
49847,1,1,1.0,1
49848,0,0,0.058507007,1
49849,1,1,0.99892044,1
49850,1,1,0.99999344,1
49851,1,1,1.0,1
49852,1,0,0.19667186,0
49853,1,1,0.9882449,1
49854,1,1,1.0,1
49855,1,1,0.9999999,1
49856,1,1,1.0,1
49857,0,0,0.12517229,1
49858,1,1,0.9999981,1
49859,1,0,0.22575781,0
49860,0,1,0.999826,0
49861,1,1,1.0,1
49862,0,1,0.53260744,0
49863,1,1,0.8044059,1
49864,1,1,0.99628556,1
49865,0,0,0.049451128,1
49866,0,0,0.03919513,1
49867,1,0,0.27076936,0
49868,1,1,1.0,1
49869,1,1,1.0,1
49870,1,1,0.9931096,1
49871,1,1,0.99440175,1
49872,0,0,0.04468087,1
49873,0,1,0.99788433,0
49874,0,0,0.14175598,1
49875,0,0,0.22051026,1
49876,0,1,0.99999785,0
49877,1,1,0.86396646,1
49878,1,1,0.9999714,1
49879,1,1,1.0,1
49880,1,1,0.84834504,1
49881,0,1,0.9637117,0
49882,1,1,0.58563447,1
49883,1,1,0.9999857,1
49884,0,0,0.23265864,1
49885,1,1,0.95911604,1
49886,1,1,0.9860443,1
49887,1,1,0.9991491,1
49888,0,1,0.9984421,0
49889,1,1,1.0,1
49890,0,1,0.9999969,0
49891,1,1,0.51470524,1
49892,1,1,0.99999976,1
49893,1,0,0.22219339,0
49894,1,1,0.8892406,1
49895,0,0,0.049176436,1
49896,1,0,0.28209728,0
49897,1,1,1.0,1
49898,1,1,0.9999999,1
49899,1,0,0.057123974,0
49900,1,1,1.0,1
49901,1,1,1.0,1
49902,1,1,0.40807036,1
49903,1,1,0.98801583,1
49904,1,1,1.0,1
49905,1,0,0.039121646,0
49906,1,1,0.983597,1
49907,1,1,0.9871293,1
49908,1,1,1.0,1
49909,0,0,0.15921742,1
49910,0,1,0.97280496,0
49911,0,0,0.3006429,1
49912,1,1,1.0,1
49913,1,1,0.9983612,1
49914,1,1,0.81508535,1
49915,0,1,0.99999666,0
49916,1,1,0.9999889,1
49917,1,1,1.0,1
49918,0,1,1.0,0
49919,1,1,0.9989329,1
49920,1,0,0.04831607,0
49921,1,0,0.025107034,0
49922,0,1,0.8394709,0
49923,0,0,0.1067837,1
49924,1,1,0.9905874,1
49925,0,1,0.9943909,0
49926,1,0,0.04196977,0
49927,0,0,0.103205055,1
49928,0,0,0.15856485,1
49929,1,1,0.7145783,1
49930,0,0,0.0109234555,1
49931,0,1,0.56559867,0
49932,0,1,0.66361445,0
49933,1,0,0.037256766,0
49934,0,1,0.99890554,0
49935,1,1,0.99999976,1
49936,1,0,0.18579942,0
49937,1,1,0.9999944,1
49938,1,1,0.9999976,1
49939,1,1,0.99889696,1
49940,1,1,0.8508408,1
49941,1,1,0.7397986,1
49942,0,1,0.82976806,0
49943,1,0,0.0048674173,0
49944,1,0,0.054298937,0
49945,1,1,0.9999999,1
49946,0,1,0.98685336,0
49947,0,1,0.8880812,0
49948,1,1,0.65539116,1
49949,0,0,0.05198967,1
49950,0,1,0.9904406,0
49951,0,0,0.113383114,1
49952,0,1,0.47782826,0
49953,1,1,0.9999976,1
49954,0,0,0.17989045,1
49955,1,1,0.99582565,1
49956,0,1,0.5665582,0
49957,1,1,0.999213,1
49958,1,0,0.13568954,0
49959,1,1,0.9994917,1
49960,1,1,0.99998355,1
49961,1,1,0.6414785,1
49962,0,0,0.04590542,1
49963,1,0,0.24454337,0
49964,0,1,0.7129822,0
49965,1,0,0.04126865,0
49966,0,0,0.036322463,1
49967,0,1,0.9998267,0
49968,1,0,0.34814632,0
49969,1,0,0.10613344,0
49970,0,0,0.10941996,1
49971,1,1,0.7392342,1
49972,0,0,0.059101548,1
49973,0,1,0.75346667,0
49974,0,1,0.99974185,0
49975,0,0,0.011309892,1
49976,0,1,0.55886877,0
49977,1,1,0.9999993,1
49978,1,1,0.99787605,1
49979,1,1,0.99999774,1
49980,0,0,0.16291203,1
49981,0,1,0.99994004,0
49982,0,1,0.96102494,0
49983,1,0,0.3271307,0
49984,0,0,0.12126887,1
49985,0,1,0.99982125,0
49986,0,1,0.94261247,0
49987,1,1,0.99975747,1
49988,1,1,1.0,1
49989,0,1,0.4173605,0
49990,0,0,0.08517511,1
49991,0,1,0.8897206,0
49992,0,1,0.95409465,0
49993,1,1,0.99998903,1
49994,0,0,0.25701845,1
49995,0,0,0.092359796,1
49996,1,1,0.6996137,1
49997,1,1,0.9433476,1
49998,0,1,0.91796696,0
49999,1,1,0.9997198,1
50000,1,0,0.13352816,0
50001,0,0,0.28002533,1
50002,1,0,0.12064587,0
50003,1,0,0.07094482,0
50004,1,1,1.0,1
50005,0,1,0.61097586,0
50006,0,1,0.66600823,0
50007,0,0,0.11269772,1
50008,1,1,0.90523857,1
50009,1,0,0.14086723,0
50010,0,1,0.776877,0
50011,0,1,0.41569915,0
50012,1,0,0.08953418,0
50013,1,1,0.8171371,1
50014,1,1,0.96580297,1
50015,1,1,0.9999825,1
50016,1,1,0.9999894,1
50017,1,1,0.67678016,1
50018,0,1,0.8356178,0
50019,0,0,0.015043661,1
50020,1,1,0.5390439,1
50021,0,1,0.5544705,0
50022,1,1,0.93439513,1
50023,1,1,0.41478032,1
50024,1,0,0.070623666,0
50025,0,0,0.06669065,1
50026,1,1,0.9999999,1
50027,0,0,0.29665428,1
50028,1,1,0.9801483,1
50029,1,0,0.284576,0
50030,0,1,0.75036985,0
50031,0,0,0.26288915,1
50032,0,1,0.35131106,0
50033,0,1,0.99999404,0
50034,1,1,0.9999926,1
50035,1,1,0.99998593,1
50036,1,1,1.0,1
50037,1,1,0.40824726,1
50038,1,1,0.9999981,1
50039,0,0,0.24835183,1
50040,1,1,0.7557272,1
50041,0,0,0.0842664,1
50042,0,1,0.9999925,0
50043,1,1,0.9988418,1
50044,1,1,0.9999187,1
50045,1,1,1.0,1
50046,0,1,0.9997677,0
50047,0,0,0.21076632,1
50048,1,0,0.010714441,0
50049,1,1,0.64751965,1
50050,1,1,0.91700584,1
50051,1,1,1.0,1
50052,1,0,0.065545,0
50053,1,0,0.0004945696,0
50054,0,1,0.9999541,0
50055,0,1,0.51464427,0
50056,1,1,0.99882823,1
50057,1,0,0.11486404,0
50058,0,1,0.9999974,0
50059,0,0,0.0076510315,1
50060,1,1,0.9999896,1
50061,1,1,0.9999999,1
50062,1,0,0.13857834,0
50063,1,1,0.9997532,1
50064,1,1,1.0,1
50065,1,1,0.8467045,1
50066,0,0,0.0072608665,1
50067,1,1,0.9560224,1
50068,1,1,0.99999774,1
50069,1,0,0.21958841,0
50070,1,1,0.99999857,1
50071,1,0,0.023397617,0
50072,0,0,0.03971326,1
50073,0,0,0.030821325,1
50074,1,1,0.99999964,1
50075,0,1,0.76546186,0
50076,0,0,0.045310315,1
50077,1,1,0.91949815,1
50078,1,0,0.08225394,0
50079,1,1,0.9969066,1
50080,1,1,0.9940659,1
50081,0,0,0.060363002,1
50082,0,1,0.44933224,0
50083,1,1,0.8853344,1
50084,1,1,0.9998752,1
50085,0,0,0.27149308,1
50086,0,0,0.32922992,1
50087,0,0,0.07004896,1
50088,1,1,1.0,1
50089,0,0,0.013584393,1
50090,1,1,0.99991584,1
50091,1,1,0.47347462,1
50092,1,1,1.0,1
50093,0,1,0.48544723,0
50094,1,1,0.9701552,1
50095,1,1,0.99857306,1
50096,1,1,1.0,1
50097,0,1,0.9455505,0
50098,1,1,0.996271,1
50099,0,0,0.09747628,1
50100,1,1,1.0,1
50101,1,1,0.9997677,1
50102,1,1,0.89358836,1
50103,0,1,0.5649388,0
50104,1,1,0.8200375,1
50105,0,1,0.4545024,0
50106,0,0,0.17412922,1
50107,1,1,1.0,1
50108,1,1,0.99999976,1
50109,1,0,0.31700325,0
50110,1,1,0.98166555,1
50111,0,0,0.28987402,1
50112,0,0,0.13128456,1
50113,1,1,0.9978258,1
50114,0,1,0.9444336,0
50115,0,0,0.011463797,1
50116,1,1,0.9989287,1
50117,0,1,0.9622497,0
50118,0,0,0.30819023,1
50119,1,1,0.9999999,1
50120,0,0,0.08035747,1
50121,1,1,0.9999993,1
50122,0,0,0.029395703,1
50123,1,1,0.9979771,1
50124,0,1,0.9649213,0
50125,1,1,0.83359575,1
50126,0,0,0.13735881,1
50127,1,1,0.99002504,1
50128,0,0,0.07146149,1
50129,0,1,0.7065449,0
50130,1,0,0.02753294,0
50131,0,0,0.073098525,1
50132,1,1,0.9999958,1
50133,1,1,0.9563905,1
50134,0,0,0.27474034,1
50135,0,1,0.9978884,0
50136,1,1,0.97142875,1
50137,1,1,0.8504686,1
50138,1,1,0.99999106,1
50139,0,0,0.18631704,1
50140,0,1,0.98739934,0
50141,0,1,0.42945927,0
50142,1,1,0.9921537,1
50143,0,1,0.416945,0
50144,1,1,0.91505283,1
50145,1,1,0.9999999,1
50146,1,1,0.995858,1
50147,1,1,0.9999739,1
50148,0,1,0.9937709,0
50149,0,0,0.16708273,1
50150,1,1,1.0,1
50151,1,1,1.0,1
50152,0,1,0.9532751,0
50153,1,1,0.43437132,1
50154,0,1,0.97803074,0
50155,1,1,0.95511025,1
50156,0,1,0.9999856,0
50157,0,0,0.022137716,1
50158,0,1,0.5252471,0
50159,1,0,0.26697794,0
50160,1,1,0.4618055,1
50161,1,1,0.99996364,1
50162,0,0,0.17335817,1
50163,0,0,0.093512304,1
50164,1,1,0.9999995,1
50165,1,0,0.14572217,0
50166,0,0,0.06766981,1
50167,0,0,0.15059009,1
50168,0,0,0.1894461,1
50169,1,1,1.0,1
50170,1,1,1.0,1
50171,1,1,0.999972,1
50172,1,1,1.0,1
50173,0,0,0.12560067,1
50174,0,0,0.34792474,1
50175,0,1,0.9599126,0
50176,1,1,0.85717136,1
50177,1,1,0.99999726,1
50178,0,0,0.011485951,1
50179,1,1,0.98247355,1
50180,1,1,0.99996877,1
50181,1,1,1.0,1
50182,1,1,1.0,1
50183,1,0,0.34054002,0
50184,0,1,0.73101056,0
50185,1,1,0.9999987,1
50186,0,0,0.289673,1
50187,1,0,0.27076936,0
50188,1,1,0.99999595,1
50189,0,1,0.9998945,0
50190,0,1,0.9507779,0
50191,0,1,0.5612148,0
50192,0,0,0.2862191,1
50193,1,0,0.15495054,0
50194,0,1,0.537709,0
50195,0,1,0.8813088,0
50196,0,1,0.9998535,0
50197,1,1,1.0,1
50198,1,1,0.8247444,1
50199,1,1,1.0,1
50200,1,1,0.9437118,1
50201,1,1,1.0,1
50202,0,1,0.99476975,0
50203,1,1,0.9929061,1
50204,1,0,0.168583,0
50205,1,1,0.985129,1
50206,0,0,0.1673547,1
50207,0,0,0.086400524,1
50208,0,0,0.039231926,1
50209,0,1,0.9993988,0
50210,0,0,0.11279541,1
50211,1,1,1.0,1
50212,1,1,1.0,1
50213,1,1,0.99907637,1
50214,1,0,0.26759952,0
50215,0,0,0.085785836,1
50216,0,1,0.79157954,0
50217,1,1,0.9997378,1
50218,0,0,0.0553617,1
50219,1,1,0.97877365,1
50220,1,1,0.9994797,1
50221,1,0,0.25192368,0
50222,1,1,0.9999094,1
50223,1,1,1.0,1
50224,0,0,0.008916127,1
50225,1,1,0.9999963,1
50226,1,1,1.0,1
50227,1,1,0.99999964,1
50228,1,0,0.037999377,0
50229,0,0,0.2247353,1
50230,1,1,0.43767327,1
50231,1,1,0.99999964,1
50232,0,0,0.33671263,1
50233,0,1,0.9081302,0
50234,1,1,0.9999994,1
50235,1,1,1.0,1
50236,0,0,0.17462131,1
50237,0,1,0.3880671,0
50238,1,1,0.99999833,1
50239,0,0,0.042842172,1
50240,0,0,0.01627746,1
50241,1,1,0.8143483,1
50242,1,1,1.0,1
50243,1,1,0.99996746,1
50244,0,1,0.8070808,0
50245,1,1,0.9999981,1
50246,1,0,0.32670093,0
50247,1,0,0.023554333,0
50248,1,1,0.99991345,1
50249,0,1,0.9999962,0
50250,0,0,0.2502709,1
50251,1,1,0.8855325,1
50252,0,0,0.024030639,1
50253,0,1,0.9819447,0
50254,0,1,0.56529874,0
50255,0,0,0.25926262,1
50256,0,0,0.06687324,1
50257,1,1,0.9999511,1
50258,1,1,0.59036595,1
50259,1,0,0.046291906,0
50260,1,1,0.9998822,1
50261,1,1,0.9999255,1
50262,0,0,0.13580413,1
50263,1,1,0.99999535,1
50264,0,1,0.99999917,0
50265,0,1,0.4672406,0
50266,1,1,0.9959849,1
50267,1,1,0.58776563,1
50268,0,1,0.99948174,0
50269,1,1,0.91767234,1
50270,1,1,1.0,1
50271,1,0,0.29421496,0
50272,1,1,0.9621432,1
50273,1,1,0.9994081,1
50274,0,0,0.09186979,1
50275,1,0,0.028707078,0
50276,1,1,0.9513234,1
50277,0,0,0.034261618,1
50278,1,1,0.999355,1
50279,1,1,0.9448422,1
50280,1,1,0.9631613,1
50281,1,1,1.0,1
50282,0,1,0.99979657,0
50283,1,1,0.9582651,1
50284,0,0,0.033117235,1
50285,0,0,0.34665185,1
50286,1,0,0.014172365,0
50287,1,1,0.9987381,1
50288,1,1,0.7923839,1
50289,0,1,0.93698055,0
50290,1,1,0.9999614,1
50291,0,0,0.10266401,1
50292,0,1,0.9468921,0
50293,0,1,0.99974877,0
50294,0,0,0.16762705,1
50295,0,1,0.97957015,0
50296,1,1,1.0,1
50297,0,0,0.24256429,1
50298,1,1,0.99992573,1
50299,1,1,0.9570375,1
50300,1,1,0.9999969,1
50301,0,1,0.5253688,0
50302,1,1,0.76073956,1
50303,0,0,0.04659464,1
50304,1,1,0.9916842,1
50305,0,1,0.99989486,0
50306,0,1,0.8595459,0
50307,1,1,0.90681833,1
50308,0,1,0.4649927,0
50309,0,1,0.69206995,0
50310,0,0,0.16599831,1
50311,0,0,0.011093566,1
50312,1,1,0.9980957,1
50313,1,1,0.9908744,1
50314,0,0,0.2524762,1
50315,1,1,0.9563089,1
50316,0,1,0.41022456,0
50317,0,1,0.9998517,0
50318,1,1,1.0,1
50319,1,1,0.5157418,1
50320,1,1,0.9999994,1
50321,1,1,0.9959378,1
50322,1,0,0.122733355,0
50323,1,1,0.49121183,1
50324,1,1,0.9999802,1
50325,1,1,0.9916681,1
50326,1,1,0.9994797,1
50327,0,1,0.64170307,0
50328,1,0,0.1525365,0
50329,1,1,1.0,1
50330,1,1,1.0,1
50331,1,0,0.32167304,0
50332,0,0,0.11328496,1
50333,0,0,0.093760945,1
50334,0,0,0.08284563,1
50335,1,1,0.9999999,1
50336,0,0,0.09170697,1
50337,1,0,0.03179867,0
50338,0,0,0.013768816,1
50339,1,1,0.9250947,1
50340,1,1,0.69580334,1
50341,0,1,0.8010035,0
50342,1,0,0.15215817,0
50343,1,1,0.8008478,1
50344,1,1,1.0,1
50345,0,0,0.13799648,1
50346,1,1,0.99983203,1
50347,0,1,0.9510514,0
50348,1,1,0.99997497,1
50349,1,1,0.42289186,1
50350,1,0,0.02917362,0
50351,1,1,1.0,1
50352,0,0,0.1705771,1
50353,1,1,0.67869973,1
50354,0,0,0.093760945,1
50355,1,1,0.9998902,1
50356,1,0,0.039453376,0
50357,1,0,0.07578975,0
50358,0,0,0.009955651,1
50359,1,1,0.9887988,1
50360,1,1,0.99993265,1
50361,1,0,0.078148484,0
50362,1,0,0.09392703,0
50363,0,1,0.9909272,0
50364,1,1,0.8924688,1
50365,0,1,0.996271,0
50366,1,1,1.0,1
50367,1,1,1.0,1
50368,1,1,0.967163,1
50369,0,0,0.05717659,1
50370,0,1,0.8822251,0
50371,0,0,0.036390893,1
50372,1,0,0.04885778,0
50373,1,1,1.0,1
50374,1,1,1.0,1
50375,0,1,0.997414,0
50376,0,1,0.5089102,0
50377,0,1,0.5500636,0
50378,1,1,0.7942254,1
50379,0,1,0.66524744,0
50380,0,1,0.5092763,0
50381,0,1,0.5324859,0
50382,0,1,0.98361266,0
50383,1,1,0.96969944,1
50384,1,1,1.0,1
50385,1,0,0.30652702,0
50386,1,1,0.95803016,1
50387,0,1,0.6353921,0
50388,1,0,0.0882686,0
50389,0,0,0.18257123,1
50390,0,1,0.99993956,0
50391,0,0,0.33535084,1
50392,1,1,0.84695786,1
50393,1,1,0.99999976,1
50394,1,1,0.9999989,1
50395,0,1,0.58995265,0
50396,1,0,0.07172112,0
50397,0,1,0.50671345,0
50398,1,1,1.0,1
50399,0,1,0.8040984,0
50400,0,1,0.4932255,0
50401,0,1,0.39668155,0
50402,1,1,1.0,1
50403,1,1,0.9352874,1
50404,0,1,0.54237854,0
50405,0,1,0.6806133,0
50406,0,1,0.99999785,0
50407,1,1,0.73225695,1
50408,0,1,0.9917163,0
50409,0,1,0.99804676,0
50410,0,1,0.35672674,0
50411,0,1,0.4304765,0
50412,0,0,0.100436606,1
50413,0,0,0.15902139,1
50414,1,1,0.42393494,1
50415,0,1,0.75608754,0
50416,1,1,0.46207857,1
50417,1,1,0.9997098,1
50418,1,1,0.9999008,1
50419,0,1,0.63855356,0
50420,0,1,0.98803884,0
50421,0,0,0.3053865,1
50422,1,1,0.99998796,1
50423,0,1,0.72807217,0
50424,1,1,0.99559206,1
50425,1,1,0.9993563,1
50426,0,1,0.7612724,0
50427,0,0,0.032252766,1
50428,0,0,0.20537588,1
50429,1,1,0.9770007,1
50430,1,1,1.0,1
50431,0,1,0.9402983,0
50432,1,0,0.042048372,0
50433,0,0,0.093760945,1
50434,0,0,0.035678547,1
50435,0,0,0.11736965,1
50436,1,0,0.27028757,0
50437,0,1,0.6959067,0
50438,0,1,0.3639294,0
50439,1,1,0.9999993,1
50440,0,0,0.057918087,1
50441,1,1,1.0,1
50442,0,0,0.0029984985,1
50443,0,1,0.8662457,0
50444,1,0,0.14780103,0
50445,1,1,0.9999995,1
50446,1,1,0.99999785,1
50447,1,1,1.0,1
50448,1,1,0.9952077,1
50449,1,1,0.9922294,1
50450,1,1,0.99995244,1
50451,1,0,0.12158143,0
50452,0,1,0.6571535,0
50453,0,0,0.33193132,1
50454,0,1,0.9995859,0
50455,1,0,0.21850257,0
50456,0,0,0.04050277,1
50457,1,0,0.10585582,0
50458,0,1,0.9999945,0
50459,0,1,0.91266996,0
50460,1,1,1.0,1
50461,1,1,0.99993527,1
50462,0,0,0.0009326359,1
50463,0,1,0.8578872,0
50464,0,1,0.4873074,0
50465,0,0,0.03390796,1
50466,1,1,0.9994611,1
50467,1,1,0.9997321,1
50468,1,1,0.9990226,1
50469,1,0,0.07382971,0
50470,1,1,0.99999964,1
50471,0,1,0.49884033,0
50472,1,1,1.0,1
50473,0,0,0.07793769,1
50474,1,1,0.9992944,1
50475,0,1,0.99999917,0
50476,1,1,0.999997,1
50477,1,1,0.9960776,1
50478,1,1,0.99983394,1
50479,1,1,0.9698712,1
50480,1,1,0.99999964,1
50481,1,0,0.2590751,0
50482,1,1,0.97366965,1
50483,1,1,0.9885804,1
50484,0,1,0.9997998,0
50485,0,0,0.2961451,1
50486,0,1,0.9966756,0
50487,0,1,0.9976404,0
50488,1,0,0.17224145,0
50489,0,0,0.2200909,1
50490,1,0,0.23669264,0
50491,0,0,0.0946777,1
50492,1,1,0.9696707,1
50493,0,1,0.5548926,0
50494,1,0,0.017968968,0
50495,1,1,0.705227,1
50496,0,0,0.19698064,1
50497,1,0,0.01042845,0
50498,1,1,1.0,1
50499,0,1,0.9966691,0
50500,1,0,0.020023443,0
50501,1,1,0.99974185,1
50502,0,1,0.8997397,0
50503,1,1,1.0,1
50504,0,1,0.5794004,0
50505,1,1,0.98922324,1
50506,1,1,1.0,1
50507,1,1,0.9438154,1
50508,1,1,0.8688268,1
50509,1,1,0.999998,1
50510,0,0,0.30574915,1
50511,0,0,0.028463027,1
50512,1,1,0.99998665,1
50513,1,1,0.4896255,1
50514,1,1,0.999902,1
50515,0,0,0.31843218,1
50516,0,1,0.9982692,0
50517,1,1,0.9981067,1
50518,0,0,0.070623666,1
50519,1,1,0.96095175,1
50520,1,1,0.8022459,1
50521,0,0,0.0076214303,1
50522,1,1,0.99994695,1
50523,0,0,0.18140818,1
50524,0,1,0.42841277,0
50525,1,1,1.0,1
50526,0,0,0.20793757,1
50527,1,1,0.99999785,1
50528,1,1,0.6012424,1
50529,1,1,1.0,1
50530,0,0,0.2604835,1
50531,0,1,0.8700462,0
50532,1,1,0.9999329,1
50533,0,1,0.9784877,0
50534,0,1,0.79246426,0
50535,1,1,1.0,1
50536,1,1,0.8965235,1
50537,1,1,1.0,1
50538,0,1,0.9728308,0
50539,1,1,0.9998671,1
50540,0,1,0.99666256,0
50541,1,0,0.06785488,0
50542,0,0,0.022889841,1
50543,1,1,0.9999896,1
50544,1,1,0.9999968,1
50545,1,1,0.88252914,1
50546,1,1,0.988425,1
50547,0,0,0.13307686,1
50548,1,1,0.9999938,1
50549,0,1,0.7048209,0
50550,1,1,0.9999894,1
50551,0,0,0.03879259,1
50552,1,1,0.99998105,1
50553,1,1,0.99996066,1
50554,0,1,0.99372226,0
50555,1,1,0.99999976,1
50556,1,1,0.4471585,1
50557,1,1,0.9316493,1
50558,1,1,0.4638085,1
50559,1,1,0.9380673,1
50560,1,1,0.9998332,1
50561,0,1,0.48377034,0
50562,1,1,1.0,1
50563,0,0,0.06064056,1
50564,1,1,0.9979966,1
50565,0,0,0.048092045,1
50566,1,0,0.15934816,0
50567,0,1,0.9982248,0
50568,1,1,0.9946568,1
50569,1,1,1.0,1
50570,1,1,0.36268702,1
50571,0,0,0.22669801,1
50572,0,1,0.99996865,0
50573,0,0,0.1474324,1
50574,1,1,0.9989718,1
50575,1,0,0.03204008,0
50576,1,1,0.99998176,1
50577,0,0,0.13753247,1
50578,0,1,0.8236123,0
50579,0,1,0.9744105,0
50580,1,1,0.99210805,1
50581,0,1,0.63770795,0
50582,1,1,1.0,1
50583,1,1,0.9996762,1
50584,0,0,0.0076956474,1
50585,1,1,0.9943909,1
50586,0,0,0.15895613,1
50587,0,1,0.9998752,0
50588,1,1,0.99932814,1
50589,1,1,0.39530924,1
50590,1,1,1.0,1
50591,1,0,0.024030639,0
50592,1,1,1.0,1
50593,1,1,1.0,1
50594,0,0,0.22996724,1
50595,0,1,0.49874878,0
50596,1,1,1.0,1
50597,1,1,0.6132945,1
50598,0,1,0.9999995,0
50599,1,1,0.4795646,1
50600,1,0,0.14396824,0
50601,0,0,0.0030933863,1
50602,0,1,0.95239735,0
50603,0,1,0.66925865,0
50604,1,1,0.91383046,1
50605,1,1,0.99630713,1
50606,1,1,1.0,1
50607,1,1,1.0,1
50608,0,1,0.5916053,0
50609,0,0,0.15159212,1
50610,0,1,0.98833525,0
50611,1,1,0.89077026,1
50612,1,1,0.99678373,1
50613,0,0,0.14977995,1
50614,1,0,0.15291561,0
50615,0,1,0.9975561,0
50616,0,1,0.53965044,0
50617,1,1,0.9642878,1
50618,1,1,0.37524846,1
50619,1,0,0.007232764,0
50620,1,0,0.043854564,0
50621,1,1,0.5825504,1
50622,1,1,0.8653379,1
50623,0,0,0.085479975,1
50624,1,1,0.99455196,1
50625,1,1,0.9990582,1
50626,1,1,1.0,1
50627,0,0,0.04972728,1
50628,1,1,1.0,1
50629,1,1,0.44067985,1
50630,0,0,0.16878845,1
50631,1,1,0.5613351,1
50632,1,0,0.011687257,0
50633,1,1,0.9999999,1
50634,1,1,0.99998593,1
50635,0,0,0.16465074,1
50636,1,0,0.25608712,0
50637,1,0,0.004792317,0
50638,0,1,1.0,0
50639,0,0,0.2688934,1
50640,0,1,0.7102265,0
50641,0,0,0.25238404,1
50642,0,0,0.26999873,1
50643,1,1,1.0,1
50644,1,1,0.9999012,1
50645,0,0,0.21272227,1
50646,1,0,0.1067837,0
50647,1,1,0.94796216,1
50648,1,1,0.9998945,1
50649,0,0,0.21592887,1
50650,1,1,0.98934746,1
50651,1,0,0.042562727,0
50652,0,0,0.05754622,1
50653,0,0,0.049912184,1
50654,1,0,0.04142348,0
50655,0,1,0.9916842,0
50656,0,0,0.060975183,1
50657,0,0,0.32739943,1
50658,1,1,1.0,1
50659,1,1,0.9726495,1
50660,0,0,0.05394898,1
50661,1,0,0.09041373,0
50662,1,1,0.8100285,1
50663,0,0,0.019624962,1
50664,0,0,0.14627008,1
50665,1,0,0.30699432,0
50666,1,0,0.06773144,0
50667,1,1,0.99999905,1
50668,1,1,0.99827933,1
50669,1,1,0.99995446,1
50670,0,1,0.99832886,0
50671,0,1,0.999355,0
50672,0,0,0.25841954,1
50673,0,0,0.25339884,1
50674,1,0,0.0047000605,0
50675,1,1,0.36982703,1
50676,1,1,0.9583432,1
50677,1,0,0.036562506,0
50678,0,1,0.48334357,0
50679,0,0,0.01317195,1
50680,1,1,0.9444336,1
50681,0,0,0.07004896,1
50682,1,1,0.96131647,1
50683,1,1,1.0,1
50684,0,1,0.99996173,0
50685,0,0,0.11027936,1
50686,1,1,0.9252299,1
50687,0,0,0.083965465,1
50688,1,1,0.80609053,1
50689,1,0,0.14288844,0
50690,1,1,0.99991286,1
50691,0,1,0.99644804,0
50692,1,1,0.999995,1
50693,0,1,0.9999883,0
50694,0,0,0.12581532,1
50695,0,0,0.11456651,1
50696,1,1,0.997917,1
50697,1,1,0.9925538,1
50698,0,1,0.7666432,0
50699,1,1,1.0,1
50700,1,1,1.0,1
50701,0,0,0.11211313,1
50702,0,0,0.059646945,1
50703,0,0,0.2524762,1
50704,1,1,0.9456509,1
50705,0,1,0.5905431,0
50706,0,1,1.0,0
50707,1,1,0.8178656,1
50708,1,0,0.018599968,0
50709,1,1,0.9999931,1
50710,0,1,0.50878817,0
50711,1,1,0.9980354,1
50712,1,1,0.9999999,1
50713,1,0,0.04268228,0
50714,1,1,0.9999565,1
50715,1,0,0.028328313,0
50716,0,1,0.78874594,0
50717,0,0,0.20721471,1
50718,0,0,0.0014808279,1
50719,0,0,0.036838707,1
50720,1,1,0.9587699,1
50721,1,0,0.31210786,0
50722,1,1,0.9999999,1
50723,1,1,0.7900448,1
50724,1,0,0.2931009,0
50725,0,1,0.8215457,0
50726,1,1,1.0,1
50727,1,1,0.95163894,1
50728,0,1,0.9181138,0
50729,1,1,1.0,1
50730,1,1,1.0,1
50731,0,0,0.3213535,1
50732,0,0,0.07423137,1
50733,1,1,0.99871826,1
50734,1,0,0.20473911,0
50735,0,0,0.23572361,1
50736,0,0,0.33654907,1
50737,0,0,0.23423143,1
50738,0,1,0.80271024,0
50739,0,1,0.41920206,0
50740,1,1,0.8241791,1
50741,1,1,0.99999976,1
50742,0,0,0.2305731,1
50743,0,1,0.4950563,0
50744,0,0,0.12738101,1
50745,1,1,0.90853673,1
50746,1,1,0.996123,1
50747,1,0,0.16105616,0
50748,0,1,0.44915098,0
50749,0,0,0.1609902,1
50750,0,0,0.00017400541,1
50751,0,0,0.13290796,1
50752,0,0,0.18352044,1
50753,0,1,0.8610715,0
50754,1,0,0.303061,0
50755,0,1,0.9992848,0
50756,0,0,0.20087102,1
50757,1,0,0.04698664,0
50758,1,1,1.0,1
50759,1,1,0.98971164,1
50760,1,1,0.43110514,1
50761,0,0,0.28120816,1
50762,0,1,0.38326615,0
50763,1,1,0.9996493,1
50764,0,1,0.99793327,0
50765,1,1,1.0,1
50766,1,1,1.0,1
50767,1,0,0.045734633,0
50768,1,0,0.08166611,0
50769,1,1,1.0,1
50770,0,1,0.36783782,0
50771,1,1,0.9986541,1
50772,1,1,0.99999857,1
50773,0,0,0.34015632,1
50774,0,0,0.10687689,1
50775,0,1,0.4720446,0
50776,0,0,0.058938842,1
50777,0,0,0.050893724,1
50778,0,0,0.32530618,1
50779,0,1,0.6323325,0
50780,1,1,0.99929583,1
50781,0,1,0.9020933,0
50782,0,0,0.021409774,1
50783,1,1,0.99999714,1
50784,1,1,0.93158704,1
50785,1,1,0.99999964,1
50786,1,1,0.9999989,1
50787,1,0,0.02199022,0
50788,0,1,0.99228936,0
50789,0,0,0.34416786,1
50790,0,1,0.9927672,0
50791,1,1,0.61097586,1
50792,0,0,0.05970174,1
50793,1,1,0.9999598,1
50794,1,1,0.99896574,1
50795,0,1,0.89199936,0
50796,0,1,0.53114855,0
50797,1,1,0.7527403,1
50798,0,0,0.047958106,1
50799,0,1,0.99554896,0
50800,0,1,0.7128822,0
50801,0,0,0.25155574,1
50802,0,1,0.41528413,0
50803,0,0,0.1676952,1
50804,0,0,0.11676401,1
50805,0,1,0.99997914,0
50806,1,1,0.97527254,1
50807,0,1,0.9991912,0
50808,1,0,0.17773949,0
50809,1,1,1.0,1
50810,1,1,0.8468312,1
50811,1,1,0.99994564,1
50812,0,0,0.02426074,1
50813,0,1,1.0,0
50814,1,1,1.0,1
50815,0,1,0.7325918,0
50816,1,1,0.87997437,1
50817,0,1,0.99860066,0
50818,1,1,1.0,1
50819,1,1,0.99816847,1
50820,0,0,0.34257153,1
50821,0,0,0.19208428,1
50822,0,1,0.9798805,0
50823,0,1,0.9666002,0
50824,0,1,0.78825736,0
50825,0,1,0.8474635,0
50826,1,1,1.0,1
50827,1,1,0.9999999,1
50828,0,1,0.98026204,0
50829,0,1,0.97891515,0
50830,1,1,0.99969935,1
50831,1,0,0.28234458,0
50832,1,1,0.9375548,1
50833,1,1,1.0,1
50834,0,0,0.23660442,1
50835,0,0,0.06058495,1
50836,1,1,0.9999535,1
50837,1,0,0.30069423,0
50838,0,0,0.054098696,1
50839,1,1,0.5709295,1
50840,1,1,0.9999814,1
50841,0,0,0.075653054,1
50842,1,1,1.0,1
50843,1,1,1.0,1
50844,0,1,0.776877,0
50845,1,0,0.06866228,0
50846,1,1,0.9999708,1
50847,1,1,0.9503189,1
50848,1,1,0.9770007,1
50849,0,1,0.41255975,0
50850,0,0,0.33182305,1
50851,0,0,0.051177494,1
50852,1,1,0.9999869,1
50853,0,1,0.9238675,0
50854,0,0,0.009394396,1
50855,0,1,0.9349913,0
50856,1,1,0.99944395,1
50857,1,0,0.15597628,0
50858,1,1,0.9845754,1
50859,1,1,1.0,1
50860,1,1,1.0,1
50861,1,0,0.052086018,0
50862,1,1,0.9776499,1
50863,0,1,0.99856746,0
50864,1,1,0.9789353,1
50865,1,1,1.0,1
50866,1,1,0.53965044,1
50867,1,1,0.92262185,1
50868,1,0,0.11008789,0
50869,1,1,0.9366916,1
50870,0,0,0.17567943,1
50871,1,0,0.009340025,0
50872,0,0,0.02136889,1
50873,0,1,0.5902479,0
50874,1,1,0.99999547,1
50875,0,1,0.86993575,0
50876,1,1,0.9998332,1
50877,1,1,0.9637459,1
50878,1,1,1.0,1
50879,0,0,0.08694165,1
50880,0,0,0.08151975,1
50881,0,1,0.7862948,0
50882,0,1,0.4151952,0
50883,0,0,0.03601607,1
50884,1,1,1.0,1
50885,0,0,0.17043895,1
50886,1,1,0.99920064,1
50887,1,1,0.99996054,1
50888,0,0,0.19390948,1
50889,1,1,0.9868787,1
50890,1,1,0.9740673,1
50891,0,0,0.06797852,1
50892,1,1,0.9999924,1
50893,1,1,0.99783427,1
50894,1,1,0.99999964,1
50895,1,1,1.0,1
50896,0,0,0.010228809,1
50897,1,1,0.999984,1
50898,0,0,0.27062476,1
50899,1,1,0.9999975,1
50900,1,1,0.9877351,1
50901,0,0,0.042922337,1
50902,1,1,0.7998335,1
50903,0,0,0.02753294,1
50904,1,0,0.14651415,0
50905,0,1,0.9996613,0
50906,0,1,0.8559716,0
50907,0,1,0.37602147,0
50908,1,1,0.9999999,1
50909,1,1,0.9943909,1
50910,1,0,0.01170984,0
50911,1,1,0.9836912,1
50912,0,1,0.9060729,0
50913,0,1,1.0,0
50914,0,1,0.99999416,0
50915,1,1,0.73426247,1
50916,1,1,0.99998295,1
50917,0,1,0.87536144,0
50918,1,1,0.9422947,1
50919,0,1,0.9999994,0
50920,1,1,0.9999502,1
50921,1,1,0.4874904,1
50922,1,1,0.9226916,1
50923,1,1,0.99970573,1
50924,1,1,0.9999982,1
50925,0,0,0.168583,1
50926,1,1,0.9999999,1
50927,1,0,0.177027,0
50928,1,1,0.9987281,1
50929,1,1,0.99830914,1
50930,1,1,1.0,1
50931,0,0,0.12901814,1
50932,1,1,0.9988004,1
50933,0,1,0.97828114,0
50934,1,1,0.99998784,1
50935,1,1,0.87439936,1
50936,1,1,1.0,1
50937,0,1,0.47962555,0
50938,0,1,1.0,0
50939,1,0,0.24122119,0
50940,1,1,1.0,1
50941,1,1,0.9998741,1
50942,0,0,0.18922126,1
50943,1,1,0.6846331,1
50944,0,1,0.9998952,0
50945,1,1,1.0,1
50946,1,1,0.9316493,1
50947,0,0,0.28656837,1
50948,1,1,0.9999573,1
50949,1,1,0.9659317,1
50950,1,1,0.99187535,1
50951,0,0,0.011331754,1
50952,1,1,0.9999958,1
50953,0,1,0.9974039,0
50954,1,1,0.99989843,1
50955,1,1,0.9887988,1
50956,1,1,1.0,1
50957,0,1,1.0,0
50958,1,1,0.969814,1
50959,0,0,0.14145924,1
50960,0,1,0.9853279,0
50961,1,1,1.0,1
50962,0,1,0.726183,0
50963,0,0,0.08969352,1
50964,1,1,0.9999881,1
50965,0,1,0.4099588,0
50966,0,1,0.99642736,0
50967,1,1,0.99456257,1
50968,1,0,0.11471518,0
50969,1,1,0.9996711,1
50970,1,1,0.9999995,1
50971,1,1,0.997414,1
50972,1,1,1.0,1
50973,0,1,0.52415115,0
50974,1,0,0.03132112,0
50975,1,1,0.9991424,1
50976,0,0,0.045225907,1
50977,1,1,0.9999969,1
50978,1,1,1.0,1
50979,0,0,0.163579,1
50980,1,1,1.0,1
50981,0,0,0.13695431,1
50982,1,1,0.6460695,1
50983,1,1,0.5318781,1
50984,0,0,0.046551276,1
50985,1,1,1.0,1
50986,1,1,0.9965904,1
50987,1,1,0.9131358,1
50988,1,1,0.9999231,1
50989,1,1,0.5376483,1
50990,0,0,0.03293013,1
50991,0,0,0.06742378,1
50992,1,1,0.98571813,1
50993,1,1,0.9768687,1
50994,0,1,0.83548355,0
50995,0,0,0.007815888,1
50996,1,1,1.0,1
50997,0,1,0.46125945,0
50998,0,1,0.941493,0
50999,0,0,0.1362632,1
51000,0,0,0.0551069,1
51001,0,1,0.9040592,0
51002,0,0,0.13240233,1
51003,1,0,0.040999033,0
51004,1,1,0.6350527,1
51005,1,1,0.99998426,1
51006,1,1,0.9999869,1
51007,0,0,0.14535783,1
51008,0,1,0.99338466,0
51009,1,1,0.9999703,1
51010,0,1,0.4804787,0
51011,1,1,0.80609053,1
51012,1,1,1.0,1
51013,1,1,0.99999917,1
51014,1,1,0.99991107,1
51015,0,0,0.26218015,1
51016,0,1,0.9980696,0
51017,1,1,1.0,1
51018,1,1,1.0,1
51019,1,1,0.9999151,1
51020,1,1,1.0,1
51021,1,0,0.21141684,0
51022,0,0,0.022392828,1
51023,0,0,0.14181541,1
51024,1,1,0.99894947,1
51025,0,0,0.16311188,1
51026,1,1,1.0,1
51027,0,1,0.9990471,0
51028,1,1,0.60492414,1
51029,0,1,0.99411184,0
51030,1,1,0.9648882,1
51031,0,0,0.30507585,1
51032,1,1,0.8451773,1
51033,0,1,0.9263704,0
51034,1,1,0.99279517,1
51035,1,1,0.7081621,1
51036,1,1,1.0,1
51037,1,0,0.0070801177,0
51038,0,1,0.9492946,0
51039,1,1,0.4751182,1
51040,1,1,0.9998267,1
51041,1,1,0.99983776,1
51042,1,1,0.999943,1
51043,1,1,0.9999442,1
51044,0,0,0.099382766,1
51045,0,1,0.7290378,0
51046,1,1,0.98327893,1
51047,0,0,0.32885265,1
51048,1,1,0.99576014,1
51049,0,0,0.13375428,1
51050,0,0,0.042562727,1
51051,1,1,1.0,1
51052,1,1,0.8795612,1
51053,0,1,0.99996805,0
51054,0,0,0.18155324,1
51055,1,0,0.008348053,0
51056,1,1,0.9938548,1
51057,1,1,0.999997,1
51058,1,0,0.09577148,0
51059,1,1,0.9999975,1
51060,1,1,0.620909,1
51061,1,1,1.0,1
51062,1,1,0.54201496,1
51063,0,1,0.80837,0
51064,1,1,0.9999993,1
51065,0,1,0.9806364,0
51066,0,1,0.82796735,0
51067,0,0,0.12808825,1
51068,1,0,0.016090875,0
51069,1,1,1.0,1
51070,0,0,0.2434625,1
51071,0,0,0.27561688,1
51072,1,1,0.80131465,1
51073,0,1,0.9922294,0
51074,1,1,0.99994504,1
51075,1,1,0.99582565,1
51076,1,1,0.9872773,1
51077,1,1,0.9917163,1
51078,1,1,0.999828,1
51079,1,1,0.9923934,1
51080,1,1,1.0,1
51081,0,0,0.04142348,1
51082,1,1,0.99999976,1
51083,0,0,0.11104826,1
51084,1,1,0.99995863,1
51085,1,1,0.9999685,1
51086,1,1,0.36483416,1
51087,1,1,0.8409133,1
51088,0,1,0.89488137,0
51089,0,0,0.26759952,1
51090,0,1,0.959001,0
51091,1,0,0.17795369,0
51092,1,1,0.7396576,1
51093,0,1,0.42122445,0
51094,0,1,0.46563047,0
51095,0,1,0.40330243,0
51096,1,1,0.9375548,1
51097,1,1,0.99989367,1
51098,1,1,0.9924959,1
51099,1,1,0.9709644,1
51100,0,0,0.0023504829,1
51101,0,1,0.97730595,0
51102,1,1,0.8365546,1
51103,0,1,0.9926684,0
51104,1,1,1.0,1
51105,1,0,0.123841666,0
51106,0,0,0.24337259,1
51107,1,1,0.4368623,1
51108,1,1,1.0,1
51109,1,1,0.99999857,1
51110,1,1,1.0,1
51111,1,1,0.99997437,1
51112,1,1,0.9999957,1
51113,1,1,0.9744105,1
51114,1,0,0.22185604,0
51115,0,1,0.40124786,0
51116,1,1,0.9999957,1
51117,1,1,0.97386926,1
51118,0,0,0.32204607,1
51119,0,0,0.040692955,1
51120,1,1,0.99999905,1
51121,0,0,0.07592667,1
51122,1,1,1.0,1
51123,0,0,0.024656855,1
51124,1,1,0.9998671,1
51125,1,1,0.52323765,1
51126,1,1,0.990732,1
51127,1,1,0.8356178,1
51128,0,0,0.16000333,1
51129,1,0,0.12054232,0
51130,0,1,0.9999665,0
51131,0,0,0.08042967,1
51132,0,1,0.99719906,0
51133,0,0,0.020119479,1
51134,1,1,0.9260366,1
51135,1,1,0.99997556,1
51136,0,0,0.0026678042,1
51137,1,0,0.21858597,0
51138,1,1,0.9994673,1
51139,1,1,0.9999994,1
51140,1,0,0.11747085,0
51141,0,0,0.08456833,1
51142,1,1,0.6970421,1
51143,0,1,0.9990746,0
51144,0,0,0.022414219,1
51145,1,1,0.9993513,1
51146,1,1,0.99975365,1
51147,0,1,0.9967649,0
51148,1,1,0.99999416,1
51149,1,1,0.9747491,1
51150,1,1,0.9999989,1
51151,0,0,0.0004503306,1
51152,0,0,0.31362996,1
51153,1,0,0.23695739,0
51154,0,1,0.93645954,0
51155,1,1,1.0,1
51156,1,1,0.99999785,1
51157,1,0,0.028490044,0
51158,1,1,0.67281556,1
51159,1,0,0.019531239,0
51160,0,1,0.9997757,0
51161,0,0,0.17175467,1
51162,0,0,0.2168396,1
51163,0,1,0.9980882,0
51164,1,1,1.0,1
51165,1,1,0.999959,1
51166,1,1,1.0,1
51167,1,0,0.05728198,0
51168,1,1,0.9999329,1
51169,0,0,0.13817081,1
51170,1,0,0.018089995,0
51171,0,1,0.6431612,0
51172,0,0,0.036049988,1
51173,0,0,0.12792476,1
51174,0,0,0.06500874,1
51175,1,1,0.9999981,1
51176,0,0,0.23678085,1
51177,0,0,0.24608012,1
51178,1,0,0.3122127,0
51179,0,1,0.68820655,0
51180,1,1,0.9999999,1
51181,0,1,0.55772483,0
51182,0,0,0.2186694,1
51183,0,0,0.014309456,1
51184,1,0,0.04038907,0
51185,0,1,0.92121595,0
51186,1,1,0.99999976,1
51187,1,1,1.0,1
51188,1,1,0.61039543,1
51189,0,0,0.046033904,1
51190,1,1,0.99999976,1
51191,0,0,0.19475038,1
51192,0,0,0.114665605,1
51193,1,1,0.46317106,1
51194,0,1,0.9843062,0
51195,1,1,0.9983158,1
51196,0,1,0.70957285,0
51197,0,1,1.0,0
51198,0,0,0.057652235,1
51199,1,1,0.42247483,1
51200,1,1,0.99999964,1
51201,0,0,0.01693116,1
51202,0,0,0.33851433,1
51203,1,1,0.9999999,1
51204,0,1,0.9566342,0
51205,0,0,0.13178657,1
51206,1,1,0.9722835,1
51207,0,1,0.9858549,0
51208,0,1,0.51604676,0
51209,0,1,0.96138906,0
51210,1,1,0.98873377,1
51211,1,1,0.989791,1
51212,1,1,0.9968273,1
51213,1,1,0.9977482,1
51214,1,1,0.9999999,1
51215,1,1,1.0,1
51216,0,1,1.0,0
51217,0,1,0.590425,0
51218,0,1,0.9999876,0
51219,0,1,0.6525183,0
51220,1,1,0.7216451,1
51221,0,0,0.04142348,1
51222,1,1,0.92043275,1
51223,1,1,0.94791394,1
51224,0,0,0.104660206,1
51225,0,0,0.07835981,1
51226,1,1,0.9992446,1
51227,0,0,0.23545979,1
51228,0,0,0.065365784,1
51229,0,0,0.04276215,1
51230,1,1,0.9990582,1
51231,1,1,0.72081065,1
51232,1,1,0.99940586,1
51233,0,1,0.7119819,0
51234,1,1,0.580352,1
51235,1,1,0.99999976,1
51236,0,0,0.025298966,1
51237,0,0,0.07531231,1
51238,0,0,0.04659464,1
51239,1,1,0.93674946,1
51240,1,1,1.0,1
51241,0,0,0.038178273,1
51242,1,1,1.0,1
51243,0,1,0.70866644,0
51244,1,1,0.99977654,1
51245,1,1,0.70846474,1
51246,1,1,1.0,1
51247,0,0,0.021698095,1
51248,1,1,0.37301895,1
51249,0,1,0.9647889,0
51250,0,0,0.14730969,1
51251,0,0,0.08803311,1
51252,0,1,0.9996574,0
51253,0,1,0.9996594,0
51254,0,0,0.22962157,1
51255,1,1,0.8740772,1
51256,1,1,0.9801103,1
51257,1,0,0.10669061,0
51258,1,1,0.7799929,1
51259,0,1,0.6571535,0
51260,0,1,0.9590777,0
51261,0,1,0.77906984,0
51262,1,1,0.9999975,1
51263,1,1,0.9999939,1
51264,1,1,0.9915707,1
51265,1,1,0.99704784,1
51266,1,0,0.006758087,0
51267,0,1,0.92590266,0
51268,1,1,0.99991715,1
51269,0,1,0.9979888,0
51270,0,0,0.06244529,1
51271,1,1,1.0,1
51272,1,0,0.29512835,0
51273,1,1,0.99999285,1
51274,0,1,0.8000679,0
51275,1,1,0.82615143,1
51276,1,1,0.88563144,1
51277,0,0,0.0595922,1
51278,1,1,1.0,1
51279,0,1,0.9678082,0
51280,0,1,0.42265353,0
51281,1,1,0.99918646,1
51282,1,1,0.9964134,1
51283,0,1,0.9996338,0
51284,1,1,0.945349,1
51285,0,0,0.049176436,1
51286,1,0,0.093016796,0
51287,0,1,0.9999864,0
51288,0,0,0.11848707,1
51289,1,1,0.9999999,1
51290,1,1,1.0,1
51291,1,1,0.9999994,1
51292,0,0,0.055874642,1
51293,1,1,1.0,1
51294,1,1,1.0,1
51295,1,1,0.9999994,1
51296,1,0,0.10557885,0
51297,1,1,0.9958093,1
51298,1,0,0.059537485,0
51299,0,0,0.023644341,1
51300,0,1,0.9199307,0
51301,1,0,0.2608599,0
51302,0,0,0.08811155,1
51303,1,1,0.91030645,1
51304,1,1,0.9729081,1
51305,1,1,0.9164094,1
51306,1,1,0.9826909,1
51307,0,0,0.016152835,1
51308,1,1,0.9928092,1
51309,1,1,0.99999964,1
51310,0,1,0.7879312,0
51311,1,1,0.99986064,1
51312,1,1,0.9811849,1
51313,1,1,0.9999999,1
51314,1,1,0.46402103,1
51315,0,1,0.40600798,0
51316,1,0,0.009340025,0
51317,0,1,0.7473394,0
51318,0,0,0.020100236,1
51319,1,1,0.9999889,1
51320,0,1,0.9361684,0
51321,1,1,0.9999995,1
51322,0,0,0.047958106,1
51323,0,0,0.09679113,1
51324,1,1,1.0,1
51325,1,1,0.99999166,1
51326,1,1,0.9996026,1
51327,1,0,0.22910374,0
51328,0,1,0.9999956,0
51329,1,1,0.9999989,1
51330,1,1,0.5632578,1
51331,0,1,0.91102153,0
51332,0,0,0.2569718,1
51333,1,1,0.9999987,1
51334,1,0,0.28696787,0
51335,0,1,0.99996793,0
51336,0,0,0.014392336,1
51337,0,0,0.26971012,1
51338,1,0,0.1056711,0
51339,0,1,0.9666317,0
51340,0,1,0.80271024,0
51341,0,0,0.16198196,1
51342,0,0,0.12549345,1
51343,1,0,0.0091787735,0
51344,0,0,0.12126887,1
51345,1,1,0.99668854,1
51346,1,1,0.9770445,1
51347,1,1,0.99914575,1
51348,0,0,0.05577169,1
51349,0,0,0.32327327,1
51350,0,0,0.05500529,1
51351,1,1,0.9999931,1
51352,1,0,0.012552117,0
51353,0,1,0.96354055,0
51354,1,1,0.90200704,1
51355,1,1,0.9999999,1
51356,1,1,0.8507168,1
51357,0,1,0.99338466,0
51358,1,1,0.9998965,1
51359,1,1,0.99989724,1
51360,0,0,0.004582765,1
51361,0,0,0.26312575,1
51362,0,1,0.5134855,0
51363,1,1,0.99952996,1
51364,1,1,0.81047887,1
51365,0,0,0.06973154,1
51366,1,1,0.65318227,1
51367,0,0,0.003129736,1
51368,0,0,0.1791712,1
51369,0,1,0.96360916,0
51370,0,0,0.008677717,1
51371,0,0,0.20673384,1
51372,1,1,0.9558166,1
51373,1,1,0.9993475,1
51374,1,1,0.999997,1
51375,1,1,0.99999356,1
51376,1,1,1.0,1
51377,1,1,0.8987666,1
51378,0,0,0.04468087,1
51379,0,0,0.06530615,1
51380,1,0,0.33551413,0
51381,1,1,0.9961306,1
51382,0,0,0.13963085,1
51383,0,0,0.29401222,1
51384,1,1,0.86396646,1
51385,0,1,1.0,0
51386,1,0,0.0120770605,0
51387,1,0,0.007591943,0
51388,1,1,0.99999917,1
51389,0,1,0.9565531,0
51390,1,1,1.0,1
51391,1,1,0.6258384,1
51392,0,0,0.014199682,1
51393,0,1,0.99999964,0
51394,1,1,0.99999976,1
51395,0,1,0.4958497,0
51396,1,1,0.698278,1
51397,1,0,0.16264586,0
51398,1,1,0.9999832,1
51399,1,1,0.9045662,1
51400,1,1,0.88592786,1
51401,1,0,0.19923009,0
51402,0,1,0.3705385,0
51403,0,0,0.032620545,1
51404,1,1,1.0,1
51405,1,1,0.97038054,1
51406,1,1,0.9999994,1
51407,0,1,0.9651191,0
51408,0,1,0.9997063,0
51409,1,1,0.97376966,1
51410,1,1,0.43164405,1
51411,1,1,1.0,1
51412,1,0,0.2271263,0
51413,1,0,0.04782452,0
51414,1,1,0.9999995,1
51415,1,0,0.101144664,0
51416,0,1,0.73630583,0
51417,0,1,0.79716235,0
51418,0,0,0.16377953,1
51419,0,1,0.9992461,0
51420,0,1,0.99907815,0
51421,1,1,1.0,1
51422,1,1,0.9906961,1
51423,1,1,0.9185534,1
51424,1,1,0.987375,1
51425,1,0,0.14928317,0
51426,1,1,0.99999356,1
51427,1,1,0.5897754,1
51428,1,1,0.98628414,1
51429,1,1,1.0,1
51430,0,1,0.9583822,0
51431,1,1,0.98478174,1
51432,1,1,0.9996026,1
51433,0,0,0.06278921,1
51434,1,1,0.930395,1
51435,0,0,0.13156325,1
51436,0,0,0.062273983,1
51437,0,0,0.0054059,1
51438,1,1,0.99193794,1
51439,1,0,0.20753576,0
51440,1,1,0.9999956,1
51441,1,0,0.2018919,0
51442,0,0,0.13945496,1
51443,1,1,0.9931629,1
51444,1,1,0.9999802,1
51445,1,1,0.99999964,1
51446,1,0,0.026180506,0
51447,0,0,0.1352892,1
51448,1,0,0.074432954,0
51449,0,1,0.91565824,0
51450,1,1,1.0,1
51451,0,1,0.7240418,0
51452,0,1,0.99992836,0
51453,1,0,0.29416427,0
51454,1,1,0.52366394,1
51455,0,1,0.9999622,0
51456,0,1,0.70247906,0
51457,1,1,0.9999151,1
51458,1,1,0.91693145,1
51459,1,1,0.99999857,1
51460,0,0,0.07626997,1
51461,0,1,0.9257015,0
51462,1,0,0.07172112,0
51463,1,0,0.05103542,0
51464,1,1,0.99939406,1
51465,1,1,0.99411184,1
51466,1,1,0.9999994,1
51467,1,0,0.14469185,0
51468,1,1,0.37499097,1
51469,1,0,0.3508105,0
51470,0,0,0.07107367,1
51471,0,0,0.0238936,1
51472,1,1,1.0,1
51473,0,0,0.02344229,1
51474,1,1,0.9868281,1
51475,0,0,0.032558974,1
51476,0,0,0.0551069,1
51477,0,1,0.5163516,0
51478,0,0,0.2155158,1
51479,0,1,0.99999046,0
51480,0,1,0.40212795,0
51481,1,1,0.99760324,1
51482,1,1,1.0,1
51483,1,1,0.999956,1
51484,0,1,0.47432682,0
51485,1,1,0.9798805,1
51486,0,0,0.061762713,1
51487,1,1,0.86703575,1
51488,1,1,0.9898303,1
51489,0,0,0.060031522,1
51490,1,1,1.0,1
51491,1,1,0.9999993,1
51492,0,0,0.012455653,1
51493,0,0,0.013273888,1
51494,1,1,1.0,1
51495,0,1,0.997851,0
51496,1,1,0.5567009,1
51497,1,1,0.999841,1
51498,0,0,0.09636511,1
51499,1,0,0.16026603,0
51500,1,1,0.99996233,1
51501,0,1,0.4725009,0
51502,0,1,0.9989371,0
51503,1,1,0.99994457,1
51504,1,1,0.9834863,1
51505,1,1,0.9999995,1
51506,0,1,0.99349916,0
51507,0,1,0.85145944,0
51508,0,1,0.60387343,0
51509,0,0,0.29067877,1
51510,1,1,0.9942139,1
51511,1,1,0.36274344,1
51512,1,1,0.99532723,1
51513,1,1,0.9999999,1
51514,0,1,0.8153795,0
51515,1,1,0.8873999,1
51516,0,0,0.0248928,1
51517,1,1,0.99984336,1
51518,0,1,0.38592416,0
51519,1,0,0.057334732,0
51520,1,1,0.95888567,1
51521,0,1,0.45692468,0
51522,1,1,0.9999653,1
51523,1,1,1.0,1
51524,1,1,0.9999976,1
51525,0,1,0.9326989,0
51526,1,1,0.8802834,1
51527,1,1,1.0,1
51528,0,1,0.82261705,0
51529,0,0,0.036390893,1
51530,1,1,1.0,1
51531,0,1,0.9999968,0
51532,0,0,0.17859745,1
51533,1,1,0.54122704,1
51534,0,0,0.20809844,1
51535,0,1,0.8040984,0
51536,0,1,0.9942251,0
51537,1,1,0.9579516,1
51538,1,0,0.15921742,0
51539,0,1,0.43731278,0
51540,0,0,0.08079154,1
51541,0,0,0.027040472,1
51542,0,0,0.14276889,1
51543,1,0,0.32161978,0
51544,0,0,0.12721826,1
51545,0,0,0.06785488,1
51546,0,1,0.9999895,0
51547,1,1,0.9999999,1
51548,1,1,0.9971771,1
51549,1,1,1.0,1
51550,1,1,0.99999976,1
51551,0,1,0.9999999,0
51552,1,1,0.7689067,1
51553,0,0,0.017934537,1
51554,1,1,1.0,1
51555,0,1,0.999572,0
51556,1,1,0.9983897,1
51557,0,1,0.9999387,0
51558,0,1,0.9729081,0
51559,0,0,0.16776335,1
51560,0,1,0.35125545,0
51561,0,0,0.19513355,1
51562,0,0,0.12320729,1
51563,1,1,1.0,1
51564,0,0,0.011664719,1
51565,0,0,0.012170629,1
51566,0,1,0.3684909,0
51567,0,0,0.032682236,1
51568,0,1,0.9035498,0
51569,1,1,0.99990904,1
51570,1,1,1.0,1
51571,1,0,0.2434625,0
51572,0,0,0.2928986,1
51573,0,0,0.31615806,1
51574,0,1,0.7941456,0
51575,1,1,0.9999839,1
51576,0,1,0.8056322,0
51577,0,1,0.8933094,0
51578,1,1,1.0,1
51579,0,0,0.13139598,1
51580,1,0,0.35092172,0
51581,0,0,0.20394525,1
51582,1,1,1.0,1
51583,1,1,0.48535576,1
51584,1,0,0.03652812,0
51585,1,0,0.12168575,0
51586,0,1,0.9945095,0
51587,1,1,1.0,1
51588,0,0,0.24716878,1
51589,1,1,1.0,1
51590,1,1,0.9999496,1
51591,0,0,0.12683924,1
51592,1,1,0.9999932,1
51593,1,1,0.9999994,1
51594,1,1,0.59083825,1
51595,1,0,0.0715912,0
51596,1,1,0.9951041,1
51597,1,1,1.0,1
51598,0,0,0.0033050792,1
51599,1,0,0.09203286,0
51600,1,1,0.91482496,1
51601,0,1,0.98888505,0
51602,1,1,0.9999194,1
51603,0,1,0.93599313,0
51604,1,1,0.9999924,1
51605,0,1,0.9792947,0
51606,0,0,0.09033343,1
51607,0,0,0.005663865,1
51608,1,1,0.9877823,1
51609,0,0,0.10715685,1
51610,0,0,0.03135076,1
51611,1,1,0.8005361,1
51612,1,1,0.9920312,1
51613,1,0,0.03021459,0
51614,1,1,0.72608584,1
51615,0,0,0.21239536,1
51616,0,0,0.0586686,1
51617,1,1,0.9741166,1
51618,1,1,1.0,1
51619,0,0,0.07172112,1
51620,1,1,0.37920597,1
51621,0,1,0.93581736,0
51622,0,1,0.7112805,0
51623,0,1,0.8824279,0
51624,0,0,0.1138749,1
51625,1,0,0.069921836,0
51626,0,1,0.9217107,0
51627,0,1,1.0,0
51628,1,1,0.98607117,1
51629,0,1,0.6802948,0
51630,0,1,0.9999988,0
51631,0,0,0.045479592,1
51632,1,1,0.9997695,1
51633,0,1,0.46092576,0
51634,1,1,1.0,1
51635,1,1,0.8197491,1
51636,0,1,0.995037,0
51637,1,1,0.882022,1
51638,0,0,0.043487497,1
51639,1,1,0.9999379,1
51640,1,1,0.9973322,1
51641,1,0,0.23152734,0
51642,0,0,0.01461567,1
51643,1,1,0.999824,1
51644,1,1,1.0,1
51645,0,1,0.9975418,0
51646,1,1,1.0,1
51647,1,0,0.01858215,0
51648,1,1,0.99975175,1
51649,1,0,0.2186694,0
51650,1,1,0.84594244,1
51651,0,1,0.9776499,0
51652,0,0,0.008077626,1
51653,1,1,0.9999869,1
51654,1,1,0.99999225,1
51655,0,1,0.9999442,0
51656,1,1,0.9977216,1
51657,1,1,0.99933845,1
51658,0,0,0.05975658,1
51659,1,0,0.15597628,0
51660,0,1,0.790692,0
51661,0,0,0.064830884,1
51662,0,0,0.15687834,1
51663,1,1,1.0,1
51664,1,1,0.99999356,1
51665,1,0,0.22815649,0
51666,0,1,0.47828513,0
51667,0,1,0.48166716,0
51668,1,1,1.0,1
51669,0,0,0.16238002,1
51670,0,1,0.950411,0
51671,0,1,0.92156965,0
51672,1,1,1.0,1
51673,0,0,0.009689717,1
51674,1,1,0.9984238,1
51675,0,0,0.21223202,1
51676,0,0,0.036254164,1
51677,0,1,0.79117644,0
51678,0,0,0.17695588,1
51679,0,1,0.9999919,0
51680,1,1,0.9863631,1
51681,0,1,0.5723643,0
51682,1,0,0.27786472,0
51683,1,0,0.2403286,0
51684,1,1,1.0,1
51685,1,1,0.9985335,1
51686,0,0,0.17293873,1
51687,1,1,0.8241791,1
51688,1,1,1.0,1
51689,0,1,0.93033177,0
51690,1,1,0.99852777,1
51691,1,1,1.0,1
51692,0,0,0.31210786,1
51693,1,1,1.0,1
51694,0,0,0.040999033,1
51695,0,1,0.9818056,0
51696,0,0,0.20633379,1
51697,1,1,0.8247444,1
51698,1,1,0.9999994,1
51699,0,0,0.08471965,1
51700,0,1,0.9281487,0
51701,1,1,0.99603146,1
51702,1,1,0.66600823,1
51703,0,0,0.2600135,1
51704,1,1,0.87800074,1
51705,1,1,0.6982266,1
51706,1,0,0.047646955,0
51707,1,1,0.99400806,1
51708,1,1,1.0,1
51709,1,1,0.99951494,1
51710,1,1,0.83508044,1
51711,0,1,0.4689122,0
51712,1,1,1.0,1
51713,1,1,0.85427785,1
51714,0,0,0.08151975,1
51715,0,0,0.08701921,1
51716,0,1,0.5909563,0
51717,1,1,0.9990854,1
51718,0,1,0.87935406,0
51719,1,1,0.999984,1
51720,1,1,0.9999993,1
51721,0,1,0.9602495,0
51722,1,1,0.9999999,1
51723,1,1,0.42122445,1
51724,0,0,0.19759926,1
51725,0,1,0.87245613,0
51726,1,1,1.0,1
51727,0,1,0.99549675,0
51728,1,1,0.99990046,1
51729,0,1,0.91062486,0
51730,1,1,0.60597396,1
51731,1,1,0.36778104,1
51732,1,1,0.7102767,1
51733,0,1,0.9999994,0
51734,1,1,0.9999951,1
51735,1,0,0.0074317735,0
51736,0,0,0.0003597694,1
51737,0,0,0.34251657,1
51738,1,1,0.99918324,1
51739,1,1,1.0,1
51740,0,0,0.040426936,1
51741,1,1,0.9656413,1
51742,0,1,0.50921524,0
51743,1,1,0.99998605,1
51744,0,0,0.10087861,1
51745,0,0,0.3422967,1
51746,0,1,0.7794897,0
51747,1,1,0.9830851,1
51748,1,1,0.9998722,1
51749,1,1,0.6151456,1
51750,0,1,0.5526,0
51751,1,1,0.99999833,1
51752,1,1,0.8694931,1
51753,0,1,0.44812435,0
51754,0,0,0.10438599,1
51755,1,1,0.9999709,1
51756,0,1,0.44724903,0
51757,1,1,0.44302806,1
51758,0,1,0.9882449,0
51759,0,1,0.93463427,0
51760,1,1,0.82976806,1
51761,0,1,0.56463873,0
51762,1,1,0.99994695,1
51763,0,1,0.8345418,0
51764,1,1,0.9999993,1
51765,0,1,0.9250271,0
51766,1,1,0.94355595,1
51767,1,1,1.0,1
51768,0,0,0.0059340666,1
51769,1,1,0.99999976,1
51770,1,1,1.0,1
51771,1,0,0.12781584,0
51772,0,1,0.597784,0
51773,0,0,0.31473467,1
51774,0,1,0.9988236,0
51775,1,1,0.87716144,1
51776,1,0,0.3429015,0
51777,1,1,1.0,1
51778,0,0,0.2726051,1
51779,1,1,0.9911355,1
51780,0,1,0.5607338,0
51781,0,0,0.17113045,1
51782,1,1,1.0,1
51783,0,0,0.007800757,1
51784,1,1,1.0,1
51785,0,0,0.06699522,1
51786,0,0,0.30084828,1
51787,1,1,0.99420255,1
51788,0,0,0.3222593,1
51789,0,1,0.99216896,0
51790,1,1,0.9999964,1
51791,1,0,0.3122127,0
51792,1,1,0.926237,1
51793,1,0,0.059319146,0
51794,1,1,0.9806919,1
51795,1,1,0.9637459,1
51796,0,1,0.41060856,0
51797,1,1,1.0,1
51798,1,1,0.5767804,1
51799,0,1,0.8679338,0
51800,1,1,0.99899954,1
51801,0,0,0.25036255,1
51802,1,0,0.1302301,0
51803,1,1,0.99999535,1
51804,0,1,0.40456626,0
51805,0,0,0.041307308,1
51806,0,0,0.06841291,1
51807,0,0,0.00946738,1
51808,0,1,0.99993527,0
51809,1,1,0.8700462,1
51810,0,0,0.046638034,1
51811,1,1,0.99999976,1
51812,0,0,0.041930523,1
51813,0,1,0.676887,0
51814,1,1,1.0,1
51815,1,1,0.9997739,1
51816,1,1,0.9706043,1
51817,0,1,0.35331663,0
51818,1,1,0.9997918,1
51819,1,0,0.13330236,0
51820,1,1,0.99999917,1
51821,1,1,0.9999999,1
51822,1,0,0.23379381,0
51823,0,1,0.9999994,0
51824,0,0,0.08100938,1
51825,1,1,1.0,1
51826,0,1,0.8926561,0
51827,0,0,0.05350215,1
51828,0,1,0.41955876,0
51829,1,1,0.9983125,1
51830,0,1,0.999355,0
51831,1,1,0.99349916,1
51832,0,0,0.23545979,1
51833,1,1,0.99999785,1
51834,1,1,0.9997241,1
51835,0,0,0.021553464,1
51836,0,1,0.5897164,0
51837,0,0,0.22669801,1
51838,1,1,0.99972254,1
51839,1,1,1.0,1
51840,1,1,0.9999696,1
51841,1,1,0.9376119,1
51842,1,0,0.1682411,0
51843,1,1,0.99999964,1
51844,0,1,0.61618555,0
51845,1,1,0.9493886,1
51846,0,0,0.10530251,1
51847,1,1,0.69238204,1
51848,0,0,0.0070254076,1
51849,0,1,0.6387789,0
51850,1,1,0.9997154,1
51851,1,1,0.99967504,1
51852,1,1,0.99398476,1
51853,1,1,0.99995995,1
51854,1,1,0.9999999,1
51855,1,1,0.87396973,1
51856,0,1,0.76109487,0
51857,1,1,0.9999833,1
51858,1,1,0.9137535,1
51859,1,1,0.97578543,1
51860,0,0,0.2972659,1
51861,1,0,0.05797139,0
51862,0,0,0.014899643,1
51863,0,0,0.13551785,1
51864,1,1,0.98378503,1
51865,1,1,0.9637117,1
51866,0,1,0.9906961,0
51867,1,1,1.0,1
51868,0,0,0.19269124,1
51869,1,1,1.0,1
51870,0,1,1.0,0
51871,0,0,0.04189131,1
51872,0,0,0.064830884,1
51873,1,1,0.99987364,1
51874,1,1,0.68378913,1
51875,0,0,0.073098525,1
51876,1,1,0.99926645,1
51877,0,0,0.28851897,1
51878,1,1,0.6978664,1
51879,0,1,0.4257246,0
51880,1,1,0.9510968,1
51881,1,0,0.020042615,0
51882,0,1,0.99999964,0
51883,1,0,0.11201595,0
51884,1,0,0.25664562,0
51885,0,1,0.96820134,0
51886,1,0,0.06632688,0
51887,1,1,0.9999963,1
51888,1,1,0.72657114,1
51889,0,1,0.8879841,0
51890,1,1,0.93564117,1
51891,0,0,0.053255424,1
51892,1,1,0.9999958,1
51893,1,1,0.72763693,1
51894,1,1,0.99997056,1
51895,0,1,0.7715854,0
51896,1,1,0.9936241,1
51897,1,1,0.9999993,1
51898,0,1,0.35281476,0
51899,1,1,0.99930406,1
51900,0,1,0.99999905,0
51901,1,0,0.05075239,0
51902,1,0,0.20705435,0
51903,1,1,0.99970055,1
51904,0,1,0.49188304,0
51905,1,0,0.16803622,0
51906,1,1,0.41712308,1
51907,0,1,0.99974984,0
51908,0,1,0.6147988,0
51909,1,1,0.9999069,1
51910,0,0,0.030879721,1
51911,1,0,0.23022676,0
51912,1,1,0.98942953,1
51913,1,1,0.9981141,1
51914,0,0,0.06250249,1
51915,1,1,0.99998856,1
51916,0,1,0.908618,0
51917,0,1,0.9999994,0
51918,0,1,0.9408984,0
51919,1,1,0.49566662,1
51920,1,0,0.098079324,0
51921,0,1,0.7734731,0
51922,1,0,0.26189682,0
51923,0,1,0.9881309,0
51924,1,0,0.16899405,0
51925,0,0,0.012649318,1
51926,0,1,0.99999785,0
51927,0,1,0.969469,0
51928,0,1,0.77932185,0
51929,1,1,0.9724409,1
51930,0,0,0.08225394,1
51931,1,1,1.0,1
51932,1,1,1.0,1
51933,1,1,1.0,1
51934,0,1,0.61265737,0
51935,0,0,0.08064662,1
51936,1,0,0.13534634,0
51937,0,0,0.103295475,1
51938,0,1,0.99494946,0
51939,1,1,0.6221725,1
51940,1,0,0.03085051,0
51941,1,1,0.9999442,1
51942,1,1,0.432333,1
51943,1,1,1.0,1
51944,0,0,0.006062155,1
51945,1,1,0.5397111,1
51946,0,1,0.99989605,0
51947,1,0,0.2666436,0
51948,0,0,0.036908068,1
51949,1,1,0.99693656,1
51950,0,0,0.08014123,1
51951,0,1,0.8250265,0
51952,1,1,0.9988949,1
51953,1,1,1.0,1
51954,1,1,0.99971646,1
51955,1,1,0.8609547,1
51956,1,0,0.1274353,0
51957,0,1,0.8621197,0
51958,0,0,0.29098085,1
51959,0,0,0.0393425,1
51960,1,1,1.0,1
51961,1,1,0.99999666,1
51962,1,1,0.94699025,1
51963,0,0,0.06941548,1
51964,0,0,0.1821344,1
51965,0,1,0.9967649,0
51966,0,0,0.17539679,1
51967,0,1,0.9095863,0
51968,0,1,0.99554896,0
51969,1,0,0.24454337,0
51970,0,1,0.53090537,0
51971,1,1,0.99998724,1
51972,0,0,0.3138402,1
51973,0,1,0.99998474,0
51974,1,1,0.9998776,1
51975,0,0,0.13268304,1
51976,0,1,0.99999285,0
51977,1,0,0.09920809,0
51978,1,1,0.97790456,1
51979,1,0,0.11971655,0
51980,0,1,0.6631784,0
51981,1,1,0.9976404,1
51982,1,1,0.999998,1
51983,0,1,0.85776806,0
51984,1,1,0.99674594,1
51985,0,0,0.1154611,1
51986,1,1,0.39027253,1
51987,0,0,0.16411416,1
51988,1,1,0.7211054,1
51989,0,0,0.040464837,1
51990,1,1,0.96192914,1
51991,1,1,0.99021614,1
51992,1,1,0.9796871,1
51993,0,1,0.7967673,0
51994,1,0,0.042285025,0
51995,1,1,0.4390858,1
51996,0,0,0.10484337,1
51997,0,1,0.3774833,0
51998,1,0,3.0360317e-05,0
51999,1,1,0.9843664,1
52000,0,1,0.9145963,0
52001,1,1,0.9992417,1
52002,0,1,0.972178,0
52003,1,1,0.9999292,1
52004,0,0,0.07835981,1
52005,0,1,0.99930537,0
52006,0,0,0.12808825,1
52007,1,1,1.0,1
52008,0,1,0.39312288,0
52009,1,1,0.9987306,1
52010,1,1,1.0,1
52011,0,1,0.56247693,0
52012,1,0,0.16132024,0
52013,1,1,0.88513595,1
52014,1,1,0.9999969,1
52015,0,0,0.0072187525,1
52016,1,1,0.99999976,1
52017,0,1,0.99835795,0
52018,1,1,1.0,1
52019,1,1,0.6486333,1
52020,1,1,0.8632764,1
52021,1,1,1.0,1
52022,1,0,0.16471791,0
52023,0,0,0.20761606,1
52024,0,1,0.90295243,0
52025,1,1,0.99966073,1
52026,0,1,0.7902067,0
52027,1,1,1.0,1
52028,1,1,0.9073123,1
52029,0,0,0.28616926,1
52030,0,1,0.99945897,0
52031,0,0,0.19019702,1
52032,0,1,0.5182414,0
52033,1,0,0.16885696,0
52034,0,0,0.02665774,1
52035,1,1,0.73115456,1
52036,0,1,0.70069003,0
52037,1,1,0.99996924,1
52038,0,1,0.99999404,0
52039,1,0,0.23572361,0
52040,1,1,0.9786719,1
52041,1,1,0.99317604,1
52042,0,1,0.8828326,0
52043,1,1,0.5104965,1
52044,0,1,0.9902727,0
52045,1,1,0.9999963,1
52046,1,0,0.21223202,0
52047,0,0,0.08977329,1
52048,0,0,0.10194652,1
52049,1,1,0.9851718,1
52050,1,1,0.8548847,1
52051,0,0,0.13128456,1
52052,1,1,0.9890765,1
52053,1,1,0.8840393,1
52054,0,1,0.72120357,0
52055,0,1,0.5516945,0
52056,1,1,0.8149381,1
52057,0,1,0.3657398,0
52058,1,0,0.22210902,0
52059,1,1,0.8894329,1
52060,0,0,0.12268078,1
52061,0,0,0.024964014,1
52062,1,0,0.32788348,0
52063,0,0,0.21659093,1
52064,1,1,0.9982212,1
52065,1,1,0.999617,1
52066,1,1,1.0,1
52067,0,0,0.07349652,1
52068,0,1,0.9998253,0
52069,1,1,0.99680245,1
52070,1,1,0.9766024,1
52071,1,1,0.9999331,1
52072,0,0,0.31389278,1
52073,0,1,0.66252357,0
52074,0,1,0.71118027,0
52075,1,0,0.1648523,0
52076,1,1,0.98722816,1
52077,1,1,0.98546845,1
52078,0,0,0.024727408,1
52079,1,0,0.12984344,0
52080,1,1,0.9999974,1
52081,1,1,0.99998415,1
52082,0,1,0.9503189,0
52083,1,1,0.9999294,1
52084,0,1,0.99975556,0
52085,0,0,0.23065974,1
52086,1,1,1.0,1
52087,1,1,0.79534036,1
52088,1,1,0.9991013,1
52089,1,1,0.8976953,1
52090,1,1,0.99999714,1
52091,1,1,0.9999999,1
52092,1,1,1.0,1
52093,1,1,0.97682446,1
52094,0,1,0.99682117,0
52095,1,1,0.49523938,1
52096,1,0,0.2243952,0
52097,1,0,0.28861922,0
52098,1,1,0.99999976,1
52099,1,1,1.0,1
52100,0,1,0.84117436,0
52101,0,1,0.5890073,0
52102,1,1,0.8874974,1
52103,1,1,0.5323036,1
52104,1,1,0.99991655,1
52105,1,0,0.09611029,0
52106,1,1,0.9999999,1
52107,1,0,0.32236597,0
52108,0,0,0.11606085,1
52109,0,0,0.14426938,1
52110,1,1,0.9935868,1
52111,0,0,0.015483986,1
52112,0,1,0.96958447,0
52113,1,1,0.48203287,1
52114,0,0,0.01778039,1
52115,1,1,0.99999964,1
52116,0,0,0.18520921,1
52117,1,1,0.9999976,1
52118,0,1,0.99997604,0
52119,1,1,0.99894947,1
52120,0,0,0.03213106,1
52121,0,1,0.6190684,0
52122,1,1,0.8868131,1
52123,0,1,0.8233284,0
52124,1,1,0.9999794,1
52125,1,1,1.0,1
52126,0,1,0.8782099,0
52127,0,0,0.089375086,1
52128,0,1,1.0,0
52129,0,1,1.0,0
52130,1,1,0.9975656,1
52131,0,0,0.015276946,1
52132,0,0,0.17610413,1
52133,1,1,0.4418536,1
52134,1,0,0.064830884,0
52135,1,1,0.761893,1
52136,1,0,0.021206122,0
52137,0,1,0.39694446,0
52138,1,0,0.037785765,0
52139,0,1,0.47244003,0
52140,1,1,0.9254997,1
52141,1,0,0.064771704,0
52142,0,1,0.9997876,0
52143,1,0,0.32993123,0
52144,0,1,0.99974984,0
52145,0,0,0.035779487,1
52146,0,0,0.16264586,1
52147,0,0,0.1647851,1
52148,0,0,0.27454582,1
52149,0,1,0.9920312,0
52150,1,1,0.999355,1
52151,0,0,0.276007,1
52152,1,1,0.47307906,1
52153,0,0,0.10257407,1
52154,1,1,0.35496396,1
52155,1,1,0.9943581,1
52156,1,1,0.8668104,1
52157,1,1,0.9999914,1
52158,0,1,0.6270952,0
52159,0,0,0.0842664,1
52160,1,1,0.9999999,1
52161,0,1,0.91030645,0
52162,0,1,1.0,0
52163,0,0,0.13173069,1
52164,0,0,0.06301948,1
52165,0,0,0.00698465,1
52166,1,0,0.14841712,0
52167,0,0,0.07483763,1
52168,1,0,0.15412119,0
52169,1,1,0.9981104,1
52170,1,1,0.6534034,1
52171,1,1,0.73885757,1
52172,0,0,0.15687834,1
52173,1,1,1.0,1
52174,0,1,0.51586384,0
52175,0,0,0.020606475,1
52176,0,1,0.96612394,0
52177,1,0,0.111821815,0
52178,1,0,0.0362883,0
52179,0,1,0.80115914,0
52180,0,0,0.16776335,1
52181,1,1,0.99979013,1
52182,0,0,0.092359796,1
52183,1,1,0.9999001,1
52184,0,0,0.16599831,1
52185,0,0,0.1404541,1
52186,1,0,0.19436781,0
52187,1,1,0.4292499,1
52188,1,1,0.99843913,1
52189,1,1,1.0,1
52190,0,0,0.03265138,1
52191,1,0,0.2163425,0
52192,1,1,0.99094474,1
52193,1,0,0.18257123,0
52194,1,1,1.0,1
52195,1,1,0.99986064,1
52196,1,1,1.0,1
52197,1,1,0.9999995,1
52198,1,1,1.0,1
52199,0,0,0.3028548,1
52200,1,1,0.9972691,1
52201,0,1,0.9276915,0
52202,0,1,0.84208554,0
52203,1,1,0.9968087,1
52204,1,0,0.21908678,0
52205,0,1,0.7927853,0
52206,1,1,0.9870297,1
52207,0,0,0.13089524,1
52208,0,1,0.9411153,0
52209,1,1,0.90174776,1
52210,0,0,0.25376853,1
52211,0,1,0.9605836,0
52212,0,0,0.15463115,1
52213,0,0,0.08014123,1
52214,1,1,0.7132818,1
52215,0,1,0.8283842,0
52216,1,1,0.9916842,1
52217,1,1,0.9999888,1
52218,0,0,0.21206881,1
52219,0,1,1.0,0
52220,0,0,0.34604388,1
52221,1,1,0.99998915,1
52222,0,0,0.026759284,1
52223,0,1,0.54122704,0
52224,1,1,0.9999324,1
52225,0,0,0.121425055,1
52226,0,0,0.036117923,1
52227,1,1,0.992725,1
52228,1,1,0.8509647,1
52229,0,0,0.0815929,1
52230,0,0,0.087954745,1
52231,0,0,0.23265864,1
52232,0,1,0.9734181,0
52233,1,1,0.9999999,1
52234,0,0,0.33301497,1
52235,0,1,0.962462,0
52236,0,0,0.07243961,1
52237,0,1,0.5779718,0
52238,0,1,1.0,0
52239,0,0,0.16640429,1
52240,0,1,0.99985623,0
52241,0,1,0.9720721,0
52242,1,1,0.7718435,1
52243,0,1,0.99832886,0
52244,0,0,0.009196552,1
52245,1,1,1.0,1
52246,1,1,0.4875209,1
52247,1,1,1.0,1
52248,0,0,0.19961987,1
52249,0,0,0.17483254,1
52250,1,0,0.05525965,0
52251,0,1,0.99899167,0
52252,1,0,0.06998537,0
52253,0,1,0.9999964,0
52254,0,0,0.14151855,1
52255,1,1,0.6003641,1
52256,0,0,0.18017878,1
52257,0,1,0.69693893,0
52258,1,1,0.9999999,1
52259,0,1,0.90295243,0
52260,0,1,0.9999989,0
52261,0,0,0.042364188,1
52262,0,1,0.77415687,0
52263,1,1,0.9999918,1
52264,0,1,0.9989759,0
52265,1,1,0.9999989,1
52266,1,1,0.92847365,1
52267,0,0,0.10669061,1
52268,1,0,0.07316472,0
52269,1,1,0.9647556,1
52270,1,1,0.9999999,1
52271,0,0,0.16701478,1
52272,0,1,0.7306264,0
52273,1,1,1.0,1
52274,0,0,0.03814243,1
52275,0,0,0.2987982,1
52276,1,1,0.99999964,1
52277,0,0,0.07152632,1
52278,0,1,0.83761996,0
52279,1,1,0.64349735,1
52280,1,1,0.99719363,1
52281,1,1,1.0,1
52282,1,1,0.9998198,1
52283,1,1,0.9605836,1
52284,0,1,0.55326396,0
52285,0,0,0.17582092,1
52286,1,0,0.25860673,0
52287,1,1,0.9999274,1
52288,0,0,0.13863662,1
52289,0,0,0.13206616,1
52290,0,0,0.08130065,1
52291,1,1,0.9902727,1
52292,1,0,0.26507115,0
52293,1,1,1.0,1
52294,0,0,0.07942426,1
52295,0,0,0.34964374,1
52296,0,1,0.9999976,0
52297,1,1,0.9999994,1
52298,0,1,0.8505928,0
52299,1,1,0.99993765,1
52300,1,1,0.99999976,1
52301,1,1,0.78596646,1
52302,0,1,0.805173,0
52303,0,0,0.15316877,1
52304,1,0,0.18989639,0
52305,1,1,0.99857855,1
52306,1,1,0.9046505,1
52307,0,0,0.086400524,1
52308,1,0,0.11961366,0
52309,1,0,0.0649494,0
52310,1,1,0.9999101,1
52311,0,0,0.018815093,1
52312,0,1,0.9927672,0
52313,0,1,0.9873018,0
52314,0,1,0.93183565,0
52315,1,0,0.13741668,0
52316,0,0,0.24744149,1
52317,1,1,0.9996381,1
52318,1,1,0.99983394,1
52319,1,1,0.7243344,1
52320,1,0,0.29849136,0
52321,0,1,0.9505489,0
52322,1,1,1.0,1
52323,0,1,0.9999697,0
52324,1,1,0.81655276,1
52325,1,1,0.6730305,1
52326,1,1,0.9990601,1
52327,0,1,0.9999162,0
52328,1,1,0.98337495,1
52329,1,1,0.83788544,1
52330,1,1,1.0,1
52331,1,1,0.9836285,1
52332,0,0,0.28601968,1
52333,0,1,0.7620701,0
52334,0,0,0.03814243,1
52335,0,1,0.7323526,0
52336,1,1,0.9956176,1
52337,1,1,0.9997974,1
52338,1,1,0.99996424,1
52339,0,0,0.010902374,1
52340,1,1,0.9999987,1
52341,1,1,0.99817204,1
52342,0,1,0.46344426,0
52343,0,1,0.4871549,0
52344,1,1,0.9831822,1
52345,0,1,0.9999999,0
52346,1,1,0.54183316,1
52347,1,0,0.06058495,0
52348,1,1,1.0,1
52349,1,0,0.05515777,0
52350,1,1,1.0,1
52351,1,1,0.97386926,1
52352,1,1,0.99999857,1
52353,1,1,0.9999994,1
52354,0,1,0.8535469,0
52355,1,1,0.97316426,1
52356,0,0,0.10167862,1
52357,0,0,0.033399824,1
52358,0,1,0.80325097,0
52359,0,1,0.99366105,0
52360,0,1,0.999879,0
52361,1,0,0.122733355,0
52362,1,1,0.9885361,1
52363,1,1,1.0,1
52364,1,1,0.99998593,1
52365,0,0,0.11269772,1
52366,1,1,0.92736334,1
52367,1,0,0.057918087,0
52368,1,1,0.999866,1
52369,1,1,0.99999344,1
52370,0,0,0.34471914,1
52371,1,0,0.08748585,0
52372,1,0,0.095265254,0
52373,1,0,0.080719054,0
52374,1,1,0.9994173,1
52375,1,1,1.0,1
52376,0,0,0.05374995,1
52377,1,0,0.06441766,0
52378,1,1,0.990329,1
52379,0,0,0.010818448,1
52380,0,1,0.9999981,0
52381,1,0,0.03465149,0
52382,0,1,0.9161096,0
52383,1,1,0.99948573,1
52384,1,1,1.0,1
52385,0,0,0.043650273,1
52386,0,0,0.0030813636,1
52387,1,1,0.9893885,1
52388,1,1,0.99999535,1
52389,1,0,0.12220859,0
52390,1,1,0.99974984,1
52391,0,0,0.22414035,1
52392,0,0,0.1490353,1
52393,1,1,0.5625971,1
52394,1,1,0.99980134,1
52395,1,1,1.0,1
52396,1,1,0.99999964,1
52397,1,0,0.0011809737,0
52398,1,1,0.99999964,1
52399,1,1,0.9999993,1
52400,1,1,0.99649614,1
52401,0,0,0.1791712,1
52402,1,1,0.99980515,1
52403,0,1,0.9937709,0
52404,1,1,1.0,1
52405,1,1,0.9999778,1
52406,1,1,0.99999976,1
52407,0,0,0.01578456,1
52408,1,0,0.23458193,0
52409,0,0,0.2961451,1
52410,0,1,0.6484107,0
52411,0,0,0.015936995,1
52412,0,0,0.050424065,1
52413,0,1,0.9140609,0
52414,1,1,0.9999999,1
52415,1,0,0.048767094,0
52416,0,1,0.9998902,0
52417,0,0,0.27318642,1
52418,1,1,0.9999999,1
52419,0,1,0.9917163,0
52420,1,0,0.024563085,0
52421,0,0,0.16586316,1
52422,0,0,0.12304914,1
52423,1,0,0.01361059,0
52424,0,1,0.6984837,0
52425,1,1,0.96073127,1
52426,0,1,0.38821205,0
52427,1,1,0.99994636,1
52428,0,0,0.045437217,1
52429,0,1,0.47073662,0
52430,0,1,0.99998486,0
52431,0,0,0.070495576,1
52432,1,0,0.041539967,0
52433,0,0,0.0343263,1
52434,1,1,0.9999995,1
52435,1,1,0.99988675,1
52436,0,0,0.2629364,1
52437,0,0,0.25413856,1
52438,1,1,1.0,1
52439,1,1,0.9920002,1
52440,0,1,0.9974885,0
52441,1,1,0.98020524,1
52442,0,1,0.37239107,0
52443,1,1,0.9953181,1
52444,0,0,0.071202725,1
52445,1,1,1.0,1
52446,1,1,0.85573065,1
52447,0,1,0.62377805,0
52448,1,1,0.8926561,1
52449,0,1,0.82261705,0
52450,1,1,0.999765,1
52451,0,0,0.15272596,1
52452,0,0,0.12352412,1
52453,1,0,0.2692295,0
52454,1,1,0.68841606,1
52455,0,0,0.10167862,1
52456,0,1,0.49115083,0
52457,1,1,1.0,1
52458,0,0,0.03642515,1
52459,0,0,0.24689633,1
52460,1,1,0.41964796,1
52461,1,0,0.008577485,0
52462,1,0,0.0013019645,0
52463,1,1,0.99935,1
52464,0,1,0.64807665,0
52465,0,0,0.04698664,1
52466,0,1,0.9781563,0
52467,1,1,0.7879312,1
52468,0,0,0.05051767,1
52469,1,1,0.95643115,1
52470,1,1,0.99999595,1
52471,1,1,0.9991623,1
52472,1,1,0.99964094,1
52473,1,1,0.8118252,1
52474,0,0,0.0689125,1
52475,0,0,0.057334732,1
52476,1,1,0.9950177,1
52477,0,0,0.22772686,1
52478,1,1,0.99999774,1
52479,0,0,0.021206122,1
52480,0,0,0.054550216,1
52481,0,1,0.99974483,0
52482,0,1,0.37708178,0
52483,0,1,0.84376645,0
52484,1,1,1.0,1
52485,0,0,0.16532342,1
52486,1,1,0.9764681,1
52487,1,0,0.12158143,0
52488,1,1,1.0,1
52489,1,1,0.42420328,1
52490,1,1,0.99459416,1
52491,1,1,0.99762183,1
52492,0,1,0.98899186,0
52493,1,1,1.0,1
52494,0,1,0.7496374,0
52495,1,1,0.7672542,1
52496,1,1,0.99991214,1
52497,1,1,1.0,1
52498,1,1,1.0,1
52499,1,1,0.9998981,1
52500,0,0,0.088978484,1
52501,1,0,0.01668906,0
52502,0,1,0.99956006,0
52503,0,1,0.8873999,0
52504,0,0,0.34809092,1
52505,1,0,0.023916386,0
52506,1,0,0.03704717,0
52507,1,0,0.10374862,0
52508,1,1,0.9752254,1
52509,1,1,1.0,1
52510,0,1,0.9265699,0
52511,1,1,0.66806865,1
52512,1,1,0.90723,1
52513,0,0,0.07237402,1
52514,0,0,0.13466209,1
52515,1,1,0.9999993,1
52516,1,1,0.99785525,1
52517,1,1,0.9915216,1
52518,0,1,0.41647026,0
52519,0,1,0.9998666,0
52520,1,1,0.99999774,1
52521,0,1,0.81331253,0
52522,1,1,0.9999994,1
52523,0,0,0.056548137,1
52524,1,1,0.9449439,1
52525,0,1,0.99991345,0
52526,0,0,0.14946929,1
52527,1,0,0.012771868,0
52528,1,1,0.7841538,1
52529,1,1,0.5316349,1
52530,1,1,1.0,1
52531,1,0,0.16954333,0
52532,0,0,0.055720285,1
52533,1,1,0.9999999,1
52534,1,1,0.4268889,1
52535,1,1,1.0,1
52536,1,1,0.99854773,1
52537,0,1,0.80829436,0
52538,0,1,0.7649794,0
52539,1,1,0.9635062,1
52540,0,1,0.9950177,0
52541,1,1,0.99630713,1
52542,0,1,0.99862766,0
52543,1,0,0.30559373,0
52544,1,1,0.99976677,1
52545,1,1,0.90590656,1
52546,1,0,0.13139598,0
52547,1,0,0.10557885,0
52548,1,1,0.99999976,1
52549,0,1,0.4860266,0
52550,0,0,0.20228556,1
52551,1,1,0.9533619,1
52552,0,1,0.9846051,0
52553,0,0,0.12137298,1
52554,1,1,1.0,1
52555,1,0,0.3429015,0
52556,1,1,0.9999995,1
52557,0,1,0.8657925,0
52558,1,0,0.028816197,0
52559,1,0,0.15934816,0
52560,1,1,0.92421025,1
52561,1,1,0.9999738,1
52562,1,1,0.9975177,1
52563,0,1,0.7473855,0
52564,1,1,1.0,1
52565,1,1,0.99978846,1
52566,1,1,0.97786224,1
52567,0,1,0.99929166,0
52568,1,1,0.9999908,1
52569,1,1,0.9987257,1
52570,1,1,0.97881407,1
52571,1,1,0.99998164,1
52572,1,0,0.052911807,0
52573,0,0,0.12252321,1
52574,0,1,0.97708833,0
52575,1,1,0.98959166,1
52576,1,0,0.32863715,0
52577,1,1,0.92093205,1
52578,0,1,0.83548355,0
52579,1,0,0.20181322,0
52580,0,0,0.28209728,1
52581,0,1,0.9043131,0
52582,1,1,0.99999917,1
52583,1,1,1.0,1
52584,1,1,0.9724409,1
52585,0,0,0.10870828,1
52586,1,1,1.0,1
52587,1,1,1.0,1
52588,1,1,0.98327893,1
52589,1,0,0.055926174,0
52590,0,1,0.36690158,0
52591,1,1,0.9997336,1
52592,1,0,0.036493763,0
52593,0,0,0.013982613,1
52594,0,0,0.25608712,1
52595,1,0,0.06669065,0
52596,1,1,0.9993869,1
52597,1,1,0.98667485,1
52598,0,1,0.9193534,0
52599,1,1,0.99783844,1
52600,1,1,1.0,1
52601,0,1,0.5183024,0
52602,1,1,0.9999906,1
52603,1,1,0.9999906,1
52604,1,1,0.9999249,1
52605,1,1,0.9729081,1
52606,0,0,0.15941359,1
52607,1,1,0.9305845,1
52608,0,1,0.5688949,0
52609,0,1,0.99985576,0
52610,1,1,1.0,1
52611,0,1,0.896614,0
52612,0,0,0.15713686,1
52613,0,0,0.33791324,1
52614,1,1,0.8878869,1
52615,1,1,1.0,1
52616,0,1,0.998784,0
52617,1,1,0.44534862,1
52618,0,0,0.14396824,1
52619,1,1,0.73720545,1
52620,0,0,0.30777398,1
52621,1,1,0.9999993,1
52622,1,0,0.017644463,0
52623,0,0,0.22695492,1
52624,0,1,0.97803074,0
52625,1,1,0.86036915,1
52626,1,0,0.06711741,0
52627,1,1,0.8362874,1
52628,1,0,0.021287354,0
52629,0,1,0.6644859,0
52630,0,1,0.96882665,0
52631,1,0,0.047780067,0
52632,1,0,0.07030384,0
52633,1,0,0.12808825,0
52634,1,0,0.2615195,0
52635,0,0,0.1138749,1
52636,1,1,0.9992053,1
52637,1,1,0.6971452,1
52638,1,1,0.57761455,1
52639,1,1,1.0,1
52640,1,0,0.051177494,0
52641,1,1,0.99379504,1
52642,0,0,0.035012625,1
52643,0,0,0.06566473,1
52644,0,0,0.09833879,1
52645,1,1,0.9999299,1
52646,0,1,0.551151,0
52647,0,0,0.24238493,1
52648,0,1,0.9999118,0
52649,1,0,0.099820666,0
52650,1,1,0.9999008,1
52651,0,0,0.16885696,1
52652,0,0,0.074500255,1
52653,1,1,0.99712163,1
52654,0,1,0.983327,0
52655,1,1,0.9998889,1
52656,0,0,0.104660206,1
52657,0,1,0.99668854,0
52658,1,0,0.0140636265,0
52659,1,0,0.21036048,0
52660,1,0,0.051605962,0
52661,0,1,0.35583088,0
52662,1,1,0.99877447,1
52663,0,0,0.14915918,1
52664,1,1,0.48916793,1
52665,1,1,0.9548583,1
52666,1,0,0.116261385,0
52667,0,0,0.04668148,1
52668,0,0,0.13369773,1
52669,1,1,0.9999666,1
52670,1,1,0.9999995,1
52671,1,1,0.95257413,1
52672,1,1,0.99994147,1
52673,1,1,0.9829874,1
52674,0,1,0.8903896,0
52675,1,1,1.0,1
52676,1,0,0.30647516,0
52677,1,1,0.9890765,1
52678,0,0,0.32188618,1
52679,1,1,0.9999151,1
52680,1,1,0.99999833,1
52681,0,0,0.11047115,1
52682,1,1,0.99999964,1
52683,0,1,0.47996068,0
52684,0,1,1.0,0
52685,0,1,0.9339146,0
52686,1,1,0.99808073,1
52687,1,0,0.026330303,0
52688,1,1,1.0,1
52689,1,1,0.9997336,1
52690,1,0,0.1364357,0
52691,0,1,0.7815808,0
52692,1,0,0.29375893,0
52693,0,0,0.030938227,1
52694,0,1,0.9996666,0
52695,0,1,0.994292,0
52696,0,0,0.14402843,1
52697,1,1,0.98141783,1
52698,1,1,1.0,1
52699,0,0,0.1765296,1
52700,1,1,0.99998486,1
52701,0,1,0.45501697,0
52702,1,1,0.9999094,1
52703,1,1,0.9997347,1
52704,1,1,0.99644804,1
52705,1,1,0.9999864,1
52706,0,0,0.061255362,1
52707,1,0,0.14517595,0
52708,0,0,0.14639206,1
52709,0,0,0.06866228,1
52710,0,0,0.009485712,1
52711,0,1,0.93885684,0
52712,1,1,0.9851003,1
52713,0,0,0.047691282,1
52714,1,1,0.99955314,1
52715,1,1,0.9999671,1
52716,1,0,0.25045422,0
52717,1,0,0.09730459,0
52718,0,0,0.29502678,1
52719,1,1,1.0,1
52720,1,1,1.0,1
52721,1,0,0.06998537,0
52722,1,1,1.0,1
52723,0,1,0.44595176,0
52724,0,0,0.05775844,1
52725,1,0,0.22798456,0
52726,0,0,0.021206122,1
52727,0,0,0.14639206,1
52728,1,1,0.80193585,1
52729,1,1,0.9997316,1
52730,0,1,0.5343695,0
52731,1,1,0.9999796,1
52732,1,1,1.0,1
52733,0,0,0.03365296,1
52734,1,1,0.9251624,1
52735,1,0,0.15636237,0
52736,0,1,0.37972337,0
52737,1,1,0.98955137,1
52738,0,0,0.07211221,1
52739,1,1,1.0,1
52740,1,1,0.9999999,1
52741,1,1,0.99999857,1
52742,1,1,0.9985702,1
52743,0,0,0.042403832,1
52744,1,1,0.9999999,1
52745,0,1,1.0,0
52746,1,1,0.99983585,1
52747,1,1,0.9155828,1
52748,1,0,0.018671406,0
52749,0,0,0.073098525,1
52750,1,1,0.99984586,1
52751,1,1,0.99999976,1
52752,1,1,0.9999993,1
52753,1,0,0.021927299,0
52754,1,0,0.008478402,0
52755,1,1,0.40069073,1
52756,0,1,0.71696234,0
52757,0,0,0.14426938,1
52758,0,1,0.99900913,0
52759,1,1,0.9998977,1
52760,1,1,0.9227612,1
52761,1,1,0.99999785,1
52762,0,1,0.9551939,0
52763,1,1,1.0,1
52764,1,1,0.9854124,1
52765,0,1,0.99999607,0
52766,0,0,0.11328496,1
52767,0,0,0.010550081,1
52768,1,1,0.9997273,1
52769,1,0,0.25851312,0
52770,0,0,0.1404541,1
52771,1,1,0.9064877,1
52772,1,0,0.009689717,0
52773,1,1,0.99999547,1
52774,0,0,0.08803311,1
52775,0,1,0.7287001,0
52776,0,0,0.067546695,1
52777,0,0,0.021718834,1
52778,1,1,0.9999974,1
52779,1,0,0.19852991,0
52780,0,0,0.30507585,1
52781,0,1,0.35958904,0
52782,0,1,0.9619649,0
52783,1,1,1.0,1
52784,1,1,0.86442494,1
52785,1,1,0.9975986,1
52786,1,1,0.9568766,1
52787,1,0,0.026280278,0
52788,0,1,0.96084166,0
52789,1,0,0.1124538,0
52790,1,0,0.009746104,0
52791,0,1,0.7119319,0
52792,0,0,0.029256709,1
52793,0,0,0.22841457,1
52794,1,0,0.017917344,0
52795,1,0,0.2818996,0
52796,0,0,0.20418316,1
52797,0,0,0.064771704,1
52798,1,1,1.0,1
52799,0,0,0.04488975,1
52800,0,0,0.06244529,1
52801,0,1,0.9923934,0
52802,0,0,0.21174264,1
52803,0,1,0.8489722,0
52804,0,0,0.11930549,1
52805,1,1,0.61618555,1
52806,1,1,0.9832145,1
52807,1,0,0.17455095,0
52808,1,1,0.9999995,1
52809,1,1,0.9999305,1
52810,1,1,0.42265353,1
52811,0,1,1.0,0
52812,1,1,0.99594563,1
52813,0,0,0.23775287,1
52814,0,1,0.5837373,0
52815,0,1,0.99557483,0
52816,1,0,0.21717146,0
52817,1,1,0.99999404,1
52818,1,0,0.08218025,0
52819,1,0,0.21395142,0
52820,1,1,0.9993268,1
52821,0,1,0.99999905,0
52822,1,1,0.42635146,1
52823,0,0,0.022824407,1
52824,1,1,0.9971661,1
52825,0,0,0.2786492,1
52826,0,1,0.99999905,0
52827,1,1,0.98521465,1
52828,0,1,0.78340906,0
52829,1,1,1.0,1
52830,0,0,0.13061775,1
52831,0,0,0.17245041,1
52832,1,1,1.0,1
52833,1,1,0.9999988,1
52834,0,0,0.06632688,1
52835,0,0,0.15817434,1
52836,0,1,0.9530133,0
52837,1,1,0.99812144,1
52838,0,1,0.99732697,0
52839,1,1,0.99989235,1
52840,1,1,0.99995613,1
52841,1,1,0.9914556,1
52842,0,0,0.037856847,1
52843,1,1,0.9997527,1
52844,0,0,0.06681232,1
52845,0,1,0.9998795,0
52846,1,1,1.0,1
52847,0,0,0.019087434,1
52848,0,0,0.17596246,1
52849,1,1,0.98401695,1
52850,1,1,0.9352874,1
52851,0,0,0.27781576,1
52852,1,1,0.99999964,1
52853,0,0,0.04344689,1
52854,0,1,0.9997011,0
52855,1,1,0.9998148,1
52856,0,0,0.09825224,1
52857,1,0,0.012359919,0
52858,0,1,0.9999993,0
52859,0,1,0.99999046,0
52860,1,0,0.0649494,0
52861,1,1,0.99974984,1
52862,0,1,0.9601375,0
52863,0,0,0.028816197,1
52864,1,0,0.20481862,0
52865,1,1,0.9993068,1
52866,1,1,0.9904406,1
52867,1,1,0.998844,1
52868,0,1,0.8988553,0
52869,1,1,1.0,1
52870,0,0,0.3479801,1
52871,1,1,0.8156,1
52872,1,1,0.8818186,1
52873,1,1,0.99739385,1
52874,1,0,0.09227797,0
52875,0,1,0.3737615,0
52876,1,1,0.9995883,1
52877,1,1,0.9999994,1
52878,0,1,0.95911604,0
52879,1,1,1.0,1
52880,1,1,1.0,1
52881,0,0,0.15450352,1
52882,1,1,0.72937524,1
52883,0,1,0.9982522,0
52884,1,1,0.45332235,1
52885,0,0,0.17106119,1
52886,1,1,0.9951514,1
52887,1,1,0.99957365,1
52888,1,1,0.9999995,1
52889,1,1,0.43593153,1
52890,0,1,0.9720191,0
52891,0,0,0.03767939,1
52892,0,1,0.6569335,0
52893,0,1,0.87831426,0
52894,1,1,0.6615403,1
52895,0,0,0.23265864,1
52896,0,1,0.5705108,0
52897,0,1,0.6165319,0
52898,1,1,0.9990728,1
52899,1,0,0.032100704,0
52900,0,1,0.97803074,0
52901,1,1,0.9863631,1
52902,0,1,0.88373864,0
52903,1,0,0.03393996,0
52904,1,1,0.9912548,1
52905,1,1,1.0,1
52906,0,1,0.99941957,0
52907,0,0,0.22067817,1
52908,1,1,0.43287235,1
52909,1,0,0.16844618,0
52910,0,1,0.9859634,0
52911,1,0,0.3338832,0
52912,0,0,0.010209055,1
52913,0,0,0.08042967,1
52914,1,1,0.9999956,1
52915,0,1,1.0,0
52916,0,1,0.99956185,0
52917,0,0,0.0871745,1
52918,0,0,0.24671482,1
52919,1,1,0.9989392,1
52920,0,0,0.0109234555,1
52921,0,0,0.24382246,1
52922,1,1,0.89302987,1
52923,0,0,0.17293873,1
52924,1,0,0.05717659,0
52925,1,1,0.883236,1
52926,1,1,0.8707073,1
52927,1,0,0.103295475,0
52928,0,0,0.31557775,1
52929,1,1,0.9988004,1
52930,0,1,0.98054343,0
52931,1,0,0.11797801,0
52932,0,0,0.23563562,1
52933,0,1,0.986904,0
52934,1,0,0.03038675,0
52935,1,1,1.0,1
52936,1,1,0.9914391,1
52937,0,1,0.9913726,0
52938,1,0,0.21950476,0
52939,1,1,0.9978677,1
52940,1,1,0.99999857,1
52941,1,1,0.99128854,1
52942,0,0,0.20212801,1
52943,0,0,0.15266278,1
52944,1,1,1.0,1
52945,1,0,0.17133832,0
52946,0,1,0.6020031,0
52947,0,0,0.015543648,1
52948,1,1,0.9999937,1
52949,0,1,0.9977349,0
52950,0,0,0.0074751205,1
52951,0,0,0.1390453,1
52952,1,1,0.99629277,1
52953,0,1,0.9997974,0
52954,1,1,0.49218813,1
52955,0,1,0.54056007,0
52956,0,1,0.70390576,0
52957,1,1,1.0,1
52958,0,0,0.1698185,1
52959,1,0,0.0038844766,0
52960,0,1,0.9999379,0
52961,1,1,0.9993988,1
52962,1,1,0.87450653,1
52963,1,1,0.9996983,1
52964,0,0,0.08181271,1
52965,0,0,0.06412401,1
52966,0,1,0.9948803,0
52967,0,0,0.027822025,1
52968,1,0,0.009821794,0
52969,0,0,0.06644793,1
52970,0,0,0.28120816,1
52971,1,1,0.47490516,1
52972,0,0,0.06884988,1
52973,0,0,0.035344075,1
52974,1,1,0.9558166,1
52975,1,1,0.9990415,1
52976,1,1,0.9997658,1
52977,0,1,0.9869544,0
52978,1,1,1.0,1
52979,1,0,0.027298586,0
52980,1,1,0.99999905,1
52981,1,1,0.54237854,1
52982,0,0,0.041307308,1
52983,0,1,0.9942363,0
52984,1,1,0.99999714,1
52985,0,0,0.11676401,1
52986,1,1,0.9922444,1
52987,1,1,0.99836427,1
52988,0,1,0.52460784,0
52989,1,1,0.91920847,1
52990,0,0,0.08525123,1
52991,0,1,0.5450436,0
52992,1,1,0.9994461,1
52993,1,0,0.07606381,0
52994,1,1,0.98083925,1
52995,0,1,0.9991117,0
52996,1,1,0.9473323,1
52997,0,0,0.08593914,1
52998,0,1,0.9911868,0
52999,0,0,0.007547924,1
53000,0,1,0.9998293,0
53001,1,1,0.9999305,1
53002,1,1,0.99999917,1
53003,1,1,0.99953175,1
53004,1,1,0.9961681,1
53005,0,0,0.08210661,1
53006,1,1,0.96210754,1
53007,0,1,0.47387025,0
53008,1,1,0.99998474,1
53009,1,1,0.54988235,1
53010,1,1,1.0,1
53011,1,1,0.9999999,1
53012,1,0,0.2211824,0
53013,1,1,1.0,1
53014,0,1,0.89778495,0
53015,1,0,0.33404613,0
53016,1,1,1.0,1
53017,0,0,0.09833879,1
53018,0,0,0.19467384,1
53019,0,0,0.03336831,1
53020,0,0,0.11318691,1
53021,0,1,0.97678024,0
53022,0,0,0.24908175,1
53023,1,1,0.9997739,1
53024,0,0,0.06548521,1
53025,0,0,0.00074225286,1
53026,1,1,0.9654138,1
53027,1,1,1.0,1
53028,1,1,0.9745077,1
53029,0,1,0.99952435,0
53030,0,1,0.9190633,0
53031,0,0,0.25893456,1
53032,0,1,0.38577956,0
53033,1,1,0.3522575,1
53034,1,1,0.99999917,1
53035,1,1,1.0,1
53036,1,0,0.031499382,0
53037,0,0,0.027195055,1
53038,1,1,1.0,1
53039,0,1,0.99999666,0
53040,0,1,0.9053223,0
53041,1,1,0.9996983,1
53042,1,1,0.7907728,1
53043,1,1,0.8814109,1
53044,0,1,0.99381906,0
53045,0,0,0.10493506,1
53046,0,0,0.12759827,1
53047,1,0,0.03618598,0
53048,1,1,0.9285385,1
53049,0,0,0.3031126,1
53050,1,1,0.9999999,1
53051,1,1,0.99999917,1
53052,0,1,0.89096016,0
53053,0,1,0.7888273,0
53054,1,1,0.6702306,1
53055,0,1,0.6222872,0
53056,0,1,0.6597889,0
53057,1,1,1.0,1
53058,0,0,0.23248436,1
53059,1,0,0.11940814,0
53060,1,0,0.11818139,0
53061,0,1,0.97046465,0
53062,1,1,0.99434716,1
53063,1,1,0.9999999,1
53064,1,1,1.0,1
53065,1,1,1.0,1
53066,0,0,0.05717659,1
53067,1,0,0.082549304,0
53068,0,1,0.4327824,0
53069,0,0,0.0077255345,1
53070,1,0,0.08929564,0
53071,1,1,0.87536144,1
53072,0,1,0.9999951,0
53073,0,0,0.24283355,1
53074,0,1,0.99839586,0
53075,1,1,0.99910307,1
53076,1,1,0.99999976,1
53077,1,1,1.0,1
53078,0,1,0.3933559,0
53079,0,0,0.065545,1
53080,1,1,0.476671,1
53081,1,1,0.9999778,1
53082,1,1,0.9996451,1
53083,1,1,0.99999774,1
53084,1,1,0.9992489,1
53085,0,0,0.025468081,1
53086,0,0,0.21452682,1
53087,1,0,0.19644053,0
53088,1,1,0.89358836,1
53089,0,0,0.024798159,1
53090,1,0,0.13290796,0
53091,0,0,0.16264586,1
53092,1,0,0.00033339154,0
53093,1,0,0.030502051,0
53094,0,0,0.06030764,1
53095,0,1,0.81405276,0
53096,1,1,0.9998697,1
53097,0,1,0.9985221,0
53098,0,1,0.99736315,0
53099,1,0,0.2055353,0
53100,0,0,0.08471965,1
53101,0,0,0.13992442,1
53102,1,0,0.099820666,0
53103,0,1,0.868938,0
53104,1,1,0.9402983,1
53105,0,1,0.9780727,0
53106,0,0,0.0489941,1
53107,1,1,0.7631309,1
53108,0,1,0.37708178,0
53109,1,0,0.20769641,0
53110,1,1,0.9983354,1
53111,1,1,0.99995935,1
53112,1,1,0.999577,1
53113,0,0,0.16438228,1
53114,1,1,0.9160345,1
53115,0,0,0.07409726,1
53116,1,0,0.08456833,0
53117,1,1,0.9999907,1
53118,1,1,1.0,1
53119,0,1,0.91957027,0
53120,1,1,0.99988127,1
53121,0,0,0.18832397,1
53122,0,0,0.0031788659,1
53123,1,1,0.99999976,1
53124,1,1,1.0,1
53125,1,1,1.0,1
53126,0,1,0.97925514,0
53127,1,1,1.0,1
53128,1,1,0.99566853,1
53129,0,1,0.99960726,0
53130,1,1,1.0,1
53131,1,1,0.99980587,1
53132,1,1,0.9990207,1
53133,1,1,0.9999999,1
53134,0,0,0.25450897,1
53135,0,1,0.9995963,0
53136,0,1,0.99060565,0
53137,0,0,0.076683804,1
53138,1,1,1.0,1
53139,1,1,0.4274565,1
53140,1,1,1.0,1
53141,0,0,0.2216875,1
53142,1,1,0.6238926,1
53143,0,1,0.9146726,0
53144,0,1,0.8784186,0
53145,1,1,0.9999895,1
53146,0,0,0.2032327,1
53147,1,1,1.0,1
53148,1,1,0.39659387,1
53149,1,1,0.9888419,1
53150,1,1,1.0,1
53151,0,1,0.45501697,0
53152,1,0,0.1305069,0
53153,1,1,0.99999654,1
53154,0,1,0.8997397,0
53155,0,1,0.9964825,0
53156,1,0,0.06530615,0
53157,1,1,0.9998894,1
53158,0,1,0.60917544,0
53159,1,1,0.99999905,1
53160,1,1,1.0,1
53161,1,0,0.0551069,0
53162,0,1,0.9927812,0
53163,1,0,0.13892843,0
53164,1,0,0.1538032,0
53165,0,1,0.98327893,0
53166,0,0,0.034456022,1
53167,1,0,0.0012255675,0
53168,1,1,0.9594213,1
53169,0,1,0.67109346,0
53170,1,0,0.04813677,0
53171,0,1,0.99996436,0
53172,1,0,0.24653336,0
53173,0,1,0.57534945,0
53174,1,1,0.99988174,1
53175,1,0,0.31489265,0
53176,0,1,0.60550755,0
53177,0,0,0.031232351,1
53178,1,0,0.013222823,0
53179,0,1,0.9998155,0
53180,1,1,0.9991959,1
53181,0,1,0.3892563,0
53182,0,0,0.09244169,1
53183,1,1,0.84479356,1
53184,1,1,1.0,1
53185,1,0,0.07585818,0
53186,1,1,0.9999987,1
53187,0,0,0.06699522,1
53188,1,1,0.99865156,1
53189,1,1,0.9999999,1
53190,1,1,0.9877351,1
53191,1,1,0.99999976,1
53192,1,1,0.99999535,1
53193,0,1,0.53728414,0
53194,0,1,0.7826625,0
53195,1,1,0.99165195,1
53196,1,1,1.0,1
53197,0,0,0.026380423,1
53198,1,1,1.0,1
53199,1,0,0.010071824,0
53200,1,1,0.9035498,1
53201,1,0,0.2069742,0
53202,1,1,0.6336937,1
53203,1,0,0.06058495,0
53204,1,1,0.983343,1
53205,1,1,0.6430491,1
53206,1,1,1.0,1
53207,0,1,0.47728005,0
53208,1,1,0.9999956,1
53209,1,1,1.0,1
53210,1,1,0.584627,1
53211,1,1,0.99998224,1
53212,1,1,0.9831176,1
53213,1,1,0.99999964,1
53214,0,1,0.79549927,0
53215,0,1,0.8928432,0
53216,1,1,0.99529076,1
53217,1,1,0.9999999,1
53218,1,1,0.99760795,1
53219,0,0,0.35014352,1
53220,1,1,0.9964134,1
53221,0,1,0.9999999,0
53222,1,1,0.9868787,1
53223,1,1,0.97546023,1
53224,1,1,0.9976769,1
53225,1,0,0.06058495,0
53226,1,1,1.0,1
53227,1,1,0.9999999,1
53228,1,0,0.050097767,0
53229,0,1,0.9990545,0
53230,0,1,0.9999999,0
53231,1,0,0.05170164,0
53232,1,1,0.9999999,1
53233,1,1,1.0,1
53234,1,1,0.99992096,1
53235,0,1,0.5652388,0
53236,1,1,0.99999845,1
53237,1,1,0.9999944,1
53238,0,0,0.041384716,1
53239,1,1,0.9970073,1
53240,1,1,1.0,1
53241,1,1,0.9999993,1
53242,1,1,0.751329,1
53243,1,1,0.5604331,1
53244,0,0,0.26374158,1
53245,0,1,0.45066157,0
53246,0,1,0.9733675,0
53247,1,1,1.0,1
53248,0,0,0.20987426,1
53249,0,0,0.21174264,1
53250,0,1,0.99812883,0
53251,1,1,0.8811043,1
53252,0,1,0.8537909,0
53253,1,1,0.99998116,1
53254,1,1,0.9999968,1
53255,0,0,0.17231107,1
53256,1,1,0.9741166,1
53257,1,1,0.99999094,1
53258,1,1,0.9207897,1
53259,0,1,0.4762447,0
53260,0,0,0.12522575,1
53261,1,1,0.50823903,1
53262,0,1,0.9101469,0
53263,1,1,0.9996594,1
53264,1,1,0.54994273,1
53265,1,0,0.15272596,0
53266,1,1,1.0,1
53267,0,1,0.46550897,0
53268,1,1,0.9636776,1
53269,1,1,1.0,1
53270,1,1,0.99999297,1
53271,1,0,0.04468087,0
53272,1,1,0.9999999,1
53273,1,0,0.07185127,0
53274,1,1,0.5248818,1
53275,0,1,0.9807103,0
53276,0,1,0.99945253,0
53277,1,0,0.12549345,0
53278,1,1,0.9992084,1
53279,1,1,0.46687597,1
53280,1,1,0.6361836,1
53281,0,1,0.99966335,0
53282,0,1,0.86293024,0
53283,1,1,0.9999987,1
53284,0,1,0.8498466,0
53285,1,1,0.48032632,1
53286,0,0,0.049681153,1
53287,0,1,0.4457708,0
53288,1,1,0.95846003,1
53289,1,1,0.36681652,1
53290,0,1,0.9984114,0
53291,1,0,0.2928986,0
53292,1,1,0.99999225,1
53293,0,0,0.019475216,1
53294,0,1,0.49938965,0
53295,1,0,0.16411416,0
53296,1,0,0.09492911,0
53297,0,0,0.09842541,1
53298,1,0,0.017359,0
53299,1,1,0.99999917,1
53300,0,1,0.9038049,0
53301,1,1,0.9733675,1
53302,1,1,0.99999976,1
53303,0,1,0.99999964,0
53304,0,1,0.99518895,0
53305,0,0,0.008124708,1
53306,1,1,0.98625773,1
53307,1,1,0.9999962,1
53308,0,0,0.32852942,1
53309,0,1,0.999926,0
53310,0,1,0.9407897,0
53311,1,1,1.0,1
53312,1,1,0.99758446,1
53313,1,1,0.9999628,1
53314,0,1,1.0,0
53315,0,0,0.03038675,1
53316,0,1,0.35532737,0
53317,0,1,0.4644461,0
53318,1,1,0.5886527,1
53319,1,1,0.9998385,1
53320,1,1,0.99994636,1
53321,1,1,1.0,1
53322,1,0,0.15941359,0
53323,0,0,0.07751766,1
53324,0,0,0.11696559,1
53325,1,1,0.9996309,1
53326,1,1,0.78082967,1
53327,0,1,0.6998189,0
53328,1,0,0.20882359,0
53329,0,0,0.29660332,1
53330,1,1,0.998147,1
53331,0,0,0.24131057,1
53332,1,1,0.98707956,1
53333,0,1,0.8059378,0
53334,1,1,0.6387789,1
53335,0,0,0.1768137,1
53336,0,1,0.6054492,0
53337,1,1,1.0,1
53338,1,1,0.99668854,1
53339,0,1,0.67635274,0
53340,1,1,0.9456509,1
53341,0,1,0.4112882,0
53342,1,1,0.71775436,1
53343,1,1,0.99999857,1
53344,1,0,0.14940722,0
53345,1,0,0.005060332,0
53346,1,1,0.99984217,1
53347,0,0,0.13039611,1
53348,1,1,0.5012207,1
53349,0,0,0.0044597043,1
53350,1,0,0.09041373,0
53351,1,0,0.07723879,0
53352,1,1,1.0,1
53353,0,0,0.18039528,1
53354,1,1,0.3712506,1
53355,0,1,0.5005493,0
53356,1,1,1.0,1
53357,1,1,1.0,1
53358,1,1,0.9997464,1
53359,0,1,0.4087487,0
53360,1,1,0.99999976,1
53361,1,1,0.7547343,1
53362,0,0,0.094176665,1
53363,0,1,0.99807703,0
53364,0,0,0.31158394,1
53365,0,0,0.109039895,1
53366,1,1,0.99997616,1
53367,1,1,0.99959475,1
53368,1,1,0.56025267,1
53369,1,1,0.94924754,1
53370,0,0,0.14247034,1
53371,0,1,0.9092645,0
53372,1,1,0.9999999,1
53373,1,1,1.0,1
53374,1,1,0.9999883,1
53375,1,1,1.0,1
53376,1,1,0.7226738,1
53377,1,1,0.9352283,1
53378,1,1,1.0,1
53379,1,1,0.99999344,1
53380,0,1,0.5585076,0
53381,0,0,0.13898684,1
53382,1,1,0.99984884,1
53383,1,1,0.99986756,1
53384,1,0,0.24780536,0
53385,1,1,0.9999622,1
53386,0,0,0.20593424,1
53387,1,1,0.99992967,1
53388,0,1,1.0,0
53389,1,1,0.9999417,1
53390,0,0,0.02931223,1
53391,0,1,0.7478001,0
53392,1,1,0.87716144,1
53393,1,1,0.99999964,1
53394,1,1,0.7698598,1
53395,1,1,0.99895966,1
53396,0,0,0.15272596,1
53397,0,0,0.05823863,1
53398,1,1,0.40798187,1
53399,0,0,0.11787642,1
53400,1,1,0.9999459,1
53401,0,0,0.1390453,1
53402,1,0,0.18877222,0
53403,1,1,1.0,1
53404,1,1,0.90853673,1
53405,0,0,0.050846573,1
53406,0,0,0.037963696,1
53407,0,1,0.852813,0
53408,1,1,0.98799264,1
53409,1,1,0.8079157,1
53410,0,1,0.99992883,0
53411,1,1,0.99899954,1
53412,1,1,0.8688268,1
53413,1,1,0.99372226,1
53414,0,1,0.9993893,0
53415,0,0,0.086632065,1
53416,0,0,0.17203271,1
53417,0,0,0.028409066,1
53418,0,1,0.9947084,0
53419,1,1,0.7329743,1
53420,1,1,0.7857199,1
53421,1,1,0.96792966,1
53422,1,1,0.98154205,1
53423,1,0,0.1682411,0
53424,1,1,0.9999993,1
53425,0,0,0.00027372167,1
53426,1,1,1.0,1
53427,1,1,0.97782,1
53428,0,0,0.08232769,1
53429,1,1,0.9226916,1
53430,1,1,0.9999918,1
53431,1,1,0.9081302,1
53432,1,1,0.9999932,1
53433,0,1,0.99832886,0
53434,0,1,0.9999733,0
53435,0,1,0.9552357,0
53436,1,0,0.027272668,0
53437,0,1,0.9999845,0
53438,0,1,0.9534488,0
53439,0,1,0.5771379,0
53440,0,1,0.88038635,0
53441,1,1,0.9990601,1
53442,0,0,0.29254478,1
53443,0,0,0.054399315,1
53444,0,1,0.45695496,0
53445,1,1,1.0,1
53446,0,0,0.26774308,1
53447,0,0,0.023666896,1
53448,0,0,0.3114792,1
53449,0,0,0.34997696,1
53450,1,0,0.081154905,0
53451,1,1,0.9999989,1
53452,0,1,0.77932185,0
53453,0,0,0.086246476,1
53454,0,0,0.09518112,1
53455,0,1,0.627666,0
53456,1,0,0.12426614,0
53457,0,0,0.15810935,1
53458,0,1,0.5615154,0
53459,0,1,0.6414785,0
53460,0,1,0.9991013,0
53461,1,0,0.036908068,0
53462,0,1,0.37742597,0
53463,1,1,0.999998,1
53464,0,1,0.999998,0
53465,1,1,1.0,1
53466,0,0,0.007876707,1
53467,0,1,0.87536144,0
53468,0,0,0.04001227,1
53469,0,1,0.99989843,0
53470,0,0,0.15752526,1
53471,1,1,0.99999964,1
53472,1,1,0.89010334,1
53473,1,0,0.13234626,0
53474,0,1,0.9986033,0
53475,1,1,1.0,1
53476,0,0,0.060418423,1
53477,0,1,0.9968702,0
53478,0,1,0.39309373,0
53479,1,1,0.99937123,1
53480,1,1,1.0,1
53481,1,1,0.9999976,1
53482,1,1,0.97769254,1
53483,1,1,0.99225944,1
53484,1,1,0.91957027,1
53485,0,1,0.7253083,0
53486,1,1,0.40618464,1
53487,1,1,1.0,1
53488,0,1,0.99983966,0
53489,1,1,0.9936365,1
53490,0,0,0.032620545,1
53491,1,1,0.6274377,1
53492,1,0,0.03390796,0
53493,0,1,0.7384334,0
53494,1,1,0.48956448,1
53495,1,1,0.99094474,1
53496,0,1,0.81047887,0
53497,0,0,0.12814279,1
53498,1,1,0.99999976,1
53499,0,1,0.9982827,0
53500,1,1,0.54933846,1
53501,1,0,0.001239996,0
53502,1,1,0.9997998,1
53503,0,0,0.075653054,1
53504,0,1,0.9998332,0
53505,1,1,1.0,1
53506,0,1,0.49127284,0
53507,1,1,0.9999993,1
53508,1,1,0.9999864,1
53509,1,0,0.12973315,0
53510,1,1,0.99998486,1
53511,0,0,0.14602636,1
53512,1,1,0.49615484,1
53513,0,0,0.036220055,1
53514,0,1,0.83894384,0
53515,1,1,0.68167377,1
53516,1,1,0.99981624,1
53517,1,1,0.63584447,1
53518,0,1,0.36364692,0
53519,1,1,0.9631959,1
53520,0,0,0.06866228,1
53521,1,0,0.13089524,0
53522,1,1,0.9999738,1
53523,1,1,0.9993988,1
53524,1,0,0.04185214,0
53525,1,1,0.999764,1
53526,1,1,0.9959693,1
53527,1,1,0.98225373,1
53528,0,0,0.03715183,1
53529,1,0,0.06947859,0
53530,0,1,0.9026096,0
53531,1,1,1.0,1
53532,1,1,0.99999714,1
53533,0,1,0.46705827,0
53534,0,0,0.22034244,1
53535,1,1,0.6254381,1
53536,1,0,0.008511303,0
53537,0,0,0.09081609,1
53538,1,1,0.99969935,1
53539,0,0,0.10502681,1
53540,1,1,0.9999999,1
53541,0,1,0.941493,0
53542,0,0,0.12918286,1
53543,0,1,0.99974877,0
53544,0,0,0.029760094,1
53545,1,1,0.99600047,1
53546,0,0,0.11940814,1
53547,0,0,0.020626193,1
53548,1,1,0.9976495,1
53549,1,1,0.99566,1
53550,0,1,0.99999964,0
53551,0,0,0.24131057,1
53552,0,0,0.026989132,1
53553,1,0,0.03012886,0
53554,0,1,0.43392152,0
53555,1,1,1.0,1
53556,1,1,1.0,1
53557,0,0,0.16118816,1
53558,0,1,0.9999975,0
53559,0,0,0.09713317,1
53560,0,1,0.5435297,0
53561,0,1,0.999998,0
53562,1,1,0.8656789,1
53563,1,1,0.58385605,1
53564,0,0,0.008796121,1
53565,1,1,0.99097973,1
53566,1,1,0.94463825,1
53567,1,1,0.99984396,1
53568,0,1,0.9563497,0
53569,1,0,0.069289416,0
53570,0,1,0.99630713,0
53571,1,0,0.06779314,0
53572,0,1,0.852199,0
53573,1,1,0.9727014,1
53574,0,1,0.7894773,0
53575,0,1,0.75833166,0
53576,1,1,0.999995,1
53577,0,0,0.058292214,1
53578,0,1,0.9433476,0
53579,0,0,0.24716878,1
53580,0,1,0.9871293,0
53581,1,1,0.9999988,1
53582,0,1,0.35387465,0
53583,1,1,0.9999994,1
53584,1,1,1.0,1
53585,1,1,0.99999976,1
53586,1,0,0.09885954,0
53587,1,1,0.99988854,1
53588,1,1,0.99999464,1
53589,1,1,0.9999994,1
53590,0,0,0.107437484,1
53591,1,1,0.56139517,1
53592,0,0,0.33884242,1
53593,0,0,0.06424133,1
53594,0,0,0.11348131,1
53595,0,0,0.08218025,1
53596,0,0,0.17210227,1
53597,0,0,0.18565173,1
53598,0,1,0.7439129,0
53599,1,1,0.7926248,1
53600,1,1,0.99937856,1
53601,0,0,0.0058086696,1
53602,1,1,0.9991374,1
53603,0,0,0.03155902,1
53604,0,1,0.9444336,0
53605,0,0,0.056913942,1
53606,1,0,0.07490528,0
53607,1,0,0.07356305,0
53608,1,1,0.47377896,1
53609,1,1,0.9981756,1
53610,0,0,0.114072114,1
53611,0,0,0.014587567,1
53612,1,1,0.9971048,1
53613,1,1,0.99053264,1
53614,0,0,0.07470251,1
53615,0,1,0.97624266,0
53616,1,0,0.11636177,0
53617,0,1,0.9643886,0
53618,0,1,0.7889086,0
53619,0,1,0.98667485,0
53620,0,0,0.3168447,1
53621,0,1,0.9491535,0
53622,0,1,0.9656413,0
53623,1,1,0.99999917,1
53624,1,1,1.0,1
53625,0,1,0.7243344,0
53626,1,1,0.9999993,1
53627,1,1,0.9999999,1
53628,0,1,0.9999995,0
53629,1,1,0.9999821,1
53630,0,1,0.999992,0
53631,0,1,0.852199,0
53632,1,1,0.99700147,1
53633,0,1,0.98986953,0
53634,1,1,0.9961456,1
53635,0,1,0.37202027,0
53636,1,1,0.99688244,1
53637,0,1,0.8653379,0
53638,1,1,1.0,1
53639,0,0,0.15889087,1
53640,0,1,0.9953904,0
53641,0,1,0.9998306,0
53642,1,1,1.0,1
53643,1,1,0.98427594,1
53644,1,1,1.0,1
53645,0,0,0.1668111,1
53646,1,0,0.2295352,0
53647,0,1,0.9999994,0
53648,1,1,1.0,1
53649,0,0,0.13245842,1
53650,1,1,0.99948776,1
53651,1,1,0.91781974,1
53652,1,0,0.19837458,0
53653,1,1,0.99757034,1
53654,0,1,0.99158704,0
53655,1,1,0.99991286,1
53656,1,1,0.99991965,1
53657,1,1,1.0,1
53658,1,1,0.8113773,1
53659,0,1,0.9497627,0
53660,1,1,1.0,1
53661,1,1,0.9999796,1
53662,0,1,0.70390576,0
53663,0,1,0.9994012,0
53664,1,0,0.30694237,0
53665,1,1,1.0,1
53666,1,1,0.995523,1
53667,0,1,0.8529355,0
53668,1,1,0.9995963,1
53669,0,1,0.9988167,0
53670,1,0,0.26331514,0
53671,0,1,0.36863297,0
53672,1,1,0.99920064,1
53673,1,1,0.95270634,1
53674,1,1,0.97803074,1
53675,1,1,0.9977525,1
53676,1,1,0.6830497,1
53677,0,0,0.03138043,1
53678,1,0,0.02188545,0
53679,1,1,1.0,1
53680,1,1,0.9992606,1
53681,1,1,0.8017807,1
53682,0,0,0.024563085,1
53683,1,1,0.99999976,1
53684,1,1,1.0,1
53685,1,1,1.0,1
53686,0,0,0.18039528,1
53687,1,1,0.99999976,1
53688,0,0,0.02023532,1
53689,1,1,0.99918956,1
53690,1,1,1.0,1
53691,0,0,0.111967385,1
53692,0,0,0.06973154,1
53693,1,1,1.0,1
53694,1,1,0.8784186,1
53695,1,1,0.63798994,1
53696,1,1,0.97578543,1
53697,1,1,0.97455615,1
53698,1,1,1.0,1
53699,0,1,0.46508378,0
53700,0,0,0.12506539,1
53701,1,1,0.618838,1
53702,1,1,0.9999795,1
53703,0,1,0.78082967,0
53704,1,1,0.99929166,1
53705,0,0,0.022955457,1
53706,1,1,0.9999987,1
53707,0,1,0.65262896,0
53708,0,1,0.751557,0
53709,0,0,0.3508661,1
53710,0,0,0.017061688,1
53711,1,1,0.8348113,1
53712,1,1,0.99932015,1
53713,1,1,0.9999212,1
53714,1,1,0.9069832,1
53715,1,1,0.95846003,1
53716,1,1,0.9943909,1
53717,0,0,0.04738177,1
53718,0,0,0.18750432,1
53719,1,1,0.98442644,1
53720,1,1,1.0,1
53721,1,1,1.0,1
53722,1,1,0.99999976,1
53723,0,1,0.91767234,0
53724,1,1,0.99999404,1
53725,1,1,1.0,1
53726,1,1,1.0,1
53727,0,0,0.033844035,1
53728,0,0,0.018743115,1
53729,1,0,0.09611029,0
53730,0,1,0.98646784,0
53731,1,1,0.41273725,1
53732,0,0,0.06296183,1
53733,1,1,1.0,1
53734,0,0,0.04659464,1
53735,1,1,0.9999993,1
53736,1,1,0.9999999,1
53737,0,0,0.2220247,1
53738,0,0,0.2305731,1
53739,1,1,1.0,1
53740,1,1,0.99958915,1
53741,0,1,0.99999285,0
53742,1,1,0.9999162,1
53743,1,1,0.99995697,1
53744,1,1,0.99992967,1
53745,0,0,0.052814018,1
53746,1,1,0.98375374,1
53747,0,0,0.30074558,1
53748,0,0,0.054349106,1
53749,0,0,0.079853736,1
53750,0,0,0.0876419,1
53751,0,1,0.9879462,0
53752,1,1,0.9991424,1
53753,1,1,0.965152,1
53754,1,1,1.0,1
53755,0,0,0.053304683,1
53756,1,1,0.63267297,1
53757,0,1,0.96189344,0
53758,0,0,0.028382123,1
53759,1,1,0.9888419,1
53760,1,1,0.9996762,1
53761,1,1,0.8348113,1
53762,1,1,0.99999833,1
53763,0,0,0.037928045,1
53764,0,0,0.15285237,1
53765,1,1,0.99974483,1
53766,1,1,0.9999864,1
53767,1,1,1.0,1
53768,1,1,0.99997973,1
53769,0,1,0.99941957,0
53770,1,0,0.16046326,0
53771,1,1,0.99970406,1
53772,0,1,0.7703784,0
53773,1,0,0.026759284,0
53774,1,1,0.8659059,1
53775,0,0,0.17085357,1
53776,1,1,0.99990165,1
53777,1,0,0.016513688,0
53778,1,0,0.09033343,0
53779,1,1,0.945349,1
53780,0,0,0.25100458,1
53781,1,1,0.99999523,1
53782,0,0,0.16572809,1
53783,0,0,0.09721884,1
53784,0,1,0.9146726,0
53785,1,1,0.99967945,1
53786,1,1,1.0,1
53787,1,0,0.11436852,0
53788,1,1,0.8636218,1
53789,0,1,0.44131178,0
53790,0,0,0.16431522,1
53791,0,1,0.98122096,0
53792,0,1,0.9994611,0
53793,0,1,0.8431217,0
53794,1,0,0.15915205,0
53795,1,1,0.999936,1
53796,1,1,0.9999913,1
53797,0,1,0.9999999,0
53798,1,1,0.99696034,1
53799,1,1,0.9240733,1
53800,0,0,0.089057684,1
53801,0,0,0.14792407,1
53802,0,0,0.19775413,1
53803,1,1,0.99025387,1
53804,1,1,0.853669,1
53805,0,0,0.0595922,1
53806,0,1,0.39379293,0
53807,1,1,1.0,1
53808,1,1,1.0,1
53809,0,1,0.9999907,0
53810,1,1,1.0,1
53811,0,1,0.99173236,0
53812,1,1,0.9999995,1
53813,1,1,0.99999833,1
53814,1,1,0.4527476,1
53815,0,1,0.43275246,0
53816,0,1,0.5306622,0
53817,0,0,0.043042846,1
53818,0,1,0.38237205,0
53819,1,1,0.99999964,1
53820,1,1,0.99997747,1
53821,0,1,0.43350175,0
53822,1,0,0.016721144,0
53823,0,1,0.9999149,0
53824,1,1,0.99242276,1
53825,0,1,0.9993449,0
53826,1,1,0.9620006,1
53827,1,1,0.9986249,1
53828,0,1,0.60474914,0
53829,1,1,0.9737197,1
53830,1,1,0.9796871,1
53831,0,0,0.16364582,1
53832,0,0,0.12252321,1
53833,1,1,0.999969,1
53834,1,0,0.0006525407,0
53835,1,1,0.97381955,1
53836,0,0,0.0118005965,1
53837,1,1,0.9990226,1
53838,0,1,0.50573707,0
53839,1,1,0.9999138,1
53840,0,0,0.06779314,1
53841,0,1,1.0,0
53842,0,0,0.078571655,1
53843,0,0,0.017917344,1
53844,1,1,0.99999905,1
53845,0,1,1.0,0
53846,1,0,0.12874407,0
53847,0,0,0.1705771,1
53848,0,1,0.6503007,0
53849,1,1,0.99999976,1
53850,1,0,0.038357977,0
53851,0,0,0.058884703,1
53852,0,0,0.026861202,1
53853,1,1,0.9986929,1
53854,1,1,0.9999999,1
53855,1,1,1.0,1
53856,1,1,0.9980045,1
53857,0,0,0.10275402,1
53858,1,0,0.08299413,0
53859,1,1,1.0,1
53860,1,1,0.9999999,1
53861,1,0,0.18750432,0
53862,1,1,0.51208264,1
53863,1,1,0.9916681,1
53864,0,0,0.058560826,1
53865,1,1,0.8967045,1
53866,1,1,1.0,1
53867,0,1,0.5032348,0
53868,0,1,0.99997616,0
53869,1,1,0.39414266,1
53870,1,0,0.11417084,0
53871,0,0,0.0031912676,1
53872,1,1,0.9999981,1
53873,0,1,0.9999572,0
53874,0,1,0.9994917,0
53875,1,1,0.9982522,1
53876,1,0,0.042642392,0
53877,1,1,0.9420286,1
53878,1,1,0.82233185,1
53879,0,0,0.34281904,1
53880,1,1,0.99990463,1
53881,0,1,0.79692537,0
53882,1,1,0.9512329,1
53883,0,0,0.24400252,1
53884,0,0,0.16384642,1
53885,0,1,0.73292655,0
53886,1,1,0.9375548,1
53887,0,0,0.07126734,1
53888,1,1,0.99999976,1
53889,1,1,0.99999976,1
53890,1,1,0.99955136,1
53891,1,1,0.9999999,1
53892,1,1,0.4138028,1
53893,0,0,0.006731917,1
53894,1,1,0.9999635,1
53895,1,1,0.99989927,1
53896,1,1,0.9999999,1
53897,1,1,0.9999043,1
53898,0,1,0.936285,0
53899,0,0,0.29777616,1
53900,0,1,0.666334,0
53901,1,1,1.0,1
53902,1,1,0.9895716,1
53903,1,1,0.983597,1
53904,0,0,0.14342749,1
53905,0,0,0.123577,1
53906,1,0,0.2732349,0
53907,0,0,0.029591372,1
53908,1,1,1.0,1
53909,0,0,0.14324762,1
53910,1,1,0.99253935,1
53911,1,1,0.98421544,1
53912,0,0,0.028517084,1
53913,0,1,0.9996057,0
53914,1,1,0.9263037,1
53915,0,1,0.5837967,0
53916,1,0,0.16118816,0
53917,1,0,0.12825193,0
53918,1,0,0.10585582,0
53919,0,1,0.9999974,0
53920,0,1,0.990892,0
53921,0,0,0.17667161,1
53922,0,0,0.27923846,1
53923,0,0,0.095518075,1
53924,0,1,0.93686515,0
53925,1,0,0.062617026,0
53926,1,1,0.99972624,1
53927,0,0,0.008660931,1
53928,1,1,0.99862766,1
53929,1,1,0.4989624,1
53930,1,1,0.994146,1
53931,0,0,0.31515607,1
53932,1,1,0.9958175,1
53933,1,1,1.0,1
53934,1,1,0.69750595,1
53935,1,1,0.72521096,1
53936,1,1,0.9983026,1
53937,1,1,0.7912571,1
53938,0,1,0.99894947,0
53939,0,0,0.0035449786,1
53940,1,0,0.09833879,0
53941,1,1,0.9997378,1
53942,0,0,0.06052939,1
53943,0,0,0.16337869,1
53944,1,1,0.4781633,1
53945,0,1,0.5281684,0
53946,1,1,0.9999987,1
53947,1,1,0.79438496,1
53948,0,1,0.698278,0
53949,0,0,0.029201293,1
53950,1,1,0.99776125,1
53951,0,0,0.028517084,1
53952,1,0,0.089136936,0
53953,0,0,0.14946929,1
53954,1,0,0.20930803,0
53955,0,0,0.015936995,1
53956,1,1,1.0,1
53957,0,1,0.99999964,0
53958,1,1,1.0,1
53959,1,1,0.93674946,1
53960,0,1,0.99749833,0
53961,0,0,0.107250325,1
53962,0,1,0.36217928,0
53963,0,0,0.14211279,1
53964,1,1,0.987375,1
53965,1,1,0.99999964,1
53966,1,0,0.11828322,0
53967,0,1,0.9975418,0
53968,1,1,1.0,1
53969,1,1,0.99999356,1
53970,1,1,0.9532751,1
53971,0,1,0.9261035,0
53972,0,1,0.8659059,0
53973,1,0,0.031202815,0
53974,1,0,0.054802597,0
53975,0,1,0.6361836,0
53976,0,0,0.03465149,1
53977,1,1,0.72316283,1
53978,1,1,0.9999125,1
53979,0,1,0.6412539,0
53980,1,1,0.9999993,1
53981,0,0,0.05098815,1
53982,0,0,0.11961366,1
53983,1,1,0.51586384,1
53984,1,0,0.013273888,0
53985,0,0,0.19253935,1
53986,0,1,0.973519,0
53987,0,1,0.9882902,0
53988,0,1,0.9999094,0
53989,1,0,0.25926262,0
53990,1,1,1.0,1
53991,1,1,0.999824,1
53992,0,0,0.24871661,1
53993,1,1,0.99987805,1
53994,1,0,0.009633653,0
53995,0,0,0.013715874,1
53996,0,0,0.06626642,1
53997,1,0,0.004829722,0
53998,1,1,0.99999976,1
53999,0,0,0.013146587,1
54000,0,1,0.9999988,0
54001,0,1,0.8614217,0
54002,1,1,0.99995995,1
54003,1,1,0.99976677,1
54004,0,1,0.43437132,0
54005,0,0,0.012796518,1
54006,0,1,0.9969897,0
54007,0,1,0.9999995,0
54008,0,0,0.19567093,1
54009,0,1,0.9999882,0
54010,1,1,1.0,1
54011,1,1,0.9510968,1
54012,1,1,0.94853723,1
54013,1,0,0.08028533,0
54014,1,1,0.99999964,1
54015,0,0,0.13245842,1
54016,0,0,0.19961987,1
54017,1,1,1.0,1
54018,1,1,0.9999999,1
54019,1,1,0.853669,1
54020,0,0,0.022053316,1
54021,0,0,0.0553617,1
54022,0,1,0.9789755,0
54023,0,0,0.32087448,1
54024,0,1,0.89823216,0
54025,0,1,0.8636218,0
54026,1,1,0.99995697,1
54027,1,0,0.036631368,0
54028,0,0,0.20617388,1
54029,1,1,0.9986749,1
54030,1,1,0.94694114,1
54031,0,1,0.98860246,0
54032,1,1,0.99999905,1
54033,1,1,1.0,1
54034,1,0,0.25729823,0
54035,1,1,0.99999917,1
54036,0,1,0.9908035,0
54037,1,1,0.99995315,1
54038,0,1,0.9653485,0
54039,1,1,0.35153365,1
54040,0,0,0.009285965,1
54041,1,1,1.0,1
54042,0,1,0.5107405,0
54043,0,1,0.68956697,0
54044,1,1,0.7867867,1
54045,0,0,0.056600258,1
54046,1,1,1.0,1
54047,1,1,0.9998141,1
54048,0,1,0.5619962,0
54049,0,0,0.1447523,1
54050,1,1,1.0,1
54051,1,0,0.014475689,0
54052,0,1,0.85536855,0
54053,1,1,1.0,1
54054,0,1,0.63742584,0
54055,1,1,0.90665317,1
54056,0,1,0.9337335,0
54057,0,0,0.12554705,1
54058,1,1,1.0,1
54059,1,1,0.9999975,1
54060,1,1,0.95163894,1
54061,1,1,1.0,1
54062,0,0,0.30642328,1
54063,0,1,0.9999949,0
54064,0,1,0.9891187,0
54065,0,0,0.06500874,1
54066,1,1,0.99961406,1
54067,1,0,0.01001357,0
54068,0,0,0.008030813,1
54069,1,1,0.5660185,1
54070,1,0,0.23300752,0
54071,0,0,0.091544405,1
54072,1,1,0.99989486,1
54073,1,0,0.2211824,0
54074,1,1,0.99997354,1
54075,1,1,0.9999372,1
54076,0,0,0.1765296,1
54077,1,1,0.99962294,1
54078,1,1,0.38398772,1
54079,0,0,0.12137298,1
54080,0,1,0.9038049,0
54081,1,0,0.22962157,0
54082,1,1,1.0,1
54083,1,1,1.0,1
54084,0,0,0.15726623,1
54085,1,1,0.99997246,1
54086,0,0,0.25339884,1
54087,1,1,0.9981792,1
54088,1,1,0.9999999,1
54089,0,1,0.9994012,0
54090,1,1,0.99999976,1
54091,0,1,0.9605836,0
54092,1,1,0.99999917,1
54093,1,1,0.96323055,1
54094,1,1,0.9998253,1
54095,0,1,0.98445636,0
54096,1,1,0.99999464,1
54097,1,1,0.8911497,1
54098,0,1,0.4695811,0
54099,1,1,0.38798013,1
54100,0,0,0.025908018,1
54101,1,1,1.0,1
54102,1,0,0.18869746,0
54103,1,1,0.9998845,1
54104,1,1,0.64237636,1
54105,0,0,0.005426944,1
54106,0,1,0.8429925,0
54107,1,1,0.36133373,1
54108,0,0,0.33742183,1
54109,1,0,0.11018359,0
54110,1,1,0.99999964,1
54111,1,1,0.9784877,1
54112,1,1,1.0,1
54113,0,1,0.81815636,0
54114,1,1,0.9999553,1
54115,1,1,1.0,1
54116,1,1,0.9992206,1
54117,0,0,0.07276838,1
54118,1,0,0.26846167,0
54119,1,1,0.35717502,1
54120,1,1,0.99999964,1
54121,1,1,0.65517056,1
54122,0,1,0.9114953,0
54123,1,1,1.0,1
54124,1,1,0.96602803,1
54125,1,0,0.0726367,0
54126,0,1,0.6977634,0
54127,0,1,0.98045003,0
54128,0,0,0.32498476,1
54129,1,0,0.0013045067,0
54130,1,1,0.992597,1
54131,1,1,0.9997209,1
54132,1,1,0.99782157,1
54133,1,1,0.99999785,1
54134,1,1,0.9997851,1
54135,0,0,0.11576064,1
54136,1,0,0.0027097024,0
54137,1,1,0.98771137,1
54138,1,1,0.99949956,1
54139,1,1,0.99948967,1
54140,1,1,0.9999999,1
54141,1,1,1.0,1
54142,1,1,1.0,1
54143,1,0,0.27566564,0
54144,1,0,0.3316607,0
54145,1,1,0.9997367,1
54146,0,1,0.39431757,0
54147,1,0,0.28726768,0
54148,1,1,0.46544823,1
54149,0,0,0.12689333,1
54150,0,1,0.9992778,0
54151,1,0,0.28517282,0
54152,0,1,0.93593454,0
54153,0,1,0.936285,0
54154,0,0,0.1810459,1
54155,1,0,0.1229438,0
54156,0,1,0.831006,0
54157,1,1,0.7772999,1
54158,1,0,0.012796518,0
54159,1,1,1.0,1
54160,0,0,0.11736965,1
54161,1,0,0.12945776,0
54162,0,1,0.8159668,0
54163,1,1,1.0,1
54164,0,1,0.63358027,0
54165,0,0,0.082549304,1
54166,0,0,0.06136777,1
54167,0,1,0.81669897,0
54168,0,1,0.99998796,0
54169,1,0,0.06602512,0
54170,1,1,0.4094569,1
54171,1,0,0.07100922,0
54172,1,1,0.6347132,1
54173,1,1,0.99455196,1
54174,0,1,0.9958418,0
54175,1,1,0.98416984,1
54176,1,1,0.99433607,1
54177,0,1,1.0,0
54178,0,0,0.0127472645,1
54179,1,1,0.99871826,1
54180,0,0,0.03601607,1
54181,1,1,0.8238959,1
54182,0,1,0.67848676,0
54183,0,1,0.7449348,0
54184,1,0,0.28447658,0
54185,0,1,0.7460465,0
54186,0,0,0.058614686,1
54187,1,1,1.0,1
54188,0,0,0.11269772,1
54189,0,1,0.92107415,0
54190,1,1,0.9999988,1
54191,1,1,0.9101469,1
54192,0,1,0.9998141,0
54193,1,1,0.8707073,1
54194,1,1,0.99997973,1
54195,1,1,0.50689656,1
54196,0,0,0.063714996,1
54197,1,0,0.18126321,0
54198,1,1,0.9999988,1
54199,1,1,0.8535469,1
54200,1,1,0.982524,1
54201,0,0,0.0532062,1
54202,1,1,1.0,1
54203,1,1,1.0,1
54204,0,0,0.030157411,1
54205,0,1,0.9754135,0
54206,0,0,0.14187485,1
54207,0,0,0.008916127,1
54208,1,1,1.0,1
54209,1,1,1.0,1
54210,1,0,0.13828714,0
54211,1,1,1.0,1
54212,0,1,0.9998247,0
54213,0,0,0.13695431,1
54214,0,0,0.06319269,1
54215,1,1,1.0,1
54216,1,1,0.8479678,1
54217,0,1,0.86815757,0
54218,1,1,0.9335521,1
54219,0,1,0.9945201,0
54220,0,1,0.9977216,0
54221,1,1,0.9999999,1
54222,0,1,0.8889517,0
54223,0,1,0.49279836,0
54224,0,1,0.97280496,0
54225,0,1,0.66860986,0
54226,1,1,0.9999881,1
54227,1,1,0.9994418,1
54228,0,0,0.19072402,1
54229,1,1,0.9943031,1
54230,1,1,0.66979885,1
54231,1,1,0.3952217,1
54232,0,0,0.08471965,1
54233,0,1,0.54570943,0
54234,0,1,0.9632651,0
54235,1,1,0.972336,1
54236,0,0,0.26114246,1
54237,1,1,0.9999541,1
54238,0,0,0.18432663,1
54239,0,1,0.77210134,0
54240,1,1,0.99922514,1
54241,0,0,0.0705596,1
54242,0,0,0.058185086,1
54243,0,1,0.44046926,0
54244,1,1,0.9999883,1
54245,1,1,1.0,1
54246,0,0,0.13375428,1
54247,0,0,0.09342957,1
54248,0,1,0.79755676,0
54249,1,1,1.0,1
54250,1,1,0.90481883,1
54251,0,1,0.38517228,0
54252,1,1,0.99972945,1
54253,0,0,0.16371268,1
54254,1,1,1.0,1
54255,1,0,0.04747001,0
54256,1,1,0.9999994,1
54257,0,1,0.78596646,0
54258,1,1,0.99760324,1
54259,0,1,0.9986462,0
54260,1,1,0.5015869,1
54261,1,1,0.9899282,1
54262,0,1,0.8349459,0
54263,0,1,0.9967206,0
54264,0,1,0.7678639,0
54265,1,1,0.9953635,1
54266,1,1,0.9999701,1
54267,0,0,0.17539679,1
54268,1,1,0.9184803,1
54269,0,1,0.6861073,0
54270,0,0,0.314998,1
54271,0,1,0.87191176,0
54272,0,1,0.99977034,0
54273,0,0,0.10402136,1
54274,1,1,1.0,1
54275,1,1,0.9974241,1
54276,1,1,0.9166335,1
54277,1,1,0.99860877,1
54278,1,0,0.019345101,0
54279,0,1,0.4751791,0
54280,1,1,0.36948568,1
54281,0,0,0.09721884,1
54282,1,0,0.30399004,0
54283,1,0,0.21510331,0
54284,0,0,0.092196204,1
54285,1,1,0.99971205,1
54286,0,0,0.04344689,1
54287,0,0,0.1260303,1
54288,1,1,0.54994273,1
54289,1,1,0.9999999,1
54290,0,0,0.07585818,1
54291,0,1,0.38598204,0
54292,1,0,0.15222117,0
54293,1,1,0.9987551,1
54294,1,1,0.9999728,1
54295,0,1,0.9992679,0
54296,0,1,0.7600278,0
54297,0,0,0.13443466,1
54298,0,0,0.13963085,1
54299,1,1,0.9994715,1
54300,1,1,0.99988985,1
54301,1,1,0.99999,1
54302,1,1,0.9999484,1
54303,0,0,0.10613344,1
54304,1,1,0.99958354,1
54305,0,1,1.0,0
54306,1,1,0.9869292,1
54307,0,1,0.9822196,0
54308,1,0,0.08262328,0
54309,1,1,1.0,1
54310,1,1,1.0,1
54311,0,1,0.51061857,0
54312,0,0,0.1336412,1
54313,1,1,0.99807703,1
54314,1,1,0.99889696,1
54315,1,1,0.9970305,1
54316,1,1,0.9948704,1
54317,1,1,0.5448014,1
54318,0,0,0.024145423,1
54319,0,1,0.49072373,0
54320,0,0,0.29568732,1
54321,0,0,0.13483287,1
54322,0,1,0.9859364,0
54323,1,1,0.99783844,1
54324,0,0,0.070176296,1
54325,1,1,1.0,1
54326,1,1,0.9998859,1
54327,1,1,0.9999927,1
54328,1,1,1.0,1
54329,1,0,0.04881241,0
54330,1,0,0.28298813,0
54331,0,0,0.21452682,1
54332,0,0,0.30424836,1
54333,1,1,0.46159315,1
54334,0,0,0.33285233,1
54335,1,1,0.99994457,1
54336,0,0,0.010611421,1
54337,0,0,0.01757688,1
54338,1,1,0.99010193,1
54339,0,1,0.999129,0
54340,0,0,0.015014747,1
54341,1,1,0.9999969,1
54342,1,1,0.999995,1
54343,0,0,0.17307846,1
54344,1,1,0.36948568,1
54345,1,1,0.97786224,1
54346,0,1,1.0,0
54347,0,0,0.25395352,1
54348,0,0,0.21084754,1
54349,1,1,0.87439936,1
54350,1,1,0.44010824,1
54351,0,0,0.064771704,1
54352,1,1,1.0,1
54353,1,1,1.0,1
54354,0,0,0.2771794,1
54355,0,1,1.0,0
54356,1,1,0.8863221,1
54357,1,1,0.35292625,1
54358,0,0,0.3388971,1
54359,0,1,0.9838472,0
54360,1,0,0.10402136,0
54361,1,1,0.8924688,1
54362,0,1,0.48800892,0
54363,1,0,0.21576357,0
54364,1,0,0.0532062,0
54365,0,1,0.99996793,0
54366,0,1,0.98445636,0
54367,1,1,0.8155265,1
54368,0,1,0.9974738,0
54369,1,1,0.99960107,1
54370,1,1,0.9997367,1
54371,1,1,1.0,1
54372,1,1,0.99683964,1
54373,1,1,0.82573026,1
54374,0,0,0.06681232,1
54375,0,0,0.17078443,1
54376,0,1,0.99999046,0
54377,1,1,0.99988365,1
54378,1,1,0.8230441,1
54379,1,1,0.9999988,1
54380,1,1,0.9999999,1
54381,0,0,0.01627746,1
54382,1,1,1.0,1
54383,0,0,0.31832618,1
54384,0,1,0.38879207,0
54385,1,1,0.9995883,1
54386,1,1,0.9337335,1
54387,0,0,0.060919292,1
54388,1,1,0.990892,1
54389,0,0,0.04410091,1
54390,1,0,0.009615036,0
54391,0,0,0.18989639,1
54392,0,1,0.7719295,0
54393,0,1,0.83775276,0
54394,0,1,0.5450436,0
54395,0,1,0.9742639,0
54396,1,1,0.9999577,1
54397,0,0,0.029507361,1
54398,1,1,0.9465967,1
54399,1,1,0.6524075,1
54400,1,1,0.99619776,1
54401,0,1,0.5213493,0
54402,1,0,0.009232214,0
54403,0,0,0.20987426,1
54404,0,0,0.13335878,1
54405,1,1,0.9999993,1
54406,0,1,0.98498523,0
54407,1,1,0.99953544,1
54408,1,1,0.93318766,1
54409,0,0,0.039268754,1
54410,0,1,0.7719295,0
54411,0,1,0.4591974,0
54412,1,1,0.4722271,1
54413,1,1,0.99999964,1
54414,0,1,0.6841058,0
54415,0,0,0.21900325,1
54416,0,1,0.8079157,0
54417,1,1,0.9983707,1
54418,1,1,0.99697804,1
54419,0,1,0.99572706,0
54420,0,0,0.01836964,1
54421,1,1,0.999902,1
54422,1,1,0.9822196,1
54423,1,1,1.0,1
54424,0,0,0.07551658,1
54425,0,0,0.13718534,1
54426,0,0,0.33160657,1
54427,0,0,0.10875559,1
54428,0,0,0.06296183,1
54429,0,1,1.0,0
54430,1,1,0.99999857,1
54431,0,0,0.11506276,1
54432,0,0,0.3323104,1
54433,0,0,0.024586499,1
54434,1,1,0.92590266,1
54435,0,1,0.9581087,0
54436,1,1,0.91985875,1
54437,0,1,0.86396646,0
54438,1,1,0.9904959,1
54439,0,1,0.9534054,0
54440,1,1,0.8067004,1
54441,0,1,0.3566707,0
54442,0,1,0.47460073,0
54443,0,0,0.105210535,1
54444,1,1,0.4929814,1
54445,0,1,0.75904685,0
54446,0,0,0.13998318,1
54447,1,1,0.8398654,1
54448,0,0,0.1302301,1
54449,1,1,1.0,1
54450,1,1,0.9939261,1
54451,0,0,0.04169577,1
54452,1,1,0.999071,1
54453,0,1,0.9834863,0
54454,0,1,0.49304244,0
54455,0,0,0.28452632,1
54456,1,1,0.99997723,1
54457,0,0,0.022053316,1
54458,0,1,0.99948967,0
54459,1,1,0.88100195,1
54460,0,0,0.00705271,1
54461,1,0,0.060086653,0
54462,1,1,0.97726256,1
54463,1,1,1.0,1
54464,0,0,0.30808613,1
54465,1,1,0.99999845,1
54466,1,1,0.99999976,1
54467,1,1,0.7168137,1
54468,1,1,0.9999958,1
54469,1,1,1.0,1
54470,1,1,0.37668043,1
54471,1,1,0.52378577,1
54472,1,0,0.3414727,0
54473,1,0,0.19079942,0
54474,1,1,0.84645087,1
54475,1,0,0.1289633,0
54476,0,1,0.87191176,0
54477,0,0,0.14511536,1
54478,0,1,0.9951137,0
54479,0,1,0.99938333,0
54480,0,0,0.08874129,1
54481,0,0,0.031055551,1
54482,1,0,0.061762713,0
54483,1,1,0.9996451,1
54484,0,1,0.9967013,0
54485,1,1,0.9998996,1
54486,0,0,0.15610489,1
54487,1,1,0.99999857,1
54488,1,1,0.9895716,1
54489,0,0,0.007562568,1
54490,1,1,0.9993625,1
54491,0,0,0.049497057,1
54492,1,1,0.9999999,1
54493,1,0,0.29380956,0
54494,0,0,0.04698664,1
54495,0,0,0.16913125,1
54496,0,1,0.88582915,0
54497,0,0,0.011777842,1
54498,1,1,0.5682961,1
54499,1,1,0.9999994,1
54500,0,0,0.11971655,1
54501,0,0,0.11910043,1
54502,1,1,1.0,1
54503,1,1,1.0,1
54504,1,1,0.99991417,1
54505,1,1,0.99808073,1
54506,1,1,1.0,1
54507,1,1,1.0,1
54508,0,0,0.29634872,1
54509,0,1,0.7801604,0
54510,0,0,0.07107367,1
54511,1,0,0.14792407,0
54512,0,0,0.021781173,1
54513,1,1,0.9293122,1
54514,1,1,0.99983525,1
54515,0,1,0.70094603,0
54516,1,1,0.8352149,1
54517,1,0,0.053849373,0
54518,0,1,0.90087914,0
54519,1,1,0.9999999,1
54520,0,1,0.98722816,0
54521,0,0,0.021739593,1
54522,1,1,0.97038054,1
54523,0,0,0.34981033,1
54524,1,0,0.0489941,0
54525,1,1,0.99999976,1
54526,1,0,0.16525607,0
54527,1,1,0.5605534,1
54528,0,0,0.28081354,1
54529,1,1,0.99989843,1
54530,1,0,0.17085357,0
54531,1,1,0.9999995,1
54532,1,1,1.0,1
54533,1,0,0.11561079,0
54534,1,1,0.9999764,1
54535,0,0,0.04716187,1
54536,1,1,0.5552544,1
54537,0,1,0.4960328,0
54538,0,1,0.84504944,0
54539,1,0,0.17532618,0
54540,1,1,0.9999999,1
54541,0,0,0.07349652,1
54542,1,0,0.0063883206,0
54543,1,1,0.99999845,1
54544,1,1,1.0,1
54545,0,0,0.09451042,1
54546,1,1,0.99998486,1
54547,1,0,0.008140463,0
54548,1,1,0.9999957,1
54549,0,0,0.040351234,1
54550,1,0,0.09409338,0
54551,0,1,0.98782945,0
54552,0,0,0.11848707,1
54553,0,0,0.24535614,1
54554,1,1,0.4813319,1
54555,1,1,0.9982522,1
54556,0,1,0.6497453,0
54557,0,1,0.38329497,0
54558,0,0,0.02384809,1
54559,0,1,0.4698547,0
54560,1,1,1.0,1
54561,1,0,0.015218292,0
54562,0,0,0.0010484693,1
54563,1,1,0.95869267,1
54564,1,1,0.82018155,1
54565,1,1,0.9999962,1
54566,0,0,0.017275905,1
54567,0,0,0.052960765,1
54568,1,1,1.0,1
54569,0,0,0.090735495,1
54570,1,0,0.08166611,0
54571,1,1,1.0,1
54572,1,1,1.0,1
54573,1,1,1.0,1
54574,1,1,0.9999925,1
54575,0,0,0.17953056,1
54576,1,0,0.047602654,0
54577,1,1,0.9935993,1
54578,0,1,0.52786416,0
54579,1,1,0.68421125,1
54580,0,0,0.089216255,1
54581,0,0,0.06766981,1
54582,1,1,0.46690637,1
54583,0,1,0.99845123,0
54584,1,1,0.99967563,1
54585,0,1,0.41273725,0
54586,1,0,0.28532216,0
54587,1,1,0.9999753,1
54588,0,1,0.52080095,0
54589,0,0,0.23722233,1
54590,0,0,0.0026061656,1
54591,1,0,0.2193375,0
54592,1,1,1.0,1
54593,1,1,0.9999896,1
54594,1,0,0.07504072,0
54595,1,0,0.17272931,0
54596,1,1,0.99961406,1
54597,1,1,1.0,1
54598,1,1,0.39099893,1
54599,0,0,0.24935585,1
54600,1,1,0.99991655,1
54601,0,0,0.26359937,1
54602,0,1,1.0,0
54603,0,0,0.29690903,1
54604,1,1,0.7606951,1
54605,0,1,0.491761,0
54606,1,1,0.9999894,1
54607,0,0,0.017661398,1
54608,1,1,1.0,1
54609,1,1,0.99968624,1
54610,0,1,0.36596638,0
54611,0,1,0.91367656,0
54612,0,1,0.7639243,0
54613,0,0,0.092359796,1
54614,1,1,1.0,1
54615,0,1,0.6520753,0
54616,1,1,0.35745534,1
54617,1,1,0.99999964,1
54618,0,0,0.032283258,1
54619,1,1,0.9999944,1
54620,1,0,0.32493117,0
54621,1,1,0.9234544,1
54622,1,1,0.99894124,1
54623,0,0,0.09501305,1
54624,0,1,0.6562728,0
54625,1,1,1.0,1
54626,0,0,0.06973154,1
54627,1,1,0.6873677,1
54628,0,0,0.11747085,1
54629,0,1,0.99771273,0
54630,1,0,0.07647662,0
54631,1,1,0.99998486,1
54632,1,1,0.9999999,1
54633,1,1,1.0,1
54634,0,0,0.07198163,1
54635,0,0,0.041656762,1
54636,0,0,0.10576342,1
54637,0,0,0.028625505,1
54638,0,1,0.99182796,0
54639,0,1,0.7356891,0
54640,1,1,0.99802387,1
54641,0,1,0.42679933,0
54642,0,1,0.45413926,0
54643,1,0,0.044764314,0
54644,1,1,0.9982658,1
54645,1,0,0.19860761,0
54646,0,0,0.042048372,1
54647,0,0,0.31484,1
54648,1,1,0.9998722,1
54649,0,0,0.03327394,1
54650,0,1,0.9796871,0
54651,1,0,0.29599246,0
54652,0,1,0.687997,0
54653,1,1,1.0,1
54654,0,1,0.94509614,0
54655,1,0,0.010348136,0
54656,1,1,0.9969246,1
54657,1,1,0.4984741,1
54658,0,1,0.9979652,0
54659,0,0,0.05242457,1
54660,1,1,0.99812514,1
54661,1,0,0.1742697,0
54662,1,1,0.4409507,1
54663,0,1,0.9986646,0
54664,1,1,0.7132818,1
54665,0,1,0.5989575,0
54666,1,1,0.5660785,1
54667,1,1,0.99998033,1
54668,1,0,0.012722708,0
54669,1,1,0.37625065,1
54670,1,1,0.99992156,1
54671,1,1,0.95791227,1
54672,0,0,0.15071502,1
54673,1,1,0.9999989,1
54674,1,0,0.115960725,0
54675,1,1,0.99999905,1
54676,1,1,0.97673583,1
54677,0,1,0.98187524,0
54678,0,1,0.83999664,0
54679,1,1,0.8446654,1
54680,0,0,0.11556087,1
54681,1,1,0.9151287,1
54682,1,1,0.9999995,1
54683,1,1,0.83237296,1
54684,0,1,0.99999964,0
54685,1,1,0.54613304,1
54686,1,1,0.95880854,1
54687,0,1,0.8990328,0
54688,0,0,0.038178273,1
54689,1,1,0.9993411,1
54690,1,1,0.8958876,1
54691,0,1,0.98667485,0
54692,0,0,0.05098815,1
54693,1,1,0.8451773,1
54694,1,1,1.0,1
54695,1,0,0.2818996,0
54696,1,1,0.8112278,1
54697,0,1,0.36999774,0
54698,1,1,0.99936,1
54699,0,0,0.07779745,1
54700,0,0,0.21068507,1
54701,0,0,0.029256709,1
54702,0,1,0.8059378,0
54703,0,1,0.65902126,0
54704,0,0,0.049313605,1
54705,1,1,1.0,1
54706,1,1,0.99999905,1
54707,0,1,0.9986142,0
54708,1,1,0.9994967,1
54709,1,1,0.9899671,1
54710,1,1,0.5946689,1
54711,0,0,0.12624557,1
54712,1,0,0.060975183,0
54713,1,1,1.0,1
54714,0,1,0.9735694,0
54715,1,1,0.9920773,1
54716,1,1,0.99701905,1
54717,0,0,0.108283214,1
54718,1,1,0.35987014,1
54719,1,1,1.0,1
54720,1,1,1.0,1
54721,1,1,0.9997631,1
54722,1,0,0.1164622,0
54723,0,0,0.08042967,1
54724,1,1,1.0,1
54725,1,1,1.0,1
54726,0,1,0.53552353,0
54727,1,1,0.9776072,1
54728,0,1,0.35264754,0
54729,1,1,0.9999831,1
54730,1,1,1.0,1
54731,0,1,0.7517393,0
54732,0,0,0.03027187,1
54733,0,0,0.04747001,1
54734,0,1,0.48053965,0
54735,1,0,0.11792721,0
54736,1,0,0.06998537,0
54737,1,1,0.9999995,1
54738,1,1,0.99963665,1
54739,0,1,0.9995819,0
54740,1,0,0.25636628,0
54741,1,1,0.9999918,1
54742,0,1,0.41078582,0
54743,1,1,0.35571894,1
54744,0,1,0.70755625,0
54745,0,0,0.09611029,1
54746,1,1,1.0,1
54747,1,1,0.99996865,1
54748,0,1,1.0,0
54749,1,1,1.0,1
54750,1,0,0.15507846,0
54751,1,1,0.9862046,1
54752,0,1,0.99918,0
54753,1,0,0.11696559,0
54754,1,1,0.99758446,1
54755,0,1,0.9998332,0
54756,0,0,0.11526177,1
54757,0,1,0.99736834,0
54758,0,1,0.88778967,0
54759,0,1,0.9933975,0
54760,0,1,0.99998903,0
54761,1,1,0.9999999,1
54762,1,1,0.9999987,1
54763,0,0,0.05770532,1
54764,1,1,0.9998184,1
54765,1,1,0.9997565,1
54766,0,1,0.54734313,0
54767,0,1,1.0,0
54768,1,1,0.85034436,1
54769,1,1,0.9942251,1
54770,0,1,0.90829307,0
54771,1,1,0.947186,1
54772,1,1,0.99999833,1
54773,0,0,0.16783156,1
54774,1,1,1.0,1
54775,0,1,0.6403548,0
54776,1,1,0.99608517,1
54777,1,0,0.008108984,0
54778,1,1,1.0,1
54779,0,0,0.037573304,1
54780,1,1,1.0,1
54781,0,1,0.94971603,0
54782,0,0,0.0018031666,1
54783,0,0,0.17759682,1
54784,0,0,0.1834473,1
54785,0,0,0.29711294,1
54786,0,1,0.6361271,0
54787,0,1,0.65946,0
54788,0,1,0.97624266,0
54789,0,1,0.99997914,0
54790,1,1,0.99973255,1
54791,0,1,0.99955136,0
54792,1,1,1.0,1
54793,1,0,0.24517536,0
54794,0,1,0.9678385,0
54795,0,1,0.9922294,0
54796,1,1,1.0,1
54797,1,1,0.9995426,1
54798,0,0,0.033117235,1
54799,1,1,0.7500039,1
54800,1,1,1.0,1
54801,1,1,0.9849563,1
54802,0,0,0.17596246,1
54803,1,0,0.06985836,0
54804,1,1,0.99688244,1
54805,1,1,0.9978884,1
54806,0,1,0.65506023,0
54807,1,0,0.08961382,0
54808,1,0,0.16613355,0
54809,0,0,0.052279223,1
54810,1,1,0.9418684,1
54811,1,0,0.30766994,0
54812,1,0,0.02693789,0
54813,0,1,0.9811126,0
54814,0,0,0.092359796,1
54815,0,1,0.89414424,0
54816,1,1,0.9999989,1
54817,0,0,0.058722552,1
54818,1,1,0.99918,1
54819,1,0,0.047558397,0
54820,0,0,0.090253234,1
54821,0,0,0.03803509,1
54822,0,1,0.36116472,0
54823,1,1,1.0,1
54824,1,1,0.9665054,1
54825,1,1,0.9280184,1
54826,0,1,0.97316426,0
54827,1,1,0.99428093,1
54828,0,0,0.19322349,1
54829,0,1,0.99937975,0
54830,1,1,0.9976993,1
54831,1,1,0.99219924,1
54832,0,1,0.9305214,0
54833,0,0,0.26956588,1
54834,0,0,0.03821415,1
54835,0,1,0.9911355,0
54836,1,1,0.89724606,1
54837,0,1,0.519826,0
54838,0,0,0.20801799,1
54839,0,1,0.5780314,0
54840,1,1,0.98287266,1
54841,0,1,0.9948902,0
54842,0,0,0.08130065,1
54843,0,1,0.9985869,0
54844,1,1,0.9999194,1
54845,1,1,0.98376936,1
54846,0,1,0.9834705,0
54847,1,1,0.9486325,1
54848,1,0,0.007460643,0
54849,0,0,0.16444936,1
54850,1,1,0.99861693,1
54851,1,1,0.9999869,1
54852,1,1,0.99984586,1
54853,0,1,0.9872773,0
54854,0,0,0.23022676,1
54855,0,0,0.07185127,1
54856,1,1,0.9999908,1
54857,1,1,1.0,1
54858,1,1,0.99999976,1
54859,0,1,0.99924314,0
54860,1,1,0.9988463,1
54861,1,0,0.21321328,0
54862,1,1,0.55235857,1
54863,0,0,0.12792476,1
54864,0,1,0.9884919,0
54865,1,0,0.03680407,0
54866,1,1,1.0,1
54867,0,1,0.99448806,0
54868,1,1,0.9999962,1
54869,0,0,0.058938842,1
54870,1,1,0.9998741,1
54871,0,1,0.42551568,0
54872,1,1,0.9409528,1
54873,1,1,0.99999917,1
54874,1,1,0.9503189,1
54875,0,1,0.3900982,0
54876,1,1,0.4316141,1
54877,0,0,0.1625129,1
54878,1,1,0.9999155,1
54879,0,0,0.17716932,1
54880,0,1,0.9820655,0
54881,1,1,0.4451677,1
54882,0,0,0.044472914,1
54883,1,1,0.99996996,1
54884,0,0,0.23528405,1
54885,1,1,0.73014563,1
54886,1,0,0.10631887,0
54887,1,1,0.57731664,1
54888,0,0,0.052814018,1
54889,1,0,0.07303238,0
54890,1,1,0.84117436,1
54891,0,1,0.9999858,0
54892,1,1,0.8548847,1
54893,0,0,0.03971326,1
54894,1,1,1.0,1
54895,0,1,0.89096016,0
54896,1,1,0.9999999,1
54897,0,1,0.48700243,0
54898,0,0,0.039825134,1
54899,0,1,0.7378199,0
54900,1,1,0.9207897,1
54901,0,0,0.1454185,1
54902,1,1,0.99968493,1
54903,0,0,0.20721471,1
54904,0,1,0.9722835,0
54905,0,0,0.14063105,1
54906,1,1,0.99999917,1
54907,1,1,0.99999297,1
54908,0,0,0.3443332,1
54909,1,0,0.11807967,0
54910,1,1,0.9998785,1
54911,0,1,0.9951325,0
54912,1,1,0.941493,1
54913,1,1,0.61097586,1
54914,0,1,0.99996066,0
54915,0,1,0.7601169,0
54916,1,0,0.052765187,0
54917,0,0,0.062103122,1
54918,1,1,0.99985623,1
54919,0,1,0.993255,0
54920,0,0,0.22927627,1
54921,0,0,0.09825224,1
54922,1,1,0.98922324,1
54923,1,0,0.035745807,0
54924,0,1,0.99925774,0
54925,0,0,0.03213106,1
54926,0,1,0.9724409,0
54927,0,1,0.9999993,0
54928,1,1,0.92956835,1
54929,1,1,0.9993268,1
54930,1,1,0.9881765,1
54931,0,1,0.9492946,0
54932,0,1,0.98166555,0
54933,1,1,1.0,1
54934,0,0,0.026180506,1
54935,0,0,0.009652304,1
54936,0,0,0.03378023,1
54937,1,1,0.9954261,1
54938,1,0,0.06394842,0
54939,0,1,0.88856554,0
54940,1,1,0.89469755,1
54941,1,1,0.9991672,1
54942,1,1,0.999998,1
54943,1,1,0.9410612,1
54944,0,0,0.07864238,1
54945,1,0,0.09041373,0
54946,0,1,0.9985923,0
54947,1,1,1.0,1
54948,1,0,0.00015659066,0
54949,1,1,0.98067343,1
54950,1,1,0.9999932,1
54951,0,0,0.009196552,1
54952,1,1,0.8489722,1
54953,0,1,0.67806053,0
54954,0,0,0.013121271,1
54955,1,0,0.017409043,0
54956,0,1,0.7806625,0
54957,1,1,1.0,1
54958,0,1,0.52737737,0
54959,0,0,0.015306354,1
54960,0,0,0.025083143,1
54961,0,0,0.09990845,1
54962,1,1,0.9684709,1
54963,0,1,0.4523242,0
54964,0,1,0.9257686,0
54965,1,0,0.05770532,0
54966,1,1,0.9999968,1
54967,1,1,0.9981104,1
54968,1,1,0.99976677,1
54969,0,0,0.02945148,1
54970,1,0,0.045225907,0
54971,1,1,0.35476828,1
54972,1,1,0.7921428,1
54973,1,1,0.7639243,1
54974,1,0,0.23651622,0
54975,1,0,0.038865484,0
54976,1,1,0.99997294,1
54977,1,1,0.99999905,1
54978,0,0,0.1866133,1
54979,1,1,0.41839984,1
54980,1,1,0.99909425,1
54981,1,1,0.99999845,1
54982,1,1,0.99889046,1
54983,1,1,0.50317377,1
54984,0,1,0.9237301,0
54985,1,1,0.99998283,1
54986,1,1,0.9997739,1
54987,0,1,0.9975656,0
54988,0,1,0.7146778,0
54989,0,0,0.03390796,1
54990,1,1,0.6858969,1
54991,0,1,0.63697433,0
54992,0,1,0.9982248,0
54993,0,1,0.5386192,0
54994,1,1,1.0,1
54995,1,1,0.46991557,1
54996,0,1,0.9945095,0
54997,1,0,0.010448626,0
54998,1,0,0.075995214,0
54999,1,0,0.110855594,0
55000,1,1,0.99999154,1
55001,1,1,1.0,1
55002,0,1,0.99981695,0
55003,0,1,0.8327813,0
55004,0,0,0.019326586,1
55005,1,1,1.0,1
55006,1,1,0.99997044,1
55007,0,1,0.7441454,0
55008,0,1,0.38341042,0
55009,0,0,0.11027936,1
55010,0,0,0.2692295,1
55011,1,1,0.99944395,1
55012,1,1,0.99933076,1
55013,0,0,0.17078443,1
55014,1,1,0.5660785,1
55015,0,1,1.0,0
55016,0,1,0.995488,0
55017,1,1,0.551151,1
55018,1,1,0.78850174,1
55019,1,1,1.0,1
55020,0,0,0.051415116,1
55021,0,0,0.09186979,1
55022,1,1,0.99999654,1
55023,0,1,0.9980122,0
55024,1,1,0.9280836,1
55025,0,0,0.099120855,1
55026,1,1,0.9999913,1
55027,1,1,0.99999976,1
55028,1,1,0.99999976,1
55029,1,1,0.99964714,1
55030,1,0,0.3317148,0
55031,1,0,0.11807967,0
55032,1,1,0.9942697,1
55033,0,1,0.98178816,0
55034,1,1,0.74991226,1
55035,1,1,1.0,1
55036,1,1,0.99999535,1
55037,1,0,0.2985936,0
55038,0,1,0.91928095,0
55039,1,1,0.99998367,1
55040,0,0,0.15367614,1
55041,0,0,0.012845958,1
55042,1,1,0.97550696,1
55043,1,1,0.9989371,1
55044,1,1,0.46350497,1
55045,0,1,0.9974291,0
55046,1,0,0.28091216,0
55047,1,1,1.0,1
55048,0,1,0.99999726,0
55049,0,0,0.18937114,1
55050,1,1,0.91181,1
55051,0,1,0.9970822,0
55052,1,1,1.0,1
55053,0,1,0.8191712,0
55054,0,0,0.023286304,1
55055,0,0,0.3011565,1
55056,1,1,0.8558512,1
55057,0,0,0.06489012,1
55058,0,1,0.89414424,0
55059,1,1,0.99975747,1
55060,1,1,0.99029154,1
55061,0,0,0.055823144,1
55062,1,1,0.988425,1
55063,1,1,0.9999999,1
55064,0,0,0.0126982,1
55065,1,0,0.09739039,0
55066,1,1,0.98551035,1
55067,1,1,1.0,1
55068,1,1,0.9254997,1
55069,0,0,0.0048768865,1
55070,1,1,0.69796926,1
55071,1,0,0.050564528,0
55072,0,0,0.1727991,1
55073,1,1,1.0,1
55074,0,0,0.06424133,1
55075,0,1,1.0,0
55076,1,0,0.12231338,0
55077,0,1,0.99988675,0
55078,1,1,0.9999956,1
55079,1,0,0.09409338,0
55080,0,0,0.029063188,1
55081,1,1,0.99999976,1
55082,1,1,0.99991584,1
55083,0,1,0.39492998,0
55084,1,1,0.9991721,1
55085,0,0,0.32589588,1
55086,0,0,0.14990434,1
55087,1,1,0.99675864,1
55088,1,1,0.433202,1
55089,0,1,1.0,0
55090,1,1,0.5934915,1
55091,1,1,0.99999976,1
55092,0,1,0.4546235,0
55093,1,0,0.2607187,0
55094,0,0,0.0595922,1
55095,1,1,0.6719551,1
55096,1,1,0.99962735,1
55097,1,1,0.96609205,1
55098,0,0,0.041812986,1
55099,0,0,0.26759952,1
55100,0,1,0.5378911,0
55101,1,1,0.96858984,1
55102,0,1,0.99634284,0
55103,0,0,0.020004287,1
55104,0,0,0.2569718,1
55105,1,1,0.7442848,1
55106,0,0,0.20181322,1
55107,0,0,0.20063598,1
55108,0,0,0.24725968,1
55109,1,1,1.0,1
55110,1,1,0.99999964,1
55111,1,1,1.0,1
55112,0,1,0.97386926,0
55113,0,0,0.0894546,1
55114,0,1,0.7255514,0
55115,0,1,0.8804891,0
55116,0,0,0.06365676,1
55117,0,0,0.22644132,1
55118,0,0,0.27708158,1
55119,0,1,0.9939261,0
55120,1,1,0.99997413,1
55121,1,1,0.99999666,1
55122,0,1,0.96381396,0
55123,1,1,0.93726826,1
55124,1,1,0.8844391,1
55125,1,1,0.9999939,1
55126,1,1,0.9999989,1
55127,0,0,0.13061775,1
55128,1,1,0.9996178,1
55129,0,1,0.76038384,0
55130,0,1,0.9995635,0
55131,1,1,0.8890481,1
55132,0,0,0.029788304,1
55133,0,1,0.9974491,0
55134,0,1,0.9999968,0
55135,1,0,0.31331474,0
55136,1,1,0.9551521,1
55137,1,0,0.09534946,0
55138,0,1,0.37602147,0
55139,0,0,0.28932148,1
55140,1,1,0.9999691,1
55141,0,1,0.9872528,0
55142,1,1,0.8384153,1
55143,0,0,0.01578456,1
55144,1,1,0.98105836,1
55145,1,1,0.9130584,1
55146,1,0,0.121320926,0
55147,1,1,0.8191712,1
55148,1,1,0.9997818,1
55149,1,1,0.9999387,1
55150,1,1,1.0,1
55151,0,0,0.25566876,1
55152,1,1,0.99843913,1
55153,1,1,1.0,1
55154,1,1,1.0,1
55155,1,1,1.0,1
55156,0,1,0.9969426,0
55157,0,0,0.24780536,1
55158,1,1,0.6219428,1
55159,1,0,0.1201288,0
55160,1,1,0.99947566,1
55161,0,0,0.12781584,1
55162,1,1,0.9999927,1
55163,1,1,1.0,1
55164,1,1,0.48163667,1
55165,0,0,0.19216007,1
55166,1,1,0.9999924,1
55167,1,1,0.9999969,1
55168,0,0,0.049313605,1
55169,1,1,0.49804688,1
55170,1,0,0.014785409,0
55171,1,0,0.2780607,0
55172,0,0,0.07349652,1
55173,0,0,0.013146587,1
55174,1,1,0.78116375,1
55175,1,0,0.01678549,0
55176,1,1,0.99999607,1
55177,0,1,0.9989936,0
55178,1,0,0.15203224,0
55179,0,0,0.13156325,1
55180,0,1,0.99442345,0
55181,1,1,0.99949765,1
55182,0,0,0.16613355,1
55183,0,1,0.81449586,0
55184,1,1,0.9999521,1
55185,0,0,0.027298586,1
55186,1,1,0.9999875,1
55187,0,1,0.997917,0
55188,1,1,0.99999964,1
55189,0,0,0.1153614,1
55190,1,0,0.24526574,0
55191,0,0,0.041191436,1
55192,1,0,0.06669065,0
55193,0,0,0.20142023,1
55194,1,1,0.99999976,1
55195,1,0,0.100967236,0
55196,1,1,0.99497885,1
55197,1,1,0.99957854,1
55198,1,1,0.9999981,1
55199,0,0,0.026733862,1
55200,0,0,0.0038393948,1
55201,0,1,0.50061035,0
55202,0,1,0.42724735,0
55203,1,1,0.5727228,1
55204,1,1,0.73597383,1
55205,0,0,0.25109637,1
55206,1,1,0.9999833,1
55207,0,1,0.3835836,0
55208,1,1,0.9998822,1
55209,1,1,1.0,1
55210,1,0,0.17476209,0
55211,1,1,0.99946314,1
55212,1,1,1.0,1
55213,0,0,0.10402136,1
55214,1,1,0.99997187,1
55215,1,1,0.58959824,1
55216,0,0,0.10941996,1
55217,1,1,0.99984646,1
55218,0,0,0.31816727,1
55219,0,1,0.9060729,0
55220,0,0,0.15947905,1
55221,0,0,0.2968071,1
55222,0,0,0.041230027,1
55223,1,1,0.998147,1
55224,0,0,0.16505408,1
55225,1,1,0.97180575,1
55226,0,1,0.41546196,0
55227,1,1,0.9961755,1
55228,0,0,0.32761452,1
55229,1,1,0.9843664,1
55230,1,1,0.8795612,1
55231,1,1,0.9967206,1
55232,0,0,0.2382842,1
55233,1,1,0.9998198,1
55234,1,1,1.0,1
55235,0,0,0.05686155,1
55236,1,1,0.99999356,1
55237,1,1,0.9909272,1
55238,0,0,0.14633106,1
55239,1,1,0.9981178,1
55240,1,1,0.9999918,1
55241,0,1,0.7884203,0
55242,0,0,0.15960999,1
55243,1,1,0.43788356,1
55244,0,1,0.9955662,0
55245,1,1,0.9999995,1
55246,1,1,0.9722835,1
55247,1,1,0.9159594,1
55248,0,0,0.12533277,1
55249,1,1,0.9939143,1
55250,0,0,0.13540348,1
55251,0,1,0.8903896,0
55252,0,1,0.68167377,0
55253,1,1,0.986662,1
55254,1,1,0.9965301,1
55255,1,1,1.0,1
55256,0,1,0.99613816,0
55257,1,1,0.9999305,1
55258,0,1,0.9999087,0
55259,1,0,0.21917033,0
55260,0,1,0.95995015,0
55261,0,1,0.8763172,0
55262,0,1,0.9744591,0
55263,0,0,0.111967385,1
55264,1,1,0.98953116,1
55265,0,1,0.44284734,0
55266,0,1,0.9976357,0
55267,0,0,0.124159895,1
55268,1,1,1.0,1
55269,1,1,0.99749833,1
55270,1,1,0.99988675,1
55271,1,0,0.22067817,0
55272,0,0,0.013376604,1
55273,0,1,0.93403506,0
55274,0,1,0.9181873,0
55275,1,0,0.08487122,0
55276,1,1,0.8177201,1
55277,1,1,1.0,1
55278,1,1,0.9999999,1
55279,0,0,0.17441027,1
55280,0,1,0.9970536,0
55281,0,0,0.05525965,1
55282,1,0,0.19079942,0
55283,0,0,0.21717146,1
55284,0,1,0.9576358,0
55285,0,1,0.9993436,0
55286,0,1,0.99993813,0
55287,0,0,0.27879643,1
55288,1,1,0.926237,1
55289,0,1,0.9352283,0
55290,0,1,0.52594715,0
55291,0,0,0.2654042,1
55292,0,1,0.39951876,0
55293,1,1,1.0,1
55294,0,1,0.9507321,0
55295,0,0,0.14773951,1
55296,1,1,0.9686789,1
55297,1,1,0.99594563,1
55298,1,1,0.99351174,1
55299,0,0,0.1455399,1
55300,0,0,0.11201595,1
55301,1,1,0.99981767,1
55302,1,1,0.98546845,1
55303,1,1,0.89256257,1
55304,1,0,0.15791446,0
55305,0,1,0.9834387,0
55306,0,0,0.17766814,1
55307,1,0,0.057334732,0
55308,0,1,0.9713746,0
55309,1,0,0.09577148,0
55310,1,0,0.12158143,0
55311,1,1,0.99608517,1
55312,0,0,0.03374837,1
55313,1,1,0.95190793,1
55314,0,1,0.79889375,0
55315,0,0,0.10951515,1
55316,1,1,1.0,1
55317,0,1,0.99981266,0
55318,0,0,0.058614686,1
55319,1,1,0.9991943,1
55320,0,1,1.0,0
55321,1,1,0.99686414,1
55322,0,0,0.2564594,1
55323,0,1,0.8115267,0
55324,1,0,0.1919328,0
55325,0,1,0.99901116,0
55326,1,1,1.0,1
55327,1,1,0.37496233,1
55328,1,1,0.98522884,1
55329,0,1,0.998345,0
55330,1,1,1.0,1
55331,1,1,0.9973322,1
55332,0,1,0.3530935,0
55333,0,0,0.22295383,1
55334,0,0,0.077447854,1
55335,1,1,1.0,1
55336,0,0,0.03138043,1
55337,1,1,1.0,1
55338,0,0,0.0035312066,1
55339,1,1,0.7409249,1
55340,0,0,0.04954302,1
55341,1,1,0.9999976,1
55342,1,0,0.17582092,0
55343,1,1,0.40391952,1
55344,1,1,0.8892406,1
55345,1,1,0.9999994,1
55346,0,1,0.99060565,0
55347,0,1,0.4621696,0
55348,0,1,0.92206234,0
55349,1,0,0.012673735,0
55350,0,1,0.99999547,0
55351,1,0,0.08601587,0
55352,1,0,0.06506812,0
55353,0,1,0.9995566,0
55354,0,0,0.32869104,1
55355,1,1,0.99999833,1
55356,0,1,1.0,0
55357,1,1,0.5494593,1
55358,1,1,0.99719363,1
55359,1,1,0.82893884,1
55360,0,0,0.114072114,1
55361,1,1,0.8101787,1
55362,0,0,0.103295475,1
55363,1,1,1.0,1
55364,1,1,0.9999994,1
55365,1,1,0.998242,1
55366,1,1,0.9999763,1
55367,0,0,0.12085323,1
55368,1,1,0.9985562,1
55369,1,1,0.99540824,1
55370,1,1,0.99978596,1
55371,1,1,0.99999976,1
55372,1,1,1.0,1
55373,0,0,0.1237887,1
55374,1,1,0.7510096,1
55375,0,1,0.9968149,0
55376,0,1,0.39545515,0
55377,1,1,0.7523766,1
55378,1,0,0.104294725,0
55379,0,0,0.0111580305,1
55380,1,1,0.9999945,1
55381,1,0,0.044806086,0
55382,0,1,0.585279,0
55383,1,0,0.16132024,0
55384,0,0,0.22051026,1
55385,1,1,0.99998987,1
55386,0,1,0.8271311,0
55387,1,1,0.99967873,1
55388,0,0,0.004591684,1
55389,1,0,0.10456872,0
55390,1,1,0.8183016,1
55391,0,1,0.45063132,0
55392,1,0,0.3443332,0
55393,1,0,0.28397995,0
55394,0,1,1.0,0
55395,0,1,0.9998832,0
55396,1,0,0.007331598,0
55397,0,0,0.0035657368,1
55398,1,0,0.03722176,0
55399,0,1,0.92716575,0
55400,1,1,0.9999999,1
55401,1,0,0.17455095,0
55402,1,1,0.99997306,1
55403,1,0,0.0794957,0
55404,1,1,0.9999995,1
55405,1,1,0.7789858,1
55406,0,1,0.5567009,0
55407,1,0,0.23300752,0
55408,1,1,0.99820733,1
55409,0,0,0.007606673,1
55410,0,1,0.99897975,0
55411,0,1,0.99630713,0
55412,0,1,0.5122656,0
55413,1,1,0.9999949,1
55414,0,1,0.5767208,0
55415,1,1,0.4098702,1
55416,0,0,0.06530615,1
55417,0,0,0.056548137,1
55418,1,0,0.11656275,0
55419,1,1,0.9901782,1
55420,0,1,0.43428135,0
55421,0,1,0.9265699,0
55422,1,1,0.9999999,1
55423,0,0,0.14854057,1
55424,1,0,0.086632065,0
55425,0,1,0.92788786,0
55426,1,0,0.06524657,0
55427,0,1,0.36942884,0
55428,0,0,0.042087723,1
55429,1,1,0.37347588,1
55430,1,0,0.3344264,0
55431,0,1,0.98768765,0
55432,1,1,0.99999094,1
55433,1,1,0.9998822,1
55434,0,1,0.9457512,0
55435,1,1,0.9999906,1
55436,0,1,0.9999778,0
55437,0,1,0.906156,0
55438,1,1,0.8943289,1
55439,1,1,0.9998511,1
55440,0,0,0.327507,1
55441,1,1,0.9935369,1
55442,0,1,0.9991721,0
55443,0,0,0.27512974,1
55444,1,0,0.1274896,0
55445,1,0,0.05802475,0
55446,1,1,1.0,1
55447,1,1,0.9999995,1
55448,0,0,0.014145104,1
55449,0,1,0.9913054,0
55450,1,0,0.282493,0
55451,1,0,0.30855474,0
55452,1,1,1.0,1
55453,0,0,0.06019705,1
55454,1,1,0.99883956,1
55455,1,1,0.9756467,1
55456,0,1,0.9958418,0
55457,0,0,0.07892589,1
55458,1,0,0.068599865,0
55459,1,0,0.08740792,0
55460,0,1,0.99957365,0
55461,0,0,0.08866235,1
55462,0,0,0.27615336,1
55463,0,1,0.52305496,0
55464,0,0,0.09195129,1
55465,1,0,0.05937366,0
55466,1,1,0.99440175,1
55467,0,0,0.081154905,1
55468,1,1,0.9670076,1
55469,1,1,0.43305212,1
55470,1,1,0.9631959,1
55471,0,1,0.9992161,0
55472,1,1,0.99594563,1
55473,1,1,0.9998074,1
55474,1,1,0.999997,1
55475,0,0,0.1153614,1
55476,1,0,0.10800066,0
55477,1,1,1.0,1
55478,0,0,0.031291503,1
55479,1,1,0.723749,1
55480,0,0,0.068040416,1
55481,0,0,0.30440342,1
55482,0,0,0.00061422714,1
55483,0,0,0.14578295,1
55484,1,1,0.99937004,1
55485,1,1,0.9727014,1
55486,0,1,0.99783844,0
55487,1,1,0.9999993,1
55488,1,1,0.84556025,1
55489,1,1,0.99999905,1
55490,1,1,0.9900828,1
55491,1,1,0.9999844,1
55492,1,1,0.6796573,1
55493,0,1,0.4253367,0
55494,1,0,0.06330841,0
55495,1,1,0.9622143,1
55496,0,1,0.7589575,0
55497,1,1,1.0,1
55498,0,0,0.017968968,1
55499,1,1,0.996852,1
55500,0,0,0.09518112,1
55501,1,1,0.8665848,1
55502,1,1,0.9890976,1
55503,1,0,0.34792474,0
55504,1,1,0.6127153,1
55505,1,1,0.9980354,1
55506,0,0,0.24472384,1
55507,0,0,0.0836655,1
55508,1,0,0.2126405,0
55509,1,0,0.10194652,0
55510,0,0,0.053107906,1
55511,1,1,0.99927205,1
55512,1,0,0.09782047,0
55513,1,1,1.0,1
55514,1,1,1.0,1
55515,0,1,0.6042822,0
55516,1,1,1.0,1
55517,1,1,0.9998809,1
55518,1,1,0.9983418,1
55519,1,1,0.9989392,1
55520,0,1,0.395747,0
55521,0,1,0.9961606,0
55522,1,1,1.0,1
55523,0,1,0.86613256,0
55524,0,0,0.08803311,1
55525,0,1,0.37441894,0
55526,1,1,0.4568641,1
55527,0,0,0.10438599,1
55528,0,0,0.104660206,1
55529,1,1,0.6999214,1
55530,0,0,0.018264279,1
55531,1,0,0.23563562,0
55532,1,1,1.0,1
55533,1,1,0.9999367,1
55534,1,1,0.98677725,1
55535,0,0,0.032620545,1
55536,1,1,1.0,1
55537,1,0,0.0059225564,0
55538,0,0,0.1229438,1
55539,1,1,0.99999094,1
55540,0,1,0.900267,0
55541,1,1,0.9811126,1
55542,1,1,0.3907664,1
55543,1,1,0.9985421,1
55544,0,0,0.3427365,1
55545,1,1,0.98134655,1
55546,0,1,0.85342485,0
55547,1,1,0.99688846,1
55548,0,0,0.1488496,1
55549,0,0,0.05981148,1
55550,0,1,0.9301416,0
55551,0,1,0.9263704,0
55552,0,1,0.99995697,0
55553,1,1,1.0,1
55554,1,1,0.9841393,1
55555,0,1,0.4291901,0
55556,0,0,0.07068779,1
55557,0,0,0.09782047,1
55558,1,0,0.06608538,0
55559,1,0,0.18579942,0
55560,1,1,0.9999999,1
55561,0,0,0.020061804,1
55562,1,0,0.04668148,0
55563,0,0,0.08593914,1
55564,1,1,0.999998,1
55565,1,1,0.9981969,1
55566,1,1,0.55760443,1
55567,0,0,0.16046326,1
55568,1,0,0.008511303,0
55569,1,1,1.0,1
55570,0,1,0.9999994,0
55571,0,0,0.016183903,1
55572,1,1,0.7390459,1
55573,0,1,0.9779888,0
55574,1,1,1.0,1
55575,1,1,0.9999788,1
55576,1,1,0.72477293,1
55577,1,0,0.054499876,0
55578,1,0,0.075995214,0
55579,0,1,0.8812066,0
55580,0,0,0.049497057,1
55581,0,1,0.9999999,0
55582,1,1,1.0,1
55583,0,0,0.16377953,1
55584,0,0,0.06267437,1
55585,1,1,0.99999905,1
55586,0,0,0.28492406,1
55587,1,0,0.13540348,0
55588,1,1,0.99638534,1
55589,1,0,0.116864756,0
55590,1,1,0.99999285,1
55591,0,1,0.9958175,0
55592,1,1,1.0,1
55593,1,1,1.0,1
55594,1,1,0.9999305,1
55595,1,1,0.9999999,1
55596,0,0,0.006085737,1
55597,1,1,0.8697146,1
55598,1,1,0.99906737,1
55599,0,0,0.083890386,1
55600,1,1,0.9999316,1
55601,1,1,0.86281466,1
55602,1,0,0.2263558,0
55603,0,0,0.093595125,1
55604,1,0,0.18082884,0
55605,0,0,0.006450608,1
55606,1,1,0.9999995,1
55607,0,0,0.027506804,1
55608,0,0,0.010755925,1
55609,1,1,1.0,1
55610,1,1,0.9999844,1
55611,0,1,0.37828684,0
55612,0,0,0.14057204,1
55613,0,1,0.8827315,0
55614,1,1,1.0,1
55615,0,0,0.12560067,1
55616,1,1,0.9999957,1
55617,1,1,1.0,1
55618,0,0,0.020645931,1
55619,1,1,0.98922324,1
55620,1,1,0.99447733,1
55621,0,1,1.0,0
55622,1,1,0.57170683,1
55623,0,0,0.100701615,1
55624,0,1,0.9975656,0
55625,1,0,0.31032848,0
55626,0,0,0.0768222,1
55627,1,1,0.9997305,1
55628,0,0,0.11616108,1
55629,0,0,0.025035424,1
55630,0,0,0.11616108,1
55631,0,1,0.63119656,0
55632,1,1,1.0,1
55633,1,1,1.0,1
55634,1,1,0.6249232,1
55635,0,0,0.10753115,1
55636,0,1,0.5347947,0
55637,0,1,1.0,0
55638,1,1,0.7823301,1
55639,1,0,0.29264584,0
55640,0,1,0.988514,0
55641,1,1,1.0,1
55642,1,0,0.24023944,0
55643,0,0,0.07237402,1
55644,1,0,0.19360435,0
55645,0,0,0.05515777,1
55646,0,0,0.086477645,1
55647,1,1,0.5583872,1
55648,0,0,0.11556087,1
55649,1,1,1.0,1
55650,1,1,1.0,1
55651,0,0,0.347205,1
55652,0,0,0.021267017,1
55653,1,1,0.99998677,1
55654,1,0,0.22841457,0
55655,0,0,0.084040605,1
55656,0,0,0.014199682,1
55657,1,1,0.95846003,1
55658,1,1,1.0,1
55659,0,0,0.15059009,1
55660,1,1,1.0,1
55661,1,1,0.99999607,1
55662,1,1,0.99999964,1
55663,0,0,0.2249055,1
55664,0,0,0.03821415,1
55665,0,1,0.9593071,0
55666,0,1,0.9911355,0
55667,0,1,0.37742597,0
55668,0,1,0.98240626,0
55669,0,0,0.007331598,1
55670,0,0,0.05094091,1
55671,0,0,0.03551094,1
55672,1,1,0.99998355,1
55673,1,1,0.6021786,1
55674,1,1,1.0,1
55675,1,1,0.99719906,1
55676,1,0,0.2639787,0
55677,0,0,0.08262328,1
55678,0,0,0.21011725,1
55679,1,0,0.2959416,0
55680,1,1,0.99789256,1
55681,1,1,0.99999976,1
55682,1,0,0.00029023446,0
55683,0,1,0.7567173,0
55684,0,1,0.9316493,0
55685,0,0,0.11318691,1
55686,0,0,0.011530388,1
55687,0,0,0.083441176,1
55688,0,0,0.21101007,1
55689,1,0,0.18847331,0
55690,1,0,0.13240233,0
55691,0,0,0.05602938,1
55692,1,1,1.0,1
55693,0,0,0.050846573,1
55694,0,0,0.048948623,1
55695,1,1,0.99999917,1
55696,1,0,0.28616926,0
55697,0,0,0.118385084,1
55698,0,0,0.065784656,1
55699,0,1,0.99999225,0
55700,1,1,0.9979292,1
55701,0,1,0.9994797,0
55702,1,1,0.5551941,1
55703,1,0,0.0010024585,0
55704,1,1,0.57731664,1
55705,0,1,0.9796871,0
55706,0,0,0.2887696,1
55707,0,0,0.0006798429,1
55708,1,1,0.9941233,1
55709,0,1,0.3725623,0
55710,1,0,0.056966383,0
55711,0,1,0.72242916,0
55712,0,1,0.6582527,0
55713,0,0,0.015424551,1
55714,1,1,0.9999653,1
55715,1,1,0.9094255,1
55716,0,0,0.074500255,1
55717,1,1,0.961642,1
55718,0,1,0.99935,0
55719,0,1,0.9352283,0
55720,0,1,0.99760324,0
55721,1,1,1.0,1
55722,0,1,0.9967775,0
55723,1,1,0.99999976,1
55724,0,0,0.19110113,1
55725,1,1,0.46538746,1
55726,0,0,0.034782395,1
55727,1,1,0.5656587,1
55728,1,1,0.71963,1
55729,0,0,0.040616777,1
55730,1,0,0.091544405,0
55731,1,1,0.9975418,1
55732,1,1,1.0,1
55733,1,1,0.7710687,1
55734,1,1,0.9995827,1
55735,0,0,0.15121572,1
55736,1,1,0.9999598,1
55737,0,0,0.16145241,1
55738,1,1,0.99983776,1
55739,1,1,0.99939644,1
55740,1,1,0.76171577,1
55741,1,1,1.0,1
55742,1,1,0.99996924,1
55743,1,1,1.0,1
55744,0,1,0.9999362,0
55745,0,0,0.18513553,1
55746,0,1,1.0,0
55747,0,0,0.2052962,1
55748,1,1,0.99998975,1
55749,1,0,0.16178322,0
55750,1,1,1.0,1
55751,0,1,0.95643115,0
55752,1,1,0.99794525,1
55753,1,1,0.6052742,1
55754,1,1,0.9999651,1
55755,1,0,0.05926467,0
55756,1,1,0.99990165,1
55757,0,1,0.39399692,0
55758,1,0,0.15469499,0
55759,0,1,0.6106276,0
55760,1,1,0.6509667,1
55761,0,1,0.9662198,0
55762,1,1,0.99999106,1
55763,1,1,0.9999255,1
55764,1,1,0.63686144,1
55765,1,1,0.9997478,1
55766,1,1,0.9993917,1
55767,0,0,0.10636527,1
55768,1,1,0.99999356,1
55769,1,0,0.110855594,0
55770,1,0,0.33633107,0
55771,1,0,0.19513355,0
55772,1,0,0.26635727,0
55773,0,1,0.97494066,0
55774,0,1,0.7905303,0
55775,0,1,0.70846474,0
55776,1,0,0.052279223,0
55777,0,1,0.5526,0
55778,0,1,0.98715407,0
55779,1,0,0.033336822,0
55780,1,1,1.0,1
55781,0,0,0.2520157,1
55782,1,1,0.99993694,1
55783,1,0,0.049589023,0
55784,1,1,0.99920374,1
55785,0,1,0.89358836,0
55786,0,1,0.9999132,0
55787,0,0,0.068599865,1
55788,0,1,0.8076124,0
55789,0,0,0.057864826,1
55790,0,0,0.066629894,1
55791,1,1,0.99953353,1
55792,1,1,0.89991575,1
55793,1,1,0.878627,1
55794,1,0,0.026255298,0
55795,0,1,0.35644665,0
55796,1,1,0.9998977,1
55797,0,1,0.93505055,0
55798,0,0,0.06319269,1
55799,0,1,0.73211324,0
55800,1,0,0.0026522598,0
55801,1,1,0.95494246,1
55802,0,0,0.032992378,1
55803,1,1,0.66785204,1
55804,1,1,0.99999976,1
55805,1,1,0.99825555,1
55806,0,0,0.025443856,1
55807,1,1,0.999049,1
55808,0,1,0.87621135,0
55809,1,1,0.9999999,1
55810,1,1,0.99992573,1
55811,0,0,0.04773565,1
55812,0,0,0.01802074,1
55813,1,1,0.68071944,1
55814,1,1,0.9999528,1
55815,0,1,0.4142174,0
55816,1,1,1.0,1
55817,0,1,0.7973991,0
55818,0,0,0.017865866,1
55819,1,1,0.9999993,1
55820,0,1,0.5273165,0
55821,1,1,0.99998283,1
55822,1,1,0.9995753,1
55823,1,1,0.8110782,1
55824,0,0,0.011397586,1
55825,1,0,0.11576064,0
55826,1,1,1.0,1
55827,0,0,0.13078417,1
55828,0,1,0.9313377,0
55829,0,1,0.99991655,0
55830,1,1,0.9055731,1
55831,1,1,0.57904345,1
55832,1,1,0.99910825,1
55833,1,1,0.9912548,1
55834,1,1,0.99993396,1
55835,1,1,0.48139286,1
55836,1,0,0.01977584,0
55837,1,0,0.18713267,0
55838,0,1,0.9649213,0
55839,0,0,0.042285025,1
55840,1,1,0.9999924,1
55841,0,1,0.9951514,0
55842,0,0,0.1596755,1
55843,0,1,0.99783844,0
55844,1,0,0.063540444,0
55845,0,1,0.78703237,0
55846,0,1,0.9998809,0
55847,1,1,0.9953815,1
55848,1,0,0.06669065,0
55849,1,1,0.9998889,1
55850,1,1,0.9999981,1
55851,0,1,0.99832886,0
55852,1,1,0.9981614,1
55853,0,1,0.9999943,0
55854,0,1,0.9718326,0
55855,1,1,0.99999785,1
55856,1,1,1.0,1
55857,0,1,0.9999118,0
55858,0,1,0.9908035,0
55859,0,1,0.7926248,0
55860,1,0,0.1500911,0
55861,0,1,0.53704137,0
55862,1,1,0.5691942,1
55863,0,0,0.010509383,1
55864,1,1,0.9923638,1
55865,1,1,0.9996711,1
55866,1,1,0.96805066,1
55867,0,1,0.730338,0
55868,1,1,0.9997029,1
55869,1,1,1.0,1
55870,0,0,0.2249055,1
55871,1,1,0.8976953,1
55872,0,1,0.99987316,0
55873,0,1,0.99566853,0
55874,1,1,0.9678689,1
55875,1,0,0.07978202,0
55876,0,0,0.047558397,1
55877,1,0,0.28482458,0
55878,0,1,0.61352605,0
55879,1,0,0.16105616,0
55880,0,1,0.99959,0
55881,0,1,0.569314,0
55882,1,0,0.024214549,0
55883,0,0,0.14866413,1
55884,0,0,0.058292214,1
55885,0,0,0.009055264,1
55886,0,0,0.2211824,1
55887,1,0,0.006062155,0
55888,1,1,0.9999857,1
55889,1,1,0.9999993,1
55890,0,1,0.96829146,0
55891,0,1,0.9997347,0
55892,0,0,0.08601587,1
55893,1,1,0.5037841,1
55894,0,1,0.76215863,0
55895,1,1,0.99390244,1
55896,1,1,1.0,1
55897,1,1,0.9990582,1
55898,1,1,0.99999726,1
55899,1,1,1.0,1
55900,0,1,0.9962999,0
55901,1,1,1.0,1
55902,1,1,0.8003021,1
55903,1,1,0.9995851,1
55904,0,1,0.5428027,0
55905,1,1,1.0,1
55906,1,1,0.99998844,1
55907,1,1,0.92255217,1
55908,1,0,0.06548521,0
55909,1,0,0.07992553,0
55910,1,1,0.84260434,1
55911,1,1,0.9974342,1
55912,1,0,0.06638737,0
55913,0,1,0.38618457,0
55914,1,1,0.98677725,1
55915,0,1,0.49139488,0
55916,0,1,1.0,0
55917,1,1,0.9999995,1
55918,1,0,0.051130094,0
55919,0,1,1.0,0
55920,0,0,0.124106824,1
55921,1,1,0.98609793,1
55922,0,1,0.5029296,0
55923,0,0,0.033844035,1
55924,1,1,0.9979888,1
55925,0,0,0.09057448,1
55926,1,0,0.11566073,0
55927,1,1,0.9999896,1
55928,0,1,0.9185534,0
55929,1,1,0.8849373,1
55930,1,0,0.07356305,0
55931,0,1,0.97455615,0
55932,1,1,0.99990237,1
55933,0,0,0.34075937,1
55934,1,1,0.99867755,1
55935,1,1,0.99941504,1
55936,1,1,0.9988796,1
55937,0,0,0.0139557095,1
55938,1,1,0.9905143,1
55939,0,0,0.090092994,1
55940,0,1,0.6734602,0
55941,1,1,0.99999356,1
55942,1,1,0.9999995,1
55943,1,1,1.0,1
55944,0,0,0.06435884,1
55945,0,1,0.9970765,0
55946,0,0,0.026835687,1
55947,0,1,0.73862195,0
55948,1,0,0.11377637,0
55949,0,0,0.037326884,1
55950,0,1,0.74576885,0
55951,1,1,0.99999666,1
55952,1,0,0.028060742,0
55953,0,0,0.26388383,1
55954,0,1,0.43305212,0
55955,0,0,0.13939638,1
55956,1,1,0.99995387,1
55957,1,1,0.9457512,1
55958,0,1,0.4300576,0
55959,0,0,0.17953056,1
55960,0,1,0.8768454,0
55961,0,0,0.20402455,1
55962,1,1,0.86048645,1
55963,0,0,0.10715685,1
55964,1,1,0.92905515,1
55965,1,1,0.99903023,1
55966,0,1,0.8607207,0
55967,1,0,0.0013831174,0
55968,1,1,0.4322431,1
55969,1,1,0.9999995,1
55970,0,0,0.011441684,1
55971,0,1,0.9990054,0
55972,1,1,0.9335521,1
55973,1,1,0.9792154,1
55974,0,1,0.92007446,0
55975,0,1,0.7108792,0
55976,0,0,0.22575781,1
55977,1,1,0.99963164,1
55978,1,1,0.99783844,1
55979,1,0,0.16465074,0
55980,1,1,0.9997398,1
55981,1,0,0.11971655,0
55982,1,1,0.9999987,1
55983,1,1,0.9977743,1
55984,0,0,0.013982613,1
55985,1,1,0.9995035,1
55986,0,0,0.016721144,1
55987,1,1,0.99605453,1
55988,1,1,1.0,1
55989,0,1,1.0,0
55990,0,1,0.7447491,0
55991,1,0,0.07921033,0
55992,0,0,0.16613355,1
55993,0,1,0.88700897,0
55994,1,1,0.81735593,1
55995,1,1,0.9997739,1
55996,1,0,0.0058426056,0
55997,1,1,0.9948803,1
55998,0,0,0.019813737,1
55999,0,0,0.16072656,1
56000,0,1,0.89858866,0
56001,0,0,0.065604836,1
56002,1,0,0.06866228,0
56003,0,0,0.020468965,1
56004,1,0,0.19884089,0
56005,1,1,0.9893063,1
56006,1,1,1.0,1
56007,1,0,0.22244667,0
56008,1,0,0.16728666,0
56009,1,1,0.8992984,1
56010,1,1,0.9959849,1
56011,0,1,0.4627765,0
56012,0,0,0.036049988,1
56013,1,1,0.86849254,1
56014,1,1,0.98302,1
56015,0,1,0.62079406,0
56016,0,1,0.603815,0
56017,0,1,0.9992206,0
56018,1,1,0.99912554,1
56019,1,1,0.8969756,1
56020,1,1,1.0,1
56021,0,0,0.047602654,1
56022,0,1,0.607896,0
56023,0,0,0.08678673,1
56024,1,0,0.27644625,0
56025,1,1,0.99965537,1
56026,0,0,0.05122493,1
56027,1,1,1.0,1
56028,0,1,0.8868131,0
56029,0,0,0.018475594,1
56030,0,1,0.54031754,0
56031,1,1,0.99995995,1
56032,0,0,0.13454832,1
56033,1,1,0.91228,1
56034,1,1,0.47743234,1
56035,1,1,0.9981505,1
56036,0,1,0.9938548,0
56037,1,1,0.99953175,1
56038,1,1,0.9885804,1
56039,0,1,1.0,0
56040,0,0,0.011072159,1
56041,0,0,0.1732882,1
56042,1,0,0.07524433,0
56043,1,1,0.9904959,1
56044,1,1,0.97285664,1
56045,1,1,0.99428093,1
56046,1,1,0.99975556,1
56047,0,0,0.0038920413,1
56048,1,1,0.9999956,1
56049,0,0,0.1821344,1
56050,0,1,0.99999845,0
56051,0,0,0.052960765,1
56052,1,1,1.0,1
56053,1,1,1.0,1
56054,1,1,0.99999964,1
56055,0,0,0.008445628,1
56056,1,1,1.0,1
56057,0,0,0.25534368,1
56058,0,0,0.08166611,1
56059,1,1,0.9987816,1
56060,0,0,0.022074388,1
56061,1,1,1.0,1
56062,1,0,0.28591993,0
56063,0,1,0.9383503,0
56064,1,0,0.12554705,0
56065,1,1,1.0,1
56066,0,0,0.08701921,1
56067,0,0,0.06816438,1
56068,1,0,0.23344414,0
56069,1,1,0.6602272,1
56070,1,1,0.9999964,1
56071,1,1,0.9448422,1
56072,0,1,0.6547292,0
56073,1,1,0.9987281,1
56074,0,0,0.031291503,1
56075,0,0,0.062216975,1
56076,1,1,0.9997378,1
56077,0,1,0.99951494,0
56078,1,0,0.17695588,0
56079,1,0,0.08555635,0
56080,1,0,0.083740406,0
56081,1,1,0.9996499,1
56082,1,1,0.9958901,1
56083,1,0,0.039601684,0
56084,1,1,0.99985397,1
56085,0,0,0.22584318,1
56086,1,1,0.92107415,1
56087,0,1,0.926769,0
56088,0,0,0.06014182,1
56089,1,0,0.109039895,0
56090,1,1,0.9964342,1
56091,0,0,0.06935241,1
56092,1,0,0.006589771,0
56093,0,0,0.05970174,1
56094,0,1,0.43626174,0
56095,0,1,0.9998989,0
56096,1,0,0.26407358,0
56097,0,0,0.05505607,1
56098,1,0,0.05525965,0
56099,0,0,0.253861,1
56100,1,1,0.9999883,1
56101,1,0,0.22575781,0
56102,1,0,0.007831049,0
56103,1,1,0.9533619,1
56104,0,1,0.7980295,0
56105,0,1,0.67923194,0
56106,1,1,1.0,1
56107,0,1,0.8307315,0
56108,0,0,0.034586217,1
56109,1,0,0.1501534,0
56110,1,1,0.99723697,1
56111,1,0,0.3016191,0
56112,1,1,0.99832565,1
56113,1,0,0.016561339,0
56114,0,1,0.63844085,0
56115,0,0,0.07654563,1
56116,1,1,0.43797374,1
56117,1,0,0.081959546,0
56118,0,0,0.27963173,1
56119,1,1,0.9993869,1
56120,1,0,0.10026027,0
56121,1,1,0.35807243,1
56122,0,1,0.99987614,0
56123,1,1,0.9999789,1
56124,0,0,0.020606475,1
56125,0,0,0.31362996,1
56126,0,0,0.10687689,1
56127,1,1,0.99974185,1
56128,1,1,0.66687655,1
56129,0,1,0.36037648,0
56130,0,1,0.92100316,0
56131,1,1,1.0,1
56132,1,1,1.0,1
56133,0,1,0.9116528,0
56134,1,1,1.0,1
56135,1,1,0.9999573,1
56136,1,0,0.12738101,0
56137,1,0,0.054198727,0
56138,0,0,0.097734325,1
56139,1,0,0.092359796,0
56140,0,0,0.048405956,1
56141,1,0,0.045862667,0
56142,1,1,0.99999905,1
56143,0,0,0.048405956,1
56144,1,0,2.9311537e-05,0
56145,1,1,0.8250265,1
56146,1,0,0.2649285,0
56147,0,0,0.104660206,1
56148,0,1,0.9645224,0
56149,1,0,0.11828322,0
56150,1,1,0.9994241,1
56151,1,1,0.9465967,1
56152,0,1,0.7764535,0
56153,0,0,0.08441725,1
56154,0,1,0.38433427,0
56155,1,1,0.99998343,1
56156,0,1,0.86001676,0
56157,0,1,0.90448195,0
56158,0,1,0.999995,0
56159,0,1,0.37085178,0
56160,0,0,0.07878402,1
56161,1,1,0.99999774,1
56162,0,1,0.38006845,0
56163,1,1,0.4016878,1
56164,1,0,0.1435475,0
56165,0,1,0.93980294,0
56166,0,0,0.116261385,1
56167,1,1,1.0,1
56168,0,0,0.20481862,1
56169,0,1,0.49194407,0
56170,1,0,0.041307308,0
56171,1,0,0.02798095,0
56172,1,1,1.0,1
56173,1,1,1.0,1
56174,0,1,0.5934915,0
56175,1,0,0.29884934,0
56176,0,1,0.9026955,0
56177,1,0,0.21345916,0
56178,1,1,1.0,1
56179,1,1,0.9999943,1
56180,1,1,0.99871314,1
56181,0,1,0.99924755,0
56182,1,1,1.0,1
56183,1,1,0.9627432,1
56184,0,0,0.08079154,1
56185,1,0,0.013636835,0
56186,0,0,0.08977329,1
56187,0,0,0.10687689,1
56188,1,0,0.06687324,0
56189,1,1,0.9998293,1
56190,1,1,0.99918324,1
56191,1,1,0.99999964,1
56192,1,0,0.1813357,0
56193,0,0,0.012821213,1
56194,1,1,1.0,1
56195,1,1,0.94261247,1
56196,0,0,0.29477292,1
56197,1,1,0.68757755,1
56198,1,1,0.9999999,1
56199,1,1,0.99746394,1
56200,1,0,0.2032327,0
56201,1,1,1.0,1
56202,0,0,0.25767168,1
56203,1,1,0.9474783,1
56204,1,0,0.051893488,0
56205,0,1,0.9956006,0
56206,0,1,0.9999629,0
56207,1,1,1.0,1
56208,0,0,0.20545557,1
56209,0,0,0.008364238,1
56210,1,1,0.9999994,1
56211,0,1,0.9597998,0
56212,0,1,0.35706294,0
56213,0,1,0.6974544,0
56214,1,1,1.0,1
56215,0,1,0.98394,0
56216,0,1,0.40721554,0
56217,1,1,0.99996066,1
56218,1,1,0.9995408,1
56219,1,1,0.99361163,1
56220,1,1,1.0,1
56221,1,1,0.9894499,1
56222,1,1,0.99329424,1
56223,0,1,0.99998736,0
56224,0,0,0.34620965,1
56225,1,1,0.75437254,1
56226,1,1,1.0,1
56227,0,1,0.89552265,0
56228,1,1,0.36540008,1
56229,1,1,1.0,1
56230,0,0,0.10771874,1
56231,0,0,0.011309892,1
56232,0,1,0.4966736,0
56233,0,0,0.05770532,1
56234,1,1,0.999941,1
56235,0,1,0.46177518,0
56236,1,1,0.9999521,1
56237,0,0,0.05597775,1
56238,1,1,0.53199965,1
56239,0,1,0.99344844,0
56240,0,0,0.067485206,1
56241,0,0,0.31420836,1
56242,0,1,0.66860986,0
56243,1,1,1.0,1
56244,1,1,0.99695444,1
56245,1,1,0.99999785,1
56246,0,0,0.14959349,1
56247,0,1,0.95945925,0
56248,0,1,0.94781744,0
56249,0,0,0.07892589,1
56250,0,0,0.17996249,1
56251,1,1,0.91367656,1
56252,0,0,0.06973154,1
56253,1,1,0.99228936,1
56254,0,0,0.14560063,1
56255,0,1,0.99990535,0
56256,1,1,0.9996207,1
56257,0,0,0.27231473,1
56258,0,1,0.8236123,0
56259,0,1,0.6886255,0
56260,0,1,0.99986064,0
56261,1,0,0.010388217,0
56262,0,0,0.0029521477,1
56263,0,1,0.99927205,0
56264,1,1,0.9272316,1
56265,1,1,0.9999987,1
56266,1,0,0.034749623,0
56267,1,1,0.9969722,1
56268,1,1,0.99993694,1
56269,0,1,0.4759402,0
56270,1,1,1.0,1
56271,1,1,0.9611345,1
56272,1,1,0.99999285,1
56273,1,1,1.0,1
56274,0,1,0.98157746,0
56275,1,1,0.9999927,1
56276,1,1,0.38144994,1
56277,0,0,0.21190566,1
56278,0,1,0.98860246,0
56279,0,1,0.7899638,0
56280,0,1,0.53916526,0
56281,0,0,0.16026603,1
56282,0,0,0.17845424,1
56283,0,0,0.31510338,1
56284,0,1,0.99990976,0
56285,0,0,0.069226466,1
56286,0,0,0.14396824,1
56287,1,1,0.9999912,1
56288,0,1,0.5822535,0
56289,1,0,0.028652672,0
56290,0,1,0.48675847,0
56291,1,1,0.99964654,1
56292,0,0,0.088820286,1
56293,0,1,0.99273914,0
56294,1,1,0.9999918,1
56295,1,1,0.999688,1
56296,0,0,0.20793757,1
56297,0,1,0.9998005,0
56298,1,0,0.08570927,0
56299,0,1,0.99988365,0
56300,1,1,0.79597545,1
56301,0,1,0.9012275,0
56302,1,0,0.05997644,0
56303,1,1,0.89143354,1
56304,1,1,0.99737346,1
56305,0,0,0.02532306,1
56306,1,0,0.056132775,0
56307,0,1,0.984516,0
56308,0,0,0.090494074,1
56309,1,1,0.9994777,1
56310,0,0,0.2821962,1
56311,1,0,0.20593424,0
56312,1,1,0.99961627,1
56313,0,1,0.97865146,0
56314,1,1,0.9701552,1
56315,0,1,0.99632144,0
56316,1,1,0.99967754,1
56317,1,1,1.0,1
56318,1,1,0.9790558,1
56319,0,1,0.9834387,0
56320,0,1,0.99999976,0
56321,0,1,0.9850429,0
56322,1,1,1.0,1
56323,1,1,0.97624266,1
56324,1,1,1.0,1
56325,0,0,0.058292214,1
56326,0,0,0.07204689,1
56327,1,1,0.996597,1
56328,0,1,0.9999802,0
56329,1,1,0.99879336,1
56330,1,1,0.9999999,1
56331,1,0,0.010268432,0
56332,0,0,0.21758679,1
56333,1,0,0.10221505,0
56334,1,1,0.7539199,1
56335,1,1,0.9999827,1
56336,1,0,0.101144664,0
56337,0,1,0.99996674,0
56338,0,0,0.04468087,1
56339,1,1,0.99997306,1
56340,0,0,0.18469396,1
56341,0,1,0.7547343,0
56342,1,1,1.0,1
56343,0,1,0.5876473,0
56344,1,1,0.9934865,1
56345,1,0,0.26488096,0
56346,1,1,0.99453074,1
56347,0,1,0.9999864,0
56348,1,0,0.01042845,0
56349,1,1,0.9999521,1
56350,1,0,0.033462938,0
56351,0,0,0.30018112,1
56352,0,1,0.85145944,0
56353,1,1,1.0,1
56354,0,1,0.72985685,0
56355,0,1,0.8174288,0
56356,0,1,0.7925445,0
56357,1,1,0.8197491,1
56358,0,0,0.018387254,1
56359,0,0,0.19178137,1
56360,1,1,0.81960475,1
56361,0,0,0.06979493,1
56362,1,1,1.0,1
56363,1,1,0.99999475,1
56364,0,1,0.9928231,0
56365,0,0,0.10613344,1
56366,0,1,0.99999857,0
56367,0,1,0.48498988,0
56368,0,0,0.07592667,1
56369,1,0,0.2894721,0
56370,1,1,0.9999995,1
56371,1,1,0.9999999,1
56372,1,1,0.9718859,1
56373,1,1,0.9997594,1
56374,1,1,0.705024,1
56375,0,1,0.5867596,0
56376,1,1,0.7545535,1
56377,1,1,1.0,1
56378,1,1,0.4541998,1
56379,1,0,0.23178807,0
56380,0,1,0.9999387,0
56381,0,1,0.9987625,0
56382,0,1,0.9361684,0
56383,0,1,0.7246267,0
56384,1,1,1.0,1
56385,0,0,0.027298586,1
56386,1,1,0.99995255,1
56387,1,1,0.9151287,1
56388,0,0,0.015921684,1
56389,1,1,0.99997926,1
56390,1,1,0.99736834,1
56391,1,0,0.10212547,0
56392,0,0,0.055926174,1
56393,0,0,0.12759827,1
56394,1,1,0.9999887,1
56395,1,1,0.96672606,1
56396,1,1,1.0,1
56397,0,1,0.97503597,0
56398,0,1,0.8596637,0
56399,1,1,0.7989722,1
56400,1,0,0.31541958,0
56401,1,1,0.9997439,1
56402,1,1,0.9994185,1
56403,0,1,0.99743915,0
56404,1,1,0.99980205,1
56405,0,0,0.21717146,1
56406,1,1,0.99898773,1
56407,0,1,0.99997056,0
56408,1,0,0.074635044,0
56409,1,1,0.45038962,1
56410,1,1,0.9964825,1
56411,1,1,0.90540594,1
56412,1,1,0.9533619,1
56413,1,1,0.99508506,1
56414,0,1,0.77551985,0
56415,1,1,0.46857783,1
56416,1,1,0.40692088,1
56417,0,0,0.036700353,1
56418,1,1,0.7891525,1
56419,1,0,0.33480692,0
56420,1,1,1.0,1
56421,0,1,0.9811488,0
56422,1,1,0.9999764,1
56423,0,0,0.15399395,1
56424,1,1,0.9999387,1
56425,0,1,0.53582716,0
56426,1,1,0.9796482,1
56427,0,0,0.026455773,1
56428,1,1,1.0,1
56429,1,1,0.9761519,1
56430,0,0,0.05728198,1
56431,1,1,1.0,1
56432,0,0,0.014309456,1
56433,0,0,0.30996284,1
56434,1,1,0.9998691,1
56435,0,0,0.038466193,1
56436,1,1,1.0,1
56437,0,0,0.03775027,1
56438,0,1,0.8040215,0
56439,0,1,0.5806493,0
56440,1,0,0.10576342,0
56441,0,1,0.99808455,0
56442,0,0,0.0238936,1
56443,0,0,0.10502681,1
56444,0,1,0.9205043,0
56445,1,1,0.99940586,1
56446,1,1,1.0,1
56447,1,1,0.8590736,1
56448,0,0,0.13546064,1
56449,1,1,0.99972516,1
56450,1,1,1.0,1
56451,0,0,0.08819005,1
56452,1,0,0.13718534,0
56453,0,1,0.5777932,0
56454,0,1,0.94197524,0
56455,1,0,0.1080477,0
56456,1,1,0.99998236,1
56457,0,0,0.08277145,1
56458,1,0,0.015814932,0
56459,1,1,1.0,1
56460,1,1,0.43587148,1
56461,0,1,0.49703985,0
56462,1,1,1.0,1
56463,0,1,0.7183475,0
56464,1,1,0.9999659,1
56465,0,0,0.3485897,1
56466,1,1,0.9999484,1
56467,1,1,0.96411926,1
56468,0,0,0.2589814,1
56469,0,0,0.10257407,1
56470,1,0,0.054651033,0
56471,1,1,1.0,1
56472,0,1,0.9999999,0
56473,0,1,0.99999905,0
56474,1,1,0.9999999,1
56475,1,0,0.16844618,0
56476,0,0,0.09244169,1
56477,1,1,0.998103,1
56478,0,0,0.17667161,1
56479,0,0,0.14614818,1
56480,1,1,0.9588471,1
56481,0,1,0.44601208,0
56482,1,1,0.71388066,1
56483,0,0,0.17781086,1
56484,0,1,0.99897385,0
56485,0,1,0.39539677,0
56486,1,1,0.4327824,1
56487,1,0,0.091544405,0
56488,1,0,0.025834186,0
56489,1,0,0.0894546,0
56490,1,1,0.9999995,1
56491,1,1,0.99690056,1
56492,1,1,0.9999875,1
56493,1,0,0.28912073,0
56494,1,1,0.92255217,1
56495,0,0,0.04822634,1
56496,0,1,0.9999753,0
56497,1,1,0.8326453,1
56498,1,1,0.99999845,1
56499,0,1,0.99999595,0
56500,1,0,0.06058495,0
56501,0,0,0.048271183,1
56502,1,1,0.9957437,1
56503,1,0,0.22270013,0
56504,1,1,0.99998987,1
56505,1,1,1.0,1
56506,0,0,0.01964376,1
56507,1,1,1.0,1
56508,0,1,0.41430628,0
56509,0,1,0.9999994,0
56510,1,1,1.0,1
56511,0,1,0.9846051,0
56512,1,1,0.9985018,1
56513,0,0,0.24373244,1
56514,1,1,0.999943,1
56515,1,0,0.05597775,0
56516,0,0,0.011552671,1
56517,1,0,0.05686155,0
56518,1,1,0.91891783,1
56519,0,1,0.99999964,0
56520,0,0,0.060363002,1
56521,1,1,1.0,1
56522,1,0,0.053255424,0
56523,1,1,0.99999726,1
56524,0,0,0.17265955,1
56525,0,1,0.45731845,0
56526,1,1,1.0,1
56527,1,1,0.83642095,1
56528,1,0,0.30002728,0
56529,0,1,0.9683214,0
56530,1,1,1.0,1
56531,0,0,0.24086387,1
56532,0,1,0.48383135,0
56533,1,1,0.9997383,1
56534,1,1,0.99881446,1
56535,1,1,0.9999913,1
56536,1,1,0.9973888,1
56537,1,0,0.23022676,0
56538,1,1,0.99979097,1
56539,1,1,0.99549675,1
56540,1,0,0.19744445,0
56541,1,0,0.0076214303,0
56542,1,1,0.99996305,1
56543,1,1,0.84859616,1
56544,0,0,0.22661243,1
56545,0,0,0.05345272,1
56546,1,1,0.9971827,1
56547,1,1,1.0,1
56548,1,1,0.99999404,1
56549,1,1,0.99999976,1
56550,0,1,0.56817627,0
56551,0,0,0.008283627,1
56552,1,1,0.99992335,1
56553,1,1,0.9329437,1
56554,1,1,0.9999994,1
56555,0,1,0.90515476,0
56556,1,1,0.9999999,1
56557,0,0,0.06614567,1
56558,0,1,0.8578872,0
56559,0,1,0.96333414,0
56560,1,1,0.9980161,1
56561,1,1,0.999998,1
56562,1,0,0.034749623,0
56563,0,1,0.5900117,0
56564,0,1,0.8493474,0
56565,1,1,0.99528164,1
56566,1,0,0.10866097,0
56567,0,1,0.9563905,0
56568,1,1,0.9999912,1
56569,0,1,0.7829945,0
56570,0,0,0.10293422,1
56571,1,0,0.0029984985,0
56572,1,0,0.18698417,0
56573,0,1,1.0,0
56574,1,1,0.9605466,1
56575,1,1,0.99723697,1
56576,1,0,0.10402136,0
56577,1,1,0.99890983,1
56578,1,0,0.111724876,0
56579,0,0,0.2689414,1
56580,1,1,0.99929166,1
56581,1,0,0.2168396,0
56582,0,1,0.8410439,0
56583,0,0,0.28482458,1
56584,0,0,0.2502709,1
56585,0,1,0.86635876,0
56586,1,1,1.0,1
56587,1,0,0.30590463,0
56588,1,1,1.0,1
56589,1,0,0.017309094,0
56590,1,0,0.015558598,0
56591,0,0,0.052327625,1
56592,1,1,0.7495458,1
56593,1,1,0.99998605,1
56594,0,0,0.2862191,1
56595,0,1,0.51519305,0
56596,1,1,0.9999976,1
56597,1,1,0.6971452,1
56598,0,1,0.4803568,0
56599,1,1,0.9999982,1
56600,0,0,0.11491369,1
56601,0,1,0.75953764,0
56602,1,0,0.34726036,0
56603,1,1,0.5865228,1
56604,1,0,0.0123360995,0
56605,0,0,0.07793769,1
56606,1,1,1.0,1
56607,1,1,0.9812928,1
56608,0,0,0.27096224,1
56609,1,1,0.9999939,1
56610,0,1,0.687997,0
56611,1,1,0.99766773,1
56612,1,1,0.9254324,1
56613,0,1,0.5401356,0
56614,1,1,0.9999994,1
56615,0,0,0.09017308,1
56616,1,1,1.0,1
56617,0,1,0.9999845,0
56618,0,0,0.1474324,1
56619,1,1,0.9999567,1
56620,0,1,0.9013143,0
56621,1,1,0.8478418,1
56622,0,1,0.99608517,0
56623,1,1,1.0,1
56624,1,1,1.0,1
56625,1,0,0.0962801,0
56626,1,1,0.99999976,1
56627,1,0,0.20946968,0
56628,0,1,0.99097973,0
56629,1,0,0.17217185,0
56630,1,0,0.11910043,0
56631,0,1,0.99861956,0
56632,0,0,0.13268304,1
56633,1,1,1.0,1
56634,0,0,0.15616924,1
56635,1,1,0.9993988,1
56636,1,1,0.99966466,1
56637,0,1,0.8518296,0
56638,0,1,0.95759624,0
56639,0,1,0.9994937,0
56640,0,0,0.093181714,1
56641,1,1,0.9911868,1
56642,1,1,0.5148882,1
56643,1,1,0.787768,1
56644,1,0,0.0034834244,0
56645,0,1,0.48718542,0
56646,1,1,0.99984217,1
56647,1,0,0.088978484,0
56648,1,1,0.9999697,1
56649,1,1,0.9983125,1
56650,0,0,0.01821182,1
56651,0,0,0.22034244,1
56652,1,1,0.99958676,1
56653,1,0,0.09334689,0
56654,1,1,0.9999578,1
56655,1,1,0.99999523,1
56656,0,0,0.17483254,1
56657,1,1,0.9702116,1
56658,0,0,0.09790669,1
56659,0,0,0.074164286,1
56660,1,1,0.9999999,1
56661,0,0,0.28686795,1
56662,1,1,0.44586128,1
56663,0,0,0.06916357,1
56664,1,1,1.0,1
56665,0,1,0.3548801,0
56666,1,1,0.99999154,1
56667,1,1,1.0,1
56668,1,1,0.99957365,1
56669,0,0,0.23135361,1
56670,1,1,1.0,1
56671,1,1,0.9999999,1
56672,1,0,0.17314835,0
56673,1,1,0.5861676,1
56674,1,1,0.9988949,1
56675,1,1,0.9992312,1
56676,0,0,0.0027044297,1
56677,1,1,0.99991035,1
56678,1,1,1.0,1
56679,0,0,0.26090696,1
56680,1,1,0.9999999,1
56681,1,1,0.9999999,1
56682,1,1,0.9998981,1
56683,1,1,0.9582651,1
56684,0,0,0.016308766,1
56685,0,1,0.9999852,0
56686,1,1,0.9937588,1
56687,1,1,0.9999999,1
56688,0,1,0.3880671,0
56689,0,0,0.12474515,1
56690,1,1,0.3921913,1
56691,1,0,0.18528292,0
56692,0,0,0.01717671,1
56693,0,0,0.11526177,1
56694,1,1,0.9999989,1
56695,0,1,0.9997241,0
56696,1,0,0.08593914,0
56697,1,1,0.45102426,1
56698,0,1,0.7567173,0
56699,0,0,0.08419108,1
56700,1,0,0.066751465,0
56701,0,0,0.2646433,1
56702,1,1,0.99987805,1
56703,0,1,0.99903214,0
56704,0,0,0.13857834,1
56705,0,1,0.5757073,0
56706,1,0,0.050051305,0
56707,1,1,0.9899282,1
56708,1,1,0.9962999,1
56709,1,1,0.7224781,1
56710,1,1,0.99756086,1
56711,1,1,0.9999083,1
56712,0,1,0.9540518,0
56713,0,0,0.27250826,1
56714,0,0,0.065604836,1
56715,1,1,0.9999999,1
56716,1,1,0.99704784,1
56717,1,1,0.7735587,1
56718,0,0,0.018869255,1
56719,1,1,0.9999999,1
56720,0,1,0.7339766,0
56721,0,1,0.8493474,0
56722,0,1,0.50884914,0
56723,1,1,0.9827572,1
56724,1,1,0.9997546,1
56725,0,1,0.9928231,0
56726,1,1,0.9965166,1
56727,0,1,1.0,0
56728,0,1,0.9987257,0
56729,1,1,0.48191097,1
56730,0,1,0.97869223,0
56731,0,1,0.4782547,0
56732,0,1,0.5157418,0
56733,1,1,1.0,1
56734,0,1,0.9610615,0
56735,0,0,0.13857834,1
56736,0,1,0.93439513,0
56737,0,1,0.9963642,0
56738,0,1,0.9992022,0
56739,0,1,0.7594039,0
56740,0,1,0.9548583,0
56741,1,1,1.0,1
56742,1,0,0.2948745,0
56743,0,1,0.35964522,0
56744,1,0,0.087954745,0
56745,0,1,0.9007919,0
56746,1,0,0.15127839,0
56747,0,1,0.6025879,0
56748,1,1,0.9678082,1
56749,1,1,1.0,1
56750,1,0,0.15610489,0
56751,1,1,1.0,1
56752,0,0,0.25100458,1
56753,0,0,0.0041581606,1
56754,1,1,0.7754348,1
56755,1,1,0.9999993,1
56756,0,1,0.46274617,0
56757,1,0,0.008864498,0
56758,0,0,0.03775027,1
56759,1,1,0.9999974,1
56760,1,0,0.18565173,0
56761,1,1,0.988425,1
56762,0,0,0.27923846,1
56763,1,1,1.0,1
56764,0,1,0.7056329,0
56765,1,0,0.17567943,0
56766,1,1,1.0,1
56767,1,1,1.0,1
56768,1,0,0.025298966,0
56769,1,0,0.17567943,0
56770,1,1,0.99746895,1
56771,1,1,0.99999666,1
56772,1,0,0.018653521,0
56773,1,0,0.13614833,0
56774,1,1,1.0,1
56775,1,1,1.0,1
56776,1,1,0.9983707,1
56777,1,1,0.9583432,1
56778,1,1,1.0,1
56779,1,0,0.052086018,0
56780,1,1,0.9999138,1
56781,1,1,0.741674,1
56782,1,1,0.99968183,1
56783,0,1,0.51135063,0
56784,1,1,0.9970305,1
56785,1,1,0.99956006,1
56786,1,1,0.99948967,1
56787,1,1,0.99757034,1
56788,1,1,0.99992,1
56789,1,0,0.26322043,0
56790,0,1,0.97889495,0
56791,1,1,1.0,1
56792,0,1,0.88363826,0
56793,0,0,0.23713401,1
56794,1,1,1.0,1
56795,0,1,0.99106663,0
56796,1,1,0.99990046,1
56797,0,0,0.051462766,1
56798,0,1,0.99993026,0
56799,1,1,1.0,1
56800,0,0,0.047958106,1
56801,1,1,0.9998591,1
56802,0,0,0.0077705807,1
56803,0,0,0.030100336,1
56804,1,1,0.7354042,1
56805,0,1,0.8715842,0
56806,0,0,0.04716187,1
56807,0,0,0.01374232,1
56808,0,1,0.959001,0
56809,1,1,0.9132906,1
56810,1,1,0.9999999,1
56811,1,1,0.99999976,1
56812,1,0,0.06669065,0
56813,1,1,0.99926645,1
56814,1,0,0.112600096,0
56815,1,0,0.20102783,0
56816,0,1,0.82233185,0
56817,0,0,0.103930384,1
56818,1,1,1.0,1
56819,0,0,0.19852991,1
56820,0,0,0.005322535,1
56821,1,1,0.9825575,1
56822,0,1,0.4879174,0
56823,0,1,0.82587075,0
56824,1,0,0.11377637,0
56825,1,1,0.9997739,1
56826,0,0,0.07152632,1
56827,1,1,0.99901116,1
56828,0,0,0.08756384,1
56829,1,0,0.17258981,0
56830,0,1,0.9425068,0
56831,0,0,0.2678867,1
56832,1,1,0.97819793,1
56833,1,1,0.99491006,1
56834,1,1,0.9830688,1
56835,0,1,0.6953898,0
56836,0,1,0.9974788,0
56837,1,1,0.9999225,1
56838,1,1,0.9995566,1
56839,1,1,0.99860877,1
56840,1,1,1.0,1
56841,0,1,0.9981141,0
56842,1,0,0.09001297,0
56843,1,1,0.86339164,1
56844,0,0,0.29930997,1
56845,1,1,0.99999917,1
56846,1,1,0.9999999,1
56847,1,1,0.9383503,1
56848,0,0,0.07992553,1
56849,0,1,1.0,0
56850,0,1,0.9998097,0
56851,1,1,0.999866,1
56852,0,1,0.5195823,0
56853,0,1,0.913368,0
56854,0,0,0.080574244,1
56855,1,1,0.99812514,1
56856,1,0,0.16398025,0
56857,0,1,0.61952883,0
56858,1,0,0.09252366,0
56859,1,1,0.9999988,1
56860,0,0,0.2211824,1
56861,0,0,0.011869121,1
56862,1,1,0.99998856,1
56863,1,1,0.9997367,1
56864,1,1,0.96560895,1
56865,1,1,1.0,1
56866,1,0,0.0683507,0
56867,1,0,0.07497297,0
56868,1,1,0.9979849,1
56869,1,0,0.23616374,0
56870,0,0,0.09326426,1
56871,1,1,0.9999713,1
56872,0,0,0.22695492,1
56873,0,0,0.18535665,1
56874,1,1,0.87568074,1
56875,0,1,0.97285664,0
56876,1,1,1.0,1
56877,1,1,1.0,1
56878,0,0,0.106597565,1
56879,0,0,0.26850963,1
56880,1,1,0.9979048,1
56881,1,1,0.9994653,1
56882,0,0,0.30368015,1
56883,0,1,0.99871576,0
56884,1,1,0.9523531,1
56885,0,1,0.8632764,0
56886,1,0,0.016593179,0
56887,0,0,0.20497774,1
56888,1,1,0.99999964,1
56889,1,1,1.0,1
56890,1,0,0.019069158,0
56891,1,1,0.99996626,1
56892,0,1,0.7354992,0
56893,1,1,0.448849,1
56894,0,0,0.17795369,1
56895,1,1,0.7442848,1
56896,0,0,0.112259015,1
56897,1,1,0.99996305,1
56898,1,1,0.9667575,1
56899,1,1,1.0,1
56900,1,1,1.0,1
56901,0,1,0.99576014,0
56902,0,0,0.08336651,1
56903,1,1,0.4088962,1
56904,1,0,0.124053754,0
56905,0,0,0.018671406,1
56906,0,1,0.3589146,0
56907,1,0,0.10753115,0
56908,0,0,0.08977329,1
56909,0,1,0.83250916,0
56910,1,1,0.9999989,1
56911,1,1,0.9999918,1
56912,0,0,0.33878776,1
56913,1,0,0.028436033,0
56914,1,0,0.09451042,0
56915,0,1,0.9320833,0
56916,0,1,1.0,0
56917,0,0,0.095265254,1
56918,1,0,0.024609927,0
56919,0,1,0.41682634,0
56920,1,1,1.0,1
56921,0,1,0.8224745,0
56922,1,1,0.6281223,1
56923,0,1,0.41552126,0
56924,1,1,0.9701552,1
56925,1,1,0.99999976,1
56926,1,0,0.049589023,0
56927,1,0,0.15412119,0
56928,0,1,0.9997063,0
56929,0,0,0.07675298,1
56930,1,1,0.99955136,1
56931,1,0,0.2893717,0
56932,1,1,0.7096735,1
56933,1,1,0.6673103,1
56934,1,1,1.0,1
56935,1,1,0.9839708,1
56936,0,1,0.9999995,0
56937,0,1,0.82768893,0
56938,1,1,0.82010955,1
56939,1,1,0.9999552,1
56940,1,1,0.9999989,1
56941,1,1,0.99990046,1
56942,1,1,0.97517824,1
56943,1,0,0.055874642,0
56944,1,0,0.03915837,0
56945,1,1,1.0,1
56946,1,1,0.99828595,1
56947,1,1,1.0,1
56948,0,1,0.99877685,0
56949,1,1,0.8992099,1
56950,1,0,0.093760945,0
56951,1,1,0.9999994,1
56952,1,1,0.9985923,1
56953,1,1,0.9909972,1
56954,1,1,0.9999993,1
56955,0,1,0.3539863,0
56956,0,0,0.036049988,1
56957,1,0,0.1352892,0
56958,1,0,0.304145,0
56959,1,0,0.33317772,0
56960,0,1,0.35482422,0
56961,0,0,0.011984204,1
56962,1,1,1.0,1
56963,1,0,0.21182416,0
56964,0,1,0.9969246,0
56965,0,1,0.9777776,0
56966,1,1,1.0,1
56967,1,1,0.59508085,1
56968,1,1,1.0,1
56969,1,1,0.7474317,1
56970,1,1,1.0,1
56971,1,1,1.0,1
56972,0,0,0.03102618,1
56973,0,0,0.08137364,1
56974,1,1,0.77415687,1
56975,1,1,0.99821436,1
56976,0,1,0.99999785,0
56977,1,1,0.99977213,1
56978,0,0,0.08050193,1
56979,1,1,0.7896395,1
56980,1,0,0.04023794,0
56981,1,1,0.99990606,1
56982,1,1,0.9999924,1
56983,1,0,0.010714441,0
56984,1,0,0.28766775,0
56985,0,1,0.9999999,0
56986,0,0,0.23554772,1
56987,1,1,0.9999999,1
56988,1,1,1.0,1
56989,1,1,0.9999598,1
56990,1,1,0.44501695,1
56991,0,0,0.32939172,1
56992,1,1,1.0,1
56993,1,1,1.0,1
56994,0,0,0.074567616,1
56995,1,1,0.8908652,1
56996,1,1,1.0,1
56997,1,1,0.84247476,1
56998,1,1,0.42453125,1
56999,0,0,0.019512547,1
57000,1,1,0.99998844,1
57001,0,0,0.17182414,1
57002,1,0,0.2625581,0
57003,1,0,0.28741768,0
57004,1,1,1.0,1
57005,1,1,1.0,1
57006,0,0,0.035982177,1
57007,1,1,1.0,1
57008,1,0,0.050470848,0
57009,1,1,0.999979,1
57010,0,1,0.9390807,0
57011,0,1,0.8789391,0
57012,1,1,0.99999905,1
57013,0,0,0.1470033,1
57014,0,0,0.13173069,1
57015,0,0,0.049176436,1
57016,1,0,0.19467384,0
57017,1,1,0.9999949,1
57018,0,0,0.10866097,1
57019,1,1,0.99999964,1
57020,0,1,1.0,0
57021,0,1,0.99998355,0
57022,0,1,0.53376204,0
57023,1,0,0.17099196,0
57024,1,1,1.0,1
57025,0,0,0.023330769,1
57026,1,1,0.9999994,1
57027,0,0,0.33682168,1
57028,0,1,0.3560267,0
57029,0,1,0.9999856,0
57030,0,1,0.99999034,0
57031,1,1,0.9985335,1
57032,0,1,0.99090964,0
57033,0,1,0.56739736,0
57034,1,1,0.9944988,1
57035,1,1,0.99398476,1
57036,1,1,0.99998665,1
57037,0,0,0.12912793,1
57038,0,1,0.54049945,0
57039,1,1,0.9999999,1
57040,1,1,0.4003683,1
57041,0,1,0.99999976,0
57042,1,1,0.9719659,1
57043,1,0,0.010986943,0
57044,1,0,0.22431023,0
57045,0,1,0.7864589,0
57046,0,0,0.0279544,1
57047,0,1,0.98986953,0
57048,1,1,1.0,1
57049,0,1,0.68967146,0
57050,0,0,0.022542965,1
57051,1,1,0.99997497,1
57052,0,1,0.9999974,0
57053,1,1,0.5336405,1
57054,0,0,0.08733005,1
57055,1,0,0.10875559,0
57056,1,1,0.9984176,1
57057,1,0,0.11289317,0
57058,0,1,0.78481424,0
57059,1,1,1.0,1
57060,0,1,0.4430883,0
57061,1,0,0.21068507,0
57062,0,1,1.0,0
57063,1,1,0.99999964,1
57064,1,1,0.90804875,1
57065,1,0,0.0017752605,0
57066,1,1,0.9990619,1
57067,1,0,0.024940254,0
57068,1,1,0.9999982,1
57069,0,0,0.13840355,1
57070,0,0,0.25155574,1
57071,0,1,0.98046875,0
57072,1,0,0.14529718,0
57073,0,0,0.14004198,1
57074,1,1,0.9999994,1
57075,0,1,0.93732566,0
57076,1,1,1.0,1
57077,1,1,1.0,1
57078,1,1,0.98250717,1
57079,0,0,0.019568674,1
57080,1,1,0.9563089,1
57081,1,1,0.9966234,1
57082,0,0,0.0055012377,1
57083,0,0,0.014587567,1
57084,1,1,0.99999714,1
57085,1,1,0.37085178,1
57086,0,0,0.00068517134,1
57087,1,1,1.0,1
57088,1,0,0.14633106,0
57089,0,0,0.025638297,1
57090,0,1,0.79975533,0
57091,1,1,1.0,1
57092,0,1,0.8244619,0
57093,0,0,0.27786472,1
57094,0,0,0.065604836,1
57095,0,0,0.19620943,1
57096,0,1,0.9999844,0
57097,0,0,0.30523115,1
57098,0,1,0.35874614,0
57099,0,1,0.5369807,0
57100,0,0,0.016673045,1
57101,0,0,0.18683577,1
57102,1,1,0.99999225,1
57103,1,1,1.0,1
57104,1,1,1.0,1
57105,1,1,0.9999703,1
57106,0,0,0.15456733,1
57107,0,1,1.0,0
57108,1,1,1.0,1
57109,0,0,0.061649624,1
57110,1,1,0.99984884,1
57111,1,1,1.0,1
57112,1,1,0.7912571,1
57113,0,1,0.73961055,0
57114,0,0,0.032313783,1
57115,1,1,1.0,1
57116,0,1,0.99729556,0
57117,1,1,0.9999305,1
57118,0,1,0.99999905,0
57119,0,0,0.02665774,1
57120,1,0,0.12538631,0
57121,1,1,0.99796116,1
57122,1,1,0.9923638,1
57123,1,1,0.4505709,1
57124,0,0,0.256832,1
57125,1,1,0.9781146,1
57126,0,1,0.8500957,0
57127,0,0,0.015906392,1
57128,1,1,0.9999995,1
57129,1,1,0.42736682,1
57130,1,1,0.9223426,1
57131,0,1,0.96073127,0
57132,1,1,0.73192173,1
57133,0,0,0.13852006,1
57134,1,0,0.099382766,0
57135,1,1,0.8988553,1
57136,1,1,0.9233162,1
57137,1,1,1.0,1
57138,1,1,0.95679593,1
57139,0,0,0.04111437,1
57140,0,1,0.39227864,0
57141,1,1,1.0,1
57142,0,1,0.99456257,0
57143,1,0,0.01335085,0
57144,0,0,0.11328496,1
57145,1,1,0.9999999,1
57146,0,0,0.2155158,1
57147,1,1,0.99999964,1
57148,1,1,0.47231838,1
57149,0,0,0.14669742,1
57150,1,1,0.49401885,1
57151,0,0,0.039527465,1
57152,1,1,0.5503053,1
57153,1,1,0.99999595,1
57154,0,1,0.49029663,0
57155,1,1,0.87663436,1
57156,0,0,0.038357977,1
57157,1,1,0.9989837,1
57158,0,0,0.017442483,1
57159,1,0,0.13089524,0
57160,1,1,0.99997294,1
57161,0,1,0.47889435,0
57162,0,1,0.8537909,0
57163,0,1,0.9999039,0
57164,1,1,0.99998605,1
57165,1,1,0.9999964,1
57166,1,0,0.073963374,0
57167,1,1,0.99903595,1
57168,1,1,0.999962,1
57169,0,1,0.8112278,0
57170,0,1,0.6584724,0
57171,1,1,0.9049869,1
57172,1,1,0.99999964,1
57173,0,0,0.09611029,1
57174,1,1,1.0,1
57175,0,0,0.034391105,1
57176,1,0,0.079068,0
57177,1,1,1.0,1
57178,1,1,0.93397486,1
57179,0,0,0.059646945,1
57180,1,1,0.601535,1
57181,1,0,0.15259965,0
57182,0,0,0.30069423,1
57183,0,0,0.31859115,1
57184,1,1,1.0,1
57185,1,1,1.0,1
57186,1,1,1.0,1
57187,1,0,0.0068107303,0
57188,0,1,0.9982317,0
57189,0,1,0.9035498,0
57190,0,1,0.42062932,0
57191,1,1,1.0,1
57192,1,1,1.0,1
57193,1,1,1.0,1
57194,1,1,1.0,1
57195,1,1,0.9999778,1
57196,1,1,1.0,1
57197,1,1,0.9168571,1
57198,0,1,0.8819204,0
57199,1,1,0.9997408,1
57200,0,1,0.8155265,0
57201,1,1,0.9852997,1
57202,1,1,0.6595696,1
57203,0,1,0.8344069,0
57204,0,0,0.07956719,1
57205,1,0,0.1625129,0
57206,0,1,0.537709,0
57207,1,1,0.9999318,1
57208,1,1,0.99998426,1
57209,1,1,0.9995932,1
57210,0,1,0.96557647,0
57211,0,1,0.98771137,0
57212,1,1,0.625724,1
57213,0,1,0.9980122,0
57214,0,0,0.20071429,1
57215,0,0,0.11486404,1
57216,1,0,0.1305069,0
57217,1,1,0.9998067,1
57218,0,0,0.11436852,1
57219,0,0,0.05218253,1
57220,1,1,0.6572635,1
57221,0,0,0.024030639,1
57222,0,0,0.014899643,1
57223,0,0,0.047958106,1
57224,0,0,0.08811155,1
57225,0,1,0.4461327,0
57226,1,1,0.9970247,1
57227,0,1,0.48267296,0
57228,0,1,0.5115336,0
57229,1,1,1.0,1
57230,0,0,0.07198163,1
57231,0,1,0.9998104,0
57232,1,1,1.0,1
57233,0,0,0.11279541,1
57234,1,0,0.30533472,0
57235,1,1,0.99896574,1
57236,0,0,0.23651622,1
57237,1,1,1.0,1
57238,1,0,0.02532306,0
57239,1,1,0.9990169,1
57240,0,1,0.5641585,0
57241,1,0,0.21493848,0
57242,0,0,0.0057974006,1
57243,0,1,0.8882751,0
57244,1,1,1.0,1
57245,0,0,0.13980691,1
57246,1,0,0.10622612,0
57247,1,1,1.0,1
57248,1,1,0.6282364,1
57249,0,1,0.99994373,0
57250,1,1,1.0,1
57251,1,1,0.99999666,1
57252,1,1,0.9711565,1
57253,0,0,0.09057448,1
57254,1,1,0.9142907,1
57255,0,1,0.99999964,0
57256,1,1,1.0,1
57257,0,1,0.46007663,0
57258,1,0,0.033431362,0
57259,0,1,0.4526871,0
57260,0,0,0.18735561,1
57261,1,1,0.99999976,1
57262,0,1,0.5481898,0
57263,1,1,1.0,1
57264,1,1,0.99369794,1
57265,0,1,0.9916358,0
57266,1,1,0.99724776,1
57267,0,1,0.99938214,0
57268,1,1,0.99999964,1
57269,0,1,0.9871293,0
57270,1,0,0.20850107,0
57271,0,0,0.06650853,1
57272,0,1,0.6782737,0
57273,1,0,0.07921033,0
57274,1,1,1.0,1
57275,0,1,0.65671337,0
57276,1,1,0.9260366,1
57277,0,0,0.28731766,1
57278,1,1,0.9999094,1
57279,1,1,0.99882823,1
57280,0,1,0.5866413,0
57281,1,1,0.9771756,1
57282,0,0,0.2914848,1
57283,1,1,0.9985306,1
57284,0,1,0.9595731,0
57285,1,1,0.969469,1
57286,0,1,0.99994326,0
57287,0,1,0.4018638,0
57288,1,1,0.8369547,1
57289,0,1,0.9327602,0
57290,1,1,0.9321451,1
57291,1,0,0.07835981,0
57292,0,1,0.9726495,0
57293,1,1,0.9999999,1
57294,0,0,0.052960765,1
57295,0,0,0.037291814,1
57296,1,1,0.5196432,1
57297,0,1,0.99964654,0
57298,1,1,0.99999976,1
57299,0,0,0.019681409,1
57300,0,1,0.64248854,0
57301,0,0,0.09186979,1
57302,0,1,0.6613216,0
57303,1,1,0.9999976,1
57304,0,1,0.881513,0
57305,0,1,0.36653307,0
57306,0,1,0.50744575,0
57307,0,1,0.48834443,0
57308,1,1,1.0,1
57309,1,0,0.2536761,0
57310,0,0,0.003907215,1
57311,1,0,0.18010665,0
57312,0,1,0.8543993,0
57313,0,1,0.9451974,0
57314,0,1,0.89706576,0
57315,1,1,0.4136548,1
57316,1,1,1.0,1
57317,0,1,0.9916033,0
57318,1,1,0.9999999,1
57319,0,0,0.12576161,1
57320,1,1,0.99999976,1
57321,1,1,0.62503767,1
57322,1,1,1.0,1
57323,0,1,0.9038049,0
57324,1,0,0.060418423,0
57325,1,1,0.99575186,1
57326,1,1,0.81669897,1
57327,1,0,0.03551094,0
57328,0,1,0.9913726,0
57329,1,1,1.0,1
57330,0,1,0.3690308,0
57331,1,1,0.98609793,1
57332,1,1,0.99437994,1
57333,0,0,0.0045032725,1
57334,0,1,0.99808455,0
57335,1,1,0.8006141,1
57336,0,0,0.08464396,1
57337,0,1,0.9713201,0
57338,0,1,0.9979771,0
57339,0,0,0.092359796,1
57340,0,1,0.9999987,0
57341,0,1,1.0,0
57342,0,1,0.9981104,0
57343,0,1,0.38658974,0
57344,1,1,1.0,1
57345,1,1,0.99996936,1
57346,0,0,0.10239443,1
57347,1,0,0.15090261,0
57348,0,0,0.24409263,1
57349,1,1,0.99999964,1
57350,1,1,1.0,1
57351,1,1,0.99999905,1
57352,1,0,0.3106944,0
57353,0,1,0.9627783,0
57354,0,0,0.14223188,1
57355,1,1,1.0,1
57356,1,1,0.44155258,1
57357,0,1,0.5876473,0
57358,0,1,0.9576754,0
57359,0,0,0.04535258,1
57360,1,0,0.018707229,0
57361,1,1,0.95418006,1
57362,1,0,0.11289317,0
57363,0,0,0.036356665,1
57364,1,0,0.27963173,0
57365,1,0,0.15266278,0
57366,0,0,0.026506122,1
57367,1,1,0.9991689,1
57368,1,1,0.9999999,1
57369,1,1,0.99700147,1
57370,1,1,1.0,1
57371,1,0,0.015014747,0
57372,0,1,0.9984269,0
57373,0,1,0.5267688,0
57374,0,1,0.83004373,0
57375,0,1,0.87191176,0
57376,1,1,0.5444381,1
57377,0,0,0.08977329,1
57378,1,0,0.0946777,0
57379,0,1,0.9999913,0
57380,0,1,0.8844391,0
57381,1,1,0.6196439,1
57382,0,0,0.09645018,1
57383,1,1,1.0,1
57384,0,1,0.9811849,0
57385,0,0,0.011309892,1
57386,1,0,0.07250525,0
57387,0,0,0.004972596,1
57388,0,0,0.11299101,1
57389,0,1,0.97923523,0
57390,1,1,0.99996626,1
57391,1,1,1.0,1
57392,0,0,0.11526177,1
57393,1,1,0.9450455,1
57394,0,0,0.27096224,1
57395,1,1,1.0,1
57396,1,1,0.99862766,1
57397,1,1,0.9933717,1
57398,0,1,0.9142142,0
57399,1,0,0.2162597,0
57400,0,0,0.16085833,1
57401,0,1,0.99832565,0
57402,0,0,0.09033343,1
57403,1,1,0.9995753,1
57404,0,0,0.0041179177,1
57405,1,1,0.97628796,1
57406,0,0,0.04377274,1
57407,0,1,0.78099674,0
57408,0,1,0.999884,0
57409,0,1,0.99998045,0
57410,1,0,0.071396716,0
57411,1,1,0.99941957,1
57412,1,1,0.9999633,1
57413,0,1,0.53327596,0
57414,1,1,0.9999976,1
57415,0,0,0.30689043,1
57416,1,1,0.9999995,1
57417,1,0,0.17476209,0
57418,0,0,0.0818861,1
57419,0,0,0.0140907345,1
57420,1,1,1.0,1
57421,0,1,0.99674594,0
57422,1,1,1.0,1
57423,1,1,0.9999987,1
57424,1,0,0.05315703,0
57425,0,1,0.9993724,0
57426,1,1,0.5977253,1
57427,1,1,0.9975751,1
57428,1,1,0.99994373,1
57429,0,1,0.64069206,0
57430,0,1,0.9932811,0
57431,0,1,0.4412215,0
57432,0,0,0.08593914,1
57433,1,0,0.343617,0
57434,1,1,0.85919183,1
57435,1,1,0.9999833,1
57436,1,1,0.9999732,1
57437,0,0,0.29254478,1
57438,1,0,0.07423137,0
57439,1,0,0.24095315,0
57440,0,1,0.9999478,0
57441,1,1,0.99999976,1
57442,0,0,0.1481088,1
57443,1,0,0.050470848,0
57444,1,1,0.99999917,1
57445,1,1,0.99999654,1
57446,1,1,1.0,1
57447,0,1,0.38450763,0
57448,0,1,0.9812928,0
57449,0,1,0.8821236,0
57450,1,1,1.0,1
57451,1,1,0.9995883,1
57452,0,1,0.9992175,0
57453,0,0,0.05775844,1
57454,1,1,1.0,1
57455,1,1,0.98498523,1
57456,1,0,0.0374323,0
57457,0,0,0.27503234,1
57458,1,1,0.9998977,1
57459,1,0,0.0007307537,0
57460,1,0,0.022521457,0
57461,1,1,0.98953116,1
57462,1,0,0.0729663,0
57463,1,1,1.0,1
57464,0,0,0.0016842226,1
57465,0,1,0.5664982,0
57466,0,1,0.9999652,0
57467,0,1,0.8037906,0
57468,0,0,0.13822897,1
57469,1,1,0.6673103,1
57470,1,0,0.05899303,0
57471,0,0,0.25404602,1
57472,0,0,0.027874898,1
57473,1,1,0.99997747,1
57474,0,1,0.42862198,0
57475,0,0,0.31489265,1
57476,1,1,0.99999917,1
57477,1,1,1.0,1
57478,1,1,0.99879336,1
57479,0,0,0.0349467,1
57480,0,0,0.0046818224,1
57481,0,0,0.19977595,1
57482,1,1,0.9875683,1
57483,0,1,0.82204634,0
57484,0,1,0.92643696,0
57485,1,1,0.55109054,1
57486,1,0,0.14566138,0
57487,1,1,1.0,1
57488,0,0,0.30131063,1
57489,0,1,0.6512995,0
57490,0,0,0.24184734,1
57491,0,0,0.07191642,1
57492,0,0,0.026912306,1
57493,1,1,0.42590365,1
57494,0,1,0.92206234,0
57495,1,0,0.09636511,0
57496,0,1,0.88543355,0
57497,1,0,0.006837205,0
57498,1,1,0.98623115,1
57499,0,0,0.085023046,1
57500,0,0,0.10185715,1
57501,1,1,0.99966526,1
57502,1,1,0.9996692,1
57503,1,1,0.9999118,1
57504,1,0,0.27708158,0
57505,0,1,0.9976586,0
57506,1,0,0.031143833,0
57507,1,1,1.0,1
57508,0,0,0.022011232,1
57509,1,0,0.11201595,0
57510,0,0,0.07921033,1
57511,1,1,0.99932814,1
57512,1,0,0.26246354,0
57513,1,1,0.99983716,1
57514,0,1,0.5200698,0
57515,1,1,0.60141796,1
57516,1,1,0.37370437,1
57517,0,0,0.1320102,1
57518,1,1,1.0,1
57519,1,1,0.9999943,1
57520,1,1,0.9999999,1
57521,0,1,0.80170304,0
57522,1,1,0.9552357,1
57523,0,0,0.04560694,1
57524,1,1,0.9904591,1
57525,0,0,0.085785836,1
57526,1,1,1.0,1
57527,0,0,0.017746313,1
57528,0,1,0.9604354,0
57529,1,1,0.8583628,1
57530,0,0,0.07204689,1
57531,1,1,0.99999774,1
57532,1,1,0.9999989,1
57533,1,0,0.02368947,0
57534,1,1,1.0,1
57535,0,0,0.08977329,1
57536,1,1,0.98752034,1
57537,0,1,0.9594972,0
57538,1,1,1.0,1
57539,0,1,0.99004436,0
57540,0,0,0.31331474,1
57541,0,0,0.01083937,1
57542,1,1,0.99987113,1
57543,1,1,0.8818186,1
57544,1,0,0.1320102,0
57545,0,1,0.99644804,0
57546,0,0,0.037538007,1
57547,1,1,0.99988174,1
57548,0,1,0.39361808,0
57549,1,1,1.0,1
57550,0,1,0.5360093,0
57551,1,1,0.9725715,1
57552,1,1,0.99999917,1
57553,0,1,0.9500415,0
57554,0,1,0.98961186,0
57555,0,0,0.23414387,1
57556,1,1,0.4541998,1
57557,0,1,0.41303316,0
57558,1,0,0.21675669,0
57559,1,1,0.852813,1
57560,1,0,0.24041773,0
57561,1,1,0.99995697,1
57562,0,0,0.17667161,1
57563,0,0,0.11289317,1
57564,0,0,0.20721471,1
57565,0,0,0.1894461,1
57566,1,1,0.99999964,1
57567,1,0,0.021328082,0
57568,0,1,0.9764681,0
57569,1,0,0.1447523,0
57570,0,0,0.081154905,1
57571,0,0,0.032283258,1
57572,0,1,0.99784267,0
57573,1,1,0.48441058,1
57574,1,1,0.99881905,1
57575,0,0,0.0871745,1
57576,1,1,0.99963164,1
57577,0,1,0.9982212,0
57578,0,0,0.07758752,1
57579,0,0,0.24716878,1
57580,1,1,0.88263035,1
57581,1,0,0.19178137,0
57582,0,1,0.98942953,0
57583,0,1,0.99998367,0
57584,1,1,0.9999522,1
57585,1,0,0.34152758,0
57586,1,1,0.99997675,1
57587,1,1,0.9487276,1
57588,0,0,0.07821887,1
57589,0,1,0.592195,0
57590,1,1,0.909907,1
57591,0,0,0.03680407,1
57592,1,1,0.9999795,1
57593,1,0,0.027428541,0
57594,1,0,0.040692955,0
57595,1,1,0.999723,1
57596,0,0,0.06903792,1
57597,1,1,1.0,1
57598,1,1,0.97285664,1
57599,0,0,0.1813357,1
57600,1,1,0.5103745,1
57601,1,1,0.8750415,1
57602,0,0,0.19185705,1
57603,1,1,0.983597,1
57604,0,0,0.012053779,1
57605,1,1,1.0,1
57606,1,1,1.0,1
57607,0,1,1.0,0
57608,1,1,0.99982184,1
57609,1,0,0.24653336,0
57610,1,1,0.49407983,1
57611,0,1,0.9749884,0
57612,1,1,0.87450653,1
57613,1,1,1.0,1
57614,0,0,0.22151904,1
57615,1,1,0.9984269,1
57616,1,1,1.0,1
57617,1,1,0.9999999,1
57618,1,0,0.057229258,0
57619,1,1,0.9482025,1
57620,1,0,0.006217078,0
57621,0,1,0.7940658,0
57622,0,1,0.9692369,0
57623,0,0,0.21535073,1
57624,0,1,0.84453726,0
57625,1,1,0.99958676,1
57626,1,0,0.16728666,0
57627,1,1,0.9999993,1
57628,0,0,0.09033343,1
57629,1,1,0.7764535,1
57630,1,1,0.99995315,1
57631,0,1,0.9991672,0
57632,1,1,0.88373864,1
57633,0,0,0.2155158,1
57634,0,1,0.9510514,0
57635,0,1,0.9916196,0
57636,1,1,0.7536933,1
57637,0,0,0.13563229,1
57638,0,1,0.6965263,0
57639,1,1,1.0,1
57640,1,1,0.9999999,1
57641,1,1,0.9999473,1
57642,1,1,0.9952632,1
57643,1,1,0.9993988,1
57644,1,0,0.12592277,0
57645,1,0,0.00069324224,0
57646,1,1,1.0,1
57647,1,1,1.0,1
57648,0,1,0.9097468,0
57649,1,1,0.9702116,1
57650,1,1,0.98134655,1
57651,1,1,1.0,1
57652,1,1,0.86916035,1
57653,1,0,0.056652427,0
57654,1,1,0.8262917,1
57655,1,1,0.71844625,1
57656,0,0,0.24972162,1
57657,1,1,1.0,1
57658,1,1,0.9776072,1
57659,0,1,0.5076288,0
57660,0,0,0.009540926,1
57661,1,1,0.68516004,1
57662,0,1,0.9647556,0
57663,1,1,0.98190993,1
57664,1,0,0.1185891,0
57665,1,1,0.9928092,1
57666,0,1,0.8168451,0
57667,0,0,0.325735,1
57668,0,0,0.19667186,1
57669,0,0,0.05775844,1
57670,1,1,1.0,1
57671,1,1,0.9009663,1
57672,0,1,0.7602949,0
57673,1,1,1.0,1
57674,0,0,0.06797852,1
57675,1,1,0.7566274,1
57676,1,0,0.06693421,0
57677,0,0,0.0548532,1
57678,0,1,0.4924322,0
57679,0,0,0.03027187,1
57680,1,0,0.025883388,0
57681,1,1,0.9713746,1
57682,1,1,0.43728274,1
57683,1,1,0.99029154,1
57684,1,0,0.19314739,0
57685,0,0,0.117774926,1
57686,0,1,0.55615854,0
57687,0,1,0.39094082,0
57688,1,1,0.99856746,1
57689,0,0,0.06681232,1
57690,0,0,0.10275402,1
57691,1,1,0.99962807,1
57692,1,1,0.9995584,1
57693,1,0,0.1237887,0
57694,0,0,0.0023688741,1
57695,1,1,0.99997103,1
57696,0,1,0.592195,0
57697,1,1,1.0,1
57698,0,1,0.9433476,0
57699,0,0,0.114963345,1
57700,0,1,0.528503,0
57701,1,1,0.99746895,1
57702,0,0,0.02973191,1
57703,0,0,0.013248331,1
57704,0,0,0.13863662,1
57705,0,1,0.9216402,0
57706,1,1,0.9999696,1
57707,1,0,0.3054383,0
57708,0,0,0.15823938,1
57709,1,1,0.44179344,1
57710,1,1,0.9998691,1
57711,0,0,0.07490528,1
57712,1,0,0.308711,0
57713,1,1,0.9999926,1
57714,0,0,0.13483287,1
57715,0,0,0.24220563,1
57716,0,1,0.51458323,0
57717,0,0,0.111434445,1
57718,1,1,0.99997187,1
57719,0,0,0.05470151,1
57720,1,1,0.46344426,1
57721,0,0,0.11095189,1
57722,1,1,0.9944666,1
57723,0,0,0.20617388,1
57724,0,1,0.9972531,0
57725,0,1,0.9957353,0
57726,1,1,0.99997413,1
57727,0,1,0.84834504,0
57728,1,1,0.99903595,1
57729,1,1,0.91436726,1
57730,1,1,0.99999774,1
57731,1,1,0.9500415,1
57732,0,0,0.08819005,1
57733,0,1,0.6215983,0
57734,0,0,0.01578456,1
57735,0,0,0.095940754,1
57736,0,0,0.03138043,1
57737,1,1,0.8547634,1
57738,0,1,0.9816127,0
57739,0,1,0.9998702,0
57740,1,0,0.12597652,0
57741,0,1,0.94910634,0
57742,1,1,0.9914225,1
57743,1,1,0.8641959,1
57744,1,1,0.38263154,1
57745,1,1,0.99998605,1
57746,0,0,0.3485897,1
57747,1,0,0.19977595,0
57748,0,1,0.9987306,0
57749,0,0,0.04616273,1
57750,0,0,0.03594832,1
57751,1,1,1.0,1
57752,0,1,0.9985619,0
57753,1,1,0.99915075,1
57754,1,0,0.24544656,0
57755,1,0,0.03442355,0
57756,0,0,0.010052368,1
57757,1,1,0.58587146,1
57758,0,1,0.9999976,0
57759,1,0,0.04689926,0
57760,0,0,0.06542547,1
57761,0,0,0.01990879,1
57762,0,1,0.914977,0
57763,1,1,1.0,1
57764,1,1,1.0,1
57765,1,1,0.9973008,1
57766,1,1,0.6246942,1
57767,1,1,1.0,1
57768,0,0,0.13375428,1
57769,0,0,0.061649624,1
57770,0,0,0.15520647,1
57771,1,1,0.38387227,1
57772,0,0,0.21526824,1
57773,1,0,0.15297888,0
57774,1,1,1.0,1
57775,1,1,0.9975274,1
57776,1,1,0.99998176,1
57777,0,1,0.8830344,0
57778,0,1,0.5439536,0
57779,0,0,0.11211313,1
57780,1,1,0.9973888,1
57781,0,1,0.544317,0
57782,1,1,0.9999318,1
57783,0,0,0.13586143,1
57784,1,1,0.9982692,1
57785,1,1,0.77381516,1
57786,0,1,0.9554855,0
57787,0,0,0.23231015,1
57788,0,1,0.8510886,0
57789,1,1,1.0,1
57790,1,1,0.97587764,1
57791,0,0,0.0689125,1
57792,0,0,0.06255973,1
57793,1,1,1.0,1
57794,0,1,0.99999833,0
57795,1,1,0.9999808,1
57796,0,0,0.061649624,1
57797,0,0,0.03132112,1
57798,1,1,0.9872773,1
57799,1,1,0.9999777,1
57800,1,0,0.020586777,0
57801,0,1,0.9224824,0
57802,1,1,0.99999976,1
57803,1,1,0.77381516,1
57804,1,1,1.0,1
57805,1,1,0.48581314,1
57806,0,0,0.031499382,1
57807,1,1,0.99999964,1
57808,0,1,0.42703825,0
57809,0,0,0.18535665,1
57810,0,1,0.85536855,0
57811,0,1,0.8850366,0
57812,1,1,0.8101787,1
57813,1,0,0.052862898,0
57814,0,1,0.99389064,0
57815,0,0,0.13863662,1
57816,0,0,0.12199923,1
57817,1,0,0.091220066,0
57818,0,0,0.05179748,1
57819,0,0,0.10356715,1
57820,1,1,0.92366123,1
57821,1,1,0.9999914,1
57822,1,1,0.8924688,1
57823,1,1,0.98478174,1
57824,0,0,0.014559519,1
57825,1,1,0.993255,1
57826,0,0,0.16505408,1
57827,0,0,0.03237491,1
57828,0,0,0.1979091,1
57829,1,0,0.07551658,0
57830,0,1,1.0,0
57831,0,1,0.63697433,0
57832,1,1,0.99999666,1
57833,1,1,0.99957854,1
57834,1,0,0.0672398,0
57835,1,1,0.9999999,1
57836,1,1,0.9984988,1
57837,1,1,0.9284088,1
57838,1,1,0.9556928,1
57839,1,0,0.021512313,0
57840,0,1,0.99952996,0
57841,1,1,0.6579231,1
57842,1,1,1.0,1
57843,1,0,0.18579942,0
57844,1,1,0.9801293,1
57845,1,1,0.89715594,1
57846,1,1,0.99999905,1
57847,1,0,0.27488634,0
57848,1,1,1.0,1
57849,1,0,0.25767168,0
57850,1,0,0.06614567,0
57851,0,1,0.8822251,0
57852,0,1,1.0,0
57853,0,0,0.2303133,1
57854,1,1,0.9986356,1
57855,1,1,0.99999785,1
57856,0,0,0.11037522,1
57857,0,0,0.09929539,1
57858,0,0,0.3475925,1
57859,0,1,0.99999774,0
57860,0,1,0.6906113,0
57861,1,1,0.9856353,1
57862,0,0,0.118946835,1
57863,0,1,0.42286208,0
57864,1,1,1.0,1
57865,0,0,0.017028963,1
57866,0,1,0.9997478,0
57867,0,0,0.022999303,1
57868,1,1,0.39484248,1
57869,0,1,0.39808467,0
57870,0,1,0.40792292,0
57871,0,0,0.17231107,1
57872,0,1,0.79865825,0
57873,0,1,0.5432874,0
57874,0,1,0.8863221,0
57875,0,1,0.37353298,0
57876,0,0,0.016215032,1
57877,1,1,0.9999722,1
57878,1,1,0.9888204,1
57879,0,0,0.04556445,1
57880,1,1,0.7962924,1
57881,0,1,0.49450707,0
57882,0,0,0.054449577,1
57883,0,1,0.7107789,0
57884,1,1,0.97991896,1
57885,1,1,0.99999964,1
57886,1,0,0.24006127,0
57887,1,1,0.99637127,1
57888,1,1,0.99997294,1
57889,0,1,1.0,0
57890,1,0,0.1930713,0
57891,0,0,0.07843036,1
57892,1,1,0.96672606,1
57893,0,0,0.021491766,1
57894,0,1,0.7258916,0
57895,1,1,0.99497885,1
57896,0,1,0.9975466,0
57897,0,0,0.06878729,1
57898,0,0,0.12945776,1
57899,0,0,0.31912136,1
57900,0,1,0.820757,0
57901,1,1,0.9978173,1
57902,1,0,0.26123667,0
57903,0,0,0.15778463,1
57904,0,1,0.78282857,0
57905,1,1,0.9584212,1
57906,0,1,0.8641959,0
57907,1,1,0.9672869,1
57908,0,1,0.999998,0
57909,1,1,0.8864204,1
57910,0,1,0.9914556,0
57911,1,1,0.9986749,1
57912,1,0,0.0658447,0
57913,0,1,0.67752737,0
57914,0,0,0.08359068,1
57915,1,1,0.69196594,1
57916,1,1,0.9886464,1
57917,1,1,0.9999747,1
57918,0,1,0.97601515,0
57919,1,1,0.99135584,1
57920,1,1,1.0,1
57921,1,1,0.98835784,1
57922,0,0,0.09868569,1
57923,1,0,0.023219766,0
57924,1,1,0.9997198,1
57925,1,0,0.025492331,0
57926,0,1,0.42271313,0
57927,0,0,0.053849373,1
57928,0,0,0.11951087,1
57929,1,1,0.99999976,1
57930,1,1,1.0,1
57931,1,1,0.99999964,1
57932,0,0,0.08262328,1
57933,1,1,0.9999989,1
57934,1,1,0.6438333,1
57935,0,1,0.64293706,0
57936,0,0,0.04296247,1
57937,0,0,0.1292378,1
57938,0,0,0.029986508,1
57939,0,0,0.21518578,1
57940,1,0,0.25339884,0
57941,1,1,0.9993625,1
57942,1,1,0.9650533,1
57943,1,1,1.0,1
57944,0,1,0.94901186,0
57945,0,1,0.8646537,0
57946,1,1,0.9916033,1
57947,1,1,0.98067343,1
57948,1,1,0.8932163,1
57949,1,1,0.9999827,1
57950,0,1,0.44851685,0
57951,0,1,0.75913614,0
57952,1,1,0.99344844,1
57953,1,1,0.99992514,1
57954,0,0,0.10266401,1
57955,0,1,0.98677725,0
57956,1,1,0.54691964,1
57957,1,1,0.8344069,1
57958,0,1,0.999884,0
57959,0,0,0.13735881,1
57960,0,1,0.62377805,0
57961,0,0,0.09017308,1
57962,1,1,0.9276915,1
57963,1,1,0.7832433,1
57964,0,1,0.6673103,0
57965,1,1,0.8410439,1
57966,0,0,0.2403286,1
57967,1,0,0.01533582,0
57968,0,1,0.9998191,0
57969,0,0,0.15765488,1
57970,1,1,1.0,1
57971,1,1,0.996852,1
57972,1,1,0.99999416,1
57973,0,0,0.26402614,1
57974,1,1,0.9999994,1
57975,1,1,0.9998859,1
57976,0,0,0.31284216,1
57977,1,1,0.86703575,1
57978,1,1,0.99986124,1
57979,1,0,0.055926174,0
57980,1,0,0.15052764,0
57981,1,1,0.5843898,1
57982,0,1,0.9999993,0
57983,1,1,0.99988985,1
57984,0,0,0.06717857,1
57985,1,1,0.73115456,1
57986,1,1,0.9999999,1
57987,0,0,0.11516222,1
57988,1,1,0.99999523,1
57989,1,1,0.99999213,1
57990,1,1,1.0,1
57991,1,1,0.9999869,1
57992,0,0,0.11075938,1
57993,1,1,0.99986815,1
57994,0,1,0.42122445,0
57995,0,1,0.7807461,0
57996,0,0,0.24653336,1
57997,1,1,0.85633236,1
57998,1,1,0.39056298,1
57999,0,1,0.9999938,0
58000,0,1,0.73492885,0
58001,1,1,0.9999944,1
58002,0,0,0.083965465,1
58003,1,1,0.999828,1
58004,0,1,0.91398406,0
58005,0,0,0.09334689,1
58006,0,1,0.4600463,0
58007,0,1,0.65748346,0
58008,1,1,0.995793,1
58009,1,0,0.058560826,0
58010,0,1,0.9620719,0
58011,0,1,0.9976993,0
58012,0,0,0.056652427,1
58013,1,1,1.0,1
58014,1,0,0.028167473,0
58015,1,1,1.0,1
58016,0,0,0.009485712,1
58017,0,0,0.28766775,1
58018,1,1,1.0,1
58019,0,0,0.06985836,1
58020,1,1,0.9918121,1
58021,1,0,0.021927299,0
58022,0,0,0.014957087,1
58023,1,1,0.551936,1
58024,0,0,0.18206167,1
58025,0,0,0.019794779,1
58026,0,1,0.9364014,0
58027,0,0,0.2338813,1
58028,0,1,0.9864938,0
58029,1,1,0.9996561,1
58030,0,1,0.9786107,0
58031,1,1,0.9955835,1
58032,0,1,0.9713201,0
58033,1,1,0.531027,1
58034,0,1,0.72676516,0
58035,0,1,0.9819447,0
58036,1,1,0.7947835,1
58037,0,1,1.0,0
58038,1,1,1.0,1
58039,0,0,0.10365786,1
58040,1,1,0.96381396,1
58041,1,1,0.9999994,1
58042,1,1,0.99999046,1
58043,1,1,1.0,1
58044,0,1,0.6632874,0
58045,0,1,0.9109423,0
58046,0,1,0.35482422,0
58047,0,0,0.20817894,1
58048,1,0,0.024214549,0
58049,1,1,0.999071,1
58050,0,0,0.02876159,1
58051,1,1,0.4670279,1
58052,1,1,1.0,1
58053,1,1,0.8623516,1
58054,1,1,0.9998894,1
58055,1,1,0.9999902,1
58056,0,1,0.9964412,0
58057,0,1,0.99999857,0
58058,1,1,0.7657686,1
58059,0,1,0.4395669,0
58060,0,0,0.16532342,1
58061,0,0,0.13998318,1
58062,0,0,0.20204929,1
58063,0,0,0.19490358,1
58064,0,1,0.999688,0
58065,1,1,0.9990264,1
58066,0,0,0.076683804,1
58067,1,1,0.9999865,1
58068,1,1,0.9999999,1
58069,1,0,0.09501305,0
58070,0,0,0.24990462,1
58071,0,1,0.99415743,0
58072,0,0,0.16844618,1
58073,1,1,0.9999999,1
58074,0,1,0.8362874,0
58075,1,0,0.04611975,0
58076,0,0,0.03989989,1
58077,0,0,0.22901753,1
58078,1,0,0.010130412,0
58079,0,0,0.13649327,1
58080,1,1,0.99916553,1
58081,1,1,0.99999917,1
58082,0,1,0.4375231,0
58083,0,0,0.01096574,1
58084,1,0,0.07185127,0
58085,0,0,0.07835981,1
58086,0,0,0.05981148,1
58087,1,0,0.22644132,0
58088,1,1,1.0,1
58089,0,0,0.07204689,1
58090,0,1,0.96518475,0
58091,1,0,0.0012943681,0
58092,1,1,0.5040893,1
58093,0,0,0.016737208,1
58094,1,1,0.99999976,1
58095,0,0,0.33296075,1
58096,1,1,0.99960107,1
58097,1,1,0.9998148,1
58098,1,1,0.9999615,1
58099,1,1,0.5161992,1
58100,0,1,0.49969485,0
58101,0,0,0.08240149,1
58102,1,1,0.99554896,1
58103,1,1,1.0,1
58104,0,1,0.99999654,0
58105,1,0,0.11576064,0
58106,1,1,0.9996567,1
58107,1,1,0.99999857,1
58108,0,0,0.045862667,1
58109,0,1,0.9998097,0
58110,1,1,0.40256825,1
58111,1,1,0.9999999,1
58112,1,1,0.68156785,1
58113,0,1,1.0,0
58114,1,1,0.75219464,1
58115,0,1,0.6225167,0
58116,0,0,0.008933403,1
58117,0,1,0.6730305,0
58118,0,1,0.9977525,0
58119,0,0,0.1201288,1
58120,1,1,0.9831822,1
58121,0,0,0.14897339,1
58122,1,1,1.0,1
58123,0,0,0.27048025,1
58124,1,1,0.999966,1
58125,1,1,0.9951041,1
58126,1,1,0.9990728,1
58127,0,0,0.024869107,1
58128,0,1,0.99999774,0
58129,1,1,1.0,1
58130,1,1,0.99999785,1
58131,1,1,0.982524,1
58132,0,1,0.7334996,0
58133,1,0,0.21321328,0
58134,1,1,0.38124838,1
58135,0,0,0.012455653,1
58136,1,1,0.99983585,1
58137,1,1,0.4924322,1
58138,0,0,0.1336412,1
58139,0,0,0.032283258,1
58140,1,1,0.9884919,1
58141,1,1,0.9999999,1
58142,1,1,1.0,1
58143,0,1,0.9368073,0
58144,1,1,0.99996054,1
58145,1,1,1.0,1
58146,1,0,0.07538034,0
58147,1,1,0.99036634,1
58148,0,0,0.040087357,1
58149,1,1,0.9850285,1
58150,1,0,0.021267017,0
58151,1,1,1.0,1
58152,1,1,1.0,1
58153,1,1,1.0,1
58154,1,1,0.9999039,1
58155,1,0,0.06244529,0
58156,0,0,0.067546695,1
58157,0,0,0.030243218,1
58158,1,0,0.010169658,0
58159,0,1,0.89256257,0
58160,1,1,0.9364014,1
58161,1,1,0.9997154,1
58162,1,1,0.99998164,1
58163,0,1,0.7255028,0
58164,1,1,0.86036915,1
58165,1,1,0.99983585,1
58166,1,1,0.9999528,1
58167,0,0,0.17953056,1
58168,1,1,0.40895522,1
58169,1,1,0.99997854,1
58170,1,1,0.99999523,1
58171,1,1,0.99961627,1
58172,0,0,0.32869104,1
58173,1,1,0.9999919,1
58174,0,0,0.0815929,1
58175,0,1,0.888372,0
58176,1,1,0.99973255,1
58177,0,1,0.8406518,0
58178,0,1,0.78340906,0
58179,0,0,0.122733355,1
58180,0,0,0.21717146,1
58181,1,1,0.99998,1
58182,0,0,0.04505753,1
58183,1,1,0.9999999,1
58184,0,1,0.93980294,0
58185,0,0,0.032009803,1
58186,0,0,0.032252766,1
58187,1,0,0.04377274,0
58188,0,0,0.114665605,1
58189,0,0,0.03213106,1
58190,1,1,0.84221536,1
58191,1,1,1.0,1
58192,1,1,0.99703634,1
58193,0,1,0.99999094,0
58194,0,1,0.9329437,0
58195,1,1,0.99930406,1
58196,0,1,0.75815266,0
58197,0,0,0.29386023,1
58198,1,0,0.018159512,0
58199,1,0,0.34571248,0
58200,1,1,0.99953353,1
58201,0,1,0.6229756,0
58202,1,1,0.99999297,1
58203,0,1,0.57242405,0
58204,1,0,0.06973154,0
58205,1,1,0.99946314,1
58206,1,1,0.99384296,1
58207,0,1,0.99900913,0
58208,0,0,0.2897735,1
58209,1,0,0.20705435,0
58210,1,0,0.04560694,0
58211,0,0,0.0248928,1
58212,1,0,0.020004287,0
58213,0,0,0.06941548,1
58214,1,1,1.0,1
58215,0,1,0.99855906,0
58216,0,0,0.14946929,1
58217,1,1,0.93071055,1
58218,0,0,0.20809844,1
58219,0,1,0.95473194,0
58220,0,0,0.07290027,1
58221,0,0,0.09696201,1
58222,0,0,0.14336753,1
58223,1,1,0.95159405,1
58224,0,0,0.27879643,1
58225,1,1,0.99999726,1
58226,0,0,0.08240149,1
58227,0,1,1.0,0
58228,0,0,0.049222115,1
58229,0,0,0.054499876,1
58230,0,1,0.99992,0
58231,1,0,0.10734387,0
58232,0,1,0.6539561,0
58233,1,0,0.06244529,0
58234,1,1,0.9999968,1
58235,0,0,0.25404602,1
58236,1,0,0.16238002,0
58237,1,1,1.0,1
58238,0,1,0.9219218,0
58239,1,1,0.48700243,1
58240,1,1,1.0,1
58241,0,0,0.051082734,1
58242,0,1,0.9928924,0
58243,0,1,0.468517,0
58244,1,1,0.99995387,1
58245,0,0,0.06418264,1
58246,1,1,0.9953181,1
58247,0,1,0.9990601,0
58248,0,0,0.019624962,1
58249,0,1,0.9978594,0
58250,1,1,0.45292914,1
58251,1,0,0.13666598,0
58252,1,1,0.9999938,1
58253,0,0,0.03997477,1
58254,1,1,0.99966395,1
58255,0,0,0.07843036,1
58256,1,1,0.9987257,1
58257,1,1,1.0,1
58258,1,1,1.0,1
58259,0,0,0.29808256,1
58260,1,1,0.9999895,1
58261,1,1,0.9995753,1
58262,0,1,0.42468038,0
58263,0,1,0.9999726,0
58264,1,1,0.9295044,1
58265,1,0,0.20197058,0
58266,0,0,0.15121572,1
58267,1,1,0.99996984,1
58268,1,1,0.9916358,1
58269,0,1,0.99459416,0
58270,0,1,0.9702116,0
58271,0,0,0.32311305,1
58272,1,0,0.13139598,0
58273,0,1,0.78091323,0
58274,0,1,0.86025184,0
58275,1,1,0.77713084,1
58276,1,1,0.9999927,1
58277,1,1,0.9999951,1
58278,1,1,0.98913974,1
58279,1,0,0.31447145,0
58280,1,1,0.6391169,1
58281,0,0,0.034036152,1
58282,1,1,0.9996673,1
58283,1,1,0.98667485,1
58284,1,1,0.9646226,1
58285,0,1,0.8789391,0
58286,0,0,0.24328268,1
58287,0,0,0.3317689,1
58288,1,1,0.99999964,1
58289,0,0,0.10613344,1
58290,0,0,0.049635064,1
58291,1,1,0.99999976,1
58292,0,0,0.014985891,1
58293,0,1,0.9941801,0
58294,0,0,0.0763388,1
58295,0,0,0.09342957,1
58296,1,1,0.9893063,1
58297,0,1,0.99998844,0
58298,0,1,0.9005298,0
58299,1,1,0.6397923,1
58300,1,1,0.51006943,1
58301,1,0,0.19185705,0
58302,0,0,0.17189364,1
58303,1,1,0.99456257,1
58304,1,1,0.8499712,1
58305,0,1,0.90590656,0
58306,1,1,0.35248032,1
58307,1,1,0.9999151,1
58308,1,1,0.99908006,1
58309,0,1,0.93599313,0
58310,0,1,0.99988174,0
58311,0,0,0.046551276,1
58312,1,1,0.92924803,1
58313,1,1,0.9999852,1
58314,0,0,0.27815872,1
58315,0,0,0.17738298,1
58316,0,1,0.99985623,0
58317,1,1,1.0,1
58318,1,1,0.9986853,1
58319,1,1,0.9999969,1
58320,1,1,1.0,1
58321,1,0,0.074365705,0
58322,0,1,0.70426184,0
58323,0,1,0.97038054,0
58324,0,1,0.39297727,0
58325,1,1,0.702377,1
58326,1,1,0.9964134,1
58327,1,1,0.99999976,1
58328,1,1,0.9999857,1
58329,1,0,0.047558397,0
58330,0,0,0.14157787,1
58331,0,1,0.58959824,0
58332,1,0,0.1522842,0
58333,1,1,0.99999094,1
58334,1,1,0.8039445,1
58335,1,1,0.9981067,1
58336,0,1,0.42608276,0
58337,0,1,0.6989977,0
58338,0,1,0.96858984,0
58339,0,0,0.0053640567,1
58340,1,1,0.999908,1
58341,0,1,0.97311324,0
58342,0,1,0.947186,0
58343,1,0,0.18447348,0
58344,1,1,0.99996173,1
58345,0,1,0.47530088,0
58346,0,0,0.02532306,1
58347,0,1,0.9375548,0
58348,1,1,0.8233284,1
58349,0,0,0.06359858,1
58350,1,1,0.9604354,1
58351,1,1,0.99994934,1
58352,1,1,0.6288634,1
58353,0,1,0.990732,0
58354,0,0,0.08701921,1
58355,0,1,0.3897207,0
58356,1,1,1.0,1
58357,1,1,0.9976126,1
58358,1,0,0.2168396,0
58359,1,1,0.96210754,1
58360,1,1,0.99999976,1
58361,1,0,0.04836099,0
58362,0,0,0.030502051,1
58363,1,1,0.6117299,1
58364,1,1,0.9901211,1
58365,1,1,1.0,1
58366,1,1,0.771241,1
58367,0,1,0.8554893,0
58368,0,1,0.74186105,0
58369,1,1,1.0,1
58370,1,1,0.47064537,1
58371,0,1,0.9966299,0
58372,1,0,0.24589899,0
58373,1,0,0.023825366,0
58374,0,1,0.95536083,0
58375,1,0,0.07237402,0
58376,0,1,0.5337013,0
58377,1,1,0.9737197,1
58378,0,0,0.018089995,1
58379,1,1,1.0,1
58380,1,1,0.9687676,1
58381,0,0,0.13150749,1
58382,0,1,0.6339203,0
58383,1,0,0.049589023,0
58384,1,1,1.0,1
58385,0,1,0.99999475,0
58386,0,1,0.8838389,0
58387,1,1,0.99999475,1
58388,0,1,0.9935868,0
58389,1,1,0.98888505,1
58390,0,1,0.99182796,0
58391,1,1,1.0,1
58392,1,0,0.026205411,0
58393,1,1,0.99999726,1
58394,0,0,0.021864556,1
58395,1,1,0.4777978,1
58396,1,0,0.18787654,0
58397,0,0,0.063773274,1
58398,1,1,0.99999976,1
58399,1,1,0.99978,1
58400,1,1,0.98569053,1
58401,1,1,0.99941504,1
58402,1,1,0.99999213,1
58403,1,1,0.8847382,1
58404,1,1,0.8697146,1
58405,1,1,0.99871314,1
58406,0,0,0.042206,1
58407,1,1,0.9455505,1
58408,1,1,0.66785204,1
58409,1,1,0.9877823,1
58410,1,0,0.019345101,0
58411,0,0,0.171269,1
58412,0,1,0.9253649,0
58413,0,1,0.61474097,0
58414,0,1,0.9695268,0
58415,0,0,0.06681232,1
58416,1,1,0.9965301,1
58417,1,1,0.9888204,1
58418,1,0,0.024964014,0
58419,1,0,0.20055768,0
58420,0,1,0.9534488,0
58421,0,0,0.2870678,1
58422,1,1,0.9999819,1
58423,0,0,0.19946387,1
58424,1,0,0.13597612,0
58425,0,1,0.9996983,0
58426,0,1,0.5709295,0
58427,1,1,0.9802808,1
58428,0,0,0.2671213,1
58429,0,1,0.84038997,0
58430,1,1,1.0,1
58431,1,1,0.93189764,1
58432,1,1,0.99572706,1
58433,1,1,0.99951124,1
58434,0,0,0.0073173977,1
58435,1,1,0.9997284,1
58436,1,1,0.69601,1
58437,0,0,0.0066025695,1
58438,1,1,1.0,1
58439,1,1,0.8079157,1
58440,0,1,0.9999993,0
58441,0,0,0.021656675,1
58442,0,0,0.30378342,1
58443,1,1,0.9999999,1
58444,0,1,0.9999838,0
58445,1,1,0.9999982,1
58446,1,1,1.0,1
58447,0,0,0.0042315875,1
58448,0,0,0.25441635,1
58449,0,1,0.99486035,0
58450,0,0,0.2927469,1
58451,0,0,0.07544843,1
58452,0,0,0.058078144,1
58453,1,1,1.0,1
58454,1,1,0.99965405,1
58455,1,0,0.053601146,0
58456,1,1,0.99999976,1
58457,1,0,0.03138043,0
58458,1,1,1.0,1
58459,1,0,0.08456833,0
58460,1,0,0.10539455,0
58461,0,0,0.12825193,1
58462,0,1,0.5067745,0
58463,0,1,0.9992931,0
58464,1,1,0.99989843,1
58465,1,1,0.9566747,1
58466,1,1,1.0,1
58467,0,1,0.42602307,0
58468,1,1,0.99997926,1
58469,0,1,0.99973875,0
58470,1,0,0.16776335,0
58471,1,0,0.036838707,0
58472,1,1,0.61398906,1
58473,0,0,0.19444428,1
58474,0,0,0.020864256,1
58475,0,0,0.048092045,1
58476,0,0,0.15335886,1
58477,1,1,0.99998176,1
58478,1,1,0.9977569,1
58479,0,0,0.08028533,1
58480,1,0,0.1434875,0
58481,0,1,0.6569335,0
58482,0,1,0.71814984,0
58483,0,0,0.0140907345,1
58484,1,1,0.8221891,1
58485,1,1,0.9999995,1
58486,0,1,0.56739736,0
58487,1,1,1.0,1
58488,0,0,0.10185715,1
58489,1,1,0.90087914,1
58490,1,1,0.93581736,1
58491,1,1,0.9969897,1
58492,0,1,0.99437994,0
58493,0,0,0.005426944,1
58494,0,0,0.30699432,1
58495,1,1,0.66806865,1
58496,0,1,0.42584395,0
58497,1,1,1.0,1
58498,0,1,0.76795095,0
58499,1,0,0.15546273,0
58500,0,1,0.9896718,0
58501,0,0,0.124905184,1
58502,1,1,0.5003662,1
58503,1,1,0.99997294,1
58504,1,1,0.99999976,1
58505,0,1,0.86613256,0
58506,0,1,0.43764323,0
58507,0,0,0.16384642,1
58508,0,1,0.9999709,0
58509,0,0,0.032620545,1
58510,1,1,1.0,1
58511,1,1,0.9980354,1
58512,1,1,0.9998568,1
58513,1,1,1.0,1
58514,1,1,0.9998795,1
58515,0,1,0.9999031,0
58516,0,1,0.37324739,0
58517,0,0,0.1261379,1
58518,1,1,0.99999523,1
58519,0,0,0.11621123,1
58520,1,1,1.0,1
58521,1,1,0.9999975,1
58522,0,1,0.4368623,0
58523,1,1,0.99979335,1
58524,0,1,0.99999046,0
58525,1,0,0.08509905,0
58526,1,1,1.0,1
58527,1,0,1.3160451e-05,0
58528,0,1,0.9999534,0
58529,0,0,0.06947859,1
58530,0,1,0.43788356,0
58531,0,0,0.089057684,1
58532,1,1,0.94610083,1
58533,1,0,0.05394898,0
58534,1,0,0.09260568,0
58535,1,1,0.36982703,1
58536,1,0,0.11792721,0
58537,0,1,0.9999734,0
58538,0,1,1.0,0
58539,1,1,0.99983394,1
58540,1,0,0.0058881594,0
58541,0,0,0.16708273,1
58542,1,1,0.86385167,1
58543,1,1,0.990732,1
58544,1,1,0.9999999,1
58545,1,1,0.86083776,1
58546,1,1,0.9999125,1
58547,1,1,0.99338466,1
58548,0,0,0.29138398,1
58549,1,1,1.0,1
58550,0,1,0.999433,0
58551,1,1,0.9999999,1
58552,0,1,0.9981863,0
58553,1,1,1.0,1
58554,0,0,0.14712578,1
58555,1,1,0.7325918,1
58556,1,0,0.0135061005,0
58557,1,1,0.99953175,1
58558,1,1,0.58029264,1
58559,1,1,0.50659144,1
58560,0,0,0.078148484,1
58561,1,1,0.8174288,1
58562,1,1,0.8238959,1
58563,1,1,0.99999964,1
58564,1,1,0.9991704,1
58565,1,1,0.5366772,1
58566,0,1,0.781914,0
58567,0,0,0.03803509,1
58568,1,1,0.9999478,1
58569,1,1,0.95938325,1
58570,1,1,0.98507166,1
58571,1,1,0.99996006,1
58572,0,1,0.996271,0
58573,1,1,1.0,1
58574,1,1,1.0,1
58575,0,0,0.040807478,1
58576,1,1,0.9914887,1
58577,0,0,0.0036216853,1
58578,0,0,0.3368762,1
58579,0,0,0.02663241,1
58580,1,0,0.03652812,0
58581,0,0,0.20040116,1
58582,0,0,0.14946929,1
58583,1,1,0.99642736,1
58584,1,1,1.0,1
58585,1,1,1.0,1
58586,0,1,0.99111825,0
58587,1,1,0.7359264,1
58588,0,0,0.13980691,1
58589,0,1,0.9999999,0
58590,0,1,0.4035081,0
58591,1,1,0.9987696,1
58592,1,0,0.039011665,0
58593,1,1,1.0,1
58594,1,1,1.0,1
58595,1,0,0.000990791,0
58596,0,0,0.15178062,1
58597,0,1,0.98469365,0
58598,1,1,0.91102153,1
58599,1,1,0.9999999,1
58600,1,1,1.0,1
58601,0,0,0.022137716,1
58602,1,1,0.9861247,1
58603,1,1,0.4193804,1
58604,1,0,0.050097767,0
58605,0,0,0.30486888,1
58606,1,1,0.6264099,1
58607,0,0,0.006180981,1
58608,1,1,0.9842457,1
58609,0,0,0.2331821,1
58610,0,1,0.91928095,0
58611,1,1,0.91321325,1
58612,0,0,0.068599865,1
58613,0,0,0.027690258,1
58614,1,1,0.9997677,1
58615,0,0,0.14773951,1
58616,0,1,0.9999999,0
58617,0,0,0.024727408,1
58618,0,1,0.6456228,0
58619,1,0,0.3134723,0
58620,1,1,1.0,1
58621,0,0,0.18967113,1
58622,0,1,0.99929166,0
58623,1,1,0.99999917,1
58624,1,1,0.9999994,1
58625,1,1,1.0,1
58626,0,1,0.96557647,0
58627,1,0,0.090494074,0
58628,0,0,0.24023944,1
58629,0,0,0.2887195,1
58630,1,1,0.9231778,1
58631,1,0,0.20979328,0
58632,0,0,0.19528697,1
58633,0,1,0.48002163,0
58634,1,1,1.0,1
58635,1,1,1.0,1
58636,0,0,0.26630956,1
58637,1,1,0.9981178,1
58638,1,1,0.9999865,1
58639,0,1,0.9998313,0
58640,1,0,0.018422542,0
58641,1,0,0.07211221,0
58642,1,1,0.9999999,1
58643,1,0,0.00042058743,0
58644,1,0,0.28537196,0
58645,1,1,0.76304257,1
58646,1,0,0.035310794,0
58647,1,1,0.9981578,1
58648,0,0,0.07956719,1
58649,1,1,0.3918713,1
58650,0,1,0.9963994,0
58651,1,1,0.9994374,1
58652,0,0,0.0038319323,1
58653,1,0,0.2594502,0
58654,0,1,0.9459513,0
58655,1,0,0.32236597,0
58656,1,1,0.97121114,1
58657,1,1,0.3913478,1
58658,1,1,0.9999968,1
58659,1,1,0.9999994,1
58660,1,1,0.78208053,1
58661,0,1,0.4112586,0
58662,1,1,0.9998253,1
58663,0,0,0.05179748,1
58664,1,0,0.02463338,0
58665,0,1,0.91266996,0
58666,0,0,0.20040116,1
58667,0,0,0.0728343,1
58668,1,0,0.2243952,0
58669,0,0,0.0921145,1
58670,0,0,0.10669061,1
58671,1,0,0.0894546,0
58672,1,0,0.21109137,0
58673,1,1,0.99999857,1
58674,1,1,0.48358744,1
58675,0,1,0.6280083,0
58676,1,1,0.9999838,1
58677,1,1,0.9999939,1
58678,0,0,0.19993211,1
58679,0,0,0.016914913,1
58680,0,1,1.0,0
58681,1,1,0.3582969,1
58682,1,1,0.99637836,1
58683,0,0,0.0052302782,1
58684,1,1,0.99496907,1
58685,1,1,0.9981828,1
58686,0,0,0.099120855,1
58687,1,1,1.0,1
58688,1,1,0.99995756,1
58689,0,1,0.9502727,0
58690,0,1,0.80022407,0
58691,1,1,0.9999995,1
58692,1,1,0.99999964,1
58693,1,1,0.9995584,1
58694,0,1,0.3794934,0
58695,1,1,0.99529994,1
58696,1,1,0.80494314,1
58697,1,1,0.9999764,1
58698,0,1,0.8159668,0
58699,0,1,0.7112304,0
58700,0,1,0.37184918,0
58701,0,0,0.26322043,1
58702,0,0,0.014420068,1
58703,1,0,0.1596755,0
58704,1,1,0.9986853,1
58705,0,1,0.57128835,0
58706,1,1,0.92241246,1
58707,0,1,0.998147,0
58708,0,1,0.62903434,0
58709,0,0,0.027117655,1
58710,1,1,0.94208187,1
58711,0,0,0.17724052,1
58712,0,1,0.6496342,0
58713,1,1,0.999982,1
58714,1,0,0.23970512,0
58715,1,0,0.20689404,0
58716,0,1,0.8708172,0
58717,0,0,0.06566473,1
58718,1,1,0.9993,1
58719,0,1,0.9468921,0
58720,0,0,0.023576804,1
58721,0,0,0.31132215,1
58722,1,1,0.9999976,1
58723,1,1,0.99998426,1
58724,1,1,1.0,1
58725,1,1,0.7631309,1
58726,1,1,0.9933072,1
58727,0,0,0.0689125,1
58728,1,0,0.10266401,0
58729,1,1,1.0,1
58730,1,1,0.78931487,1
58731,1,1,1.0,1
58732,1,1,0.99999976,1
58733,1,1,0.47113198,1
58734,1,1,0.9999442,1
58735,1,1,0.99984705,1
58736,1,1,0.9981614,1
58737,0,1,0.57451415,0
58738,0,0,0.18440005,1
58739,1,1,0.9533619,1
58740,1,1,0.99999976,1
58741,1,1,1.0,1
58742,1,1,0.9675024,1
58743,1,1,0.59449244,1
58744,1,1,1.0,1
58745,0,1,0.88612515,0
58746,0,0,0.05649606,1
58747,1,1,0.6149144,1
58748,1,1,0.9974541,1
58749,1,1,0.9996953,1
58750,0,1,0.4777978,0
58751,1,1,0.9976404,1
58752,1,0,0.34703904,0
58753,0,0,0.017610641,1
58754,1,1,0.8134608,1
58755,1,0,0.2548797,0
58756,1,1,1.0,1
58757,1,1,0.99931216,1
58758,1,0,0.2725567,0
58759,1,1,0.99974686,1
58760,0,0,0.3205022,1
58761,0,0,0.22867283,1
58762,1,1,1.0,1
58763,0,0,0.2869179,1
58764,1,1,0.9999999,1
58765,0,1,0.9980544,0
58766,0,1,0.96882665,0
58767,1,1,1.0,1
58768,1,1,0.99951315,1
58769,1,1,0.99908185,1
58770,0,0,0.047074176,1
58771,0,0,0.29502678,1
58772,0,0,0.030763038,1
58773,0,1,0.8224745,0
58774,1,1,0.40568417,1
58775,0,0,0.028953163,1
58776,1,1,0.9964551,1
58777,1,1,0.9999372,1
58778,0,0,0.11656275,1
58779,1,1,0.99999356,1
58780,1,1,0.97331697,1
58781,1,1,0.99922967,1
58782,1,1,0.9878762,1
58783,0,0,0.17147702,1
58784,1,1,0.99999297,1
58785,1,1,1.0,1
58786,0,1,0.99996305,0
58787,0,1,0.98571813,0
58788,1,1,1.0,1
58789,1,0,0.14657521,0
58790,0,1,0.9983354,0
58791,1,1,0.9999987,1
58792,0,0,0.061932698,1
58793,1,1,0.9999924,1
58794,0,0,0.12560067,1
58795,1,1,0.9227612,1
58796,1,1,0.99997723,1
58797,0,1,0.9923786,0
58798,0,0,0.029228985,1
58799,1,1,1.0,1
58800,1,1,0.99999654,1
58801,1,1,0.9908744,1
58802,0,0,0.22832853,1
58803,0,0,0.11636177,1
58804,1,0,0.14909723,0
58805,0,1,0.9999914,0
58806,0,0,0.10913479,1
58807,1,1,0.99998844,1
58808,1,1,1.0,1
58809,0,1,0.9979007,0
58810,0,0,0.088978484,1
58811,1,1,0.52476,1
58812,1,1,0.99999857,1
58813,1,1,0.36928666,1
58814,1,1,0.9999932,1
58815,1,1,0.99999833,1
58816,1,1,0.9444336,1
58817,1,1,0.69071555,1
58818,1,0,0.15739572,0
58819,0,0,0.00571913,1
58820,0,0,0.028707078,1
58821,0,1,0.8493474,0
58822,0,0,0.078289315,1
58823,1,1,0.8597815,1
58824,1,1,0.99867237,1
58825,0,1,0.9922444,0
58826,1,1,0.99999666,1
58827,0,0,0.015936995,1
58828,0,1,0.990732,0
58829,1,1,0.62314755,1
58830,1,1,1.0,1
58831,1,1,0.83250916,1
58832,1,1,0.9776499,1
58833,1,0,0.047958106,0
58834,0,1,0.37972337,0
58835,1,1,1.0,1
58836,0,1,1.0,0
58837,0,1,0.8507168,0
58838,0,0,0.2033909,1
58839,0,0,0.116411984,1
58840,0,1,0.60591567,0
58841,0,1,0.89533985,0
58842,0,0,0.0060152626,1
58843,1,0,0.03615194,0
58844,0,1,0.99999857,0
58845,0,1,0.99943525,0
58846,0,0,0.25590113,1
58847,0,1,0.99827254,0
58848,0,1,0.6940435,0
58849,1,1,0.9958418,1
58850,1,1,0.49224916,1
58851,1,1,0.7867048,1
58852,1,1,0.9999995,1
58853,0,0,0.062216975,1
58854,1,1,0.97664696,1
58855,1,0,0.03861093,0
58856,0,1,0.65880173,0
58857,0,1,0.83828294,0
58858,1,1,0.9998385,1
58859,0,1,0.9922144,0
58860,1,1,0.9999981,1
58861,1,1,1.0,1
58862,1,1,1.0,1
58863,0,1,0.9566342,0
58864,0,0,0.05926467,1
58865,0,1,0.9980696,0
58866,1,1,0.97999567,1
58867,1,1,0.9499951,1
58868,0,1,0.98319834,0
58869,0,0,0.25725162,1
58870,0,0,0.052230857,1
58871,1,1,0.99999976,1
58872,0,1,0.7183475,0
58873,1,1,1.0,1
58874,1,1,0.9997198,1
58875,1,1,0.62789416,1
58876,0,0,0.0034766507,1
58877,0,1,0.6518536,0
58878,1,0,0.19329962,0
58879,1,0,0.14247034,0
58880,1,1,1.0,1
58881,0,1,0.99998295,0
58882,1,1,0.9981756,1
58883,0,1,0.98501414,0
58884,0,0,0.009340025,1
58885,1,1,0.42910036,1
58886,0,0,0.0030693873,1
58887,0,0,0.047558397,1
58888,1,1,0.99997854,1
58889,0,1,0.97331697,0
58890,1,0,0.1647851,0
58891,0,0,0.33605862,1
58892,0,1,0.3952217,0
58893,1,0,0.13852006,0
58894,1,1,1.0,1
58895,1,0,0.09920809,0
58896,1,1,1.0,1
58897,1,1,0.99622726,1
58898,1,0,0.057864826,0
58899,1,1,1.0,1
58900,1,1,0.9990452,1
58901,1,1,0.98792297,1
58902,1,1,0.99896777,1
58903,1,1,0.9999988,1
58904,1,1,0.9999999,1
58905,0,1,0.9996983,0
58906,1,0,0.31875017,0
58907,0,1,1.0,0
58908,1,1,0.6823092,1
58909,1,0,0.30502412,0
58910,1,1,0.99999833,1
58911,1,1,0.9999924,1
58912,0,1,0.45048025,0
58913,0,0,0.027220903,1
58914,1,1,0.9579909,1
58915,1,1,1.0,1
58916,1,1,0.9300146,1
58917,0,1,0.84363765,0
58918,0,0,0.080213256,1
58919,1,1,0.9846347,1
58920,0,1,0.99896777,0
58921,1,1,0.96795994,1
58922,1,1,1.0,1
58923,0,1,0.99942636,0
58924,0,1,0.5594706,0
58925,1,1,0.73292655,1
58926,0,0,0.21900325,1
58927,1,1,0.9719126,1
58928,1,1,0.6778473,1
58929,1,0,0.08232769,0
58930,0,1,0.99939406,0
58931,0,0,0.06500874,1
58932,1,1,0.42393494,1
58933,0,1,0.97085404,0
58934,1,1,0.43335187,1
58935,1,1,0.9999826,1
58936,0,1,0.9999999,0
58937,0,1,0.7523766,0
58938,0,1,0.97673583,0
58939,1,1,0.99993944,1
58940,0,1,0.7629543,0
58941,0,1,0.98238933,0
58942,1,1,1.0,1
58943,0,1,0.9894499,0
58944,1,1,0.9402983,1
58945,0,1,0.9314625,0
58946,0,1,0.9919848,0
58947,0,0,0.078571655,1
58948,1,1,0.9988213,1
58949,0,1,0.9691787,0
58950,0,0,0.14151855,1
58951,0,1,0.99999905,0
58952,1,0,0.14572217,0
58953,1,1,0.99986064,1
58954,1,1,1.0,1
58955,1,1,0.99994004,1
58956,0,0,0.18929619,1
58957,1,1,0.9986303,1
58958,0,1,0.9999362,0
58959,1,1,0.40871918,1
58960,0,1,0.54201496,0
58961,1,1,0.9999999,1
58962,0,1,0.7614498,0
58963,1,0,0.097734325,0
58964,0,1,0.7422349,0
58965,1,1,0.3638164,1
58966,0,1,1.0,0
58967,0,1,0.99568534,0
58968,0,1,0.9801673,0
58969,1,1,0.96017486,1
58970,0,1,1.0,0
58971,1,1,1.0,1
58972,1,1,1.0,1
58973,0,1,0.9925249,0
58974,1,1,1.0,1
58975,0,1,0.63844085,0
58976,1,1,0.9998766,1
58977,0,0,0.16384642,1
58978,0,1,0.99981767,0
58979,0,0,0.025395468,1
58980,0,1,0.9902351,0
58981,1,1,0.61341023,1
58982,1,1,0.37319025,1
58983,1,1,0.99832565,1
58984,1,1,0.99857306,1
58985,0,1,0.55929005,0
58986,1,1,0.39846498,1
58987,0,1,0.9992175,0
58988,0,0,0.28791794,1
58989,0,1,0.4207186,0
58990,0,0,0.15823938,1
58991,1,1,0.988425,1
58992,0,0,0.047869008,1
58993,0,1,0.98302,0
58994,1,1,1.0,1
58995,1,1,0.98749614,1
58996,1,1,0.5279859,1
58997,0,0,0.16000333,1
58998,1,1,0.9677472,1
58999,1,1,0.9999949,1
59000,0,1,0.79085356,0
59001,0,1,0.97852874,0
59002,1,1,0.9999888,1
59003,1,1,0.99469805,1
59004,1,1,0.9902727,1
59005,0,1,0.97366965,0
59006,1,1,0.77864933,1
59007,1,1,1.0,1
59008,1,0,0.16572809,0
59009,1,1,0.88161486,1
59010,1,1,0.99736834,1
59011,1,0,0.003292236,0
59012,0,1,0.99877197,0
59013,0,0,0.11221037,1
59014,1,1,0.95995015,1
59015,1,1,0.99999857,1
59016,1,1,1.0,1
59017,0,1,0.3888791,0
59018,1,1,0.9999542,1
59019,1,1,1.0,1
59020,0,1,1.0,0
59021,1,1,0.9910493,1
59022,1,1,0.9978719,1
59023,0,0,0.049819652,1
59024,1,1,0.99999917,1
59025,1,1,0.9349913,1
59026,1,0,0.057123974,0
59027,1,0,0.07470251,0
59028,0,1,0.9885583,0
59029,1,1,0.9998529,1
59030,1,1,0.9494355,1
59031,1,1,0.99999785,1
59032,0,1,0.5852197,0
59033,0,1,0.9669453,0
59034,1,1,1.0,1
59035,0,1,0.99980515,0
59036,1,1,0.9998945,1
59037,1,1,0.99256825,1
59038,1,1,0.99895155,1
59039,0,0,0.06566473,1
59040,0,1,1.0,0
59041,0,1,0.5506074,0
59042,1,1,0.98272413,1
59043,1,1,1.0,1
59044,1,1,1.0,1
59045,0,0,0.043650273,1
59046,1,0,0.006450608,0
59047,1,1,0.45934895,1
59048,1,0,0.06656919,0
59049,0,1,0.99924314,0
59050,1,1,0.9953994,1
59051,0,1,0.9184803,0
59052,0,1,0.9928092,0
59053,0,1,0.8191712,0
59054,1,1,0.99273914,1
59055,0,0,0.14004198,1
59056,1,1,1.0,1
59057,1,1,0.9997439,1
59058,0,1,0.4523242,0
59059,0,1,0.9987005,0
59060,0,1,0.82685167,0
59061,0,0,0.23353149,1
59062,1,1,0.99491006,1
59063,1,1,0.7150759,1
59064,0,1,0.9944126,0
59065,0,1,0.55718285,0
59066,1,1,0.9999814,1
59067,1,1,0.92643696,1
59068,0,0,0.03117331,1
59069,0,1,0.9090225,0
59070,1,0,0.01836964,0
59071,0,1,0.98866826,0
59072,1,1,0.817283,1
59073,1,1,0.92788786,1
59074,0,1,0.99971086,0
59075,1,0,0.039601684,0
59076,0,1,0.99997735,0
59077,0,0,0.032100704,1
59078,0,1,0.8543993,0
59079,0,0,0.2045007,1
59080,0,1,0.9428234,0
59081,0,1,1.0,0
59082,0,1,0.8748277,0
59083,0,0,0.21280403,1
59084,1,0,0.23152734,0
59085,1,1,0.9999335,1
59086,1,1,0.999997,1
59087,1,1,0.3838434,1
59088,1,1,0.99999344,1
59089,1,1,0.9995443,1
59090,0,1,0.99999297,0
59091,1,1,1.0,1
59092,0,0,0.12945776,1
59093,0,0,0.005179713,1
59094,0,1,0.4471585,0
59095,0,1,0.6487445,0
59096,1,1,0.9720191,1
59097,0,0,0.18155324,1
59098,1,1,0.9999995,1
59099,0,1,0.91181,0
59100,0,0,0.11848707,1
59101,1,1,1.0,1
59102,1,1,0.9191359,1
59103,1,1,1.0,1
59104,1,1,0.99999976,1
59105,1,0,0.20561504,0
59106,1,1,0.7119819,1
59107,0,0,0.012945406,1
59108,1,1,0.8200375,1
59109,1,1,0.9957848,1
59110,1,1,0.99999213,1
59111,0,0,0.074030295,1
59112,0,0,0.03680407,1
59113,1,1,0.9999999,1
59114,1,0,0.00957791,0
59115,1,0,0.10697014,0
59116,1,1,1.0,1
59117,0,1,0.5416513,0
59118,0,1,0.9688562,0
59119,0,1,0.5353414,0
59120,0,0,0.07362963,1
59121,1,1,0.5870556,1
59122,1,1,0.9999989,1
59123,0,1,0.676887,0
59124,0,0,0.096620515,1
59125,0,1,0.98279023,0
59126,0,1,0.9683812,0
59127,0,0,0.030530943,1
59128,0,0,0.10132237,1
59129,0,0,0.07928158,1
59130,1,1,0.99977654,1
59131,1,1,0.9962999,1
59132,0,0,0.0019994322,1
59133,0,0,0.168583,1
59134,0,0,0.19368058,1
59135,0,0,0.020081012,1
59136,0,0,0.011530388,1
59137,1,1,1.0,1
59138,1,1,0.9985392,1
59139,1,1,0.9999875,1
59140,0,1,0.9988028,0
59141,1,1,0.99634284,1
59142,1,1,1.0,1
59143,1,1,1.0,1
59144,0,1,0.6873677,0
59145,0,1,0.9941347,0
59146,0,1,0.5045165,0
59147,0,1,0.9999995,0
59148,0,0,0.15399395,1
59149,1,1,0.9999994,1
59150,0,0,0.11736965,1
59151,1,1,0.99994457,1
59152,1,1,0.8886622,1
59153,1,1,1.0,1
59154,0,1,0.99999976,0
59155,1,1,0.5007019,1
59156,1,1,0.648522,1
59157,0,0,0.07146149,1
59158,1,1,0.9998029,1
59159,0,1,0.99799275,0
59160,0,1,0.66979885,0
59161,0,0,0.041307308,1
59162,1,1,0.99965334,1
59163,1,1,0.99996233,1
59164,1,0,1.3263668e-05,0
59165,0,1,0.6046908,0
59166,1,1,0.9999548,1
59167,0,0,0.053107906,1
59168,0,0,0.068102375,1
59169,1,1,1.0,1
59170,1,0,0.25118822,0
59171,0,1,0.6168204,0
59172,1,1,0.9997739,1
59173,1,1,0.5006714,1
59174,1,1,0.92114514,1
59175,1,1,0.997065,1
59176,0,0,0.13678125,1
59177,1,0,0.019587422,0
59178,0,1,0.3551037,0
59179,0,1,0.9999914,0
59180,0,1,0.989368,0
59181,1,0,0.0051897867,0
59182,1,1,0.9999999,1
59183,0,1,0.73230475,0
59184,1,0,0.25757828,0
59185,1,1,0.99999857,1
59186,1,1,0.91413754,1
59187,1,1,0.9458012,1
59188,0,0,0.13028543,1
59189,0,1,0.36268702,0
59190,1,0,0.07276838,0
59191,0,0,0.03179867,1
59192,1,1,0.6315375,1
59193,0,1,0.98638946,0
59194,1,1,0.99989605,1
59195,1,1,0.52956754,1
59196,1,1,0.9901782,1
59197,0,0,0.017661398,1
59198,0,0,0.21255875,1
59199,0,1,0.81669897,0
59200,1,0,0.16844618,0
59201,1,0,0.062046263,0
59202,1,1,0.99988174,1
59203,0,1,0.9988305,0
59204,0,0,0.04126865,1
59205,1,0,0.022780884,0
59206,1,1,0.9885361,1
59207,0,0,0.048767094,1
59208,0,0,0.24744149,1
59209,1,1,0.9999944,1
59210,1,1,0.9999999,1
59211,0,0,0.07758752,1
59212,0,0,0.115960725,1
59213,0,1,0.41920206,0
59214,1,0,0.16224726,0
59215,1,1,0.9997131,1
59216,0,1,0.9999417,0
59217,0,1,0.9999664,0
59218,0,1,0.9465473,0
59219,0,1,0.99995375,0
59220,0,1,0.78082967,0
59221,1,1,0.9946878,1
59222,1,1,0.5432874,1
59223,1,1,0.9986033,1
59224,1,1,0.99998415,1
59225,0,1,0.99997425,0
59226,0,1,0.8881781,0
59227,1,1,0.89143354,1
59228,1,1,0.4268889,1
59229,0,0,0.1124538,1
59230,1,1,1.0,1
59231,1,1,1.0,1
59232,1,1,1.0,1
59233,0,1,0.78365755,0
59234,0,0,0.17217185,1
59235,1,1,0.99999726,1
59236,0,1,0.9843514,0
59237,0,0,0.040351234,1
59238,1,1,0.5997782,1
59239,0,1,0.99990606,0
59240,0,0,0.09636511,1
59241,1,1,0.41146556,1
59242,1,1,0.99937004,1
59243,1,1,0.9589625,1
59244,0,1,0.56115466,0
59245,1,0,0.09764823,0
59246,1,1,0.9987306,1
59247,0,0,0.13443466,1
59248,1,0,0.15578353,0
59249,1,0,0.20071429,0
59250,0,1,0.7221843,0
59251,0,0,0.1583695,1
59252,1,1,0.9941233,1
59253,1,1,0.9768687,1
59254,0,1,0.7547343,0
59255,0,0,0.058185086,1
59256,1,1,1.0,1
59257,1,1,0.9979572,1
59258,1,1,0.99529076,1
59259,0,1,0.99998987,0
59260,0,0,0.17638768,1
59261,1,0,0.18982127,0
59262,0,0,0.11274656,1
59263,1,1,0.9999907,1
59264,1,0,0.06847518,0
59265,0,1,0.6433853,0
59266,1,1,0.9995883,1
59267,1,0,0.041384716,0
59268,1,0,0.015365342,0
59269,0,1,0.55054694,0
59270,0,0,0.25017932,1
59271,0,1,0.6931096,0
59272,0,0,0.03750274,1
59273,1,1,0.93263763,1
59274,1,1,0.999828,1
59275,1,1,0.753376,1
59276,1,0,0.30964962,0
59277,0,0,0.24184734,1
59278,1,1,0.9977437,1
59279,1,0,0.029423581,0
59280,1,1,0.9983386,1
59281,0,1,0.99966073,0
59282,1,1,0.99999774,1
59283,1,1,0.99926203,1
59284,1,1,0.99999964,1
59285,0,1,0.99941385,0
59286,1,1,0.99999917,1
59287,1,0,0.24409263,0
59288,0,1,0.99998736,0
59289,0,1,0.9729081,0
59290,0,0,0.05623634,1
59291,1,1,0.91715443,1
59292,0,1,0.9898892,0
59293,0,1,0.96485513,0
59294,0,1,0.98303634,0
59295,0,1,0.97819793,0
59296,0,1,0.65417707,0
59297,0,1,0.9981104,0
59298,0,0,0.100524865,1
59299,1,1,1.0,1
59300,1,1,0.9970247,1
59301,0,1,0.4056547,0
59302,0,0,0.15514244,1
59303,0,0,0.11676401,1
59304,1,1,0.99797314,1
59305,1,0,0.0894546,0
59306,1,1,1.0,1
59307,1,1,0.56529874,1
59308,0,1,0.8175745,0
59309,1,0,0.00047009322,0
59310,0,0,0.07779745,1
59311,0,0,0.31426096,1
59312,1,1,0.9999969,1
59313,0,1,0.9489646,0
59314,0,0,0.049451128,1
59315,0,0,0.3143662,1
59316,0,0,0.07871317,1
59317,1,1,1.0,1
59318,1,1,1.0,1
59319,0,1,0.69435453,0
59320,1,1,0.9968702,1
59321,0,0,0.030243218,1
59322,0,1,0.72744334,0
59323,1,1,0.95540243,1
59324,1,1,0.9971827,1
59325,0,0,0.01510165,1
59326,1,1,1.0,1
59327,1,1,0.999956,1
59328,1,1,0.9999417,1
59329,1,0,0.12694745,0
59330,1,1,0.9967333,1
59331,0,1,0.9999976,0
59332,1,1,0.9997284,1
59333,1,1,0.9933589,1
59334,0,1,0.9999819,0
59335,1,1,1.0,1
59336,1,1,1.0,1
59337,1,1,0.9999471,1
59338,0,0,0.29446852,1
59339,1,1,0.999652,1
59340,1,1,0.99329424,1
59341,0,1,0.9999995,0
59342,1,1,0.9999707,1
59343,0,1,0.9985869,0
59344,1,0,0.09739039,0
59345,0,0,0.10715685,1
59346,1,0,0.30259714,0
59347,0,0,0.2205942,1
59348,1,1,0.97819793,1
59349,1,1,0.7061398,1
59350,1,1,0.9980696,1
59351,1,0,0.20858167,0
59352,1,0,0.3317148,0
59353,1,1,0.9986462,1
59354,1,1,0.9936733,1
59355,1,1,0.86826926,1
59356,0,1,0.99899167,0
59357,0,1,0.8022459,0
59358,1,1,1.0,1
59359,1,0,0.24193686,0
59360,1,1,0.99980515,1
59361,0,0,0.21975583,1
59362,0,1,0.9998198,0
59363,0,1,0.59136933,0
59364,0,1,0.9894907,0
59365,0,1,0.92338526,0
59366,0,1,0.58029264,0
59367,0,0,0.023241922,1
59368,0,0,0.12533277,1
59369,1,1,1.0,1
59370,0,1,0.9868281,0
59371,1,0,0.31205544,0
59372,0,0,0.030879721,1
59373,0,1,0.6101631,0
59374,1,1,0.91978675,1
59375,0,1,0.9939261,0
59376,1,1,0.99968565,1
59377,0,0,0.20181322,1
59378,0,1,0.5778527,0
59379,1,1,0.99999905,1
59380,1,1,0.5090932,1
59381,0,0,0.07423137,1
59382,1,1,0.9913726,1
59383,1,1,0.99532723,1
59384,1,1,0.9999989,1
59385,1,1,1.0,1
59386,1,1,0.9999821,1
59387,0,1,0.6562728,0
59388,1,0,0.027350497,0
59389,0,1,0.8512122,0
59390,0,1,0.9996686,0
59391,0,1,0.57684,0
59392,0,1,0.9999815,0
59393,0,0,0.05981148,1
59394,1,1,0.99999285,1
59395,1,1,0.96765566,1
59396,1,1,1.0,1
59397,1,1,0.99999976,1
59398,0,0,0.099820666,1
59399,1,1,0.44658524,1
59400,1,1,0.99918,1
59401,1,1,0.9998005,1
59402,1,1,1.0,1
59403,0,1,0.9999995,0
59404,0,1,0.5169003,0
59405,1,1,1.0,1
59406,1,0,0.17909941,0
59407,0,0,0.007861459,1
59408,1,0,0.036734894,0
59409,0,0,0.0062291576,1
59410,1,1,0.99999714,1
59411,0,1,0.9518184,0
59412,1,1,0.99589807,1
59413,1,1,0.95873135,1
59414,0,0,0.12085323,1
59415,0,0,0.13517499,1
59416,0,0,0.23642808,1
59417,1,0,0.04858621,0
59418,1,1,1.0,1
59419,0,0,0.060863446,1
59420,1,1,0.7776378,1
59421,1,0,0.18140818,0
59422,1,1,0.99895763,1
59423,1,1,0.99962807,1
59424,0,0,0.010032952,1
59425,0,0,0.17953056,1
59426,1,1,1.0,1
59427,1,0,0.069604956,0
59428,1,1,0.9858004,1
59429,0,1,0.9999945,0
59430,1,1,0.99767226,1
59431,0,1,0.99004436,0
59432,1,1,0.8559716,1
59433,1,1,0.9996395,1
59434,1,1,0.9933072,1
59435,1,1,0.99997294,1
59436,1,1,0.98201376,1
59437,1,1,1.0,1
59438,0,1,0.9170801,0
59439,0,0,0.24490437,1
59440,0,1,0.9996437,0
59441,0,1,0.5848641,0
59442,0,1,0.99813604,0
59443,1,1,0.99999785,1
59444,1,1,0.71696234,1
59445,1,1,0.9988028,1
59446,0,0,0.21272227,1
59447,0,1,0.35376298,0
59448,1,1,0.5560983,1
59449,0,0,0.3168975,1
59450,0,1,0.4793818,0
59451,1,1,0.99999905,1
59452,1,0,0.098946586,0
59453,1,0,0.086632065,0
59454,1,1,0.99998856,1
59455,0,0,0.25118822,1
59456,0,0,0.04057874,1
59457,1,1,0.9996288,1
59458,1,1,0.9999999,1
59459,0,1,0.99999976,0
59460,0,1,0.67453307,0
59461,0,1,0.9890131,0
59462,1,0,0.1732882,0
59463,0,1,0.37290475,0
59464,1,0,0.16599831,0
59465,1,1,0.9999995,1
59466,0,1,1.0,0
59467,1,1,0.98302,1
59468,1,1,1.0,1
59469,1,1,0.9999993,1
59470,0,1,0.8853344,0
59471,0,0,0.17384852,1
59472,1,1,0.58130306,1
59473,1,1,0.999433,1
59474,1,1,1.0,1
59475,1,1,1.0,1
59476,1,1,0.67976356,1
59477,0,0,0.004323087,1
59478,1,1,0.99907637,1
59479,0,0,0.1454792,1
59480,1,1,1.0,1
59481,1,0,0.08694165,0
59482,1,1,0.9999856,1
59483,1,0,0.13603349,0
59484,0,0,0.13488984,1
59485,1,1,1.0,1
59486,1,1,1.0,1
59487,1,1,0.99998474,1
59488,1,0,0.030473188,0
59489,0,1,0.39957732,0
59490,1,0,0.16178322,0
59491,1,1,0.9038897,1
59492,1,1,1.0,1
59493,0,0,0.00795339,1
59494,0,0,0.009936419,1
59495,1,0,0.19360435,0
59496,1,1,1.0,1
59497,1,1,0.99940467,1
59498,0,0,0.14909723,1
59499,0,0,0.12511882,1
59500,0,0,0.02094421,1
59501,0,1,0.97386926,0
59502,0,1,0.9280184,0
59503,0,0,0.03117331,1
59504,1,1,1.0,1
59505,1,1,1.0,1
59506,0,0,0.1468197,1
59507,1,1,0.9999937,1
59508,1,1,1.0,1
59509,1,0,0.06319269,0
59510,0,1,0.58112484,0
59511,1,1,0.98478174,1
59512,0,1,0.8340017,0
59513,1,1,0.86281466,1
59514,1,1,0.98977125,1
59515,1,1,0.6426007,1
59516,1,0,0.122996464,0
59517,1,1,0.99999106,1
59518,1,1,0.8241791,1
59519,1,1,0.99977034,1
59520,1,1,0.87439936,1
59521,1,1,1.0,1
59522,1,1,1.0,1
59523,0,0,0.011463797,1
59524,1,1,0.9999999,1
59525,1,1,0.93587595,1
59526,0,0,0.05926467,1
59527,0,1,0.99998057,0
59528,1,1,0.90623903,1
59529,1,1,0.9869292,1
59530,0,1,0.69466525,0
59531,1,1,0.99999607,1
59532,1,1,0.99999905,1
59533,0,0,0.1866133,1
59534,0,1,0.9999001,0
59535,1,0,0.32316646,0
59536,0,0,0.029423581,1
59537,1,1,0.99933845,1
59538,1,1,0.9993026,1
59539,1,1,0.5124486,1
59540,1,1,0.994615,1
59541,1,0,0.17532618,0
59542,1,1,0.99949765,1
59543,1,0,0.10221505,0
59544,0,0,0.23091978,1
59545,1,0,0.34809092,0
59546,1,1,1.0,1
59547,0,1,1.0,0
59548,1,1,0.9999999,1
59549,0,0,0.12326005,1
59550,1,1,0.9999031,1
59551,1,1,0.9999976,1
59552,0,0,0.1791712,1
59553,0,1,0.99351174,0
59554,1,1,0.65118855,1
59555,0,1,0.99999857,0
59556,1,1,0.991339,1
59557,1,1,0.985663,1
59558,0,0,0.03194934,1
59559,0,1,0.9924374,0
59560,1,1,0.92762595,1
59561,0,1,0.9960622,0
59562,1,1,1.0,1
59563,0,1,0.8614217,0
59564,0,1,0.99611557,0
59565,0,0,0.04863137,1
59566,1,1,1.0,1
59567,0,0,0.07544843,1
59568,0,1,0.9957353,0
59569,0,0,0.042048372,1
59570,0,1,0.6976604,0
59571,0,1,0.8559716,0
59572,1,1,0.999998,1
59573,1,1,0.99999976,1
59574,1,1,0.8348113,1
59575,0,1,0.9797259,0
59576,1,0,0.2330948,0
59577,1,0,0.0067058485,0
59578,0,0,0.14535783,1
59579,1,1,1.0,1
59580,1,1,0.99999833,1
59581,0,1,0.9871293,0
59582,1,1,0.8045595,1
59583,0,0,0.0025459477,1
59584,1,1,0.4888324,1
59585,1,1,0.99995804,1
59586,0,0,0.2168396,1
59587,1,1,1.0,1
59588,1,1,0.99983203,1
59589,1,1,0.9999008,1
59590,0,1,0.976513,0
59591,0,0,0.018387254,1
59592,0,1,0.59678566,0
59593,0,0,0.02973191,1
59594,0,0,0.046724956,1
59595,0,0,0.23917161,1
59596,1,1,0.9999945,1
59597,0,1,0.37296188,0
59598,1,1,1.0,1
59599,0,1,0.8823265,0
59600,1,1,0.9991474,1
59601,0,0,0.27747297,1
59602,0,1,0.9528382,0
59603,1,0,0.14151855,0
59604,0,0,0.12002561,1
59605,0,0,0.022116588,1
59606,0,0,0.07675298,1
59607,1,1,0.9999949,1
59608,0,0,0.064653486,1
59609,0,0,0.019289603,1
59610,1,1,1.0,1
59611,0,1,0.6894624,0
59612,0,0,0.05970174,1
59613,1,1,0.91398406,1
59614,0,0,0.31410313,1
59615,0,1,0.92100316,0
59616,0,0,0.0034834244,1
59617,1,1,0.9927532,1
59618,1,1,0.99996674,1
59619,1,1,0.82768893,1
59620,1,1,0.9258357,1
59621,1,1,0.98646784,1
59622,0,0,0.24256429,1
59623,0,1,0.9999752,0
59624,1,1,1.0,1
59625,1,1,0.9999995,1
59626,1,1,0.99736834,1
59627,1,1,0.99999976,1
59628,1,0,0.05802475,0
59629,0,0,0.016850082,1
59630,1,1,0.99974483,1
59631,1,1,0.99822825,1
59632,1,0,0.34097877,0
59633,0,0,0.18476751,1
59634,0,0,0.07647662,1
59635,1,1,1.0,1
59636,1,0,0.01668906,0
59637,1,1,0.9999231,1
59638,0,0,0.03182875,1
59639,0,0,0.04468087,1
59640,1,1,0.7311066,1
59641,0,1,0.9999995,0
59642,0,0,0.07999737,1
59643,0,1,0.99866986,0
59644,0,0,0.10790661,1
59645,0,1,0.9997367,0
59646,1,1,0.9999901,1
59647,0,1,0.86960393,0
59648,0,1,1.0,0
59649,1,1,0.99984396,1
59650,1,1,0.9997198,1
59651,1,1,0.99999523,1
59652,1,1,1.0,1
59653,0,0,0.048496004,1
59654,0,1,0.39373466,0
59655,0,1,0.47061497,0
59656,1,1,0.999089,1
59657,1,0,0.15329547,0
59658,1,1,0.8394709,1
59659,1,1,0.99400806,1
59660,0,1,0.99880743,0
59661,1,0,9.954076e-05,0
59662,1,1,0.9999745,1
59663,1,1,0.36511704,1
59664,0,0,0.33133605,1
59665,0,0,0.22499062,1
59666,1,1,0.55434984,1
59667,0,0,0.12624557,1
59668,1,1,0.9404078,1
59669,0,0,0.05781161,1
59670,1,1,0.99917847,1
59671,1,1,0.97678024,1
59672,1,0,0.15520647,0
59673,1,0,0.2786983,0
59674,0,1,0.9995479,0
59675,1,1,0.99999464,1
59676,0,1,0.9999604,0
59677,0,0,0.09602549,1
59678,0,1,0.5122656,0
59679,1,1,1.0,1
59680,1,1,0.9997826,1
59681,0,1,0.9989718,0
59682,0,1,0.51494914,0
59683,1,1,0.9582261,1
59684,1,1,0.99999976,1
59685,1,1,0.6256097,1
59686,0,0,0.047118004,1
59687,1,1,0.97610646,1
59688,1,1,0.97259754,1
59689,0,0,0.033526164,1
59690,1,1,0.9999999,1
59691,0,1,0.96309197,0
59692,1,1,0.9999982,1
59693,1,1,0.99999905,1
59694,0,0,0.042443503,1
59695,0,0,0.08866235,1
59696,1,1,0.9998845,1
59697,1,1,1.0,1
59698,0,0,0.2600135,1
59699,0,0,0.12241826,1
59700,1,0,0.0006130294,0
59701,0,0,0.21011725,1
59702,1,1,0.99997234,1
59703,1,1,0.99999976,1
59704,0,1,0.99997854,0
59705,1,1,0.97285664,1
59706,1,0,0.22627032,0
59707,0,0,0.014899643,1
59708,1,1,1.0,1
59709,0,0,0.29818472,1
59710,1,1,1.0,1
59711,1,1,0.9962638,1
59712,1,1,1.0,1
59713,0,1,0.88563144,0
59714,0,0,0.09033343,1
59715,1,1,0.9996935,1
59716,0,0,0.12527926,1
59717,0,1,0.9953454,0
59718,1,0,0.08601587,0
59719,1,0,0.020254692,0
59720,0,1,0.7914184,0
59721,0,1,0.9999889,0
59722,1,1,0.9999993,1
59723,1,1,1.0,1
59724,1,1,0.78423643,1
59725,0,1,0.90804875,0
59726,0,1,0.99995387,0
59727,1,1,0.75716645,1
59728,1,1,1.0,1
59729,1,1,0.46274617,1
59730,1,1,0.9999994,1
59731,0,1,0.70390576,0
59732,0,0,0.07843036,1
59733,1,1,0.957794,1
59734,1,1,0.99991655,1
59735,0,0,0.21362315,1
59736,1,1,0.9822708,1
59737,1,1,1.0,1
59738,0,1,1.0,0
59739,0,1,0.4053016,0
59740,0,0,0.07126734,1
59741,0,0,0.056756895,1
59742,1,0,0.07647662,0
59743,0,1,0.9960238,0
59744,0,0,0.26999873,1
59745,1,1,0.9315248,1
59746,0,0,0.22194035,1
59747,0,0,0.104294725,1
59748,1,1,1.0,1
59749,0,0,0.15726623,1
59750,1,1,0.99999964,1
59751,1,1,0.52463824,1
59752,0,1,0.54909664,0
59753,0,0,0.12874407,1
59754,0,0,0.016029146,1
59755,1,1,1.0,1
59756,0,1,0.99995637,0
59757,0,1,0.3602921,0
59758,0,1,0.5117166,0
59759,1,1,0.99972194,1
59760,0,1,0.9969663,0
59761,0,0,0.022264916,1
59762,0,1,0.36155912,0
59763,1,1,0.9999975,1
59764,0,0,0.21313141,1
59765,0,0,0.34825712,1
59766,0,0,0.3395538,1
59767,1,1,0.9752254,1
59768,1,1,1.0,1
59769,0,0,0.08678673,1
59770,0,1,0.99999976,0
59771,0,0,0.10613344,1
59772,1,1,1.0,1
59773,1,1,1.0,1
59774,0,1,0.9993462,0
59775,1,1,0.99528164,1
59776,1,1,0.9999994,1
59777,1,1,0.81286734,1
59778,1,1,0.9968273,1
59779,0,1,0.9999428,0
59780,0,0,0.30156767,1
59781,1,1,0.99986553,1
59782,0,0,0.037714817,1
59783,0,1,0.7777222,0
59784,0,0,0.026581828,1
59785,0,0,0.026810195,1
59786,0,1,0.9376119,0
59787,0,0,0.099820666,1
59788,1,1,1.0,1
59789,0,1,0.562537,0
59790,0,0,0.049865905,1
59791,0,0,0.024492992,1
59792,1,1,0.9999999,1
59793,0,1,0.9534921,0
59794,1,1,0.9928509,1
59795,1,1,0.995488,1
59796,0,1,0.5224458,0
59797,1,1,0.999959,1
59798,1,1,0.44251603,1
59799,0,1,0.99653685,0
59800,0,1,0.9999125,0
59801,1,0,0.13117322,0
59802,0,0,0.25238404,1
59803,1,1,1.0,1
59804,1,1,1.0,1
59805,0,1,0.99987614,0
59806,1,1,1.0,1
59807,1,1,1.0,1
59808,1,1,1.0,1
59809,1,1,0.9996402,1
59810,1,1,0.9974837,1
59811,0,1,0.63934207,0
59812,1,1,0.99351174,1
59813,1,1,0.9991991,1
59814,0,0,0.14572217,1
59815,1,1,0.99999976,1
59816,1,1,0.99999845,1
59817,0,0,0.02884354,1
59818,1,1,0.99773055,1
59819,1,1,0.9997527,1
59820,1,1,1.0,1
59821,1,1,0.7673414,1
59822,1,1,0.9999958,1
59823,0,0,0.009859855,1
59824,0,0,0.039825134,1
59825,0,0,0.0794957,1
59826,1,1,0.99998796,1
59827,1,1,1.0,1
59828,1,0,0.051749542,0
59829,0,0,0.2244802,1
59830,0,0,0.008140463,1
59831,0,1,0.9390807,0
59832,0,0,0.21526824,1
59833,1,1,0.9998511,1
59834,1,1,0.98926485,1
59835,1,1,0.84286314,1
59836,0,1,0.74456346,0
59837,1,0,0.13951358,0
59838,1,1,0.6840002,1
59839,1,0,0.071786165,0
59840,0,1,0.9190633,0
59841,1,1,1.0,1
59842,0,0,0.17638768,1
59843,0,0,0.006217078,1
59844,0,1,0.9999801,0
59845,1,1,0.99999964,1
59846,1,1,0.84859616,1
59847,0,1,0.9997677,0
59848,0,0,0.1346052,1
59849,0,0,0.25339884,1
59850,0,0,0.1187934,1
59851,0,0,0.09842541,1
59852,0,0,0.038865484,1
59853,0,1,0.6070227,0
59854,0,0,0.1447523,1
59855,1,1,0.9999138,1
59856,1,1,1.0,1
59857,1,1,0.99997294,1
59858,0,0,0.023621805,1
59859,1,1,0.43515128,1
59860,0,1,0.93868846,0
59861,1,1,1.0,1
59862,1,1,0.9995584,1
59863,0,0,0.005899603,1
59864,0,1,0.8842393,0
59865,0,0,0.015513789,1
59866,1,1,1.0,1
59867,1,1,0.9998313,1
59868,1,1,1.0,1
59869,1,1,0.9659317,1
59870,0,1,0.67442584,0
59871,0,0,0.29198927,1
59872,1,1,0.9928231,1
59873,0,1,0.35655868,0
59874,1,1,0.96964204,1
59875,1,1,0.9999145,1
59876,1,1,0.99004436,1
59877,1,1,0.9999994,1
59878,0,1,0.56139517,0
59879,0,1,0.9987864,0
59880,0,1,0.62056416,0
59881,1,1,0.88453895,1
59882,0,0,0.08449276,1
59883,0,1,0.9985814,0
59884,0,1,0.36744052,0
59885,1,1,0.97134733,1
59886,1,0,0.010550081,0
59887,0,1,0.9909272,0
59888,1,0,0.064535476,0
59889,0,0,0.19004667,1
59890,0,1,0.75590736,0
59891,1,1,1.0,1
59892,1,1,1.0,1
59893,0,0,0.027091902,1
59894,0,1,0.9822366,0
59895,1,1,0.9972262,1
59896,0,1,0.9565531,0
59897,0,0,0.03775027,1
59898,0,1,0.99984276,0
59899,0,1,0.35320505,0
59900,0,1,0.5100389,0
59901,1,1,0.87375444,1
59902,0,1,0.99518895,0
59903,1,1,0.9983834,1
59904,0,1,0.9161096,0
59905,0,1,0.99997747,0
59906,1,1,0.39858198,1
59907,0,1,0.9926399,0
59908,0,0,0.057387535,1
59909,1,1,0.65781325,1
59910,0,0,0.3044551,1
59911,0,1,0.6222872,0
59912,1,1,0.9999747,1
59913,0,1,0.5585678,0
59914,1,1,1.0,1
59915,1,1,0.99998295,1
59916,0,0,0.11853807,1
59917,0,1,0.99964714,0
59918,0,1,0.51238763,0
59919,0,0,0.056548137,1
59920,1,1,1.0,1
59921,1,0,0.23109324,0
59922,1,1,0.99010193,1
59923,1,0,0.053009767,0
59924,1,1,1.0,1
59925,1,1,0.9998306,1
59926,1,1,1.0,1
59927,0,1,0.85536855,0
59928,0,0,0.272218,1
59929,0,0,0.16085833,1
59930,1,1,1.0,1
59931,1,1,1.0,1
59932,1,1,0.98609793,1
59933,1,1,0.9432431,1
59934,1,1,0.9999999,1
59935,0,1,0.999688,0
59936,1,1,1.0,1
59937,1,1,0.9977437,1
59938,1,0,0.11308892,0
59939,0,0,0.13898684,1
59940,1,0,0.21758679,0
59941,1,1,1.0,1
59942,0,1,0.9953454,0
59943,1,1,0.99532723,1
59944,0,0,0.276007,1
59945,1,1,1.0,1
59946,1,1,0.9833908,1
59947,0,0,0.35014352,1
59948,0,0,0.04501553,1
59949,0,1,0.9911698,0
59950,1,1,0.8590736,1
59951,1,1,0.99970055,1
59952,1,0,0.03188899,0
59953,0,0,0.18937114,1
59954,1,1,0.9628132,1
59955,1,1,0.9274948,1
59956,0,0,0.01583014,1
59957,0,1,0.79975533,0
59958,0,1,0.9690618,0
59959,1,1,0.99999976,1
59960,1,1,0.9999826,1
59961,1,1,1.0,1
59962,1,1,0.82290184,1
59963,0,0,0.1256543,1
59964,1,1,0.99998176,1
59965,0,0,0.026255298,1
59966,0,0,0.016593179,1
59967,1,1,1.0,1
59968,0,0,0.0703677,1
59969,0,0,0.08456833,1
59970,1,0,0.014145104,0
59971,0,0,0.29639962,1
59972,1,0,0.09679113,0
59973,1,1,0.99987566,1
59974,1,1,0.96900314,1
59975,1,1,0.67976356,1
59976,1,1,0.9999459,1
59977,0,0,0.22988081,1
59978,1,1,0.9999349,1
59979,0,1,0.99995816,0
59980,0,0,0.018797072,1
59981,0,1,0.9687676,0
59982,1,1,0.81227237,1
59983,1,1,0.86849254,1
59984,1,1,0.99999976,1
59985,1,1,0.9999962,1
59986,0,0,0.042522945,1
59987,0,0,0.2843275,1
59988,1,1,0.99999976,1
59989,1,1,1.0,1
59990,0,0,0.12064587,1
59991,1,1,0.9987405,1
59992,0,0,0.11526177,1
59993,1,0,0.004054334,0
59994,1,1,0.99999833,1
59995,0,0,0.043936532,1
59996,0,0,0.28244352,1
59997,0,0,0.10302444,1
59998,1,1,0.9999993,1
59999,0,0,0.13945496,1
60000,0,0,0.0030043428,1
60001,0,1,0.9994012,0
60002,1,1,0.99783844,1
60003,1,1,0.6210239,1
60004,0,1,0.4472792,0
60005,1,1,0.9999814,1
60006,0,0,0.100967236,1
60007,1,1,1.0,1
60008,0,1,0.8174288,0
60009,1,1,0.9988708,1
60010,1,1,1.0,1
60011,1,1,0.9576358,1
60012,1,1,0.9999969,1
60013,1,1,0.5744545,1
60014,1,0,0.21518578,0
60015,0,1,0.99999976,0
60016,1,1,0.9999987,1
60017,0,1,0.40919125,0
60018,0,1,0.87037706,0
60019,1,1,1.0,1
60020,1,1,1.0,1
60021,0,1,0.93546456,0
60022,1,1,0.66785204,1
60023,1,0,0.30611202,0
60024,0,1,0.7567173,0
60025,1,1,0.999997,1
60026,0,0,0.15539862,1
60027,0,1,0.99947566,0
60028,0,1,0.8244619,0
60029,0,1,0.5904841,0
60030,1,1,0.9999887,1
60031,0,1,0.81047887,0
60032,0,0,0.31774372,1
60033,0,1,0.9999763,0
60034,1,1,0.9999988,1
60035,0,0,0.12352412,1
60036,1,1,1.0,1
60037,0,1,0.9838161,0
60038,1,0,0.08601587,0
60039,0,0,0.041539967,1
60040,1,1,0.99953353,1
60041,0,1,0.9792947,0
60042,1,1,1.0,1
60043,0,0,0.036049988,1
60044,0,0,0.17363825,1
60045,1,0,0.2056948,0
60046,1,0,0.006253385,0
60047,1,1,0.99723166,1
60048,0,0,0.31231758,1
60049,1,0,0.12538631,0
60050,1,0,0.00093811157,0
60051,1,1,0.9997527,1
60052,0,1,0.9972262,0
60053,0,0,0.059101548,1
60054,1,0,0.32215267,0
60055,1,1,1.0,1
60056,0,0,0.026989132,1
60057,0,1,0.41448405,0
60058,0,0,0.20307463,1
60059,0,1,0.7795317,0
60060,1,1,0.9956937,1
60061,0,1,0.9853279,0
60062,1,0,0.0033569515,0
60063,1,1,0.9999852,1
60064,0,1,0.6095823,0
60065,0,1,0.9999782,0
60066,0,0,0.024774551,1
60067,1,1,0.5281075,1
60068,1,1,1.0,1
60069,0,1,0.35885847,0
60070,1,1,1.0,1
60071,0,1,0.99974185,0
60072,1,1,0.9984053,1
60073,1,0,0.018887341,0
60074,0,1,0.99890125,0
60075,1,1,0.99970514,1
60076,0,1,0.968111,0
60077,0,0,0.057123974,1
60078,1,0,0.080213256,0
60079,1,1,0.99998665,1
60080,1,0,0.19140324,0
60081,0,0,0.047030386,1
60082,1,1,1.0,1
60083,0,0,0.04611975,1
60084,1,1,0.998743,1
60085,1,1,1.0,1
60086,1,0,0.17838266,0
60087,0,0,0.03365296,1
60088,1,1,0.96472245,1
60089,0,0,0.14915918,1
60090,0,0,0.1838133,1
60091,1,0,0.16371268,0
60092,0,1,0.84872156,0
60093,1,0,0.123365626,0
60094,1,1,0.99879575,1
60095,0,0,0.095940754,1
60096,1,1,0.9291838,1
60097,1,1,1.0,1
60098,1,0,0.021822825,0
60099,1,1,0.9985979,1
60100,0,1,0.64751965,0
60101,1,1,1.0,1
60102,0,1,0.9816304,0
60103,0,1,0.85717136,0
60104,0,0,0.07185127,1
60105,0,0,0.07524433,1
60106,0,1,1.0,0
60107,1,1,1.0,1
60108,0,0,0.027663978,1
60109,1,0,0.25701845,0
60110,0,0,0.0036642202,1
60111,1,1,0.99999714,1
60112,1,1,0.9999994,1
60113,1,0,0.1919328,0
60114,0,1,0.38329497,0
60115,1,0,0.08874129,0
60116,0,1,0.8669231,0
60117,1,1,0.99999475,1
60118,1,1,1.0,1
60119,0,0,0.015483986,1
60120,0,1,0.99853635,0
60121,1,1,0.99996877,1
60122,0,0,0.33622208,1
60123,0,1,0.5341265,0
60124,1,1,0.7851439,1
60125,0,1,0.9999975,0
60126,1,0,0.23126681,0
60127,0,0,0.03471688,1
60128,1,1,0.9999999,1
60129,0,1,0.996682,0
60130,0,0,0.020042615,1
60131,1,1,0.9999039,1
60132,0,1,0.999864,0
60133,1,0,0.020196635,0
60134,1,1,0.98975134,1
60135,1,1,1.0,1
60136,0,0,0.22261563,1
60137,1,1,0.9999777,1
60138,1,1,0.99829596,1
60139,0,0,0.0020789145,1
60140,0,1,0.9999987,0
60141,1,1,0.9999999,1
60142,1,1,1.0,1
60143,1,1,1.0,1
60144,1,0,0.17695588,0
60145,1,1,0.99996054,1
60146,0,1,0.9998267,0
60147,0,0,0.039490405,1
60148,1,1,0.9999349,1
60149,1,1,0.84632385,1
60150,0,1,0.9995915,0
60151,0,1,0.3816804,0
60152,1,1,0.9142142,1
60153,0,1,0.9999175,0
60154,1,0,0.34726036,0
60155,0,0,0.10438599,1
60156,0,0,0.044973567,1
60157,1,1,0.41985607,1
60158,1,1,0.98555213,1
60159,0,0,0.14057204,1
60160,1,0,0.1653908,0
60161,1,1,0.99997854,1
60162,1,0,0.018038029,0
60163,1,1,0.99999857,1
60164,1,1,1.0,1
60165,1,1,0.9999919,1
60166,0,1,0.95888567,0
60167,0,0,0.33128196,1
60168,0,1,0.5014038,0
60169,0,0,0.0551069,1
60170,1,1,0.99999726,1
60171,1,1,0.3511998,1
60172,0,0,0.2656899,1
60173,1,1,0.99998856,1
60174,1,1,0.99966466,1
60175,1,1,1.0,1
60176,1,0,0.32922992,0
60177,1,1,1.0,1
60178,0,1,0.9576754,0
60179,1,1,0.98240626,1
60180,1,1,0.99999964,1
60181,1,1,1.0,1
60182,1,1,0.9839245,1
60183,0,1,0.99999905,0
60184,1,1,0.47438768,1
60185,1,1,0.9999976,1
60186,1,1,0.9906961,1
60187,1,1,0.9996971,1
60188,1,1,0.93108755,1
60189,1,1,1.0,1
60190,0,0,0.24935585,1
60191,1,1,0.9998155,1
60192,0,0,0.16398025,1
60193,1,1,1.0,1
60194,0,0,0.15974101,1
60195,1,1,0.99995804,1
60196,0,1,0.95751673,0
60197,0,1,0.68315536,0
60198,1,1,1.0,1
60199,1,1,1.0,1
60200,0,1,0.8763172,0
60201,0,1,0.999134,0
60202,1,1,0.99998724,1
60203,0,1,0.49096775,0
60204,1,1,0.9999951,1
60205,1,0,0.11124121,0
60206,0,1,0.9912717,0
60207,0,0,0.29808256,1
60208,1,0,0.27556813,0
60209,0,0,0.17356819,1
60210,1,1,0.3712791,1
60211,0,0,0.057334732,1
60212,0,1,0.81420064,0
60213,1,1,1.0,1
60214,0,0,0.06766981,1
60215,0,1,0.87599933,0
60216,0,1,0.98466414,0
60217,1,1,0.99999404,1
60218,0,1,0.44667572,0
60219,0,1,0.997813,0
60220,1,1,0.99999976,1
60221,1,1,0.7201223,1
60222,0,0,0.19125213,1
60223,1,1,0.9999919,1
60224,0,1,0.957794,0
60225,1,0,0.1261379,0
60226,0,0,0.043528132,1
60227,1,0,0.029844806,0
60228,1,0,0.104294725,0
60229,0,1,0.9989818,0
60230,1,1,0.943504,1
60231,1,0,0.274157,0
60232,1,1,0.99437994,1
60233,1,1,0.93581736,1
60234,1,0,0.14984211,0
60235,0,0,0.027769245,1
60236,0,1,0.9797259,0
60237,1,1,0.9999503,1
60238,1,0,0.065545,0
60239,1,1,0.9996513,1
60240,1,1,0.98926485,1
60241,0,1,0.9947084,0
60242,1,1,0.5516945,1
60243,1,1,0.9994128,1
60244,1,0,0.050564528,0
60245,1,1,0.99999666,1
60246,0,0,0.012673735,1
60247,0,1,0.9962346,0
60248,1,1,0.9999187,1
60249,0,0,0.07942426,1
60250,0,0,0.06866228,1
60251,0,1,1.0,0
60252,1,1,0.3585215,1
60253,0,0,0.13313322,1
60254,1,1,1.0,1
60255,1,1,0.99984825,1
60256,0,0,0.02655657,1
60257,0,1,0.99960726,0
60258,0,0,0.25330648,1
60259,1,0,0.17398883,0
60260,0,0,0.13268304,1
60261,1,1,0.87935406,1
60262,0,1,0.6933173,0
60263,1,1,0.99999917,1
60264,0,0,0.094594024,1
60265,1,1,0.9974241,1
60266,1,1,0.9928647,1
60267,0,0,0.1538032,1
60268,0,0,0.27620217,1
60269,1,1,0.99997365,1
60270,1,1,0.5148272,1
60271,1,1,0.5413483,1
60272,1,1,0.9693242,1
60273,1,0,0.25571522,0
60274,0,0,0.049451128,1
60275,0,1,0.544317,0
60276,1,1,0.88612515,1
60277,1,1,1.0,1
60278,1,0,0.092359796,0
60279,1,1,0.943919,1
60280,1,1,0.99372226,1
60281,0,1,0.5652388,0
60282,0,0,0.23039988,1
60283,1,0,0.08834723,0
60284,0,1,1.0,0
60285,0,1,0.96323055,0
60286,0,1,0.9413314,0
60287,1,1,0.98625773,1
60288,1,1,0.97311324,1
60289,0,0,0.07349652,1
60290,0,1,0.84156543,0
60291,1,1,0.99900144,1
60292,0,1,0.9968335,0
60293,0,1,0.99931884,0
60294,1,1,0.99999917,1
60295,0,0,0.034553625,1
60296,1,1,0.83682144,1
60297,1,1,0.99433607,1
60298,0,1,0.5157418,0
60299,1,1,0.49591073,1
60300,1,1,0.9999989,1
60301,0,0,0.09326426,1
60302,0,0,0.005741385,1
60303,0,0,0.30798203,1
60304,1,1,1.0,1
60305,1,1,0.39782146,1
60306,0,0,0.04001227,1
60307,0,0,0.04564947,1
60308,1,1,1.0,1
60309,0,0,0.07204689,1
60310,0,1,0.542318,0
60311,1,1,0.961642,1
60312,1,0,0.11095189,0
60313,1,1,0.5914283,1
60314,1,0,0.0042729364,0
60315,1,1,0.9997459,1
60316,0,1,0.53728414,0
60317,0,1,0.6994084,0
60318,1,1,0.99992394,1
60319,0,1,0.9999999,0
60320,1,0,0.32252598,0
60321,0,1,0.81286734,0
60322,0,0,0.23100649,1
60323,1,1,0.99999654,1
60324,0,0,0.21992333,1
60325,1,1,0.99368566,1
60326,0,0,0.015145287,1
60327,0,0,0.015603534,1
60328,1,1,0.99999774,1
60329,1,1,0.99680245,1
60330,0,0,0.045099564,1
60331,1,0,0.012552117,0
60332,0,1,0.99967873,0
60333,1,1,1.0,1
60334,1,1,0.9999628,1
60335,0,0,0.22017473,1
60336,1,1,0.3517563,1
60337,0,0,0.10311471,1
60338,0,0,0.16444936,1
60339,0,0,0.17300858,1
60340,1,1,0.54613304,1
60341,1,0,0.3346438,0
60342,0,0,0.30523115,1
60343,1,1,0.5205573,1
60344,1,1,1.0,1
60345,1,1,0.96378,1
60346,1,1,0.9902351,1
60347,0,1,0.42119464,0
60348,1,1,0.6222298,1
60349,0,1,0.38867602,0
60350,1,1,0.9998977,1
60351,0,0,0.029228985,1
60352,1,1,0.9999999,1
60353,0,0,0.2806164,1
60354,0,1,0.7325918,0
60355,0,0,0.00095659646,1
60356,0,1,0.7403621,0
60357,1,0,0.044931643,0
60358,1,1,0.7848967,1
60359,0,0,0.008610767,1
60360,1,1,0.93158704,1
60361,1,1,0.9996711,1
60362,0,1,0.9982212,0
60363,1,1,0.5920771,1
60364,1,1,0.9993333,1
60365,0,1,1.0,0
60366,1,1,0.9975274,1
60367,1,1,0.99961925,1
60368,0,0,0.0763388,1
60369,0,1,0.9114165,0
60370,0,1,0.7614498,0
60371,0,1,0.6440572,0
60372,1,1,0.9761973,1
60373,1,1,0.8372211,1
60374,1,1,0.7773421,1
60375,0,0,0.05315703,1
60376,1,1,0.9999999,1
60377,1,1,0.99999976,1
60378,1,1,0.9998691,1
60379,1,1,0.42173043,1
60380,1,0,0.04340633,0
60381,1,1,0.9999145,1
60382,1,1,0.9999994,1
60383,1,1,0.9999999,1
60384,0,0,0.11506276,1
60385,0,1,0.9999926,0
60386,0,1,0.9519973,0
60387,1,1,0.8679338,1
60388,1,1,0.89606965,1
60389,1,1,0.9999845,1
60390,1,1,1.0,1
60391,0,0,0.012455653,1
60392,0,1,0.9745077,0
60393,0,1,0.90894175,0
60394,1,1,0.83508044,1
60395,0,1,0.5115336,0
60396,1,1,0.9999999,1
60397,1,1,1.0,1
60398,1,1,0.9999993,1
60399,0,1,0.42969856,0
60400,1,1,0.9994937,1
60401,1,1,0.99999917,1
60402,1,1,0.9999938,1
60403,0,1,0.4197966,0
60404,1,1,0.9997818,1
60405,1,1,1.0,1
60406,0,0,0.07578975,1
60407,1,1,0.48444107,1
60408,1,0,0.008203787,0
60409,0,0,0.011846234,1
60410,1,1,0.99608517,1
60411,1,0,0.100348406,0
60412,0,1,0.7238466,0
60413,0,1,0.668177,0
60414,0,1,0.97311324,0
60415,1,1,0.99999213,1
60416,1,1,0.9975274,1
60417,1,1,0.99993646,1
60418,0,0,0.07544843,1
60419,0,0,0.15823938,1
60420,1,1,0.5527208,1
60421,0,0,0.0628467,1
60422,1,0,0.22194035,0
60423,0,0,0.11864014,1
60424,1,1,0.99333304,1
60425,1,1,0.99997294,1
60426,0,0,0.08779819,1
60427,0,1,0.9958741,0
60428,0,0,0.06319269,1
60429,0,0,0.22380088,1
60430,1,1,0.9999999,1
60431,0,0,0.029675618,1
60432,1,1,0.9999994,1
60433,0,0,0.038357977,1
60434,0,0,0.2852724,1
60435,1,1,1.0,1
60436,0,1,0.9969187,0
60437,0,1,0.99736315,0
60438,1,1,0.9999542,1
60439,1,1,0.99976224,1
60440,0,0,0.0489941,1
60441,1,0,0.31515607,0
60442,0,1,0.9455002,0
60443,0,0,0.063773274,1
60444,0,0,0.011552671,1
60445,1,1,1.0,1
60446,1,1,0.99918,1
60447,0,1,0.99980515,0
60448,1,1,0.6667681,1
60449,0,1,0.84834504,0
60450,0,1,0.39458,0
60451,1,1,0.7251137,1
60452,0,1,0.9973322,0
60453,0,1,0.61410475,0
60454,0,0,0.042522945,1
60455,1,1,0.9978719,1
60456,0,0,0.005169658,1
60457,0,1,0.9999443,0
60458,1,1,0.9966299,1
60459,1,1,0.99956685,1
60460,1,1,0.7426084,1
60461,0,0,0.35003245,1
60462,0,1,0.99990237,0
60463,0,0,0.08232769,1
60464,0,0,0.035644967,1
60465,0,1,0.49890137,0
60466,0,1,0.9890343,0
60467,0,1,0.98844737,0
60468,1,1,0.77081,1
60469,1,1,0.99998736,1
60470,1,1,0.7214489,1
60471,0,1,0.43530127,0
60472,1,1,0.99999845,1
60473,1,1,0.9974738,1
60474,1,0,0.26284182,0
60475,0,1,0.9999335,0
60476,1,1,0.8059378,1
60477,1,1,0.99987113,1
60478,0,0,0.22832853,1
60479,1,1,1.0,1
60480,0,1,0.9976172,0
60481,1,1,0.9999993,1
60482,0,0,0.14402843,1
60483,1,1,0.99474937,1
60484,0,1,0.70166194,0
60485,0,0,0.04276215,1
60486,1,0,0.3373127,0
60487,1,1,1.0,1
60488,1,1,0.9999783,1
60489,1,1,0.9999999,1
60490,1,0,0.28274047,0
60491,1,1,0.98039377,1
60492,0,0,0.1434875,1
60493,1,0,0.13980691,0
60494,0,1,0.9998134,0
60495,0,0,0.032313783,1
60496,1,1,1.0,1
60497,1,0,0.1647851,0
60498,0,1,0.9819447,0
60499,1,1,0.45571327,1
60500,0,1,0.4893815,0
60501,1,1,0.9999999,1
60502,0,0,0.2680783,1
60503,1,1,0.9942697,1
60504,1,0,0.17938675,0
60505,1,1,0.999997,1
60506,1,0,0.26246354,0
60507,0,0,0.3195459,1
60508,0,0,0.30264863,1
60509,1,1,0.99999475,1
60510,0,0,0.19314739,1
60511,0,1,0.93941504,0
60512,0,0,0.094594024,1
60513,1,1,1.0,1
60514,1,1,1.0,1
60515,1,1,0.9675024,1
60516,0,1,0.8610715,0
60517,1,1,0.9219218,1
60518,0,0,0.2146091,1
60519,1,1,0.9746528,1
60520,0,0,0.13620575,1
60521,0,1,0.9992237,0
60522,0,0,0.048181534,1
60523,1,0,0.15662017,0
60524,1,0,0.2205942,0
60525,0,0,0.15310545,1
60526,0,1,0.9998915,0
60527,0,0,0.022095477,1
60528,0,0,0.14294825,1
60529,1,0,0.056913942,0
60530,0,0,0.03581319,1
60531,0,0,0.14718705,1
60532,0,1,0.9996499,0
60533,1,1,0.95659363,1
60534,0,0,0.14817041,1
60535,1,1,0.9546897,1
60536,0,1,0.9994105,0
60537,1,1,0.9432954,1
60538,0,1,0.7923036,0
60539,1,1,0.9999989,1
60540,1,1,1.0,1
60541,0,0,0.0689125,1
60542,1,1,0.9999727,1
60543,1,1,0.9998118,1
60544,1,0,0.027769245,0
60545,0,0,0.045991033,1
60546,0,0,0.23678085,1
60547,0,1,0.98192734,0
60548,1,1,0.9997198,1
60549,1,1,1.0,1
60550,0,1,0.97311324,0
60551,1,1,0.9128255,1
60552,1,0,0.043691058,0
60553,0,0,0.28229508,1
60554,1,0,0.025932675,0
60555,1,1,1.0,1
60556,0,0,0.17272931,1
60557,1,1,1.0,1
60558,0,1,0.59537494,0
60559,1,1,1.0,1
60560,1,1,0.9953904,1
60561,0,0,0.04505753,1
60562,1,1,0.9333701,1
60563,0,1,0.998912,0
60564,1,1,0.9998067,1
60565,1,0,0.046551276,0
60566,1,0,0.24166831,0
60567,0,1,0.37782758,0
60568,0,1,0.81427443,0
60569,1,1,0.85669243,1
60570,1,1,0.7300013,1
60571,1,1,0.99999976,1
60572,1,1,0.9991991,1
60573,1,0,0.23651622,0
60574,0,1,0.80193585,0
60575,1,0,0.22781274,0
60576,0,0,0.32300627,1
60577,0,0,0.16224726,1
60578,0,0,0.083515875,1
60579,1,0,0.0070254076,0
60580,1,1,0.9584989,1
60581,1,1,0.978733,1
60582,1,1,0.93451476,1
60583,0,0,0.1653908,1
60584,1,1,1.0,1
60585,0,1,0.99821776,0
60586,1,1,0.9932811,1
60587,1,1,1.0,1
60588,1,1,0.9993905,1
60589,1,1,1.0,1
60590,1,1,0.58308464,1
60591,0,1,0.90174776,0
60592,0,0,0.23695739,1
60593,1,0,0.12907304,0
60594,0,0,0.0275591,1
60595,1,1,1.0,1
60596,1,0,0.28611937,0
60597,1,1,0.9999939,1
60598,1,1,0.7201223,1
60599,1,1,0.98888505,1
60600,1,1,1.0,1
60601,0,0,0.17895591,1
60602,0,0,0.039121646,1
60603,0,0,0.06760824,1
60604,1,1,1.0,1
60605,0,1,0.99346113,0
60606,1,1,0.9997478,1
60607,0,0,0.32268605,1
60608,0,0,0.012503792,1
60609,1,1,0.99962366,1
60610,0,0,0.05345272,1
60611,0,0,0.029844806,1
60612,1,1,1.0,1
60613,1,1,0.5188509,1
60614,0,1,0.60981464,0
60615,0,1,0.5914283,0
60616,1,1,1.0,1
60617,1,1,0.8409133,1
60618,1,1,0.9938548,1
60619,1,1,0.9999883,1
60620,1,1,0.87037706,1
60621,1,0,0.2703839,0
60622,0,1,0.9947084,0
60623,0,1,0.86993575,0
60624,1,1,0.37668043,1
60625,1,0,0.2188363,0
60626,0,0,0.085632786,1
60627,1,1,0.99968255,1
60628,1,0,0.2650236,0
60629,1,1,0.99317604,1
60630,1,1,0.9983386,1
60631,1,1,0.8433798,1
60632,1,0,0.04073109,0
60633,1,0,0.274935,0
60634,1,1,0.997399,1
60635,1,1,0.99025387,1
60636,1,1,0.4125893,1
60637,1,1,0.99888176,1
60638,1,1,1.0,1
60639,0,1,0.9870546,0
60640,1,1,0.726959,1
60641,1,1,1.0,1
60642,0,1,0.9999895,0
60643,0,1,0.9118885,0
60644,0,0,0.009708477,1
60645,1,1,0.8398654,1
60646,1,1,0.99952435,1
60647,1,1,0.54292387,1
60648,0,0,0.06019705,1
60649,0,0,0.099382766,1
60650,1,0,0.0015427324,0
60651,0,1,0.99727964,0
60652,1,1,1.0,1
60653,1,1,0.9844862,1
60654,1,1,0.9967963,1
60655,1,0,0.061649624,0
60656,1,1,0.97046465,1
60657,1,0,0.3414727,0
60658,0,0,0.19775413,1
60659,0,1,0.39826015,0
60660,1,1,0.99999976,1
60661,0,1,0.81844676,0
60662,0,1,0.51647353,0
60663,0,1,0.99995697,0
60664,1,1,0.99993217,1
60665,0,1,0.8523219,0
60666,0,0,0.038538493,1
60667,0,0,0.024122424,1
60668,1,1,1.0,1
60669,1,0,0.051462766,0
60670,1,1,0.9999999,1
60671,1,1,0.9999945,1
60672,1,1,0.9914722,1
60673,1,1,0.9656413,1
60674,0,1,0.9219921,0
60675,1,1,0.9999125,1
60676,1,1,0.99989486,1
60677,1,0,0.0076214303,0
60678,0,0,0.026480937,1
60679,1,1,0.9957353,1
60680,0,0,0.24972162,1
60681,0,1,0.9991013,0
60682,1,0,0.04863137,0
60683,0,1,0.9942251,0
60684,1,1,1.0,1
60685,0,0,0.031648684,1
60686,1,1,0.882022,1
60687,1,0,0.058938842,0
60688,0,0,0.26081288,1
60689,0,0,0.043895524,1
60690,1,1,0.9999995,1
60691,1,1,0.9999951,1
60692,0,0,0.036631368,1
60693,1,1,0.7427017,1
60694,0,0,0.008267596,1
60695,1,1,0.87883514,1
60696,1,1,0.8119744,1
60697,0,0,0.11486404,1
60698,0,1,0.68967146,0
60699,1,1,0.8467045,1
60700,1,1,1.0,1
60701,1,1,0.9026096,1
60702,0,0,0.1346052,1
60703,1,1,0.98313373,1
60704,1,1,1.0,1
60705,0,1,0.9978002,0
60706,0,1,0.9969663,0
60707,1,1,0.83761996,1
60708,0,0,0.068537496,1
60709,1,0,0.043691058,0
60710,1,0,0.21403356,0
60711,0,1,0.999982,0
60712,0,1,0.9793738,0
60713,1,1,1.0,1
60714,1,1,0.9999993,1
60715,0,1,0.9948403,0
60716,0,1,0.35181195,0
60717,0,1,0.9860443,0
60718,1,1,0.58593065,1
60719,0,1,0.9972584,0
60720,1,1,0.9999993,1
60721,0,0,0.17023194,1
60722,0,0,0.24671482,1
60723,0,1,0.99978095,0
60724,1,0,0.003876926,0
60725,0,0,0.086400524,1
60726,1,1,0.99860066,1
60727,1,1,1.0,1
60728,1,0,0.21239536,0
60729,0,0,0.20118472,1
60730,1,1,0.9999846,1
60731,0,0,0.01510165,1
60732,1,1,0.99108386,1
60733,0,1,0.9811307,0
60734,1,1,1.0,1
60735,1,1,0.55326396,1
60736,1,1,0.99983525,1
60737,1,1,1.0,1
60738,1,1,0.747155,1
60739,1,1,1.0,1
60740,1,1,0.9818231,1
60741,1,1,1.0,1
60742,0,1,0.7219883,0
60743,1,1,0.8558512,1
60744,1,0,0.18462047,0
60745,1,1,0.999731,1
60746,1,1,0.81167597,1
60747,0,0,0.083142914,1
60748,0,0,0.045862667,1
60749,0,1,0.48544723,0
60750,1,1,0.97664696,1
60751,1,1,0.99253935,1
60752,1,0,0.024469672,0
60753,1,1,0.9999994,1
60754,0,1,0.9999505,0
60755,1,0,0.26588044,0
60756,1,1,0.99836427,1
60757,1,1,0.9956006,1
60758,0,1,0.98860246,0
60759,1,1,0.9828562,1
60760,1,1,0.9984176,1
60761,1,1,0.99308276,1
60762,1,1,0.99956006,1
60763,1,1,0.9999976,1
60764,1,1,0.9999999,1
60765,1,1,0.99999964,1
60766,0,1,0.9960083,0
60767,0,0,0.0553617,1
60768,1,1,0.99999976,1
60769,1,1,0.39446336,1
60770,0,0,0.17511447,1
60771,0,0,0.08130065,1
60772,1,1,0.9976859,1
60773,1,1,0.97386926,1
60774,0,0,0.23118003,1
60775,0,0,0.018387254,1
60776,0,1,0.98087597,0
60777,1,1,0.9987816,1
60778,0,1,0.9345745,0
60779,0,1,0.99992096,0
60780,1,1,0.39382204,1
60781,0,1,0.96792966,0
60782,0,0,0.0057525453,1
60783,0,1,0.8903896,0
60784,0,1,0.353484,0
60785,0,1,0.66099346,0
60786,1,1,0.47000676,1
60787,0,1,0.9998702,0
60788,1,1,0.92729753,1
60789,0,0,0.07585818,1
60790,1,1,0.9967775,1
60791,0,0,0.1504028,1
60792,0,0,0.25293726,1
60793,1,1,0.9763331,1
60794,1,0,0.23204899,0
60795,1,1,0.9999988,1
60796,0,1,0.98244,0
60797,1,1,0.83642095,1
60798,0,1,0.99999857,0
60799,0,0,0.024469672,1
60800,1,1,0.99999917,1
60801,0,0,0.084947094,1
60802,0,0,0.071396716,1
60803,1,0,0.11843607,0
60804,1,1,0.99998295,1
60805,0,0,0.100348406,1
60806,1,1,0.9986853,1
60807,1,1,0.9466954,1
60808,1,1,0.99090964,1
60809,1,1,0.6935249,1
60810,0,1,0.7934263,0
60811,1,1,0.99998903,1
60812,0,1,0.5401356,0
60813,1,1,0.9912209,1
60814,1,1,0.9999993,1
60815,0,0,0.08969352,1
60816,0,0,0.02517884,1
60817,1,1,0.7154737,1
60818,0,1,0.53199965,0
60819,1,1,0.40662634,1
60820,1,1,0.9999999,1
60821,1,1,0.9999999,1
60822,1,0,0.0007598414,0
60823,1,1,0.3706809,1
60824,0,1,0.5952573,0
60825,0,0,0.15146656,1
60826,1,1,0.9931229,1
60827,0,0,0.004399413,1
60828,1,1,1.0,1
60829,1,0,0.043650273,0
60830,1,1,0.6077214,1
60831,0,0,0.07369626,1
60832,1,0,0.3110082,0
60833,0,0,0.32664722,1
60834,1,1,1.0,1
60835,1,1,0.9957684,1
60836,0,1,0.99369794,0
60837,1,1,0.9893063,1
60838,0,0,0.307826,1
60839,0,0,0.099120855,1
60840,1,1,0.9973008,1
60841,0,0,0.052230857,1
60842,1,1,0.9944559,1
60843,0,0,0.02184368,1
60844,0,1,0.62926215,0
60845,0,1,0.7844016,0
60846,1,1,0.86385167,1
60847,1,1,0.42128393,1
60848,1,1,1.0,1
60849,0,1,0.99998844,0
60850,0,0,0.07483763,1
60851,1,1,0.998487,1
60852,0,0,0.0070801177,1
60853,1,1,0.99984455,1
60854,1,1,0.99596137,1
60855,1,1,0.95400894,1
60856,0,1,0.9594213,0
60857,1,1,0.3997238,1
60858,0,0,0.10530251,1
60859,1,1,0.99592197,1
60860,0,1,0.37364724,0
60861,0,1,0.8580062,0
60862,1,1,0.92716575,1
60863,0,0,0.042722195,1
60864,1,1,0.9997273,1
60865,0,1,0.54734313,0
60866,1,1,0.98549646,1
60867,0,1,0.8175745,0
60868,0,0,0.029535338,1
60869,0,1,0.7775534,0
60870,1,1,1.0,1
60871,1,1,0.41655925,1
60872,0,0,0.0773781,1
60873,0,0,0.0072187525,1
60874,1,0,0.17852582,0
60875,0,1,0.6316511,0
60876,1,1,0.81640637,1
60877,0,0,0.33824104,1
60878,0,0,0.08779819,1
60879,0,0,0.23554772,1
60880,0,0,0.026886744,1
60881,1,0,0.04344689,0
60882,0,0,0.028220985,1
60883,0,1,0.9594972,0
60884,1,1,0.90934503,1
60885,1,1,1.0,1
60886,0,0,0.048496004,1
60887,1,1,1.0,1
60888,0,0,0.12754393,1
60889,1,1,0.97790456,1
60890,0,1,0.99982053,0
60891,1,1,0.99993443,1
60892,1,1,1.0,1
60893,1,1,0.99999654,1
60894,1,1,1.0,1
60895,1,1,0.91367656,1
60896,0,0,0.076407686,1
60897,1,1,0.43542132,1
60898,1,1,0.9999814,1
60899,1,1,0.61259943,1
60900,1,0,0.29022592,0
60901,1,1,0.92114514,1
60902,1,1,0.99533635,1
60903,1,1,0.6159545,1
60904,0,1,0.83467656,0
60905,0,1,0.97121114,0
60906,1,1,0.9999982,1
60907,0,1,0.89912134,0
60908,0,1,0.5162906,0
60909,1,1,0.9999994,1
60910,1,1,0.9999677,1
60911,0,0,0.018246775,1
60912,0,0,0.029873094,1
60913,1,0,0.3181143,0
60914,0,1,0.999015,0
60915,1,1,0.9989077,1
60916,0,0,0.2243952,1
60917,0,0,0.08456833,1
60918,0,1,0.7646281,0
60919,1,1,0.9999658,1
60920,1,1,1.0,1
60921,1,1,0.95239735,1
60922,1,1,1.0,1
60923,0,0,0.06602512,1
60924,1,1,1.0,1
60925,1,1,0.9935993,1
60926,1,1,0.57910293,1
60927,1,1,0.99999404,1
60928,1,0,0.069541745,0
60929,1,1,0.99924755,1
60930,0,0,0.085632786,1
60931,0,1,0.9996352,0
60932,0,1,0.82090056,0
60933,0,1,0.9922144,0
60934,1,1,0.3941135,1
60935,0,1,0.7559974,0
60936,1,1,0.99999046,1
60937,1,1,1.0,1
60938,1,1,0.99998665,1
60939,1,1,0.99999964,1
60940,1,1,0.999995,1
60941,1,1,0.58005476,1
60942,0,1,0.828523,0
60943,1,1,0.9995035,1
60944,1,1,0.96573836,1
60945,0,0,0.093595125,1
60946,1,1,1.0,1
60947,0,0,0.066751465,1
60948,0,1,0.90320885,0
60949,0,1,0.8749346,0
60950,1,1,1.0,1
60951,1,1,1.0,1
60952,1,1,0.9999995,1
60953,0,0,0.14847884,1
60954,0,0,0.06198946,1
60955,1,1,0.99999166,1
60956,1,1,1.0,1
60957,1,1,0.6722779,1
60958,0,0,0.09955772,1
60959,0,0,0.12879884,1
60960,0,1,0.9988991,0
60961,1,0,0.25036255,0
60962,1,0,0.015306354,0
60963,0,1,0.9924666,0
60964,0,0,0.31700325,1
60965,1,1,1.0,1
60966,1,1,0.66600823,1
60967,1,1,0.87418467,1
60968,1,0,0.16377953,0
60969,1,1,0.83788544,1
60970,1,1,0.8546422,1
60971,0,1,0.649523,0
60972,1,0,0.17023194,0
60973,0,0,0.26841372,1
60974,1,1,0.9981792,1
60975,0,1,0.9999999,0
60976,0,1,0.99984586,0
60977,1,1,0.9999149,1
60978,1,1,0.99993813,1
60979,1,1,1.0,1
60980,0,0,0.24122119,1
60981,1,1,0.9999913,1
60982,1,1,0.58308464,1
60983,0,0,0.057440385,1
60984,0,1,0.6585822,0
60985,1,1,0.38254502,1
60986,1,1,0.9997428,1
60987,1,1,0.9990188,1
60988,0,1,0.98292196,0
60989,0,1,0.49334756,0
60990,0,0,0.06822642,1
60991,1,1,0.996597,1
60992,0,1,0.9885361,0
60993,1,1,0.9999988,1
60994,1,0,0.10176784,0
60995,0,1,0.9551521,0
60996,0,1,0.96080494,0
60997,0,1,0.8106289,0
60998,1,0,0.12085323,0
60999,1,1,0.99999166,1
61000,1,1,0.999992,1
61001,0,1,0.3782294,0
61002,0,1,0.980375,0
61003,0,0,0.18462047,1
61004,0,0,0.03204008,1
61005,0,1,0.8749346,0
61006,1,1,1.0,1
61007,0,1,0.9790958,0
61008,1,0,0.2374875,0
61009,0,1,0.9999454,0
61010,1,1,0.9764232,1
61011,1,1,0.6538456,1
61012,1,0,0.055823144,0
61013,1,0,0.09097748,0
61014,0,0,0.050658382,1
61015,1,0,0.0489941,0
61016,0,0,0.09186979,1
61017,1,1,0.9889064,1
61018,0,0,0.17245041,1
61019,0,1,0.37794238,0
61020,1,1,1.0,1
61021,1,0,0.1500911,0
61022,0,1,0.7324962,0
61023,0,0,0.28726768,1
61024,1,1,0.9499951,1
61025,1,1,0.9998876,1
61026,0,0,0.24166831,1
61027,0,1,0.5273165,0
61028,0,1,0.648188,0
61029,1,1,0.99533635,1
61030,0,0,0.1309508,1
61031,1,1,1.0,1
61032,1,1,0.93885684,1
61033,0,1,0.9999689,0
61034,1,1,0.99999785,1
61035,1,1,0.9999999,1
61036,0,0,0.07204689,1
61037,1,1,0.8250265,1
61038,0,0,0.01433703,1
61039,1,1,0.99709916,1
61040,1,0,0.07185127,0
61041,1,1,0.9935743,1
61042,1,1,0.99999857,1
61043,1,1,1.0,1
61044,1,1,1.0,1
61045,0,1,0.9609883,0
61046,0,0,0.013795365,1
61047,0,1,0.46952027,0
61048,0,0,0.24835183,1
61049,1,1,0.9555686,1
61050,1,1,1.0,1
61051,0,0,0.2249055,1
61052,0,0,0.21403356,1
61053,0,0,0.016753288,1
61054,1,1,1.0,1
61055,1,1,0.88453895,1
61056,1,0,0.05926467,0
61057,0,1,0.64226425,0
61058,1,0,0.021532876,0
61059,1,1,0.99999213,1
61060,1,1,0.9999932,1
61061,0,1,0.99890554,0
61062,0,1,0.99916553,0
61063,0,0,0.28987402,1
61064,0,0,0.16633658,1
61065,1,1,1.0,1
61066,1,0,0.16830944,0
61067,0,1,0.4268889,0
61068,1,1,1.0,1
61069,1,1,0.400808,1
61070,0,1,0.55724305,0
61071,1,1,0.99999666,1
61072,1,0,0.26407358,0
61073,1,1,0.97396845,1
61074,1,0,0.0705596,0
61075,0,0,0.0013045067,1
61076,1,0,0.031678624,0
61077,1,0,0.17483254,0
61078,1,0,0.10266401,0
61079,1,0,0.16701478,0
61080,0,1,0.8916225,0
61081,0,1,0.6966295,0
61082,0,0,0.043609526,1
61083,0,0,0.054148693,1
61084,0,1,0.99999917,0
61085,1,1,1.0,1
61086,0,1,0.99816495,0
61087,0,0,0.10141131,1
61088,1,1,1.0,1
61089,0,1,0.5079339,0
61090,1,0,0.123947665,0
61091,1,0,0.27425417,0
61092,0,0,0.050611433,1
61093,1,1,0.9890554,1
61094,0,0,0.20331182,1
61095,0,0,0.20577459,1
61096,0,0,0.1538032,1
61097,1,1,0.99997795,1
61098,0,0,0.06779314,1
61099,1,1,0.99999166,1
61100,0,1,0.99970514,0
61101,0,0,0.27835485,1
61102,1,0,0.32879877,0
61103,0,1,0.99999976,0
61104,1,1,0.98018634,1
61105,0,1,0.98803884,0
61106,1,1,0.87652874,1
61107,1,0,0.0020348171,0
61108,1,1,0.8512122,1
61109,0,0,0.17412922,1
61110,0,1,0.99764496,0
61111,1,1,0.91482496,1
61112,0,1,0.49359167,0
61113,0,1,0.9736196,0
61114,1,1,0.8153795,1
61115,0,1,0.389953,0
61116,0,1,0.9997017,0
61117,0,1,0.9920312,0
61118,1,1,0.98651993,1
61119,1,0,0.07723879,0
61120,1,1,0.99952805,1
61121,0,1,0.99349916,0
61122,1,1,0.99955314,1
61123,0,0,0.019606182,1
61124,0,0,0.002208389,1
61125,1,1,0.9720721,1
61126,1,1,0.9999919,1
61127,0,1,1.0,0
61128,0,1,0.8130158,0
61129,1,1,0.9998969,1
61130,1,1,0.9853843,1
61131,0,1,0.9364014,0
61132,0,1,0.86165464,0
61133,1,1,0.9937709,1
61134,1,1,0.84260434,1
61135,1,1,1.0,1
61136,0,0,0.08240149,1
61137,0,1,0.9998568,0
61138,1,1,0.9999825,1
61139,1,0,0.23039988,0
61140,1,1,0.9999764,1
61141,1,0,0.10613344,0
61142,1,1,0.9999269,1
61143,0,1,0.7995989,0
61144,1,1,0.9999969,1
61145,1,1,0.9382939,1
61146,0,1,0.96560895,0
61147,0,1,0.9977349,0
61148,1,1,1.0,1
61149,0,1,0.5270731,0
61150,0,1,0.9951514,0
61151,1,1,0.9999999,1
61152,0,1,0.39612657,0
61153,1,1,0.62286085,1
61154,0,0,0.24409263,1
61155,0,0,0.26616648,1
61156,1,1,1.0,1
61157,1,1,0.9999956,1
61158,1,1,0.47834605,1
61159,0,1,0.6708779,0
61160,1,1,0.9989637,1
61161,1,1,0.87966454,1
61162,0,0,0.052086018,1
61163,0,1,0.99973255,0
61164,0,0,0.32402146,1
61165,1,1,1.0,1
61166,1,1,0.9411153,1
61167,0,1,0.43110514,0
61168,0,1,0.6099308,0
61169,1,1,0.99407744,1
61170,1,1,0.9239362,1
61171,1,1,0.99999654,1
61172,1,1,0.9994642,1
61173,1,1,1.0,1
61174,0,0,0.11516222,1
61175,0,0,0.14657521,1
61176,0,0,0.059155874,1
61177,1,1,0.9999974,1
61178,1,1,0.57170683,1
61179,1,1,1.0,1
61180,0,1,0.9540518,0
61181,0,0,0.008694533,1
61182,0,0,0.040275678,1
61183,1,1,1.0,1
61184,0,0,0.34422296,1
61185,0,1,0.87705624,0
61186,0,0,0.026861202,1
61187,1,1,0.74890363,1
61188,1,1,0.7579288,1
61189,0,1,0.78099674,0
61190,1,1,0.99992716,1
61191,1,1,0.9999999,1
61192,1,1,0.9909622,1
61193,1,1,0.99990237,1
61194,1,1,0.583144,1
61195,0,0,0.00946738,1
61196,0,0,0.03750274,1
61197,0,0,0.14134066,1
61198,0,1,1.0,0
61199,1,1,1.0,1
61200,1,1,1.0,1
61201,0,0,0.16398025,1
61202,1,1,0.9989975,1
61203,0,1,0.97527254,0
61204,1,0,0.020904195,0
61205,1,0,0.070880495,0
61206,1,1,0.4852643,1
61207,1,1,0.9997893,1
61208,1,0,0.10079008,0
61209,1,1,0.6962166,1
61210,0,0,0.2004794,1
61211,0,1,0.9935243,0
61212,1,1,0.99486035,1
61213,0,0,0.16613355,1
61214,0,1,0.9281487,0
61215,0,1,0.70634234,0
61216,1,1,0.99999094,1
61217,0,0,0.08532742,1
61218,0,1,0.9911698,0
61219,0,1,0.54661715,0
61220,1,1,0.9999863,1
61221,0,1,0.99998856,0
61222,1,1,0.4863925,1
61223,1,0,0.032713126,0
61224,0,0,0.022715757,1
61225,1,1,0.9989225,1
61226,0,0,0.073430054,1
61227,1,1,0.99990463,1
61228,1,1,0.9999989,1
61229,1,1,0.99890554,1
61230,1,1,0.9999149,1
61231,1,1,0.9963642,1
61232,0,1,0.5832034,0
61233,0,1,0.75319445,0
61234,0,0,0.06626642,1
61235,1,1,1.0,1
61236,0,0,0.25137195,1
61237,0,1,0.985129,0
61238,0,1,0.99997354,0
61239,1,1,0.99995184,1
61240,0,1,0.9999783,0
61241,1,1,0.9837225,1
61242,0,0,0.17773949,1
61243,1,1,0.99999976,1
61244,1,1,0.9999932,1
61245,1,1,0.9999765,1
61246,1,1,1.0,1
61247,0,1,0.96458924,0
61248,0,1,0.70395666,0
61249,0,0,0.01461567,1
61250,1,1,0.7612724,1
61251,1,1,0.99040353,1
61252,0,0,0.09113915,1
61253,0,0,0.0946777,1
61254,0,0,0.05970174,1
61255,1,1,0.9999969,1
61256,1,1,0.9975274,1
61257,1,0,0.12929276,0
61258,0,0,0.13251457,1
61259,1,0,0.21967211,0
61260,1,1,0.8590736,1
61261,0,0,0.33301497,1
61262,0,1,0.39431757,0
61263,1,0,0.01883313,0
61264,1,1,1.0,1
61265,1,1,0.9471371,1
61266,0,0,0.078289315,1
61267,0,0,0.045734633,1
61268,1,1,0.9999974,1
61269,1,0,0.031529184,0
61270,0,0,0.11526177,1
61271,1,1,0.999992,1
61272,0,0,0.21133544,1
61273,1,1,1.0,1
61274,1,1,0.999998,1
61275,1,0,0.018457891,0
61276,1,1,0.8076124,1
61277,1,1,0.9105454,1
61278,0,1,0.98934746,0
61279,0,0,0.07654563,1
61280,1,1,1.0,1
61281,0,1,0.531331,0
61282,1,0,0.08050193,0
61283,1,0,0.006363574,0
61284,1,1,0.99701905,1
61285,1,1,0.99881446,1
61286,0,1,0.5582668,0
61287,1,1,0.99999535,1
61288,0,1,0.9823386,0
61289,0,1,0.8778961,0
61290,0,0,0.04577727,1
61291,1,1,0.999539,1
61292,0,0,0.008156249,1
61293,1,1,0.9230392,1
61294,0,0,0.119151674,1
61295,0,1,0.49014407,0
61296,1,1,0.9988236,1
61297,0,1,0.9995995,0
61298,1,1,0.9713201,1
61299,1,1,0.99971205,1
61300,1,1,0.98947024,1
61301,0,1,0.429549,0
61302,1,1,1.0,1
61303,1,1,0.99999285,1
61304,0,0,0.14953136,1
61305,0,0,0.014420068,1
61306,0,1,0.46924663,0
61307,1,1,0.9214283,1
61308,0,0,0.054651033,1
61309,0,1,0.9843062,0
61310,1,1,0.99999917,1
61311,0,0,0.0139288595,1
61312,0,1,0.94240075,0
61313,0,1,0.38329497,0
61314,1,0,0.060086653,0
61315,0,1,0.9969126,0
61316,0,0,0.026531339,1
61317,0,1,0.9999869,0
61318,0,0,0.008315778,1
61319,0,0,0.0033179717,1
61320,0,1,0.62629557,0
61321,1,1,0.995037,1
61322,1,1,0.42068884,1
61323,1,1,0.99999654,1
61324,0,0,0.093595125,1
61325,0,1,0.99999344,0
61326,1,1,0.9999678,1
61327,0,0,0.23792991,1
61328,0,0,0.103295475,1
61329,0,0,0.074567616,1
61330,1,1,0.9962638,1
61331,1,0,0.04564947,0
61332,1,1,1.0,1
61333,1,1,0.9999982,1
61334,1,1,0.8554893,1
61335,1,1,0.9379537,1
61336,0,1,0.9300782,0
61337,1,1,0.9982317,1
61338,1,1,0.79390603,1
61339,0,1,0.9999726,0
61340,1,1,0.99999976,1
61341,0,1,0.6734602,0
61342,1,1,1.0,1
61343,0,1,0.7709825,0
61344,1,0,0.00014768039,0
61345,0,0,0.33334044,1
61346,1,1,0.9999969,1
61347,0,1,0.990732,0
61348,0,1,0.9999995,0
61349,1,1,0.9999902,1
61350,1,1,1.0,1
61351,0,0,0.04189131,1
61352,1,0,0.14493375,0
61353,1,1,0.9999981,1
61354,0,0,0.06250249,1
61355,0,1,0.4810272,0
61356,0,0,0.25557584,1
61357,0,1,0.38124838,0
61358,1,1,1.0,1
61359,1,1,0.5500636,1
61360,1,1,0.744842,1
61361,1,1,0.99998164,1
61362,0,1,0.9940428,0
61363,0,0,0.28776783,1
61364,1,1,0.9999976,1
61365,1,1,0.45338285,1
61366,0,0,0.309128,1
61367,1,0,0.010673115,0
61368,0,0,0.28046855,1
61369,1,1,0.4422751,1
61370,0,1,0.99890983,0
61371,0,0,0.28378138,1
61372,0,0,0.1625129,1
61373,1,1,0.99996614,1
61374,0,1,0.9883802,0
61375,0,1,0.9858549,0
61376,1,1,1.0,1
61377,1,1,0.9548163,1
61378,0,1,0.99933976,0
61379,1,0,0.041191436,0
61380,1,1,0.9999995,1
61381,0,1,0.9993242,0
61382,0,0,0.2399722,1
61383,1,0,0.11436852,0
61384,0,0,0.16776335,1
61385,0,0,0.2656423,1
61386,0,0,0.11027936,1
61387,1,1,0.9979292,1
61388,0,0,0.06608538,1
61389,1,1,0.9444849,1
61390,1,1,0.8305941,1
61391,0,1,0.9705485,0
61392,0,0,0.032992378,1
61393,1,1,0.59302014,1
61394,0,1,0.9964825,0
61395,0,0,0.0050899177,1
61396,1,0,0.014899643,0
61397,0,1,0.8431217,0
61398,1,0,0.08173938,0
61399,0,1,0.9992931,0
61400,0,1,0.9999863,0
61401,1,1,0.8924688,1
61402,1,1,0.9988305,1
61403,0,0,0.22627032,1
61404,0,0,0.046942927,1
61405,1,1,0.9999956,1
61406,1,1,0.99996424,1
61407,0,1,0.9987381,0
61408,1,1,0.99210805,1
61409,0,1,0.9999994,0
61410,0,1,0.99550545,0
61411,0,0,0.22678365,1
61412,0,1,0.37903354,0
61413,1,1,0.9936365,1
61414,1,1,0.99999714,1
61415,1,1,0.9999995,1
61416,1,1,0.9999982,1
61417,1,1,1.0,1
61418,1,1,0.999866,1
61419,0,1,0.9734181,0
61420,0,0,0.06052939,1
61421,1,1,0.5178757,1
61422,1,1,0.35186765,1
61423,0,1,0.99951124,0
61424,1,0,0.122575715,0
61425,1,0,0.13273923,0
61426,1,1,0.99998224,1
61427,0,1,0.9993724,0
61428,1,1,1.0,1
61429,1,1,0.89209336,1
61430,1,0,0.051082734,0
61431,0,1,0.9991928,0
61432,0,0,0.18352044,1
61433,0,1,0.8318272,0
61434,0,0,0.23161423,1
61435,0,0,0.0640069,1
61436,1,1,0.99999547,1
61437,0,0,0.06626642,1
61438,0,1,0.87768656,0
61439,0,0,0.10311471,1
61440,1,1,0.99852777,1
61441,0,0,0.05948283,1
61442,0,0,0.20354918,1
61443,1,1,0.9478657,1
61444,0,1,0.99165195,0
61445,0,1,0.97249323,0
61446,0,1,0.8884688,0
61447,1,1,1.0,1
61448,1,1,1.0,1
61449,0,0,0.16633658,1
61450,1,0,0.23014024,0
61451,1,1,0.8565725,1
61452,0,1,0.9969897,0
61453,1,1,0.99989843,1
61454,1,1,0.9842457,1
61455,1,1,0.9995122,1
61456,1,1,0.9231778,1
61457,0,0,0.13927925,1
61458,1,1,0.39834794,1
61459,0,0,0.06296183,1
61460,0,0,0.089853115,1
61461,0,0,0.19027226,1
61462,0,0,0.16317856,1
61463,1,1,0.99783,1
61464,1,1,0.89414424,1
61465,1,1,0.99929035,1
61466,1,0,0.22729777,0
61467,1,1,0.99999905,1
61468,1,1,0.9999596,1
61469,0,1,0.56949353,0
61470,0,1,0.66709346,0
61471,1,1,0.9996673,1
61472,1,1,1.0,1
61473,1,1,0.6285784,1
61474,1,1,1.0,1
61475,1,1,0.99302894,1
61476,0,0,0.016246215,1
61477,0,1,0.5598917,0
61478,1,1,0.9999999,1
61479,0,1,0.9820999,0
61480,1,1,0.9998148,1
61481,0,0,0.01757688,1
61482,0,1,0.89358836,0
61483,0,0,0.07409726,1
61484,1,1,1.0,1
61485,0,0,0.017193202,1
61486,1,0,0.16404721,0
61487,0,0,0.3081382,1
61488,1,1,0.9999999,1
61489,0,1,0.77304506,0
61490,1,1,0.99994636,1
61491,1,1,0.9960776,1
61492,1,1,0.8969756,1
61493,1,1,0.99972624,1
61494,0,1,0.88363826,0
61495,0,1,0.87652874,0
61496,1,1,0.83359575,1
61497,0,1,0.36542836,0
61498,0,1,0.99991035,0
61499,1,1,0.5922539,1
61500,0,1,0.9184803,0
61501,1,0,0.2600135,0
61502,1,1,0.80185825,1
61503,0,0,0.346486,1
61504,1,1,1.0,1
61505,0,0,0.32098094,1
61506,0,1,0.97249323,0
61507,1,1,1.0,1
61508,0,1,0.9182606,0
61509,0,1,0.99989367,0
61510,1,1,0.9998287,1
61511,1,1,1.0,1
61512,1,1,1.0,1
61513,1,0,0.052230857,0
61514,0,0,0.1519693,1
61515,1,1,0.7378199,1
61516,1,1,0.9723885,1
61517,0,1,0.99953353,0
61518,0,1,0.9994185,0
61519,1,0,0.085479975,0
61520,1,1,0.99812883,1
61521,1,1,0.51360744,1
61522,1,0,0.23545979,0
61523,0,1,0.953188,0
61524,0,1,0.9996923,0
61525,1,1,1.0,1
61526,1,1,0.9999968,1
61527,1,1,0.9987478,1
61528,0,1,0.96618783,0
61529,0,1,0.6613216,0
61530,0,0,0.014227045,1
61531,0,1,0.9402983,0
61532,0,0,0.026130758,1
61533,0,0,0.17823958,1
61534,1,1,1.0,1
61535,0,1,0.92827886,0
61536,1,1,0.9835496,1
61537,0,0,0.10673714,1
61538,0,0,0.025589554,1
61539,0,0,0.024283867,1
61540,0,0,0.27678826,1
61541,1,1,0.9997749,1
61542,0,0,0.021677375,1
61543,1,1,0.99994195,1
61544,1,1,0.99999976,1
61545,1,1,0.49652106,1
61546,0,1,0.9794133,0
61547,0,1,0.52999324,0
61548,0,0,0.12106091,1
61549,1,1,0.99907815,1
61550,0,0,0.11828322,1
61551,1,1,0.9999989,1
61552,1,1,1.0,1
61553,1,0,0.039305612,0
61554,0,1,0.93952614,0
61555,1,1,0.9988575,1
61556,0,0,0.079853736,1
61557,0,1,0.9985221,0
61558,0,0,0.088820286,1
61559,0,0,0.031499382,1
61560,0,1,0.99855345,0
61561,1,1,0.9704086,1
61562,1,1,1.0,1
61563,1,1,0.99999774,1
61564,1,0,0.23458193,0
61565,1,1,0.99996686,1
61566,1,1,0.9979532,1
61567,0,0,0.053899158,1
61568,1,1,0.98065484,1
61569,1,1,0.93645954,1
61570,0,1,0.8440237,0
61571,1,1,0.9976357,1
61572,1,1,1.0,1
61573,0,1,0.99984527,0
61574,0,0,0.13500383,1
61575,0,0,0.23899394,1
61576,1,1,0.9999974,1
61577,1,1,0.9999993,1
61578,1,1,0.9970305,1
61579,0,1,0.7743702,0
61580,1,1,0.9999999,1
61581,1,1,1.0,1
61582,0,1,0.97068775,0
61583,0,1,0.5924898,0
61584,0,0,0.26740813,1
61585,1,1,0.9999355,1
61586,1,1,0.99952805,1
61587,1,1,0.9998097,1
61588,0,1,0.9170801,0
61589,1,1,0.999355,1
61590,1,1,0.9626028,1
61591,0,1,0.5642185,0
61592,0,0,0.028140754,1
61593,1,1,0.99860066,1
61594,0,1,0.8829335,0
61595,0,0,0.037538007,1
61596,1,0,0.03213106,0
61597,1,1,0.9999976,1
61598,0,0,0.07689149,1
61599,0,1,0.8044059,0
61600,0,1,0.4634139,0
61601,1,1,0.9622497,1
61602,0,1,0.9999944,0
61603,0,1,0.9994461,0
61604,0,1,0.7382447,0
61605,1,1,0.99992967,1
61606,0,0,0.19352812,1
61607,0,0,0.2757144,1
61608,1,1,0.7010484,1
61609,0,1,0.95857656,0
61610,0,1,0.99990046,0
61611,0,0,0.16398025,1
61612,1,1,0.9999988,1
61613,1,1,1.0,1
61614,0,1,0.8556101,0
61615,1,1,0.99398476,1
61616,1,0,0.124905184,0
61617,0,0,0.053849373,1
61618,0,0,0.0045208177,1
61619,0,1,0.99864095,0
61620,0,1,0.9956262,0
61621,0,0,0.011375601,1
61622,0,0,0.1186912,1
61623,1,0,0.116261385,0
61624,1,1,0.9014879,1
61625,0,0,0.05602938,1
61626,1,1,0.99821776,1
61627,0,1,0.9974934,0
61628,0,1,0.50878817,0
61629,0,1,0.42462072,0
61630,0,1,0.9274948,0
61631,1,0,0.1431278,0
61632,0,1,0.8069287,0
61633,1,1,1.0,1
61634,1,1,0.99963737,1
61635,0,1,0.99996257,0
61636,1,1,0.99999964,1
61637,0,0,0.00080095365,1
61638,1,1,0.9999969,1
61639,1,1,0.99999976,1
61640,0,0,0.013982613,1
61641,0,0,0.25312182,1
61642,0,0,0.039453376,1
61643,1,1,0.9451468,1
61644,1,0,0.095433734,0
61645,1,1,0.9999995,1
61646,1,1,0.9999145,1
61647,0,1,0.99979657,0
61648,0,0,0.015218292,1
61649,1,0,0.03803509,0
61650,0,0,0.0023051254,1
61651,1,0,0.2055353,0
61652,1,1,1.0,1
61653,1,1,0.9999231,1
61654,1,1,0.6408044,1
61655,1,1,0.99996996,1
61656,1,1,0.9987649,1
61657,1,1,0.99999976,1
61658,1,1,0.99953353,1
61659,0,1,0.8435088,0
61660,1,1,1.0,1
61661,1,1,1.0,1
61662,0,0,0.015814932,1
61663,0,0,0.16377953,1
61664,0,0,0.021615336,1
61665,0,0,0.10866097,1
61666,0,0,0.19605544,1
61667,1,0,0.0028560124,0
61668,1,1,0.9999964,1
61669,1,1,0.9328826,1
61670,0,1,0.54068136,0
61671,0,1,0.8928432,0
61672,1,0,0.0060975617,0
61673,1,1,0.92729753,1
61674,1,1,0.89506495,1
61675,1,1,0.45571327,1
61676,1,1,0.99615306,1
61677,0,0,0.09721884,1
61678,0,0,0.019606182,1
61679,1,1,0.9961755,1
61680,1,1,1.0,1
61681,1,1,0.99957365,1
61682,1,1,0.99762183,1
61683,1,0,0.02384809,0
61684,0,1,0.9811307,0
61685,0,0,0.20354918,1
61686,0,0,0.096620515,1
61687,0,1,0.65605253,0
61688,1,1,1.0,1
61689,1,1,0.9904406,1
61690,1,1,0.6347132,1
61691,1,1,0.98569053,1
61692,1,1,0.9994777,1
61693,1,1,0.4461327,1
61694,0,0,0.25743824,1
61695,1,0,0.020390792,0
61696,0,1,0.99813604,0
61697,0,0,0.02118586,1
61698,1,0,0.019160708,0
61699,1,1,0.9997775,1
61700,1,1,0.3553833,1
61701,0,1,0.9679902,0
61702,1,1,1.0,1
61703,1,0,0.06681232,0
61704,0,0,0.17030093,1
61705,1,1,0.99999666,1
61706,1,1,1.0,1
61707,0,1,0.36026394,0
61708,0,0,0.07689149,1
61709,0,0,0.19628645,1
61710,1,1,0.9637459,1
61711,0,0,0.06058495,1
61712,0,1,0.9701835,0
61713,0,1,0.7977145,0
61714,1,1,0.9404078,1
61715,1,0,0.09973295,0
61716,1,1,0.3566147,1
61717,0,1,0.9964204,0
61718,1,1,0.9444336,1
61719,0,0,0.20252202,1
61720,0,0,0.12989861,1
61721,1,1,0.9707155,1
61722,1,0,0.18126321,0
61723,1,1,0.99984217,1
61724,1,1,0.999998,1
61725,1,1,0.9882222,1
61726,0,0,0.08874129,1
61727,1,1,0.6808256,1
61728,1,1,0.9999999,1
61729,1,1,0.990329,1
61730,0,1,0.99675864,0
61731,1,1,1.0,1
61732,1,1,1.0,1
61733,1,1,1.0,1
61734,0,0,0.15565515,1
61735,0,1,0.41377324,0
61736,1,0,0.0072608665,0
61737,1,1,1.0,1
61738,1,1,0.99998415,1
61739,1,0,0.03803509,0
61740,0,1,0.94468933,0
61741,0,1,0.5350377,0
61742,1,1,1.0,1
61743,0,1,0.47932085,0
61744,1,1,0.8537909,1
61745,0,0,0.10493506,1
61746,0,0,0.22678365,1
61747,1,1,0.99925333,1
61748,0,0,0.20134169,1
61749,1,1,1.0,1
61750,0,0,0.11576064,1
61751,1,0,0.019234259,0
61752,0,0,0.08779819,1
61753,1,1,1.0,1
61754,1,1,1.0,1
61755,0,1,0.85633236,0
61756,1,1,1.0,1
61757,0,1,1.0,0
61758,1,1,0.99998987,1
61759,0,1,0.9999864,0
61760,0,0,0.043042846,1
61761,0,1,0.9987696,0
61762,1,1,0.9561454,1
61763,1,0,0.20418316,0
61764,0,1,0.7126823,0
61765,1,1,0.96028674,1
61766,0,1,0.9925827,0
61767,1,1,0.61555016,1
61768,0,1,0.9900828,0
61769,1,1,0.9998148,1
61770,1,1,1.0,1
61771,0,0,0.124159895,1
61772,1,1,0.45650062,1
61773,1,1,1.0,1
61774,1,1,1.0,1
61775,1,1,0.5203745,1
61776,0,0,0.020061804,1
61777,0,0,0.07165614,1
61778,0,0,0.09713317,1
61779,0,0,0.12732674,1
61780,0,1,0.99999845,0
61781,0,0,0.14596547,1
61782,1,0,0.14990434,0
61783,1,0,0.11095189,0
61784,1,1,0.9999999,1
61785,1,1,0.9999777,1
61786,1,1,0.99816847,1
61787,0,0,0.29946357,1
61788,0,0,0.18982127,1
61789,0,1,0.4956056,0
61790,0,0,0.042403832,1
61791,0,0,0.17412922,1
61792,1,1,0.9992342,1
61793,0,0,0.016866265,1
61794,1,1,0.5233594,1
61795,1,0,0.046638034,0
61796,1,1,0.99999976,1
61797,0,0,0.24023944,1
61798,1,1,1.0,1
61799,1,1,0.4914559,1
61800,0,1,0.99349916,0
61801,1,1,0.8340017,1
61802,0,0,0.282691,1
61803,1,1,0.9999968,1
61804,0,1,0.57606506,0
61805,1,0,0.14529718,0
61806,0,0,0.13415082,1
61807,0,0,0.04050277,1
61808,1,1,1.0,1
61809,0,0,0.06608538,1
61810,1,1,0.937669,1
61811,1,1,1.0,1
61812,0,1,0.8407826,0
61813,1,1,1.0,1
61814,0,1,0.80115914,0
61815,0,1,0.9452985,0
61816,1,1,0.7527403,1
61817,0,1,0.9999999,0
61818,0,0,0.16424818,1
61819,1,1,0.99999964,1
61820,1,1,0.9182606,1
61821,0,0,0.16105616,1
61822,1,1,0.99999714,1
61823,1,0,0.0015792594,0
61824,1,0,0.04822634,0
61825,1,0,0.3349972,0
61826,1,1,0.9999827,1
61827,0,1,0.9122018,0
61828,1,0,0.21942112,0
61829,0,0,0.12442563,1
61830,0,1,0.36585307,0
61831,0,1,0.67238545,0
61832,1,1,0.9605836,1
61833,1,1,0.99994123,1
61834,0,1,0.8693822,0
61835,0,1,0.9538373,0
61836,0,1,0.7255028,0
61837,0,1,0.99913234,0
61838,1,1,0.9999851,1
61839,0,1,0.8025555,0
61840,0,0,0.049589023,1
61841,1,1,0.9985306,1
61842,1,1,0.99915576,1
61843,1,1,0.99995077,1
61844,1,1,0.9850429,1
61845,0,1,0.98375374,0
61846,1,1,1.0,1
61847,1,1,0.8812066,1
61848,1,0,0.34748176,0
61849,0,0,0.010130412,1
61850,1,1,0.9999999,1
61851,1,1,0.99693066,1
61852,0,0,0.07230849,1
61853,1,1,0.9998822,1
61854,1,1,1.0,1
61855,1,1,1.0,1
61856,1,1,1.0,1
61857,1,1,0.8047897,1
61858,1,0,0.19559407,0
61859,1,0,0.13017482,0
61860,1,1,0.9999999,1
61861,0,0,0.04863137,1
61862,1,1,0.99999607,1
61863,1,0,0.044722572,0
61864,0,0,0.01890545,1
61865,0,1,0.9998623,0
61866,1,1,0.9999999,1
61867,1,1,0.38387227,1
61868,1,1,0.99998116,1
61869,1,1,0.5885344,1
61870,1,1,0.99944395,1
61871,1,1,0.9999962,1
61872,1,1,0.99938095,1
61873,0,0,0.120438814,1
61874,1,1,0.93963695,1
61875,1,1,0.9998981,1
61876,0,1,0.642152,0
61877,1,0,0.16317856,0
61878,1,1,1.0,1
61879,0,1,0.9980957,0
61880,0,1,0.8624676,0
61881,1,0,0.087720014,0
61882,1,1,0.99174845,1
61883,1,1,0.87557435,1
61884,0,0,0.037326884,1
61885,1,1,0.7602949,1
61886,1,1,0.99999964,1
61887,0,1,0.99994004,0
61888,1,1,0.99813974,1
61889,1,1,0.36483416,1
61890,0,0,0.1682411,1
61891,1,1,0.9993513,1
61892,1,1,1.0,1
61893,1,1,0.9920312,1
61894,0,1,0.83250916,0
61895,0,1,0.40933886,0
61896,1,1,1.0,1
61897,0,1,0.99983454,0
61898,0,1,0.57332015,0
61899,1,0,0.15501449,0
61900,1,1,1.0,1
61901,0,1,0.9991391,0
61902,0,0,0.1435475,1
61903,1,1,1.0,1
61904,1,1,1.0,1
61905,0,0,0.0649494,1
61906,1,1,0.9997942,1
61907,1,1,0.9988167,1
61908,1,1,0.9990434,1
61909,0,1,1.0,0
61910,1,0,0.019606182,0
61911,1,1,0.99999976,1
61912,1,1,1.0,1
61913,0,1,0.9933975,0
61914,1,1,0.98365986,1
61915,1,1,0.9999999,1
61916,1,1,0.99972194,1
61917,1,1,1.0,1
61918,1,1,0.9981863,1
61919,1,1,0.9999939,1
61920,1,0,0.036977556,0
61921,1,0,0.004451041,0
61922,1,1,0.876423,1
61923,0,0,0.3156305,1
61924,1,1,0.9999716,1
61925,1,1,0.8900078,1
61926,0,1,0.9980276,0
61927,0,0,0.028382123,1
61928,0,1,0.9846051,0
61929,1,1,0.9877587,1
61930,1,0,0.052814018,0
61931,1,1,0.99999976,1
61932,1,1,0.99999917,1
61933,1,1,0.97093683,1
61934,0,1,0.998345,0
61935,0,0,0.0061689946,1
61936,0,0,0.029760094,1
61937,0,0,0.04501553,1
61938,0,0,0.26549944,1
61939,0,0,0.07510853,1
61940,1,1,0.99999857,1
61941,1,1,0.7221353,1
61942,0,0,0.22346178,1
61943,1,1,0.9933072,1
61944,0,0,0.025107034,1
61945,1,1,0.79518133,1
61946,1,1,0.98722816,1
61947,0,0,0.29299974,1
61948,1,1,0.9955142,1
61949,1,1,0.43485126,1
61950,1,1,0.99953544,1
61951,1,1,0.99999785,1
61952,1,1,0.75976056,1
61953,0,0,0.029929746,1
61954,1,1,0.99966,1
61955,0,1,0.9887771,0
61956,1,1,1.0,1
61957,1,0,0.14092635,0
61958,0,0,0.2852724,1
61959,1,1,0.9999976,1
61960,1,1,1.0,1
61961,1,1,1.0,1
61962,1,0,0.023419945,0
61963,1,1,0.99929583,1
61964,1,1,1.0,1
61965,1,1,0.9946464,1
61966,1,1,0.99999905,1
61967,0,1,0.98801583,0
61968,0,0,0.20118472,1
61969,1,1,0.9999784,1
61970,0,1,0.9796482,0
61971,1,0,0.0053122053,0
61972,1,1,0.9995827,1
61973,1,1,0.9999728,1
61974,1,1,0.5814219,1
61975,1,1,1.0,1
61976,1,1,0.5124486,1
61977,1,0,0.017934537,0
61978,0,0,0.1454792,1
61979,1,1,0.40863073,1
61980,0,1,0.8016254,0
61981,0,0,0.029118354,1
61982,1,1,0.97664696,1
61983,0,0,0.09033343,1
61984,0,0,0.13437785,1
61985,1,1,0.50964236,1
61986,0,1,0.75082695,0
61987,1,1,0.99999845,1
61988,1,0,0.005609132,0
61989,0,1,0.9994837,0
61990,0,0,0.10017222,1
61991,1,1,1.0,1
61992,0,1,0.9999168,0
61993,0,1,0.9284088,0
61994,1,1,0.9803374,1
61995,1,0,0.03274404,0
61996,0,1,0.8204695,0
61997,1,1,0.9996947,1
61998,1,1,0.75068986,1
61999,1,1,0.96050966,1
62000,0,1,0.7713272,0
62001,0,1,0.91730267,0
62002,0,1,0.83601975,0
62003,0,0,0.10365786,1
62004,1,1,0.9666317,1
62005,0,1,0.9375548,0
62006,0,1,0.49841312,0
62007,1,1,0.99994695,1
62008,1,0,0.07626997,0
62009,0,1,0.9407897,0
62010,1,1,0.99999106,1
62011,0,1,1.0,0
62012,0,1,0.7967673,0
62013,1,1,0.9979532,1
62014,1,1,0.99998605,1
62015,0,1,0.9817707,0
62016,1,0,0.24409263,0
62017,0,0,0.0024438866,1
62018,1,1,1.0,1
62019,1,1,0.99999917,1
62020,0,1,0.97678024,0
62021,0,1,0.8715842,0
62022,1,0,0.14039516,0
62023,0,0,0.2162597,1
62024,1,1,1.0,1
62025,1,0,0.12629946,0
62026,0,1,0.9985562,0
62027,1,1,1.0,1
62028,1,1,0.9906961,1
62029,0,0,0.12247072,1
62030,1,1,1.0,1
62031,1,1,0.6318783,1
62032,1,1,1.0,1
62033,1,1,1.0,1
62034,1,1,0.99987364,1
62035,1,1,0.9999945,1
62036,1,1,0.9994673,1
62037,1,1,1.0,1
62038,1,1,0.99995935,1
62039,1,1,0.99996865,1
62040,1,1,0.99986756,1
62041,1,1,0.9999999,1
62042,0,1,0.9839091,0
62043,0,1,0.626067,0
62044,0,0,0.163579,1
62045,1,1,0.9987281,1
62046,1,0,0.0127472645,0
62047,1,1,1.0,1
62048,1,1,0.9970421,1
62049,0,0,0.008577485,1
62050,0,0,0.096195176,1
62051,0,1,0.9999981,0
62052,1,1,0.9965904,1
62053,1,1,0.97038054,1
62054,0,0,0.056913942,1
62055,1,1,0.99999917,1
62056,0,0,0.043204032,1
62057,1,1,0.48285586,1
62058,1,1,0.9986541,1
62059,0,1,0.37324739,0
62060,1,1,0.9853279,1
62061,1,1,0.66066515,1
62062,0,1,0.9683812,0
62063,1,1,0.999997,1
62064,0,1,0.98934746,0
62065,1,1,1.0,1
62066,0,0,0.1138749,1
62067,1,0,0.24716878,0
62068,0,1,0.9506406,0
62069,1,1,0.9994418,1
62070,1,1,0.99999416,1
62071,0,1,0.99999976,0
62072,1,1,0.9999132,1
62073,1,1,1.0,1
62074,1,1,0.53041893,1
62075,0,1,0.98977125,0
62076,1,0,0.30486888,0
62077,1,1,0.9874479,1
62078,1,1,0.9999782,1
62079,0,1,0.99937004,0
62080,1,1,0.99999857,1
62081,0,0,0.05754622,1
62082,1,1,0.9979888,1
62083,1,1,0.9999933,1
62084,0,0,0.04410091,1
62085,0,1,0.73101056,0
62086,1,1,0.9999918,1
62087,0,1,0.89805347,0
62088,0,1,0.99997985,0
62089,1,1,0.97212505,1
62090,1,1,0.9999939,1
62091,0,1,0.99799275,0
62092,1,1,0.999433,1
62093,0,1,0.7347386,0
62094,1,1,0.87873113,1
62095,1,0,0.022137716,0
62096,1,1,0.87663436,1
62097,0,1,0.82587075,0
62098,1,0,0.08586245,0
62099,0,0,0.046724956,1
62100,1,1,1.0,1
62101,0,0,0.09276993,1
62102,1,1,0.99619776,1
62103,1,1,0.9999995,1
62104,0,0,0.024283867,1
62105,0,1,0.9552774,0
62106,1,1,0.9984633,1
62107,0,1,0.9991689,0
62108,1,1,0.9977569,1
62109,0,0,0.1292378,1
62110,1,1,0.9590394,1
62111,0,1,0.9993761,0
62112,0,0,0.12912793,1
62113,0,1,0.46229097,0
62114,1,0,0.019032659,0
62115,1,1,1.0,1
62116,1,1,0.9999999,1
62117,1,1,0.4120569,1
62118,1,1,1.0,1
62119,1,0,0.15830442,0
62120,1,1,1.0,1
62121,0,1,0.9744591,0
62122,1,1,0.9999999,1
62123,0,0,0.27904198,1
62124,1,1,1.0,1
62125,1,1,1.0,1
62126,1,1,0.99999046,1
62127,1,0,0.16398025,0
62128,0,1,0.47228798,0
62129,1,0,0.17349815,0
62130,1,0,0.18220715,0
62131,0,1,0.92696756,0
62132,1,1,0.62948996,1
62133,1,1,0.67955095,1
62134,0,0,0.20024472,1
62135,1,1,0.99333304,1
62136,1,1,1.0,1
62137,1,1,0.66882616,1
62138,1,1,0.7756898,1
62139,1,1,0.99972576,1
62140,0,0,0.16586316,1
62141,1,1,0.9870546,1
62142,0,0,0.27742404,1
62143,0,1,0.620909,0
62144,0,0,0.17147702,1
62145,1,1,0.99999464,1
62146,0,0,0.33671263,1
62147,1,1,1.0,1
62148,0,0,0.055874642,1
62149,1,0,0.29706192,0
62150,1,1,1.0,1
62151,1,1,0.9999993,1
62152,0,1,0.91648406,0
62153,1,1,1.0,1
62154,1,1,0.55103016,1
62155,0,0,0.15649123,1
62156,0,0,0.022824407,1
62157,1,1,0.7031929,1
62158,1,1,0.9999114,1
62159,0,0,0.27678826,1
62160,1,1,0.9678689,1
62161,0,0,0.06278921,1
62162,0,1,0.4785593,0
62163,0,1,0.9997739,0
62164,0,0,0.08359068,1
62165,1,0,0.13782232,0
62166,0,0,0.16865148,1
62167,1,1,1.0,1
62168,1,1,0.6974544,1
62169,1,1,0.99991286,1
62170,0,1,0.38624245,0
62171,0,1,0.997783,0
62172,0,0,0.16020033,1
62173,0,1,0.8988553,0
62174,0,0,0.014728614,1
62175,1,1,0.749179,1
62176,1,1,0.6175703,1
62177,1,1,1.0,1
62178,1,1,0.99999416,1
62179,1,1,0.99995816,1
62180,1,1,1.0,1
62181,0,0,0.045948204,1
62182,0,1,0.41961822,0
62183,0,0,0.031410128,1
62184,0,0,0.009898064,1
62185,0,0,0.28746766,1
62186,0,1,0.9991186,0
62187,1,1,0.9988004,1
62188,1,1,0.9999999,1
62189,0,1,0.98546845,0
62190,1,0,0.12754393,0
62191,1,1,1.0,1
62192,0,1,0.98739934,0
62193,1,1,0.99999106,1
62194,0,1,0.5045775,0
62195,1,0,0.3293378,0
62196,0,0,0.16059487,1
62197,0,0,0.03027187,1
62198,1,0,0.005291605,0
62199,1,1,1.0,1
62200,1,1,0.99961334,1
62201,1,0,0.049819652,0
62202,0,0,0.10212547,1
62203,0,1,0.6149144,0
62204,1,1,0.9999603,1
62205,1,0,0.09501305,0
62206,0,1,0.99999845,0
62207,1,1,0.9889705,1
62208,0,1,0.9955576,0
62209,1,1,0.9405718,1
62210,0,0,0.23704568,1
62211,0,1,0.9463493,0
62212,0,1,0.8782099,0
62213,1,1,0.5049437,1
62214,0,1,0.53260744,0
62215,1,1,0.9917163,1
62216,0,1,0.81242126,0
62217,1,1,1.0,1
62218,1,0,0.28651848,0
62219,1,1,0.9674411,1
62220,0,1,0.5363736,0
62221,1,1,1.0,1
62222,1,1,0.9459013,1
62223,1,1,0.9999974,1
62224,1,1,0.9999981,1
62225,0,1,0.77381516,0
62226,1,0,0.0551069,0
62227,1,1,0.9999981,1
62228,0,1,0.575767,0
62229,1,1,0.99999857,1
62230,1,1,0.96354055,1
62231,1,1,0.9999999,1
62232,0,1,0.3996359,0
62233,0,0,0.07230849,1
62234,0,0,0.06447655,1
62235,1,1,0.36692995,1
62236,1,1,0.9994673,1
62237,1,0,0.05424881,0
62238,0,0,0.009955651,1
62239,1,1,1.0,1
62240,1,1,0.98501414,1
62241,0,1,0.9984114,0
62242,1,1,0.99947566,1
62243,1,0,0.045268096,0
62244,0,1,0.6866328,0
62245,0,0,0.31079897,1
62246,1,1,0.93263763,1
62247,1,1,0.9449947,1
62248,0,1,0.73928124,0
62249,0,1,0.9959299,0
62250,1,1,0.9155828,1
62251,1,1,0.9999993,1
62252,1,1,0.40621406,1
62253,0,0,0.0026265525,1
62254,0,0,0.038502328,1
62255,1,1,0.99999,1
62256,0,1,0.97331697,0
62257,1,1,0.9906419,1
62258,1,1,0.9994536,1
62259,1,1,0.96628344,1
62260,1,1,0.4320634,1
62261,0,0,0.11456651,1
62262,1,1,1.0,1
62263,0,1,0.9956937,0
62264,0,0,0.032805953,1
62265,0,0,0.044348583,1
62266,1,0,0.22695492,0
62267,0,0,0.038430087,1
62268,1,1,0.9994374,1
62269,1,1,0.8149381,1
62270,1,1,0.9999609,1
62271,1,1,1.0,1
62272,0,1,0.37837294,0
62273,0,0,0.15980656,1
62274,1,1,0.37937838,1
62275,1,1,0.9948303,1
62276,0,1,0.9652504,0
62277,1,0,0.07497297,0
62278,0,1,0.9463493,0
62279,0,1,0.7144787,0
62280,0,1,0.6414785,0
62281,1,1,0.9999988,1
62282,1,1,0.99900144,1
62283,0,1,0.8333246,0
62284,1,1,1.0,1
62285,1,1,0.9999999,1
62286,1,1,1.0,1
62287,1,1,0.99999917,1
62288,1,1,0.9999999,1
62289,1,1,0.9999883,1
62290,1,1,1.0,1
62291,0,1,0.874292,0
62292,1,0,0.031410128,0
62293,0,1,0.9995092,0
62294,1,1,0.99999607,1
62295,1,1,0.9998134,1
62296,0,0,0.22000709,1
62297,1,0,0.13375428,0
62298,1,1,0.9847231,1
62299,0,0,0.29538235,1
62300,1,1,0.9783019,1
62301,0,0,0.12901814,1
62302,0,0,0.020488555,1
62303,0,1,0.99999976,0
62304,0,0,0.051082734,1
62305,1,1,0.9856353,1
62306,1,1,0.4299379,1
62307,1,1,0.9936733,1
62308,0,1,0.51833284,0
62309,1,1,0.9999603,1
62310,0,0,0.019308088,1
62311,0,1,0.7989722,0
62312,1,1,1.0,1
62313,0,1,0.3643251,0
62314,0,1,0.9999875,0
62315,1,1,0.47907716,1
62316,0,1,0.99997616,0
62317,0,1,0.352759,0
62318,0,1,0.66197747,0
62319,0,1,0.49255425,0
62320,1,1,0.9999993,1
62321,0,1,0.9646226,0
62322,0,1,0.4113769,0
62323,0,1,0.63051426,0
62324,1,1,0.99997354,1
62325,1,1,1.0,1
62326,1,1,0.9402983,1
62327,1,1,0.40377256,1
62328,1,0,0.1260303,0
62329,1,1,1.0,1
62330,1,1,0.54455924,1
62331,1,0,0.1513411,0
62332,0,1,0.80927604,0
62333,1,1,0.3511998,1
62334,1,1,0.9999194,1
62335,1,1,0.99910307,1
62336,0,1,0.92729753,0
62337,1,1,0.99999213,1
62338,1,1,0.8525676,1
62339,0,1,0.49487323,0
62340,1,1,1.0,1
62341,1,1,0.99869555,1
62342,1,1,0.9583042,1
62343,1,1,1.0,1
62344,0,0,0.19390948,1
62345,1,1,0.997065,1
62346,1,0,0.06985836,0
62347,0,0,0.27405983,1
62348,1,1,1.0,1
62349,1,1,1.0,1
62350,1,1,0.9999999,1
62351,1,1,0.90286684,1
62352,1,1,0.9999987,1
62353,0,1,0.68494934,0
62354,0,1,0.9999918,0
62355,1,1,0.9803374,1
62356,1,0,0.061762713,0
62357,1,1,0.40571362,1
62358,0,1,0.9207184,0
62359,1,1,0.9999999,1
62360,1,1,0.996183,1
62361,0,0,0.33366603,1
62362,0,0,0.017797453,1
62363,0,0,0.2351084,1
62364,1,0,0.069604956,0
62365,1,0,0.037326884,0
62366,0,0,0.014117893,1
62367,0,1,0.7008436,0
62368,1,1,0.96888566,1
62369,0,1,0.47539222,0
62370,0,1,0.9998141,0
62371,0,0,0.15707219,1
62372,0,0,0.10194652,1
62373,1,1,0.9999987,1
62374,0,1,0.9980354,0
62375,0,1,0.9990656,0
62376,1,1,0.9992175,1
62377,0,1,0.9457512,0
62378,0,0,0.17996249,1
62379,0,1,0.99997604,0
62380,1,1,0.8597815,1
62381,0,1,0.9891606,0
62382,1,1,0.99999666,1
62383,0,0,0.028409066,1
62384,0,1,0.99890125,0
62385,1,0,0.13420753,0
62386,1,1,0.9999931,1
62387,0,0,0.168583,1
62388,0,0,0.012673735,1
62389,1,0,0.16762705,0
62390,0,0,0.19644053,1
62391,0,0,0.28681803,1
62392,1,1,0.48087484,1
62393,0,1,0.9972584,0
62394,1,1,0.9649544,1
62395,1,1,0.76942694,1
62396,1,1,0.928668,1
62397,0,0,0.24238493,1
62398,1,0,0.314998,0
62399,0,1,0.524212,0
62400,0,1,0.99999976,0
62401,1,1,0.9971384,1
62402,1,1,0.99996305,1
62403,1,1,0.9999989,1
62404,0,0,0.12527926,1
62405,1,1,0.99719363,1
62406,1,0,0.081959546,0
62407,1,1,0.9999956,1
62408,1,1,0.9992206,1
62409,1,1,1.0,1
62410,0,0,0.19178137,1
62411,0,0,0.04518376,1
62412,0,1,0.66958284,0
62413,0,1,0.9965233,0
62414,1,1,0.999998,1
62415,1,0,0.03775027,0
62416,0,1,0.4119682,0
62417,1,1,1.0,1
62418,1,1,0.55549556,1
62419,0,1,0.59136933,0
62420,1,1,0.94810647,1
62421,1,1,1.0,1
62422,1,1,0.8342719,1
62423,0,0,0.17349815,1
62424,0,0,0.093016796,1
62425,0,1,0.35292625,0
62426,0,0,0.20386599,1
62427,0,0,0.015723988,1
62428,1,1,0.9984421,1
62429,1,1,0.9990564,1
62430,1,1,0.9999976,1
62431,0,1,0.9999963,0
62432,0,0,1.7709239e-05,1
62433,1,1,0.99999774,1
62434,0,1,0.90982693,0
62435,1,1,0.99679,1
62436,1,1,1.0,1
62437,1,0,0.0894546,0
62438,0,0,0.24598956,1
62439,1,1,0.9907678,1
62440,1,1,0.9999777,1
62441,1,1,0.9953725,1
62442,0,0,0.009340025,1
62443,0,1,0.9670076,0
62444,1,1,0.97925514,1
62445,0,0,0.019456577,1
62446,0,1,0.44794324,0
62447,1,1,1.0,1
62448,0,1,0.43578145,0
62449,0,0,0.05165378,1
62450,0,0,0.14080818,1
62451,1,0,0.19698064,0
62452,1,1,0.6794446,1
62453,1,1,0.9915216,1
62454,1,0,0.04782452,0
62455,1,1,0.9970421,1
62456,1,1,0.99014014,1
62457,0,0,0.1504028,1
62458,0,1,0.9998952,0
62459,1,0,0.04668148,0
62460,1,0,0.036734894,0
62461,0,0,0.05754622,1
62462,1,1,0.9999999,1
62463,1,1,0.9999678,1
62464,0,1,1.0,0
62465,1,1,0.95460516,1
62466,1,1,0.5633179,1
62467,1,1,0.9996381,1
62468,1,1,0.9987356,1
62469,0,0,0.17688479,1
62470,1,1,0.9999975,1
62471,0,1,0.88373864,0
62472,1,1,1.0,1
62473,1,1,0.70684856,1
62474,0,1,0.99940586,0
62475,1,1,1.0,1
62476,1,1,1.0,1
62477,0,0,0.20882359,1
62478,0,0,0.035277545,1
62479,1,0,0.14306794,0
62480,1,0,0.26769522,0
62481,1,1,0.99609274,1
62482,0,0,0.11767348,1
62483,0,0,0.051177494,1
62484,1,1,0.9999999,1
62485,1,0,0.21510331,0
62486,1,1,0.74927074,1
62487,1,1,0.9997775,1
62488,1,1,0.9999882,1
62489,0,0,0.05165378,1
62490,1,1,0.99818975,1
62491,0,0,0.28821838,1
62492,0,0,0.07030384,1
62493,1,1,0.6432733,1
62494,0,0,0.03191915,1
62495,1,1,0.56049323,1
62496,0,0,0.068537496,1
62497,0,0,0.3298233,1
62498,0,1,0.9962126,0
62499,0,1,0.99997354,0
62500,0,0,0.05948283,1
62501,0,0,0.053009767,1
62502,1,1,1.0,1
62503,0,0,0.07578975,1
62504,0,0,0.041191436,1
62505,0,0,0.03007184,1
62506,1,1,0.97682446,1
62507,1,1,0.9635748,1
62508,1,1,0.999992,1
62509,1,1,1.0,1
62510,0,1,0.97527254,0
62511,0,1,0.98749614,0
62512,1,1,0.99999857,1
62513,0,1,0.99860066,0
62514,0,1,0.700024,0
62515,0,1,0.5723643,0
62516,0,1,0.955444,0
62517,1,1,0.9999869,1
62518,1,0,0.20016654,0
62519,1,1,0.7559974,1
62520,0,0,0.037821285,1
62521,1,1,0.9999324,1
62522,1,0,0.0808641,0
62523,1,1,0.3742188,1
62524,1,0,0.1229438,0
62525,1,1,0.9994937,1
62526,1,1,0.99995184,1
62527,0,0,0.21117273,1
62528,1,1,0.99999785,1
62529,0,0,0.17909941,1
62530,0,1,0.5046385,0
62531,1,0,0.17924303,0
62532,1,1,0.9914887,1
62533,1,1,0.589421,1
62534,1,1,0.8034052,1
62535,0,0,0.30923226,1
62536,1,0,0.15027805,0
62537,0,1,0.6978664,0
62538,1,1,0.97578543,1
62539,1,0,0.06319269,0
62540,0,0,0.02184368,1
62541,1,1,0.88710684,1
62542,1,1,1.0,1
62543,1,1,0.99999964,1
62544,1,1,0.9999994,1
62545,0,0,0.17483254,1
62546,0,1,0.38332385,0
62547,1,1,0.9992387,1
62548,1,1,0.99947053,1
62549,0,0,0.032222297,1
62550,0,1,0.9014879,0
62551,1,1,0.958187,1
62552,1,0,0.03191915,0
62553,1,0,0.14529718,0
62554,0,0,0.0050998176,1
62555,1,1,0.95577544,1
62556,1,1,0.9429286,1
62557,1,1,0.9034647,1
62558,0,0,0.077030234,1
62559,0,1,0.4384245,0
62560,1,1,1.0,1
62561,0,0,0.002119831,1
62562,1,0,0.05754622,0
62563,0,0,0.15165491,1
62564,0,0,0.054148693,1
62565,0,0,0.049819652,1
62566,1,1,0.99966,1
62567,1,1,0.9999989,1
62568,1,1,1.0,1
62569,0,1,0.9260366,0
62570,0,0,0.13563229,1
62571,1,0,0.009821794,0
62572,1,1,0.9999999,1
62573,0,1,0.9796482,0
62574,0,0,0.25219983,1
62575,1,1,0.9999993,1
62576,0,1,1.0,0
62577,1,1,0.99998,1
62578,1,1,0.8292156,1
62579,0,1,0.97782,0
62580,1,0,0.26175526,0
62581,1,1,1.0,1
62582,0,1,0.89488137,0
62583,1,1,0.9999467,1
62584,0,0,0.32815254,1
62585,1,1,0.999998,1
62586,0,1,0.9999145,0
62587,1,1,0.9999664,1
62588,0,0,0.08748585,1
62589,1,1,0.9064877,1
62590,0,0,0.07551658,1
62591,0,0,0.10123348,1
62592,1,1,0.99967504,1
62593,1,1,1.0,1
62594,1,1,1.0,1
62595,0,0,0.31631646,1
62596,1,1,1.0,1
62597,1,1,0.9997305,1
62598,0,0,0.0015218157,1
62599,1,1,0.9999994,1
62600,0,1,0.9990226,0
62601,0,1,1.0,0
62602,0,0,0.13933781,1
62603,1,1,1.0,1
62604,1,0,0.12967801,0
62605,1,1,0.99825555,1
62606,0,1,0.96405166,0
62607,1,1,0.97009856,1
62608,1,0,0.059047263,0
62609,1,1,0.6004226,1
62610,1,1,0.9990746,1
62611,0,0,0.09001297,1
62612,1,1,0.99959,1
62613,0,1,0.9999496,0
62614,1,1,1.0,1
62615,0,1,0.9931496,0
62616,1,0,0.1256543,0
62617,1,1,0.9999999,1
62618,0,1,0.5549529,0
62619,1,1,0.8334602,1
62620,0,1,0.99135584,0
62621,1,1,0.99491006,1
62622,0,1,0.98720354,0
62623,0,1,0.7344054,0
62624,1,0,0.24139994,0
62625,0,0,0.091382094,1
62626,1,1,1.0,1
62627,1,1,0.72691053,1
62628,1,1,0.99999833,1
62629,1,1,0.99999905,1
62630,0,0,0.18922126,1
62631,1,1,1.0,1
62632,1,0,0.037892424,0
62633,0,1,0.99885976,0
62634,1,1,0.6008911,1
62635,0,0,0.049130786,1
62636,0,1,0.45117536,0
62637,1,1,0.40636128,1
62638,1,0,0.12912793,0
62639,0,0,0.08093672,1
62640,0,0,0.22516096,1
62641,0,0,0.13857834,1
62642,0,0,0.3404852,1
62643,0,1,0.83467656,0
62644,0,0,0.0006202512,1
62645,1,1,1.0,1
62646,0,1,0.49932864,0
62647,0,0,0.046033904,1
62648,1,1,0.9998499,1
62649,0,1,0.906156,0
62650,1,1,1.0,1
62651,1,1,0.99174845,1
62652,1,1,0.995793,1
62653,0,1,0.4675445,0
62654,1,1,0.9996352,1
62655,1,1,1.0,1
62656,1,1,0.99996626,1
62657,0,1,0.9658352,0
62658,0,0,0.14021848,1
62659,1,0,0.055874642,0
62660,0,0,0.23048648,1
62661,1,1,0.99999976,1
62662,0,1,0.998784,0
62663,1,1,0.9644556,1
62664,0,1,0.48328263,0
62665,1,1,1.0,1
62666,0,0,0.34034818,1
62667,0,0,0.22354652,1
62668,1,1,0.99903786,1
62669,0,0,0.0043568453,1
62670,0,1,0.95362186,0
62671,0,1,0.37731117,0
62672,1,0,0.25302953,0
62673,0,1,0.5292634,0
62674,1,1,0.9992679,1
62675,1,1,0.99671423,1
62676,0,0,0.050611433,1
62677,0,0,0.29249424,1
62678,1,1,0.9979652,1
62679,1,0,0.00043563012,0
62680,1,1,0.54782695,1
62681,0,1,0.76803803,0
62682,0,0,0.07956719,1
62683,0,0,0.021969227,1
62684,1,1,0.9999999,1
62685,1,1,0.9782396,1
62686,0,0,0.013197362,1
62687,1,1,0.9999999,1
62688,1,1,0.99724233,1
62689,1,1,0.8596637,1
62690,0,1,0.82460326,0
62691,0,0,0.2374875,1
62692,1,1,0.8040984,1
62693,1,1,0.99890983,1
62694,1,1,0.98157746,1
62695,1,1,0.99994457,1
62696,1,0,0.046421416,0
62697,0,1,0.99782157,0
62698,1,0,0.13067321,0
62699,1,1,0.6180315,1
62700,0,1,0.9970822,0
62701,0,0,0.25266054,1
62702,0,1,0.99879575,0
62703,1,1,0.87310666,1
62704,0,0,0.06047389,1
62705,1,0,0.11456651,0
62706,1,1,0.9993094,1
62707,0,0,0.2594502,1
62708,1,1,0.96612394,1
62709,1,1,0.99996305,1
62710,0,0,0.06638737,1
62711,1,1,1.0,1
62712,1,1,0.49304244,1
62713,0,1,0.7074552,0
62714,0,0,0.06711741,1
62715,0,0,0.30368015,1
62716,0,1,0.9984269,0
62717,1,1,1.0,1
62718,1,1,0.7499581,1
62719,1,0,0.26189682,0
62720,1,1,1.0,1
62721,1,1,0.7844016,1
62722,1,1,1.0,1
62723,1,1,0.99974483,1
62724,1,1,0.9999702,1
62725,0,1,0.9992778,0
62726,0,0,0.0415011,1
62727,1,1,1.0,1
62728,0,0,0.27987766,1
62729,0,1,0.9946878,0
62730,0,0,0.34919977,1
62731,0,0,0.24463357,1
62732,1,1,1.0,1
62733,0,1,0.4882834,0
62734,1,1,0.9701835,1
62735,0,1,0.35919553,0
62736,1,1,0.8562122,1
62737,0,0,0.0039685,1
62738,0,1,0.9999598,0
62739,1,1,0.99792516,1
62740,1,0,0.005070175,0
62741,1,1,1.0,1
62742,0,0,0.12619172,1
62743,1,1,0.9707155,1
62744,1,0,0.064830884,0
62745,1,0,0.2751784,0
62746,0,0,0.0770997,1
62747,1,1,0.9998822,1
62748,1,1,0.99778724,1
62749,1,1,0.97881407,1
62750,0,1,0.9998416,0
62751,0,0,0.03468417,1
62752,0,0,0.15215817,1
62753,1,1,0.9999999,1
62754,1,1,0.99262565,1
62755,1,1,0.8533026,1
62756,0,0,0.11726853,1
62757,1,1,1.0,1
62758,1,1,1.0,1
62759,1,1,0.99999964,1
62760,0,0,0.07978202,1
62761,0,0,0.26199123,1
62762,1,1,0.9999999,1
62763,1,1,0.99988174,1
62764,1,0,6.733921e-07,0
62765,1,1,0.57767403,1
62766,1,1,1.0,1
62767,0,1,0.55380696,0
62768,0,0,0.09687654,1
62769,1,1,0.7183475,1
62770,1,1,0.9906238,1
62771,0,0,0.042722195,1
62772,0,0,0.11201595,1
62773,0,0,0.35014352,1
62774,1,1,0.999765,1
62775,0,1,0.80115914,0
62776,0,1,0.99980813,0
62777,1,0,0.07303238,0
62778,1,1,0.9793738,1
62779,1,1,1.0,1
62780,0,0,0.055412795,1
62781,1,1,0.99594563,1
62782,0,0,0.011777842,1
62783,0,0,0.2062538,1
62784,1,1,0.99999654,1
62785,1,1,0.9967333,1
62786,1,1,0.9999684,1
62787,1,1,1.0,1
62788,1,1,0.9996288,1
62789,1,1,1.0,1
62790,0,0,0.09041373,1
62791,0,1,0.99951494,0
62792,0,0,0.2507293,1
62793,1,1,0.9989267,1
62794,0,0,0.017292492,1
62795,1,1,0.99982125,1
62796,0,1,0.99268264,0
62797,0,1,0.38225675,0
62798,1,1,0.9298237,1
62799,0,1,0.48117957,0
62800,1,1,1.0,1
62801,0,0,0.1627789,1
62802,1,1,0.99936503,1
62803,0,0,0.16926852,1
62804,0,1,0.9583822,0
62805,0,1,0.6151456,0
62806,1,1,0.9999168,1
62807,0,0,0.0014409429,1
62808,0,0,0.117016025,1
62809,1,1,0.99987614,1
62810,1,1,0.99992716,1
62811,0,0,0.22781274,1
62812,0,1,0.99997413,0
62813,1,0,0.03132112,0
62814,0,1,0.87536144,0
62815,0,0,0.10951515,1
62816,1,1,0.99995303,1
62817,1,1,1.0,1
62818,1,1,0.9998907,1
62819,0,1,0.58053046,0
62820,1,1,1.0,1
62821,1,1,1.0,1
62822,0,0,0.1431278,1
62823,0,1,0.91928095,0
62824,0,0,0.20833994,1
62825,0,1,0.56637836,0
62826,0,1,0.99941957,0
62827,1,1,0.9999329,1
62828,1,0,0.0046818224,0
62829,1,1,0.9999294,1
62830,1,0,0.28942192,0
62831,0,1,0.9999999,0
62832,0,1,0.99813604,0
62833,0,0,0.078078166,1
62834,0,0,0.00677121,1
62835,1,1,0.94458723,1
62836,1,1,1.0,1
62837,0,0,0.110855594,1
62838,0,1,0.9543506,0
62839,0,1,0.9863105,0
62840,1,1,1.0,1
62841,1,1,0.9989141,1
62842,0,0,0.0996453,1
62843,1,0,0.091625646,0
62844,1,1,0.9985923,1
62845,0,1,0.6930057,0
62846,1,1,0.78833884,1
62847,0,0,0.09401018,1
62848,0,1,0.9461506,0
62849,1,0,0.17610413,0
62850,1,0,0.035779487,0
62851,1,1,1.0,1
62852,0,0,0.0035588038,1
62853,0,0,0.043977574,1
62854,0,0,0.09790669,1
62855,0,1,0.71118027,0
62856,1,0,0.1200772,0
62857,0,0,0.026759284,1
62858,1,1,0.9999943,1
62859,1,0,0.010150015,0
62860,0,1,0.42587382,0
62861,1,1,0.86293024,1
62862,1,1,1.0,1
62863,1,0,0.02970375,0
62864,0,1,0.5418028,0
62865,1,1,0.8255897,1
62866,0,0,0.19064869,1
62867,1,1,1.0,1
62868,0,0,0.19891867,1
62869,0,1,0.7207124,0
62870,0,0,0.18300883,1
62871,1,1,0.99886864,1
62872,1,1,0.9999993,1
62873,0,0,0.044722572,1
62874,0,0,0.07382971,1
62875,0,0,0.12168575,1
62876,0,0,0.074635044,1
62877,1,1,0.9998233,1
62878,0,1,0.9585377,0
62879,0,0,0.20737517,1
62880,0,1,0.99945575,0
62881,0,0,0.06330841,1
62882,0,0,0.25017932,1
62883,1,1,1.0,1
62884,1,1,0.44182354,1
62885,1,0,0.0728343,0
62886,0,0,0.17766814,1
62887,0,0,0.32939172,1
62888,1,1,0.54049945,1
62889,0,0,0.18447348,1
62890,1,1,1.0,1
62891,1,0,0.24341756,0
62892,0,0,0.035177976,1
62893,1,1,0.5843898,1
62894,1,1,1.0,1
62895,0,1,0.9012275,0
62896,0,1,0.9943141,0
62897,1,1,0.9997358,1
62898,0,0,0.17433996,1
62899,1,0,0.07606381,0
62900,1,1,0.9999999,1
62901,0,0,0.10239443,1
62902,1,1,0.9993,1
62903,0,1,0.35874614,0
62904,1,1,0.99999654,1
62905,0,1,0.8546422,0
62906,0,0,0.2691815,1
62907,0,1,0.57439476,0
62908,1,1,1.0,1
62909,1,1,0.8580062,1
62910,1,0,0.08203305,0
62911,0,1,0.9998111,0
62912,0,1,0.995037,0
62913,1,1,0.99879104,1
62914,1,1,0.9999938,1
62915,1,1,0.9999969,1
62916,1,0,0.011846234,0
62917,1,0,0.04977345,0
62918,0,1,0.9991573,0
62919,1,0,0.019889742,0
62920,0,1,0.8620035,0
62921,1,1,0.9999989,1
62922,0,1,0.3684057,0
62923,1,1,0.9871788,1
62924,1,1,1.0,1
62925,0,0,0.13409412,1
62926,1,1,0.9971827,1
62927,0,1,0.99882823,0
62928,0,0,0.05122493,1
62929,1,1,0.77330196,1
62930,1,1,0.99999845,1
62931,0,1,0.9913054,0
62932,0,1,0.9986646,0
62933,0,0,0.20971236,1
62934,1,1,0.9975466,1
62935,0,1,0.4046545,0
62936,1,1,0.4213732,1
62937,0,0,0.040999033,1
62938,1,1,1.0,1
62939,1,0,0.02663241,0
62940,0,1,0.83960253,0
62941,1,1,0.99991846,1
62942,1,1,0.9901972,1
62943,1,0,0.002038787,0
62944,0,1,0.80783993,0
62945,1,1,1.0,1
62946,1,1,0.9869795,1
62947,1,1,0.9995426,1
62948,0,1,0.9999927,0
62949,0,0,0.05315703,1
62950,1,1,1.0,1
62951,1,1,1.0,1
62952,1,1,0.7400804,1
62953,1,1,0.6254953,1
62954,1,1,0.99999976,1
62955,1,1,0.9999994,1
62956,0,0,0.011136501,1
62957,1,0,0.047558397,0
62958,1,1,0.99997973,1
62959,0,0,0.07793769,1
62960,1,1,1.0,1
62961,0,0,0.022759158,1
62962,1,1,0.9999118,1
62963,1,1,0.99999905,1
62964,1,1,0.95494246,1
62965,1,0,0.108377546,0
62966,0,1,0.999987,0
62967,0,0,0.08471965,1
62968,0,0,0.20545557,1
62969,0,1,0.99856466,0
62970,1,1,0.9999465,1
62971,0,1,0.60434055,0
62972,0,0,0.2858701,1
62973,0,1,0.36761072,0
62974,0,0,0.052570295,1
62975,1,0,0.07243961,0
62976,1,1,1.0,1
62977,1,0,0.06198946,0
62978,1,1,0.9863369,1
62979,0,1,0.9999957,0
62980,1,1,1.0,1
62981,1,0,0.10790661,0
62982,1,1,0.99998975,1
62983,1,1,0.9877351,1
62984,0,1,0.9254324,0
62985,0,0,0.10293422,1
62986,1,1,0.9747011,1
62987,1,1,0.9984603,1
62988,1,0,0.28239402,0
62989,1,1,1.0,1
62990,0,1,0.5880614,0
62991,0,1,0.9860443,0
62992,0,0,0.064653486,1
62993,0,0,0.19659473,1
62994,0,1,0.9979652,0
62995,1,1,0.7056329,1
62996,1,1,0.99428093,1
62997,0,0,0.029228985,1
62998,1,0,0.14217234,0
62999,1,1,0.7461852,1
63000,1,1,1.0,1
63001,0,1,0.999997,0
63002,0,0,0.2660711,1
63003,1,0,0.047869008,0
63004,1,1,1.0,1
63005,0,1,0.93158704,0
63006,1,1,0.9967013,1
63007,0,0,0.30668274,1
63008,0,0,0.24427286,1
63009,1,0,0.08240149,0
63010,0,0,0.05399884,1
63011,1,1,0.9999478,1
63012,1,0,0.015875846,0
63013,0,1,0.9975177,0
63014,0,0,0.10697014,1
63015,1,1,0.9226916,1
63016,0,0,0.08678673,1
63017,1,1,0.9999175,1
63018,1,1,0.99984217,1
63019,1,1,0.87212974,1
63020,1,1,0.7403621,1
63021,0,0,0.032589745,1
63022,0,0,0.086323485,1
63023,1,1,0.43926623,1
63024,1,1,0.5492175,1
63025,0,1,0.99966466,0
63026,0,1,0.4548051,0
63027,0,0,0.027874898,1
63028,1,0,0.08181271,0
63029,1,0,0.07800791,0
63030,0,1,0.36327976,0
63031,1,1,0.9932681,1
63032,0,1,0.3872268,0
63033,0,0,0.028114056,1
63034,0,0,0.14909723,1
63035,0,1,0.9981178,0
63036,0,0,0.0610871,1
63037,1,1,0.99997103,1
63038,0,0,0.05098815,1
63039,0,0,0.12018043,1
63040,0,1,0.6238926,0
63041,1,1,1.0,1
63042,1,1,1.0,1
63043,1,1,0.999998,1
63044,1,1,1.0,1
63045,1,1,1.0,1
63046,1,1,0.6635599,1
63047,0,1,0.9992446,0
63048,1,1,0.99998975,1
63049,1,1,0.9999931,1
63050,0,0,0.03521114,1
63051,1,1,0.41229352,1
63052,0,1,0.78809434,0
63053,1,0,0.07024005,0
63054,1,1,0.86849254,1
63055,0,0,0.14223188,1
63056,1,1,0.7783125,1
63057,0,1,0.99615306,0
63058,1,1,0.9999784,1
63059,1,0,0.25706506,0
63060,1,1,0.9999999,1
63061,1,1,1.0,1
63062,0,1,1.0,0
63063,0,1,0.9953454,0
63064,1,1,0.86431044,1
63065,0,1,0.8247444,0
63066,0,0,0.2174206,1
63067,1,1,0.9913054,1
63068,0,0,0.12640727,1
63069,0,0,0.24041773,1
63070,1,1,0.9997316,1
63071,1,1,0.99984884,1
63072,0,0,0.033589505,1
63073,0,0,0.3290143,1
63074,1,1,1.0,1
63075,0,1,0.68789214,0
63076,0,1,0.35242462,0
63077,0,1,0.99411184,0
63078,1,1,0.9999852,1
63079,1,1,0.3759928,1
63080,0,1,0.6468507,0
63081,0,0,0.327507,1
63082,0,1,0.98552424,0
63083,1,0,0.06947859,0
63084,1,1,0.9054896,1
63085,0,0,0.03551094,1
63086,1,0,0.12362991,0
63087,1,0,0.047780067,0
63088,1,1,0.9142142,1
63089,1,1,0.99999964,1
63090,1,1,0.99832886,1
63091,0,0,0.052521676,1
63092,0,0,0.31541958,1
63093,0,0,0.22051026,1
63094,1,1,0.3709942,1
63095,1,1,0.9999857,1
63096,0,0,0.017309094,1
63097,0,0,0.04738177,1
63098,0,1,0.99999964,0
63099,1,1,0.9909972,1
63100,0,1,0.99766773,0
63101,1,1,0.8713654,1
63102,0,0,0.13887003,1
63103,1,0,0.11153119,0
63104,1,1,0.9999994,1
63105,1,1,0.7484902,1
63106,0,1,0.45093358,0
63107,0,0,0.1880256,1
63108,1,1,0.99976856,1
63109,0,1,0.6496342,0
63110,1,1,0.9678385,1
63111,0,0,0.069289416,1
63112,0,0,0.02475097,1
63113,1,1,0.9988991,1
63114,1,1,0.9999999,1
63115,1,1,1.0,1
63116,1,1,1.0,1
63117,1,0,0.006062155,0
63118,0,1,0.52427286,0
63119,1,1,0.9999988,1
63120,1,1,0.90829307,1
63121,1,1,0.73115456,1
63122,0,0,0.10697014,1
63123,1,1,0.4356614,1
63124,0,0,0.20721471,1
63125,1,1,1.0,1
63126,0,1,0.9678993,0
63127,0,1,0.98739934,0
63128,1,1,0.99995184,1
63129,0,0,0.0610871,1
63130,0,1,0.7397046,0
63131,1,0,0.17773949,0
63132,0,0,0.1673547,1
63133,1,1,1.0,1
63134,0,1,0.98926485,0
63135,0,0,0.11357959,1
63136,1,1,0.99880517,1
63137,0,1,0.69008934,0
63138,0,0,0.095433734,1
63139,1,1,0.8926561,1
63140,1,1,0.995523,1
63141,1,1,0.9985814,1
63142,0,1,0.3700546,0
63143,0,0,0.035344075,1
63144,1,0,0.2936576,0
63145,0,0,0.32578862,1
63146,1,0,0.036459446,0
63147,1,1,0.99927205,1
63148,0,1,0.4421547,0
63149,1,1,0.9964412,1
63150,1,0,0.16000333,0
63151,1,1,0.86396646,1
63152,0,1,0.9999987,0
63153,1,1,1.0,1
63154,1,1,0.9916842,1
63155,0,1,0.72754014,0
63156,0,1,0.9118885,0
63157,1,0,0.1987631,0
63158,1,0,0.08064662,0
63159,1,0,0.16913125,0
63160,0,1,0.96879715,0
63161,1,1,0.87599933,1
63162,1,1,0.998259,1
63163,0,1,0.99624926,0
63164,0,0,0.020824393,1
63165,1,1,1.0,1
63166,0,1,0.9742149,0
63167,1,1,0.9825575,1
63168,0,1,0.978733,0
63169,0,1,0.99984217,0
63170,1,1,0.99999976,1
63171,0,1,0.7889086,0
63172,1,1,0.82233185,1
63173,0,0,0.056966383,1
63174,1,0,0.09782047,0
63175,0,1,0.6729231,0
63176,1,0,0.08819005,0
63177,0,1,0.97840524,0
63178,1,1,0.99986815,1
63179,1,1,0.99999094,1
63180,1,1,1.0,1
63181,0,0,0.15002882,1
63182,1,1,1.0,1
63183,0,1,0.9999999,0
63184,1,1,1.0,1
63185,0,1,0.7653304,0
63186,1,1,0.99994266,1
63187,0,1,0.90337944,0
63188,0,1,0.8789391,0
63189,0,0,0.119871,1
63190,1,1,0.76091725,1
63191,0,0,0.13279545,1
63192,1,0,0.15178062,0
63193,1,1,0.99999976,1
63194,1,1,0.84117436,1
63195,1,1,0.35270324,1
63196,1,1,0.99999714,1
63197,0,1,0.9824905,0
63198,1,1,1.0,1
63199,1,1,0.9770007,1
63200,1,0,0.11671367,0
63201,1,1,0.9894499,1
63202,1,1,0.9999933,1
63203,1,1,1.0,1
63204,0,0,0.26798248,1
63205,1,1,0.999997,1
63206,0,0,0.070495576,1
63207,1,1,0.5279859,1
63208,0,1,0.8329173,0
63209,0,1,0.9784466,0
63210,0,0,0.08811155,1
63211,1,1,0.9999969,1
63212,0,0,0.11742025,1
63213,0,0,0.049267832,1
63214,0,0,0.11191885,1
63215,1,1,0.595963,1
63216,1,1,0.99999475,1
63217,0,0,0.15514244,1
63218,0,1,0.99999857,0
63219,1,1,1.0,1
63220,1,1,0.41427666,1
63221,1,1,1.0,1
63222,0,1,0.381018,0
63223,1,0,0.02023532,0
63224,1,1,0.99915576,1
63225,1,1,1.0,1
63226,1,1,1.0,1
63227,0,1,0.98815376,0
63228,0,0,0.08694165,1
63229,1,1,1.0,1
63230,0,1,0.9993525,0
63231,1,0,0.03182875,0
63232,1,1,0.61929864,1
63233,0,0,0.011309892,1
63234,0,0,0.04418332,1
63235,1,1,1.0,1
63236,0,0,0.028652672,1
63237,1,1,0.99656373,1
63238,0,1,0.99976224,0
63239,1,0,0.046033904,0
63240,1,0,0.2056948,0
63241,0,0,0.032558974,1
63242,1,1,0.88592786,1
63243,0,1,0.6779539,0
63244,0,1,0.9999994,0
63245,0,0,0.20513694,1
63246,0,0,0.0027629985,1
63247,0,0,0.016914913,1
63248,1,0,0.27028757,0
63249,0,0,0.1328517,1
63250,1,0,0.3323646,0
63251,1,1,0.8435088,1
63252,1,1,0.9301416,1
63253,1,1,0.9999521,1
63254,0,1,0.9988121,0
63255,0,1,0.99986017,0
63256,0,0,0.012945406,1
63257,0,1,0.84260434,0
63258,0,1,0.9550264,0
63259,0,1,0.97856975,0
63260,1,0,0.020158019,0
63261,1,1,1.0,1
63262,1,1,0.9999958,1
63263,0,1,0.9433476,0
63264,0,0,0.12765263,1
63265,1,1,0.9867005,1
63266,0,1,0.3555511,0
63267,0,0,0.07369626,1
63268,0,1,0.9347534,0
63269,1,1,0.9999901,1
63270,0,0,0.22884513,1
63271,0,1,0.9152803,0
63272,1,1,1.0,1
63273,0,1,0.9456007,0
63274,0,0,0.03471688,1
63275,0,1,0.9687085,0
63276,1,1,0.9999925,1
63277,1,1,0.99999976,1
63278,1,1,0.9999993,1
63279,1,1,0.6411416,1
63280,0,0,0.09057448,1
63281,1,0,0.14181541,0
63282,0,0,0.18337418,1
63283,1,1,0.94610083,1
63284,1,0,0.036908068,0
63285,0,1,0.99803144,0
63286,1,1,0.98707956,1
63287,0,0,0.04564947,1
63288,1,1,1.0,1
63289,1,1,0.56277734,1
63290,0,0,0.15052764,1
63291,1,1,0.87536144,1
63292,1,1,0.8112278,1
63293,0,0,0.013982613,1
63294,0,0,0.14817041,1
63295,1,0,0.11353044,0
63296,1,1,1.0,1
63297,0,1,0.9737197,0
63298,0,1,0.9175984,0
63299,0,1,0.40689144,0
63300,0,1,0.43818408,0
63301,1,1,0.9936241,1
63302,1,1,1.0,1
63303,1,0,0.17009403,0
63304,0,0,0.068975195,1
63305,0,0,0.06998537,1
63306,1,1,0.6977634,1
63307,0,1,0.9994917,0
63308,0,0,0.038430087,1
63309,0,0,0.08616955,1
63310,0,0,0.2536761,1
63311,1,1,0.99909246,1
63312,0,1,0.49819946,0
63313,0,0,0.015573563,1
63314,0,1,0.9696707,0
63315,0,1,0.9999999,0
63316,1,1,1.0,1
63317,0,0,0.1447523,1
63318,0,0,0.08419108,1
63319,0,1,0.5783291,0
63320,1,1,0.9817707,1
63321,1,1,1.0,1
63322,0,0,0.17596246,1
63323,0,1,0.81115305,0
63324,0,1,0.82460326,0
63325,0,0,0.08064662,1
63326,1,1,0.99999845,1
63327,0,0,0.18330103,1
63328,0,1,0.99624926,0
63329,1,1,0.9992693,1
63330,1,1,1.0,1
63331,0,0,0.098772585,1
63332,1,0,0.29446852,0
63333,0,1,0.59372705,0
63334,1,1,0.8886622,1
63335,0,0,0.024168443,1
63336,0,0,0.3189092,1
63337,0,0,0.13586143,1
63338,1,1,0.9999982,1
63339,0,0,0.069541745,1
63340,1,1,0.56817627,1
63341,1,1,0.99613816,1
63342,1,1,0.99686414,1
63343,0,0,0.25335267,1
63344,0,1,0.9995443,0
63345,1,1,0.99824536,1
63346,1,1,0.99994874,1
63347,0,0,0.10185715,1
63348,1,1,1.0,1
63349,1,1,1.0,1
63350,0,0,0.22354652,1
63351,1,1,0.698278,1
63352,1,0,0.3125798,0
63353,0,1,0.35236892,0
63354,1,1,0.515315,1
63355,1,1,0.9903476,1
63356,0,1,0.99860066,0
63357,0,0,0.010110846,1
63358,0,1,0.9959693,0
63359,1,1,0.4146321,1
63360,1,1,0.97104686,1
63361,1,1,0.8716935,1
63362,0,0,0.19521025,1
63363,0,1,0.999944,0
63364,1,1,0.9583822,1
63365,1,1,0.9617859,1
63366,0,0,0.047958106,1
63367,0,0,0.031499382,1
63368,0,1,0.95791227,0
63369,0,0,0.29920757,1
63370,1,1,0.6557219,1
63371,1,0,0.0130707845,0
63372,0,0,0.008864498,1
63373,1,1,0.94208187,1
63374,1,1,0.9999975,1
63375,1,1,1.0,1
63376,1,0,0.22746935,0
63377,0,1,0.40674415,0
63378,0,0,0.20134169,1
63379,0,1,0.9069832,0
63380,0,1,0.7133318,0
63381,0,0,0.030415535,1
63382,1,1,0.999828,1
63383,0,0,0.023021257,1
63384,1,0,0.0126982,0
63385,1,1,0.9703525,1
63386,1,1,0.9999778,1
63387,1,0,0.017814532,0
63388,0,0,0.034358688,1
63389,0,0,0.24839742,1
63390,1,1,0.99997926,1
63391,1,0,0.21568096,0
63392,1,1,0.90087914,1
63393,1,1,1.0,1
63394,1,1,1.0,1
63395,0,0,0.035177976,1
63396,0,1,0.9999846,0
63397,1,1,0.9999987,1
63398,1,1,1.0,1
63399,0,1,0.9996666,0
63400,1,1,0.83169055,1
63401,1,1,0.99983263,1
63402,1,0,0.14264941,0
63403,1,1,1.0,1
63404,0,1,0.35745534,0
63405,1,0,0.11940814,0
63406,1,1,1.0,1
63407,1,1,0.9999999,1
63408,0,0,0.21967211,1
63409,0,0,0.2942657,1
63410,0,0,0.29951483,1
63411,0,1,0.96771675,0
63412,1,0,0.031529184,0
63413,0,0,0.16118816,1
63414,0,0,0.0077555366,1
63415,1,1,0.99695444,1
63416,0,0,0.16264586,1
63417,0,1,0.56817627,0
63418,1,1,0.99952626,1
63419,0,0,0.01757688,1
63420,1,1,0.95995015,1
63421,1,0,0.2671213,0
63422,0,0,0.068040416,1
63423,1,1,0.9999318,1
63424,0,0,0.27202454,1
63425,1,1,0.71795213,1
63426,1,0,0.12956785,0
63427,0,0,0.035111748,1
63428,0,0,0.010368156,1
63429,0,0,0.010673115,1
63430,1,0,0.2271263,0
63431,0,0,0.029063188,1
63432,1,1,0.66121227,1
63433,1,1,0.9999825,1
63434,1,0,0.24707794,0
63435,0,1,0.99949956,0
63436,1,1,0.9599126,1
63437,0,1,0.99393785,0
63438,0,0,0.20055768,1
63439,1,1,1.0,1
63440,1,0,0.054499876,0
63441,0,1,0.47058454,0
63442,0,0,0.13189834,1
63443,0,0,0.05997644,1
63444,1,1,0.9999995,1
63445,1,1,1.0,1
63446,0,0,0.3094931,1
63447,1,1,1.0,1
63448,0,0,0.10194652,1
63449,0,0,0.1455399,1
63450,1,1,0.9999894,1
63451,1,1,0.9999931,1
63452,0,1,0.8059378,0
63453,1,1,0.9610981,1
63454,0,1,0.99972945,0
63455,0,1,0.91352236,0
63456,0,1,0.36342093,0
63457,0,0,0.041307308,1
63458,0,0,0.27115518,1
63459,0,0,0.090092994,1
63460,1,1,0.99693656,1
63461,1,1,1.0,1
63462,0,1,0.5189119,0
63463,1,1,0.9999981,1
63464,1,0,0.31441882,0
63465,1,1,0.99999404,1
63466,1,0,0.05379964,0
63467,1,1,0.99827933,1
63468,0,1,0.9363432,0
63469,1,0,0.060086653,0
63470,1,1,1.0,1
63471,1,1,0.575767,1
63472,1,0,0.11008789,0
63473,0,0,0.16933718,1
63474,1,1,0.9999857,1
63475,1,1,1.0,1
63476,0,1,0.8981429,0
63477,1,1,0.99956185,1
63478,1,1,0.999539,1
63479,0,1,0.3582969,0
63480,0,1,0.9999372,0
63481,1,0,0.06841291,0
63482,0,1,0.9867517,0
63483,1,0,0.17667161,0
63484,1,1,0.988425,1
63485,1,1,0.9999999,1
63486,0,1,0.9337335,0
63487,1,1,0.9994128,1
63488,1,1,0.94544977,1
63489,1,1,0.9946568,1
63490,1,1,0.9998267,1
63491,0,1,0.9998155,0
63492,0,0,0.19132766,1
63493,0,0,0.09227797,1
63494,1,1,0.99999106,1
63495,1,1,0.7629543,1
63496,0,0,0.051082734,1
63497,0,0,0.088820286,1
63498,1,0,0.093512304,0
63499,0,1,0.99984884,0
63500,0,0,0.10790661,1
63501,1,1,0.9989637,1
63502,1,1,1.0,1
63503,0,0,0.23440666,1
63504,1,1,0.9991013,1
63505,0,0,0.09999631,1
63506,0,1,0.92379886,0
63507,1,1,1.0,1
63508,1,1,0.99995697,1
63509,1,1,0.9043131,1
63510,1,1,1.0,1
63511,1,1,0.9998889,1
63512,0,0,0.0015639359,1
63513,0,0,0.14780103,1
63514,0,1,0.7412996,0
63515,0,0,0.030879721,1
63516,1,1,1.0,1
63517,0,0,0.24409263,1
63518,1,1,0.9026955,1
63519,0,0,0.22936255,1
63520,0,0,0.051558185,1
63521,1,0,0.075653054,0
63522,1,1,0.97386926,1
63523,0,1,0.9763331,0
63524,1,1,0.95190793,1
63525,1,1,0.86431044,1
63526,0,0,0.03814243,1
63527,0,1,0.8349459,0
63528,1,1,0.98644173,1
63529,0,0,0.17589168,1
63530,1,1,0.99991655,1
63531,0,1,1.0,0
63532,1,0,0.23161423,0
63533,0,1,0.6918618,0
63534,1,1,0.8296301,1
63535,1,1,0.9997247,1
63536,1,0,0.3270232,0
63537,1,1,0.999992,1
63538,0,0,0.118385084,1
63539,1,1,1.0,1
63540,1,1,0.9989329,1
63541,0,0,0.2939109,1
63542,0,0,0.29695997,1
63543,0,0,0.055617616,1
63544,1,0,0.05374995,0
63545,0,0,0.096620515,1
63546,0,1,0.69642305,0
63547,1,1,0.99999475,1
63548,0,0,0.040999033,1
63549,1,1,1.0,1
63550,0,0,0.094176665,1
63551,0,0,0.06418264,1
63552,1,1,0.9622852,1
63553,0,1,0.7674721,0
63554,0,0,0.12732674,1
63555,1,1,0.99999964,1
63556,1,1,1.0,1
63557,0,0,0.023984872,1
63558,0,0,0.027014792,1
63559,1,1,0.96580297,1
63560,1,1,1.0,1
63561,1,0,0.252845,0
63562,1,0,0.14866413,0
63563,0,0,0.07504072,1
63564,1,1,0.9349319,1
63565,1,1,0.9996506,1
63566,0,0,0.33895183,1
63567,1,0,0.0004272079,0
63568,1,0,0.08100938,0
63569,0,1,1.0,0
63570,1,1,0.4043016,1
63571,1,1,0.9999993,1
63572,1,1,0.9999553,1
63573,1,1,0.9999949,1
63574,1,1,1.0,1
63575,1,0,0.040049795,0
63576,0,1,0.9999864,0
63577,0,1,0.7520126,0
63578,1,0,0.05261895,0
63579,1,1,0.9999988,1
63580,1,1,0.9997459,1
63581,0,0,0.27212125,1
63582,0,1,0.99995565,0
63583,1,0,0.058185086,0
63584,0,1,0.4527476,0
63585,1,1,0.9936733,1
63586,0,0,0.05404875,1
63587,0,1,0.3629127,0
63588,1,1,1.0,1
63589,1,1,0.99533635,1
63590,1,1,0.9999957,1
63591,0,1,0.67763406,0
63592,1,1,1.0,1
63593,0,0,0.15501449,1
63594,0,1,0.6877873,0
63595,1,1,0.99980813,1
63596,0,0,0.17881243,1
63597,1,1,0.6136997,1
63598,0,0,0.044389986,1
63599,0,0,0.018978037,1
63600,1,1,0.99929166,1
63601,1,1,0.9999776,1
63602,1,1,1.0,1
63603,0,0,0.17895591,1
63604,0,1,0.7512834,0
63605,1,0,0.003765414,0
63606,0,1,0.99959,0
63607,0,1,0.94728357,0
63608,1,1,0.9999651,1
63609,0,1,0.9526182,0
63610,0,1,1.0,0
63611,0,0,0.04590542,1
63612,1,1,1.0,1
63613,0,1,0.9999999,0
63614,0,1,0.8262917,0
63615,1,1,1.0,1
63616,1,1,1.0,1
63617,1,1,0.961642,1
63618,0,0,0.07477004,1
63619,1,1,1.0,1
63620,1,1,0.99987066,1
63621,1,1,0.9991186,1
63622,0,0,0.06773144,1
63623,0,1,0.98965186,0
63624,0,1,0.9999999,0
63625,1,1,0.35919553,1
63626,0,1,0.968111,0
63627,1,1,0.62503767,1
63628,0,0,0.082475364,1
63629,0,1,0.99688244,0
63630,1,1,0.9689738,1
63631,1,1,1.0,1
63632,1,1,1.0,1
63633,0,0,0.11230769,1
63634,1,1,1.0,1
63635,0,1,0.9979412,0
63636,0,0,0.15456733,1
63637,0,0,0.07270252,1
63638,1,1,0.943919,1
63639,1,1,0.9756929,1
63640,0,1,0.5162906,0
63641,1,1,0.9845011,1
63642,1,0,0.17695588,0
63643,1,1,0.9999999,1
63644,1,1,0.99999964,1
63645,1,1,0.7372528,1
63646,0,1,0.95068645,0
63647,0,1,0.39094082,0
63648,0,0,0.32391453,1
63649,0,0,0.05515777,1
63650,1,0,0.053304683,0
63651,1,1,0.99999595,1
63652,1,1,1.0,1
63653,0,1,0.49432397,0
63654,1,1,0.53041893,1
63655,1,1,0.84972197,1
63656,1,1,0.7215961,1
63657,0,0,0.0842664,1
63658,0,0,0.06884988,1
63659,0,0,0.057334732,1
63660,1,0,0.2941136,0
63661,1,1,0.99983966,1
63662,1,1,0.6121358,1
63663,0,1,0.4873684,0
63664,0,1,0.4127668,0
63665,0,1,0.99926347,0
63666,0,0,0.14217234,1
63667,0,1,0.9999925,0
63668,1,1,1.0,1
63669,1,1,0.99999285,1
63670,0,0,0.08441725,1
63671,1,1,0.99999976,1
63672,0,1,0.8677098,0
63673,0,1,0.9667888,0
63674,1,1,0.98549646,1
63675,0,1,0.70826304,0
63676,1,1,1.0,1
63677,1,1,1.0,1
63678,0,0,0.18097351,1
63679,1,1,0.99999845,1
63680,1,0,0.091220066,0
63681,0,1,0.55784535,0
63682,0,1,0.81844676,0
63683,0,0,0.12973315,1
63684,0,1,0.7251137,0
63685,1,0,0.348368,0
63686,1,1,0.99994564,1
63687,1,0,0.12085323,0
63688,1,1,0.9999839,1
63689,1,0,0.20577459,0
63690,0,0,0.19095021,1
63691,1,1,0.99565166,1
63692,1,1,1.0,1
63693,0,0,0.011755131,1
63694,0,1,0.35801628,0
63695,1,1,0.99486035,1
63696,1,1,0.99962735,1
63697,1,1,1.0,1
63698,0,0,0.118742295,1
63699,0,0,0.020061804,1
63700,1,1,0.8115267,1
63701,1,0,0.19946387,0
63702,1,1,0.999979,1
63703,1,1,1.0,1
63704,1,1,0.9961306,1
63705,0,1,0.99999225,0
63706,1,1,1.0,1
63707,0,1,0.7517393,0
63708,1,1,1.0,1
63709,0,0,0.05184547,1
63710,0,1,0.38664764,0
63711,1,0,0.12495856,0
63712,0,0,0.015952315,1
63713,0,1,0.8716935,0
63714,1,1,0.3697701,1
63715,1,0,0.30280325,0
63716,1,1,1.0,1
63717,0,0,0.020508163,1
63718,1,1,0.9999999,1
63719,0,1,0.8539127,0
63720,0,1,0.9877823,0
63721,0,1,0.68810177,0
63722,1,1,0.9999001,1
63723,0,0,0.06512755,1
63724,0,1,0.999982,0
63725,1,1,0.7056329,1
63726,1,0,0.1509652,0
63727,1,1,1.0,1
63728,0,1,0.98481095,0
63729,0,0,0.14276889,1
63730,0,1,0.9267028,0
63731,0,1,0.6846331,0
63732,1,0,0.23988315,0
63733,0,1,0.99411184,0
63734,0,0,0.10484337,1
63735,0,0,0.09730459,1
63736,1,1,0.45135674,1
63737,1,1,0.9390807,1
63738,0,1,0.9999535,0
63739,1,1,0.38728473,1
63740,1,1,0.9999598,1
63741,1,1,0.99999595,1
63742,0,0,0.13307686,1
63743,0,0,0.050658382,1
63744,0,1,0.44709817,0
63745,0,1,0.952882,0
63746,1,1,1.0,1
63747,0,0,0.17009403,1
63748,0,1,0.9971384,0
63749,1,0,0.16974968,0
63750,1,0,0.32103413,0
63751,1,0,0.075721376,0
63752,1,1,0.9995479,1
63753,0,1,0.9858549,0
63754,1,1,1.0,1
63755,1,0,0.11818139,0
63756,0,1,0.96028674,0
63757,0,1,1.0,0
63758,1,1,0.99968004,1
63759,0,0,0.06760824,1
63760,0,0,0.035111748,1
63761,1,1,0.9997998,1
63762,1,1,0.5559175,1
63763,0,0,0.05749328,1
63764,1,1,0.79502225,1
63765,0,1,0.977132,0
63766,1,1,0.992837,1
63767,0,0,0.040162582,1
63768,1,1,0.4932255,1
63769,0,0,0.15127839,1
63770,0,1,0.3584092,0
63771,1,1,1.0,1
63772,1,1,0.8704873,1
63773,0,0,0.08969352,1
63774,1,1,0.99674594,1
63775,0,1,0.984516,0
63776,1,0,0.33377463,0
63777,1,1,1.0,1
63778,0,1,0.94355595,0
63779,1,1,0.7629543,1
63780,1,1,0.9856076,1
63781,0,0,0.040999033,1
63782,0,0,0.0818861,1
63783,1,0,0.07043161,0
63784,0,1,0.5861676,0
63785,0,0,0.31679186,1
63786,1,1,0.9990471,1
63787,1,1,0.9993068,1
63788,1,1,0.87779135,1
63789,1,1,0.9999962,1
63790,0,1,0.82866174,0
63791,0,1,0.64226425,0
63792,1,1,0.9994837,1
63793,1,1,0.9999914,1
63794,1,1,0.99999833,1
63795,1,1,0.80240077,1
63796,0,0,0.21510331,1
63797,1,1,0.57821006,1
63798,0,0,0.095265254,1
63799,0,0,0.17342815,1
63800,0,0,0.15084006,1
63801,1,1,0.9999939,1
63802,0,0,0.051367506,1
63803,1,1,0.99948967,1
63804,1,1,0.9999989,1
63805,0,0,0.008779109,1
63806,1,1,0.9993081,1
63807,0,1,0.74576885,0
63808,1,1,0.99983966,1
63809,0,1,0.9760608,0
63810,1,0,0.14897339,0
63811,0,1,0.6220576,0
63812,0,1,0.9999658,0
63813,0,0,0.2574849,1
63814,0,1,0.53005403,0
63815,1,1,0.9658352,1
63816,0,0,0.048405956,1
63817,1,1,0.47612292,1
63818,1,1,0.9999465,1
63819,1,1,1.0,1
63820,0,0,0.08203305,1
63821,1,1,0.9991135,1
63822,1,1,0.9999976,1
63823,1,0,0.06884988,0
63824,0,1,0.83999664,0
63825,1,1,0.9999558,1
63826,1,1,0.55501324,1
63827,1,1,0.9994012,1
63828,1,1,0.9836912,1
63829,0,1,0.4046839,0
63830,0,0,0.039048295,1
63831,1,1,0.75110084,1
63832,1,1,0.99495924,1
63833,1,1,0.9654138,1
63834,0,0,0.086477645,1
63835,0,1,0.6942508,0
63836,0,0,0.008511303,1
63837,0,0,0.04676847,1
63838,0,1,0.99999976,0
63839,0,1,0.99847525,0
63840,1,1,0.9999132,1
63841,1,1,0.581719,1
63842,1,1,0.9999988,1
63843,1,1,0.999826,1
63844,0,1,0.98410887,0
63845,1,1,1.0,1
63846,0,0,0.06267437,1
63847,1,1,0.9999362,1
63848,1,1,0.9999999,1
63849,1,1,0.9937588,1
63850,1,1,0.9999999,1
63851,1,1,0.85318035,1
63852,1,1,1.0,1
63853,1,0,0.10622612,0
63854,1,1,0.98932695,1
63855,0,1,0.49383575,0
63856,0,0,0.23405632,1
63857,0,1,0.9427181,0
63858,0,0,0.06170614,1
63859,1,0,0.29229218,0
63860,0,0,0.34306657,1
63861,0,1,0.998784,0
63862,1,1,0.99999666,1
63863,1,0,0.07654563,0
63864,1,1,0.9993988,1
63865,0,0,0.12700155,1
63866,1,1,0.9999968,1
63867,1,1,0.9888204,1
63868,0,0,0.048181534,1
63869,0,0,0.0067058485,1
63870,0,0,0.04650795,1
63871,0,1,0.90804875,0
63872,0,0,0.1390453,1
63873,1,1,0.99999857,1
63874,0,0,0.3260568,1
63875,0,0,0.15495054,1
63876,1,0,0.08517511,0
63877,0,1,0.99994636,0
63878,0,0,0.040275678,1
63879,1,1,1.0,1
63880,0,0,0.013480104,1
63881,1,1,1.0,1
63882,1,1,0.9989718,1
63883,1,1,0.9999994,1
63884,1,0,0.03448853,0
63885,1,1,0.9990601,1
63886,0,1,0.88463855,0
63887,0,1,0.99521697,0
63888,0,1,0.99665606,0
63889,1,1,0.98527133,1
63890,0,1,0.5832034,0
63891,0,1,0.48041773,0
63892,1,1,0.9999975,1
63893,0,1,0.61201984,0
63894,0,0,0.16810448,1
63895,1,0,0.28091216,0
63896,1,1,1.0,1
63897,0,0,0.20946968,1
63898,1,1,0.9999907,1
63899,0,1,0.49951172,0
63900,1,1,0.9987356,1
63901,0,0,0.053304683,1
63902,0,1,0.44655502,0
63903,1,1,1.0,1
63904,0,1,0.8022459,0
63905,1,1,0.6180315,1
63906,0,0,0.024727408,1
63907,0,1,0.99999964,0
63908,0,0,0.0060035954,1
63909,0,0,0.044639204,1
63910,1,0,0.039011665,0
63911,1,1,0.9999881,1
63912,1,1,0.99476975,1
63913,1,0,0.0033634924,0
63914,1,0,0.015633563,0
63915,0,0,0.027506804,1
63916,0,1,0.78249633,0
63917,1,1,0.9996087,1
63918,0,0,0.34301153,1
63919,1,1,0.94208187,1
63920,1,0,0.020293487,0
63921,1,1,0.96171397,1
63922,1,0,0.17265955,0
63923,1,0,0.23502058,0
63924,0,0,0.04344689,1
63925,0,1,0.99630713,0
63926,1,1,0.8489722,1
63927,1,1,0.9999989,1
63928,0,0,0.0369428,1
63929,1,1,0.5197651,1
63930,1,1,0.9999677,1
63931,1,1,1.0,1
63932,0,0,0.023644341,1
63933,1,1,0.999892,1
63934,0,0,0.105210535,1
63935,0,1,0.8296301,0
63936,0,1,0.9999813,0
63937,0,0,0.22194035,1
63938,0,1,0.9606575,0
63939,0,1,1.0,0
63940,1,1,0.8253083,1
63941,1,1,0.930395,1
63942,1,1,0.9975751,1
63943,1,1,0.42414358,1
63944,0,1,0.46979392,0
63945,1,1,0.9998074,1
63946,0,0,0.27532452,1
63947,0,1,0.47347462,0
63948,1,1,1.0,1
63949,1,1,0.99919754,1
63950,0,0,0.018475594,1
63951,0,1,0.6458462,0
63952,0,1,0.9982827,0
63953,1,1,0.9996506,1
63954,1,0,0.30970183,0
63955,0,1,0.64192754,0
63956,0,0,0.024237636,1
63957,0,0,0.025932675,1
63958,0,0,0.27081758,1
63959,1,1,0.7580631,1
63960,1,1,0.7453057,1
63961,1,0,0.10257407,0
63962,0,1,0.5758862,0
63963,0,0,0.07544843,1
63964,1,1,0.99999857,1
63965,0,0,0.23757595,1
63966,0,1,0.52555144,0
63967,1,1,0.87768656,1
63968,1,1,1.0,1
63969,0,1,0.9975751,0
63970,0,1,0.9500415,0
63971,1,1,0.99992,1
63972,1,0,0.24337259,0
63973,1,1,0.9999999,1
63974,0,1,0.9999981,0
63975,1,1,0.99890983,1
63976,1,1,1.0,1
63977,1,1,1.0,1
63978,0,1,0.99572706,0
63979,0,1,0.39948946,0
63980,1,1,1.0,1
63981,0,1,0.9846051,0
63982,1,0,0.21052274,0
63983,0,0,0.29128316,1
63984,1,0,0.030530943,0
63985,1,1,0.5997782,1
63986,1,1,0.9999862,1
63987,0,0,0.043691058,1
63988,1,1,0.35970145,1
63989,0,1,0.8988553,0
63990,1,1,0.9999999,1
63991,1,1,0.99999976,1
63992,0,1,0.99621993,0
63993,0,1,0.4290107,0
63994,0,1,0.9753196,0
63995,0,1,0.9969722,0
63996,0,0,0.26874945,1
63997,1,1,1.0,1
63998,0,0,0.15960999,1
63999,1,1,0.9999263,1
64000,0,0,0.061932698,1
64001,1,0,0.15495054,0
64002,1,1,1.0,1
64003,1,1,0.9963642,1
64004,1,1,0.9999981,1
64005,1,0,0.29451925,0
64006,0,0,0.014672034,1
64007,1,1,0.9999995,1
64008,1,1,0.9982993,1
64009,0,0,0.08381536,1
64010,1,1,0.6736749,1
64011,1,1,0.998487,1
64012,0,1,0.48288634,0
64013,1,1,0.71720994,1
64014,0,0,0.15482274,1
64015,0,1,0.9972262,0
64016,0,1,0.9962419,0
64017,0,0,0.28841874,1
64018,0,0,0.11621123,1
64019,1,0,0.282691,0
64020,1,1,0.9998977,1
64021,1,1,0.99972135,1
64022,1,1,0.99999976,1
64023,1,1,0.96909106,1
64024,1,1,0.982524,1
64025,1,1,0.9953454,1
64026,0,0,0.25219983,1
64027,0,0,0.068040416,1
64028,0,1,0.63324016,0
64029,1,1,1.0,1
64030,1,0,0.00648827,0
64031,0,0,0.16647205,1
64032,0,0,0.09721884,1
64033,0,1,0.52000886,0
64034,0,0,0.03327394,1
64035,0,1,0.9997063,0
64036,1,1,0.9970131,1
64037,1,1,0.66655105,1
64038,0,0,0.20465964,1
64039,1,1,0.98873377,1
64040,1,1,0.42524716,1
64041,1,1,0.9981141,1
64042,0,1,0.99853635,0
64043,0,1,0.999982,0
64044,0,0,0.21411571,1
64045,1,1,0.9103862,1
64046,0,0,0.039453376,1
64047,1,1,0.9449439,1
64048,1,1,0.9999945,1
64049,0,1,0.75851065,0
64050,1,1,0.93611,1
64051,1,1,1.0,1
64052,1,1,0.99923277,1
64053,0,0,0.14712578,1
64054,1,1,0.9920466,1
64055,1,1,0.6983809,1
64056,1,1,0.99999595,1
64057,1,1,0.9999993,1
64058,1,1,0.4279943,1
64059,0,1,0.85573065,0
64060,1,1,0.9999999,1
64061,0,1,0.5940215,0
64062,0,1,0.9999584,0
64063,1,1,0.9946359,1
64064,1,1,0.9908213,1
64065,0,1,0.36772424,0
64066,0,1,0.9259697,0
64067,1,0,0.021553464,0
64068,1,0,0.050564528,0
64069,0,1,0.97877365,0
64070,1,0,0.04050277,0
64071,1,1,0.9999145,1
64072,1,1,1.0,1
64073,1,1,0.9678385,1
64074,0,0,0.023962023,1
64075,0,0,0.34334174,1
64076,0,1,0.6008326,0
64077,1,1,0.99759394,1
64078,1,1,0.999974,1
64079,1,1,0.9999628,1
64080,0,1,0.72130173,0
64081,1,1,1.0,1
64082,1,1,0.999959,1
64083,1,1,0.9999478,1
64084,0,1,0.42981824,0
64085,0,1,0.4049486,0
64086,0,1,0.99961025,0
64087,1,1,0.92421025,1
64088,1,0,0.15908672,0
64089,1,1,1.0,1
64090,1,1,1.0,1
64091,1,1,0.9962565,1
64092,0,1,0.5887118,0
64093,0,1,0.9999683,0
64094,1,1,0.86849254,1
64095,1,1,0.9999933,1
64096,0,0,0.07024005,1
64097,1,1,0.9976949,1
64098,0,1,0.9250271,0
64099,1,1,0.7507356,1
64100,0,0,0.04185214,1
64101,1,1,0.99988174,1
64102,0,0,0.16613355,1
64103,0,0,0.2739627,1
64104,0,0,0.042722195,1
64105,1,0,0.04401865,0
64106,0,1,0.400339,0
64107,1,1,0.99999905,1
64108,0,1,0.9785493,0
64109,0,1,0.9923044,0
64110,1,1,0.97953105,1
64111,0,1,0.9999615,0
64112,0,0,0.1481088,1
64113,0,0,0.12808825,1
64114,0,1,0.8113773,0
64115,1,1,0.92359227,1
64116,0,0,0.107437484,1
64117,0,1,0.99929035,0
64118,0,0,0.042642392,1
64119,0,0,0.02917362,1
64120,0,0,0.09585608,1
64121,1,1,0.9403531,1
64122,1,0,0.0015639359,0
64123,1,1,1.0,1
64124,1,1,0.9999999,1
64125,0,1,0.66415924,0
64126,1,1,0.99997056,1
64127,1,0,0.15278916,0
64128,1,0,0.062904246,0
64129,1,0,9.278282e-05,0
64130,1,1,0.9732661,1
64131,1,1,0.98242307,1
64132,1,1,0.73077047,1
64133,0,1,0.94468933,0
64134,0,1,0.9859364,0
64135,1,1,1.0,1
64136,1,1,0.9922444,1
64137,0,1,0.42981824,0
64138,1,1,0.86281466,1
64139,1,1,0.4901136,1
64140,0,1,0.93558234,0
64141,0,1,1.0,0
64142,1,1,1.0,1
64143,0,1,0.9989034,0
64144,1,1,0.61503005,1
64145,1,1,1.0,1
64146,1,1,0.72749174,1
64147,0,0,0.050237365,1
64148,0,0,0.012359919,1
64149,0,1,0.96888566,0
64150,1,1,0.9600252,1
64151,1,0,8.939696e-06,0
64152,0,1,0.8609547,0
64153,0,0,0.071332,1
64154,0,0,0.20032293,1
64155,1,1,0.9999999,1
64156,0,0,0.3373127,1
64157,0,0,0.018072657,1
64158,0,1,0.47682327,0
64159,1,0,0.25799868,0
64160,0,1,0.99999964,0
64161,0,0,0.17567943,1
64162,1,1,0.99998116,1
64163,1,0,0.28972325,0
64164,1,1,0.6040486,1
64165,1,1,0.9974541,1
64166,1,0,0.27815872,0
64167,1,1,0.9999995,1
64168,1,1,0.60141796,1
64169,1,1,1.0,1
64170,1,1,0.9999155,1
64171,1,1,1.0,1
64172,1,1,0.9999988,1
64173,1,1,0.999902,1
64174,1,1,0.9999839,1
64175,1,1,0.63663554,1
64176,0,0,0.22000709,1
64177,1,0,0.064594455,0
64178,1,1,0.966156,1
64179,0,1,0.94825053,0
64180,0,0,0.0077255345,1
64181,1,1,0.9999994,1
64182,0,1,0.7700327,0
64183,0,1,0.9676251,0
64184,0,0,0.1619157,1
64185,0,0,0.07185127,1
64186,1,1,0.9997739,1
64187,0,1,0.3986698,0
64188,0,0,0.00031258783,1
64189,1,1,0.70957285,1
64190,1,1,0.9999994,1
64191,0,0,0.042443503,1
64192,1,1,0.99210805,1
64193,0,0,0.07100922,1
64194,1,1,1.0,1
64195,0,1,0.7121821,0
64196,1,1,0.9999764,1
64197,1,1,0.99999917,1
64198,0,0,0.28229508,1
64199,1,1,1.0,1
64200,0,0,0.0962801,1
64201,0,0,0.0083967,1
64202,1,1,1.0,1
64203,1,0,0.10790661,0
64204,1,1,1.0,1
64205,1,1,0.99591404,1
64206,0,1,0.6504117,0
64207,1,0,0.24184734,0
64208,1,1,0.56895477,1
64209,0,0,0.27933675,1
64210,0,1,0.9999168,0
64211,1,1,0.99999976,1
64212,1,1,0.4677268,1
64213,0,1,0.9981578,0
64214,0,0,0.027454607,1
64215,1,1,0.967225,1
64216,1,0,0.14688088,0
64217,1,1,1.0,1
64218,0,1,0.9999311,0
64219,0,0,0.026861202,1
64220,0,1,0.99803144,0
64221,0,0,0.11018359,1
64222,1,1,0.99999976,1
64223,1,1,0.99999964,1
64224,1,1,0.99983966,1
64225,1,1,0.8392076,1
64226,0,0,0.095940754,1
64227,1,1,0.88513595,1
64228,1,1,0.99998856,1
64229,0,1,0.94544977,0
64230,1,1,0.999723,1
64231,1,1,0.99963164,1
64232,1,1,1.0,1
64233,1,0,0.068288535,0
64234,1,1,0.9999994,1
64235,1,1,0.99935,1
64236,1,1,0.8665848,1
64237,1,0,0.16297863,0
64238,1,1,0.96267307,1
64239,0,0,0.23222308,1
64240,0,1,0.99951684,0
64241,1,0,0.14878777,0
64242,1,1,0.9999974,1
64243,1,1,1.0,1
64244,1,1,0.99021614,1
64245,0,0,0.33363885,1
64246,1,0,0.19208428,0
64247,0,1,0.9224824,0
64248,0,1,0.990329,0
64249,1,1,0.99999774,1
64250,0,0,0.07100922,1
64251,1,1,1.0,1
64252,0,1,0.40309682,0
64253,1,1,0.99999845,1
64254,1,1,0.9999478,1
64255,1,1,0.5718862,1
64256,1,1,0.99176437,1
64257,0,1,0.9998889,0
64258,0,0,0.0054692742,1
64259,0,0,0.32423538,1
64260,1,1,0.9999999,1
64261,1,0,0.051177494,0
64262,1,1,0.9999995,1
64263,1,1,1.0,1
64264,1,1,0.9928786,1
64265,0,1,0.60708094,0
64266,1,1,1.0,1
64267,1,1,0.79518133,1
64268,0,0,0.28886992,1
64269,1,1,0.76838577,1
64270,1,1,1.0,1
64271,1,1,1.0,1
64272,1,1,1.0,1
64273,0,1,0.65141034,0
64274,1,1,1.0,1
64275,0,0,0.11706649,1
64276,1,1,0.9114953,1
64277,1,1,0.99879104,1
64278,1,1,0.99999857,1
64279,1,1,1.0,1
64280,1,0,0.013402403,0
64281,1,1,0.7576599,1
64282,0,0,0.30409333,1
64283,1,1,0.41543233,1
64284,0,0,0.053601146,1
64285,1,1,0.8785229,1
64286,1,1,0.99998295,1
64287,1,1,0.9076402,1
64288,1,1,0.9994715,1
64289,0,0,0.3432867,1
64290,0,0,0.24086387,1
64291,1,0,0.043609526,0
64292,0,0,0.24789639,1
64293,1,1,1.0,1
64294,0,1,0.99861956,0
64295,0,1,0.99999547,0
64296,1,0,0.052230857,0
64297,0,0,0.22507577,1
64298,1,1,1.0,1
64299,1,1,0.99999964,1
64300,1,1,0.9997203,1
64301,0,1,0.9891606,0
64302,0,0,0.1603975,1
64303,1,1,0.99990356,1
64304,0,0,0.11240509,1
64305,1,1,0.99998295,1
64306,1,0,0.17938675,0
64307,1,1,0.99955136,1
64308,1,1,0.9994568,1
64309,1,1,0.9999994,1
64310,1,1,1.0,1
64311,1,1,0.99776125,1
64312,1,1,0.60474914,1
64313,1,1,0.44706798,1
64314,1,1,1.0,1
64315,0,0,0.22550188,1
64316,0,1,0.7224781,0
64317,0,0,0.15316877,1
64318,1,0,0.048676565,0
64319,1,1,0.9999994,1
64320,1,1,0.9994777,1
64321,1,1,0.99967945,1
64322,1,1,0.6142205,1
64323,0,0,0.07551658,1
64324,1,0,0.14499424,0
64325,1,0,0.07423137,0
64326,0,0,0.091220066,1
64327,0,1,0.9261035,0
64328,0,1,0.61607003,0
64329,0,1,0.977132,0
64330,0,1,0.41649994,0
64331,1,1,0.9999995,1
64332,1,1,0.94853723,1
64333,1,1,0.99978346,1
64334,0,0,0.100967236,1
64335,0,1,0.9999461,0
64336,1,0,0.029008126,0
64337,1,1,0.99999964,1
64338,0,1,1.0,0
64339,0,1,0.9756001,0
64340,1,1,0.9967013,1
64341,1,1,0.98947024,1
64342,0,1,0.99913234,0
64343,1,1,0.9993487,1
64344,1,1,1.0,1
64345,0,1,0.8456877,0
64346,1,1,0.91700584,1
64347,1,1,0.99984705,1
64348,1,1,0.92455155,1
64349,0,0,0.064594455,1
64350,1,1,0.94839406,1
64351,1,1,0.9995635,1
64352,1,0,0.03038675,0
64353,1,0,0.01678549,0
64354,0,1,0.5221413,0
64355,1,1,0.9999219,1
64356,1,1,0.99918324,1
64357,1,0,0.15266278,0
64358,1,1,0.9913726,1
64359,0,0,0.07316472,1
64360,1,1,0.9999863,1
64361,0,0,0.010818448,1
64362,1,1,0.9969126,1
64363,1,1,0.99999917,1
64364,1,1,0.9999888,1
64365,1,1,0.94966936,1
64366,1,0,0.2982358,0
64367,1,1,1.0,1
64368,0,0,0.21568096,1
64369,0,1,0.8580062,0
64370,1,1,0.35370722,1
64371,1,1,1.0,1
64372,1,1,1.0,1
64373,0,0,0.3201833,1
64374,1,0,0.13863662,0
64375,1,0,0.031055551,0
64376,1,1,0.81047887,1
64377,1,1,0.99953353,1
64378,0,1,0.97249323,0
64379,0,1,0.99108386,0
64380,0,1,0.9518184,0
64381,1,1,0.75192153,1
64382,1,1,0.8465777,1
64383,1,0,0.14823206,0
64384,0,1,0.54292387,0
64385,0,1,0.9656736,0
64386,0,1,0.8824279,0
64387,1,1,0.99998176,1
64388,1,1,0.9996953,1
64389,0,0,0.20987426,1
64390,1,1,1.0,1
64391,1,1,0.99999976,1
64392,1,1,0.9999969,1
64393,1,1,1.0,1
64394,0,0,0.29849136,1
64395,1,1,0.9999988,1
64396,1,1,0.7502784,1
64397,1,1,0.9997284,1
64398,1,1,0.99999416,1
64399,1,0,0.10141131,0
64400,1,1,0.88038635,1
64401,1,1,0.99999976,1
64402,1,1,0.9869292,1
64403,0,1,0.937669,0
64404,1,1,0.999998,1
64405,0,0,0.33703986,1
64406,0,1,0.9999225,0
64407,1,1,1.0,1
64408,1,1,0.9999927,1
64409,1,1,0.9999703,1
64410,0,1,0.8884688,0
64411,1,1,0.9975656,1
64412,0,1,0.9431384,0
64413,0,0,0.0362883,1
64414,0,0,0.11269772,1
64415,1,0,0.1897462,0
64416,1,1,0.9999939,1
64417,1,1,0.8840393,1
64418,0,1,0.99999416,0
64419,1,1,1.0,1
64420,0,0,0.021574067,1
64421,0,1,0.99999785,0
64422,1,1,0.9167081,1
64423,1,1,0.99787605,1
64424,1,1,0.86904925,1
64425,1,1,0.9953181,1
64426,0,0,0.23022676,1
64427,1,0,0.2703357,0
64428,0,1,0.9999908,0
64429,0,1,0.75913614,0
64430,1,1,0.50317377,1
64431,1,1,0.99997985,1
64432,1,1,0.9999691,1
64433,1,1,0.99984944,1
64434,0,0,0.039750516,1
64435,0,1,0.9629179,0
64436,1,1,0.9987331,1
64437,0,0,0.17589168,1
64438,0,0,0.03601607,1
64439,0,1,0.46906427,0
64440,1,1,0.98975134,1
64441,0,1,0.8806945,0
64442,0,0,0.024076486,1
64443,1,1,0.99341017,1
64444,1,1,1.0,1
64445,0,0,0.014227045,1
64446,0,0,0.12967801,1
64447,0,0,0.092196204,1
64448,1,1,0.9999875,1
64449,0,0,0.0064131636,1
64450,0,0,0.1470033,1
64451,1,1,0.8967045,1
64452,1,1,1.0,1
64453,1,1,1.0,1
64454,1,1,0.9999975,1
64455,1,1,0.99823856,1
64456,0,0,0.16599831,1
64457,1,1,1.0,1
64458,1,1,0.9961755,1
64459,0,1,0.52506447,0
64460,0,0,0.1490353,1
64461,0,0,0.25109637,1
64462,1,1,0.9999993,1
64463,1,0,0.07198163,0
64464,1,1,0.40503684,1
64465,0,1,0.99916553,0
64466,1,1,1.0,1
64467,1,0,0.0094490815,0
64468,1,1,0.9991186,1
64469,1,1,1.0,1
64470,0,0,0.16471791,1
64471,1,0,0.0073458264,0
64472,0,0,0.14360754,1
64473,1,1,1.0,1
64474,1,1,0.7061398,1
64475,1,1,0.93045825,1
64476,1,0,0.25109637,0
64477,0,0,0.045141645,1
64478,0,0,0.07356305,1
64479,1,0,0.18565173,0
64480,1,1,0.9999999,1
64481,1,0,0.16518871,0
64482,0,1,0.9807473,0
64483,1,1,0.54873395,1
64484,0,0,0.14823206,1
64485,0,0,0.06506812,1
64486,1,1,0.999985,1
64487,1,1,1.0,1
64488,0,0,0.108471945,1
64489,1,0,0.17342815,0
64490,0,1,0.9965166,0
64491,0,0,0.18787654,1
64492,1,0,0.3292839,0
64493,0,0,0.114072114,1
64494,0,1,0.45320135,0
64495,1,1,0.9999901,1
64496,0,0,0.10557885,1
64497,0,1,0.6296038,0
64498,0,1,0.5293242,0
64499,0,1,0.78637683,0
64500,0,0,0.2629364,1
64501,0,0,0.04590542,1
64502,1,1,1.0,1
64503,1,1,0.9999962,1
64504,1,0,0.043568812,0
64505,1,1,0.9807842,1
64506,1,1,0.98439646,1
64507,1,1,0.4799912,1
64508,1,0,0.09276993,0
64509,1,1,0.9999938,1
64510,0,1,0.38690823,0
64511,1,1,0.9999869,1
64512,0,0,0.19829696,1
64513,0,0,0.028114056,1
64514,1,1,0.9892441,1
64515,1,0,0.058185086,0
64516,1,1,1.0,1
64517,0,1,0.61410475,0
64518,1,0,0.31405056,0
64519,1,1,1.0,1
64520,1,0,0.22918998,0
64521,1,1,0.99994695,1
64522,0,1,0.99999523,0
64523,1,1,0.9706599,1
64524,0,1,0.70846474,0
64525,1,1,1.0,1
64526,0,1,0.7711549,0
64527,1,1,0.99772614,1
64528,0,1,0.40110123,0
64529,0,1,0.6509667,0
64530,1,1,1.0,1
64531,1,1,0.41516557,1
64532,1,1,0.99453074,1
64533,0,1,0.99972516,0
64534,1,1,0.9982759,1
64535,0,1,0.8507168,0
64536,0,0,0.05717659,1
64537,0,0,0.014700298,1
64538,0,0,0.3320396,1
64539,1,1,0.9932811,1
64540,0,0,0.04836099,1
64541,0,1,0.9416005,0
64542,0,1,0.6353921,0
64543,0,1,0.9906238,0
64544,1,1,1.0,1
64545,1,1,0.7190385,1
64546,1,1,1.0,1
64547,0,0,0.06524657,1
64548,1,1,0.9999995,1
64549,0,0,0.10729708,1
64550,1,1,0.9798805,1
64551,1,1,0.99066,1
64552,1,1,0.974893,1
64553,1,1,0.9999993,1
64554,0,1,0.7254056,0
64555,0,0,0.09409338,1
64556,1,0,0.21791947,0
64557,1,1,0.99756086,1
64558,1,1,0.36375988,1
64559,1,1,0.76215863,1
64560,0,0,0.04590542,1
64561,0,0,0.33807713,1
64562,0,0,0.05340333,1
64563,0,0,0.056288198,1
64564,1,0,0.067485206,0
64565,0,0,0.11716748,1
64566,0,0,0.077030234,1
64567,1,1,0.40048558,1
64568,1,1,0.9932811,1
64569,1,1,0.98041254,1
64570,1,0,0.24355245,0
64571,1,0,0.27654397,0
64572,0,1,0.99999976,0
64573,1,0,0.008644178,0
64574,1,0,0.32627144,0
64575,1,1,0.9960699,1
64576,0,1,1.0,0
64577,0,1,0.9955662,0
64578,0,0,0.14669742,1
64579,1,1,0.9999995,1
64580,1,1,0.9620719,1
64581,0,0,0.04073109,1
64582,1,1,1.0,1
64583,0,1,0.42318982,0
64584,1,0,0.03374837,0
64585,0,1,0.6978664,0
64586,1,0,0.0882686,0
64587,0,0,0.08858347,1
64588,1,1,0.96329963,1
64589,1,1,0.9999981,1
64590,1,1,0.9026096,1
64591,0,0,0.08277145,1
64592,1,1,0.99953175,1
64593,0,0,0.07696085,1
64594,1,1,0.9999678,1
64595,0,0,0.16013464,1
64596,1,0,0.20665379,0
64597,1,0,0.107437484,0
64598,1,1,0.9998932,1
64599,1,1,0.8596637,1
64600,1,1,1.0,1
64601,1,1,0.9992563,1
64602,0,0,0.11476479,1
64603,1,1,0.99999833,1
64604,1,1,0.99789655,1
64605,1,1,0.9997342,1
64606,0,0,0.064771704,1
64607,1,1,0.99914074,1
64608,1,1,0.9936487,1
64609,1,1,0.99999607,1
64610,1,1,0.57439476,1
64611,0,0,0.26208568,1
64612,0,1,0.9261035,0
64613,0,0,0.044142097,1
64614,1,1,1.0,1
64615,1,1,0.999998,1
64616,1,1,0.9614253,1
64617,0,1,0.8539127,0
64618,0,1,0.97889495,0
64619,1,0,0.006944127,0
64620,1,1,1.0,1
64621,1,1,0.99999833,1
64622,0,0,0.078148484,1
64623,0,1,0.767167,0
64624,1,1,0.99999523,1
64625,1,1,1.0,1
64626,0,1,0.5911333,0
64627,1,0,0.04845096,0
64628,0,0,0.22901753,1
64629,0,1,0.9971661,0
64630,1,1,1.0,1
64631,1,1,0.87450653,1
64632,1,1,1.0,1
64633,0,0,0.0882686,1
64634,0,1,0.40942743,0
64635,1,1,1.0,1
64636,1,1,0.58516043,1
64637,1,0,0.04115289,0
64638,1,1,0.9890765,1
64639,1,0,0.23651622,0
64640,1,1,0.99261135,1
64641,1,1,0.9999999,1
64642,1,1,1.0,1
64643,1,1,0.44137198,1
64644,1,1,0.99978095,1
64645,1,1,0.515315,1
64646,1,1,0.99990904,1
64647,1,1,1.0,1
64648,0,0,0.25767168,1
64649,1,1,0.9992417,1
64650,0,1,0.98527133,0
64651,1,1,0.64651597,1
64652,1,1,0.9654789,1
64653,1,1,0.9999994,1
64654,1,1,1.0,1
64655,1,0,0.028409066,0
64656,1,1,0.9920773,1
64657,1,1,1.0,1
64658,0,1,0.9999989,0
64659,0,0,0.026430635,1
64660,0,0,0.16404721,1
64661,1,1,0.9966949,1
64662,1,1,0.8238959,1
64663,0,1,0.90252376,0
64664,0,0,0.14529718,1
64665,1,1,0.5754688,1
64666,1,1,1.0,1
64667,0,0,0.06638737,1
64668,0,0,0.29047742,1
64669,1,1,0.9933201,1
64670,0,0,0.28358296,1
64671,0,1,0.43524128,0
64672,0,0,0.06170614,1
64673,1,1,0.9285385,1
64674,0,0,0.21354114,1
64675,0,0,0.041539967,1
64676,1,1,0.7871142,1
64677,1,0,0.034229323,0
64678,1,0,0.09170697,0
64679,1,0,0.29103124,0
64680,0,1,0.70997524,0
64681,0,0,0.27958256,1
64682,1,1,1.0,1
64683,1,1,0.8305254,1
64684,1,1,0.9836912,1
64685,0,0,0.06388999,1
64686,1,1,0.974018,1
64687,1,1,0.99967945,1
64688,0,1,0.39344326,0
64689,1,1,0.9999845,1
64690,0,0,0.2698063,1
64691,0,1,0.99956185,0
64692,1,1,1.0,1
64693,1,1,0.9999825,1
64694,0,1,0.48480693,0
64695,1,1,0.5495198,1
64696,1,1,0.515315,1
64697,1,1,0.9999933,1
64698,0,0,0.06500874,1
64699,0,0,0.123947665,1
64700,0,0,0.13649327,1
64701,1,1,0.9994715,1
64702,0,1,0.9907141,0
64703,0,0,0.0068637813,1
64704,0,0,0.320077,1
64705,0,1,0.37296188,0
64706,1,1,0.68357795,1
64707,0,0,0.1407491,1
64708,0,0,0.2926964,1
64709,1,1,0.9786107,1
64710,1,1,0.99036634,1
64711,0,0,0.13426429,1
64712,0,0,0.09113915,1
64713,1,1,0.99999475,1
64714,1,1,1.0,1
64715,0,1,0.6387789,0
64716,0,1,0.88363826,0
64717,1,1,0.9953815,1
64718,0,0,0.0728343,1
64719,0,1,0.9710193,0
64720,0,0,0.19163007,1
64721,1,0,0.337149,0
64722,1,0,0.050283972,0
64723,0,0,0.07800791,1
64724,0,0,0.09384396,1
64725,0,1,0.99993217,0
64726,1,1,0.99216896,1
64727,1,1,0.99999976,1
64728,0,0,0.05500529,1
64729,0,1,0.8097278,0
64730,1,1,0.999866,1
64731,0,1,0.43623173,0
64732,0,0,0.33399183,1
64733,1,1,1.0,1
64734,0,0,0.051319942,1
64735,1,1,0.99883276,1
64736,0,0,0.25879404,1
64737,1,1,0.99085677,1
64738,1,1,1.0,1
64739,0,1,0.99999654,0
64740,0,0,0.33101162,1
64741,1,1,1.0,1
64742,1,1,1.0,1
64743,1,1,0.9999894,1
64744,1,1,0.818011,1
64745,1,1,0.99600047,1
64746,1,1,0.9998267,1
64747,0,1,0.99329424,0
64748,0,0,0.33426338,1
64749,1,1,0.4027444,1
64750,1,1,0.9971551,1
64751,0,1,0.9962346,0
64752,1,1,0.9951984,1
64753,0,0,0.018978037,1
64754,1,1,0.9393595,1
64755,0,0,0.019851703,1
64756,1,1,0.9999957,1
64757,0,0,0.07107367,1
64758,0,0,0.1949802,1
64759,0,0,0.2875177,1
64760,1,1,0.99999905,1
64761,1,0,0.15234725,0
64762,0,0,0.27503234,1
64763,0,0,0.04881241,1
64764,1,1,0.9999993,1
64765,1,1,0.9964342,1
64766,0,1,0.9996252,0
64767,1,1,0.99991655,1
64768,0,1,0.73335636,0
64769,0,1,0.99995697,0
64770,1,0,0.30923226,0
64771,1,1,0.99820733,1
64772,0,1,0.59796005,0
64773,1,0,0.11114469,0
64774,0,0,0.008348053,1
64775,1,1,0.99999774,1
64776,1,1,0.9402983,1
64777,1,1,1.0,1
64778,1,0,0.15495054,0
64779,0,1,0.6196439,0
64780,0,0,0.018457891,1
64781,1,1,1.0,1
64782,0,1,0.9999999,0
64783,1,0,0.3268083,0
64784,1,1,0.99867237,1
64785,0,0,0.0077705807,1
64786,0,1,0.9458012,0
64787,1,0,0.10365786,0
64788,1,1,0.9999728,1
64789,0,0,0.04676847,1
64790,0,0,0.03293013,1
64791,0,0,0.25935638,1
64792,1,0,0.14792407,0
64793,1,0,0.21141684,0
64794,0,1,0.8446654,0
64795,0,1,1.0,0
64796,1,1,1.0,1
64797,0,1,0.9003547,0
64798,1,1,0.531027,1
64799,0,1,0.9413314,0
64800,0,0,0.18068421,1
64801,1,1,0.99686414,1
64802,0,1,0.73829186,0
64803,1,1,1.0,1
64804,1,1,0.95715785,1
64805,0,0,0.027246773,1
64806,1,1,0.9999652,1
64807,0,0,0.03132112,1
64808,1,1,0.8664719,1
64809,0,0,0.008762129,1
64810,1,1,1.0,1
64811,1,1,0.9999542,1
64812,1,0,0.2724115,0
64813,0,1,0.99995124,0
64814,1,1,0.90303797,1
64815,0,0,0.040692955,1
64816,0,1,0.43260264,0
64817,0,1,0.999866,0
64818,1,1,1.0,1
64819,0,0,0.0882686,1
64820,0,0,0.024007749,1
64821,0,1,0.96458924,0
64822,1,1,0.9843062,1
64823,1,1,0.35532737,1
64824,0,1,0.9975032,0
64825,0,0,0.3320396,1
64826,1,1,0.9996959,1
64827,0,0,0.2902762,1
64828,1,1,0.9999995,1
64829,0,0,0.05165378,1
64830,0,0,0.0830685,1
64831,0,1,0.69693893,0
64832,0,1,0.65869194,0
64833,1,1,0.7719295,1
64834,1,1,1.0,1
64835,1,1,0.9999975,1
64836,1,1,0.9712657,1
64837,0,1,0.8080672,0
64838,1,1,1.0,1
64839,0,0,0.091382094,1
64840,1,1,1.0,1
64841,0,1,0.9999155,0
64842,1,1,0.99971086,1
64843,0,1,0.9999999,0
64844,1,1,0.99999964,1
64845,1,0,0.08555635,0
64846,1,1,0.9999926,1
64847,1,1,0.53740555,1
64848,1,1,0.6846331,1
64849,0,1,0.53315437,0
64850,0,1,0.72628,0
64851,1,1,0.6853707,1
64852,1,1,0.98871195,1
64853,0,0,0.046335038,1
64854,0,1,0.87705624,0
64855,1,1,0.9999994,1
64856,0,0,0.20593424,1
64857,1,1,0.9999993,1
64858,1,1,0.67313796,1
64859,1,0,0.07850098,0
64860,0,1,0.99998164,0
64861,0,0,0.11992252,1
64862,0,1,0.9995995,0
64863,0,1,0.99901307,0
64864,1,1,0.6180315,1
64865,1,0,0.002491968,0
64866,1,1,0.99997926,1
64867,1,1,1.0,1
64868,1,1,0.9999918,1
64869,1,1,0.99854493,1
64870,1,1,0.8267118,1
64871,0,0,0.05649606,1
64872,1,1,0.9999999,1
64873,0,0,0.12929276,1
64874,0,1,0.9999771,0
64875,1,1,0.999652,1
64876,0,0,0.19223589,1
64877,1,1,0.84286314,1
64878,0,1,0.97610646,0
64879,1,1,0.617282,1
64880,0,1,0.9865458,0
64881,1,0,0.10338597,0
64882,0,0,0.010248602,1
64883,1,1,1.0,1
64884,1,1,0.70247906,1
64885,1,1,0.35108855,1
64886,1,1,0.99999523,1
64887,1,1,0.80170304,1
64888,1,1,0.450722,1
64889,1,0,0.07864238,0
64890,1,1,0.9999027,1
64891,1,0,0.06773144,0
64892,1,0,0.037644,0
64893,0,0,0.15152933,1
64894,0,0,0.086400524,1
64895,1,1,0.99999154,1
64896,1,1,1.0,1
64897,1,1,0.9999385,1
64898,1,1,1.0,1
64899,1,1,0.9999764,1
64900,1,0,0.069921836,0
64901,0,1,0.6414785,0
64902,0,1,0.8843393,0
64903,1,0,0.21717146,0
64904,1,1,0.4548656,1
64905,0,0,0.09790669,1
64906,1,0,0.25506523,0
64907,0,0,0.040769264,1
64908,1,1,0.91086304,1
64909,0,1,0.41303316,0
64910,1,1,0.9999999,1
64911,0,0,0.077308424,1
64912,1,1,1.0,1
64913,1,0,2.5612826e-06,0
64914,0,0,0.01461567,1
64915,0,0,0.086323485,1
64916,0,0,0.08670936,1
64917,1,1,0.99988043,1
64918,1,1,0.9999999,1
64919,0,1,0.99865675,0
64920,0,0,0.25860673,1
64921,1,0,0.05470151,0
64922,1,1,0.9846199,1
64923,0,0,0.18557791,1
64924,1,1,0.9999502,1
64925,1,1,0.37381867,1
64926,1,1,0.99386686,1
64927,0,0,0.0035174885,1
64928,1,1,0.9999999,1
64929,1,0,0.0043823365,0
64930,1,1,0.5674573,1
64931,1,0,0.25795195,0
64932,0,1,0.3654567,0
64933,1,0,0.08803311,0
64934,1,1,0.5462541,1
64935,1,1,0.99999976,1
64936,0,1,0.88263035,0
64937,1,1,0.9999993,1
64938,0,0,0.08464396,1
64939,0,0,0.12995382,1
64940,0,0,0.019813737,1
64941,1,1,0.9999846,1
64942,0,0,0.090253234,1
64943,1,1,0.9980392,1
64944,1,0,0.19868535,0
64945,0,0,0.0008183336,1
64946,1,1,0.99997985,1
64947,1,0,0.13302054,0
64948,0,0,0.09955772,1
64949,1,0,0.31231758,0
64950,1,1,0.9999902,1
64951,1,0,0.025589554,0
64952,1,1,0.36356217,1
64953,1,1,0.99993074,1
64954,0,1,0.9953904,0
64955,0,0,0.27328336,1
64956,1,1,0.98444134,1
64957,1,1,0.99995315,1
64958,0,0,0.016403032,1
64959,1,1,0.99997234,1
64960,0,0,0.024214549,1
64961,1,1,1.0,1
64962,0,1,0.9908213,0
64963,1,1,1.0,1
64964,1,1,0.9996953,1
64965,1,0,0.10539455,0
64966,1,1,0.97986126,1
64967,1,1,1.0,1
64968,0,0,0.009285965,1
64969,1,1,0.85931,1
64970,0,0,0.0034496887,1
64971,1,1,0.9999994,1
64972,1,1,0.35560703,1
64973,1,1,1.0,1
64974,1,1,0.99624926,1
64975,0,0,0.2872177,1
64976,0,0,0.12825193,1
64977,0,0,0.13375428,1
64978,0,1,0.49353063,0
64979,0,0,0.0946777,1
64980,1,1,0.99448806,1
64981,0,0,0.1305623,1
64982,0,1,0.37616467,0
64983,1,1,0.99664956,1
64984,1,0,0.20142023,0
64985,1,1,0.9916842,1
64986,1,0,0.072243005,0
64987,1,1,1.0,1
64988,1,1,0.7852262,1
64989,0,0,0.03775027,1
64990,0,0,0.11526177,1
64991,0,1,0.409634,0
64992,0,0,0.02041031,1
64993,1,1,0.6256097,1
64994,0,1,0.8923751,0
64995,1,1,0.9999974,1
64996,0,1,0.99978846,0
64997,1,1,0.9999994,1
64998,1,1,0.9999995,1
64999,1,1,1.0,1
65000,0,1,0.998884,0
65001,1,1,0.93385434,1
65002,1,0,0.04418332,0
65003,0,0,0.23775287,1
65004,1,1,0.9809856,1
65005,1,1,0.99712163,1
65006,1,1,0.9969426,1
65007,1,1,0.9938548,1
65008,0,1,0.99588215,0
65009,0,1,0.9988121,0
65010,0,1,0.9999379,0
65011,0,1,0.97678024,0
65012,1,1,0.98780584,1
65013,1,1,0.99999845,1
65014,1,1,1.0,1
65015,0,0,0.16026603,1
65016,1,1,0.9999999,1
65017,1,0,0.06394842,0
65018,0,1,0.70755625,0
65019,0,1,0.50009155,0
65020,1,1,0.98752034,1
65021,0,0,0.0212264,1
65022,0,1,0.9997378,0
65023,1,1,0.94261247,1
65024,1,1,0.97925514,1
65025,0,0,0.043895524,1
65026,1,1,0.99790895,1
65027,0,1,0.9998233,0
65028,0,0,0.21642528,1
65029,1,1,1.0,1
65030,1,1,0.9999987,1
65031,0,0,0.042522945,1
65032,1,1,0.9380106,1
65033,1,1,1.0,1
65034,0,0,0.083890386,1
65035,1,1,0.99773055,1
65036,1,0,0.28572062,0
65037,1,1,0.99999976,1
65038,0,0,0.009708477,1
65039,0,0,0.30652702,1
65040,1,1,0.99988365,1
65041,0,0,0.06159316,1
65042,1,0,0.017045315,0
65043,0,1,0.36296922,0
65044,1,1,0.9056566,1
65045,1,1,0.90217954,1
65046,0,0,0.3081382,1
65047,1,0,0.27250826,0
65048,0,0,0.07198163,1
65049,0,1,0.71760595,0
65050,0,1,0.5202526,0
65051,0,0,0.14651415,1
65052,1,1,1.0,1
65053,0,0,0.079638734,1
65054,0,0,0.002296159,1
65055,1,0,0.10194652,0
65056,0,1,0.5210447,0
65057,1,1,0.9987625,1
65058,1,1,0.97223073,1
65059,1,0,0.06348236,0
65060,1,1,0.96771675,1
65061,1,1,0.99855345,1
65062,1,1,0.99999595,1
65063,1,1,0.9999999,1
65064,0,0,0.087252244,1
65065,1,1,0.84376645,1
65066,1,1,0.607896,1
65067,0,1,0.47554442,0
65068,1,1,0.9999869,1
65069,0,1,0.9867517,0
65070,1,0,0.00028351304,0
65071,0,1,0.3797809,0
65072,0,0,0.16238002,1
65073,0,0,0.28046855,1
65074,1,1,0.9999721,1
65075,0,0,0.008728267,1
65076,0,0,0.22371607,1
65077,0,1,0.9999999,0
65078,0,1,0.36026394,0
65079,1,1,0.56661814,1
65080,0,0,0.02763772,1
65081,1,1,1.0,1
65082,0,1,0.52561235,0
65083,1,1,1.0,1
65084,1,0,0.25959095,0
65085,0,1,0.7318738,0
65086,0,0,0.049222115,1
65087,0,1,0.973519,0
65088,1,1,0.9969426,1
65089,1,1,0.7866228,1
65090,1,1,0.99999917,1
65091,1,0,0.00189692,0
65092,1,1,0.44043916,1
65093,0,0,0.023397617,1
65094,0,0,0.32799113,1
65095,0,0,0.035144847,1
65096,0,1,0.8115267,0
65097,1,1,1.0,1
65098,1,1,1.0,1
65099,0,0,0.054148693,1
65100,1,1,1.0,1
65101,0,1,0.49615484,0
65102,1,1,0.99999905,1
65103,0,1,0.379091,0
65104,1,1,0.9843062,1
65105,0,0,0.00648827,1
65106,0,1,0.48709393,0
65107,1,1,1.0,1
65108,1,1,0.97923523,1
65109,1,1,0.99999213,1
65110,1,1,1.0,1
65111,1,1,0.78141403,1
65112,1,1,0.997065,1
65113,1,1,0.99995375,1
65114,0,0,0.28155375,1
65115,1,1,0.99999976,1
65116,0,0,0.15616924,1
65117,1,1,0.99999845,1
65118,0,1,0.9458513,0
65119,0,1,0.9996451,0
65120,0,1,0.49066272,0
65121,1,1,0.882022,1
65122,1,1,0.99987316,1
65123,1,0,0.29158568,0
65124,1,1,0.9995802,1
65125,1,0,0.21717146,0
65126,0,1,0.99529076,0
65127,0,0,0.25767168,1
65128,0,0,0.17795369,1
65129,1,0,0.08834723,0
65130,1,1,1.0,1
65131,0,0,0.03102618,1
65132,1,1,1.0,1
65133,0,0,0.28972325,1
65134,1,1,1.0,1
65135,0,1,0.40777552,0
65136,1,1,0.79549927,1
65137,0,1,0.8198933,0
65138,0,1,0.99986446,0
65139,1,1,0.71696234,1
65140,0,1,0.9722835,0
65141,0,1,0.38687927,0
65142,1,0,0.11047115,0
65143,1,1,0.65770334,1
65144,0,0,0.25192368,1
65145,1,0,0.32466352,0
65146,0,1,0.40412524,0
65147,1,1,1.0,1
65148,1,1,0.9999703,1
65149,1,1,1.0,1
65150,1,1,0.99957854,1
65151,1,1,0.9999362,1
65152,1,0,0.0054799085,0
65153,0,1,0.9904591,0
65154,1,1,0.99987614,1
65155,0,0,0.30218512,1
65156,1,1,1.0,1
65157,0,0,0.15027805,1
65158,0,0,0.09947022,1
65159,1,0,0.09501305,0
65160,1,1,1.0,1
65161,1,1,1.0,1
65162,0,1,0.9990415,0
65163,0,1,0.9999982,0
65164,1,1,0.9999535,1
65165,0,1,0.58936185,0
65166,1,1,0.7352141,1
65167,1,1,0.99999475,1
65168,1,1,0.98387814,1
65169,1,1,1.0,1
65170,0,1,0.96841115,0
65171,1,0,0.09342957,0
65172,1,1,0.9461506,1
65173,0,1,0.92944044,0
65174,1,0,0.19783162,0
65175,1,1,0.6525183,1
65176,0,0,0.3192275,1
65177,1,1,0.98607117,1
65178,1,1,1.0,1
65179,1,1,1.0,1
65180,0,1,0.97752154,0
65181,0,1,0.5832034,0
65182,1,1,0.99989235,1
65183,1,1,0.92379886,1
65184,1,1,0.78282857,1
65185,0,0,0.023241922,1
65186,1,1,1.0,1
65187,1,0,0.036322463,0
65188,1,0,0.05345272,0
65189,0,1,0.72812045,0
65190,1,0,0.019069158,0
65191,1,1,1.0,1
65192,1,1,0.94417685,1
65193,1,1,0.42638132,1
65194,0,1,0.6462928,0
65195,1,1,0.8071568,1
65196,0,0,0.038285997,1
65197,1,1,0.99508506,1
65198,0,1,0.8275496,0
65199,1,1,0.9999988,1
65200,0,0,0.2339688,1
65201,1,1,0.40488976,1
65202,0,0,0.14493375,1
65203,1,0,0.3156305,0
65204,1,1,1.0,1
65205,1,0,0.04169577,0
65206,0,1,0.5381945,0
65207,1,1,0.99793327,1
65208,1,1,0.7421415,1
65209,1,1,0.99964786,1
65210,1,1,1.0,1
65211,1,1,0.9999845,1
65212,0,1,0.41762772,0
65213,0,1,0.40077868,0
65214,0,0,0.071332,1
65215,0,1,0.5538673,0
65216,0,1,0.9997125,0
65217,0,0,0.1067837,1
65218,1,1,0.9999294,1
65219,1,1,1.0,1
65220,0,0,0.03007184,1
65221,1,1,0.9999968,1
65222,1,0,0.07094482,0
65223,0,0,0.18952107,1
65224,1,0,0.10087861,0
65225,1,1,0.9985923,1
65226,1,1,0.8358858,1
65227,0,1,0.635279,0
65228,1,0,0.027376488,0
65229,0,0,0.037326884,1
65230,0,0,0.03704717,1
65231,0,0,0.008779109,1
65232,1,1,0.9405718,1
65233,0,1,0.92683524,0
65234,1,1,1.0,1
65235,0,1,0.7394224,0
65236,1,1,0.9753666,1
65237,1,0,0.099776804,0
65238,0,1,0.98546845,0
65239,0,0,0.014447853,1
65240,1,1,0.999949,1
65241,1,1,0.95150405,1
65242,1,1,1.0,1
65243,1,0,0.2683658,0
65244,1,0,0.079853736,0
65245,0,1,0.9970536,0
65246,1,1,0.7221843,1
65247,0,1,0.5545308,0
65248,1,1,0.9999999,1
65249,0,1,0.5994265,0
65250,1,1,0.997783,1
65251,1,1,1.0,1
65252,1,1,0.36517367,1
65253,1,1,0.99892044,1
65254,1,1,1.0,1
65255,1,1,0.9978677,1
65256,0,0,0.0125279315,1
65257,0,0,0.020586777,1
65258,1,1,0.99393785,1
65259,0,1,0.9911355,0
65260,1,0,0.24409263,0
65261,1,1,0.9999999,1
65262,0,1,0.99999857,0
65263,0,1,0.58284724,0
65264,0,1,0.99999905,0
65265,0,1,0.88038635,0
65266,1,1,0.99876,1
65267,0,1,0.7339766,0
65268,0,1,0.58165956,0
65269,1,1,0.8597815,1
65270,1,1,0.99976856,1
65271,1,1,0.9665687,1
65272,1,1,0.7833262,1
65273,1,1,0.946051,1
65274,0,1,0.4337416,0
65275,0,0,0.19467384,1
65276,1,1,0.99980897,1
65277,1,1,0.99999976,1
65278,0,0,0.121320926,1
65279,0,0,0.2695178,1
65280,1,1,0.542318,1
65281,1,1,0.99996495,1
65282,0,1,0.38205498,0
65283,1,0,0.10266401,0
65284,0,1,0.9916842,0
65285,0,0,0.013428254,1
65286,0,0,0.0040860027,1
65287,1,0,0.19628645,0
65288,1,1,0.9846051,1
65289,1,1,0.99877924,1
65290,0,1,0.94934165,0
65291,1,1,0.99997747,1
65292,1,1,0.7320175,1
65293,0,0,0.06058495,1
65294,0,0,0.11767348,1
65295,0,0,0.30239108,1
65296,0,1,0.9972531,0
65297,1,1,0.96653706,1
65298,0,0,0.22126654,1
65299,0,0,0.035611417,1
65300,1,0,0.009559399,0
65301,0,1,0.45874268,0
65302,1,1,0.999992,1
65303,0,1,0.9861247,0
65304,1,1,0.99996877,1
65305,0,1,0.53758764,0
65306,0,0,0.02678473,1
65307,0,0,0.09285216,1
65308,0,1,0.85158294,0
65309,0,1,0.6716321,0
65310,0,0,0.32311305,1
65311,1,1,1.0,1
65312,1,1,0.9999057,1
65313,1,1,1.0,1
65314,1,1,0.99992454,1
65315,1,1,0.9974342,1
65316,1,1,0.9967013,1
65317,0,1,0.8929365,0
65318,0,0,0.13828714,1
65319,0,0,0.34021112,1
65320,0,0,0.1187934,1
65321,0,1,0.9905691,0
65322,1,0,0.20228556,0
65323,1,0,0.23239724,0
65324,1,1,0.81420064,1
65325,0,0,0.09001297,1
65326,0,1,0.9353465,0
65327,1,1,0.82768893,1
65328,1,0,0.06365676,0
65329,0,0,0.02308724,1
65330,1,1,0.9927812,1
65331,1,0,0.022802634,0
65332,1,1,0.99999595,1
65333,1,1,0.8042522,1
65334,1,1,1.0,1
65335,0,1,0.9970131,0
65336,0,1,0.9684709,0
65337,0,0,0.20809844,1
65338,1,1,1.0,1
65339,1,1,1.0,1
65340,1,0,0.29052773,0
65341,1,1,1.0,1
65342,1,0,0.06506812,0
65343,0,1,0.82275945,0
65344,1,1,0.8533026,1
65345,1,1,0.9999087,1
65346,1,1,1.0,1
65347,0,0,0.09687654,1
65348,1,1,0.9999405,1
65349,0,1,0.40662634,0
65350,1,1,1.0,1
65351,1,1,0.9999398,1
65352,1,0,0.0551069,0
65353,1,1,0.50369257,1
65354,1,1,0.994729,1
65355,1,1,0.9996424,1
65356,0,1,0.9996026,0
65357,0,0,0.06596493,1
65358,0,1,0.4528081,0
65359,0,1,0.754101,0
65360,1,0,0.033117235,0
65361,1,1,0.9872773,1
65362,0,0,0.29695997,1
65363,1,0,0.26355198,0
65364,1,1,0.99268264,1
65365,1,1,0.9770445,1
65366,0,1,0.45453268,0
65367,0,0,0.012100385,1
65368,1,0,0.10402136,0
65369,1,1,0.99004436,1
65370,0,0,0.01243165,1
65371,1,1,0.9982522,1
65372,0,0,0.10818896,1
65373,0,0,0.009430817,1
65374,1,1,1.0,1
65375,0,1,0.9747011,0
65376,1,1,0.40201056,1
65377,0,1,0.9999889,0
65378,0,0,0.26340985,1
65379,1,1,0.9998523,1
65380,0,0,0.18198897,1
65381,1,1,0.9999573,1
65382,0,0,0.02578508,1
65383,1,0,0.2962469,0
65384,0,0,0.19117662,1
65385,0,0,0.036700353,1
65386,1,1,0.998487,1
65387,0,0,0.11656275,1
65388,0,0,0.07113817,1
65389,0,1,0.9684709,0
65390,1,1,1.0,1
65391,1,1,0.4985352,1
65392,1,1,0.9999975,1
65393,1,1,1.0,1
65394,1,1,0.9999995,1
65395,0,0,0.2724115,1
65396,0,1,0.90665317,0
65397,1,1,0.9999844,1
65398,1,0,0.054148693,0
65399,0,1,0.8410439,0
65400,1,0,0.23083305,0
65401,1,1,0.9113377,1
65402,1,1,0.94757545,1
65403,0,0,0.0808641,1
65404,1,0,0.18082884,0
65405,0,1,1.0,0
65406,1,1,0.4871244,1
65407,0,0,0.2955348,1
65408,1,0,0.051749542,0
65409,1,1,0.9050709,1
65410,1,1,0.98971164,1
65411,1,1,0.99605453,1
65412,1,1,0.87935406,1
65413,1,0,0.11621123,0
65414,1,1,1.0,1
65415,0,1,0.7352141,0
65416,1,1,1.0,1
65417,0,1,0.74284166,0
65418,1,1,0.9999448,1
65419,0,1,0.9114953,0
65420,0,0,0.06766981,1
65421,0,0,0.11431907,1
65422,1,1,1.0,1
65423,1,1,0.9999999,1
65424,0,0,0.24328268,1
65425,0,1,0.43137455,0
65426,0,1,0.9519973,0
65427,0,1,0.9956176,0
65428,1,1,0.42509797,1
65429,1,1,0.99847525,1
65430,1,0,0.20995522,0
65431,1,1,0.9999999,1
65432,1,1,0.99442345,1
65433,1,1,0.9941004,1
65434,0,0,0.042285025,1
65435,1,0,0.05315703,0
65436,0,1,0.9978002,0
65437,1,1,1.0,1
65438,1,1,0.4369824,1
65439,0,1,0.6657909,0
65440,1,1,0.9405172,1
65441,1,1,0.53995365,1
65442,0,1,0.99999416,0
65443,1,1,0.99999297,1
65444,0,0,0.024030639,1
65445,1,1,0.99969935,1
65446,1,1,0.99998593,1
65447,1,1,0.99990463,1
65448,0,0,0.1732882,1
65449,1,1,1.0,1
65450,1,1,0.7441919,1
65451,1,1,0.99999774,1
65452,1,1,1.0,1
65453,1,1,0.9996935,1
65454,0,1,0.78980166,0
65455,0,1,0.89010334,0
65456,0,1,0.44543907,0
65457,1,0,0.06524657,0
65458,0,0,0.055515114,1
65459,0,1,0.82544905,0
65460,0,0,0.10338597,1
65461,0,0,0.12522575,1
65462,0,0,0.12002561,1
65463,1,1,0.98138225,1
65464,0,0,0.106411695,1
65465,1,1,0.99999976,1
65466,1,1,0.99196917,1
65467,1,1,0.9999943,1
65468,1,1,0.99993026,1
65469,0,1,0.5228113,0
65470,0,0,0.025468081,1
65471,1,1,1.0,1
65472,1,0,0.32691577,0
65473,0,1,0.47664055,0
65474,0,1,0.997065,0
65475,1,1,0.99999964,1
65476,0,0,0.31668618,1
65477,1,1,0.8916225,1
65478,1,1,0.99984944,1
65479,1,1,0.7759446,1
65480,1,1,0.999539,1
65481,1,1,0.5034179,1
65482,1,1,1.0,1
65483,1,1,0.99998534,1
65484,1,1,0.9986646,1
65485,1,1,1.0,1
65486,0,0,0.034618836,1
65487,0,0,0.17085357,1
65488,1,1,0.9999918,1
65489,1,1,0.5846862,1
65490,0,0,0.044847906,1
65491,1,1,0.94644845,1
65492,1,1,0.9999999,1
65493,0,0,0.14104463,1
65494,1,0,0.091625646,0
65495,1,0,0.18097351,0
65496,0,0,0.016529558,1
65497,1,1,1.0,1
65498,0,1,0.9999683,0
65499,1,0,0.13939638,0
65500,1,1,0.9999069,1
65501,0,0,0.23292027,1
65502,0,0,0.17838266,1
65503,1,1,0.9963924,1
65504,1,1,0.63414687,1
65505,1,1,0.99984825,1
65506,1,1,0.8240375,1
65507,1,0,0.031202815,0
65508,1,1,0.83642095,1
65509,0,0,0.34936625,1
65510,1,0,0.10762492,0
65511,1,1,1.0,1
65512,0,0,0.02970375,1
65513,1,1,0.9992175,1
65514,0,1,0.9985506,0
65515,1,1,0.69259,1
65516,0,1,0.8984105,0
65517,1,1,1.0,1
65518,0,0,0.05649606,1
65519,1,1,0.99892455,1
65520,1,1,0.99999964,1
65521,1,1,0.936285,1
65522,1,1,0.99999416,1
65523,1,1,0.99633574,1
65524,0,1,0.9519973,0
65525,1,1,0.9999995,1
65526,0,0,0.10293422,1
65527,1,0,0.05781161,0
65528,1,1,0.8929365,1
65529,0,0,0.06866228,1
65530,1,1,0.8932163,1
65531,0,0,0.3475925,1
65532,1,1,0.9552357,1
65533,1,1,0.9999982,1
65534,0,0,0.06730107,1
65535,0,1,0.69040257,0
65536,1,1,1.0,1
65537,0,1,0.74307483,0
65538,0,0,0.028571244,1
65539,0,1,0.80069196,0
65540,0,0,0.0673624,1
65541,0,1,0.9998845,0
65542,0,0,0.13840355,1
65543,1,0,0.13741668,0
65544,0,0,0.27163795,1
65545,1,0,0.110855594,0
65546,0,1,0.995037,0
65547,1,0,0.079853736,0
65548,1,0,0.02973191,0
65549,0,0,0.14928317,1
65550,1,0,0.1407491,0
65551,1,0,0.15960999,0
65552,1,1,0.9868787,1
65553,0,1,0.9993449,0
65554,0,0,0.046335038,1
65555,0,0,0.03132112,1
65556,0,1,0.85403454,0
65557,1,1,0.9999999,1
65558,1,0,0.15649123,0
65559,0,1,0.999884,0
65560,1,0,0.23846151,0
65561,0,0,0.019832712,1
65562,0,1,0.991032,0
65563,1,1,1.0,1
65564,0,1,0.99871576,0
65565,1,1,1.0,1
65566,1,1,0.776877,1
65567,1,1,0.9999691,1
65568,0,1,0.89715594,0
65569,1,0,0.1929192,0
65570,1,1,0.9906961,1
65571,1,1,0.9999944,1
65572,1,0,0.047958106,0
65573,0,1,0.9399685,0
65574,1,1,1.0,1
65575,1,0,0.2659758,0
65576,0,1,0.9988991,0
65577,1,1,1.0,1
65578,0,0,0.085403666,1
65579,1,0,0.063773274,0
65580,0,1,0.9999976,0
65581,0,0,0.1908748,1
65582,0,1,0.36763912,0
65583,1,1,0.99970055,1
65584,0,0,0.029201293,1
65585,0,1,0.47883344,0
65586,1,1,0.98544043,1
65587,0,0,0.07899691,1
65588,1,1,0.75815266,1
65589,1,1,0.5767208,1
65590,0,1,0.99999714,0
65591,1,1,0.9847231,1
65592,1,1,0.7152749,1
65593,1,1,0.98920244,1
65594,1,1,0.6057407,1
65595,0,1,0.46156278,0
65596,1,1,1.0,1
65597,0,1,0.9993773,0
65598,1,1,0.9770445,1
65599,1,1,0.9159594,1
65600,1,1,0.92924803,1
65601,1,1,1.0,1
65602,0,0,0.15393034,1
65603,0,1,0.98302,0
65604,1,1,0.9999939,1
65605,0,0,0.2821962,1
65606,1,1,0.99999845,1
65607,1,1,0.9998981,1
65608,0,1,0.36517367,0
65609,1,0,0.07971035,0
65610,1,0,0.109039895,0
65611,1,0,0.18447348,0
65612,1,1,0.9998889,1
65613,1,1,0.9981178,1
65614,1,0,0.022011232,0
65615,0,0,0.1286893,1
65616,1,1,1.0,1
65617,1,1,1.0,1
65618,0,0,0.1880256,1
65619,1,1,0.9943251,1
65620,1,1,0.9998591,1
65621,1,1,0.99999976,1
65622,0,1,0.35588682,0
65623,1,1,0.771241,1
65624,1,0,0.029284457,0
65625,1,1,0.99964714,1
65626,1,1,1.0,1
65627,1,1,0.92847365,1
65628,1,1,1.0,1
65629,1,1,1.0,1
65630,1,1,0.98873377,1
65631,0,0,0.015573563,1
65632,0,1,0.39603895,0
65633,0,1,0.70987463,0
65634,1,1,0.99999774,1
65635,0,1,0.9379537,0
65636,1,1,1.0,1
65637,0,0,0.20165595,1
65638,0,0,0.27328336,1
65639,1,1,1.0,1
65640,1,1,0.99998486,1
65641,1,1,0.9991117,1
65642,1,1,1.0,1
65643,0,1,0.9714829,0
65644,1,1,0.98651993,1
65645,0,0,0.07126734,1
65646,1,0,0.08299413,0
65647,1,1,0.978733,1
65648,0,1,0.9999999,0
65649,1,1,0.992837,1
65650,0,0,0.1939858,1
65651,0,1,0.9383503,0
65652,1,0,0.087252244,0
65653,0,1,0.37713912,0
65654,0,0,0.2732349,1
65655,1,0,0.024964014,0
65656,0,1,0.87375444,0
65657,1,1,0.99964714,1
65658,0,1,0.61410475,0
65659,0,0,0.07885492,1
65660,1,1,1.0,1
65661,0,0,0.076683804,1
65662,1,1,0.7334519,1
65663,0,1,0.9765577,0
65664,0,1,0.99980205,0
65665,0,0,0.28601968,1
65666,0,0,0.13939638,1
65667,1,1,0.9991943,1
65668,0,1,0.5387405,0
65669,0,1,0.3702539,0
65670,1,1,0.99999917,1
65671,0,1,0.99990606,0
65672,1,1,1.0,1
65673,1,0,0.09001297,0
65674,0,1,1.0,0
65675,0,0,0.31531414,1
65676,1,1,0.9999076,1
65677,0,1,0.99995387,0
65678,0,1,0.9899671,0
65679,1,1,0.8662457,1
65680,1,1,0.9999976,1
65681,0,1,0.8367548,0
65682,1,1,1.0,1
65683,1,1,0.9868281,1
65684,1,1,1.0,1
65685,1,1,0.99240804,1
65686,1,1,0.48407522,1
65687,0,0,0.00011637298,1
65688,0,1,0.6779539,0
65689,0,0,0.082475364,1
65690,1,1,0.99989235,1
65691,1,1,0.98892784,1
65692,0,1,0.73492885,0
65693,1,1,0.41131777,1
65694,0,0,0.06424133,1
65695,1,1,0.999995,1
65696,1,1,0.93863225,1
65697,1,1,1.0,1
65698,0,0,0.3180084,1
65699,1,1,0.71243227,1
65700,1,1,0.98378503,1
65701,0,1,0.921499,0
65702,1,1,0.99808073,1
65703,1,1,0.9999703,1
65704,1,1,0.972178,1
65705,0,1,0.36772424,0
65706,1,1,0.99999964,1
65707,0,0,0.16132024,1
65708,1,1,1.0,1
65709,0,0,0.085479975,1
65710,1,1,1.0,1
65711,1,1,0.99980205,1
65712,1,0,0.18148069,0
65713,0,1,0.9995883,0
65714,0,0,0.02426074,1
65715,1,1,0.85318035,1
65716,0,1,0.9579516,0
65717,0,1,0.99941957,0
65718,0,1,0.65539116,0
65719,1,1,0.9999999,1
65720,1,0,0.067056276,0
65721,0,1,0.9493886,0
65722,0,0,0.12085323,1
65723,0,0,0.26246354,1
65724,0,1,0.47088867,0
65725,0,0,0.043123364,1
65726,0,1,1.0,0
65727,0,1,0.95861524,0
65728,1,0,0.08291986,0
65729,0,1,0.9550264,0
65730,1,0,0.17092276,0
65731,0,1,0.9784466,0
65732,0,1,0.7018664,0
65733,0,0,0.100967236,1
65734,1,1,0.9999392,1
65735,0,0,0.11971655,1
65736,1,0,0.3022366,0
65737,0,0,0.08487122,1
65738,0,1,0.99999976,0
65739,1,1,0.9646559,1
65740,1,1,0.9999702,1
65741,1,1,0.37073782,1
65742,1,1,1.0,1
65743,1,1,0.9997408,1
65744,1,0,0.18242553,0
65745,1,1,0.99918646,1
65746,1,1,0.8152325,1
65747,1,0,0.08028533,0
65748,1,1,0.9999912,1
65749,1,1,0.9999976,1
65750,0,0,0.19884089,1
65751,1,0,0.2961451,0
65752,1,1,0.9999838,1
65753,1,1,0.9997273,1
65754,1,1,1.0,1
65755,0,1,0.7898827,0
65756,1,1,1.0,1
65757,1,1,0.9998332,1
65758,1,0,0.18484107,0
65759,0,0,0.06330841,1
65760,1,1,0.999998,1
65761,0,1,0.9999894,0
65762,0,1,0.5591697,0
65763,1,1,0.9999355,1
65764,0,1,0.9975274,0
65765,0,1,0.74026823,0
65766,1,1,1.0,1
65767,1,1,0.9999665,1
65768,0,0,0.05686155,1
65769,1,1,0.9999083,1
65770,0,1,0.97140163,0
65771,1,1,1.0,1
65772,0,1,0.781914,0
65773,1,1,0.5859899,1
65774,0,0,0.041578867,1
65775,1,1,0.99933976,1
65776,1,1,0.9932288,1
65777,1,1,1.0,1
65778,0,1,0.76515496,0
65779,1,0,0.11971655,0
65780,0,1,0.9943031,0
65781,0,0,0.24671482,1
65782,0,1,1.0,0
65783,1,0,0.0077555366,0
65784,0,1,0.99346113,0
65785,1,1,1.0,1
65786,0,0,0.010755925,1
65787,0,1,0.961642,0
65788,0,1,0.54933846,0
65789,1,1,0.9889064,1
65790,1,1,0.9995453,1
65791,1,1,0.99550545,1
65792,1,1,0.9999975,1
65793,0,1,0.9627783,0
65794,1,1,1.0,1
65795,1,1,1.0,1
65796,0,1,0.42196858,0
65797,0,0,0.07323097,1
65798,1,1,0.44519785,1
65799,1,1,0.9999995,1
65800,0,1,0.5914283,0
65801,1,1,0.36257413,1
65802,1,1,0.8773717,1
65803,1,0,0.23274586,0
65804,0,1,0.86025184,0
65805,1,1,0.84504944,1
65806,1,1,0.99999905,1
65807,0,1,0.9436599,0
65808,0,1,0.41596603,0
65809,0,1,1.0,0
65810,1,1,0.90523857,1
65811,1,1,0.99999833,1
65812,1,1,1.0,1
65813,1,0,0.14639206,0
65814,1,0,0.24310295,0
65815,0,1,0.95208645,0
65816,1,1,0.8401279,1
65817,1,1,0.8984996,1
65818,1,0,0.30652702,0
65819,1,1,0.97782,1
65820,1,1,0.91117966,1
65821,0,1,0.99998426,0
65822,1,1,1.0,1
65823,1,1,1.0,1
65824,1,0,0.047205772,0
65825,0,1,0.5288984,0
65826,1,1,0.99601597,1
65827,1,1,0.9999994,1
65828,1,1,0.9978002,1
65829,1,1,0.50183105,1
65830,0,1,0.95253,0
65831,0,0,0.1328517,1
65832,1,1,1.0,1
65833,0,0,0.14773951,1
65834,1,1,0.91046584,1
65835,0,1,0.98546845,0
65836,0,0,0.014475689,1
65837,1,0,0.034553625,0
65838,1,1,0.99999,1
65839,1,1,0.98899186,1
65840,0,1,0.9999454,0
65841,0,0,0.16566059,1
65842,1,1,0.99271095,1
65843,1,0,0.17147702,0
65844,1,1,0.99984336,1
65845,0,1,0.9831176,0
65846,1,1,0.9997284,1
65847,0,0,0.032405518,1
65848,0,0,0.19314739,1
65849,1,1,0.85989916,1
65850,1,1,0.9999999,1
65851,0,0,0.23326942,1
65852,1,1,0.7676028,1
65853,0,0,0.22017473,1
65854,1,1,0.99724233,1
65855,0,0,0.08203305,1
65856,0,1,0.87716144,0
65857,1,1,0.9417078,1
65858,1,1,0.94934165,1
65859,0,1,0.99279517,0
65860,1,1,0.99938333,1
65861,1,1,0.9999999,1
65862,1,1,0.9308365,1
65863,1,1,0.9991221,1
65864,1,1,0.99998367,1
65865,1,0,0.013558245,0
65866,1,1,0.9979532,1
65867,1,1,0.99984276,1
65868,0,1,0.9719126,0
65869,0,0,0.17161581,1
65870,1,1,0.8338664,1
65871,1,0,0.11606085,0
65872,1,1,0.9451974,1
65873,0,0,0.020586777,1
65874,1,1,0.9560224,1
65875,1,1,0.45577383,1
65876,0,1,0.5333975,0
65877,1,1,0.81227237,1
65878,1,1,0.87716144,1
65879,1,1,0.99999344,1
65880,1,1,1.0,1
65881,1,1,1.0,1
65882,1,0,0.08678673,0
65883,0,0,0.03551094,1
65884,0,1,0.8275496,0
65885,1,1,0.9257015,1
65886,1,0,0.002387409,0
65887,1,1,0.96017486,1
65888,0,0,0.34825712,1
65889,1,1,0.6944581,1
65890,1,1,0.6101631,1
65891,0,0,0.045948204,1
65892,1,1,0.9999863,1
65893,0,0,0.08035747,1
65894,1,1,0.9987281,1
65895,1,0,0.10402136,0
65896,0,1,0.9805993,0
65897,1,1,0.98768765,1
65898,1,1,0.99996686,1
65899,1,1,0.84758973,1
65900,1,1,0.9966102,1
65901,1,1,0.99784684,1
65902,1,1,0.9142142,1
65903,1,1,0.99999905,1
65904,1,1,1.0,1
65905,1,1,1.0,1
65906,0,1,0.9347534,0
65907,0,0,0.028652672,1
65908,0,1,0.9555686,0
65909,1,1,0.9923044,1
65910,0,1,0.99983203,0
65911,0,1,0.9999094,0
65912,1,1,0.9994797,1
65913,0,0,0.09859886,1
65914,0,1,0.9693532,0
65915,1,1,1.0,1
65916,1,0,6.205049e-05,0
65917,1,0,0.06512755,0
65918,1,0,0.10026027,0
65919,1,1,0.9982759,1
65920,0,0,0.003135836,1
65921,0,1,0.9991672,0
65922,0,1,0.8520759,0
65923,1,0,0.13426429,0
65924,0,0,0.16667542,1
65925,0,0,0.22618484,1
65926,1,1,0.9999689,1
65927,0,1,0.7512834,0
65928,0,1,0.89228123,0
65929,1,1,0.9999976,1
65930,0,0,0.13139598,1
65931,0,1,0.999998,0
65932,1,1,0.6974544,1
65933,0,0,0.14749378,1
65934,0,1,0.9999969,0
65935,1,1,0.9999999,1
65936,1,1,0.99958676,1
65937,1,1,0.40072006,1
65938,1,1,1.0,1
65939,1,0,0.05165378,0
65940,1,0,0.089136936,0
65941,1,1,0.81815636,1
65942,1,1,1.0,1
65943,1,0,0.05644403,0
65944,1,1,0.9999999,1
65945,0,0,0.13869494,1
65946,0,1,0.6909241,0
65947,1,1,0.76339555,1
65948,1,0,0.051893488,0
65949,0,1,0.9951137,0
65950,1,1,0.99999917,1
65951,1,1,1.0,1
65952,0,0,0.13034077,1
65953,0,0,0.14517595,1
65954,1,1,0.99937004,1
65955,1,1,1.0,1
65956,1,1,0.93349147,1
65957,0,0,0.032992378,1
65958,1,1,0.99980134,1
65959,0,0,0.08203305,1
65960,1,0,0.11516222,0
65961,1,1,0.99999976,1
65962,1,1,0.99999976,1
65963,1,1,0.9999831,1
65964,1,1,0.75192153,1
65965,1,0,0.3174263,0
65966,1,1,0.98833525,1
65967,0,1,0.80240077,0
65968,1,1,0.47484425,1
65969,1,1,0.99729556,1
65970,1,1,1.0,1
65971,0,1,0.82768893,0
65972,1,1,0.8984105,1
65973,1,1,1.0,1
65974,0,0,0.000872767,1
65975,1,1,0.9570375,1
65976,1,1,1.0,1
65977,1,1,0.999998,1
65978,0,0,0.25312182,1
65979,1,1,0.9999999,1
65980,0,0,0.080719054,1
65981,1,0,0.123947665,0
65982,1,1,1.0,1
65983,0,0,0.111724876,1
65984,1,1,0.9931229,1
65985,1,1,0.85741025,1
65986,1,1,0.9999658,1
65987,1,1,0.6382154,1
65988,1,1,0.99014014,1
65989,1,1,0.9989637,1
65990,1,1,0.7867867,1
65991,0,0,0.052570295,1
65992,1,1,0.66426814,1
65993,0,0,0.02665774,1
65994,0,0,0.31305215,1
65995,1,1,0.9228308,1
65996,1,1,1.0,1
65997,1,1,0.6122517,1
65998,1,1,0.97032446,1
65999,1,1,0.98087597,1
66000,0,1,0.9999337,0
66001,1,1,1.0,1
66002,0,1,0.38763237,0
66003,1,1,1.0,1
66004,1,1,0.99999523,1
66005,1,1,1.0,1
66006,0,0,0.3501991,1
66007,1,1,0.9994777,1
66008,1,1,0.9999987,1
66009,0,1,0.4423354,0
66010,1,1,1.0,1
66011,1,1,0.9078038,1
66012,1,1,0.99794525,1
66013,1,1,0.99956864,1
66014,1,1,0.99040353,1
66015,1,1,1.0,1
66016,0,0,0.030879721,1
66017,0,1,0.4437511,0
66018,0,0,0.09756222,1
66019,1,1,0.9528382,1
66020,1,1,0.991891,1
66021,1,1,1.0,1
66022,0,1,0.90000373,0
66023,0,0,0.33928013,1
66024,1,0,0.01778039,0
66025,1,1,1.0,1
66026,1,1,0.85729086,1
66027,1,1,0.99999964,1
66028,1,1,0.98791134,1
66029,0,1,0.39805537,0
66030,1,0,0.14922118,0
66031,1,1,0.9901211,1
66032,1,1,0.9999968,1
66033,1,1,0.99850756,1
66034,1,1,0.99993265,1
66035,1,0,0.12474515,0
66036,1,1,0.97889495,1
66037,1,1,0.9999999,1
66038,1,1,0.9999999,1
66039,0,0,0.037326884,1
66040,1,1,0.9491535,1
66041,1,0,0.22592856,0
66042,0,0,0.27610457,1
66043,1,1,0.77848095,1
66044,1,1,0.9867517,1
66045,0,1,0.9998859,0
66046,1,1,0.999998,1
66047,1,0,0.00784624,0
66048,0,0,0.0029349516,1
66049,1,1,0.9674718,1
66050,1,1,0.9909972,1
66051,0,0,0.026330303,1
66052,0,1,0.72041744,0
66053,1,1,0.9999832,1
66054,1,1,0.8022459,1
66055,1,1,0.9999999,1
66056,0,0,0.043204032,1
66057,1,1,0.99999976,1
66058,1,1,0.9999292,1
66059,1,1,0.9999788,1
66060,1,1,0.99812514,1
66061,0,0,0.09268777,1
66062,1,1,0.95379424,1
66063,1,1,0.9999963,1
66064,1,1,0.97107434,1
66065,0,0,0.20633379,1
66066,0,0,0.21559837,1
66067,1,0,0.3409239,0
66068,1,1,0.84872156,1
66069,0,0,0.090735495,1
66070,1,1,0.9998523,1
66071,1,1,0.95806944,1
66072,0,0,0.029816542,1
66073,1,1,0.9998969,1
66074,1,1,0.9996302,1
66075,1,1,1.0,1
66076,1,1,1.0,1
66077,0,1,0.99787605,0
66078,1,1,0.99999917,1
66079,1,1,0.96771675,1
66080,0,0,0.023962023,1
66081,1,0,0.24364243,0
66082,0,1,0.99998677,0
66083,0,0,0.042562727,1
66084,1,1,1.0,1
66085,0,1,0.92156965,0
66086,1,1,0.9999999,1
66087,1,1,0.99961025,1
66088,1,1,0.9999999,1
66089,0,1,0.5978427,0
66090,1,1,0.5097644,1
66091,0,1,0.5346732,0
66092,0,0,0.110855594,1
66093,1,0,0.23126681,0
66094,0,0,0.14187485,1
66095,1,0,0.030763038,0
66096,1,1,0.9999993,1
66097,1,1,0.99060565,1
66098,0,0,0.16020033,1
66099,0,0,0.11920292,1
66100,0,1,0.9986541,0
66101,1,0,0.048271183,0
66102,0,0,0.05649606,1
66103,0,0,0.01676938,1
66104,0,1,0.9608783,0
66105,1,1,0.999795,1
66106,1,1,0.9999999,1
66107,0,1,0.9958093,0
66108,1,1,0.99953353,1
66109,1,1,0.9853843,1
66110,1,1,0.43671212,1
66111,1,1,0.9999993,1
66112,1,0,0.2719762,0
66113,1,1,0.9465473,1
66114,0,0,0.31478733,1
66115,0,0,0.111627996,1
66116,0,0,0.08225394,1
66117,1,1,0.9706043,1
66118,0,0,0.016817752,1
66119,1,1,1.0,1
66120,1,1,0.971537,1
66121,1,0,0.16885696,0
66122,1,1,1.0,1
66123,1,1,0.9995092,1
66124,0,1,0.9509604,0
66125,0,1,0.5202526,0
66126,0,1,0.36404243,0
66127,0,1,0.9999008,0
66128,1,1,0.9992848,1
66129,0,0,0.012796518,1
66130,1,1,0.93306583,1
66131,1,1,0.9510514,1
66132,0,1,0.4523847,0
66133,0,1,0.6020031,0
66134,0,1,0.77585965,0
66135,1,0,0.18579942,0
66136,0,1,0.99999285,0
66137,0,0,0.32691577,1
66138,0,0,0.2672169,1
66139,0,0,4.281438e-05,1
66140,0,0,0.23819561,1
66141,0,1,0.59089726,0
66142,0,1,0.9996699,0
66143,1,1,1.0,1
66144,0,1,0.75689703,0
66145,1,1,0.9050709,1
66146,1,1,0.99995303,1
66147,1,1,0.4020986,1
66148,1,0,0.15412119,0
66149,0,1,0.52597755,0
66150,1,1,0.9913726,1
66151,0,0,0.11362877,1
66152,0,1,0.4364419,0
66153,0,1,0.9970305,0
66154,0,0,0.22524613,1
66155,0,1,0.9603239,0
66156,1,0,0.29874703,0
66157,0,0,0.09113915,1
66158,0,0,0.047249712,1
66159,1,1,0.9996762,1
66160,1,0,0.09065494,0
66161,0,1,0.99744415,0
66162,1,0,0.29706192,0
66163,1,1,0.99986863,1
66164,0,0,0.14057204,1
66165,0,0,0.010408314,1
66166,1,1,0.99941385,1
66167,0,0,0.1289633,1
66168,0,0,0.14566138,1
66169,1,0,0.12173796,0
66170,1,1,0.9998306,1
66171,1,0,0.054954547,0
66172,0,1,0.9789755,0
66173,0,1,0.9662198,0
66174,1,1,1.0,1
66175,0,1,0.8750415,0
66176,0,1,0.99877685,0
66177,1,1,0.9999956,1
66178,0,1,0.99968314,0
66179,0,0,0.12940273,1
66180,1,1,0.9998036,1
66181,1,1,0.87125593,1
66182,0,0,0.15713686,1
66183,1,1,1.0,1
66184,1,1,0.47219667,1
66185,1,1,0.9999989,1
66186,1,1,0.9999982,1
66187,0,1,0.9999932,0
66188,0,0,0.31095585,1
66189,1,1,0.9998932,1
66190,1,1,1.0,1
66191,1,0,0.058507007,0
66192,1,1,1.0,1
66193,0,0,0.0059110695,1
66194,1,1,0.9999982,1
66195,0,1,0.87147486,0
66196,0,1,0.56913435,0
66197,0,1,0.9022657,0
66198,1,1,0.9997273,1
66199,0,0,0.02630528,1
66200,1,1,1.0,1
66201,0,0,0.21469142,1
66202,0,1,0.9981578,0
66203,1,1,0.60690624,1
66204,0,1,0.9142142,0
66205,1,1,0.668718,1
66206,0,0,0.14847884,1
66207,0,0,0.029901406,1
66208,0,0,0.21345916,1
66209,1,1,0.9997428,1
66210,0,1,0.4616538,0
66211,1,1,0.9518184,1
66212,1,0,0.19806418,0
66213,1,1,0.8952483,1
66214,0,0,0.123577,1
66215,0,0,0.12163357,1
66216,0,0,0.036254164,1
66217,0,0,0.3190153,1
66218,1,1,0.9208609,1
66219,1,0,0.049267832,0
66220,1,1,0.9968945,1
66221,0,1,0.9999999,0
66222,1,0,0.06687324,0
66223,0,1,0.5691942,0
66224,1,1,0.9999372,1
66225,1,1,0.9999926,1
66226,1,1,0.997981,1
66227,0,0,0.039862495,1
66228,0,1,0.9966102,0
66229,0,1,0.45786384,0
66230,1,1,0.99999964,1
66231,0,1,0.9475269,0
66232,0,0,0.11124121,1
66233,0,1,0.7577944,0
66234,1,1,0.9993917,1
66235,0,1,0.99998,0
66236,0,1,0.41001785,0
66237,0,1,0.99783427,0
66238,0,1,1.0,0
66239,1,1,0.61201984,1
66240,1,1,1.0,1
66241,0,1,0.99568534,0
66242,1,1,0.9974738,1
66243,1,1,0.9882676,1
66244,0,1,0.6218854,0
66245,0,1,0.49054068,0
66246,1,1,1.0,1
66247,1,0,0.33649457,0
66248,1,1,0.63663554,1
66249,1,0,0.025035424,0
66250,0,1,0.4225642,0
66251,1,0,0.06779314,0
66252,1,1,0.9999591,1
66253,1,1,0.9999614,1
66254,0,0,0.0808641,1
66255,0,1,0.63849723,0
66256,1,1,1.0,1
66257,1,1,0.6372001,1
66258,0,1,0.9534054,0
66259,1,1,0.89488137,1
66260,0,1,0.9977216,0
66261,0,1,0.93952614,0
66262,0,0,0.013902058,1
66263,0,1,1.0,0
66264,0,1,0.99434716,0
66265,0,1,0.52329856,0
66266,0,1,1.0,0
66267,1,1,1.0,1
66268,0,0,0.05797139,1
66269,0,1,0.99897385,0
66270,1,1,1.0,1
66271,1,1,1.0,1
66272,1,1,0.9999999,1
66273,0,1,0.99992394,0
66274,1,0,0.03915837,0
66275,1,1,1.0,1
66276,1,1,0.46705827,1
66277,0,0,0.049267832,1
66278,1,0,0.080069266,0
66279,1,1,0.99995077,1
66280,0,0,0.03188899,1
66281,1,1,0.90183425,1
66282,1,1,1.0,1
66283,1,1,1.0,1
66284,0,1,0.75815266,0
66285,1,1,0.8477158,1
66286,1,1,0.9603239,1
66287,0,1,0.9334308,0
66288,0,0,0.12945776,1
66289,0,0,0.024145423,1
66290,1,1,1.0,1
66291,1,1,0.9999826,1
66292,1,1,0.5712285,1
66293,1,1,0.99998856,1
66294,1,1,0.71348155,1
66295,1,1,0.9999814,1
66296,1,1,0.99968123,1
66297,1,1,0.40748075,1
66298,0,0,0.022457054,1
66299,1,1,0.9605836,1
66300,1,1,1.0,1
66301,1,0,0.03989989,0
66302,1,1,0.7135813,1
66303,0,1,0.9700135,0
66304,0,0,0.26109537,1
66305,1,1,0.99943405,1
66306,0,1,0.8498466,0
66307,0,0,0.29844025,1
66308,0,1,0.4913644,0
66309,1,1,0.6618136,1
66310,0,0,0.2921912,1
66311,1,1,0.9999999,1
66312,1,1,0.98680264,1
66313,0,0,0.32557413,1
66314,1,1,0.9999385,1
66315,0,1,0.9997198,0
66316,1,1,0.9992606,1
66317,0,1,0.8533026,0
66318,1,1,0.9985702,1
66319,1,1,1.0,1
66320,0,0,0.004174367,1
66321,1,0,0.07585818,0
66322,1,1,1.0,1
66323,0,1,0.99929035,0
66324,1,1,0.99632865,1
66325,1,1,0.9999999,1
66326,1,1,0.49304244,1
66327,1,1,0.9989556,1
66328,1,1,0.9962999,1
66329,1,1,0.9159594,1
66330,0,1,0.85512674,0
66331,0,0,0.19667186,1
66332,1,1,1.0,1
66333,1,1,0.9999708,1
66334,1,1,0.9948102,1
66335,1,0,0.020824393,0
66336,0,0,0.074030295,1
66337,0,1,0.43074587,0
66338,1,1,0.99999917,1
66339,0,0,0.04328485,1
66340,1,0,0.16331196,0
66341,0,1,0.9943031,0
66342,1,1,0.94417685,1
66343,0,1,0.9999695,0
66344,1,0,0.044348583,0
66345,0,1,0.9841546,0
66346,1,1,0.9973061,1
66347,0,0,0.2556223,1
66348,0,1,0.6618682,0
66349,0,0,0.1483554,1
66350,1,1,0.9999008,1
66351,0,1,0.9612802,0
66352,1,1,0.56403846,1
66353,1,0,0.064830884,0
66354,0,0,0.06103112,1
66355,1,0,0.037573304,0
66356,1,1,0.60328925,1
66357,1,1,0.99369794,1
66358,1,1,0.9985562,1
66359,0,1,0.9831822,0
66360,1,0,0.2608599,0
66361,1,1,0.9999994,1
66362,0,1,0.4388754,0
66363,1,1,0.87212974,1
66364,1,1,0.86188734,1
66365,1,1,0.99273914,1
66366,1,1,0.9999999,1
66367,0,1,0.99984336,0
66368,1,1,0.99999785,1
66369,1,1,1.0,1
66370,1,1,0.9999974,1
66371,1,0,0.30352533,0
66372,1,0,0.33627656,0
66373,1,1,1.0,1
66374,1,1,0.99999607,1
66375,0,0,0.07942426,1
66376,1,1,1.0,1
66377,0,0,0.12315456,1
66378,0,1,0.93409514,0
66379,1,1,0.6793383,1
66380,0,0,0.188548,1
66381,0,0,0.122838534,1
66382,1,1,0.79502225,1
66383,0,0,0.13184245,1
66384,1,1,0.98007214,1
66385,1,1,1.0,1
66386,1,0,0.07243961,0
66387,1,1,0.9998141,1
66388,0,0,0.10284408,1
66389,0,0,0.1899715,1
66390,1,1,0.99967754,1
66391,1,1,0.9999995,1
66392,1,1,1.0,1
66393,1,0,5.1845658e-05,0
66394,1,1,0.9996892,1
66395,1,1,0.7495458,1
66396,1,0,0.013982613,0
66397,1,0,0.0012497095,0
66398,1,1,1.0,1
66399,1,1,0.8005361,1
66400,0,0,0.018194366,1
66401,0,1,0.9995851,0
66402,1,1,0.9999912,1
66403,0,1,0.89706576,0
66404,1,1,1.0,1
66405,1,1,0.84273374,1
66406,0,0,0.05179748,1
66407,1,1,0.99987173,1
66408,1,1,0.9970421,1
66409,1,1,0.9997731,1
66410,1,1,0.99594563,1
66411,1,0,0.10818896,0
66412,1,1,0.9999932,1
66413,1,1,0.9869544,1
66414,0,0,0.16674323,1
66415,1,1,0.72603726,1
66416,1,1,0.62869245,1
66417,0,0,0.29507753,1
66418,0,0,0.06910072,1
66419,0,0,0.2960942,1
66420,0,1,0.9989371,0
66421,0,1,0.9999784,0
66422,1,1,0.9898107,1
66423,1,1,0.43458128,1
66424,0,0,0.08441725,1
66425,1,1,1.0,1
66426,1,0,0.13426429,0
66427,1,1,0.9364014,1
66428,0,1,0.9956176,0
66429,1,1,0.9999999,1
66430,0,1,0.99895966,0
66431,0,1,0.7892337,0
66432,1,1,0.9986249,1
66433,1,1,1.0,1
66434,1,1,0.93564117,1
66435,0,0,0.04001227,1
66436,0,0,0.045225907,1
66437,0,1,0.967101,0
66438,1,1,0.99060565,1
66439,1,1,0.89956343,1
66440,0,0,0.19590156,1
66441,1,1,0.9999999,1
66442,1,1,0.99962664,1
66443,0,1,0.75446296,0
66444,0,0,0.019624962,1
66445,1,0,0.043854564,0
66446,1,1,0.9999908,1
66447,1,1,0.99743915,1
66448,1,1,0.93738294,1
66449,1,1,0.99999285,1
66450,1,0,0.14675854,0
66451,0,1,0.99999666,0
66452,1,1,0.5682961,1
66453,0,0,0.2222778,1
66454,1,0,0.058884703,0
66455,1,1,0.99996173,1
66456,0,1,0.9999999,0
66457,1,1,0.99999964,1
66458,0,1,0.8892406,0
66459,0,1,0.6028802,0
66460,0,1,0.4644461,0
66461,0,1,0.7632191,0
66462,1,1,0.98544043,1
66463,0,0,0.054600604,1
66464,0,1,0.9999989,0
66465,1,1,0.75228566,1
66466,0,0,0.27576312,1
66467,1,1,0.9797065,1
66468,0,0,0.030329255,1
66469,1,1,0.98238933,1
66470,1,1,0.6325595,1
66471,1,0,0.25767168,0
66472,1,1,0.9999963,1
66473,0,1,0.41427666,0
66474,0,0,0.03204008,1
66475,0,1,0.8183016,0
66476,0,0,0.012970385,1
66477,0,1,0.999795,0
66478,1,1,1.0,1
66479,1,0,0.011115014,0
66480,0,1,0.962356,0
66481,1,0,0.07758752,0
66482,0,0,0.06319269,1
66483,0,1,0.99176437,0
66484,0,1,0.93880075,0
66485,1,1,1.0,1
66486,1,1,0.99135584,1
66487,1,1,1.0,1
66488,0,1,0.53157413,0
66489,1,0,5.084292e-05,0
66490,0,1,0.86993575,0
66491,1,1,1.0,1
66492,1,1,1.0,1
66493,1,1,0.9999814,1
66494,1,1,1.0,1
66495,1,1,1.0,1
66496,1,1,1.0,1
66497,1,1,0.9981141,1
66498,1,1,0.9999918,1
66499,1,1,0.5772571,1
66500,1,1,0.9999987,1
66501,1,0,0.043691058,0
66502,0,0,0.11848707,1
66503,0,1,0.9892855,0
66504,1,1,0.47350508,1
66505,0,0,0.21925393,1
66506,0,1,0.4827339,0
66507,1,0,0.21783629,0
66508,1,1,0.9957437,1
66509,1,0,0.029844806,0
66510,1,1,0.9775644,1
66511,0,1,0.9969957,0
66512,1,1,0.99820733,1
66513,0,0,0.24689633,1
66514,0,1,0.9881765,0
66515,0,0,0.015043661,1
66516,1,1,0.78057885,1
66517,0,1,0.43170395,0
66518,1,1,0.99999917,1
66519,1,1,0.5089102,1
66520,1,0,0.009596454,0
66521,0,1,0.607605,0
66522,1,1,0.9999819,1
66523,1,1,0.9999981,1
66524,0,1,0.72608584,0
66525,1,0,0.0025360473,0
66526,1,1,1.0,1
66527,0,1,0.48633155,0
66528,1,1,0.94825053,1
66529,1,1,0.9620719,1
66530,1,1,0.7074552,1
66531,0,1,0.9991239,0
66532,1,1,0.9894499,1
66533,1,1,0.99979264,1
66534,0,0,0.1746917,1
66535,0,1,0.8662457,0
66536,0,0,0.23970512,1
66537,1,1,0.9814534,1
66538,1,1,1.0,1
66539,0,1,0.9991424,0
66540,0,1,0.35460067,0
66541,0,1,1.0,0
66542,0,1,0.9843664,0
66543,1,1,0.9872528,1
66544,1,1,1.0,1
66545,1,0,0.005179713,0
66546,1,0,0.015936995,0
66547,0,1,0.99903405,0
66548,1,1,0.9873262,1
66549,0,0,0.0072187525,1
66550,0,0,0.018851181,1
66551,1,1,0.98481095,1
66552,0,1,0.9407353,0
66553,0,0,0.014728614,1
66554,0,1,0.9999956,0
66555,0,1,0.99346113,0
66556,1,1,0.9985506,1
66557,0,1,0.9959771,0
66558,0,1,0.5280467,0
66559,0,1,0.87256473,0
66560,1,1,1.0,1
66561,1,1,0.99985623,1
66562,1,1,0.99999225,1
66563,0,1,0.99447733,0
66564,1,0,0.048676565,0
66565,1,1,1.0,1
66566,0,1,0.9970879,0
66567,0,1,0.995142,0
66568,1,1,0.99999166,1
66569,1,0,0.28150436,0
66570,0,1,0.6978664,0
66571,0,1,0.9747491,0
66572,0,0,0.110855594,1
66573,0,0,0.092359796,1
66574,1,1,0.9436599,1
66575,1,1,0.88710684,1
66576,0,0,0.15090261,1
66577,0,0,0.07647662,1
66578,0,1,0.9980161,0
66579,0,0,0.13586143,1
66580,0,1,0.9858549,0
66581,0,0,0.01302049,1
66582,1,1,0.9997198,1
66583,0,0,0.14408864,1
66584,0,1,0.89274967,0
66585,1,1,0.99997056,1
66586,1,1,0.99984646,1
66587,0,0,0.17161581,1
66588,1,1,0.9956091,1
66589,1,1,0.9998989,1
66590,1,0,0.044847906,0
66591,0,1,0.88038635,0
66592,1,1,0.90804875,1
66593,1,1,0.56427854,1
66594,1,1,0.62920517,1
66595,0,1,0.91125876,0
66596,0,0,0.08181271,1
66597,1,1,0.9991817,1
66598,0,0,0.019946933,1
66599,1,1,0.99999964,1
66600,1,1,0.9999871,1
66601,1,1,1.0,1
66602,0,0,0.19713515,1
66603,0,0,0.11481439,1
66604,0,0,0.060086653,1
66605,1,1,0.9996381,1
66606,0,0,0.048405956,1
66607,1,1,0.9999981,1
66608,1,1,1.0,1
66609,1,1,0.99998677,1
66610,1,1,0.7277821,1
66611,0,0,0.020725062,1
66612,1,1,0.9999999,1
66613,1,0,0.026708465,0
66614,1,0,0.11787642,0
66615,0,0,0.12640727,1
66616,0,0,0.26388383,1
66617,0,0,0.048767094,1
66618,1,1,1.0,1
66619,1,1,0.97949183,1
66620,0,0,0.028140754,1
66621,1,1,0.9996526,1
66622,0,1,0.9882676,0
66623,1,1,0.9999877,1
66624,1,0,0.05948283,0
66625,0,0,0.1309508,1
66626,1,1,0.99999905,1
66627,1,1,0.95388025,1
66628,0,0,0.003614644,1
66629,1,1,0.99925774,1
66630,0,1,0.3997238,0
66631,1,0,0.009125638,0
66632,1,0,0.16178322,0
66633,1,1,0.98215127,1
66634,1,1,0.99922514,1
66635,1,0,0.25851312,0
66636,0,0,0.057018865,1
66637,0,0,0.089375086,1
66638,1,1,0.9999883,1
66639,1,0,0.083142914,0
66640,1,1,0.99527246,1
66641,1,1,0.99999857,1
66642,0,1,0.8233994,0
66643,1,0,0.081959546,0
66644,1,0,0.00063743413,0
66645,1,1,0.9996424,1
66646,1,1,0.9644221,1
66647,1,1,0.42742658,1
66648,0,1,0.99372226,0
66649,1,1,0.9999995,1
66650,1,1,0.91266996,1
66651,1,1,0.99995255,1
66652,1,1,1.0,1
66653,0,1,0.6778473,0
66654,1,1,1.0,1
66655,1,0,0.27125168,0
66656,1,1,0.7346434,1
66657,1,0,0.09509706,0
66658,0,1,0.9990245,0
66659,0,0,0.22465022,1
66660,0,0,0.108283214,1
66661,1,1,0.99997747,1
66662,1,0,0.3165277,0
66663,1,0,0.31278965,0
66664,1,1,0.95869267,1
66665,1,1,0.9708817,1
66666,1,1,0.99949956,1
66667,1,0,6.352188e-05,0
66668,0,0,0.24580847,1
66669,0,1,0.9512329,0
66670,0,1,0.8115267,0
66671,0,0,0.2616138,1
66672,1,1,0.9997017,1
66673,0,0,0.037538007,1
66674,0,1,0.4477923,0
66675,1,1,0.9999995,1
66676,1,1,1.0,1
66677,0,0,0.046335038,1
66678,1,1,0.9996388,1
66679,1,1,0.9985221,1
66680,0,1,0.99999857,0
66681,1,1,0.36449477,1
66682,0,1,0.89199936,0
66683,0,1,0.3588023,0
66684,1,0,0.055515114,0
66685,1,0,0.14866413,0
66686,1,1,1.0,1
66687,0,0,0.0836655,1
66688,1,1,0.99999976,1
66689,1,0,0.1752556,0
66690,1,0,0.07303238,0
66691,0,0,0.26203844,1
66692,0,0,0.16105616,1
66693,1,1,0.9999999,1
66694,1,1,0.93651766,1
66695,1,1,1.0,1
66696,0,0,0.09401018,1
66697,0,1,0.82290184,0
66698,1,1,0.9999964,1
66699,0,0,0.010052368,1
66700,1,1,0.9992461,1
66701,1,1,1.0,1
66702,1,1,0.99448806,1
66703,1,1,1.0,1
66704,1,1,0.9999995,1
66705,1,0,0.13701203,0
66706,1,1,0.9053223,1
66707,0,1,0.9988927,0
66708,0,0,0.04308309,1
66709,1,1,0.99999976,1
66710,0,1,0.934455,0
66711,0,0,0.1362632,1
66712,1,0,0.19659473,0
66713,0,0,0.014842417,1
66714,1,0,0.11289317,0
66715,1,1,0.95430803,1
66716,1,1,0.65318227,1
66717,1,1,0.97796774,1
66718,1,1,1.0,1
66719,1,0,0.25552937,0
66720,1,0,0.10613344,0
66721,0,0,0.12940273,1
66722,0,1,0.6401298,0
66723,0,0,0.12640727,1
66724,1,1,1.0,1
66725,1,0,0.13998318,0
66726,1,1,0.9158089,1
66727,1,1,0.9999424,1
66728,1,0,0.06596493,0
66729,1,1,0.74789226,1
66730,1,1,1.0,1
66731,0,0,0.01778039,1
66732,1,1,0.99271095,1
66733,0,1,0.99999845,0
66734,1,1,0.9998996,1
66735,1,1,0.99993956,1
66736,1,1,0.7735587,1
66737,0,1,0.8850366,0
66738,1,1,0.98247355,1
66739,0,0,0.05644403,1
66740,0,1,1.0,0
66741,0,0,0.02224367,1
66742,0,0,0.08525123,1
66743,1,1,0.99999976,1
66744,1,1,0.97730595,1
66745,0,0,0.2902762,1
66746,1,1,0.93564117,1
66747,0,1,0.9999914,0
66748,1,1,1.0,1
66749,0,1,0.49746707,0
66750,1,1,0.99999964,1
66751,0,0,0.31489265,1
66752,0,1,0.84606963,0
66753,1,1,1.0,1
66754,0,1,0.9265035,0
66755,1,1,0.9994241,1
66756,1,1,0.7657686,1
66757,1,1,0.9894091,1
66758,0,0,0.049085185,1
66759,0,0,0.22151904,1
66760,1,1,0.44453463,1
66761,0,1,0.9956346,0
66762,0,0,0.14487322,1
66763,1,1,0.99999917,1
66764,1,1,0.9999994,1
66765,1,1,1.0,1
66766,0,0,0.1260303,1
66767,0,1,0.64918953,0
66768,1,0,0.1229438,0
66769,0,0,0.019271135,1
66770,1,1,0.99989724,1
66771,0,1,0.99995553,0
66772,1,1,0.99967754,1
66773,1,1,0.9992679,1
66774,1,1,0.9916033,1
66775,1,1,1.0,1
66776,0,0,0.10734387,1
66777,1,1,1.0,1
66778,1,0,0.19674903,0
66779,1,1,1.0,1
66780,1,1,1.0,1
66781,1,0,0.035444103,0
66782,1,1,1.0,1
66783,0,1,0.99999905,0
66784,0,1,0.8477158,0
66785,0,1,0.99782157,0
66786,0,0,0.16899405,1
66787,0,0,0.068040416,1
66788,1,1,0.9901782,1
66789,1,1,0.9999999,1
66790,0,0,0.07517641,1
66791,0,0,0.05170164,1
66792,1,0,0.06935241,0
66793,1,1,0.9997826,1
66794,1,1,0.90105337,1
66795,0,1,0.8224745,0
66796,1,1,0.9999995,1
66797,0,0,0.11191885,1
66798,1,1,0.9999994,1
66799,1,1,1.0,1
66800,0,1,0.49224916,0
66801,1,1,0.6548396,1
66802,1,1,0.9951137,1
66803,1,1,0.7772999,1
66804,0,0,0.054802597,1
66805,1,1,0.97503597,1
66806,0,1,0.80448276,0
66807,0,1,0.98050606,0
66808,0,0,0.22764099,1
66809,1,0,0.1510904,0
66810,1,1,0.99999845,1
66811,1,0,0.08203305,0
66812,1,1,0.53552353,1
66813,0,0,0.33654907,1
66814,1,1,1.0,1
66815,1,1,0.6409168,1
66816,1,1,0.9999995,1
66817,1,0,0.19837458,0
66818,1,0,0.13296424,0
66819,1,1,1.0,1
66820,0,1,0.4764883,0
66821,1,1,0.50299066,1
66822,0,0,0.19163007,1
66823,0,1,0.999129,0
66824,1,1,1.0,1
66825,0,0,0.14211279,1
66826,1,1,1.0,1
66827,0,1,0.99744415,0
66828,1,0,0.16026603,0
66829,0,0,0.11191885,1
66830,0,0,0.2236313,1
66831,1,1,0.55772483,1
66832,1,1,0.85536855,1
66833,1,1,0.99964654,1
66834,0,0,0.017695315,1
66835,0,1,0.6339203,0
66836,1,1,0.99926347,1
66837,1,0,1.5446309e-05,0
66838,0,0,0.002225671,1
66839,1,1,0.9999999,1
66840,1,1,0.99976856,1
66841,1,1,0.99997306,1
66842,0,0,0.22093019,1
66843,0,0,0.22669801,1
66844,1,1,0.9999902,1
66845,0,1,0.8880812,0
66846,0,1,0.84156543,0
66847,1,1,1.0,1
66848,1,0,0.33693078,0
66849,1,1,0.99993944,1
66850,1,0,0.1728689,0
66851,0,1,0.5672775,0
66852,1,1,1.0,1
66853,1,1,0.992961,1
66854,1,1,1.0,1
66855,1,1,0.9706043,1
66856,1,1,0.99999976,1
66857,0,0,0.01046884,1
66858,1,1,0.99988496,1
66859,0,0,0.012624949,1
66860,1,1,0.95880854,1
66861,0,1,0.9974039,0
66862,1,1,0.4317339,1
66863,1,1,0.554772,1
66864,1,0,0.12934773,0
66865,0,1,0.35930791,0
66866,0,0,0.05649606,1
66867,0,0,0.07185127,1
66868,0,1,0.7505527,0
66869,1,1,0.996357,1
66870,1,1,0.96864927,1
66871,0,0,0.12474515,1
66872,0,0,0.11426965,1
66873,0,1,0.99499834,0
66874,1,1,0.9999988,1
66875,1,0,0.21833587,0
66876,1,1,1.0,1
66877,0,0,0.08130065,1
66878,0,1,0.99999964,0
66879,0,0,0.042285025,1
66880,0,1,0.7226738,0
66881,1,1,1.0,1
66882,0,1,0.9999988,0
66883,0,0,0.29249424,1
66884,0,0,0.008140463,1
66885,0,1,0.9996762,0
66886,0,1,0.66426814,0
66887,0,1,0.999998,0
66888,0,1,0.8898164,0
66889,1,1,0.9999937,1
66890,1,1,0.9999994,1
66891,0,1,0.99997675,0
66892,0,1,0.6187228,0
66893,0,0,0.14566138,1
66894,1,0,0.17119972,0
66895,0,0,0.07211221,1
66896,0,0,0.22755517,1
66897,0,0,0.02693789,1
66898,1,0,0.062160026,0
66899,1,1,0.9874236,1
66900,0,1,0.8053262,0
66901,1,1,1.0,1
66902,0,1,0.7801604,0
66903,1,1,0.9999999,1
66904,0,0,0.256832,1
66905,0,1,0.99999774,0
66906,1,1,0.6722779,1
66907,0,1,0.99999964,0
66908,1,0,0.10856642,0
66909,1,1,0.39408436,1
66910,0,1,1.0,0
66911,1,1,0.99995387,1
66912,1,1,0.6955966,1
66913,1,0,0.17189364,0
66914,0,0,0.1286893,1
66915,0,1,0.6674187,0
66916,0,0,0.05505607,1
66917,1,1,0.99369794,1
66918,1,1,0.99998105,1
66919,0,0,0.2574849,1
66920,1,1,1.0,1
66921,0,0,0.17902763,1
66922,1,1,1.0,1
66923,0,1,0.41149512,0
66924,0,1,0.9987207,0
66925,1,1,0.97889495,1
66926,0,1,0.98089427,0
66927,0,1,0.5921361,0
66928,0,1,0.99999976,0
66929,0,0,0.27129996,1
66930,1,1,1.0,1
66931,0,0,0.15571934,1
66932,1,0,0.043854564,0
66933,1,1,0.9999951,1
66934,1,1,0.9999999,1
66935,1,0,0.32621777,0
66936,0,1,0.4795646,0
66937,1,1,1.0,1
66938,1,0,0.14211279,0
66939,0,1,0.9545204,0
66940,1,0,0.23554772,0
66941,0,1,0.5122656,0
66942,0,1,0.9996118,0
66943,1,1,1.0,1
66944,0,0,0.09227797,1
66945,0,1,0.96964204,0
66946,0,0,0.17695588,1
66947,1,1,0.9241418,1
66948,1,1,0.9405172,1
66949,1,1,0.9999976,1
66950,1,1,0.718545,1
66951,1,1,0.9999875,1
66952,1,1,0.99817204,1
66953,0,1,0.60492414,0
66954,1,1,0.49041867,1
66955,0,1,0.80278754,0
66956,1,1,0.99964714,1
66957,0,1,0.36761072,0
66958,1,1,0.9999919,1
66959,1,1,0.9999881,1
66960,1,1,0.99991584,1
66961,1,1,1.0,1
66962,1,1,0.35432136,1
66963,1,1,0.9914225,1
66964,1,1,0.5170222,1
66965,1,1,0.8937739,1
66966,0,0,0.16438228,1
66967,1,1,1.0,1
66968,0,0,0.2844269,1
66969,1,1,0.9901782,1
66970,0,0,0.07477004,1
66971,0,0,0.014957087,1
66972,1,1,0.9928509,1
66973,0,1,0.988514,0
66974,1,1,1.0,1
66975,1,1,0.9997981,1
66976,0,0,0.105210535,1
66977,0,1,0.8710367,0
66978,0,0,0.19231172,1
66979,1,1,0.82147413,1
66980,1,1,0.9994653,1
66981,1,0,0.16424818,0
66982,0,1,1.0,0
66983,1,1,0.99861956,1
66984,0,1,0.77805966,0
66985,1,1,0.9999733,1
66986,0,1,0.45692468,0
66987,0,0,0.009802816,1
66988,0,0,0.008364238,1
66989,1,1,1.0,1
66990,1,1,0.3687466,1
66991,0,1,0.9994622,0
66992,0,1,0.7510096,0
66993,1,1,0.99999046,1
66994,1,1,0.9993424,1
66995,0,1,0.99792105,0
66996,1,1,0.99709344,1
66997,0,1,0.46584308,0
66998,1,1,0.5212275,1
66999,1,1,0.99999917,1
67000,0,1,0.9681713,0
67001,1,1,0.9999999,1
67002,1,1,0.99999976,1
67003,1,1,0.9901211,1
67004,1,1,0.9684709,1
67005,1,1,0.9988531,1
67006,0,0,0.09268777,1
67007,1,1,0.99999726,1
67008,1,1,0.930395,1
67009,1,1,0.9945201,1
67010,1,1,0.9999993,1
67011,0,0,0.04050277,1
67012,1,1,0.99881905,1
67013,1,1,0.93963695,1
67014,1,1,0.9392481,1
67015,1,1,1.0,1
67016,1,1,0.99759394,1
67017,1,1,0.99980897,1
67018,1,1,0.7256,1
67019,1,1,1.0,1
67020,1,1,0.746139,1
67021,0,0,0.08321738,1
67022,0,0,0.14027737,1
67023,0,0,0.0019456057,1
67024,0,1,0.98685336,0
67025,1,1,0.99987066,1
67026,0,0,0.0551069,1
67027,0,1,0.95995015,0
67028,0,0,0.037256766,1
67029,0,1,0.39082456,0
67030,0,0,0.089057684,1
67031,0,0,0.10539455,1
67032,0,1,0.4829168,0
67033,0,0,0.05470151,1
67034,1,0,0.09955772,0
67035,0,1,0.9999939,0
67036,1,1,1.0,1
67037,0,1,0.9999896,0
67038,1,1,0.9999999,1
67039,0,1,0.37992463,0
67040,1,0,0.030675802,0
67041,0,0,0.22884513,1
67042,0,1,0.35689482,0
67043,0,1,0.4990845,0
67044,1,0,0.12667711,0
67045,0,0,0.010693759,1
67046,0,0,0.054651033,1
67047,1,1,0.9107044,1
67048,1,1,0.8060142,1
67049,1,1,0.95626813,1
67050,0,0,0.26817408,1
67051,1,1,0.9999902,1
67052,0,0,0.16586316,1
67053,1,1,0.9999995,1
67054,1,1,0.48181954,1
67055,1,0,0.10061321,0
67056,1,1,0.8911497,1
67057,1,1,1.0,1
67058,0,0,0.04455598,1
67059,1,0,0.13741668,0
67060,0,1,0.9244834,0
67061,0,0,0.05470151,1
67062,0,1,0.9753196,0
67063,1,1,0.9876401,1
67064,1,1,1.0,1
67065,0,0,0.03073393,1
67066,1,1,0.7526495,1
67067,1,1,1.0,1
67068,1,1,0.989791,1
67069,1,1,0.99998355,1
67070,0,0,0.014447853,1
67071,1,0,0.21436231,0
67072,1,0,0.003930086,0
67073,1,1,1.0,1
67074,1,1,0.9999479,1
67075,0,0,0.34394744,1
67076,0,1,0.99964714,0
67077,1,1,0.9978173,1
67078,1,1,0.999964,1
67079,1,1,0.99508506,1
67080,0,0,0.081959546,1
67081,1,1,0.9999883,1
67082,0,1,0.61341023,0
67083,0,0,0.08850466,1
67084,1,0,0.006217078,0
67085,0,1,0.8238959,0
67086,0,0,0.08203305,1
67087,0,0,0.0640069,1
67088,0,1,0.9974241,0
67089,0,0,0.030157411,1
67090,1,0,0.34903336,0
67091,1,1,1.0,1
67092,0,1,0.84632385,0
67093,1,1,1.0,1
67094,1,1,0.69616497,1
67095,0,0,0.05103542,1
67096,1,1,1.0,1
67097,0,1,0.5274991,0
67098,1,1,0.9980354,1
67099,1,1,0.47609246,1
67100,1,0,0.23065974,0
67101,0,1,0.86385167,0
67102,0,0,0.26218015,1
67103,0,0,0.08811155,1
67104,1,1,0.9999069,1
67105,0,0,0.29401222,1
67106,0,0,0.30095097,1
67107,0,0,0.19528697,1
67108,1,1,0.999956,1
67109,0,0,0.05717659,1
67110,0,1,0.9418149,0
67111,0,1,0.9969066,0
67112,1,1,1.0,1
67113,0,1,1.0,0
67114,1,1,0.94886994,1
67115,1,0,0.020429844,0
67116,0,1,0.64248854,0
67117,1,1,0.99732697,1
67118,1,0,0.2536761,0
67119,0,1,0.99668854,0
67120,0,0,0.005001672,1
67121,0,1,0.99999845,0
67122,0,0,0.03471688,1
67123,1,1,0.99988127,1
67124,1,0,0.3260568,0
67125,0,1,0.96829146,0
67126,0,0,0.103205055,1
67127,0,0,0.027117655,1
67128,1,1,0.9842002,1
67129,0,1,0.9985923,0
67130,1,1,0.9742639,1
67131,0,1,0.5165345,0
67132,1,1,0.9923341,1
67133,0,1,0.9954791,0
67134,1,1,0.99980587,1
67135,1,0,0.0008056567,0
67136,1,1,1.0,1
67137,1,1,0.54171187,1
67138,1,1,0.71913713,1
67139,1,1,0.37182066,1
67140,0,1,0.988425,0
67141,1,0,0.046335038,0
67142,0,0,0.08130065,1
67143,0,0,0.018671406,1
67144,1,0,0.0013276093,0
67145,1,1,0.9986904,1
67146,1,0,0.00204675,0
67147,1,1,0.9999715,1
67148,1,0,0.14128143,0
67149,1,1,1.0,1
67150,1,0,0.28279,0
67151,1,1,0.93980294,1
67152,1,1,0.9878762,1
67153,1,1,0.99997115,1
67154,0,0,0.0064131636,1
67155,1,1,1.0,1
67156,1,0,0.17161581,0
67157,0,0,0.0043399334,1
67158,1,1,1.0,1
67159,0,0,0.082549304,1
67160,1,1,0.9984421,1
67161,0,0,0.1481088,1
67162,0,0,0.028517084,1
67163,1,1,0.9980882,1
67164,0,0,0.2633625,1
67165,0,1,0.8504686,0
67166,0,0,0.21321328,1
67167,1,1,0.7852262,1
67168,0,1,0.532729,0
67169,1,1,0.99996877,1
67170,0,0,0.15361264,1
67171,0,1,0.3761074,0
67172,0,1,0.9912548,0
67173,0,0,0.06693421,1
67174,1,1,1.0,1
67175,0,0,0.31111282,1
67176,1,1,1.0,1
67177,1,1,0.45740935,1
67178,1,1,0.9999982,1
67179,1,1,0.9992267,1
67180,1,1,1.0,1
67181,0,0,0.043854564,1
67182,0,0,0.022011232,1
67183,0,0,0.15412119,1
67184,1,1,0.9999981,1
67185,0,1,0.70130414,0
67186,1,1,0.9673486,1
67187,1,1,0.9999994,1
67188,1,1,1.0,1
67189,0,0,0.027117655,1
67190,0,1,0.99866724,0
67191,1,1,0.67848676,1
67192,0,0,0.12189465,1
67193,1,1,0.9999832,1
67194,0,1,0.8962514,0
67195,0,0,0.07270252,1
67196,1,1,0.883236,1
67197,0,0,0.17175467,1
67198,0,1,0.4259932,0
67199,0,0,0.21166113,1
67200,0,1,0.99975747,0
67201,1,1,0.9994418,1
67202,0,1,0.9720721,0
67203,1,1,0.99999976,1
67204,0,0,0.18315491,1
67205,1,1,0.9939964,1
67206,1,1,0.99975175,1
67207,1,1,0.943086,1
67208,0,0,0.13580413,1
67209,1,1,0.98244,1
67210,1,0,0.34847882,0
67211,1,1,0.8474635,1
67212,1,1,0.8655653,1
67213,1,1,0.9999893,1
67214,1,1,0.96741027,1
67215,1,1,0.9766915,1
67216,0,0,0.27357438,1
67217,0,1,0.97610646,0
67218,1,0,0.07751766,0
67219,0,1,0.99887747,0
67220,1,1,0.9999999,1
67221,0,1,0.8123469,0
67222,1,1,0.999824,1
67223,0,0,0.24826072,1
67224,1,1,0.9999844,1
67225,0,1,0.60498255,0
67226,1,1,0.9997818,1
67227,0,1,0.99999964,0
67228,1,0,0.057864826,0
67229,1,1,1.0,1
67230,1,1,0.98498523,1
67231,0,1,0.8863221,0
67232,1,1,0.999884,1
67233,0,1,0.4327824,0
67234,0,1,0.9999454,0
67235,1,1,1.0,1
67236,0,1,0.37213433,0
67237,0,0,0.05350215,1
67238,0,1,0.6474082,0
67239,0,1,0.776877,0
67240,1,1,0.9999999,1
67241,0,0,0.21354114,1
67242,0,1,0.7390459,0
67243,1,1,0.98524296,1
67244,1,0,0.22661243,0
67245,1,1,0.9829055,1
67246,0,1,0.46927702,0
67247,0,0,0.043325305,1
67248,0,1,0.99999917,0
67249,0,0,0.06030764,1
67250,1,1,0.98662347,1
67251,1,1,1.0,1
67252,1,0,0.13017482,0
67253,1,1,0.9999479,1
67254,1,0,0.11348131,0
67255,0,1,0.9967269,0
67256,0,1,0.66958284,0
67257,1,1,0.9999906,1
67258,0,1,0.43722266,0
67259,1,1,0.88353777,1
67260,1,1,0.47627518,1
67261,1,1,0.83534926,1
67262,1,1,0.9999665,1
67263,0,1,0.98313373,0
67264,0,0,0.090735495,1
67265,1,1,0.9995753,1
67266,1,1,0.53266823,1
67267,0,1,0.99911004,0
67268,0,0,0.027690258,1
67269,0,1,0.9783226,0
67270,1,1,0.93880075,1
67271,0,0,0.07389652,1
67272,0,1,0.9999999,0
67273,1,1,0.9998155,1
67274,1,1,0.45983407,1
67275,1,1,0.99837697,1
67276,0,1,0.929951,0
67277,0,1,0.9999937,0
67278,0,0,0.2351084,1
67279,1,1,0.99989605,1
67280,1,1,0.99952435,1
67281,1,1,0.993255,1
67282,0,0,0.091544405,1
67283,1,0,0.21568096,0
67284,0,0,0.026355354,1
67285,0,0,0.008881674,1
67286,1,1,0.87557435,1
67287,1,1,0.38393,1
67288,1,1,0.9999826,1
67289,1,0,0.14730969,0
67290,0,0,0.10557885,1
67291,0,1,0.9982317,0
67292,0,1,0.3624613,0
67293,1,1,1.0,1
67294,1,1,0.99924755,1
67295,1,1,0.46332285,1
67296,0,0,0.15778463,1
67297,0,1,0.8890481,0
67298,0,1,0.45725787,0
67299,0,1,0.78530854,0
67300,0,1,0.9035498,0
67301,1,1,0.4376132,1
67302,0,0,0.31452408,1
67303,1,1,0.9999552,1
67304,1,1,1.0,1
67305,1,0,0.28022227,0
67306,1,1,0.9999995,1
67307,0,1,0.50671345,0
67308,0,0,0.005730246,1
67309,0,1,0.87674,0
67310,1,1,1.0,1
67311,0,1,0.9418149,0
67312,0,0,0.12474515,1
67313,1,1,0.99956185,1
67314,1,1,0.9500415,1
67315,1,1,1.0,1
67316,1,1,1.0,1
67317,1,1,0.6790191,1
67318,1,1,0.80286485,1
67319,0,0,0.0021573422,1
67320,1,1,0.9999863,1
67321,0,0,0.05075239,1
67322,0,0,0.13268304,1
67323,0,0,0.23204899,1
67324,0,0,0.028140754,1
67325,1,1,0.99605453,1
67326,1,0,0.30399004,0
67327,1,1,0.99826247,1
67328,0,0,0.10762492,1
67329,1,1,0.8976953,1
67330,0,1,0.8726732,0
67331,1,1,0.9999932,1
67332,0,1,0.99999726,0
67333,1,0,0.045141645,0
67334,0,0,0.09955772,1
67335,0,0,0.23792991,1
67336,0,0,0.03971326,1
67337,1,1,1.0,1
67338,1,1,1.0,1
67339,1,1,0.9933975,1
67340,1,1,0.9999994,1
67341,1,1,0.99990535,1
67342,0,1,0.5134245,0
67343,1,1,0.9410069,1
67344,0,1,1.0,0
67345,0,0,0.11476479,1
67346,0,1,0.9970822,0
67347,0,1,0.66285104,0
67348,0,0,0.008283627,1
67349,0,1,0.9982109,0
67350,1,1,0.62475157,1
67351,1,1,0.99847525,1
67352,0,0,0.055566337,1
67353,1,0,0.09113915,0
67354,0,1,0.40930933,0
67355,1,1,0.99987066,1
67356,0,0,0.17960249,1
67357,1,0,0.14199378,0
67358,0,0,0.16995622,1
67359,0,0,0.052376077,1
67360,1,0,0.07892589,0
67361,1,1,1.0,1
67362,1,1,1.0,1
67363,0,0,0.31859115,1
67364,0,1,0.4504198,0
67365,1,0,0.168583,0
67366,1,1,0.99999976,1
67367,1,1,0.924347,1
67368,0,0,0.025516601,1
67369,1,1,0.9984812,1
67370,1,1,0.99966,1
67371,1,1,0.9955576,1
67372,1,1,0.9224824,1
67373,1,1,0.9999987,1
67374,1,1,0.61468315,1
67375,0,0,0.11095189,1
67376,1,1,1.0,1
67377,0,1,0.85145944,0
67378,0,0,0.07030384,1
67379,0,0,0.07477004,1
67380,0,0,0.010448626,1
67381,0,1,0.92338526,0
67382,0,0,0.28761774,1
67383,1,1,0.99999154,1
67384,0,0,0.053304683,1
67385,1,1,0.85034436,1
67386,0,0,0.17476209,1
67387,0,1,0.6315375,0
67388,0,1,0.5663184,0
67389,1,1,0.40236273,1
67390,1,1,0.99999976,1
67391,0,0,0.05775844,1
67392,1,1,0.99999535,1
67393,0,0,0.10687689,1
67394,1,1,0.99999976,1
67395,0,1,0.9996087,0
67396,1,1,0.97730595,1
67397,0,1,0.4274565,0
67398,1,1,0.99995077,1
67399,1,0,0.21174264,0
67400,1,1,0.9999993,1
67401,1,1,1.0,1
67402,1,1,0.97708833,1
67403,0,1,0.97828114,0
67404,1,1,0.97925514,1
67405,0,0,0.0672398,1
67406,1,0,0.019437952,0
67407,0,0,0.2755194,1
67408,1,1,0.95379424,1
67409,0,1,0.9666631,0
67410,1,1,1.0,1
67411,1,1,0.94509614,1
67412,1,1,0.9659317,1
67413,0,1,0.9975514,0
67414,0,0,0.020158019,1
67415,0,0,0.123841666,1
67416,0,0,0.06766981,1
67417,1,1,1.0,1
67418,0,1,0.68452775,0
67419,0,1,0.9998809,0
67420,0,1,0.84117436,0
67421,1,0,0.03615194,0
67422,1,1,1.0,1
67423,0,1,0.9997757,0
67424,1,1,0.9999999,1
67425,1,1,0.5243338,1
67426,0,1,1.0,0
67427,1,1,0.9999999,1
67428,1,0,0.3049206,0
67429,1,1,1.0,1
67430,0,1,0.86025184,0
67431,1,1,0.99987113,1
67432,1,0,0.08064662,0
67433,1,1,0.9999008,1
67434,1,1,1.0,1
67435,1,1,0.9999994,1
67436,1,1,0.99999785,1
67437,0,0,0.2672169,1
67438,0,1,0.37319025,0
67439,0,1,0.91565824,0
67440,0,0,0.2330948,1
67441,0,1,0.99999225,0
67442,1,1,0.99999917,1
67443,0,1,0.9730621,0
67444,1,0,0.0808641,0
67445,1,1,1.0,1
67446,1,0,0.3431216,0
67447,1,1,1.0,1
67448,0,0,0.04556445,1
67449,0,1,0.51092356,0
67450,1,1,0.98527133,1
67451,1,0,0.28002533,0
67452,0,1,0.603815,0
67453,1,0,0.11056715,0
67454,1,1,0.9949397,1
67455,0,1,1.0,0
67456,0,0,0.07146149,1
67457,0,1,0.62079406,0
67458,1,1,0.85669243,1
67459,0,1,0.99756086,0
67460,1,1,0.9999993,1
67461,0,0,0.21485612,1
67462,0,0,0.23283304,1
67463,0,1,0.99996924,0
67464,1,1,0.5212884,1
67465,0,0,0.019946933,1
67466,0,1,0.9088609,0
67467,1,1,0.980375,1
67468,1,1,0.9809856,1
67469,1,1,1.0,1
67470,1,0,0.049865905,0
67471,0,0,0.051893488,1
67472,0,0,0.058722552,1
67473,0,0,0.11008789,1
67474,1,1,0.9999957,1
67475,1,1,0.9998596,1
67476,1,1,0.9970879,1
67477,0,1,0.98799264,0
67478,1,1,0.9995073,1
67479,1,1,0.9904221,1
67480,0,0,0.17106119,1
67481,0,1,1.0,0
67482,1,0,0.26913345,0
67483,1,1,0.9953544,1
67484,1,1,1.0,1
67485,0,1,0.8446654,0
67486,1,1,0.7152749,1
67487,1,1,0.9976495,1
67488,0,1,0.8047131,0
67489,0,1,0.97009856,0
67490,0,1,0.604107,0
67491,1,1,0.4934086,1
67492,0,1,0.99995756,0
67493,0,1,0.98677725,0
67494,1,1,0.9999999,1
67495,1,1,0.5901298,1
67496,1,1,0.999908,1
67497,1,1,0.9769568,1
67498,1,0,0.062273983,0
67499,1,1,1.0,1
67500,0,1,0.7601169,0
67501,0,1,0.94639885,0
67502,1,1,0.9999906,1
67503,0,0,0.2739627,1
67504,0,0,0.08874129,1
67505,1,1,1.0,1
67506,1,1,0.9985104,1
67507,1,0,0.24853417,0
67508,1,1,0.97275317,1
67509,1,1,0.8356178,1
67510,0,0,0.0489941,1
67511,1,0,0.057018865,0
67512,1,1,0.7783125,1
67513,1,1,1.0,1
67514,0,1,0.64918953,0
67515,1,0,0.13986565,0
67516,0,0,0.064830884,1
67517,1,1,0.4802349,1
67518,0,1,0.38346812,0
67519,0,0,0.08803311,1
67520,0,1,0.35927984,0
67521,0,0,0.040275678,1
67522,0,1,0.7941456,0
67523,1,1,0.99952805,1
67524,0,0,0.21272227,1
67525,0,0,0.091058284,1
67526,1,1,0.9999999,1
67527,0,1,0.9404078,0
67528,1,1,0.9860443,1
67529,1,1,1.0,1
67530,1,1,1.0,1
67531,0,1,0.99261135,0
67532,1,0,0.1274896,0
67533,1,1,0.65704346,1
67534,1,1,1.0,1
67535,0,1,1.0,0
67536,1,1,0.51354647,1
67537,1,1,0.41087446,1
67538,0,0,0.33649457,1
67539,1,1,0.99780446,1
67540,1,1,0.9906419,1
67541,0,1,0.99995637,0
67542,1,1,0.9998697,1
67543,0,1,0.9941004,0
67544,1,1,0.9864157,1
67545,0,0,0.044389986,1
67546,0,0,0.095518075,1
67547,0,1,0.87514824,0
67548,0,1,0.99666256,0
67549,0,1,0.42384553,0
67550,0,0,0.059646945,1
67551,1,1,0.8156734,1
67552,1,1,0.9999405,1
67553,0,0,0.28517282,1
67554,0,1,0.93726826,0
67555,0,0,0.27308947,1
67556,0,1,0.72739494,0
67557,1,1,0.86060363,1
67558,1,1,0.99974185,1
67559,0,0,0.22652687,1
67560,0,1,0.9227612,0
67561,1,1,0.99999976,1
67562,1,1,0.9999999,1
67563,0,1,0.45063132,0
67564,1,0,0.111434445,0
67565,0,0,0.10856642,1
67566,1,1,0.99999964,1
67567,1,0,0.2351962,0
67568,1,1,1.0,1
67569,0,0,0.13150749,1
67570,0,0,0.3506437,1
67571,1,1,0.9999974,1
67572,1,1,0.99999714,1
67573,1,1,0.9992387,1
67574,1,1,1.0,1
67575,1,1,0.84581506,1
67576,0,0,0.17967446,1
67577,1,1,0.99999964,1
67578,1,1,1.0,1
67579,1,1,0.99979657,1
67580,1,1,0.9999497,1
67581,0,0,0.1613863,1
67582,0,1,0.5652388,0
67583,1,1,0.98521465,1
67584,1,0,0.01001357,0
67585,0,0,0.11328496,1
67586,0,0,0.033526164,1
67587,1,1,0.9999999,1
67588,1,1,0.8100285,1
67589,1,1,0.9999963,1
67590,1,1,1.0,1
67591,0,1,0.9784466,0
67592,0,0,0.011846234,1
67593,0,1,0.9814,0
67594,1,0,0.15291561,0
67595,0,0,0.19452079,1
67596,1,1,0.9793738,1
67597,1,0,0.2841785,0
67598,0,1,0.9228308,0
67599,0,1,0.93558234,0
67600,1,1,0.9962782,1
67601,0,1,0.7554566,0
67602,0,1,0.9982658,0
67603,1,1,0.9997527,1
67604,1,1,0.83828294,1
67605,0,0,0.04676847,1
67606,1,0,0.1866133,0
67607,0,0,0.23792991,1
67608,0,1,0.9366916,0
67609,1,0,0.17078443,0
67610,1,1,0.9996087,1
67611,0,0,0.19452079,1
67612,0,0,0.0009622126,1
67613,0,0,0.1305623,1
67614,1,0,0.20386599,0
67615,0,1,0.45093358,0
67616,1,0,0.32060856,0
67617,0,1,0.9979652,0
67618,1,1,0.99999475,1
67619,1,0,0.18937114,0
67620,1,1,0.8100285,1
67621,0,0,0.16026603,1
67622,0,1,0.9993242,0
67623,1,1,1.0,1
67624,0,0,0.10176784,1
67625,0,0,0.2515098,1
67626,0,0,0.029256709,1
67627,1,0,0.31195062,0
67628,0,1,0.99986446,0
67629,1,1,0.71408004,1
67630,0,0,0.09186979,1
67631,0,0,0.18162581,1
67632,1,1,0.7567173,1
67633,0,1,0.6337504,0
67634,1,1,0.99992275,1
67635,1,1,0.9965233,1
67636,1,1,0.99210805,1
67637,1,1,0.9999751,1
67638,0,1,0.47929043,0
67639,0,1,1.0,0
67640,1,0,0.09799298,0
67641,1,1,0.9352283,1
67642,1,1,0.99999976,1
67643,0,0,0.07899691,1
67644,1,0,0.034815192,0
67645,1,1,0.9998776,1
67646,0,1,0.44743013,0
67647,0,0,0.15578353,1
67648,0,0,0.022868007,1
67649,0,0,0.18824935,1
67650,0,0,0.24328268,1
67651,1,1,0.9999833,1
67652,0,1,0.9770445,0
67653,1,1,0.9998771,1
67654,1,1,0.7300013,1
67655,1,1,0.9999839,1
67656,1,1,0.55543524,1
67657,0,0,0.00809329,1
67658,1,1,0.99948967,1
67659,0,1,1.0,0
67660,1,1,1.0,1
67661,1,0,0.22695492,0
67662,1,1,1.0,1
67663,1,1,0.9996026,1
67664,1,0,0.019568674,0
67665,1,1,0.9969187,1
67666,1,1,0.94877505,1
67667,0,1,0.9612802,0
67668,1,1,0.7479843,1
67669,1,1,0.9996207,1
67670,1,1,0.9999999,1
67671,1,1,1.0,1
67672,0,0,0.13597612,1
67673,0,0,0.16491956,1
67674,1,1,1.0,1
67675,1,1,0.5450436,1
67676,0,1,0.9212869,0
67677,1,0,0.29543313,0
67678,1,1,0.9263037,1
67679,0,0,0.091058284,1
67680,0,1,0.4013945,0
67681,0,0,0.06687324,1
67682,1,1,0.48117957,1
67683,0,0,0.2414894,1
67684,1,1,0.9999907,1
67685,1,1,0.6099308,1
67686,1,1,0.84859616,1
67687,0,0,0.12168575,1
67688,0,0,0.09334689,1
67689,1,1,0.9986827,1
67690,1,1,0.9999778,1
67691,1,1,1.0,1
67692,1,1,1.0,1
67693,0,0,0.035111748,1
67694,0,0,0.0063512353,1
67695,1,1,1.0,1
67696,1,1,0.906156,1
67697,0,0,0.01678549,1
67698,1,1,1.0,1
67699,0,1,0.70390576,0
67700,0,1,0.47450942,0
67701,0,0,0.0130707845,1
67702,1,0,0.052279223,0
67703,0,0,0.13420753,1
67704,0,1,0.48218527,0
67705,1,1,0.99458355,1
67706,0,1,0.5209838,0
67707,1,1,0.4280242,1
67708,1,1,0.9831661,1
67709,0,1,0.9985619,0
67710,1,1,0.988108,1
67711,1,0,0.21850257,0
67712,1,1,0.7933462,1
67713,1,1,0.99999845,1
67714,0,0,0.0524731,1
67715,1,1,1.0,1
67716,1,1,0.9974291,1
67717,1,1,1.0,1
67718,1,1,1.0,1
67719,1,1,0.53946847,1
67720,0,1,0.9890343,0
67721,1,1,0.9999999,1
67722,1,1,1.0,1
67723,1,0,0.1468197,0
67724,0,0,0.17866908,1
67725,1,1,1.0,1
67726,1,1,0.9424538,1
67727,1,1,0.9272316,1
67728,0,1,0.99262565,0
67729,0,1,0.99083894,0
67730,0,0,0.22910374,1
67731,1,1,0.9991991,1
67732,0,1,0.9675024,0
67733,1,1,0.8394709,1
67734,0,0,0.03038675,1
67735,1,1,1.0,1
67736,0,1,0.9998267,0
67737,0,1,0.90217954,0
67738,0,1,0.6867378,0
67739,0,1,0.9992022,0
67740,0,1,0.41831073,0
67741,1,1,0.9907678,1
67742,1,1,0.9999999,1
67743,1,0,0.25155574,0
67744,0,0,0.08874129,1
67745,1,0,0.12199923,0
67746,1,1,0.9992563,1
67747,1,1,1.0,1
67748,1,1,0.77814394,1
67749,1,1,0.9973888,1
67750,1,1,1.0,1
67751,0,1,0.48361793,0
67752,1,1,1.0,1
67753,1,1,0.99474937,1
67754,1,1,0.99972194,1
67755,0,1,0.44284734,0
67756,0,0,0.19027226,1
67757,0,1,0.9829874,0
67758,1,1,0.9797259,1
67759,0,0,0.06572467,1
67760,0,0,0.020904195,1
67761,0,1,0.6747474,0
67762,1,1,0.96669465,1
67763,1,0,0.0050211498,0
67764,0,0,0.028625505,1
67765,1,1,0.99665606,1
67766,1,1,0.99999905,1
67767,0,1,0.9899476,0
67768,0,0,0.01569379,1
67769,1,1,0.9999989,1
67770,0,0,0.18140818,1
67771,1,1,0.7105781,1
67772,1,1,1.0,1
67773,0,1,0.98780584,0
67774,0,1,0.515498,0
67775,1,1,0.99980134,1
67776,0,0,0.163579,1
67777,1,1,0.9990207,1
67778,1,1,0.46034953,1
67779,1,1,0.99957365,1
67780,0,0,0.2358996,1
67781,1,1,1.0,1
67782,1,1,0.9882902,1
67783,1,1,1.0,1
67784,0,0,0.21117273,1
67785,1,1,1.0,1
67786,0,1,0.47770643,0
67787,0,1,0.97726256,0
67788,0,1,0.99740905,0
67789,1,1,0.4795646,1
67790,1,1,1.0,1
67791,1,1,0.49072373,1
67792,0,0,0.16224726,1
67793,0,1,0.82190347,0
67794,0,0,0.20228556,1
67795,0,1,0.58094656,0
67796,1,1,0.35577488,1
67797,0,0,0.0044597043,1
67798,0,1,0.9995584,0
67799,0,1,0.8597815,0
67800,1,1,0.9998134,1
67801,1,0,0.34953272,0
67802,1,1,0.71696234,1
67803,1,1,0.35942036,1
67804,1,1,1.0,1
67805,1,1,0.99996173,1
67806,1,1,0.99486035,1
67807,1,1,0.99999774,1
67808,1,1,1.0,1
67809,0,1,0.9933589,0
67810,1,1,0.9874721,1
67811,1,1,0.6856864,1
67812,1,1,1.0,1
67813,1,1,0.9947901,1
67814,0,0,0.09434341,1
67815,1,1,0.9998981,1
67816,1,1,0.9697854,1
67817,1,1,1.0,1
67818,0,0,0.2549725,1
67819,0,1,0.9456509,0
67820,1,1,0.9999999,1
67821,0,1,0.9947901,0
67822,1,1,0.9999995,1
67823,1,1,1.0,1
67824,1,1,0.43647188,1
67825,0,1,0.91383046,0
67826,1,0,0.2796809,0
67827,1,1,0.9999994,1
67828,0,0,0.20833994,1
67829,0,1,0.60293865,0
67830,0,0,0.02884354,1
67831,0,0,0.021491766,1
67832,1,1,0.37122214,1
67833,1,1,1.0,1
67834,1,1,1.0,1
67835,1,1,0.9999821,1
67836,0,0,0.055515114,1
67837,1,1,1.0,1
67838,1,1,0.99913234,1
67839,1,1,0.9999989,1
67840,1,1,0.99407744,1
67841,0,0,0.28101084,1
67842,0,0,0.050611433,1
67843,1,1,0.9079672,1
67844,1,1,0.99915075,1
67845,1,1,0.7926248,1
67846,1,0,0.30007854,0
67847,1,0,0.21992333,0
67848,0,1,0.9981933,0
67849,0,1,0.99458355,0
67850,1,1,1.0,1
67851,0,1,0.9999981,0
67852,0,0,0.18227991,1
67853,1,1,0.99996424,1
67854,1,1,0.99986494,1
67855,1,0,0.012624949,0
67856,0,0,0.07654563,1
67857,1,1,0.9520419,1
67858,1,1,0.99998915,1
67859,1,1,0.38300645,1
67860,1,0,0.060363002,0
67861,0,1,0.9978594,0
67862,0,1,0.6568234,0
67863,0,1,0.9480103,0
67864,1,1,0.749179,1
67865,1,1,0.9999689,1
67866,1,0,0.20181322,0
67867,1,1,0.9998293,1
67868,1,1,0.42170066,1
67869,0,1,0.99273914,0
67870,1,0,0.21485612,0
67871,1,1,0.98971164,1
67872,0,0,0.30647516,1
67873,1,0,0.047602654,0
67874,0,0,0.13117322,1
67875,0,1,1.0,0
67876,0,0,0.12495856,1
67877,0,1,0.9999924,0
67878,0,0,0.004399413,1
67879,1,1,0.5562188,1
67880,0,1,0.9996087,0
67881,1,0,0.1240007,0
67882,0,0,0.14021848,1
67883,1,0,0.07490528,0
67884,1,0,0.29123276,0
67885,1,1,0.9720191,1
67886,0,1,0.9956346,0
67887,1,1,0.9939261,1
67888,1,1,1.0,1
67889,1,1,0.8299059,1
67890,0,0,0.048405956,1
67891,0,0,0.024122424,1
67892,0,0,0.11230769,1
67893,0,0,0.3226327,1
67894,0,0,0.05261895,1
67895,1,1,0.99999785,1
67896,0,0,0.14004198,1
67897,0,0,0.2613309,1
67898,1,1,1.0,1
67899,0,1,0.99622726,0
67900,1,1,0.98617804,1
67901,1,0,0.08748585,0
67902,1,1,0.54274213,1
67903,0,0,0.11308892,1
67904,1,1,0.99992967,1
67905,1,1,0.9999249,1
67906,0,1,0.9996953,0
67907,0,0,0.118998006,1
67908,1,1,0.99951124,1
67909,1,1,0.98571813,1
67910,0,1,0.9999988,0
67911,0,1,0.8146434,0
67912,1,0,0.0042398255,0
67913,0,1,0.93593454,0
67914,0,0,0.2931009,1
67915,1,1,0.9999505,1
67916,1,1,1.0,1
67917,0,0,0.3270232,1
67918,1,1,0.99999964,1
67919,0,0,0.109324835,1
67920,0,1,0.7100758,0
67921,1,1,0.9999999,1
67922,0,0,0.12506539,1
67923,0,1,0.82587075,0
67924,1,1,0.9999989,1
67925,0,1,0.47298777,0
67926,0,1,0.9961903,0
67927,1,1,0.9999896,1
67928,0,0,0.08479541,1
67929,0,0,0.07243961,1
67930,0,1,0.9987625,0
67931,0,1,0.81390494,0
67932,0,0,0.29188833,1
67933,1,1,0.9975514,1
67934,1,0,0.2351962,0
67935,1,1,0.99987566,1
67936,1,0,0.12002561,0
67937,0,1,0.54570943,0
67938,0,0,0.12023207,1
67939,1,1,0.9797259,1
67940,1,1,0.99980897,1
67941,0,1,0.9999999,0
67942,1,1,0.9657061,1
67943,1,1,0.5535656,1
67944,1,1,0.9987864,1
67945,1,1,1.0,1
67946,0,0,0.3292839,1
67947,0,1,0.9793738,0
67948,0,1,0.9999567,0
67949,1,1,1.0,1
67950,0,1,0.99767226,0
67951,1,1,0.8076124,1
67952,1,0,0.06935241,0
67953,1,1,0.5092763,1
67954,0,0,0.32659352,1
67955,0,1,0.4259335,0
67956,0,0,0.3270232,1
67957,1,1,1.0,1
67958,0,1,0.868938,0
67959,1,1,0.9604726,1
67960,0,1,0.5771379,0
67961,1,1,0.6968358,1
67962,1,1,0.98819935,1
67963,0,1,0.6005398,0
67964,1,0,0.028194217,0
67965,1,1,0.9999924,1
67966,0,0,0.06412401,1
67967,1,1,1.0,1
67968,1,1,0.98067343,1
67969,0,1,0.98680264,0
67970,1,1,0.99999976,1
67971,1,0,0.1056711,0
67972,0,1,0.99999046,0
67973,1,1,0.99996746,1
67974,1,1,0.38245857,1
67975,0,0,0.07800791,1
67976,1,1,1.0,1
67977,1,1,0.99999774,1
67978,1,1,1.0,1
67979,1,1,0.9961681,1
67980,0,0,0.07654563,1
67981,0,1,0.9996437,0
67982,1,1,0.964355,1
67983,1,1,1.0,1
67984,0,0,0.32231262,1
67985,1,1,1.0,1
67986,1,1,0.9999484,1
67987,1,0,0.1218424,0
67988,1,1,1.0,1
67989,1,0,0.19582467,0
67990,0,1,0.9186994,0
67991,1,1,0.99997973,1
67992,1,1,0.8586,1
67993,1,1,0.9794133,1
67994,1,1,1.0,1
67995,1,1,0.7923839,1
67996,1,0,0.20173456,0
67997,0,0,0.27830583,1
67998,0,1,0.95494246,0
67999,0,0,0.070623666,1
68000,1,1,0.9405718,1
68001,0,0,0.09756222,1
68002,1,0,0.23423143,0
68003,1,1,0.65781325,1
68004,1,1,1.0,1
68005,0,0,0.28422818,1
68006,1,1,1.0,1
68007,0,0,0.010986943,1
68008,0,0,0.033054754,1
68009,0,1,0.61941373,0
68010,0,0,0.2948745,1
68011,0,1,0.44915098,0
68012,0,1,0.9989556,0
68013,1,1,0.99999964,1
68014,1,1,0.99999046,1
68015,0,1,0.9980994,0
68016,1,0,0.17823958,0
68017,0,0,0.004829722,1
68018,1,0,0.0072608665,0
68019,0,1,0.950411,0
68020,0,1,0.7349764,0
68021,1,1,0.9999982,1
68022,1,1,1.0,1
68023,1,1,0.99999976,1
68024,1,1,0.4923712,1
68025,1,0,0.24166831,0
68026,1,1,0.621828,1
68027,0,0,0.044431433,1
68028,0,0,0.07654563,1
68029,1,1,0.5759458,1
68030,0,0,0.19490358,1
68031,0,1,0.8315539,0
68032,0,1,0.9925827,0
68033,0,0,0.23908274,1
68034,0,1,0.64472854,0
68035,1,1,1.0,1
68036,0,1,0.99986494,0
68037,0,0,0.066629894,1
68038,1,1,0.99999774,1
68039,0,0,0.08874129,1
68040,1,1,0.99999976,1
68041,1,1,0.98498523,1
68042,0,1,0.5117776,0
68043,1,1,1.0,1
68044,0,1,0.8562122,0
68045,0,1,0.94957596,0
68046,1,1,1.0,1
68047,1,1,0.9999969,1
68048,0,1,0.3913187,0
68049,0,1,0.99861693,0
68050,0,0,0.017883008,1
68051,1,1,0.99448806,1
68052,0,0,0.15115306,1
68053,0,1,0.76100606,0
68054,0,1,0.50112915,0
68055,1,1,1.0,1
68056,1,1,0.4804787,1
68057,1,1,1.0,1
68058,1,0,0.013146587,0
68059,1,0,0.31205544,0
68060,1,1,0.95998776,1
68061,0,1,0.38664764,0
68062,0,1,0.99783844,0
68063,1,1,0.78199726,1
68064,1,1,0.99967873,1
68065,1,1,0.99999976,1
68066,1,1,0.8433798,1
68067,1,1,0.99988127,1
68068,0,0,0.078148484,1
68069,0,0,0.07793769,1
68070,0,0,0.13892843,1
68071,1,1,0.9999988,1
68072,1,0,0.13161905,0
68073,1,1,1.0,1
68074,1,0,0.000328866,0
68075,1,0,0.12002561,0
68076,0,1,0.7777222,0
68077,1,1,0.9534488,1
68078,0,0,0.04455598,1
68079,0,1,0.7998335,0
68080,0,0,0.16324526,1
68081,1,0,0.08284563,0
68082,0,1,0.52342033,0
68083,0,1,0.99962807,0
68084,0,1,0.76594365,0
68085,0,1,0.9456007,0
68086,1,0,0.14438999,0
68087,0,0,0.07551658,1
68088,0,0,0.1746917,1
68089,0,1,0.98739934,0
68090,0,1,1.0,0
68091,1,1,0.98302,1
68092,0,1,0.47533134,0
68093,0,1,0.9449439,0
68094,1,1,0.99989486,1
68095,1,1,1.0,1
68096,0,1,0.98184055,0
68097,1,1,0.99998724,1
68098,1,1,0.99729556,1
68099,0,1,0.98469365,0
68100,0,0,0.10230471,1
68101,1,1,0.9814534,1
68102,1,1,1.0,1
68103,0,0,0.02573606,1
68104,1,1,0.38757443,1
68105,1,1,1.0,1
68106,0,0,0.040464837,1
68107,0,1,0.98215127,0
68108,1,0,0.03814243,0
68109,1,1,0.99999654,1
68110,0,0,0.14602636,1
68111,1,1,0.8822251,1
68112,0,1,0.99882597,0
68113,1,1,0.9994777,1
68114,0,1,0.548613,0
68115,0,0,0.10856642,1
68116,1,1,0.9999995,1
68117,1,1,1.0,1
68118,0,0,0.035611417,1
68119,0,1,0.5066524,0
68120,0,0,0.15034041,1
68121,0,1,0.9961004,0
68122,1,1,1.0,1
68123,0,0,0.11566073,1
68124,1,1,0.999997,1
68125,1,1,0.9551521,1
68126,1,0,0.06638737,0
68127,1,1,0.9999914,1
68128,0,1,0.988085,0
68129,0,0,0.1603975,1
68130,0,0,0.17838266,1
68131,1,1,1.0,1
68132,0,0,0.025982061,1
68133,1,1,0.99999726,1
68134,1,1,0.39589298,1
68135,0,1,0.9925103,0
68136,0,1,0.83467656,0
68137,1,1,0.99911004,1
68138,1,1,0.98427594,1
68139,0,1,0.56247693,0
68140,1,0,0.18892181,0
68141,1,1,0.99832565,1
68142,1,1,0.43242285,1
68143,1,1,0.9868787,1
68144,1,1,1.0,1
68145,1,1,0.89190525,1
68146,1,1,0.99999857,1
68147,1,1,0.9969957,1
68148,0,0,0.10311471,1
68149,1,0,0.105210535,0
68150,0,1,0.99615306,0
68151,1,1,0.8626991,1
68152,0,1,0.99999857,0
68153,1,1,0.9999999,1
68154,1,1,0.99999976,1
68155,1,1,1.0,1
68156,0,0,0.28821838,1
68157,1,1,0.9999875,1
68158,1,0,0.25729823,0
68159,1,1,0.9999515,1
68160,1,1,0.9999987,1
68161,1,1,0.999974,1
68162,0,0,0.15310545,1
68163,1,1,0.99788433,1
68164,1,1,0.99985397,1
68165,1,1,0.6099889,1
68166,0,0,0.05218253,1
68167,0,0,0.056809194,1
68168,0,0,0.008968054,1
68169,0,1,0.50305176,0
68170,0,1,0.999015,0
68171,0,0,0.1454792,1
68172,1,0,0.22143486,0
68173,1,0,0.15571934,0
68174,1,1,1.0,1
68175,0,0,0.2165081,1
68176,0,0,0.13072868,1
68177,0,1,0.60147655,0
68178,0,0,0.0962801,1
68179,1,0,0.058938842,0
68180,1,1,0.9999826,1
68181,1,1,0.9989818,1
68182,1,1,0.99522626,1
68183,0,1,0.6388916,0
68184,1,0,0.17624585,0
68185,0,0,0.004182494,1
68186,0,1,0.4383644,0
68187,1,1,0.8054792,1
68188,0,0,0.20418316,1
68189,0,0,0.04501553,1
68190,1,0,0.02859836,0
68191,1,1,0.99997234,1
68192,0,0,0.15863001,1
68193,1,1,1.0,1
68194,1,1,0.8838389,1
68195,1,0,0.061143138,0
68196,1,1,0.99999976,1
68197,0,0,0.32955354,1
68198,1,0,0.18198897,0
68199,1,1,1.0,1
68200,0,0,0.14181541,1
68201,1,0,0.068975195,0
68202,1,1,0.9999652,1
68203,1,1,0.9877587,1
68204,1,0,0.22456521,0
68205,0,1,0.797478,0
68206,0,0,0.04418332,1
68207,0,0,0.27144477,1
68208,1,1,0.99010193,1
68209,0,0,0.042206,1
68210,1,1,0.9999187,1
68211,0,1,0.9986904,0
68212,1,1,0.99991214,1
68213,1,1,0.99998784,1
68214,0,1,0.9784466,0
68215,1,1,0.9999931,1
68216,1,1,0.87568074,1
68217,1,0,0.33573186,0
68218,1,1,0.39044678,1
68219,0,1,0.9505489,0
68220,0,1,0.6709857,0
68221,0,0,0.02640552,1
68222,1,1,0.4058019,1
68223,0,1,0.8873023,0
68224,1,1,1.0,1
68225,1,1,0.99975556,1
68226,1,1,0.999997,1
68227,1,0,0.034068275,0
68228,0,0,0.08144666,1
68229,1,0,0.2043419,0
68230,1,0,0.051605962,0
68231,1,0,0.15869519,0
68232,0,0,0.031143833,1
68233,0,0,0.28274047,1
68234,1,1,1.0,1
68235,1,0,0.11797801,0
68236,1,1,0.99999785,1
68237,1,0,0.09842541,0
68238,0,1,1.0,0
68239,0,0,0.08108211,1
68240,0,1,0.52476,0
68241,0,0,0.16572809,1
68242,0,0,0.08961382,1
68243,1,1,0.38041362,1
68244,0,1,0.35281476,0
68245,1,1,0.8089743,1
68246,1,0,0.20386599,0
68247,0,1,0.90397453,0
68248,0,0,0.10176784,1
68249,1,1,0.9977787,1
68250,0,0,0.010348136,1
68251,1,1,1.0,1
68252,1,1,1.0,1
68253,1,0,0.20955054,0
68254,1,1,0.9517288,1
68255,1,1,0.99628556,1
68256,0,1,0.3517563,0
68257,1,1,0.99999917,1
68258,0,1,0.99984217,0
68259,1,1,1.0,1
68260,1,1,0.99995863,1
68261,0,0,0.1308397,1
68262,0,0,0.036117923,1
68263,0,1,0.6166473,0
68264,0,1,0.7525585,0
68265,0,0,0.014985891,1
68266,1,1,0.9158842,1
68267,0,1,0.73573655,0
68268,0,0,0.12437245,1
68269,1,1,0.3628563,1
68270,1,1,0.99720997,1
68271,0,1,0.9959299,0
68272,0,0,0.069289416,1
68273,1,1,1.0,1
68274,0,1,0.9732661,0
68275,1,1,1.0,1
68276,1,0,0.056600258,0
68277,0,0,0.07409726,1
68278,0,1,0.9813643,0
68279,0,1,0.9947595,0
68280,1,1,0.36342093,1
68281,1,1,0.9629877,1
68282,1,1,0.988514,1
68283,1,0,0.18082884,0
68284,1,1,0.97074324,1
68285,1,1,0.41795433,1
68286,1,1,1.0,1
68287,0,1,0.61555016,0
68288,0,0,0.09653531,1
68289,1,1,0.982591,1
68290,0,0,0.0018137436,1
68291,1,0,0.2757144,0
68292,0,0,0.1635122,1
68293,1,0,0.09244169,0
68294,1,1,0.6597889,1
68295,0,0,0.2026798,1
68296,1,1,0.79549927,1
68297,0,0,0.069921836,1
68298,0,1,0.79502225,0
68299,0,1,0.9932811,0
68300,0,0,0.14384791,1
68301,1,1,1.0,1
68302,1,1,0.99990726,1
68303,1,1,0.9988004,1
68304,0,0,0.15908672,1
68305,0,1,0.71408004,0
68306,1,0,0.024469672,0
68307,1,1,0.99995637,1
68308,1,1,1.0,1
68309,1,1,0.99999976,1
68310,1,1,0.99956864,1
68311,1,1,0.6910284,1
68312,1,1,0.99460465,1
68313,1,1,0.99690056,1
68314,1,1,0.6972483,1
68315,0,1,0.6972483,0
68316,1,1,1.0,1
68317,0,0,0.04773565,1
68318,1,1,0.99983525,1
68319,1,1,0.9600252,1
68320,0,1,0.99771726,0
68321,0,0,0.047646955,1
68322,0,1,0.3869951,0
68323,1,1,0.9234544,1
68324,0,1,0.5274383,0
68325,0,0,0.17859745,1
68326,0,1,0.6861073,0
68327,0,0,0.088820286,1
68328,0,0,0.26274723,1
68329,1,1,0.741674,1
68330,1,1,0.9881309,1
68331,0,1,0.9999558,0
68332,1,1,0.99999976,1
68333,0,1,0.99495924,0
68334,1,1,0.997813,1
68335,1,1,0.742048,1
68336,0,1,0.9915216,0
68337,0,0,0.09679113,1
68338,1,1,1.0,1
68339,1,1,0.9994777,1
68340,1,0,0.13986565,0
68341,1,1,1.0,1
68342,1,1,0.5829066,1
68343,1,1,0.9276915,1
68344,1,1,0.9996718,1
68345,0,0,0.012503792,1
68346,0,1,0.90582335,0
68347,1,1,0.99999964,1
68348,1,1,0.78825736,1
68349,1,1,0.9987257,1
68350,1,1,0.9969897,1
68351,1,1,0.99477994,1
68352,1,1,1.0,1
68353,0,1,0.36959946,0
68354,1,1,1.0,1
68355,0,1,0.3541538,0
68356,0,1,0.36959946,0
68357,0,1,0.86737317,0
68358,1,1,0.9429286,1
68359,0,1,0.98780584,0
68360,0,0,0.1377643,1
68361,1,1,0.99992156,1
68362,0,0,0.16783156,1
68363,0,1,0.95731777,0
68364,1,1,0.36749724,1
68365,1,0,0.3477586,0
68366,0,0,0.049589023,1
68367,0,0,0.04260254,1
68368,1,1,0.9589625,1
68369,1,1,0.9994547,1
68370,1,1,0.9999999,1
68371,0,0,0.074635044,1
68372,0,0,0.12426614,1
68373,0,1,0.72413933,0
68374,1,1,0.5583872,1
68375,1,0,0.08203305,0
68376,1,1,0.99999845,1
68377,1,1,0.99929726,1
68378,0,1,0.99997556,0
68379,0,0,0.08144666,1
68380,0,1,0.48261198,0
68381,1,1,0.9999989,1
68382,1,1,0.99566,1
68383,0,1,0.572185,0
68384,0,1,0.99946314,0
68385,0,0,0.021125194,1
68386,0,1,0.9605466,0
68387,0,1,0.9999454,0
68388,1,1,0.99937975,1
68389,0,0,0.06785488,1
68390,0,1,0.5757073,0
68391,0,1,0.9999995,0
68392,0,0,0.32487765,1
68393,0,0,0.047602654,1
68394,1,1,0.9395816,1
68395,1,1,0.9932681,1
68396,1,1,0.992062,1
68397,0,0,0.11940814,1
68398,1,1,0.66175896,1
68399,1,1,0.9996941,1
68400,1,1,1.0,1
68401,0,1,0.9999987,0
68402,1,1,0.45132652,1
68403,1,1,0.8986777,1
68404,0,1,0.9994547,0
68405,0,1,0.99722075,0
68406,0,0,0.093760945,1
68407,0,1,0.99813974,0
68408,0,1,0.4227727,0
68409,1,1,0.9979966,1
68410,1,1,0.9997459,1
68411,1,0,0.21428008,0
68412,1,1,0.6291482,1
68413,1,0,0.22109832,0
68414,1,0,0.30105373,0
68415,1,1,1.0,1
68416,1,1,0.9413314,1
68417,1,1,1.0,1
68418,0,0,0.047293693,1
68419,1,1,1.0,1
68420,1,0,0.03038675,0
68421,1,1,0.99997747,1
68422,1,0,0.089933,0
68423,1,1,0.9999999,1
68424,0,1,0.69435453,0
68425,1,1,0.9996147,1
68426,1,1,0.9781772,1
68427,1,1,0.9999684,1
68428,1,1,0.99939644,1
68429,1,1,0.99999917,1
68430,1,0,0.23014024,0
68431,1,1,0.99999917,1
68432,1,0,0.13330236,0
68433,1,1,0.99999726,1
68434,0,1,0.99993217,0
68435,0,1,0.4990845,0
68436,1,1,0.98913974,1
68437,0,0,0.0842664,1
68438,0,0,0.1192542,1
68439,1,0,0.32034272,0
68440,1,1,0.52780336,1
68441,1,1,0.99631435,1
68442,0,1,0.99999213,0
68443,1,1,0.8965235,1
68444,0,0,0.038285997,1
68445,0,0,0.11910043,1
68446,0,0,0.19072402,1
68447,0,0,0.28532216,1
68448,1,1,0.9076402,1
68449,0,0,0.0224785,1
68450,1,0,0.033844035,0
68451,0,0,0.10951515,1
68452,1,0,0.19837458,0
68453,0,1,0.91452,0
68454,1,1,0.99999917,1
68455,1,1,0.99985623,1
68456,0,1,0.77670765,0
68457,0,1,0.93033177,0
68458,1,1,0.8687154,1
68459,0,1,0.5550735,0
68460,0,0,0.14792407,1
68461,1,1,0.99764496,1
68462,0,0,0.18025091,1
68463,0,1,0.76960015,0
68464,1,1,0.67109346,1
68465,0,1,0.632446,0
68466,0,1,0.7999117,0
68467,1,1,0.46803072,1
68468,1,1,0.98977125,1
68469,1,0,0.2220247,0
68470,1,0,0.11008789,0
68471,1,1,1.0,1
68472,1,1,0.92976,1
68473,0,1,0.9984084,0
68474,1,1,0.99999976,1
68475,1,1,0.996123,1
68476,1,1,0.40992925,1
68477,1,1,0.99767226,1
68478,1,1,0.9999722,1
68479,1,0,0.089853115,0
68480,1,0,0.24006127,0
68481,1,1,0.99997807,1
68482,1,1,0.9582261,1
68483,0,0,0.08336651,1
68484,0,1,0.63742584,0
68485,0,1,0.8983214,0
68486,0,1,0.7725306,0
68487,0,0,0.14151855,1
68488,1,0,0.04344689,0
68489,1,1,0.9998785,1
68490,0,0,0.14247034,1
68491,1,1,0.88463855,1
68492,1,1,1.0,1
68493,0,1,0.8863221,0
68494,0,0,0.0061450917,1
68495,0,1,0.91452,0
68496,0,1,0.99994755,0
68497,1,1,0.8057851,1
68498,1,0,0.029591372,0
68499,0,1,0.68789214,0
68500,0,1,0.8708172,0
68501,0,1,0.69523466,0
68502,0,0,0.1185891,1
68503,1,1,0.9971607,1
68504,0,0,0.11656275,1
68505,1,1,0.9999987,1
68506,0,0,0.30970183,1
68507,1,1,0.79286546,1
68508,0,1,0.9998741,0
68509,1,1,0.9759235,1
68510,1,1,0.9944666,1
68511,0,1,0.52074003,0
68512,1,0,0.08748585,0
68513,1,1,0.9997508,1
68514,0,1,0.7807461,0
68515,0,0,0.08834723,1
68516,0,0,0.20713452,1
68517,0,1,0.65671337,0
68518,0,0,0.018334452,1
68519,1,1,0.9993345,1
68520,0,1,0.9960776,0
68521,1,1,0.6759251,1
68522,1,0,0.023916386,0
68523,1,1,1.0,1
68524,0,0,0.2671213,1
68525,0,1,0.9999999,0
68526,0,0,0.2256725,1
68527,1,1,0.54722214,1
68528,1,1,1.0,1
68529,0,1,0.7488118,0
68530,1,1,0.9999707,1
68531,0,1,0.5384372,0
68532,0,1,0.9994536,0
68533,0,1,0.9999963,0
68534,1,1,0.9997631,1
68535,1,1,1.0,1
68536,0,1,0.96765566,0
68537,0,1,0.7814974,0
68538,1,1,0.99914074,1
68539,0,0,0.09534946,1
68540,1,1,0.78108025,1
68541,1,1,0.9949886,1
68542,1,1,0.9591543,1
68543,1,1,1.0,1
68544,1,1,0.98651993,1
68545,1,0,0.06244529,0
68546,1,1,0.8969756,1
68547,0,1,0.53758764,0
68548,1,1,0.99978846,1
68549,1,1,0.99997306,1
68550,0,0,0.11904921,1
68551,1,1,1.0,1
68552,1,1,0.97678024,1
68553,1,1,0.6720627,1
68554,1,1,0.65494996,1
68555,1,1,0.9996295,1
68556,1,1,0.95911604,1
68557,0,1,0.8894329,0
68558,1,1,0.99999857,1
68559,0,0,0.2900248,1
68560,1,1,0.99979585,1
68561,0,1,0.9999999,0
68562,0,1,0.99968255,0
68563,0,0,0.028652672,1
68564,0,1,1.0,0
68565,0,0,0.0770997,1
68566,1,1,0.9997594,1
68567,1,1,1.0,1
68568,0,1,0.98340684,0
68569,1,1,1.0,1
68570,0,1,0.6183772,0
68571,1,1,0.9901972,1
68572,1,1,0.9073943,1
68573,1,1,0.9990396,1
68574,1,1,1.0,1
68575,1,0,0.08487122,0
68576,1,1,0.9999981,1
68577,0,0,0.10230471,1
68578,1,1,0.9999914,1
68579,0,0,0.06566473,1
68580,0,1,0.6370872,0
68581,0,1,0.9984053,0
68582,1,1,0.999688,1
68583,0,1,0.99604684,0
68584,0,1,0.90183425,0
68585,0,0,0.0028560124,1
68586,1,0,0.046033904,0
68587,1,1,0.99494946,1
68588,1,1,0.99997663,1
68589,0,0,0.055823144,1
68590,1,1,0.99984765,1
68591,0,0,0.26759952,1
68592,1,1,0.9999995,1
68593,1,1,0.8518296,1
68594,0,1,0.999433,0
68595,1,1,0.6556117,1
68596,1,1,1.0,1
68597,0,1,0.99999964,0
68598,1,1,0.9999957,1
68599,1,1,0.6249232,1
68600,1,1,0.99999714,1
68601,1,1,1.0,1
68602,1,0,0.09484525,0
68603,1,1,0.9999944,1
68604,1,0,0.057018865,0
68605,0,1,0.9873018,0
68606,1,0,0.061762713,0
68607,0,0,0.036734894,1
68608,0,0,0.0026419468,1
68609,0,0,0.10715685,1
68610,0,0,0.058560826,1
68611,1,1,1.0,1
68612,1,1,0.85403454,1
68613,0,0,0.19528697,1
68614,0,1,0.57146764,0
68615,0,1,0.6074885,0
68616,1,1,0.35942036,1
68617,0,1,0.7577944,0
68618,0,1,0.943086,0
68619,1,1,1.0,1
68620,1,1,0.6757111,1
68621,1,1,0.99999964,1
68622,1,1,0.99984527,1
68623,1,1,1.0,1
68624,0,0,0.14639206,1
68625,1,1,0.967163,1
68626,1,1,0.6522968,1
68627,0,0,0.059155874,1
68628,0,0,0.2032327,1
68629,0,0,0.022846196,1
68630,1,1,0.5448014,1
68631,0,0,0.07551658,1
68632,1,1,0.99998426,1
68633,0,0,0.32621777,1
68634,1,1,0.9912378,1
68635,1,1,1.0,1
68636,1,1,0.98056203,1
68637,0,0,0.019493869,1
68638,1,1,0.99999857,1
68639,0,0,0.12592277,1
68640,1,1,1.0,1
68641,0,0,0.026581828,1
68642,1,1,0.9499023,1
68643,1,1,0.72238016,1
68644,0,0,0.2971639,1
68645,1,1,0.7315863,1
68646,0,0,0.022802634,1
68647,1,0,0.13546064,0
68648,0,1,0.99914575,0
68649,0,1,0.999572,0
68650,1,1,1.0,1
68651,1,1,1.0,1
68652,1,0,0.12635334,0
68653,1,0,0.16145241,0
68654,1,1,0.99603915,1
68655,0,1,0.9439706,0
68656,1,1,0.99997246,1
68657,0,1,0.3648907,0
68658,0,1,0.8862236,0
68659,0,0,0.13695431,1
68660,1,1,0.99749833,1
68661,1,1,0.915356,1
68662,1,1,0.99997354,1
68663,1,1,1.0,1
68664,0,0,0.0815929,1
68665,1,1,1.0,1
68666,0,1,0.9999733,0
68667,1,1,0.9545628,1
68668,1,1,0.9997749,1
68669,0,0,0.15342228,1
68670,0,0,0.21958841,1
68671,1,0,0.064653486,0
68672,1,1,1.0,1
68673,1,0,0.043854564,0
68674,1,1,0.9909622,1
68675,0,1,0.3829488,0
68676,1,0,0.1810459,0
68677,1,1,1.0,1
68678,0,0,0.2216875,1
68679,0,1,0.9999994,0
68680,0,1,0.99998975,0
68681,0,0,0.024469672,1
68682,0,0,0.28427786,1
68683,0,0,0.09268777,1
68684,0,0,0.16694687,1
68685,1,1,0.97730595,1
68686,1,1,0.92683524,1
68687,1,1,0.6249232,1
68688,1,0,0.13335878,0
68689,1,1,0.9576754,1
68690,1,1,0.86601925,1
68691,1,1,0.49957275,1
68692,0,1,0.9629179,0
68693,1,1,1.0,1
68694,1,0,0.013428254,0
68695,0,1,0.9827406,0
68696,1,0,0.040692955,0
68697,0,0,0.13517499,1
68698,1,1,0.9999976,1
68699,0,0,0.056704637,1
68700,0,0,0.07382971,1
68701,1,1,0.5444381,1
68702,0,0,0.18742996,1
68703,1,1,0.999995,1
68704,0,1,0.9997893,0
68705,0,0,0.02931223,1
68706,1,1,0.9352283,1
68707,0,1,0.8030194,0
68708,1,1,0.9998505,1
68709,1,1,0.99999976,1
68710,0,0,0.17874077,1
68711,1,1,0.954393,1
68712,0,0,0.062388144,1
68713,0,0,0.046335038,1
68714,1,1,0.96395,1
68715,0,1,0.3635904,0
68716,0,0,0.02138932,1
68717,0,1,0.87191176,0
68718,0,1,0.982117,0
68719,1,0,0.083515875,0
68720,1,1,0.87245613,1
68721,0,1,0.7977145,0
68722,1,1,0.99750805,1
68723,0,0,0.29370826,1
68724,1,0,0.23109324,0
68725,0,1,0.5341873,0
68726,0,1,0.9996451,0
68727,1,1,1.0,1
68728,1,0,0.01083937,0
68729,0,1,0.96458924,0
68730,1,1,0.80685264,1
68731,1,0,0.15115306,0
68732,1,1,0.9883802,1
68733,0,0,0.059319146,1
68734,1,1,0.99999976,1
68735,1,1,0.98067343,1
68736,1,1,0.67033863,1
68737,0,0,0.2893717,1
68738,1,1,0.99937373,1
68739,1,0,0.21272227,0
68740,0,0,0.021512313,1
68741,0,1,0.5925487,0
68742,1,1,0.60358137,1
68743,0,1,0.99976677,0
68744,1,1,0.99996233,1
68745,1,1,0.9999939,1
68746,1,1,0.9973888,1
68747,1,1,1.0,1
68748,0,0,0.09636511,1
68749,1,1,0.9155828,1
68750,0,0,0.21370518,1
68751,1,1,0.9993845,1
68752,1,1,0.8524448,1
68753,0,1,0.9901782,0
68754,0,0,0.04340633,1
68755,1,1,1.0,1
68756,1,1,0.99603915,1
68757,1,1,0.99374664,1
68758,1,1,0.67044646,1
68759,0,1,0.87439936,0
68760,1,0,0.15642679,0
68761,1,1,0.9924666,1
68762,1,1,1.0,1
68763,1,1,0.53376204,1
68764,1,1,1.0,1
68765,1,1,0.8193158,1
68766,0,1,0.97386926,0
68767,1,1,0.6235488,1
68768,1,0,0.042842172,0
68769,0,1,0.37290475,0
68770,0,0,0.11757212,1
68771,0,0,0.23361893,1
68772,0,0,0.05170164,1
68773,1,1,0.99999845,1
68774,0,1,0.52013075,0
68775,0,1,0.43866497,0
68776,0,0,0.087252244,1
68777,1,0,0.0129954135,0
68778,1,0,0.11726853,0
68779,0,0,0.3112175,1
68780,1,1,0.9996666,1
68781,0,0,0.022672437,1
68782,1,1,0.9944559,1
68783,1,0,0.2671213,0
68784,0,1,0.66557366,0
68785,1,0,0.015424551,0
68786,0,1,0.99631435,0
68787,1,1,0.99999106,1
68788,1,0,0.053899158,0
68789,0,1,0.9943909,0
68790,1,1,1.0,1
68791,0,1,0.6987921,0
68792,0,1,0.9411694,0
68793,0,0,0.2339688,1
68794,1,1,0.9991117,1
68795,0,1,0.99918956,0
68796,1,1,1.0,1
68797,0,0,0.040275678,1
68798,1,1,0.99992514,1
68799,1,0,0.29330328,0
68800,1,1,0.8903896,1
68801,0,0,0.11526177,1
68802,0,0,0.09484525,1
68803,0,0,0.11666332,1
68804,0,0,0.04328485,1
68805,1,1,0.9926399,1
68806,0,0,0.04564947,1
68807,0,1,0.90397453,0
68808,1,0,0.07470251,0
68809,1,1,0.9999907,1
68810,1,1,0.9999989,1
68811,1,1,0.9997731,1
68812,1,1,0.97819793,1
68813,1,1,1.0,1
68814,0,1,0.3900692,0
68815,1,1,0.999997,1
68816,0,1,0.65704346,0
68817,0,1,0.9999263,0
68818,1,1,0.98270744,1
68819,1,1,0.99998593,1
68820,0,1,0.9952448,0
68821,0,1,0.98123896,0
68822,1,1,1.0,1
68823,0,0,0.14596547,1
68824,0,0,0.24095315,1
68825,1,0,0.10230471,0
68826,1,1,1.0,1
68827,1,1,1.0,1
68828,1,1,0.99999976,1
68829,1,0,0.24999616,0
68830,0,0,0.11191885,1
68831,1,0,0.15021572,0
68832,0,0,0.090896755,1
68833,1,1,0.99940586,1
68834,0,1,0.99990976,0
68835,0,0,0.17967446,1
68836,1,1,0.99999976,1
68837,1,1,0.6936286,1
68838,0,0,0.036390893,1
68839,1,1,0.9899476,1
68840,1,1,0.87147486,1
68841,1,1,1.0,1
68842,0,1,0.37142158,0
68843,1,0,0.04813677,0
68844,1,1,0.9989183,1
68845,1,0,0.29538235,0
68846,1,1,0.9817707,1
68847,1,1,0.9999999,1
68848,1,1,0.99999654,1
68849,1,0,0.18929619,0
68850,0,1,0.996503,0
68851,0,0,0.25618014,1
68852,0,1,0.753376,0
68853,0,1,0.98544043,0
68854,0,0,0.06394842,1
68855,1,1,0.56703776,1
68856,0,0,0.0773781,1
68857,1,1,0.42691875,1
68858,1,1,0.410904,1
68859,0,0,0.07323097,1
68860,0,1,0.36834887,0
68861,1,1,0.9988098,1
68862,0,1,0.44483605,0
68863,0,1,0.99549675,0
68864,0,1,0.562537,0
68865,0,0,0.01678549,1
68866,1,1,0.9999981,1
68867,1,1,0.6751759,1
68868,1,1,1.0,1
68869,1,1,0.9627432,1
68870,1,1,0.6715244,1
68871,1,1,0.5665582,1
68872,1,1,1.0,1
68873,0,1,0.9999939,0
68874,1,1,0.93874466,1
68875,1,1,0.999765,1
68876,0,1,0.5636182,0
68877,0,1,0.9759235,0
68878,1,1,1.0,1
68879,1,0,0.090896755,0
68880,0,0,0.018422542,1
68881,1,1,0.5730812,1
68882,0,1,0.9927812,0
68883,0,0,0.030185984,1
68884,1,1,1.0,1
68885,0,0,0.32241932,1
68886,0,0,0.083965465,1
68887,1,0,0.011288075,0
68888,0,0,0.11551098,1
68889,1,1,0.98225373,1
68890,1,1,0.8512122,1
68891,1,1,0.8193158,1
68892,0,0,0.09065494,1
68893,1,1,0.9988991,1
68894,1,1,0.7762839,1
68895,1,1,0.8269215,1
68896,1,1,0.38679242,1
68897,1,1,0.9999747,1
68898,0,0,0.012359919,1
68899,0,1,0.76515496,0
68900,0,1,0.9999964,0
68901,1,1,0.90934503,1
68902,1,0,0.1138749,0
68903,0,1,0.86177105,0
68904,0,1,0.99999976,0
68905,1,1,1.0,1
68906,1,1,0.8240375,1
68907,0,0,0.117319085,1
68908,0,1,0.98574555,0
68909,0,0,0.08586245,1
68910,1,1,0.9999974,1
68911,0,1,1.0,0
68912,0,1,0.8992984,0
68913,1,1,1.0,1
68914,1,1,0.9999949,1
68915,1,0,0.039231926,0
68916,0,0,0.14205328,1
68917,1,0,0.18565173,0
68918,1,1,0.99403125,1
68919,1,0,0.095518075,0
68920,0,1,0.99978846,0
68921,1,1,0.6213686,1
68922,0,1,0.7823301,0
68923,1,1,0.9999765,1
68924,1,1,0.9999943,1
68925,1,1,0.9979966,1
68926,1,1,0.99999547,1
68927,1,0,0.25580814,0
68928,1,1,0.99999976,1
68929,1,1,0.99997544,1
68930,1,1,0.9999987,1
68931,1,0,0.19837458,0
68932,1,1,1.0,1
68933,0,0,0.30156767,1
68934,1,1,0.755637,1
68935,0,0,0.05315703,1
68936,0,1,0.69735134,0
68937,1,1,0.99985516,1
68938,0,1,0.9951231,0
68939,1,1,0.8997397,1
68940,1,0,0.17016298,0
68941,0,0,0.09679113,1
68942,0,1,0.4146321,0
68943,0,0,0.13128456,1
68944,0,0,0.09687654,1
68945,1,0,0.004663655,0
68946,1,0,0.29864475,0
68947,1,1,1.0,1
68948,1,1,0.93581736,1
68949,1,1,0.8976953,1
68950,1,1,0.9856353,1
68951,1,0,0.029507361,0
68952,1,1,0.97925514,1
68953,0,0,0.0763388,1
68954,0,0,0.047780067,1
68955,0,0,0.10757803,1
68956,1,1,0.9999999,1
68957,1,1,0.999188,1
68958,0,1,0.7159704,0
68959,0,0,0.06394842,1
68960,1,1,1.0,1
68961,1,1,0.9999999,1
68962,1,1,0.982591,1
68963,1,1,0.99990463,1
68964,1,1,1.0,1
68965,0,0,0.244363,1
68966,0,0,0.10706346,1
68967,1,1,1.0,1
68968,1,1,0.99696034,1
68969,0,1,0.47350508,0
68970,0,0,0.04451443,1
68971,1,1,0.9999987,1
68972,0,1,0.98722816,0
68973,0,0,0.050470848,1
68974,0,0,0.07538034,1
68975,1,1,0.9999999,1
68976,0,1,0.99999845,0
68977,0,0,0.21370518,1
68978,1,1,0.4292499,1
68979,1,1,0.38127714,1
68980,1,1,0.91985875,1
68981,1,1,0.4270084,1
68982,1,1,0.9999832,1
68983,0,0,0.22764099,1
68984,1,1,0.6176856,1
68985,1,1,1.0,1
68986,0,1,0.7240418,0
68987,1,1,0.8863221,1
68988,0,1,0.9923638,0
68989,0,1,0.99701905,0
68990,1,1,0.89552265,1
68991,1,1,0.6929018,1
68992,1,1,1.0,1
68993,0,0,0.0830685,1
68994,1,0,0.04836099,0
68995,1,1,0.9998198,1
68996,1,1,0.7148271,1
68997,1,1,0.99955493,1
68998,0,1,1.0,0
68999,1,1,1.0,1
69000,1,1,0.99999976,1
69001,0,0,0.035712164,1
69002,1,1,0.89152807,1
69003,1,1,1.0,1
69004,1,1,0.3951342,1
69005,1,1,0.99999976,1
69006,0,0,0.024122424,1
69007,1,1,0.98319834,1
69008,1,0,0.08108211,0
69009,1,1,0.8552477,1
69010,1,0,0.19636348,0
69011,0,0,0.021927299,1
69012,1,1,0.9995016,1
69013,1,0,0.1459046,0
69014,1,1,0.9994735,1
69015,1,0,0.23625182,0
69016,1,1,1.0,1
69017,1,1,1.0,1
69018,1,1,0.9807842,1
69019,1,0,0.19231172,0
69020,1,1,0.99996555,1
69021,1,1,0.9936365,1
69022,1,1,0.9999926,1
69023,1,1,0.9325147,1
69024,1,1,0.75590736,1
69025,0,0,0.03541073,1
69026,1,1,0.7881759,1
69027,1,1,1.0,1
69028,1,1,0.967101,1
69029,0,1,0.39390948,0
69030,1,0,0.014199682,0
69031,1,0,0.11818139,0
69032,0,0,0.19102567,1
69033,1,1,0.9999999,1
69034,1,1,0.9989857,1
69035,1,0,0.29451925,0
69036,0,1,0.47600114,0
69037,1,1,0.99957365,1
69038,0,1,0.98835784,0
69039,1,0,0.12907304,0
69040,1,1,0.8794577,1
69041,1,1,0.99993956,1
69042,1,1,0.95814794,1
69043,1,1,0.9996147,1
69044,0,0,0.059428226,1
69045,1,1,0.98771137,1
69046,0,0,0.23405632,1
69047,1,0,0.34792474,0
69048,1,0,0.17384852,0
69049,1,1,0.90681833,1
69050,0,1,0.9945201,0
69051,0,1,0.99999607,0
69052,1,1,0.99999976,1
69053,1,1,1.0,1
69054,0,1,0.988514,0
69055,0,1,0.745954,0
69056,1,1,0.9999956,1
69057,0,0,0.06518703,1
69058,0,1,0.99999726,0
69059,0,1,0.43584147,0
69060,0,1,0.65781325,0
69061,1,1,0.9878996,1
69062,1,0,0.08953418,0
69063,1,1,0.98026204,1
69064,1,1,0.7703784,1
69065,1,1,0.9517736,1
69066,1,1,0.999824,1
69067,1,0,0.06566473,0
69068,1,1,0.6597889,1
69069,0,0,0.01919745,1
69070,1,1,0.68315536,1
69071,1,1,0.99998415,1
69072,1,1,0.9922144,1
69073,1,1,1.0,1
69074,1,1,0.9806364,1
69075,1,1,0.61705124,1
69076,1,1,0.92455155,1
69077,0,1,0.9999999,0
69078,0,1,0.9222025,0
69079,1,1,0.99979895,1
69080,1,0,0.33160657,0
69081,0,0,0.006253385,1
69082,0,1,0.9911698,0
69083,0,0,0.21304952,1
69084,0,0,0.30699432,1
69085,0,0,0.21141684,1
69086,1,1,0.80980295,1
69087,1,0,0.21092878,0
69088,1,1,0.8340017,1
69089,1,1,0.99975747,1
69090,0,0,0.035779487,1
69091,1,1,1.0,1
69092,0,0,0.244363,1
69093,0,1,0.9997713,0
69094,1,1,0.99948967,1
69095,0,1,0.9145963,0
69096,0,1,0.5,0
69097,0,0,0.23204899,1
69098,1,1,0.48450205,1
69099,1,0,0.020626193,0
69100,1,1,0.9998752,1
69101,1,1,0.41724178,1
69102,0,0,0.109324835,1
69103,1,1,0.78604853,1
69104,1,1,0.99998546,1
69105,1,0,0.18579942,0
69106,0,0,0.07531231,1
69107,1,1,0.99999905,1
69108,0,1,0.9999728,0
69109,1,1,1.0,1
69110,1,1,0.7486281,1
69111,0,1,0.604574,0
69112,1,1,0.9999982,1
69113,0,1,0.98225373,0
69114,1,1,0.9997998,1
69115,1,1,0.7941456,1
69116,1,1,0.9999937,1
69117,1,1,0.99992716,1
69118,0,1,0.41943985,0
69119,0,1,0.9257015,0
69120,1,1,0.6496342,1
69121,0,1,0.46034953,0
69122,1,1,0.9994673,1
69123,0,1,0.6420398,0
69124,0,0,0.044722572,1
69125,0,1,0.4821243,0
69126,0,0,0.13061775,1
69127,1,1,0.36534345,1
69128,1,1,0.9995753,1
69129,0,0,0.065904796,1
69130,0,1,0.9995703,0
69131,1,1,0.9914722,1
69132,0,0,0.3016191,1
69133,0,1,0.888372,0
69134,1,0,0.15642679,0
69135,1,1,0.99999976,1
69136,1,0,0.007190812,0
69137,0,0,0.064771704,1
69138,1,0,0.30808613,0
69139,0,0,0.023375314,1
69140,1,0,0.054752033,0
69141,1,1,0.93891287,1
69142,0,1,0.47944275,0
69143,1,1,0.9999975,1
69144,1,1,0.99942183,1
69145,1,0,0.008511303,0
69146,0,0,0.02970375,1
69147,0,0,0.07470251,1
69148,1,1,0.926237,1
69149,0,0,0.023939194,1
69150,0,1,0.98134655,0
69151,1,1,0.9999633,1
69152,0,1,0.9749884,0
69153,1,0,0.016833909,0
69154,1,1,0.99999964,1
69155,1,1,0.5943159,1
69156,1,0,0.29915637,0
69157,0,0,0.03989989,1
69158,1,1,0.9603984,1
69159,1,1,0.99401975,1
69160,0,1,0.9979493,0
69161,0,0,0.020527788,1
69162,1,1,0.9999633,1
69163,0,0,0.06447655,1
69164,0,0,0.10502681,1
69165,1,1,0.9999503,1
69166,1,1,0.9981614,1
69167,0,0,0.054098696,1
69168,1,1,0.9999999,1
69169,0,0,0.04747001,1
69170,1,1,0.99893504,1
69171,1,1,0.8785229,1
69172,1,1,0.9999968,1
69173,0,0,0.3226327,1
69174,1,1,0.55549556,1
69175,0,1,0.99756086,0
69176,0,0,0.34582293,1
69177,0,0,0.029256709,1
69178,0,1,0.56901467,0
69179,1,1,0.9147487,1
69180,1,1,0.99979013,1
69181,0,0,0.016293107,1
69182,0,0,0.04624881,1
69183,1,0,0.17560875,0
69184,1,1,0.5630776,1
69185,1,0,0.25659907,0
69186,0,0,0.13426429,1
69187,1,1,0.9998771,1
69188,1,1,0.9343353,1
69189,0,1,0.99533635,0
69190,1,1,0.99999964,1
69191,0,1,0.4802349,0
69192,0,0,0.20906568,1
69193,1,1,0.9999734,1
69194,1,1,0.9995453,1
69195,0,1,0.93863225,0
69196,0,0,0.086323485,1
69197,0,1,1.0,0
69198,1,1,0.9999999,1
69199,0,0,0.0248928,1
69200,1,1,1.0,1
69201,1,1,0.9448931,1
69202,0,0,0.17009403,1
69203,0,0,0.022868007,1
69204,1,1,1.0,1
69205,0,1,0.38676345,0
69206,0,0,0.016090875,1
69207,1,0,0.09833879,0
69208,1,0,0.0362883,0
69209,1,1,0.99982256,1
69210,1,1,0.9719659,1
69211,0,1,0.817283,0
69212,0,1,0.648188,0
69213,1,1,0.99825555,1
69214,1,1,1.0,1
69215,0,0,0.1138749,1
69216,0,0,0.067546695,1
69217,1,0,0.033589505,0
69218,0,1,0.39896247,0
69219,0,0,0.036117923,1
69220,1,1,0.9999939,1
69221,1,0,0.020196635,0
69222,0,1,0.9998907,0
69223,1,1,0.9999976,1
69224,1,1,0.989368,1
69225,1,1,1.0,1
69226,1,0,0.1676952,0
69227,0,0,0.07551658,1
69228,1,1,0.9999869,1
69229,1,0,0.29925877,0
69230,1,0,0.10123348,0
69231,1,1,0.99804676,1
69232,0,0,0.06608538,1
69233,1,1,0.9999933,1
69234,1,1,0.9742639,1
69235,0,0,0.21485612,1
69236,0,0,0.12431929,1
69237,1,1,0.9999999,1
69238,1,0,0.14786254,0
69239,1,1,0.79061115,1
69240,0,1,0.92482364,0
69241,1,0,0.23669264,0
69242,1,0,0.20315367,0
69243,1,1,1.0,1
69244,0,0,0.049589023,1
69245,0,0,0.050237365,1
69246,0,1,0.9998005,0
69247,1,0,0.25506523,0
69248,0,1,0.99998903,0
69249,1,1,1.0,1
69250,1,1,0.7453521,1
69251,1,0,0.023599295,0
69252,1,0,0.0032858332,0
69253,1,1,0.6094661,1
69254,1,0,0.24086387,0
69255,0,1,0.9988991,0
69256,1,1,0.54019624,1
69257,1,0,0.01757688,0
69258,1,0,0.0039454065,0
69259,1,1,0.99999475,1
69260,1,1,0.8089743,1
69261,1,1,1.0,1
69262,1,1,0.98768765,1
69263,1,1,0.9999094,1
69264,0,1,0.99858415,0
69265,0,1,1.0,0
69266,1,0,0.087720014,0
69267,1,0,0.013299493,0
69268,1,1,0.9999318,1
69269,0,1,0.8997397,0
69270,1,1,0.99804676,1
69271,1,1,0.9946774,1
69272,0,1,1.0,0
69273,1,1,0.9999951,1
69274,1,1,0.9999999,1
69275,1,1,1.0,1
69276,0,1,0.9899476,0
69277,1,1,0.35958904,1
69278,0,1,0.9927672,0
69279,0,0,0.055668924,1
69280,0,1,0.99999464,0
69281,1,1,0.9779888,1
69282,1,0,0.15027805,0
69283,1,1,1.0,1
69284,1,1,1.0,1
69285,0,1,1.0,0
69286,0,1,0.9868787,0
69287,1,1,0.999966,1
69288,0,1,0.43545133,0
69289,0,0,0.088820286,1
69290,1,1,0.9821684,1
69291,1,1,1.0,1
69292,0,1,0.99997604,0
69293,0,1,0.75631255,0
69294,0,1,0.6171089,0
69295,1,1,0.83907574,1
69296,1,1,0.40571362,1
69297,1,1,0.999864,1
69298,1,1,0.9756929,1
69299,0,0,0.09113915,1
69300,1,1,0.9999894,1
69301,1,0,0.050611433,0
69302,0,1,0.5448014,0
69303,1,1,0.98803884,1
69304,1,0,0.16391331,0
69305,0,0,0.062388144,1
69306,0,0,0.085632786,1
69307,1,0,0.08616955,0
69308,1,1,0.962356,1
69309,1,1,0.3589146,1
69310,0,0,0.09244169,1
69311,0,1,0.99986446,0
69312,0,1,0.9596487,0
69313,0,1,0.9625677,0
69314,1,1,0.9999995,1
69315,0,1,0.9940544,0
69316,0,0,0.24771436,1
69317,0,1,0.9550264,0
69318,0,0,0.050283972,1
69319,1,1,1.0,1
69320,0,0,0.16518871,1
69321,0,0,0.22329238,1
69322,0,0,0.16518871,1
69323,1,1,0.57761455,1
69324,1,1,0.9999465,1
69325,1,1,0.37085178,1
69326,0,0,0.018707229,1
69327,0,1,0.9628482,0
69328,0,1,0.99947566,0
69329,1,1,0.9875323,1
69330,1,1,1.0,1
69331,1,1,1.0,1
69332,1,0,0.21060391,0
69333,0,1,0.7037532,0
69334,0,0,0.054198727,1
69335,1,1,1.0,1
69336,0,0,0.20689404,1
69337,0,0,0.010860332,1
69338,1,0,0.010110846,0
69339,0,1,0.7550956,0
69340,1,0,0.030185984,0
69341,0,1,0.99271095,0
69342,1,0,0.078148484,0
69343,0,1,0.9999752,0
69344,1,1,0.9999981,1
69345,0,1,0.928668,0
69346,1,1,0.9999999,1
69347,0,1,0.43089557,0
69348,1,0,0.04885778,0
69349,0,1,0.9950755,0
69350,1,0,0.02800752,0
69351,1,1,1.0,1
69352,1,0,0.041734807,0
69353,1,1,0.63221896,1
69354,0,0,0.0066025695,1
69355,0,0,0.05781161,1
69356,0,0,0.10669061,1
69357,1,0,0.14487322,0
69358,0,0,0.015043661,1
69359,1,1,0.99979585,1
69360,1,0,0.34886694,0
69361,1,1,0.9998634,1
69362,1,1,1.0,1
69363,0,1,0.9999938,0
69364,1,1,0.9998629,1
69365,0,0,0.2424746,1
69366,0,1,0.99837697,0
69367,0,0,0.022868007,1
69368,0,1,0.98065484,0
69369,1,1,1.0,1
69370,0,1,0.68516004,0
69371,0,0,0.04111437,1
69372,1,1,0.99885535,1
69373,1,1,0.6811438,1
69374,1,1,1.0,1
69375,0,0,0.024609927,1
69376,0,0,0.09334689,1
69377,0,1,0.8345418,0
69378,1,1,0.9505947,1
69379,1,1,0.9337335,1
69380,0,1,0.38827005,0
69381,1,1,0.98159516,1
69382,1,1,0.9999999,1
69383,1,1,0.9999243,1
69384,0,0,0.022737447,1
69385,1,1,1.0,1
69386,1,1,0.999998,1
69387,1,1,0.9999988,1
69388,0,1,0.90934503,0
69389,0,0,0.014785409,1
69390,0,1,0.9974191,0
69391,1,1,0.9998822,1
69392,0,0,0.021574067,1
69393,1,1,1.0,1
69394,1,1,0.645064,1
69395,0,0,0.13145173,1
69396,0,0,0.0728343,1
69397,0,0,0.10420353,1
69398,1,1,0.96814114,1
69399,1,1,0.9997603,1
69400,1,1,0.9999957,1
69401,0,0,0.021718834,1
69402,1,0,0.070880495,0
69403,1,1,1.0,1
69404,0,1,0.97726256,0
69405,0,1,0.9995652,0
69406,1,1,0.9999999,1
69407,1,1,0.999956,1
69408,0,0,0.17631677,1
69409,0,0,0.00020502214,1
69410,1,1,0.9999989,1
69411,1,1,0.9992489,1
69412,0,0,0.02655657,1
69413,0,1,0.74761593,0
69414,0,0,0.0524731,1
69415,0,1,0.37768415,0
69416,1,0,0.09326426,0
69417,1,1,0.9999342,1
69418,1,1,0.9933975,1
69419,0,0,0.1404541,1
69420,1,1,0.99999976,1
69421,0,1,0.4189346,0
69422,1,1,0.99999774,1
69423,0,1,0.79865825,0
69424,1,1,0.95585793,1
69425,1,1,1.0,1
69426,0,0,0.161717,1
69427,0,1,0.532182,0
69428,0,0,0.12173796,1
69429,1,0,0.29563648,0
69430,0,1,0.99993265,0
69431,0,1,0.80271024,0
69432,1,1,0.99995255,1
69433,1,1,0.99999905,1
69434,1,1,0.9999993,1
69435,1,0,0.124851815,0
69436,0,0,0.0077856546,1
69437,0,1,0.99999595,0
69438,0,0,0.20689404,1
69439,0,0,0.33301497,1
69440,1,1,0.7631309,1
69441,0,0,0.0047000605,1
69442,0,0,0.06325052,1
69443,1,1,0.98934746,1
69444,1,1,1.0,1
69445,0,0,0.1193568,1
69446,1,1,0.48450205,1
69447,0,0,0.058292214,1
69448,0,0,0.29451925,1
69449,0,1,0.7109796,0
69450,1,1,0.9999541,1
69451,0,0,0.06717857,1
69452,1,0,0.057018865,0
69453,1,1,0.47776735,1
69454,0,1,0.6661168,0
69455,1,1,0.9734181,1
69456,0,1,0.86060363,0
69457,1,1,0.9999535,1
69458,0,1,0.99758923,0
69459,1,1,1.0,1
69460,0,0,0.27590942,1
69461,0,0,0.061255362,1
69462,1,1,1.0,1
69463,0,1,0.9971384,0
69464,1,1,0.9999999,1
69465,0,0,0.19837458,1
69466,1,1,0.9927532,1
69467,0,1,0.5144613,0
69468,1,1,0.9998097,1
69469,1,1,0.8908652,1
69470,0,1,0.55904937,0
69471,0,0,0.030763038,1
69472,0,0,0.08464396,1
69473,0,0,0.11706649,1
69474,1,1,0.7557272,1
69475,1,1,0.8198933,1
69476,1,1,0.66383237,1
69477,1,1,0.6708779,1
69478,1,1,0.6909241,1
69479,1,1,0.9998785,1
69480,0,0,0.11289317,1
69481,0,1,0.3686898,0
69482,1,1,0.99991417,1
69483,1,1,0.999956,1
69484,0,1,0.9999974,0
69485,1,1,0.9999945,1
69486,1,1,0.9943581,1
69487,1,1,1.0,1
69488,1,1,1.0,1
69489,1,0,0.0631349,0
69490,1,0,0.24999616,0
69491,1,1,0.938576,1
69492,1,0,0.21568096,0
69493,0,0,0.03767939,1
69494,1,0,0.24571796,0
69495,1,1,0.8110782,1
69496,0,1,0.9999995,0
69497,0,0,0.11047115,1
69498,1,1,0.9988927,1
69499,1,1,0.98609793,1
69500,0,1,0.5301757,0
69501,1,1,0.9999988,1
69502,1,1,0.75590736,1
69503,1,0,0.1635122,0
69504,0,1,0.9611345,0
69505,1,1,0.9994715,1
69506,1,1,0.99999857,1
69507,1,1,1.0,1
69508,1,1,1.0,1
69509,1,1,0.6284644,1
69510,1,1,0.55139256,1
69511,0,1,0.67869973,0
69512,1,1,0.9999989,1
69513,0,1,0.96912026,0
69514,0,0,0.11153119,1
69515,1,1,0.99944824,1
69516,1,0,0.32799113,0
69517,1,1,0.9384068,1
69518,1,1,0.41943985,1
69519,1,0,0.015723988,0
69520,0,1,0.8868131,0
69521,0,0,0.2732349,1
69522,1,0,0.040692955,0
69523,0,1,0.9941347,0
69524,1,1,0.9805993,1
69525,0,0,0.05997644,1
69526,0,1,1.0,0
69527,1,1,1.0,1
69528,1,1,0.99924016,1
69529,1,1,0.8115267,1
69530,1,1,0.9581087,1
69531,0,0,0.020904195,1
69532,1,1,0.99931884,1
69533,1,1,1.0,1
69534,1,1,0.9982522,1
69535,0,0,0.092196204,1
69536,1,0,0.21850257,0
69537,1,1,0.99153805,1
69538,0,0,0.05374995,1
69539,0,0,0.01756003,1
69540,0,0,0.040275678,1
69541,1,0,0.10167862,0
69542,1,1,0.80022407,1
69543,1,0,0.17307846,0
69544,1,1,0.99986124,1
69545,1,1,0.99991715,1
69546,1,1,1.0,1
69547,1,1,0.9997818,1
69548,0,0,0.11486404,1
69549,0,1,0.9931229,0
69550,0,0,0.048092045,1
69551,1,1,0.9966299,1
69552,1,1,0.9291838,1
69553,1,0,0.15323211,0
69554,1,0,0.05797139,0
69555,0,1,0.9693532,0
69556,1,1,0.99883956,1
69557,1,1,0.9999989,1
69558,1,1,0.943608,1
69559,0,0,0.3180084,1
69560,1,1,1.0,1
69561,1,1,0.86130506,1
69562,1,1,0.95998776,1
69563,0,1,0.9989371,0
69564,0,1,0.7213508,0
69565,0,1,0.99993026,0
69566,1,1,0.54970104,1
69567,1,1,0.9588471,1
69568,1,1,1.0,1
69569,1,1,0.99937004,1
69570,1,1,0.9746045,1
69571,1,1,0.9999957,1
69572,0,0,0.1609902,1
69573,1,1,0.9323302,1
69574,0,1,0.85158294,0
69575,1,1,0.90582335,1
69576,1,1,0.65946,1
69577,0,1,0.57320064,0
69578,0,1,0.6806133,0
69579,0,0,0.011072159,1
69580,0,1,0.9994956,0
69581,1,1,0.992597,1
69582,1,1,0.90681833,1
69583,1,0,0.19004667,0
69584,0,1,0.64293706,0
69585,0,0,0.07369626,1
69586,1,1,0.5568816,1
69587,1,1,0.9987207,1
69588,1,1,1.0,1
69589,0,0,0.024964014,1
69590,1,1,0.97984195,1
69591,0,0,0.0042398255,1
69592,1,0,0.17773949,0
69593,0,0,0.06699522,1
69594,0,1,0.99804676,0
69595,1,1,0.9999758,1
69596,0,0,0.1867616,1
69597,0,1,0.83413684,0
69598,1,1,0.77636874,1
69599,0,1,1.0,0
69600,1,1,0.8688268,1
69601,0,0,0.019087434,1
69602,1,0,0.07510853,0
69603,1,1,0.9999831,1
69604,0,0,0.043487497,1
69605,1,1,0.99997187,1
69606,1,1,0.99999154,1
69607,0,1,0.6555014,0
69608,0,0,0.15954451,1
69609,0,0,0.04977345,1
69610,1,1,0.82824534,1
69611,1,1,0.99894124,1
69612,1,1,1.0,1
69613,1,1,1.0,1
69614,1,1,0.99999976,1
69615,1,1,1.0,1
69616,1,1,0.46207857,1
69617,1,1,0.9998306,1
69618,0,0,0.04535258,1
69619,1,1,0.9940544,1
69620,0,0,0.12262824,1
69621,1,1,0.997459,1
69622,1,1,1.0,1
69623,1,1,0.9999975,1
69624,1,1,0.9998722,1
69625,0,0,0.093016796,1
69626,1,1,0.9140609,1
69627,0,1,1.0,0
69628,0,1,0.9912717,0
69629,1,1,0.998103,1
69630,1,1,0.37444752,1
69631,0,1,0.575767,0
69632,1,1,0.98833525,1
69633,0,0,0.06730107,1
69634,1,1,0.99381906,1
69635,1,0,0.16132024,0
69636,0,0,0.15784954,1
69637,1,1,1.0,1
69638,1,1,0.9983059,1
69639,0,1,0.97803074,0
69640,1,1,0.4310752,1
69641,0,0,0.062273983,1
69642,1,1,0.98197925,1
69643,0,0,0.11636177,1
69644,1,0,0.3373127,0
69645,1,1,0.9999424,1
69646,1,1,0.9975751,1
69647,0,1,0.93885684,0
69648,1,1,0.9296323,1
69649,1,1,0.6187228,1
69650,0,0,0.09611029,1
69651,1,1,0.9999237,1
69652,0,0,0.12533277,1
69653,1,1,0.99998295,1
69654,1,1,0.99400806,1
69655,0,0,0.14426938,1
69656,0,0,0.018246775,1
69657,1,1,0.99999654,1
69658,0,1,0.99924314,0
69659,0,1,0.62079406,0
69660,0,0,0.06866228,1
69661,0,0,0.29915637,1
69662,0,0,0.06244529,1
69663,1,1,0.9996587,1
69664,0,0,0.25879404,1
69665,1,0,0.05608106,0
69666,0,1,0.8490974,0
69667,1,1,0.8373541,1
69668,1,0,0.02663241,0
69669,0,0,0.030243218,1
69670,1,1,1.0,1
69671,0,1,0.6149144,0
69672,1,1,0.9946878,1
69673,0,1,0.55290186,0
69674,1,1,0.84156543,1
69675,0,1,0.74479556,0
69676,1,1,0.99999976,1
69677,1,1,0.9999975,1
69678,0,1,0.9939261,0
69679,0,1,0.6750688,0
69680,0,0,0.066206016,1
69681,1,1,0.9959771,1
69682,0,1,0.8624676,0
69683,0,0,0.10650459,1
69684,0,1,0.9965301,0
69685,0,0,0.19659473,1
69686,1,1,1.0,1
69687,1,1,0.98498523,1
69688,0,1,0.99584997,0
69689,0,0,0.3290143,1
69690,1,1,0.9999951,1
69691,0,1,0.97396845,0
69692,1,1,0.9999746,1
69693,0,1,0.99989104,0
69694,0,0,0.14675854,1
69695,1,1,0.9999999,1
69696,1,1,0.9999999,1
69697,0,1,0.4487282,0
69698,0,0,0.17490298,1
69699,0,1,0.7372528,0
69700,0,0,0.058078144,1
69701,1,1,1.0,1
69702,1,1,0.99999976,1
69703,0,1,0.90934503,0
69704,1,1,0.9814889,1
69705,0,1,0.9850429,0
69706,1,1,0.99994266,1
69707,1,1,1.0,1
69708,0,0,0.03173859,1
69709,0,1,0.5606737,0
69710,0,1,0.9939731,0
69711,0,1,0.97782,0
69712,1,0,0.19505687,0
69713,1,1,0.99956685,1
69714,0,1,0.8843393,0
69715,1,1,0.9999999,1
69716,0,1,0.70288706,0
69717,0,1,0.99999833,0
69718,1,1,1.0,1
69719,0,0,0.16776335,1
69720,1,1,0.99992,1
69721,0,0,0.1560406,1
69722,0,0,0.039937317,1
69723,1,1,0.87883514,1
69724,1,1,0.9999989,1
69725,0,0,0.04885778,1
69726,0,0,0.091301054,1
69727,0,1,0.99631435,0
69728,1,0,0.08166611,0
69729,1,1,1.0,1
69730,0,1,0.99999154,0
69731,1,1,1.0,1
69732,0,0,0.18286288,1
69733,1,1,0.99783844,1
69734,0,1,0.99991906,0
69735,0,1,0.93318766,0
69736,0,1,0.98888505,0
69737,0,0,0.15310545,1
69738,1,1,0.40151176,1
69739,1,1,0.85158294,1
69740,1,1,0.99956685,1
69741,0,0,0.28846887,1
69742,1,1,1.0,1
69743,0,1,0.98860246,0
69744,1,1,1.0,1
69745,0,1,0.9999008,0
69746,0,0,0.20866227,1
69747,1,1,0.49438503,1
69748,0,0,0.10762492,1
69749,0,1,0.41908318,0
69750,0,1,0.87966454,0
69751,0,0,0.18374003,1
69752,1,1,0.9999925,1
69753,1,1,0.99961334,1
69754,1,1,0.9998596,1
69755,1,1,1.0,1
69756,1,1,1.0,1
69757,1,1,0.9999912,1
69758,1,1,0.97381955,1
69759,0,1,0.9982759,0
69760,1,1,0.9999982,1
69761,0,0,0.20402455,1
69762,0,1,0.9997565,0
69763,0,1,0.9747971,0
69764,0,1,0.9962782,0
69765,0,1,0.99999785,0
69766,1,1,1.0,1
69767,1,1,0.9999988,1
69768,1,0,0.075653054,0
69769,1,1,0.9995851,1
69770,1,1,0.59484553,1
69771,0,0,0.046638034,1
69772,0,0,0.14614818,1
69773,1,1,0.9741658,1
69774,0,0,0.13398075,1
69775,0,0,0.17953056,1
69776,1,1,0.99999166,1
69777,1,1,1.0,1
69778,1,0,0.16438228,0
69779,0,0,0.20040116,1
69780,0,0,0.14199378,1
69781,0,0,0.17567943,1
69782,1,1,0.99996936,1
69783,1,1,0.9734181,1
69784,0,0,0.27435136,1
69785,0,0,0.0050998176,1
69786,1,1,1.0,1
69787,1,1,0.9999995,1
69788,1,0,0.10424912,0
69789,1,1,0.7912571,1
69790,0,0,0.19436781,1
69791,1,1,0.96312666,1
69792,1,0,0.1583695,0
69793,1,1,0.9999999,1
69794,1,1,0.7441919,1
69795,1,1,0.9999982,1
69796,1,1,1.0,1
69797,0,0,0.074432954,1
69798,0,1,0.9759235,0
69799,0,0,0.23572361,1
69800,1,1,0.46041018,1
69801,0,1,0.99999213,0
69802,1,0,0.045141645,0
69803,0,0,0.25063756,1
69804,0,1,0.6819916,0
69805,1,1,0.9988004,1
69806,1,1,0.8039445,1
69807,0,0,0.15393034,1
69808,1,0,0.011222865,0
69809,1,1,0.56235677,1
69810,0,1,0.9994837,0
69811,1,1,0.50646937,1
69812,0,1,0.41312194,0
69813,0,1,0.99613816,0
69814,1,1,0.9328826,1
69815,1,1,0.99986124,1
69816,0,0,0.2982869,1
69817,1,1,0.9999906,1
69818,0,0,0.103295475,1
69819,1,1,0.9998977,1
69820,0,0,0.12667711,1
69821,0,0,0.041307308,1
69822,1,1,0.99999964,1
69823,1,0,0.14010078,0
69824,1,1,1.0,1
69825,0,1,0.87525487,0
69826,0,0,0.11516222,1
69827,1,1,1.0,1
69828,1,1,0.99812144,1
69829,0,0,0.074567616,1
69830,1,0,0.091382094,0
69831,0,0,0.11556087,1
69832,0,1,0.9383503,0
69833,0,1,0.7521036,0
69834,1,1,1.0,1
69835,0,1,0.52962834,0
69836,1,1,0.9999435,1
69837,1,1,0.642152,1
69838,1,0,0.033023555,0
69839,0,0,0.008267596,1
69840,1,1,0.43494123,1
69841,0,0,0.28209728,1
69842,1,1,0.9175246,1
69843,0,0,0.1930713,1
69844,0,1,0.70937157,0
69845,0,1,0.73326087,0
69846,1,1,0.999765,1
69847,1,0,0.012359919,0
69848,0,1,0.9972262,0
69849,1,1,0.9950755,1
69850,1,1,0.9163345,1
69851,1,1,1.0,1
69852,0,1,0.81286734,0
69853,1,1,0.3856349,1
69854,1,1,0.86613256,1
69855,1,1,0.99608517,1
69856,0,1,0.9760608,0
69857,0,0,0.09268777,1
69858,1,1,0.3517563,1
69859,1,1,0.71417975,1
69860,1,0,0.07043161,0
69861,1,0,0.29992473,0
69862,1,1,1.0,1
69863,1,1,0.99999774,1
69864,1,1,0.9993242,1
69865,1,1,0.9920773,1
69866,1,1,0.9996567,1
69867,0,1,0.86726075,0
69868,0,0,0.03012886,1
69869,0,0,0.017848738,1
69870,1,1,0.97879386,1
69871,0,1,0.99620515,0
69872,1,1,0.999977,1
69873,0,0,0.0055012377,1
69874,1,0,0.24050692,0
69875,0,0,0.079853736,1
69876,0,1,0.8453051,0
69877,1,1,0.90295243,1
69878,1,1,0.99984527,1
69879,1,1,0.46623796,1
69880,1,1,0.99999833,1
69881,0,1,0.37410447,0
69882,1,1,1.0,1
69883,0,1,1.0,0
69884,1,1,0.5881205,1
69885,0,1,0.3585215,0
69886,1,1,0.6350527,1
69887,1,1,0.99302894,1
69888,1,1,0.99995244,1
69889,1,0,0.11269772,0
69890,0,1,0.9978636,0
69891,1,1,0.9994241,1
69892,1,0,0.3051794,0
69893,1,1,0.98378503,1
69894,1,0,0.07885492,0
69895,0,0,0.2973169,1
69896,1,1,0.54310566,1
69897,0,1,0.99671423,0
69898,1,1,0.9996444,1
69899,0,1,0.99567693,0
69900,1,0,0.028220985,0
69901,0,0,0.26956588,1
69902,1,1,1.0,1
69903,1,1,1.0,1
69904,0,0,0.093181714,1
69905,0,1,0.99983525,0
69906,0,1,0.9424538,0
69907,0,0,0.024353383,1
69908,1,0,0.054954547,0
69909,0,1,0.9984603,0
69910,1,1,1.0,1
69911,1,0,0.28037,0
69912,1,0,0.06866228,0
69913,1,1,0.99992883,1
69914,1,0,0.17064616,0
69915,0,0,0.1813357,1
69916,0,1,0.6466276,0
69917,0,0,0.01584536,1
69918,0,1,0.36653307,0
69919,0,1,0.99997807,0
69920,0,1,0.9736196,0
69921,1,0,0.0037727475,0
69922,0,0,0.035982177,1
69923,0,0,0.048767094,1
69924,0,1,0.9992792,0
69925,0,0,0.32076812,1
69926,0,0,0.03715183,1
69927,1,1,1.0,1
69928,1,1,0.99998724,1
69929,1,1,0.9932156,1
69930,1,1,0.9488225,1
69931,0,1,0.9999994,0
69932,0,0,0.063540444,1
69933,0,1,0.67399687,0
69934,0,1,0.85512674,0
69935,1,0,0.24562746,0
69936,1,1,0.9969722,1
69937,0,0,0.080574244,1
69938,1,0,0.035745807,0
69939,1,1,0.97782,1
69940,1,1,1.0,1
69941,1,1,0.99999976,1
69942,1,1,1.0,1
69943,1,0,0.091058284,0
69944,0,0,0.14940722,1
69945,1,1,1.0,1
69946,0,0,0.042206,1
69947,0,1,1.0,0
69948,0,0,0.12389466,1
69949,1,1,0.9999094,1
69950,0,0,0.25991955,1
69951,1,1,0.9999286,1
69952,0,0,0.06336634,1
69953,1,1,0.9999918,1
69954,1,1,0.66893435,1
69955,1,0,0.020764738,0
69956,0,0,0.08225394,1
69957,1,1,1.0,1
69958,1,1,0.9963924,1
69959,1,0,0.050611433,0
69960,0,0,0.20236439,1
69961,0,1,0.40130648,0
69962,0,0,0.010509383,1
69963,0,0,0.26020142,1
69964,0,1,0.4800521,0
69965,1,1,1.0,1
69966,1,1,0.9999993,1
69967,1,1,0.99957365,1
69968,0,0,0.01317195,1
69969,0,0,0.047780067,1
69970,0,0,0.15863001,1
69971,0,0,0.09825224,1
69972,0,1,0.8664719,0
69973,1,1,1.0,1
69974,0,1,0.92000264,0
69975,1,0,0.14737104,0
69976,0,0,0.3061639,1
69977,1,1,0.9848838,1
69978,0,0,0.28155375,1
69979,1,1,0.957715,1
69980,1,1,0.58693725,1
69981,0,1,0.99586606,0
69982,1,1,1.0,1
69983,0,0,0.22295383,1
69984,0,1,0.9726495,0
69985,0,1,0.99999046,0
69986,1,1,0.9999993,1
69987,1,1,0.9999726,1
69988,0,1,0.6867378,0
69989,1,0,0.29946357,0
69990,1,0,0.098512106,0
69991,0,0,0.022095477,1
69992,1,1,1.0,1
69993,1,1,1.0,1
69994,0,1,0.99999976,0
69995,0,1,0.9999968,0
69996,1,1,0.9070655,1
69997,1,1,0.38041362,1
69998,0,1,0.7500954,0
69999,1,0,0.00056038384,0
70000,1,1,0.53327596,1
70001,1,0,0.0011649561,0
70002,1,1,0.9982522,1
70003,0,1,0.9413314,0
70004,0,1,0.9732661,0
70005,0,0,0.016090875,1
70006,1,1,0.9999993,1
70007,0,0,0.284576,1
70008,1,1,0.8206132,1
70009,0,1,0.49090675,0
70010,1,1,0.6947688,1
70011,0,1,0.5826098,0
70012,1,1,0.9986462,1
70013,0,0,0.18388654,1
70014,1,1,0.388444,1
70015,1,1,0.79502225,1
70016,1,1,0.6802948,1
70017,1,1,0.9966299,1
70018,0,0,0.018941708,1
70019,0,0,0.21717146,1
70020,0,1,0.97107434,0
70021,0,0,0.26812616,1
70022,1,1,0.997065,1
70023,1,0,0.07068779,0
70024,0,0,0.13039611,1
70025,1,1,0.9001793,1
70026,1,1,0.9863369,1
70027,1,1,0.99999917,1
70028,1,0,0.05644403,0
70029,1,0,0.086632065,0
70030,0,0,0.25118822,1
70031,0,1,0.501709,0
70032,1,1,0.44004807,1
70033,1,0,0.11726853,0
70034,1,1,0.9996493,1
70035,0,0,0.1694746,1
70036,1,1,0.9991135,1
70037,1,1,0.99128854,1
70038,1,1,0.99999344,1
70039,0,1,0.9999999,0
70040,1,1,0.93663365,1
70041,1,0,0.21395142,0
70042,0,1,0.6834723,0
70043,0,1,0.99892044,0
70044,1,0,0.27894375,0
70045,1,1,0.4871244,1
70046,1,1,0.9992606,1
70047,1,1,0.6176856,1
70048,1,1,0.74447066,1
70049,0,1,0.99411184,0
70050,1,1,0.84389514,1
70051,1,0,0.13415082,0
70052,0,1,0.9951609,0
70053,0,1,0.6387789,0
70054,0,1,0.44052944,0
70055,1,1,1.0,1
70056,1,0,0.099820666,0
70057,1,1,1.0,1
70058,0,1,0.8842393,0
70059,0,1,0.53965044,0
70060,1,1,0.6353921,1
70061,0,0,0.17441027,1
70062,1,1,0.66241443,1
70063,1,1,1.0,1
70064,1,1,0.45904577,1
70065,1,1,0.80882335,1
70066,1,1,0.99998856,1
70067,1,1,0.9999999,1
70068,1,1,0.99896574,1
70069,0,0,0.0763388,1
70070,0,1,0.9801673,0
70071,0,1,1.0,0
70072,0,1,0.8863221,0
70073,1,0,0.047780067,0
70074,1,1,0.46292827,1
70075,1,0,0.14724834,0
70076,0,0,0.104660206,1
70077,0,0,0.2055353,1
70078,1,1,0.9999857,1
70079,0,1,0.59801877,0
70080,1,0,0.17553806,0
70081,1,1,0.37765542,1
70082,0,1,0.93505055,0
70083,0,0,0.11516222,1
70084,0,0,0.039937317,1
70085,1,1,0.972178,1
70086,0,0,0.083890386,1
70087,0,0,0.12847047,1
70088,1,1,0.8716935,1
70089,0,1,0.9361684,0
70090,1,1,0.9999094,1
70091,0,1,0.4949953,0
70092,0,1,0.46952027,0
70093,1,1,0.93195957,1
70094,0,1,0.937726,0
70095,1,1,0.7940658,1
70096,1,1,0.99998665,1
70097,0,0,0.12635334,1
70098,1,1,0.9999963,1
70099,1,0,0.08100938,0
70100,1,1,0.9959927,1
70101,1,1,0.98892784,1
70102,1,1,0.982524,1
70103,1,1,0.41739017,1
70104,1,1,1.0,1
70105,1,1,1.0,1
70106,1,1,0.9820655,1
70107,1,1,0.9999957,1
70108,1,1,1.0,1
70109,1,1,0.9399685,1
70110,1,1,0.7541915,1
70111,1,1,0.99999917,1
70112,1,1,0.9999949,1
70113,1,0,0.1338675,0
70114,1,1,1.0,1
70115,1,1,0.81735593,1
70116,1,1,0.9999957,1
70117,0,0,0.010150015,1
70118,1,0,0.08203305,0
70119,1,1,0.98646784,1
70120,1,1,0.99242276,1
70121,1,1,0.99999976,1
70122,0,0,0.00698465,1
70123,0,1,0.9339146,0
70124,0,1,0.9951041,0
70125,1,1,0.99374664,1
70126,1,1,0.9999995,1
70127,0,0,0.056340095,1
70128,0,1,0.97259754,0
70129,1,1,0.9969426,1
70130,0,1,0.9622143,0
70131,0,0,0.2913336,1
70132,0,0,0.2925953,1
70133,1,1,0.9999379,1
70134,0,1,0.9956346,0
70135,0,1,0.9938548,0
70136,1,1,0.99999154,1
70137,1,0,0.06693421,0
70138,1,1,0.9999689,1
70139,1,0,0.12956785,0
70140,0,1,0.99637836,0
70141,0,1,0.80882335,0
70142,1,1,0.7346434,1
70143,0,0,0.07942426,1
70144,0,0,0.18097351,1
70145,0,1,0.9763331,0
70146,1,1,1.0,1
70147,1,1,0.9546897,1
70148,1,1,0.9346938,1
70149,0,0,0.16238002,1
70150,0,1,1.0,0
70151,1,1,0.9999788,1
70152,0,1,0.8992099,0
70153,1,1,0.9915052,1
70154,0,1,1.0,0
70155,0,0,0.04738177,1
70156,1,1,1.0,1
70157,0,0,0.10026027,1
70158,0,1,0.88483775,0
70159,1,1,0.4324528,1
70160,0,0,0.059319146,1
70161,0,0,0.057334732,1
70162,0,1,0.5101915,0
70163,1,1,1.0,1
70164,0,1,0.526221,0
70165,0,0,0.003524341,1
70166,0,0,0.13881163,1
70167,0,0,0.013299493,1
70168,1,1,0.96405166,1
70169,0,1,0.6971452,0
70170,1,0,0.0026010938,0
70171,0,0,0.0095224865,1
70172,1,1,1.0,1
70173,1,0,0.16606593,0
70174,0,0,0.083890386,1
70175,1,1,0.99766326,1
70176,1,1,0.9989778,1
70177,0,0,0.024869107,1
70178,1,1,0.98147124,1
70179,0,0,0.24490437,1
70180,1,1,0.83748704,1
70181,1,1,0.9976172,1
70182,1,1,0.99961627,1
70183,1,1,0.99999976,1
70184,1,1,0.9999943,1
70185,0,0,0.081959546,1
70186,1,1,1.0,1
70187,0,0,0.23014024,1
70188,1,0,0.2359876,0
70189,1,1,0.9986904,1
70190,0,1,0.9678385,0
70191,1,1,1.0,1
70192,1,1,1.0,1
70193,0,1,0.6830497,0
70194,0,0,0.1715464,1
70195,0,1,0.5897754,0
70196,0,0,0.008156249,1
70197,1,0,0.15052764,0
70198,1,1,0.99968183,1
70199,1,1,0.9999949,1
70200,0,1,0.98947024,0
70201,1,1,0.48468497,1
70202,0,1,0.40101323,0
70203,0,0,0.018264279,1
70204,0,1,0.44770175,0
70205,1,1,0.99984825,1
70206,0,0,0.15272596,1
70207,1,1,0.9999329,1
70208,0,0,0.23766439,1
70209,0,1,0.35695085,0
70210,1,1,0.99999976,1
70211,1,1,0.9999956,1
70212,0,0,0.04488975,1
70213,0,1,0.72608584,0
70214,1,1,0.99977034,1
70215,1,1,0.5778527,1
70216,1,1,1.0,1
70217,1,1,0.84389514,1
70218,1,1,0.61341023,1
70219,1,0,0.30352533,0
70220,0,0,0.029284457,1
70221,0,1,0.94610083,0
70222,1,1,0.98056203,1
70223,1,1,0.999673,1
70224,0,1,0.79286546,0
70225,0,1,0.46994594,0
70226,1,1,0.5063473,1
70227,0,0,0.29992473,1
70228,1,0,0.06255973,0
70229,1,1,0.9212869,1
70230,1,1,0.39332676,1
70231,1,1,0.9507321,1
70232,0,0,0.18476751,1
70233,1,1,0.8174288,1
70234,0,0,0.17567943,1
70235,1,1,0.9999939,1
70236,1,1,0.99158704,1
70237,1,1,0.9999999,1
70238,1,0,0.16438228,0
70239,1,1,0.99999666,1
70240,0,1,0.53801244,0
70241,0,0,0.08616955,1
70242,0,0,0.22910374,1
70243,1,0,0.042443503,0
70244,0,1,0.6525183,0
70245,1,1,0.9998313,1
70246,1,1,1.0,1
70247,1,1,0.9999999,1
70248,0,1,0.5885344,0
70249,1,1,0.9999943,1
70250,0,1,0.9999651,0
70251,1,0,0.25655252,0
70252,1,1,0.46010697,1
70253,1,1,0.9841546,1
70254,0,0,0.18097351,1
70255,1,1,0.9997613,1
70256,0,1,0.99999964,0
70257,1,1,0.9943141,1
70258,1,1,0.9904406,1
70259,1,1,1.0,1
70260,1,1,0.98445636,1
70261,0,0,0.20291662,1
70262,1,1,1.0,1
70263,1,1,0.94427973,1
70264,1,1,0.9964204,1
70265,0,1,0.8653379,0
70266,0,1,0.8149381,0
70267,0,1,0.99999976,0
70268,0,1,0.88171685,0
70269,1,1,0.45619777,1
70270,0,0,0.031055551,1
70271,1,1,0.6814619,1
70272,1,0,0.2830872,0
70273,1,1,0.9167827,1
70274,1,0,0.18126321,0
70275,1,1,0.92924803,1
70276,1,1,0.99999976,1
70277,1,1,0.962462,1
70278,1,1,0.99909425,1
70279,0,1,0.99829596,0
70280,0,1,0.8610715,0
70281,0,1,0.4019812,0
70282,1,1,0.9999976,1
70283,0,1,0.7390459,0
70284,1,1,0.9999677,1
70285,1,1,0.9774355,1
70286,1,1,0.3878932,1
70287,0,0,0.05728198,1
70288,1,1,0.9999324,1
70289,0,0,0.30208215,1
70290,0,1,0.49554452,0
70291,0,1,0.999355,0
70292,1,1,0.9999995,1
70293,1,1,1.0,1
70294,1,1,0.9999255,1
70295,1,1,0.6985866,1
70296,0,1,0.8183016,0
70297,0,0,0.19574778,1
70298,1,1,1.0,1
70299,1,1,0.90183425,1
70300,0,0,0.004810983,1
70301,1,1,0.9993068,1
70302,0,1,0.9572378,0
70303,1,1,0.9999999,1
70304,1,1,0.999997,1
70305,1,1,1.0,1
70306,1,1,0.5076288,1
70307,1,1,0.44794324,1
70308,1,0,0.34958827,0
70309,0,1,0.9932156,0
70310,1,1,0.9882676,1
70311,1,1,0.9987281,1
70312,0,1,0.72985685,0
70313,1,0,0.28836867,0
70314,1,1,1.0,1
70315,1,1,0.99999475,1
70316,1,1,0.99983203,1
70317,1,1,0.7699463,1
70318,1,1,0.9999933,1
70319,0,1,0.99932945,0
70320,1,1,0.8830344,1
70321,0,0,0.051367506,1
70322,1,0,0.009727272,0
70323,0,0,0.11666332,1
70324,0,1,0.96805066,0
70325,0,0,0.114963345,1
70326,0,1,0.6460695,0
70327,1,1,0.7839885,1
70328,1,1,0.8957965,1
70329,1,1,0.9999796,1
70330,1,1,1.0,1
70331,0,0,0.089375086,1
70332,1,0,0.15804437,0
70333,1,1,0.9201462,1
70334,0,1,0.9967775,0
70335,1,0,0.20649374,0
70336,1,1,0.9938788,1
70337,0,0,0.094426885,1
70338,0,0,0.09868569,1
70339,1,0,0.07152632,0
70340,0,0,0.009485712,1
70341,1,1,0.9999889,1
70342,0,0,0.2907794,1
70343,1,1,0.40854222,1
70344,1,0,0.2026009,0
70345,0,0,0.27963173,1
70346,0,1,0.9849563,0
70347,0,0,0.22979435,1
70348,0,1,0.9217811,0
70349,1,1,1.0,1
70350,0,0,0.20777677,1
70351,1,1,0.9993135,1
70352,0,0,0.123577,1
70353,1,1,0.9986929,1
70354,1,1,0.99995494,1
70355,1,1,0.6376515,1
70356,0,0,0.0066025695,1
70357,0,0,0.051177494,1
70358,0,0,0.023219766,1
70359,1,0,0.13998318,0
70360,1,1,0.6468507,1
70361,0,0,0.09645018,1
70362,0,0,0.33074132,1
70363,0,1,0.9988575,0
70364,1,0,0.1609902,0
70365,1,1,0.9999999,1
70366,0,0,0.09782047,1
70367,1,0,0.33323193,0
70368,1,0,0.099382766,0
70369,0,0,0.2414894,1
70370,1,1,0.5816002,1
70371,0,0,0.14282864,1
70372,1,1,0.4888019,1
70373,0,1,0.996597,0
70374,1,1,0.47058454,1
70375,0,0,0.13161905,1
70376,1,0,0.3428465,0
70377,1,1,0.98026204,1
70378,0,0,0.07578975,1
70379,0,0,0.26588044,1
70380,1,0,0.16132024,0
70381,0,1,0.95230865,0
70382,1,1,0.98975134,1
70383,0,1,0.9999459,0
70384,0,0,0.17610413,1
70385,1,1,0.9993845,1
70386,0,1,0.99025387,0
70387,0,1,0.90690076,0
70388,1,1,0.54716164,1
70389,0,0,0.019345101,1
70390,0,0,0.03135076,1
70391,1,1,0.8794577,1
70392,0,1,0.7572114,0
70393,0,0,0.07551658,1
70394,1,1,0.99999964,1
70395,1,1,0.99553156,1
70396,1,0,0.11397346,0
70397,1,1,0.99999917,1
70398,1,1,0.9952077,1
70399,1,1,1.0,1
70400,1,1,0.9999964,1
70401,1,0,0.06136777,0
70402,0,0,0.15077755,1
70403,1,1,0.99922216,1
70404,1,1,0.999992,1
70405,0,1,0.39056298,0
70406,0,1,0.999572,0
70407,1,1,0.926769,1
70408,1,0,0.08144666,0
70409,0,1,0.5583872,0
70410,1,1,0.9999939,1
70411,1,1,1.0,1
70412,0,0,0.23837286,1
70413,1,1,0.99964094,1
70414,1,1,0.99999905,1
70415,0,0,0.12901814,1
70416,1,1,0.3639294,1
70417,0,0,0.10079008,1
70418,1,1,1.0,1
70419,0,1,0.9565531,0
70420,1,1,0.9999982,1
70421,1,1,0.9981505,1
70422,1,1,1.0,1
70423,1,0,0.02732453,0
70424,1,1,0.99991345,1
70425,1,1,0.9999987,1
70426,0,1,0.99767226,0
70427,1,0,0.06947859,0
70428,0,0,0.13251457,1
70429,0,0,0.035078675,1
70430,0,0,0.17092276,1
70431,0,1,0.38624245,0
70432,0,0,0.10562495,1
70433,1,1,0.99998724,1
70434,0,1,0.9972584,0
70435,1,1,0.99973875,1
70436,0,1,0.95659363,0
70437,1,1,0.99499834,1
70438,1,0,0.052037824,0
70439,1,1,0.9132906,1
70440,1,1,1.0,1
70441,1,1,0.5589891,1
70442,0,1,0.85427785,0
70443,1,1,1.0,1
70444,1,1,0.99209267,1
70445,0,1,0.36540008,0
70446,0,1,0.9734181,0
70447,0,1,0.3611084,0
70448,1,1,0.9983516,1
70449,0,0,0.10447732,1
70450,0,1,0.9999987,0
70451,0,1,0.9897315,0
70452,0,1,0.6865277,0
70453,1,1,1.0,1
70454,1,1,1.0,1
70455,0,0,0.17258981,1
70456,0,0,0.12951279,1
70457,1,1,1.0,1
70458,0,0,0.033117235,1
70459,1,1,1.0,1
70460,1,1,0.87997437,1
70461,1,1,0.99999523,1
70462,1,1,0.9996026,1
70463,0,1,0.982971,0
70464,1,1,0.9999999,1
70465,0,0,0.1153614,1
70466,0,0,0.3184851,1
70467,1,1,0.98920244,1
70468,0,1,0.93546456,0
70469,1,1,0.9999964,1
70470,1,0,0.030879721,0
70471,0,0,0.18683577,1
70472,0,0,0.091544405,1
70473,1,1,0.741206,1
70474,1,1,0.6484107,1
70475,1,1,1.0,1
70476,0,1,0.9998148,0
70477,1,1,0.99983907,1
70478,0,0,0.030559864,1
70479,1,1,0.99994373,1
70480,1,1,0.39230773,1
70481,1,1,0.91086304,1
70482,0,0,0.14773951,1
70483,1,1,1.0,1
70484,0,0,0.06359858,1
70485,1,1,0.6179162,1
70486,0,1,0.47974744,0
70487,1,1,0.9940659,1
70488,0,1,0.9615699,0
70489,1,1,1.0,1
70490,0,1,0.99839276,0
70491,0,1,0.9746528,0
70492,1,1,0.4148988,1
70493,1,1,0.9999999,1
70494,1,1,0.9995216,1
70495,1,1,0.7530129,1
70496,0,1,0.73578405,0
70497,0,1,0.8470844,0
70498,1,1,0.40019253,1
70499,0,0,0.049267832,1
70500,0,1,1.0,0
70501,0,0,0.00084759,1
70502,1,1,0.9999484,1
70503,1,0,0.18982127,0
70504,1,1,0.52463824,1
70505,0,1,0.3816804,0
70506,0,1,0.55314326,0
70507,1,1,0.83359575,1
70508,0,0,0.019124035,1
70509,0,1,0.4651749,0
70510,0,1,0.99719906,0
70511,1,0,0.043123364,0
70512,1,1,1.0,1
70513,1,0,0.3404852,0
70514,0,0,0.31163633,1
70515,0,0,0.006026952,1
70516,0,0,0.061199225,1
70517,0,0,0.020824393,1
70518,0,1,0.99999774,0
70519,0,1,0.9999292,0
70520,1,0,0.05500529,0
70521,0,1,0.9999993,0
70522,1,1,1.0,1
70523,1,1,0.99999976,1
70524,0,1,0.86849254,0
70525,0,0,0.26860553,1
70526,0,0,0.11828322,1
70527,0,0,0.008796121,1
70528,0,1,0.9293763,0
70529,0,0,0.25017932,1
70530,1,1,0.9999286,1
70531,1,0,0.22609939,0
70532,0,1,0.87873113,0
70533,1,1,0.9759694,1
70534,0,0,0.050658382,1
70535,1,1,0.4275162,1
70536,1,1,0.44137198,1
70537,1,1,0.99979585,1
70538,1,0,0.04751418,0
70539,0,1,0.9381806,0
70540,0,0,0.10790661,1
70541,0,1,0.67806053,0
70542,1,1,0.9999945,1
70543,0,0,0.13939638,1
70544,1,1,0.9999975,1
70545,0,0,0.109324835,1
70546,0,1,0.99739385,0
70547,1,1,1.0,1
70548,1,0,0.06530615,0
70549,1,1,0.99958915,1
70550,1,1,0.9997775,1
70551,0,1,0.3561667,0
70552,0,0,0.10141131,1
70553,0,1,0.85776806,0
70554,1,1,0.9403531,1
70555,0,1,0.92683524,0
70556,0,0,0.010673115,1
70557,1,1,1.0,1
70558,0,0,0.008610767,1
70559,0,1,0.94934165,0
70560,0,1,0.9999999,0
70561,1,0,0.10484337,0
70562,1,1,0.9998863,1
70563,1,1,0.8161134,1
70564,0,1,0.8664719,0
70565,1,0,0.070623666,0
70566,0,1,0.5093373,0
70567,0,1,0.99999213,0
70568,1,0,0.01601375,0
70569,1,1,0.99998736,1
70570,1,0,0.0818861,0
70571,0,1,0.94791394,0
70572,1,1,0.9803374,1
70573,0,0,0.107437484,1
70574,1,0,0.110663235,0
70575,0,1,0.9659317,0
70576,1,1,0.9753196,1
70577,0,0,0.19821933,1
70578,1,0,0.015633563,0
70579,0,0,0.01627746,1
70580,0,1,0.40898472,0
70581,1,1,0.9999913,1
70582,1,1,0.71432924,1
70583,0,1,0.9999951,0
70584,1,1,1.0,1
70585,1,0,0.2026009,0
70586,1,1,0.99977916,1
70587,1,1,0.99901116,1
70588,0,0,0.06047389,1
70589,1,0,0.04324442,0
70590,0,0,0.0140636265,1
70591,0,1,0.42092687,0
70592,1,1,0.99999857,1
70593,0,1,0.99998593,0
70594,1,0,0.31431356,0
70595,1,0,0.04813677,0
70596,0,1,0.76268935,0
70597,1,1,0.9693532,1
70598,0,1,0.8155265,0
70599,1,1,0.9998827,1
70600,1,1,0.874292,1
70601,0,0,0.07551658,1
70602,0,1,0.95426536,0
70603,1,0,0.01605998,0
70604,1,1,1.0,1
70605,1,1,0.99998736,1
70606,1,1,0.99992967,1
70607,0,0,0.09577148,1
70608,1,1,0.50109863,1
70609,1,1,0.99999905,1
70610,0,1,0.40615514,0
70611,1,1,0.99998415,1
70612,1,1,0.9313377,1
70613,1,1,0.47886392,1
70614,0,1,0.6191835,0
70615,1,1,0.9999919,1
70616,1,1,0.9999863,1
70617,1,0,0.14841712,0
70618,1,1,0.9999957,1
70619,0,0,0.04698664,1
70620,0,0,0.026330303,1
70621,0,1,0.79246426,0
70622,0,0,0.10922978,1
70623,0,0,0.011530388,1
70624,1,0,0.046291906,0
70625,0,0,0.25312182,1
70626,0,0,0.0066669313,1
70627,1,0,0.08130065,0
70628,0,0,0.15533453,1
70629,1,1,0.9979691,1
70630,1,1,0.97550696,1
70631,1,1,0.9999769,1
70632,1,1,0.99010193,1
70633,0,1,0.4352713,0
70634,0,1,0.9064049,0
70635,1,1,0.9217107,1
70636,0,0,0.059047263,1
70637,0,0,0.31205544,1
70638,1,1,0.9999938,1
70639,1,1,0.90422857,1
70640,1,1,0.9999815,1
70641,0,1,0.9983991,0
70642,1,1,0.86522406,1
70643,1,0,0.059210252,0
70644,0,1,0.41403973,0
70645,1,1,0.9999788,1
70646,1,0,0.16184944,0
70647,0,1,0.9806364,0
70648,1,1,0.9999362,1
70649,1,1,0.9966365,1
70650,1,1,0.9999782,1
70651,0,0,0.043487497,1
70652,1,1,0.9999999,1
70653,0,0,0.33290654,1
70654,1,1,0.996852,1
70655,0,1,0.99909604,0
70656,0,0,0.26067168,1
70657,1,1,0.992349,1
70658,0,0,0.17106119,1
70659,0,0,0.020884216,1
70660,1,1,1.0,1
70661,0,1,0.9810037,0
70662,1,1,0.99998796,1
70663,0,1,0.994292,0
70664,1,1,1.0,1
70665,1,1,0.999902,1
70666,0,0,0.0996453,1
70667,1,1,1.0,1
70668,1,1,0.4888019,1
70669,1,0,0.17147702,0
70670,0,1,0.54734313,0
70671,1,1,0.9999895,1
70672,0,1,0.6779539,0
70673,0,1,0.96926606,0
70674,1,1,0.9865976,1
70675,0,0,0.17258981,1
70676,1,1,0.67184746,1
70677,1,1,0.99999213,1
70678,0,1,0.99951875,0
70679,1,1,0.99993217,1
70680,1,1,1.0,1
70681,0,0,0.13017482,1
70682,0,1,0.92366123,0
70683,1,1,0.9999187,1
70684,0,1,0.983343,0
70685,1,1,0.9985979,1
70686,0,1,0.9560224,0
70687,1,1,0.99999714,1
70688,1,0,0.09518112,0
70689,0,0,0.057387535,1
70690,1,1,0.9940428,1
70691,1,1,0.9999633,1
70692,0,0,0.013045614,1
70693,1,0,0.18543036,0
70694,0,0,0.034456022,1
70695,0,1,0.89302987,0
70696,1,1,0.99999785,1
70697,1,1,1.0,1
70698,0,1,0.9999145,0
70699,1,1,0.9984988,1
70700,0,0,0.03027187,1
70701,0,1,0.98607117,0
70702,0,1,0.6769937,0
70703,0,1,0.97803074,0
70704,1,1,0.9999255,1
70705,1,1,0.9999206,1
70706,0,0,0.0028393744,1
70707,1,1,0.9764681,1
70708,1,1,0.9745077,1
70709,1,1,1.0,1
70710,0,0,0.0031115084,1
70711,1,1,0.99999964,1
70712,0,1,0.9940544,0
70713,1,1,0.98920244,1
70714,0,1,0.9997998,0
70715,0,1,0.60182756,0
70716,1,0,0.2026798,0
70717,0,0,0.18937114,1
70718,0,1,0.7214489,0
70719,0,1,0.94068086,0
70720,1,1,0.9999993,1
70721,1,1,0.999997,1
70722,1,1,0.99984336,1
70723,1,1,0.98166555,1
70724,1,1,1.0,1
70725,0,0,0.011309892,1
70726,1,1,0.99999917,1
70727,0,0,0.10311471,1
70728,1,1,0.9999877,1
70729,1,0,0.0212467,0
70730,0,0,0.11551098,1
70731,1,1,1.0,1
70732,1,1,0.99997747,1
70733,1,1,0.9913223,1
70734,1,0,0.0245397,0
70735,1,1,0.7496374,1
70736,1,1,0.99997294,1
70737,1,1,0.96095175,1
70738,0,0,0.02176037,1
70739,0,1,0.7500954,0
70740,1,1,0.9923044,1
70741,1,1,1.0,1
70742,0,1,0.43236294,0
70743,1,1,0.99999833,1
70744,1,1,0.9882449,1
70745,0,1,0.9995408,0
70746,0,0,0.14633106,1
70747,0,1,0.38182446,0
70748,1,0,0.1588256,0
70749,1,1,0.9999976,1
70750,1,0,0.1991522,0
70751,1,1,0.37085178,1
70752,1,1,1.0,1
70753,0,1,0.9534054,0
70754,0,1,0.987375,0
70755,0,0,0.071202725,1
70756,0,0,0.12511882,1
70757,1,1,0.86385167,1
70758,0,1,0.51061857,0
70759,0,0,0.007937994,1
70760,0,1,1.0,0
70761,1,1,1.0,1
70762,0,0,0.04624881,1
70763,1,0,0.07843036,0
70764,1,1,0.53145254,1
70765,0,1,0.9449439,0
70766,0,0,0.24744149,1
70767,1,1,0.612947,1
70768,1,1,0.671309,1
70769,0,0,0.013299493,1
70770,0,0,0.21783629,1
70771,1,1,0.99999213,1
70772,1,0,0.012945406,0
70773,0,0,0.1588256,1
70774,0,0,0.008898884,1
70775,0,0,0.2084205,1
70776,0,0,0.06650853,1
70777,0,1,0.37313312,0
70778,1,1,0.7168632,1
70779,0,1,0.99981266,0
70780,1,1,0.9990207,1
70781,0,0,0.08740792,1
70782,1,1,1.0,1
70783,1,1,0.98792297,1
70784,1,1,1.0,1
70785,1,1,0.97984195,1
70786,0,1,0.5477665,0
70787,1,1,0.91102153,1
70788,1,1,0.99965405,1
70789,0,1,0.9272316,0
70790,0,1,0.9993724,0
70791,0,0,0.06530615,1
70792,0,0,0.17050801,1
70793,1,0,0.17245041,0
70794,0,1,0.99889696,0
70795,1,1,0.993255,1
70796,0,1,0.9986303,0
70797,0,0,0.26913345,1
70798,1,1,1.0,1
70799,0,0,0.07030384,1
70800,0,0,0.038865484,1
70801,1,1,0.9997731,1
70802,1,1,0.99968374,1
70803,1,1,0.9822366,1
70804,0,1,0.9820999,0
70805,1,0,0.10293422,0
70806,0,0,0.1365508,1
70807,0,0,0.18315491,1
70808,1,1,0.92762595,1
70809,1,1,0.98555213,1
70810,1,1,0.97889495,1
70811,1,1,0.9987081,1
70812,1,1,0.96076804,1
70813,1,1,0.5907202,1
70814,0,0,0.19276717,1
70815,1,1,1.0,1
70816,0,1,0.9998741,0
70817,0,0,0.08203305,1
70818,0,1,0.9928924,0
70819,1,0,0.10539455,0
70820,1,1,0.9907141,1
70821,1,1,0.98625773,1
70822,1,1,0.9999541,1
70823,1,0,0.046942927,0
70824,0,1,0.6989977,0
70825,0,0,0.020606475,1
70826,0,1,0.9914225,0
70827,1,0,0.09484525,0
70828,1,1,0.62555254,1
70829,0,0,0.035880692,1
70830,1,1,0.9999995,1
70831,1,1,0.99998343,1
70832,1,1,0.79454446,1
70833,0,0,0.17189364,1
70834,1,0,0.025662709,0
70835,1,1,0.9935993,1
70836,1,1,0.9652504,1
70837,1,1,1.0,1
70838,1,1,0.95589906,1
70839,1,1,0.9939261,1
70840,1,1,0.99386686,1
70841,1,1,0.99499834,1
70842,1,1,0.8344069,1
70843,0,1,0.9999316,0
70844,1,1,0.99936503,1
70845,0,1,0.6017106,0
70846,0,0,0.13968952,1
70847,0,0,0.2184192,1
70848,0,1,0.99999964,0
70849,0,1,0.39047587,0
70850,0,1,0.95610446,0
70851,0,1,0.9999385,0
70852,1,1,0.99999774,1
70853,0,1,0.9324533,0
70854,1,1,1.0,1
70855,0,1,0.6455111,0
70856,1,1,0.39396778,1
70857,0,0,0.058830604,1
70858,1,1,0.73014563,1
70859,1,1,0.98871195,1
70860,0,1,0.6593503,0
70861,1,1,0.9976814,1
70862,0,0,0.19759926,1
70863,1,1,0.99999607,1
70864,1,0,0.19216007,0
70865,1,1,1.0,1
70866,0,0,0.09293445,1
70867,0,0,0.10008423,1
70868,0,1,0.49652106,0
70869,1,1,0.4736268,1
70870,0,1,0.9999318,0
70871,1,0,0.30404168,0
70872,1,1,0.9820826,1
70873,1,1,0.9999747,1
70874,1,1,0.99999964,1
70875,0,0,0.018352037,1
70876,1,1,0.7213999,1
70877,1,0,0.15928277,0
70878,1,1,0.99999285,1
70879,0,1,0.99861693,0
70880,1,1,0.9376119,1
70881,1,1,0.6284644,1
70882,1,0,0.18907149,0
70883,1,0,0.040883996,0
70884,1,1,0.99966,1
70885,0,0,0.1364357,1
70886,1,1,0.99559206,1
70887,1,1,0.99963236,1
70888,1,1,0.5228722,1
70889,1,0,0.10809477,0
70890,0,0,0.040616777,1
70891,0,0,0.027769245,1
70892,1,1,0.9999993,1
70893,1,1,0.9999999,1
70894,0,1,0.9999968,0
70895,0,1,0.9972531,0
70896,0,1,0.9995054,0
70897,0,0,0.17133832,1
70898,1,1,0.42384553,1
70899,0,0,0.022911692,1
70900,0,1,0.9999702,0
70901,1,1,0.9970131,1
70902,0,0,0.21060391,1
70903,1,1,0.99994993,1
70904,1,1,0.50146484,1
70905,1,1,0.99999976,1
70906,1,1,0.9999802,1
70907,0,1,0.9980957,0
70908,1,0,0.0532062,0
70909,0,0,0.020844316,1
70910,0,0,0.06170614,1
70911,1,1,1.0,1
70912,0,1,0.99999404,0
70913,1,1,0.9999906,1
70914,0,1,0.5749915,0
70915,0,1,0.9999906,0
70916,1,0,0.2703839,0
70917,0,0,0.06572467,1
70918,1,1,0.9999734,1
70919,0,1,0.9970765,0
70920,1,1,0.60358137,1
70921,0,1,0.39852345,0
70922,0,0,0.09947022,1
70923,1,1,1.0,1
70924,1,1,0.9999995,1
70925,1,1,0.9989392,1
70926,1,1,0.5389832,1
70927,1,1,0.99999964,1
70928,1,1,0.7612724,1
70929,1,1,0.99179614,1
70930,0,1,0.54304504,0
70931,1,1,0.99975365,1
70932,0,1,0.9996686,0
70933,1,1,0.99999976,1
70934,1,0,0.09342957,0
70935,1,0,0.052960765,0
70936,0,0,0.011419615,1
70937,1,0,0.274789,0
70938,1,1,0.99979264,1
70939,1,1,0.7989722,1
70940,0,1,0.6095823,0
70941,1,1,0.99998295,1
70942,1,0,6.9622565e-06,0
70943,1,1,0.6289204,1
70944,1,0,0.21395142,0
70945,1,1,1.0,1
70946,1,0,0.040313438,0
70947,1,1,1.0,1
70948,0,1,0.9977482,0
70949,0,1,0.7926248,0
70950,1,1,0.999824,1
70951,1,1,0.996852,1
70952,0,1,0.99999166,0
70953,1,1,0.96912026,1
70954,1,1,1.0,1
70955,0,0,0.16728666,1
70956,1,0,0.01778039,0
70957,1,0,0.19728975,0
70958,0,0,0.12199923,1
70959,0,1,0.5111676,0
70960,1,1,0.9999517,1
70961,1,1,0.9694401,1
70962,1,1,1.0,1
70963,0,0,0.27231473,1
70964,1,0,0.1187934,0
70965,1,1,1.0,1
70966,1,1,0.99999976,1
70967,0,1,0.99999774,0
70968,1,0,0.21036048,0
70969,1,1,0.9999473,1
70970,0,0,0.15209518,1
70971,0,1,0.4923102,0
70972,0,0,0.058830604,1
70973,0,0,0.18543036,1
70974,1,1,0.9948704,1
70975,0,0,0.21444456,1
70976,1,1,0.99998,1
70977,1,1,0.6962166,1
70978,0,1,1.0,0
70979,1,1,1.0,1
70980,1,1,0.9613528,1
70981,1,0,0.018352037,0
70982,1,1,0.9999999,1
70983,1,1,0.99915075,1
70984,0,1,0.5799952,0
70985,1,1,0.47755417,1
70986,0,0,0.0065388246,1
70987,0,0,0.04401865,1
70988,1,0,0.13683893,0
70989,0,0,0.10356715,1
70990,1,1,0.99998605,1
70991,1,1,0.99998367,1
70992,1,1,0.99999344,1
70993,1,0,0.0705596,0
70994,1,1,0.7801604,1
70995,0,1,0.71228224,0
70996,0,1,1.0,0
70997,1,1,0.999864,1
70998,1,1,0.9999975,1
70999,1,1,1.0,1
71000,0,1,0.9958175,0
71001,1,0,0.12901814,0
71002,0,1,0.99997437,0
71003,0,0,0.03197956,1
71004,1,1,0.9999827,1
71005,0,1,0.98638946,0
71006,0,1,0.9915707,0
71007,1,1,0.7789017,1
71008,0,1,0.65063375,0
71009,1,1,0.9999349,1
71010,0,1,0.36503217,0
71011,0,0,0.022053316,1
71012,1,1,0.9913054,1
71013,0,0,0.24571796,1
71014,1,1,0.99559206,1
71015,1,1,0.9999995,1
71016,1,1,0.9997508,1
71017,0,0,0.28209728,1
71018,0,1,0.9999727,0
71019,1,1,1.0,1
71020,0,0,0.27615336,1
71021,1,0,0.11402278,0
71022,0,1,0.44589144,0
71023,0,1,0.9999993,0
71024,0,0,0.056340095,1
71025,1,0,0.16626887,0
71026,1,1,0.99140584,1
71027,0,1,0.9394706,0
71028,1,1,0.99999917,1
71029,0,0,0.16830944,1
71030,0,1,0.75482464,0
71031,0,0,0.11451697,1
71032,1,1,0.6877873,1
71033,0,0,0.17518502,1
71034,1,1,0.99999976,1
71035,1,1,0.5434691,1
71036,0,0,0.085023046,1
71037,1,1,0.9999999,1
71038,1,0,0.31132215,0
71039,1,1,1.0,1
71040,1,1,0.9498557,1
71041,0,0,0.049681153,1
71042,0,1,0.86373675,0
71043,1,1,0.9999999,1
71044,1,1,0.99999964,1
71045,0,0,0.14217234,1
71046,0,1,0.44764137,0
71047,0,1,0.6890441,0
71048,0,1,0.43242285,0
71049,0,0,0.13805456,1
71050,0,1,0.7643643,0
71051,1,1,0.9997757,1
71052,0,0,0.19837458,1
71053,0,1,0.6304006,0
71054,0,1,0.8988553,0
71055,0,1,1.0,0
71056,0,1,0.9974191,0
71057,1,1,1.0,1
71058,0,0,0.0226292,1
71059,1,0,0.17238072,0
71060,0,0,0.10687689,1
71061,1,1,1.0,1
71062,1,1,0.82190347,1
71063,1,1,0.8076124,1
71064,0,0,0.3063195,1
71065,0,0,0.116864756,1
71066,1,0,0.069289416,0
71067,0,0,0.0962801,1
71068,1,1,0.9999981,1
71069,0,1,0.9931363,0
71070,1,1,0.9999999,1
71071,1,1,0.9989392,1
71072,0,1,1.0,0
71073,0,1,0.94427973,0
71074,0,0,0.08181271,1
71075,0,0,0.010268432,1
71076,1,1,0.99957365,1
71077,1,0,0.0009436193,0
71078,1,1,0.9997408,1
71079,0,0,0.032589745,1
71080,1,1,0.99999917,1
71081,0,1,0.98400164,0
71082,1,0,0.11221037,0
71083,0,0,0.0130707845,1
71084,0,1,0.9689738,0
71085,0,0,0.104294725,1
71086,1,1,0.99999917,1
71087,1,1,0.9999989,1
71088,0,0,0.09178833,1
71089,1,1,0.9999826,1
71090,0,0,0.0070254076,1
71091,1,0,0.30316418,0
71092,1,1,0.9807103,1
71093,0,0,0.041346,1
71094,0,1,0.94772077,0
71095,1,1,0.99999464,1
71096,1,1,0.99999833,1
71097,1,0,0.07661468,0
71098,1,1,0.3566147,1
71099,0,1,0.99549675,0
71100,0,0,0.02774289,1
71101,0,1,0.99992096,0
71102,1,0,0.045394883,0
71103,0,0,0.05014425,1
71104,0,0,0.004972596,1
71105,1,0,0.011574994,0
71106,1,1,0.99974984,1
71107,0,1,0.9996513,0
71108,1,1,0.99999917,1
71109,0,0,0.27318642,1
71110,1,1,0.9968335,1
71111,1,0,0.038321972,0
71112,0,1,0.9915216,0
71113,1,1,0.9999882,1
71114,1,1,1.0,1
71115,1,1,0.99999964,1
71116,1,0,0.012895588,0
71117,1,1,1.0,1
71118,0,0,0.15077755,1
71119,1,1,0.91781974,1
71120,1,0,0.34748176,0
71121,1,1,0.99926203,1
71122,0,1,0.97386926,0
71123,1,0,0.04659464,0
71124,1,1,0.9999933,1
71125,1,1,0.99584997,1
71126,0,1,0.96267307,0
71127,1,0,0.060363002,0
71128,1,0,0.0871745,0
71129,1,1,0.9931496,1
71130,1,1,0.9999981,1
71131,1,1,0.99695444,1
71132,1,1,1.0,1
71133,0,0,0.007876707,1
71134,0,0,0.018107349,1
71135,0,0,0.070495576,1
71136,1,1,0.95136863,1
71137,1,1,0.9970073,1
71138,1,1,0.93397486,1
71139,1,1,1.0,1
71140,1,0,0.11318691,0
71141,1,1,0.99040353,1
71142,1,1,0.6706622,1
71143,0,1,0.45777294,0
71144,0,1,1.0,0
71145,1,1,0.9999187,1
71146,0,0,0.19223589,1
71147,0,0,0.34449854,1
71148,0,0,0.019142363,1
71149,0,1,0.777891,0
71150,1,0,0.018404892,0
71151,0,1,0.5128146,0
71152,0,1,0.99999833,0
71153,0,0,0.10194652,1
71154,1,1,1.0,1
71155,1,1,0.99998546,1
71156,0,0,0.05184547,1
71157,1,0,0.27328336,0
71158,1,1,0.9997241,1
71159,0,1,0.56025267,0
71160,1,1,0.95068645,1
71161,0,1,0.99999976,0
71162,0,1,0.9994777,0
71163,0,0,0.25312182,1
71164,1,1,0.8329173,1
71165,0,0,0.10176784,1
71166,1,1,0.73564166,1
71167,1,1,1.0,1
71168,1,1,1.0,1
71169,1,0,0.04401865,0
71170,0,0,0.11920292,1
71171,1,0,0.058185086,0
71172,1,1,1.0,1
71173,0,1,0.37182066,0
71174,0,1,0.9830526,0
71175,0,0,0.032528225,1
71176,0,1,0.80332816,0
71177,0,1,0.95565146,0
71178,1,1,0.97180575,1
71179,0,0,0.16742277,1
71180,0,0,0.23161423,1
71181,0,1,0.9563497,0
71182,0,0,0.08262328,1
71183,0,1,0.9933072,0
71184,0,0,0.1185891,1
71185,0,1,0.81640637,0
71186,0,1,0.649523,0
71187,1,1,1.0,1
71188,0,0,0.025035424,1
71189,0,0,0.021615336,1
71190,0,1,0.99978596,0
71191,1,1,0.9999974,1
71192,1,1,0.98466414,1
71193,0,1,0.36384463,0
71194,1,0,0.025883388,0
71195,1,1,1.0,1
71196,1,1,0.99999905,1
71197,0,0,0.1272725,1
71198,1,1,0.9996561,1
71199,1,1,0.5778527,1
71200,1,0,0.13753247,0
71201,0,1,0.75833166,0
71202,0,0,0.21700546,1
71203,1,1,0.9999981,1
71204,0,0,0.089933,1
71205,0,0,0.21917033,1
71206,0,0,0.051749542,1
71207,1,1,0.59366816,1
71208,0,1,0.3879222,0
71209,1,1,0.9998863,1
71210,1,1,0.9999906,1
71211,1,0,0.10475175,0
71212,1,1,0.9860443,1
71213,0,0,0.22354652,1
71214,0,1,0.8997397,0
71215,1,1,1.0,1
71216,1,1,0.9999875,1
71217,1,1,0.99986446,1
71218,0,0,0.29818472,1
71219,1,1,0.9996244,1
71220,1,1,0.98617804,1
71221,1,1,0.9879695,1
71222,0,1,1.0,0
71223,0,1,0.7892337,0
71224,1,1,0.9990264,1
71225,0,0,0.21370518,1
71226,1,1,0.99999917,1
71227,0,0,0.21092878,1
71228,1,1,0.99719363,1
71229,1,1,0.41324037,1
71230,0,0,0.15178062,1
71231,0,1,0.9995932,0
71232,0,1,0.99613816,0
71233,0,1,0.8568123,0
71234,1,1,0.93385434,1
71235,1,0,0.04659464,0
71236,1,1,0.99999356,1
71237,0,0,0.0882686,1
71238,0,1,0.9432954,0
71239,0,1,0.5172051,0
71240,0,0,0.04716187,1
71241,0,1,0.70987463,0
71242,1,1,0.9999995,1
71243,0,1,0.9038049,0
71244,0,0,0.010348136,1
71245,1,0,0.14378779,0
71246,1,1,0.99999976,1
71247,0,1,0.43467125,0
71248,1,1,0.7898827,1
71249,0,0,0.12940273,1
71250,0,0,0.22185604,1
71251,0,1,0.99974185,0
71252,0,0,0.0610871,1
71253,1,1,0.9790558,1
71254,0,1,0.8255897,0
71255,1,1,0.97578543,1
71256,0,0,0.28081354,1
71257,0,1,0.9470882,0
71258,1,0,0.05266766,0
71259,0,0,0.02136889,1
71260,1,1,0.9995753,1
71261,1,1,0.99944824,1
71262,1,1,0.9794133,1
71263,0,0,0.33502442,1
71264,1,1,1.0,1
71265,0,0,0.029395703,1
71266,1,1,0.9999999,1
71267,1,0,0.26331514,0
71268,1,1,1.0,1
71269,1,1,0.9999999,1
71270,1,1,0.9999379,1
71271,0,1,0.90320885,0
71272,1,0,0.008511303,0
71273,1,1,1.0,1
71274,0,1,0.99995995,0
71275,1,1,0.91505283,1
71276,0,0,0.06941548,1
71277,1,0,0.2399722,0
71278,0,1,0.9948303,0
71279,0,1,0.98521465,0
71280,0,0,0.270095,1
71281,0,1,0.9967269,0
71282,1,1,0.9999974,1
71283,0,0,0.08381536,1
71284,0,0,0.020864256,1
71285,1,1,0.5512718,1
71286,1,0,0.026759284,0
71287,0,1,0.9999887,0
71288,1,1,1.0,1
71289,0,0,0.006205023,1
71290,0,1,0.9161096,0
71291,0,1,0.6489671,0
71292,1,1,1.0,1
71293,1,1,0.9989077,1
71294,0,0,0.11104826,1
71295,0,0,0.15746048,1
71296,0,0,0.26874945,1
71297,1,1,0.9999999,1
71298,1,0,0.029844806,0
71299,0,1,0.8401279,0
71300,0,1,0.9999838,0
71301,1,0,0.05098815,0
71302,0,1,0.43647188,0
71303,1,1,0.49697882,1
71304,0,0,0.19185705,1
71305,1,1,0.9999869,1
71306,1,1,1.0,1
71307,1,1,0.9999825,1
71308,1,1,1.0,1
71309,0,0,0.16411416,1
71310,1,1,0.9999889,1
71311,1,1,0.9994504,1
71312,1,1,0.8178656,1
71313,1,0,0.045225907,0
71314,0,0,0.21223202,1
71315,1,0,0.11191885,0
71316,0,1,0.99724776,0
71317,1,1,0.9999995,1
71318,1,1,0.999892,1
71319,1,1,0.49426293,1
71320,1,1,0.9900828,1
71321,0,0,0.014587567,1
71322,1,1,0.91928095,1
71323,1,1,0.97110176,1
71324,1,0,0.09326426,0
71325,1,1,0.999892,1
71326,0,1,1.0,0
71327,0,0,0.33084944,1
71328,1,1,0.99998295,1
71329,0,0,0.044722572,1
71330,1,1,0.9999907,1
71331,1,1,0.9999989,1
71332,0,0,0.16694687,1
71333,0,1,0.6734065,0
71334,1,0,0.10338597,0
71335,1,1,0.938124,1
71336,0,1,0.99999166,0
71337,1,0,0.027690258,0
71338,0,0,0.30621576,1
71339,1,1,0.8345418,1
71340,1,1,0.99996483,1
71341,1,0,0.09756222,0
71342,0,1,0.8271311,0
71343,1,1,0.99737346,1
71344,0,1,0.78735954,0
71345,1,1,0.9999194,1
71346,1,0,0.19977595,0
71347,0,1,0.87568074,0
71348,0,1,0.9989392,0
71349,1,1,1.0,1
71350,0,0,0.34593338,1
71351,0,1,0.97455615,0
71352,1,1,0.8849373,1
71353,0,0,0.2813069,1
71354,1,0,0.08487122,0
71355,0,1,0.83960253,0
71356,1,0,0.31305215,0
71357,0,0,0.18148069,1
71358,0,1,0.42978832,0
71359,0,0,0.080574244,1
71360,1,0,0.06542547,0
71361,0,1,0.9999107,0
71362,0,0,0.20769641,1
71363,1,1,0.566738,1
71364,0,1,0.9981178,0
71365,0,0,0.08874129,1
71366,1,1,0.99601597,1
71367,1,0,0.18839861,0
71368,0,1,0.37170663,0
71369,0,1,0.52755994,0
71370,0,1,0.99988127,0
71371,1,1,0.99308276,1
71372,1,1,1.0,1
71373,1,0,0.0658447,0
71374,1,0,0.0028615799,0
71375,1,1,1.0,1
71376,1,1,1.0,1
71377,1,0,0.07871317,0
71378,0,1,0.99937373,0
71379,1,1,0.57648236,1
71380,1,1,1.0,1
71381,0,1,0.99997556,0
71382,1,1,0.9999993,1
71383,0,0,0.025468081,1
71384,0,0,0.2790911,1
71385,1,1,0.99999845,1
71386,0,1,0.9999243,0
71387,0,0,0.11807967,1
71388,1,1,0.9975514,1
71389,1,1,0.99834836,1
71390,1,1,1.0,1
71391,1,1,0.99998534,1
71392,1,1,0.9996965,1
71393,1,1,0.9967013,1
71394,1,0,0.06159316,0
71395,1,1,0.524212,1
71396,1,1,0.9999994,1
71397,0,1,0.43914595,0
71398,0,1,0.99937004,0
71399,1,0,0.02615562,0
71400,0,1,0.99956185,0
71401,0,0,0.020196635,1
71402,0,0,0.02761149,1
71403,0,1,0.99983,0
71404,0,0,0.011687257,1
71405,0,0,0.10715685,1
71406,0,0,0.2018919,1
71407,0,1,0.8597815,0
71408,1,0,0.035846926,0
71409,0,1,0.9970421,0
71410,0,0,0.08748585,1
71411,1,1,0.8047131,1
71412,1,1,0.9649213,1
71413,1,0,0.0010712142,0
71414,0,1,0.84453726,0
71415,1,1,0.65373504,1
71416,1,1,1.0,1
71417,1,1,1.0,1
71418,1,0,0.065365784,0
71419,1,1,0.999997,1
71420,0,1,0.9186264,0
71421,1,1,0.8601343,1
71422,0,1,0.98564917,0
71423,1,1,0.99998534,1
71424,0,1,0.3540421,0
71425,0,0,0.037714817,1
71426,0,1,0.9996513,0
71427,1,1,0.99999976,1
71428,1,0,0.022499967,0
71429,0,1,1.0,0
71430,0,0,0.16532342,1
71431,0,0,0.123947665,1
71432,0,0,0.027428541,1
71433,1,1,0.9132906,1
71434,1,0,0.28452632,0
71435,1,1,0.9555686,1
71436,1,1,0.99985623,1
71437,1,1,0.9996147,1
71438,1,0,0.10776568,0
71439,0,1,0.9964412,0
71440,1,1,0.99999917,1
71441,1,1,0.99945253,1
71442,0,1,0.95695716,0
71443,0,1,0.41401014,0
71444,1,1,1.0,1
71445,1,0,0.10706346,0
71446,0,0,0.30663085,1
71447,1,1,0.46213925,1
71448,0,1,0.41377324,0
71449,0,1,0.9982488,0
71450,0,0,0.27815872,1
71451,1,1,0.99856466,1
71452,0,0,0.0076214303,1
71453,1,1,0.9983834,1
71454,1,1,0.9999995,1
71455,1,1,0.3693151,1
71456,0,0,0.13517499,1
71457,0,0,0.16491956,1
71458,1,1,0.99999416,1
71459,1,1,1.0,1
71460,1,1,0.99998844,1
71461,0,0,0.060919292,1
71462,0,1,0.5709893,0
71463,0,1,0.92590266,0
71464,0,1,0.56571865,0
71465,1,1,0.9999901,1
71466,0,0,0.21791947,1
71467,0,0,0.29380956,1
71468,1,0,0.017259333,0
71469,1,1,0.9996302,1
71470,0,1,0.5268905,0
71471,0,0,0.0962801,1
71472,0,0,0.32236597,1
71473,0,0,0.042206,1
71474,0,0,0.07971035,1
71475,0,1,0.78099674,0
71476,0,1,0.6132945,0
71477,1,0,0.051130094,0
71478,0,1,0.99529076,0
71479,1,0,0.29421496,0
71480,1,1,0.9999969,1
71481,1,1,1.0,1
71482,1,1,0.9994374,1
71483,1,1,0.9999995,1
71484,0,1,0.9914225,0
71485,1,1,1.0,1
71486,1,1,1.0,1
71487,0,0,0.08181271,1
71488,0,1,0.99960417,0
71489,1,0,0.15354916,0
71490,1,1,0.9239362,1
71491,1,0,0.22936255,0
71492,1,0,0.22286923,0
71493,1,1,1.0,1
71494,0,0,0.21485612,1
71495,0,0,0.027195055,1
71496,0,1,0.5616957,0
71497,0,1,0.4088077,0
71498,1,1,0.9999989,1
71499,0,1,0.99999774,0
71500,0,1,1.0,0
71501,0,0,0.3158415,1
71502,0,1,0.83894384,0
71503,0,1,0.9999778,0
71504,0,0,0.0033831913,1
71505,1,1,0.99946946,1
71506,0,0,0.28912073,1
71507,0,0,0.29128316,1
71508,1,1,0.5926077,1
71509,1,1,1.0,1
71510,1,1,1.0,1
71511,1,1,1.0,1
71512,1,1,0.99999976,1
71513,0,1,0.4415225,0
71514,1,1,0.9625677,1
71515,1,0,0.078148484,0
71516,0,1,0.9999958,0
71517,1,1,1.0,1
71518,1,1,0.9977349,1
71519,1,1,0.98272413,1
71520,1,1,0.99999976,1
71521,0,0,0.007460643,1
71522,1,0,0.05649606,0
71523,1,0,0.2150209,0
71524,1,1,0.98986953,1
71525,1,1,1.0,1
71526,0,0,0.35058814,1
71527,1,1,0.97038054,1
71528,1,1,0.99999976,1
71529,0,1,0.40324372,0
71530,0,0,0.19034748,1
71531,1,1,0.99394965,1
71532,1,0,0.024030639,0
71533,0,1,0.36167184,0
71534,0,0,0.077447854,1
71535,1,1,0.9994,1
71536,1,1,0.99999976,1
71537,0,0,0.042087723,1
71538,1,0,0.057387535,0
71539,1,1,0.9000915,1
71540,0,0,0.09203286,1
71541,0,0,0.036769465,1
71542,0,0,0.06435884,1
71543,1,1,0.92886186,1
71544,0,0,0.032528225,1
71545,1,1,0.91046584,1
71546,0,0,0.21750368,1
71547,0,1,0.90821165,0
71548,1,1,0.9997063,1
71549,1,1,0.99190676,1
71550,1,0,0.049865905,0
71551,0,0,0.031055551,1
71552,0,1,0.8550057,0
71553,1,1,0.99999714,1
71554,1,0,0.07765744,0
71555,0,0,0.2549725,1
71556,1,1,0.99983263,1
71557,0,0,0.080069266,1
71558,0,0,0.22017473,1
71559,0,0,0.18616903,1
71560,1,1,0.9997826,1
71561,1,0,0.23231015,0
71562,1,1,0.9347534,1
71563,0,0,0.042048372,1
71564,0,0,0.010169658,1
71565,0,1,0.7334996,0
71566,0,1,0.7623356,0
71567,1,0,0.19884089,0
71568,0,1,0.8183016,0
71569,0,1,0.9982993,0
71570,1,1,0.86373675,1
71571,0,1,0.9973374,0
71572,0,0,0.22686929,1
71573,0,1,0.9998752,0
71574,1,1,0.9998574,1
71575,0,0,0.0066411127,1
71576,0,1,0.46490157,0
71577,0,1,0.7190385,0
71578,1,1,0.37227693,1
71579,1,1,0.9999596,1
71580,1,1,0.93985814,1
71581,1,0,0.02371207,0
71582,0,0,0.12442563,1
71583,1,1,1.0,1
71584,1,1,0.9951041,1
71585,0,1,0.8465777,0
71586,1,1,0.9999999,1
71587,1,1,0.9981141,1
71588,0,1,0.9990527,0
71589,1,1,0.6387789,1
71590,0,1,0.9999889,0
71591,1,0,0.22764099,0
71592,1,0,0.012383786,0
71593,0,0,0.044847906,1
71594,0,0,0.0794957,1
71595,0,1,0.39323938,0
71596,1,1,0.99964714,1
71597,1,1,0.9965503,1
71598,1,0,0.21833587,0
71599,0,1,0.99999976,0
71600,1,1,0.9999989,1
71601,1,1,1.0,1
71602,1,1,0.8146434,1
71603,0,0,0.10894504,1
71604,0,1,0.9293122,0
71605,1,1,0.97708833,1
71606,1,1,0.7890712,1
71607,0,1,0.56385833,0
71608,0,1,0.57146764,0
71609,0,1,0.35571894,0
71610,1,1,0.9993893,1
71611,0,1,0.97726256,0
71612,1,1,0.99847823,1
71613,1,0,0.1965176,0
71614,1,1,0.9999956,1
71615,1,1,0.403655,1
71616,0,0,0.093181714,1
71617,1,0,0.124213,0
71618,1,1,0.9996692,1
71619,0,0,0.15980656,1
71620,1,1,0.9999993,1
71621,1,1,0.99999905,1
71622,0,0,0.061819322,1
71623,1,1,0.9999968,1
71624,1,1,0.99999905,1
71625,0,0,0.06080765,1
71626,1,1,1.0,1
71627,0,1,0.7079603,0
71628,0,1,0.9998585,0
71629,1,1,0.37670913,1
71630,1,1,0.9974491,1
71631,0,0,0.14657521,1
71632,0,0,0.11377637,1
71633,1,1,0.9363432,1
71634,1,1,0.8735388,1
71635,1,1,0.52530795,1
71636,0,1,0.6750688,0
71637,1,1,0.99776995,1
71638,1,1,0.99967563,1
71639,1,1,0.989791,1
71640,1,1,0.9997336,1
71641,1,0,0.056132775,0
71642,0,1,0.8050198,0
71643,1,1,0.8193158,1
71644,1,1,0.9438154,1
71645,0,0,0.011755131,1
71646,1,1,0.9999989,1
71647,0,1,0.9905874,0
71648,0,1,0.9856076,0
71649,0,0,0.06336634,1
71650,1,1,0.9981505,1
71651,0,1,0.5120216,0
71652,1,0,0.043895524,0
71653,1,1,0.9999995,1
71654,0,0,0.16913125,1
71655,0,0,0.03879259,1
71656,1,1,0.99983454,1
71657,0,0,0.27163795,1
71658,1,1,0.99615306,1
71659,0,0,0.25054586,1
71660,0,1,0.99986863,0
71661,0,0,0.08850466,1
71662,0,0,0.12116486,1
71663,0,1,0.8101036,0
71664,0,0,0.04111437,1
71665,0,0,0.16640429,1
71666,1,1,0.99998045,1
71667,0,0,0.05179748,1
71668,1,1,0.9729595,1
71669,1,1,0.9999931,1
71670,0,0,0.03803509,1
71671,1,1,0.70217276,1
71672,1,1,0.45501697,1
71673,0,1,0.9999467,0
71674,0,1,0.99964166,0
71675,1,1,0.9797259,1
71676,1,1,0.5658986,1
71677,1,0,0.053601146,0
71678,1,1,0.9982351,1
71679,1,1,0.99998176,1
71680,0,0,0.040807478,1
71681,0,1,0.99922216,0
71682,1,0,0.057440385,0
71683,0,1,0.99749833,0
71684,1,1,0.9999145,1
71685,1,1,0.6735676,1
71686,1,1,0.99985516,1
71687,1,1,0.9583822,1
71688,0,0,0.18403316,1
71689,1,1,0.7752222,1
71690,1,1,0.67613894,1
71691,1,1,0.9999963,1
71692,1,1,1.0,1
71693,0,0,0.10970577,1
71694,0,0,0.09990845,1
71695,1,1,0.6007155,1
71696,1,1,0.99978596,1
71697,1,0,0.17078443,0
71698,1,1,0.9999989,1
71699,1,1,0.9840936,1
71700,0,0,0.18440005,1
71701,1,0,0.080213256,0
71702,1,1,0.9971384,1
71703,1,1,0.9943691,1
71704,1,1,0.9943691,1
71705,1,0,0.3408142,0
71706,0,0,0.033462938,1
71707,1,1,0.9193534,1
71708,0,1,0.93379396,0
71709,0,1,0.618838,0
71710,1,1,0.99999166,1
71711,1,1,0.99999297,1
71712,1,1,1.0,1
71713,1,1,1.0,1
71714,1,1,0.9615699,1
71715,1,0,0.2991052,0
71716,1,0,0.30280325,0
71717,0,1,0.9998273,0
71718,1,1,0.99984825,1
71719,0,0,0.057387535,1
71720,0,0,0.024122424,1
71721,1,1,1.0,1
71722,1,1,0.9998134,1
71723,1,1,0.9999999,1
71724,1,1,0.9999999,1
71725,1,1,1.0,1
71726,1,1,0.9999517,1
71727,1,1,0.99927205,1
71728,0,1,0.61201984,0
71729,0,0,0.030588808,1
71730,1,0,0.16844618,0
71731,0,0,0.025711589,1
71732,0,1,0.41060856,0
71733,1,1,0.99996555,1
71734,0,1,0.99712723,0
71735,1,1,1.0,1
71736,1,1,0.83748704,1
71737,0,1,0.604574,0
71738,1,1,1.0,1
71739,0,0,0.29386023,1
71740,0,0,0.13330236,1
71741,0,0,0.19705787,1
71742,0,1,0.35214606,0
71743,0,1,0.54304504,0
71744,1,1,0.9999995,1
71745,0,1,0.9939261,0
71746,0,0,0.21825255,1
71747,1,1,0.9998568,1
71748,0,1,0.9772191,0
71749,1,0,0.18914637,0
71750,1,1,0.9999999,1
71751,0,0,0.0610871,1
71752,0,1,0.90000373,0
71753,1,1,0.9999981,1
71754,0,1,0.994729,0
71755,1,1,0.99990046,1
71756,0,0,0.30290633,1
71757,1,1,0.9998067,1
71758,0,0,0.05531065,1
71759,0,0,0.23187502,1
71760,1,1,0.93891287,1
71761,1,1,0.99999976,1
71762,1,1,0.58788395,1
71763,0,0,0.014813886,1
71764,1,1,0.9995635,1
71765,0,1,0.9815067,0
71766,1,1,0.9938788,1
71767,1,1,0.9999784,1
71768,0,0,0.05340333,1
71769,1,0,0.10557885,0
71770,0,1,0.9999999,0
71771,1,1,0.78596646,1
71772,0,0,0.31284216,1
71773,0,0,0.047030386,1
71774,0,1,0.77415687,0
71775,1,0,0.3161053,0
71776,1,1,0.9999907,1
71777,1,1,0.98201376,1
71778,1,1,0.9999925,1
71779,0,0,0.00472755,1
71780,0,1,0.9963642,0
71781,0,0,0.03879259,1
71782,1,1,0.99998903,1
71783,1,1,0.7157718,1
71784,0,1,0.5697928,0
71785,1,0,0.1309508,0
71786,1,0,0.34196696,0
71787,1,0,0.046033904,0
71788,1,1,0.71735847,1
71789,0,0,0.15662017,1
71790,0,0,0.18010665,1
71791,0,1,0.44610256,0
71792,0,0,0.008187911,1
71793,1,1,0.9999945,1
71794,1,1,0.9999999,1
71795,0,1,0.99952626,0
71796,1,1,0.9594972,1
71797,0,1,0.36466444,0
71798,1,1,0.9999987,1
71799,1,1,0.99999416,1
71800,0,0,0.045479592,1
71801,0,1,0.81390494,0
71802,0,0,0.022824407,1
71803,0,1,0.95759624,0
71804,1,0,0.21117273,0
71805,1,1,0.9994547,1
71806,1,1,0.9999728,1
71807,1,1,1.0,1
71808,1,1,0.9997187,1
71809,0,0,0.26693016,1
71810,1,1,0.99497885,1
71811,1,1,0.9999682,1
71812,0,0,0.109039895,1
71813,0,1,0.9647889,0
71814,0,0,0.05424881,1
71815,1,1,0.9999949,1
71816,0,0,0.11621123,1
71817,1,1,1.0,1
71818,0,0,0.12033541,1
71819,0,0,0.10875559,1
71820,1,0,0.068537496,0
71821,1,1,1.0,1
71822,0,1,0.98768765,0
71823,1,1,0.99998856,1
71824,1,1,0.9995851,1
71825,0,0,0.057018865,1
71826,1,0,0.10669061,0
71827,1,1,0.8965235,1
71828,1,0,0.06644793,0
71829,1,1,0.99999416,1
71830,1,1,0.9992679,1
71831,1,0,0.029008126,0
71832,1,1,0.99712723,1
71833,1,0,0.16871993,0
71834,1,1,0.9999902,1
71835,0,0,0.11367794,1
71836,0,0,0.025202822,1
71837,1,0,0.1272725,0
71838,1,1,0.37176365,1
71839,0,1,0.4173605,0
71840,1,1,0.9997075,1
71841,1,0,0.09833879,0
71842,0,0,0.068975195,1
71843,1,0,0.030821325,0
71844,1,1,0.9985562,1
71845,0,1,0.9999987,0
71846,0,0,0.13341522,1
71847,1,0,0.25571522,0
71848,0,1,0.5517549,0
71849,1,1,0.9999999,1
71850,1,0,0.12173796,0
71851,0,0,0.10230471,1
71852,1,0,0.15002882,0
71853,0,0,0.0416178,1
71854,0,0,0.13072868,1
71855,0,1,0.9995652,0
71856,0,1,0.56913435,0
71857,1,0,0.06742378,0
71858,0,0,0.16586316,1
71859,1,1,1.0,1
71860,1,1,0.9809856,1
71861,1,1,0.9073943,1
71862,0,0,0.07538034,1
71863,0,1,0.99999726,0
71864,1,1,0.9942139,1
71865,0,1,0.6955966,0
71866,1,1,1.0,1
71867,0,0,0.048767094,1
71868,0,0,0.092359796,1
71869,0,0,0.031084953,1
71870,0,1,0.98961186,0
71871,1,1,1.0,1
71872,1,1,0.97259754,1
71873,0,0,0.040351234,1
71874,1,0,0.10800066,0
71875,1,1,0.9859364,1
71876,0,1,0.8707073,0
71877,1,1,0.9999999,1
71878,0,0,0.26331514,1
71879,1,1,0.999764,1
71880,1,0,0.0032162168,0
71881,1,1,0.9999944,1
71882,0,1,0.9807103,0
71883,0,0,0.28002533,1
71884,1,1,0.94509614,1
71885,1,1,0.41923183,1
71886,1,1,0.9267028,1
71887,0,1,1.0,0
71888,0,0,0.22927627,1
71889,0,1,0.37736857,0
71890,0,1,0.6852653,0
71891,0,1,0.5055845,0
71892,0,1,0.37281913,0
71893,0,1,0.8221891,0
71894,1,1,0.99999964,1
71895,1,1,0.9997893,1
71896,0,0,0.04065485,1
71897,0,1,0.9637459,0
71898,0,0,0.049039625,1
71899,1,1,0.9992792,1
71900,1,1,1.0,1
71901,0,0,0.2797301,1
71902,0,1,0.37193474,0
71903,1,1,0.9952448,1
71904,1,1,0.9999974,1
71905,0,0,0.21850257,1
71906,1,0,0.03601607,0
71907,0,0,0.07928158,1
71908,1,1,0.9993773,1
71909,1,1,0.9989141,1
71910,1,1,0.3551037,1
71911,0,0,0.21084754,1
71912,0,1,0.9998499,0
71913,0,1,0.6166473,0
71914,1,1,0.3617846,1
71915,1,1,0.88463855,1
71916,1,1,0.999979,1
71917,0,1,0.70176417,0
71918,0,1,0.48425815,0
71919,1,1,0.99861956,1
71920,0,0,0.041346,1
71921,1,1,0.99797314,1
71922,1,1,1.0,1
71923,0,1,0.9986749,0
71924,1,1,0.97285664,1
71925,0,1,0.99228936,0
71926,1,1,1.0,1
71927,1,1,0.8465777,1
71928,1,1,0.99736834,1
71929,1,0,0.017045315,0
71930,1,0,0.095518075,0
71931,0,0,0.21559837,1
71932,1,1,0.84695786,1
71933,1,1,0.9631613,1
71934,1,1,0.99999845,1
71935,0,0,0.20315367,1
71936,1,1,0.9999683,1
71937,1,1,0.52786416,1
71938,1,1,1.0,1
71939,1,1,0.5875882,1
71940,0,1,0.99946946,0
71941,0,1,0.8961605,0
71942,1,1,0.913368,1
71943,1,1,1.0,1
71944,1,1,0.9999994,1
71945,1,0,0.11446747,0
71946,0,1,0.79787195,0
71947,1,1,0.99999917,1
71948,1,0,0.0882686,0
71949,0,0,0.18155324,1
71950,1,0,0.06103112,0
71951,0,0,0.23917161,1
71952,1,1,1.0,1
71953,1,0,0.036220055,0
71954,1,1,0.9654789,1
71955,1,0,0.0024249142,0
71956,1,0,0.016705096,0
71957,1,1,0.9999732,1
71958,1,1,0.99989104,1
71959,0,1,0.99984396,0
71960,1,0,0.07558479,0
71961,1,1,0.9980957,1
71962,1,1,0.89312315,1
71963,0,0,0.20418316,1
71964,1,1,0.99991584,1
71965,1,1,0.99999,1
71966,0,1,0.98844737,0
71967,0,1,0.98314995,0
71968,0,1,0.9984114,0
71969,0,1,0.754915,0
71970,0,0,0.03265138,1
71971,1,1,1.0,1
71972,1,1,0.9983865,1
71973,1,1,0.99476975,1
71974,1,1,0.7150759,1
71975,1,1,0.99371004,1
71976,0,0,0.24617074,1
71977,1,1,0.9320833,1
71978,1,1,0.9999918,1
71979,1,1,0.9878762,1
71980,0,1,0.7854732,0
71981,1,1,1.0,1
71982,1,1,0.99999964,1
71983,1,1,0.99999654,1
71984,0,1,0.5122656,0
71985,1,1,0.99818975,1
71986,0,1,0.92709976,0
71987,1,1,0.7167641,1
71988,1,0,0.039564554,0
71989,0,1,0.99458355,0
71990,1,1,0.99989843,1
71991,1,0,0.006463138,0
71992,1,0,0.03821415,0
71993,1,1,0.9999331,1
71994,1,1,0.9205757,1
71995,1,1,0.7514658,1
71996,0,0,0.1346052,1
71997,1,1,1.0,1
71998,1,0,0.054198727,0
71999,0,1,0.64651597,0
72000,1,1,0.89478946,1
72001,1,1,0.70166194,1
72002,1,1,0.91505283,1
72003,1,1,0.9999999,1
72004,1,0,0.18068421,0
72005,1,1,0.99993134,1
72006,0,0,0.0090903845,1
72007,0,0,0.31048527,1
72008,1,1,0.9512329,1
72009,1,0,0.08299413,0
72010,1,1,0.9998596,1
72011,0,0,0.029118354,1
72012,0,0,0.17064616,1
72013,0,0,0.10687689,1
72014,0,1,0.99999976,0
72015,1,1,1.0,1
72016,1,1,1.0,1
72017,1,1,0.96995664,1
72018,1,1,0.84632385,1
72019,0,1,0.90853673,0
72020,1,1,0.96841115,1
72021,0,1,0.9946464,0
72022,0,1,0.37347588,0
72023,0,0,0.21231367,1
72024,0,0,0.08064662,1
72025,1,1,0.99279517,1
72026,1,1,1.0,1
72027,0,0,0.34726036,1
72028,0,1,0.9673178,0
72029,0,1,0.44791308,0
72030,0,1,0.99366105,0
72031,1,1,1.0,1
72032,0,0,0.17050801,1
72033,1,1,0.996503,1
72034,1,1,1.0,1
72035,0,1,0.5479479,0
72036,0,0,0.13078417,1
72037,1,1,0.9999684,1
72038,1,1,0.99823856,1
72039,1,1,1.0,1
72040,1,0,0.11124121,0
72041,0,1,0.9991474,0
72042,1,1,0.8694931,1
72043,1,1,0.99782157,1
72044,0,1,0.40192252,0
72045,0,1,0.9998822,0
72046,0,1,0.366193,0
72047,0,1,0.7520126,0
72048,0,1,0.90320885,0
72049,1,1,1.0,1
72050,1,1,0.9989454,1
72051,1,1,1.0,1
72052,0,1,0.89634216,0
72053,0,0,0.15597628,1
72054,1,1,0.9999596,1
72055,0,0,0.13426429,1
72056,1,1,1.0,1
72057,0,1,0.98442644,0
72058,0,0,0.27270195,1
72059,0,0,0.1363207,1
72060,0,1,0.91367656,0
72061,0,0,0.2549261,1
72062,1,1,0.999962,1
72063,1,1,1.0,1
72064,1,1,0.99993944,1
72065,1,1,0.9998385,1
72066,1,1,0.99972254,1
72067,1,1,0.9948303,1
72068,1,1,0.8272706,1
72069,0,1,1.0,0
72070,1,0,0.022286186,0
72071,0,1,0.86993575,0
72072,1,1,0.99990904,1
72073,0,0,0.04716187,1
72074,0,0,0.03138043,1
72075,1,1,0.99541724,1
72076,0,1,0.9132906,0
72077,0,1,0.9182606,0
72078,1,0,0.13017482,0
72079,0,0,0.06524657,1
72080,1,1,1.0,1
72081,1,0,0.049681153,0
72082,0,1,0.947186,0
72083,0,0,0.014899643,1
72084,0,1,0.3889661,0
72085,0,0,0.2374875,1
72086,0,1,0.3919004,0
72087,1,0,0.32247266,0
72088,1,1,1.0,1
72089,1,1,0.9999999,1
72090,1,1,1.0,1
72091,0,0,0.08137364,1
72092,1,1,0.9986827,1
72093,1,1,1.0,1
72094,0,0,0.048405956,1
72095,0,1,0.6597889,0
72096,1,1,1.0,1
72097,1,1,0.9999968,1
72098,0,1,0.990732,0
72099,1,1,0.9999012,1
72100,1,1,0.55579686,1
72101,1,1,0.99709916,1
72102,0,1,0.97285664,0
72103,0,1,0.99499834,0
72104,1,1,0.99664307,1
72105,1,1,1.0,1
72106,1,1,1.0,1
72107,1,1,0.9997818,1
72108,0,1,0.5268905,0
72109,0,0,0.23651622,1
72110,0,1,0.9217811,0
72111,1,1,0.9994374,1
72112,0,1,0.7505527,0
72113,0,1,0.4371626,0
72114,0,0,0.058185086,1
72115,1,1,0.9940428,1
72116,0,0,0.34593338,1
72117,0,0,0.05122493,1
72118,1,0,0.013273888,0
72119,1,1,0.9466954,1
72120,0,0,0.24238493,1
72121,0,0,0.015967654,1
72122,0,0,0.026056305,1
72123,0,0,0.24220563,1
72124,1,1,0.9999453,1
72125,1,1,0.96989965,1
72126,1,1,0.92879725,1
72127,1,1,0.9946672,1
72128,1,1,0.99999046,1
72129,1,0,0.016418796,0
72130,0,0,0.024586499,1
72131,0,0,0.12967801,1
72132,0,1,0.99469805,0
72133,0,1,0.9977393,0
72134,1,1,0.68452775,1
72135,0,1,0.58005476,0
72136,1,0,0.0057637272,0
72137,1,1,0.9222726,1
72138,0,1,0.8671483,0
72139,0,0,0.14414886,1
72140,1,1,0.99999547,1
72141,0,0,0.111724876,1
72142,1,1,1.0,1
72143,1,1,0.9579909,1
72144,1,1,0.9999999,1
72145,1,0,0.052911807,0
72146,0,0,0.08977329,1
72147,0,1,0.99629277,0
72148,0,1,0.9977083,0
72149,1,1,0.99881905,1
72150,1,1,0.57080984,1
72151,0,0,0.16471791,1
72152,1,0,0.17631677,0
72153,1,1,0.99999964,1
72154,1,1,0.99615306,1
72155,1,1,0.9999908,1
72156,1,1,1.0,1
72157,0,0,0.11807967,1
72158,0,0,0.018352037,1
72159,0,1,0.99415743,0
72160,0,1,0.9999999,0
72161,1,1,1.0,1
72162,1,1,0.9265035,1
72163,0,0,0.23952717,1
72164,1,1,0.6694748,1
72165,0,0,0.32530618,1
72166,1,1,0.5345518,1
72167,0,0,0.046942927,1
72168,0,1,0.41149512,0
72169,0,1,0.69113266,0
72170,0,0,0.041930523,1
72171,0,0,0.28467542,1
72172,0,0,0.04611975,1
72173,1,0,0.0076510315,0
72174,0,0,0.107812636,1
72175,1,0,0.046638034,0
72176,1,1,0.9999789,1
72177,0,0,0.013848611,1
72178,1,1,0.99928623,1
72179,1,1,0.9908035,1
72180,1,1,0.38580844,1
72181,0,1,0.76410043,0
72182,0,0,0.029063188,1
72183,0,0,0.015573563,1
72184,1,1,0.9999981,1
72185,1,1,0.99433607,1
72186,0,1,0.9999931,0
72187,1,1,1.0,1
72188,0,0,0.16151851,1
72189,0,0,0.10502681,1
72190,0,1,0.8823265,0
72191,1,1,0.99981266,1
72192,0,0,0.111627996,1
72193,0,0,0.19019702,1
72194,0,1,0.3800109,0
72195,1,1,1.0,1
72196,1,1,0.9999405,1
72197,1,1,0.9999995,1
72198,1,1,0.9933201,1
72199,1,0,0.091544405,0
72200,0,0,0.16728666,1
72201,1,0,0.049865905,0
72202,1,1,1.0,1
72203,1,0,0.027246773,0
72204,1,1,0.3631386,1
72205,0,0,0.21609424,1
72206,1,1,0.99986446,1
72207,1,1,0.6757111,1
72208,1,1,1.0,1
72209,0,1,0.72710437,0
72210,0,0,0.023419945,1
72211,0,1,0.9998741,0
72212,0,1,0.9948102,0
72213,0,1,0.63096917,0
72214,0,1,0.91978675,0
72215,1,1,0.41235268,1
72216,1,1,0.9434519,1
72217,0,1,0.8981429,0
72218,0,0,0.099382766,1
72219,1,1,0.99955314,1
72220,0,0,0.11211313,1
72221,0,0,0.24095315,1
72222,1,1,0.99999917,1
72223,1,1,0.98197925,1
72224,1,1,0.953188,1
72225,0,1,0.7078593,0
72226,1,1,0.99999964,1
72227,1,0,0.03207038,0
72228,1,1,0.9887554,1
72229,1,1,0.99997723,1
72230,0,1,0.50524884,0
72231,1,1,0.9999994,1
72232,0,0,0.053107906,1
72233,0,1,0.9591926,0
72234,1,1,0.9999999,1
72235,1,1,1.0,1
72236,0,0,0.049267832,1
72237,0,0,0.13586143,1
72238,0,1,0.90690076,0
72239,0,0,0.18257123,1
72240,0,0,0.110855594,1
72241,0,0,0.06687324,1
72242,0,0,0.0051496075,1
72243,0,1,0.9999337,0
72244,0,0,0.045225907,1
72245,1,1,1.0,1
72246,1,1,0.9991524,1
72247,0,1,0.9999918,0
72248,1,1,0.9994797,1
72249,1,1,0.99596137,1
72250,1,1,0.5229331,1
72251,1,1,0.5167174,1
72252,0,0,0.060418423,1
72253,0,0,0.090494074,1
72254,1,1,0.96189344,1
72255,1,1,0.99609274,1
72256,1,1,1.0,1
72257,0,0,0.1067837,1
72258,0,0,0.03468417,1
72259,1,1,0.977132,1
72260,1,1,1.0,1
72261,0,0,0.017951746,1
72262,0,0,0.054499876,1
72263,1,1,0.61855006,1
72264,0,1,0.40942743,0
72265,1,1,0.9999926,1
72266,1,1,0.5744545,1
72267,0,0,0.06711741,1
72268,1,1,0.99999547,1
72269,1,1,0.99999976,1
72270,0,0,0.21667379,1
72271,1,1,1.0,1
72272,1,1,0.99990356,1
72273,1,1,0.9856076,1
72274,1,1,1.0,1
72275,0,1,1.0,0
72276,1,0,0.112600096,0
72277,1,1,0.9996338,1
72278,1,1,0.993807,1
72279,1,1,1.0,1
72280,1,1,0.99997973,1
72281,1,1,0.9992342,1
72282,1,1,0.99985397,1
72283,0,0,0.2961451,1
72284,0,1,0.50524884,0
72285,1,1,0.99999046,1
72286,1,1,1.0,1
72287,1,1,1.0,1
72288,0,1,0.99989843,0
72289,1,1,0.99877197,1
72290,1,1,1.0,1
72291,1,1,0.9231778,1
72292,0,0,0.17874077,1
72293,1,0,0.17938675,0
72294,0,1,0.9348725,0
72295,0,1,0.9103862,0
72296,1,0,0.046421416,0
72297,1,1,0.92847365,1
72298,0,0,0.053353984,1
72299,1,1,0.9999031,1
72300,1,0,0.10230471,0
72301,1,1,0.9909622,1
72302,1,1,0.9673795,1
72303,1,1,0.9908213,1
72304,1,1,0.9999459,1
72305,0,1,0.53145254,0
72306,0,1,0.99999964,0
72307,1,0,8.581068e-05,0
72308,0,1,0.9547741,0
72309,1,1,1.0,1
72310,1,1,0.77670765,1
72311,1,1,1.0,1
72312,1,1,0.9999999,1
72313,1,1,0.8509647,1
72314,0,0,0.12836117,1
72315,0,0,0.12442563,1
72316,0,1,0.9991524,0
72317,0,1,0.37079483,0
72318,0,1,0.99998593,0
72319,0,1,0.87256473,0
72320,1,0,0.039490405,0
72321,1,1,0.88171685,1
72322,0,0,0.2180027,1
72323,0,1,0.9965301,0
72324,1,1,0.7477081,1
72325,0,0,0.1919328,1
72326,0,1,0.54219675,0
72327,0,0,0.23014024,1
72328,1,1,0.9803374,1
72329,0,0,0.18698417,1
72330,0,1,0.51013047,0
72331,1,1,1.0,1
72332,1,1,0.99989235,1
72333,0,1,0.99193794,0
72334,1,0,0.12469186,0
72335,0,0,0.17238072,1
72336,0,1,0.9801483,0
72337,0,0,0.06572467,1
72338,1,1,0.9983059,1
72339,0,0,0.045141645,1
72340,0,0,0.11486404,1
72341,1,1,0.9603239,1
72342,0,0,0.03882902,1
72343,0,1,0.7897206,0
72344,1,0,0.16198196,0
72345,0,1,0.5519964,0
72346,0,0,0.19923009,1
72347,0,1,0.9999939,0
72348,0,1,0.9432431,0
72349,1,1,1.0,1
72350,1,1,0.999723,1
72351,1,1,0.40400767,1
72352,1,1,0.689985,1
72353,1,1,0.742048,1
72354,1,1,0.86373675,1
72355,0,0,0.25160173,1
72356,0,0,0.23283304,1
72357,0,1,0.9999987,0
72358,1,1,0.99985397,1
72359,1,0,0.07094482,0
72360,1,1,0.36060163,1
72361,1,1,0.93195957,1
72362,1,1,0.9990619,1
72363,0,0,0.3429015,1
72364,0,1,0.9990854,0
72365,1,0,0.27727723,0
72366,0,1,0.90574,0
72367,0,1,0.98582757,0
72368,0,0,0.056704637,1
72369,1,1,1.0,1
72370,0,0,0.15361264,1
72371,1,1,0.8525676,1
72372,1,1,0.9999987,1
72373,1,1,0.99386686,1
72374,0,1,0.43803382,0
72375,1,1,0.99971145,1
72376,0,0,0.1412222,1
72377,0,1,0.99999666,0
72378,0,1,0.682415,0
72379,1,0,0.114665605,0
72380,1,0,0.12797923,0
72381,1,1,0.9989392,1
72382,1,1,0.99999964,1
72383,1,1,0.9912209,1
72384,0,1,0.3600389,0
72385,1,0,0.14457104,0
72386,1,1,0.9989077,1
72387,0,0,0.13011953,1
72388,1,1,0.9566747,1
72389,1,1,0.99966204,1
72390,0,1,0.8468312,0
72391,1,0,0.054802597,0
72392,0,1,0.98953116,0
72393,0,0,0.031588882,1
72394,0,1,0.99986124,0
72395,1,1,1.0,1
72396,1,1,0.77295935,1
72397,0,0,0.16512138,1
72398,0,1,0.92988735,0
72399,1,1,0.9999957,1
72400,1,1,0.52780336,1
72401,1,1,0.999824,1
72402,1,1,0.9975274,1
72403,0,1,0.99999845,0
72404,0,1,0.9841851,0
72405,0,0,0.08225394,1
72406,0,1,0.99182796,0
72407,1,1,0.59018886,1
72408,0,1,1.0,0
72409,1,1,0.93257624,1
72410,0,1,0.99999213,0
72411,1,1,0.6633964,1
72412,0,0,0.03191915,1
72413,1,1,0.9999999,1
72414,1,1,0.76699245,1
72415,1,1,1.0,1
72416,0,0,0.28076425,1
72417,0,1,0.9980161,0
72418,1,0,0.25973174,0
72419,1,1,0.9175246,1
72420,1,1,0.9781146,1
72421,0,1,0.9563497,0
72422,1,1,0.9827738,1
72423,1,1,0.9999995,1
72424,1,0,0.09687654,0
72425,0,0,0.01361059,1
72426,0,0,0.29370826,1
72427,0,0,0.060418423,1
72428,1,1,0.99960417,1
72429,0,0,0.14015962,1
72430,1,1,0.9999882,1
72431,0,0,0.032252766,1
72432,0,1,0.92762595,0
72433,0,1,0.9999335,0
72434,1,1,0.99983394,1
72435,1,1,1.0,1
72436,1,1,0.99787605,1
72437,1,1,0.96405166,1
72438,1,0,0.093595125,0
72439,0,0,0.32756075,1
72440,1,1,0.99996305,1
72441,0,1,0.6288064,0
72442,0,1,0.46034953,0
72443,1,1,1.0,1
72444,1,1,1.0,1
72445,0,0,0.28328544,1
72446,0,0,0.27318642,1
72447,1,1,1.0,1
72448,0,1,0.68841606,0
72449,1,1,0.9511876,1
72450,1,1,1.0,1
72451,1,1,0.99666256,1
72452,1,1,1.0,1
72453,0,1,0.4714666,0
72454,1,1,0.9984573,1
72455,1,1,0.87147486,1
72456,1,1,0.37459052,1
72457,0,1,0.99953544,0
72458,0,0,0.15662017,1
72459,0,1,0.9999825,0
72460,0,1,1.0,0
72461,1,0,0.04773565,0
72462,1,1,1.0,1
72463,0,1,0.9649213,0
72464,0,1,0.3639294,0
72465,1,1,0.9996026,1
72466,1,1,0.40807036,1
72467,1,0,0.16640429,0
72468,1,1,1.0,1
72469,0,0,0.11153119,1
72470,1,1,0.5677569,1
72471,0,1,0.53594863,0
72472,1,1,0.9562273,1
72473,0,0,0.11797801,1
72474,0,1,0.89209336,0
72475,0,0,0.18698417,1
72476,1,1,1.0,1
72477,0,1,0.9998766,0
72478,0,0,0.062617026,1
72479,1,1,0.99997723,1
72480,1,1,1.0,1
72481,0,0,0.1490353,1
72482,0,0,0.24753241,1
72483,1,1,0.99999833,1
72484,0,1,0.9999974,0
72485,0,0,0.029284457,1
72486,1,1,0.99996793,1
72487,1,1,1.0,1
72488,0,1,0.9975514,0
72489,1,0,0.309128,0
72490,0,1,0.4080998,0
72491,0,0,0.04733772,1
72492,0,0,0.0004984466,1
72493,1,1,0.7930258,1
72494,0,1,0.531027,0
72495,0,0,0.11456651,1
72496,0,1,0.8524448,0
72497,1,1,0.8716935,1
72498,1,1,0.99988043,1
72499,1,0,0.044472914,0
72500,1,1,0.9493886,1
72501,1,1,0.99944824,1
72502,1,1,1.0,1
72503,1,1,0.9011404,1
72504,0,0,0.04296247,1
72505,0,1,0.6438333,0
72506,0,0,0.010268432,1
72507,0,1,0.9979292,0
72508,1,1,0.8121234,1
72509,0,0,0.25109637,1
72510,1,1,1.0,1
72511,0,0,0.13706978,1
72512,0,1,0.6361271,0
72513,1,1,1.0,1
72514,0,0,0.08336651,1
72515,0,1,0.97678024,0
72516,0,1,0.99944395,0
72517,0,1,0.364721,0
72518,1,0,0.19413854,0
72519,1,1,0.35381883,1
72520,1,1,0.99999964,1
72521,1,1,0.69796926,1
72522,0,0,0.011201213,1
72523,1,0,0.2846257,0
72524,0,0,0.08137364,1
72525,1,1,1.0,1
72526,1,1,0.9989309,1
72527,0,0,0.21958841,1
72528,1,1,1.0,1
72529,0,1,0.76559335,0
72530,1,1,0.9999999,1
72531,0,1,0.5006714,0
72532,1,0,0.123841666,0
72533,0,0,0.14915918,1
72534,1,1,1.0,1
72535,0,1,1.0,0
72536,1,1,0.9999963,1
72537,0,0,0.19238758,1
72538,1,1,0.9792947,1
72539,0,0,0.13534634,1
72540,0,0,0.07654563,1
72541,1,1,0.99999666,1
72542,1,1,0.9468429,1
72543,0,0,0.11997408,1
72544,1,1,0.99727446,1
72545,1,1,0.99999034,1
72546,0,0,0.05577169,1
72547,1,1,0.9999335,1
72548,0,1,0.999941,0
72549,0,1,1.0,0
72550,0,1,0.9982003,0
72551,1,0,0.19057333,0
72552,0,0,0.029395703,1
72553,1,1,0.99517965,1
72554,0,0,0.058830604,1
72555,1,1,0.9859093,1
72556,1,0,0.16749083,0
72557,1,0,0.005565724,0
72558,1,1,0.9974738,1
72559,0,1,0.7067473,0
72560,0,1,0.9706043,0
72561,1,1,0.5542895,1
72562,1,1,0.9999908,1
72563,0,0,0.010631946,1
72564,0,0,0.027663978,1
72565,0,1,0.43779346,0
72566,1,1,0.9875923,1
72567,1,0,0.3041967,0
72568,1,1,0.93599313,1
72569,1,1,1.0,1
72570,1,1,0.99971646,1
72571,0,1,0.47664055,0
72572,0,0,0.21543325,1
72573,0,0,0.09611029,1
72574,0,1,0.68040097,0
72575,1,1,1.0,1
72576,1,0,0.27708158,0
72577,0,1,0.99999917,0
72578,1,1,0.99999833,1
72579,1,0,0.012030543,0
72580,1,1,0.99743915,1
72581,0,0,0.12163357,1
72582,0,1,0.7123823,0
72583,1,1,0.9840936,1
72584,0,0,0.28032076,1
72585,0,0,0.13173069,1
72586,0,0,0.21068507,1
72587,0,1,0.43542132,0
72588,0,0,0.287968,1
72589,0,1,0.5824317,0
72590,1,0,0.100348406,0
72591,0,0,0.082549304,1
72592,0,0,0.2045007,1
72593,0,1,0.366363,0
72594,1,1,0.89048487,1
72595,1,1,0.9865976,1
72596,0,1,0.8071568,0
72597,0,1,0.5718264,0
72598,1,1,0.9584212,1
72599,1,0,0.082549304,0
72600,0,1,0.93564117,0
72601,0,1,0.99804294,0
72602,0,0,0.05577169,1
72603,1,1,0.9495292,1
72604,1,1,1.0,1
72605,1,0,0.055566337,0
72606,0,1,0.90690076,0
72607,0,0,0.30373183,1
72608,1,1,0.997285,1
72609,0,0,0.04001227,1
72610,0,0,0.2434625,1
72611,1,0,0.12989861,0
72612,1,1,0.43737286,1
72613,1,0,0.05490385,0
72614,1,1,0.99999857,1
72615,1,1,1.0,1
72616,1,1,0.80486643,1
72617,0,0,0.2739627,1
72618,0,0,0.15889087,1
72619,0,1,0.9424538,0
72620,0,0,0.04747001,1
72621,0,0,0.0190509,1
72622,1,0,0.017375663,0
72623,0,1,0.9890343,0
72624,0,0,0.0139288595,1
72625,0,0,0.019662574,1
72626,0,1,0.85633236,0
72627,1,1,0.999998,1
72628,0,1,0.9991474,0
72629,1,1,0.8967949,1
72630,0,1,0.99780875,0
72631,1,0,0.07329728,0
72632,0,1,0.995906,0
72633,1,1,0.97503597,1
72634,1,1,0.9924666,1
72635,1,1,0.9997749,1
72636,1,1,0.798344,1
72637,1,1,1.0,1
72638,1,1,0.9429286,1
72639,1,1,0.98228765,1
72640,0,1,0.6013595,0
72641,1,1,0.9999987,1
72642,1,1,0.83128005,1
72643,0,0,0.124532074,1
72644,1,1,0.7914184,1
72645,0,1,0.924347,0
72646,0,0,0.08969352,1
72647,0,1,0.6940435,0
72648,1,1,0.9999975,1
72649,1,1,0.99695444,1
72650,1,1,1.0,1
72651,0,1,0.962462,0
72652,0,1,0.8089743,0
72653,1,1,0.91928095,1
72654,0,0,0.059319146,1
72655,1,1,0.93451476,1
72656,1,1,0.99999976,1
72657,0,1,0.9998702,0
72658,1,1,0.99998045,1
72659,0,0,0.13974822,1
72660,1,0,0.1880256,0
72661,1,1,0.9808576,1
72662,0,0,0.0044857943,1
72663,1,1,1.0,1
72664,1,1,1.0,1
72665,1,1,1.0,1
72666,1,1,0.9985869,1
72667,1,1,1.0,1
72668,1,1,1.0,1
72669,0,1,0.97691274,0
72670,1,1,0.8307315,1
72671,0,1,0.46074378,0
72672,1,1,0.99961627,1
72673,1,0,0.26246354,0
72674,1,1,0.99792105,1
72675,0,1,1.0,0
72676,1,1,0.99999213,1
72677,1,0,0.03027187,0
72678,0,0,0.059155874,1
72679,1,1,0.997358,1
72680,0,0,0.06985836,1
72681,0,1,0.7570767,0
72682,0,1,1.0,0
72683,0,0,0.23152734,1
72684,0,0,0.26616648,1
72685,0,1,0.39717826,0
72686,0,0,0.14891149,1
72687,0,1,0.7183475,0
72688,0,0,0.020351816,1
72689,0,0,0.008627458,1
72690,0,1,0.90295243,0
72691,1,1,0.39382204,1
72692,1,1,0.9999999,1
72693,0,0,0.08601587,1
72694,1,1,0.99521697,1
72695,0,0,0.013982613,1
72696,0,0,0.008610767,1
72697,1,1,0.5957866,1
72698,1,1,0.58930284,1
72699,1,1,0.9999999,1
72700,0,0,0.041656762,1
72701,0,0,0.06244529,1
72702,1,1,0.99855906,1
72703,1,1,0.8146434,1
72704,0,0,0.31806138,1
72705,0,0,0.21247703,1
72706,0,1,0.9996381,0
72707,1,1,0.9996929,1
72708,0,1,0.9999831,0
72709,1,1,0.9998523,1
72710,1,1,0.99567693,1
72711,1,1,1.0,1
72712,0,0,0.2331821,1
72713,1,0,0.11211313,0
72714,1,0,0.3438373,0
72715,0,0,0.245085,1
72716,0,1,0.48206335,0
72717,0,1,0.9986356,0
72718,1,1,1.0,1
72719,1,1,1.0,1
72720,1,1,0.9999976,1
72721,1,1,0.5229331,1
72722,1,1,0.9995566,1
72723,1,1,0.3687466,1
72724,0,0,0.32756075,1
72725,0,0,0.10402136,1
72726,1,1,0.99995804,1
72727,1,1,1.0,1
72728,1,1,0.88612515,1
72729,1,1,0.751557,1
72730,0,0,0.32257935,1
72731,1,1,1.0,1
72732,0,0,0.03701235,1
72733,0,1,0.9999999,0
72734,1,1,0.76803803,1
72735,1,1,0.8814109,1
72736,0,0,0.0009362828,1
72737,0,0,0.09509706,1
72738,0,0,0.25823247,1
72739,1,1,0.49255425,1
72740,1,1,0.99999976,1
72741,0,0,0.043204032,1
72742,1,1,0.9999585,1
72743,1,1,0.9848401,1
72744,1,1,1.0,1
72745,1,0,0.019813737,0
72746,1,0,0.32119378,0
72747,0,0,0.2858701,1
72748,1,1,0.9996493,1
72749,1,1,0.9999982,1
72750,0,0,0.040960647,1
72751,0,0,0.036493763,1
72752,0,1,0.9510059,0
72753,1,0,0.19352812,0
72754,1,1,0.99996555,1
72755,0,0,0.057387535,1
72756,1,1,0.9026955,1
72757,0,1,0.35153365,0
72758,0,1,0.4125893,0
72759,0,0,0.0354775,1
72760,0,0,0.09501305,1
72761,1,1,0.91274774,1
72762,1,0,0.07626997,0
72763,0,1,0.64807665,0
72764,0,0,0.13506088,1
72765,1,1,0.9974541,1
72766,0,0,0.037361998,1
72767,1,1,0.99589807,1
72768,1,1,1.0,1
72769,1,1,0.9999999,1
72770,1,1,0.9868787,1
72771,0,0,0.046942927,1
72772,0,0,0.083890386,1
72773,0,0,0.062273983,1
72774,0,1,0.9756467,0
72775,1,1,0.9976495,1
72776,0,1,0.9805248,0
72777,1,1,0.8992099,1
72778,0,1,0.5720655,0
72779,1,1,0.99992716,1
72780,0,0,0.051415116,1
72781,1,1,0.998259,1
72782,0,1,0.5253688,0
72783,0,0,0.043895524,1
72784,0,1,0.8884688,0
72785,0,0,0.20785718,1
72786,1,1,0.9091839,1
72787,0,1,0.9887988,0
72788,0,0,0.27048025,1
72789,0,1,0.6709857,0
72790,0,1,1.0,0
72791,1,0,0.23686911,0
72792,1,0,0.019437952,0
72793,1,1,0.99885535,1
72794,1,1,0.6917577,1
72795,1,1,1.0,1
72796,0,1,0.5157418,0
72797,0,1,0.9996178,0
72798,1,1,0.9999999,1
72799,0,1,0.84273374,0
72800,1,1,0.99979335,1
72801,1,1,0.9801483,1
72802,0,0,0.04972728,1
72803,1,1,1.0,1
72804,0,1,0.98475236,0
72805,1,1,0.9410069,1
72806,0,1,0.5798168,0
72807,1,1,1.0,1
72808,1,1,0.99978596,1
72809,1,0,0.25183168,0
72810,1,1,1.0,1
72811,1,1,0.9999968,1
72812,0,0,0.0770997,1
72813,1,1,0.99978346,1
72814,1,1,0.9357587,1
72815,0,1,0.9999999,0
72816,0,1,1.0,0
72817,0,0,0.14946929,1
72818,0,0,0.24671482,1
72819,1,0,0.30502412,0
72820,0,0,0.18432663,1
72821,1,1,0.9999989,1
72822,1,1,0.9993563,1
72823,0,1,0.9983707,0
72824,0,0,0.030185984,1
72825,1,1,1.0,1
72826,1,1,0.9992606,1
72827,1,1,0.6508557,1
72828,1,0,0.33111975,0
72829,1,1,0.99111825,1
72830,1,1,1.0,1
72831,1,1,0.99996483,1
72832,1,1,0.99999976,1
72833,0,0,0.08240149,1
72834,1,1,0.9988004,1
72835,0,0,0.22875896,1
72836,0,0,0.20946968,1
72837,1,0,0.026031531,0
72838,0,0,0.13910376,1
72839,0,1,0.99999917,0
72840,0,0,0.045268096,1
72841,1,1,0.98089427,1
72842,1,0,0.26303107,0
72843,1,1,0.9999999,1
72844,1,1,0.8271311,1
72845,1,0,0.15127839,0
72846,1,1,1.0,1
72847,0,0,0.29294914,1
72848,0,0,0.21485612,1
72849,0,1,0.9465967,0
72850,1,1,0.75904685,1
72851,1,1,0.9293122,1
72852,0,1,0.9991358,0
72853,1,1,1.0,1
72854,1,1,0.9999995,1
72855,1,1,1.0,1
72856,0,0,0.1481088,1
72857,1,1,0.71567243,1
72858,0,0,0.2303133,1
72859,0,1,0.87810534,0
72860,1,0,0.16995622,0
72861,1,1,0.92475563,1
72862,1,0,0.182717,0
72863,0,1,0.8057851,0
72864,1,1,1.0,1
72865,0,1,0.99997723,0
72866,1,1,0.593786,1
72867,1,1,1.0,1
72868,0,0,0.11456651,1
72869,1,1,0.9971495,1
72870,1,0,0.2695178,0
72871,0,0,0.072243005,1
72872,1,1,1.0,1
72873,0,0,0.09790669,1
72874,1,1,0.6769937,1
72875,0,0,0.099382766,1
72876,0,1,0.5859899,0
72877,0,0,0.020606475,1
72878,1,1,0.99999654,1
72879,1,1,0.9711565,1
72880,0,0,0.10347653,1
72881,0,1,0.9999342,0
72882,1,0,0.32906824,0
72883,1,0,0.14724834,0
72884,0,0,0.25183168,1
72885,0,0,0.0026112476,1
72886,1,1,0.9996244,1
72887,0,0,0.04196977,1
72888,0,1,0.7233095,0
72889,1,1,0.98986953,1
72890,0,0,0.01678549,1
72891,0,0,0.19299525,1
72892,1,0,0.3432867,0
72893,1,1,0.9998969,1
72894,1,1,0.6456228,1
72895,1,1,0.9999944,1
72896,1,0,0.13173069,0
72897,0,1,0.9427707,0
72898,1,1,0.9987232,1
72899,1,1,0.8694931,1
72900,0,0,0.019308088,1
72901,0,0,0.28180072,1
72902,1,1,0.9981541,1
72903,0,0,0.06064056,1
72904,0,1,0.999188,0
72905,1,1,0.99988985,1
72906,0,0,0.024237636,1
72907,1,1,1.0,1
72908,0,0,0.04738177,1
72909,0,1,0.999959,0
72910,0,0,0.045141645,1
72911,0,0,0.14934519,1
72912,1,1,0.99911696,1
72913,1,1,0.9879695,1
72914,1,1,0.9948303,1
72915,1,1,0.53181726,1
72916,0,1,0.9431908,0
72917,1,1,0.8406518,1
72918,0,0,0.07971035,1
72919,1,1,0.878627,1
72920,1,0,0.1229438,0
72921,1,0,0.039564554,0
72922,1,1,0.58082765,1
72923,0,1,0.9761973,0
72924,1,1,0.9965503,1
72925,1,1,0.9968702,1
72926,0,1,0.42363682,0
72927,1,0,0.023939194,0
72928,1,1,0.9999194,1
72929,1,1,0.999998,1
72930,0,1,0.9999993,0
72931,1,1,0.9999999,1
72932,1,1,0.9999994,1
72933,0,1,0.9645559,0
72934,1,0,0.050237365,0
72935,1,1,0.99787605,1
72936,1,1,1.0,1
72937,1,1,0.7132319,1
72938,0,0,0.11299101,1
72939,1,1,1.0,1
72940,1,1,0.94781744,1
72941,0,0,0.008728267,1
72942,1,1,0.9583432,1
72943,1,1,0.9999893,1
72944,1,1,1.0,1
72945,1,1,0.40203992,1
72946,0,1,0.97142875,0
72947,0,0,0.02092419,1
72948,1,1,0.99999535,1
72949,1,0,0.3339375,0
72950,0,1,1.0,0
72951,1,1,1.0,1
72952,1,0,0.04885778,0
72953,0,0,0.06273176,1
72954,0,1,0.91573364,0
72955,0,1,0.938124,0
72956,1,1,0.99967754,1
72957,0,1,0.9724409,0
72958,0,1,0.9999989,0
72959,1,0,0.0017926508,0
72960,0,0,0.30203068,1
72961,0,0,0.016121825,1
72962,1,1,0.9953994,1
72963,0,0,0.21321328,1
72964,0,1,0.9999919,0
72965,1,1,0.79310596,1
72966,0,0,0.0059803296,1
72967,1,1,1.0,1
72968,1,1,0.93403506,1
72969,1,1,0.9979888,1
72970,1,1,1.0,1
72971,1,0,0.0026419468,0
72972,1,1,1.0,1
72973,0,1,0.9958175,0
72974,0,1,0.6778473,0
72975,1,0,0.079853736,0
72976,1,1,0.9999994,1
72977,0,1,0.9708817,0
72978,1,1,1.0,1
72979,0,0,0.3283679,1
72980,0,1,0.98123896,0
72981,1,0,0.12268078,0
72982,0,0,0.22286923,1
72983,0,1,0.43215322,0
72984,1,1,1.0,1
72985,0,1,0.9754135,0
72986,0,0,0.34460884,1
72987,0,1,0.7329743,0
72988,1,1,0.9993268,1
72989,1,1,0.99946314,1
72990,0,1,0.99854493,0
72991,0,1,0.99999225,0
72992,1,1,0.99711037,1
72993,0,1,0.9999924,0
72994,1,1,0.9998746,1
72995,0,0,0.016466172,1
72996,1,1,0.99995446,1
72997,0,1,0.99842995,0
72998,1,1,0.99678373,1
72999,1,1,0.9999999,1
73000,1,0,0.06644793,0
73001,0,1,0.936285,0
73002,0,1,0.7900448,0
73003,0,1,0.99783,0
73004,1,1,0.9911527,1
73005,1,1,1.0,1
73006,1,1,0.99999964,1
73007,0,0,0.1419343,1
73008,0,1,0.9999603,0
73009,0,1,0.98102194,0
73010,1,1,0.94772077,1
73011,0,0,0.013663132,1
73012,1,1,0.9999987,1
73013,1,1,0.97142875,1
73014,0,0,0.004306305,1
73015,0,1,0.8086723,0
73016,1,0,0.019345101,0
73017,0,0,0.029591372,1
73018,0,1,0.6397923,0
73019,1,1,0.50479114,1
73020,0,0,0.08866235,1
73021,0,1,0.9735694,0
73022,0,1,0.99356186,0
73023,0,1,0.99770385,0
73024,0,1,0.9320833,0
73025,1,1,0.9999274,1
73026,0,0,0.15488662,1
73027,0,1,0.9998766,0
73028,0,1,0.99999523,0
73029,1,1,0.9999981,1
73030,1,1,0.9860174,1
73031,1,1,0.999997,1
73032,0,0,0.19544049,1
73033,0,0,0.15354916,1
73034,1,1,0.9998945,1
73035,0,1,1.0,0
73036,1,1,0.99983454,1
73037,1,1,0.879043,1
73038,1,1,0.9998771,1
73039,0,1,0.90320885,0
73040,0,0,0.010209055,1
73041,0,0,0.1328517,1
73042,0,0,0.013584393,1
73043,1,1,0.9999933,1
73044,1,1,1.0,1
73045,1,1,0.7248703,1
73046,1,1,0.99999976,1
73047,1,1,0.99965334,1
73048,0,1,0.9991474,0
73049,1,1,1.0,1
73050,0,0,0.07004896,1
73051,1,1,0.9997677,1
73052,0,1,0.99996495,0
73053,1,1,0.8386798,1
73054,1,1,1.0,1
73055,1,1,0.8880812,1
73056,1,1,1.0,1
73057,0,0,0.31531414,1
73058,0,1,0.87234735,0
73059,1,1,0.40180513,1
73060,0,1,0.95257413,0
73061,1,1,1.0,1
73062,0,1,0.9968149,0
73063,1,1,1.0,1
73064,0,0,0.11104826,1
73065,0,1,1.0,0
73066,0,1,1.0,0
73067,1,1,0.99550545,1
73068,0,0,0.13290796,1
73069,1,1,0.99999905,1
73070,1,1,0.9993026,1
73071,0,0,0.039379433,1
73072,0,0,0.09384396,1
73073,0,1,0.44483605,0
73074,1,0,0.20378675,0
73075,1,0,0.09602549,0
73076,1,1,0.99999857,1
73077,1,1,0.9993333,1
73078,0,1,0.72744334,0
73079,1,1,0.9863369,1
73080,1,0,0.22871593,0
73081,1,1,0.99613816,1
73082,1,1,0.98986953,1
73083,1,1,0.8736466,1
73084,0,1,0.9869292,0
73085,1,1,0.7159704,1
73086,1,1,1.0,1
73087,0,1,0.37559196,0
73088,1,1,0.8711464,1
73089,1,1,0.99998176,1
73090,1,1,0.61132395,1
73091,0,1,0.8326453,0
73092,0,0,0.021594688,1
73093,0,1,0.48544723,0
73094,0,0,0.08419108,1
73095,0,0,0.08130065,1
73096,0,1,0.36641967,0
73097,1,1,0.99999166,1
73098,0,1,0.51031345,0
73099,0,0,0.15178062,1
73100,1,1,0.70390576,1
73101,1,1,0.99998116,1
73102,1,1,0.69123685,1
73103,1,1,0.9950177,1
73104,1,1,0.96472245,1
73105,1,1,0.9638821,1
73106,0,0,0.05997644,1
73107,1,1,0.9999894,1
73108,1,1,0.99926645,1
73109,0,1,0.7163179,0
73110,1,0,0.022521457,0
73111,1,1,0.9998511,1
73112,1,1,0.9999999,1
73113,1,0,0.042842172,0
73114,0,0,0.07913913,1
73115,1,1,0.47539222,1
73116,0,0,0.089057684,1
73117,1,1,0.7442383,1
73118,0,1,0.99951494,0
73119,1,1,0.9999958,1
73120,1,1,0.9997942,1
73121,0,0,0.04451443,1
73122,1,1,0.7932662,1
73123,0,0,0.05597775,1
73124,1,1,0.9871044,1
73125,1,1,0.9888204,1
73126,1,1,0.69951105,1
73127,0,0,0.13161905,1
73128,1,1,0.7902067,1
73129,0,0,0.12199923,1
73130,1,1,0.99964714,1
73131,1,1,0.9921233,1
73132,0,0,0.20386599,1
73133,0,0,0.09782047,1
73134,0,1,0.9924666,0
73135,0,1,0.96888566,0
73136,1,1,1.0,1
73137,1,1,0.99317604,1
73138,1,1,0.9995035,1
73139,1,1,0.99939644,1
73140,0,1,0.73101056,0
73141,1,1,0.9826909,1
73142,0,0,0.13443466,1
73143,1,1,0.9999999,1
73144,0,0,0.111627996,1
73145,0,1,0.9997918,0
73146,1,1,0.9999094,1
73147,1,1,0.99999726,1
73148,1,0,0.16640429,0
73149,1,0,0.16198196,0
73150,1,1,1.0,1
73151,1,1,0.99999917,1
73152,1,1,0.9999503,1
73153,1,1,0.98178816,1
73154,0,1,0.4299977,0
73155,1,1,0.99999726,1
73156,1,1,0.99999905,1
73157,1,0,0.12995382,0
73158,1,0,0.008916127,0
73159,0,0,0.07661468,1
73160,1,0,0.014117893,0
73161,0,1,0.9749884,0
73162,1,1,0.828731,1
73163,1,1,0.9995461,1
73164,0,1,0.82104415,0
73165,0,0,0.024030639,1
73166,1,1,0.9776499,1
73167,0,1,0.99999344,0
73168,1,1,0.9999372,1
73169,0,1,0.99993443,0
73170,1,0,0.1648523,0
73171,1,1,0.9997739,1
73172,1,1,0.9999999,1
73173,0,1,0.9951231,0
73174,1,1,0.4717708,1
73175,1,0,0.11436852,0
73176,0,0,0.17398883,1
73177,0,1,0.4827949,0
73178,1,1,0.38531682,1
73179,1,1,0.99302894,1
73180,0,1,0.59490436,0
73181,0,0,0.094176665,1
73182,0,1,0.97280496,0
73183,1,1,0.5076593,1
73184,0,1,0.998487,0
73185,1,1,0.99300176,1
73186,0,1,0.9858004,0
73187,1,1,0.9966102,1
73188,0,1,0.9999471,0
73189,1,1,0.40886667,1
73190,1,1,0.72715276,1
73191,0,1,0.8091252,0
73192,0,0,0.03971326,1
73193,0,0,0.08678673,1
73194,1,1,0.992725,1
73195,0,1,0.9999994,0
73196,1,1,0.998319,1
73197,1,1,0.999539,1
73198,1,1,0.9999094,1
73199,1,1,0.9999999,1
73200,0,0,0.25017932,1
73201,1,1,0.9998969,1
73202,0,0,0.009214366,1
73203,1,1,0.8568123,1
73204,0,0,0.054298937,1
73205,1,1,1.0,1
73206,0,1,0.8954313,0
73207,1,1,1.0,1
73208,1,1,0.99962664,1
73209,1,1,0.99989283,1
73210,1,1,0.9943141,1
73211,1,1,1.0,1
73212,0,1,0.87578696,0
73213,0,1,0.9600627,0
73214,1,1,0.99999845,1
73215,1,1,0.99613816,1
73216,1,1,0.99999976,1
73217,0,0,0.34847882,1
73218,0,0,0.27889463,1
73219,1,1,0.99994636,1
73220,1,1,0.9999994,1
73221,1,1,1.0,1
73222,1,1,0.99999976,1
73223,0,1,0.9152046,0
73224,1,1,0.99821436,1
73225,1,1,0.7384334,1
73226,0,1,0.7373473,0
73227,1,1,0.96189344,1
73228,1,1,1.0,1
73229,1,1,0.996682,1
73230,1,1,1.0,1
73231,0,0,0.09518112,1
73232,0,0,0.0570714,1
73233,1,1,0.9711565,1
73234,1,0,0.24671482,0
73235,0,1,0.9797259,0
73236,1,0,0.06153674,0
73237,0,0,0.11656275,1
73238,1,1,0.99989235,1
73239,1,0,0.16046326,0
73240,1,1,0.96609205,1
73241,0,1,0.99724233,0
73242,1,1,1.0,1
73243,0,1,0.6781671,0
73244,0,1,0.9774355,0
73245,0,0,0.009840806,1
73246,1,0,0.013480104,0
73247,0,0,0.03321117,1
73248,1,1,0.92944044,1
73249,1,1,0.99998665,1
73250,1,1,0.8095773,1
73251,1,1,0.99936754,1
73252,0,1,0.6989977,0
73253,0,1,0.3577358,0
73254,1,1,0.87514824,1
73255,1,1,0.9990415,1
73256,0,0,0.040275678,1
73257,0,1,0.99999964,0
73258,1,0,0.34737104,0
73259,0,1,0.9999993,0
73260,1,1,1.0,1
73261,1,1,0.5660185,1
73262,1,1,0.5374663,1
73263,1,1,0.9999937,1
73264,1,1,0.9955835,1
73265,1,1,0.9090225,1
73266,0,0,0.08586245,1
73267,0,1,0.5835594,0
73268,1,1,0.99179614,1
73269,1,1,0.99999857,1
73270,0,0,0.22970796,1
73271,0,1,0.69206995,0
73272,1,1,0.9007919,1
73273,0,1,0.9999981,0
73274,1,1,0.8949732,1
73275,1,1,0.72574586,1
73276,0,1,0.99979097,0
73277,1,1,0.9999958,1
73278,1,1,0.7304341,1
73279,0,1,0.9763331,0
73280,1,1,0.8857304,1
73281,0,1,0.99711037,0
73282,0,0,0.027066177,1
73283,0,1,1.0,0
73284,0,0,0.16211456,1
73285,1,1,0.60667324,1
73286,1,1,1.0,1
73287,0,0,0.08570927,1
73288,1,0,0.14959349,0
73289,0,1,0.999979,0
73290,0,0,0.049039625,1
73291,1,0,0.040883996,0
73292,0,0,0.06471258,1
73293,0,1,0.49426293,0
73294,0,0,0.07626997,1
73295,0,1,0.876423,0
73296,0,1,0.9997731,0
73297,1,1,0.4756053,1
73298,0,0,0.037999377,1
73299,0,0,0.03746751,1
73300,1,1,0.908699,1
73301,0,1,0.79716235,0
73302,1,1,0.9999995,1
73303,0,1,1.0,0
73304,0,1,0.9761519,0
73305,1,1,0.9999969,1
73306,0,0,0.24635202,1
73307,0,0,0.040769264,1
73308,1,1,0.98932695,1
73309,0,0,0.10365786,1
73310,1,1,0.9999982,1
73311,0,0,0.25879404,1
73312,1,1,0.7526495,1
73313,0,1,0.99999106,0
73314,1,1,1.0,1
73315,1,1,0.9999039,1
73316,0,0,0.2863189,1
73317,0,1,0.8509647,0
73318,0,0,0.06388999,1
73319,0,1,0.99744415,0
73320,1,1,0.99946946,1
73321,1,1,0.99415743,1
73322,1,1,1.0,1
73323,1,1,0.99856466,1
73324,0,1,0.662196,0
73325,0,0,0.18810017,1
73326,1,0,0.17924303,0
73327,0,1,0.85269034,0
73328,1,1,0.99996936,1
73329,1,1,0.9997868,1
73330,1,1,0.99970406,1
73331,1,1,1.0,1
73332,1,0,0.055617616,0
73333,1,0,0.045394883,0
73334,1,0,0.03803509,0
73335,1,0,0.11656275,0
73336,1,0,0.053849373,0
73337,1,1,0.98932695,1
73338,0,1,0.9856353,0
73339,0,0,0.1696121,1
73340,1,1,0.94694114,1
73341,0,1,0.99553156,0
73342,1,1,0.7055315,1
73343,0,0,0.062273983,1
73344,1,1,0.9999994,1
73345,1,1,0.99876,1
73346,0,0,0.038430087,1
73347,1,1,0.9920312,1
73348,1,0,0.11556087,0
73349,0,0,0.07999737,1
73350,0,1,0.47657967,0
73351,1,0,0.28992426,0
73352,1,1,0.99999976,1
73353,1,0,0.245085,0
73354,0,1,0.9293122,0
73355,0,1,0.96912026,0
73356,1,1,0.99603146,1
73357,1,1,0.99999976,1
73358,1,1,0.99999964,1
73359,0,1,0.9867517,0
73360,0,1,0.8984996,0
73361,0,0,0.28318632,1
73362,1,1,0.99988496,1
73363,0,1,0.96203625,0
73364,1,1,0.99999976,1
73365,0,1,0.9658996,0
73366,0,0,0.108471945,1
73367,1,1,0.997459,1
73368,1,0,0.26759952,0
73369,1,1,0.97678024,1
73370,1,1,0.99596137,1
73371,1,1,0.9999999,1
73372,0,1,0.99935883,0
73373,1,0,0.2569718,0
73374,1,1,0.9997757,1
73375,1,0,0.031618766,0
73376,1,0,0.2552508,0
73377,1,1,0.99999857,1
73378,1,0,0.17638768,0
73379,1,1,0.99992776,1
73380,1,1,0.99999726,1
73381,0,0,0.10866097,1
73382,0,0,0.13586143,1
73383,1,1,0.99999976,1
73384,1,1,1.0,1
73385,1,1,1.0,1
73386,1,1,1.0,1
73387,1,1,0.96560895,1
73388,0,1,0.9190633,0
73389,1,1,0.98093086,1
73390,1,1,0.99968743,1
73391,0,0,0.008015269,1
73392,0,1,0.7238466,0
73393,1,1,1.0,1
73394,0,0,0.006026952,1
73395,1,1,0.99806577,1
73396,0,1,0.63578796,0
73397,0,0,0.07850098,1
73398,0,1,0.6547292,0
73399,1,1,1.0,1
73400,1,1,0.9904591,1
73401,1,1,1.0,1
73402,0,0,0.07864238,1
73403,0,0,0.26407358,1
73404,0,1,0.9994173,0
73405,1,1,0.9993333,1
73406,0,0,0.161717,1
73407,0,1,0.99988675,0
73408,0,1,0.61138195,0
73409,1,1,0.9967963,1
73410,0,0,0.13770632,1
73411,1,1,1.0,1
73412,0,1,0.9967775,0
73413,1,0,0.22524613,0
73414,1,1,0.9791357,1
73415,1,0,0.29645056,0
73416,1,0,0.031529184,0
73417,1,1,0.9835338,1
73418,0,1,0.4437511,0
73419,1,1,0.9999989,1
73420,0,0,0.012624949,1
73421,1,1,0.40930933,1
73422,1,0,0.29178745,0
73423,1,1,0.99999833,1
73424,1,1,0.9983516,1
73425,0,0,0.21833587,1
73426,0,0,0.019087434,1
73427,0,1,0.90950596,0
73428,1,1,1.0,1
73429,1,1,0.39548436,1
73430,0,1,0.9946464,0
73431,1,1,0.9999876,1
73432,0,1,0.4036844,0
73433,1,1,0.6978664,1
73434,0,1,0.7440989,0
73435,0,0,0.12368283,1
73436,0,0,0.017526364,1
73437,0,1,0.94767237,0
73438,1,1,0.9890765,1
73439,0,1,0.8385476,0
73440,0,1,0.9492946,0
73441,0,1,0.68505466,0
73442,0,1,0.44510737,0
73443,0,0,0.13712755,1
73444,1,1,0.99999976,1
73445,0,1,0.9993094,0
73446,1,1,0.9993917,1
73447,1,1,0.9944666,1
73448,1,1,0.87768656,1
73449,1,0,0.33513322,0
73450,0,1,0.7605617,0
73451,0,0,0.3485343,1
73452,1,1,0.78596646,1
73453,0,1,0.8272706,0
73454,0,0,0.05490385,1
73455,1,1,0.99951875,1
73456,1,1,0.99999654,1
73457,0,1,0.9695268,0
73458,0,1,0.99926203,0
73459,1,1,0.9999995,1
73460,1,1,0.9994777,1
73461,1,1,0.99999464,1
73462,1,1,0.39869907,1
73463,1,1,0.99999976,1
73464,1,1,0.950457,1
73465,1,1,0.99881905,1
73466,1,0,0.07864238,0
73467,0,0,0.30383506,1
73468,0,0,0.12570794,1
73469,0,1,0.99999607,0
73470,1,1,0.99960726,1
73471,0,1,0.49151692,0
73472,1,1,0.99998593,1
73473,1,0,0.3432867,0
73474,1,0,0.04296247,0
73475,0,1,0.8468312,0
73476,1,1,0.57493186,1
73477,1,1,0.83615357,1
73478,0,0,0.0090377545,1
73479,1,1,0.99997604,1
73480,1,1,1.0,1
73481,1,1,0.9982893,1
73482,1,1,1.0,1
73483,1,1,0.97752154,1
73484,1,0,0.055617616,0
73485,1,1,0.7775534,1
73486,1,1,0.9471371,1
73487,0,0,0.056966383,1
73488,1,0,0.21117273,0
73489,1,1,0.99953353,1
73490,1,1,0.9550264,1
73491,1,0,0.039750516,0
73492,0,1,0.96864927,0
73493,1,1,1.0,1
73494,1,1,0.6765665,1
73495,1,1,1.0,1
73496,0,1,0.99991286,0
73497,1,1,0.8401279,1
73498,1,0,0.11506276,0
73499,1,1,0.9603984,1
73500,1,1,0.8656789,1
73501,0,0,0.20118472,1
73502,1,1,0.98582757,1
73503,0,0,0.10800066,1
73504,0,1,0.95565146,0
73505,0,0,0.0876419,1
73506,1,1,0.63595754,1
73507,0,1,0.97803074,0
73508,1,0,0.1424107,0
73509,1,1,1.0,1
73510,0,0,0.17866908,1
73511,1,0,0.13273923,0
73512,0,0,0.06233104,1
73513,0,1,0.9985104,0
73514,1,1,0.9999788,1
73515,0,0,0.11269772,1
73516,0,1,0.6811438,0
73517,0,0,0.041384716,1
73518,0,0,0.04535258,1
73519,0,1,0.5526,0
73520,0,1,0.80609053,0
73521,0,1,0.52415115,0
73522,0,0,0.02576056,1
73523,0,1,0.38986588,0
73524,1,1,1.0,1
73525,1,1,0.91266996,1
73526,1,1,0.73833907,1
73527,0,1,0.9992022,0
73528,0,1,1.0,0
73529,0,1,0.9999999,0
73530,0,0,0.27019125,1
73531,1,1,0.9442283,1
73532,1,1,1.0,1
73533,1,1,0.4609561,1
73534,0,1,0.9998697,0
73535,1,1,0.999998,1
73536,1,0,0.066206016,0
73537,0,1,0.99995685,0
73538,0,0,0.1625129,1
73539,0,0,0.15514244,1
73540,0,0,0.10809477,1
73541,0,0,0.12168575,1
73542,1,1,0.5093373,1
73543,0,1,0.99980134,0
73544,0,0,0.09186979,1
73545,0,0,0.25050002,1
73546,1,1,0.99779165,1
73547,1,1,1.0,1
73548,1,1,0.56535876,1
73549,0,1,0.999049,0
73550,1,0,0.023131333,0
73551,0,0,0.008461998,1
73552,0,0,0.112600096,1
73553,1,1,0.9708817,1
73554,0,1,0.3611366,0
73555,1,1,0.8911497,1
73556,1,1,1.0,1
73557,0,1,0.8734309,0
73558,0,1,0.8329173,0
73559,0,0,0.32098094,1
73560,1,0,0.10613344,0
73561,0,0,0.15215817,1
73562,0,0,0.015936995,1
73563,1,1,1.0,1
73564,0,1,0.973519,0
73565,0,1,0.742048,0
73566,1,0,0.04836099,0
73567,0,0,0.11930549,1
73568,0,1,0.9994504,0
73569,1,1,1.0,1
73570,0,1,0.5829066,0
73571,1,0,0.31111282,0
73572,1,0,0.09170697,0
73573,0,1,0.9990054,0
73574,1,1,0.9999305,1
73575,1,1,1.0,1
73576,1,1,0.5495198,1
73577,1,1,0.4213732,1
73578,0,1,0.58053046,0
73579,0,1,0.45768204,0
73580,0,0,0.025130948,1
73581,1,0,0.05033063,0
73582,1,0,0.056392044,0
73583,1,1,0.9999999,1
73584,1,1,0.9996724,1
73585,1,1,0.8662457,1
73586,1,1,0.99997663,1
73587,1,1,0.5577851,1
73588,1,0,0.009125638,0
73589,0,0,0.17695588,1
73590,0,0,0.21280403,1
73591,0,1,0.9999989,0
73592,1,1,0.99997187,1
73593,1,0,0.10293422,0
73594,1,1,0.99993134,1
73595,0,1,0.7167641,0
73596,1,0,0.01890545,0
73597,1,0,0.28472516,0
73598,0,1,0.4340714,0
73599,0,0,0.096620515,1
73600,1,1,0.977132,1
73601,1,1,0.99457306,1
73602,0,0,0.2247353,1
73603,1,1,1.0,1
73604,0,0,0.023330769,1
73605,0,0,0.17050801,1
73606,0,1,0.99988174,0
73607,1,1,0.99998236,1
73608,0,1,0.81286734,0
73609,1,1,0.5218976,1
73610,1,1,0.9405718,1
73611,1,1,0.99945253,1
73612,1,1,0.9999945,1
73613,0,1,0.82544905,0
73614,1,0,0.34466395,0
73615,1,1,0.9764681,1
73616,0,0,0.03194934,1
73617,1,1,0.99999714,1
73618,1,0,0.13369773,0
73619,0,0,0.03807084,1
73620,1,1,0.9999999,1
73621,1,0,0.032682236,0
73622,0,0,0.10622612,1
73623,1,0,0.28388065,0
73624,1,1,0.9999722,1
73625,0,1,0.47694507,0
73626,1,1,1.0,1
73627,0,0,0.17071527,1
73628,1,1,0.9802997,1
73629,1,0,0.006438102,0
73630,1,1,0.9486801,1
73631,0,0,0.040087357,1
73632,0,1,0.99262565,0
73633,0,0,0.21469142,1
73634,1,1,0.9999844,1
73635,1,1,0.9630224,1
73636,1,1,0.97708833,1
73637,1,1,0.61126596,1
73638,1,0,0.038901985,0
73639,0,0,0.23074637,1
73640,1,0,0.12929276,0
73641,1,1,0.84169555,1
73642,0,1,0.48980856,0
73643,0,1,0.9999753,0
73644,1,1,0.987375,1
73645,0,0,0.06572467,1
73646,0,0,0.08969352,1
73647,0,0,0.0013617034,1
73648,1,1,1.0,1
73649,0,0,0.03293013,1
73650,1,1,1.0,1
73651,1,0,0.28831857,0
73652,1,1,0.9999889,1
73653,0,1,0.9995035,0
73654,1,1,0.75716645,1
73655,0,1,1.0,0
73656,1,1,1.0,1
73657,1,0,0.20378675,0
73658,1,1,0.9998029,1
73659,0,1,0.9999945,0
73660,0,1,0.99308276,0
73661,0,0,0.2766905,1
73662,1,1,0.99999976,1
73663,1,0,0.23934935,0
73664,0,0,0.13568954,1
73665,1,1,0.9999908,1
73666,0,1,0.97583157,0
73667,1,1,0.96612394,1
73668,1,0,0.094426885,0
73669,1,1,0.9835654,1
73670,1,1,0.9328826,1
73671,1,1,0.78353333,1
73672,0,0,0.16599831,1
73673,0,1,0.9868281,0
73674,1,1,0.9990728,1
73675,0,0,0.037361998,1
73676,1,1,0.99999547,1
73677,0,0,0.020764738,1
73678,1,1,1.0,1
73679,1,0,0.0808641,0
73680,1,0,0.03491378,0
73681,1,1,0.9994837,1
73682,1,1,0.98164797,1
73683,1,1,0.9998267,1
73684,0,1,0.85145944,0
73685,0,1,0.99389064,0
73686,0,0,0.08977329,1
73687,0,1,0.5616357,0
73688,1,1,1.0,1
73689,0,0,0.22609939,1
73690,1,1,0.35370722,1
73691,1,1,0.9984723,1
73692,1,1,1.0,1
73693,0,0,0.04689926,1
73694,1,1,0.9579909,1
73695,1,1,0.96544635,1
73696,1,1,0.9959693,1
73697,0,0,0.12023207,1
73698,0,1,0.7783125,0
73699,1,1,0.754915,1
73700,1,1,1.0,1
73701,1,1,0.4290107,1
73702,0,0,0.2546943,1
73703,0,0,0.3398824,1
73704,1,0,0.29701096,0
73705,1,0,0.09929539,0
73706,1,1,0.99999285,1
73707,1,1,0.99482024,1
73708,0,0,0.16749083,1
73709,0,1,0.6461812,0
73710,0,0,0.23739909,1
73711,0,1,0.9991186,0
73712,0,1,0.96672606,0
73713,0,1,0.8233284,0
73714,0,0,0.32777587,1
73715,1,0,0.16988736,0
73716,1,0,0.17981844,0
73717,1,1,0.9999094,1
73718,1,1,0.99999344,1
73719,1,1,0.53892255,1
73720,1,1,0.99085677,1
73721,1,1,0.97803074,1
73722,0,1,0.9991736,0
73723,1,0,0.11397346,0
73724,1,1,0.9694979,1
73725,1,1,0.61618555,1
73726,1,1,0.99642736,1
73727,0,0,0.014728614,1
73728,1,1,0.8558512,1
73729,0,1,0.96560895,0
73730,0,1,0.9314625,0
73731,0,1,0.729905,0
73732,1,1,0.96768624,1
73733,1,1,0.99671423,1
73734,1,0,0.21469142,0
73735,1,0,0.14396824,0
73736,0,0,0.08137364,1
73737,1,1,0.9831822,1
73738,0,1,0.99999833,0
73739,0,0,0.23248436,1
73740,0,1,0.47341377,0
73741,0,0,0.28542176,1
73742,0,0,0.19125213,1
73743,0,0,0.13039611,1
73744,1,1,0.92683524,1
73745,1,1,0.9998671,1
73746,0,0,0.09955772,1
73747,1,1,0.8255897,1
73748,1,1,1.0,1
73749,1,1,0.9981505,1
73750,0,1,0.9995963,0
73751,1,1,0.99999785,1
73752,0,0,0.023197629,1
73753,1,0,0.042285025,0
73754,0,0,0.09679113,1
73755,1,1,0.93663365,1
73756,1,0,0.049635064,0
73757,1,1,0.99991345,1
73758,0,1,0.99994266,0
73759,0,1,0.8500957,0
73760,1,1,0.6371437,1
73761,0,0,0.022933563,1
73762,0,1,0.99999523,0
73763,0,1,0.58693725,0
73764,0,1,0.7278788,0
73765,1,1,0.99999976,1
73766,0,0,0.24006127,1
73767,0,0,0.2649285,1
73768,1,1,0.99727964,1
73769,0,0,0.22936255,1
73770,1,1,0.6196439,1
73771,1,1,0.9593071,1
73772,1,1,1.0,1
73773,1,1,0.9998945,1
73774,0,1,0.99887305,0
73775,1,1,1.0,1
73776,1,0,0.083515875,0
73777,1,1,0.99999964,1
73778,1,1,0.9998535,1
73779,1,1,1.0,1
73780,0,0,0.044973567,1
73781,1,0,0.014227045,0
73782,0,0,0.20362833,1
73783,0,1,0.9000915,0
73784,1,1,0.9598375,1
73785,1,1,0.99924314,1
73786,0,1,0.9998776,0
73787,1,1,1.0,1
73788,1,1,0.9999989,1
73789,1,0,0.04659464,0
73790,0,1,0.8928432,0
73791,1,1,0.60917544,1
73792,1,1,0.9859904,1
73793,1,1,1.0,1
73794,0,0,0.0042069694,1
73795,1,1,0.9999969,1
73796,1,1,0.99987996,1
73797,1,1,0.99999225,1
73798,1,1,0.36749724,1
73799,1,1,0.96182173,1
73800,1,1,0.9978677,1
73801,1,1,0.98582757,1
73802,0,1,0.9053223,0
73803,1,1,0.77381516,1
73804,0,0,0.0830685,1
73805,0,1,0.9995876,0
73806,1,1,0.56103444,1
73807,1,0,0.03601607,0
73808,0,0,0.010448626,1
73809,1,0,0.0876419,0
73810,1,0,0.095265254,0
73811,0,1,0.617282,0
73812,0,1,0.71552336,0
73813,0,0,0.31526145,1
73814,1,1,1.0,1
73815,1,1,0.9977083,1
73816,0,0,0.06884988,1
73817,0,1,0.96381396,0
73818,0,0,0.13517499,1
73819,1,0,0.07850098,0
73820,1,1,0.50799495,1
73821,1,1,0.999997,1
73822,0,0,0.14891149,1
73823,1,1,0.99978596,1
73824,1,1,0.9999269,1
73825,1,0,0.0015517841,0
73826,1,1,0.99999976,1
73827,1,1,0.7557272,1
73828,0,1,0.84389514,0
73829,1,1,0.99999905,1
73830,0,0,0.026581828,1
73831,0,1,0.95803016,0
73832,1,1,0.99983585,1
73833,0,0,0.2779137,1
73834,0,0,0.03767939,1
73835,0,0,0.12885365,1
73836,1,1,0.97180575,1
73837,1,1,0.999985,1
73838,0,0,0.012576347,1
73839,1,1,0.5837373,1
73840,0,0,0.02693789,1
73841,0,1,0.7272981,0
73842,1,0,0.065545,0
73843,1,1,0.82768893,1
73844,1,1,0.9997378,1
73845,0,0,0.2146091,1
73846,1,1,0.9999795,1
73847,0,0,0.014420068,1
73848,1,1,0.91274774,1
73849,1,1,0.99910825,1
73850,1,1,0.9518632,1
73851,0,1,0.8748277,0
73852,1,0,0.006438102,0
73853,0,0,0.046724956,1
73854,1,1,0.99998486,1
73855,0,1,0.51006943,0
73856,0,0,0.2168396,1
73857,1,1,0.6885208,1
73858,0,1,0.99999976,0
73859,1,1,1.0,1
73860,1,0,0.3100673,0
73861,1,1,0.3671568,1
73862,0,1,0.73829186,0
73863,1,1,0.59083825,1
73864,1,1,0.99999666,1
73865,1,1,1.0,1
73866,1,1,0.9999999,1
73867,1,0,0.2230384,0
73868,1,1,1.0,1
73869,1,0,0.070495576,0
73870,1,0,0.15700755,0
73871,1,1,0.99908006,1
73872,1,0,0.20963144,0
73873,1,1,0.9205757,1
73874,1,1,0.96641046,1
73875,1,1,0.9946464,1
73876,1,1,0.9981067,1
73877,0,1,0.9992237,0
73878,0,0,0.31289464,1
73879,1,1,1.0,1
73880,1,1,0.72095805,1
73881,0,0,0.1419343,1
73882,0,1,0.99955493,0
73883,1,1,0.54140884,1
73884,1,1,0.99999964,1
73885,1,1,0.99992,1
73886,1,1,0.9759235,1
73887,1,1,0.6147988,1
73888,0,0,0.12694745,1
73889,0,0,0.0077856546,1
73890,1,1,0.98840266,1
73891,1,0,0.06307716,0
73892,1,0,0.07510853,0
73893,1,1,0.9999988,1
73894,1,1,0.5665582,1
73895,0,1,0.56427854,0
73896,0,0,0.26798248,1
73897,1,1,1.0,1
73898,0,1,0.99832565,0
73899,0,1,0.82587075,0
73900,0,0,0.08525123,1
73901,1,1,0.7421883,1
73902,1,1,0.9999999,1
73903,1,1,0.99588215,1
73904,1,1,0.99984646,1
73905,0,1,0.4337116,0
73906,0,0,0.16995622,1
73907,0,0,0.006823954,1
73908,0,1,0.49456805,0
73909,0,1,0.83815056,0
73910,0,1,0.99999976,0
73911,0,1,0.96210754,0
73912,1,1,0.8330532,1
73913,0,0,0.15752526,1
73914,0,1,0.47852883,0
73915,1,1,0.9998111,1
73916,0,0,0.23801847,1
73917,0,0,0.11240509,1
73918,1,0,0.09920809,0
73919,1,1,1.0,1
73920,1,1,0.9749884,1
73921,0,0,0.09687654,1
73922,0,0,0.14134066,1
73923,1,0,0.044973567,0
73924,1,0,0.10275402,0
73925,0,1,0.65517056,0
73926,1,1,0.9996147,1
73927,1,1,0.99984765,1
73928,1,1,1.0,1
73929,1,1,0.93409514,1
73930,1,1,1.0,1
73931,1,1,0.99998546,1
73932,1,1,1.0,1
73933,0,1,0.9971495,0
73934,1,1,0.9137535,1
73935,0,0,0.122733355,1
73936,0,1,0.8665848,0
73937,0,1,0.926237,0
73938,0,0,0.072177574,1
73939,1,0,0.14021848,0
73940,1,1,0.7910151,1
73941,1,1,0.9999968,1
73942,1,1,0.9925249,1
73943,0,1,0.42161137,0
73944,1,1,1.0,1
73945,1,0,0.16599831,0
73946,0,1,0.58041155,0
73947,0,1,0.9999039,0
73948,0,1,0.68283814,0
73949,0,0,0.25954404,1
73950,1,1,0.9999155,1
73951,0,0,0.16291203,1
73952,0,0,0.18989639,1
73953,1,1,0.9834387,1
73954,1,1,0.9999963,1
73955,1,1,0.9530133,1
73956,1,1,0.99999917,1
73957,1,1,0.9999422,1
73958,1,1,0.99961555,1
73959,1,1,1.0,1
73960,1,0,0.043895524,0
73961,1,1,1.0,1
73962,1,1,0.9999999,1
73963,0,1,0.9999684,0
73964,0,1,0.42503834,0
73965,1,1,0.9999963,1
73966,0,0,0.072177574,1
73967,1,1,0.9809125,1
73968,0,0,0.07126734,1
73969,1,1,0.99993443,1
73970,1,1,1.0,1
73971,0,1,0.65329283,0
73972,1,1,1.0,1
73973,0,1,0.43113506,0
73974,1,1,0.3967107,1
73975,1,0,0.030100336,0
73976,0,0,0.0032162168,1
73977,0,1,0.92482364,0
73978,0,0,0.053353984,1
73979,1,1,0.59519845,1
73980,1,1,0.98546845,1
73981,1,1,1.0,1
73982,1,1,0.9979048,1
73983,0,1,0.99930537,0
73984,1,0,0.0067449897,0
73985,1,1,0.99999964,1
73986,0,1,0.99953175,0
73987,1,1,0.9999914,1
73988,0,0,0.15361264,1
73989,1,1,1.0,1
73990,1,1,0.99999523,1
73991,0,0,0.09484525,1
73992,1,0,0.14897339,0
73993,0,1,0.9935243,0
73994,0,0,0.10669061,1
73995,0,0,0.06296183,1
73996,1,1,1.0,1
73997,0,1,1.0,0
73998,1,1,0.9999505,1
73999,0,0,0.19383317,1
74000,1,1,0.9993525,1
74001,1,1,1.0,1
74002,1,1,1.0,1
74003,1,0,0.25631976,0
74004,1,1,0.9999653,1
74005,1,1,0.9997305,1
74006,0,0,0.13609089,1
74007,0,1,0.39367637,0
74008,1,1,1.0,1
74009,0,0,0.06530615,1
74010,0,1,0.4405595,0
74011,0,1,0.9999994,0
74012,1,1,0.9966949,1
74013,1,0,0.07356305,0
74014,0,0,0.19482696,1
74015,1,1,0.9994797,1
74016,1,1,0.99999976,1
74017,1,1,0.972336,1
74018,1,1,0.9998306,1
74019,1,1,0.99999535,1
74020,0,1,0.9983418,0
74021,0,0,0.17967446,1
74022,1,1,1.0,1
74023,0,1,0.99999976,0
74024,1,0,0.052037824,0
74025,1,1,0.7605617,1
74026,0,1,0.9908035,0
74027,0,1,0.99920064,0
74028,1,1,0.9951231,1
74029,1,1,0.9999995,1
74030,0,0,0.012503792,1
74031,1,1,1.0,1
74032,1,1,1.0,1
74033,0,0,0.10221505,1
74034,1,1,0.9573974,1
74035,0,0,0.16398025,1
74036,0,1,0.99785525,0
74037,1,1,0.99182796,1
74038,1,1,0.99653685,1
74039,1,1,0.99993765,1
74040,1,0,0.020764738,0
74041,1,1,0.9980506,1
74042,1,1,0.9960083,1
74043,1,1,0.99944824,1
74044,0,1,0.9999989,0
74045,0,1,0.9450455,0
74046,1,1,0.99982125,1
74047,0,1,0.7600278,0
74048,1,0,0.01510165,0
74049,1,1,1.0,1
74050,1,1,0.99458355,1
74051,0,0,0.030357989,1
74052,0,0,0.052037824,1
74053,1,1,0.99977654,1
74054,1,1,0.95880854,1
74055,0,0,0.099382766,1
74056,0,0,0.11526177,1
74057,0,1,0.4146321,0
74058,0,0,0.016466172,1
74059,0,1,0.81888175,0
74060,1,1,0.9999274,1
74061,0,1,0.9915052,0
74062,0,1,0.7804952,0
74063,0,1,0.99992335,0
74064,0,0,0.24839742,1
74065,0,1,0.98282325,0
74066,1,1,0.9999864,1
74067,1,1,0.8641959,1
74068,0,0,0.13212214,1
74069,0,1,0.370567,0
74070,0,0,0.22824252,1
74071,0,1,0.3784591,0
74072,0,1,0.9964825,0
74073,1,1,0.99440175,1
74074,0,0,0.03155902,1
74075,0,1,0.99897385,0
74076,0,1,0.9937709,0
74077,0,1,0.99916065,0
74078,1,1,0.8446654,1
74079,0,0,0.23899394,1
74080,1,0,0.0059919516,0
74081,1,1,1.0,1
74082,0,0,0.019032659,1
74083,1,1,0.99999774,1
74084,1,1,0.99967563,1
74085,1,1,0.99835795,1
74086,1,1,0.98574555,1
74087,1,1,0.98389363,1
74088,1,1,0.99986815,1
74089,1,1,0.9993845,1
74090,1,0,0.19544049,0
74091,0,0,0.031499382,1
74092,1,1,0.99999857,1
74093,1,1,1.0,1
74094,1,0,0.12231338,0
74095,1,1,0.3693151,1
74096,1,1,0.8589554,1
74097,0,1,0.82032555,0
74098,0,0,0.013636835,1
74099,1,1,0.9882222,1
74100,1,1,0.9999957,1
74101,1,1,0.9999999,1
74102,1,0,0.30213365,0
74103,1,1,0.98628414,1
74104,0,0,0.23440666,1
74105,0,1,0.9997367,0
74106,0,1,0.9137535,0
74107,1,1,0.9592307,1
74108,1,1,0.9722835,1
74109,1,1,1.0,1
74110,1,1,0.99983203,1
74111,0,1,0.9882449,0
74112,1,1,0.99999917,1
74113,1,1,0.99998975,1
74114,0,1,0.9352283,0
74115,0,0,0.022955457,1
74116,0,1,0.38966265,0
74117,0,0,0.23248436,1
74118,0,1,0.97852874,0
74119,1,1,0.9999975,1
74120,1,0,0.054600604,0
74121,1,1,0.99454135,1
74122,1,1,0.99999917,1
74123,1,1,0.9997868,1
74124,0,1,0.41623297,0
74125,1,1,0.99999964,1
74126,1,0,0.19674903,0
74127,0,0,0.2799269,1
74128,1,1,0.99998915,1
74129,0,1,0.9411694,0
74130,0,1,0.99504673,0
74131,0,0,0.12426614,1
74132,0,0,0.016705096,1
74133,1,1,1.0,1
74134,1,0,0.18579942,0
74135,0,1,0.69796926,0
74136,1,1,0.6269811,1
74137,0,0,0.030415535,1
74138,1,1,0.99991775,1
74139,1,1,0.99998283,1
74140,1,1,0.5794599,1
74141,0,1,0.9994547,0
74142,0,0,0.23091978,1
74143,1,1,0.99999905,1
74144,0,0,0.050564528,1
74145,0,0,0.04556445,1
74146,1,0,0.03038675,0
74147,1,0,0.0065388246,0
74148,1,1,0.9994611,1
74149,1,1,0.70634234,1
74150,1,0,0.0023231627,0
74151,1,1,0.57164705,1
74152,1,1,0.98771137,1
74153,1,1,0.99992967,1
74154,0,1,0.75635755,0
74155,1,1,1.0,1
74156,1,1,0.99999905,1
74157,0,1,0.9874236,0
74158,1,1,0.99968004,1
74159,0,0,0.18046747,1
74160,1,0,0.051415116,0
74161,0,1,0.99993694,0
74162,0,0,0.0048016408,1
74163,0,1,0.76629364,0
74164,0,0,0.020626193,1
74165,0,1,0.9906419,0
74166,1,0,0.059155874,0
74167,1,1,0.999995,1
74168,1,1,0.883236,1
74169,1,1,1.0,1
74170,0,0,0.050470848,1
74171,1,1,1.0,1
74172,0,1,1.0,0
74173,0,0,0.06019705,1
74174,1,0,0.28992426,0
74175,1,1,0.9603984,1
74176,0,1,0.83196384,0
74177,1,1,0.45429054,1
74178,1,1,0.9484895,1
74179,1,1,0.9998517,1
74180,1,1,1.0,1
74181,1,1,0.89724606,1
74182,1,1,0.7442848,1
74183,0,0,0.0031419473,1
74184,1,0,0.10539455,0
74185,1,1,1.0,1
74186,1,1,0.9999882,1
74187,1,0,0.2155158,0
74188,1,1,1.0,1
74189,1,1,1.0,1
74190,0,1,0.9986827,0
74191,1,1,0.94886994,1
74192,1,1,0.8535469,1
74193,0,1,0.99297464,0
74194,1,0,0.040960647,0
74195,0,0,0.044764314,1
74196,1,1,0.9996743,1
74197,1,1,0.745491,1
74198,1,1,1.0,1
74199,1,1,1.0,1
74200,1,1,0.4096045,1
74201,1,1,0.91730267,1
74202,1,1,0.9352283,1
74203,0,0,0.10622612,1
74204,1,1,0.99978346,1
74205,1,1,0.99999464,1
74206,1,1,0.9957104,1
74207,1,1,0.5298108,1
74208,0,0,0.23109324,1
74209,1,1,1.0,1
74210,1,1,0.99984276,1
74211,1,0,0.31200305,0
74212,0,1,0.3760501,0
74213,1,1,1.0,1
74214,1,1,0.998835,1
74215,0,0,0.040883996,1
74216,0,1,0.7238466,0
74217,0,1,0.52268946,0
74218,1,1,0.99999774,1
74219,1,1,0.99985456,1
74220,0,0,0.24077459,1
74221,1,1,1.0,1
74222,1,1,0.99991846,1
74223,0,0,0.052037824,1
74224,0,0,0.0091787735,1
74225,1,0,0.009055264,0
74226,1,0,0.041812986,0
74227,0,1,0.49255425,0
74228,0,0,0.04751418,1
74229,0,0,0.08570927,1
74230,0,0,0.05770532,1
74231,0,1,0.45241496,0
74232,0,1,0.9999975,0
74233,0,1,0.8234704,0
74234,1,0,0.3197052,0
74235,0,1,0.99184376,0
74236,0,1,0.73767823,0
74237,1,1,0.7927853,1
74238,0,1,0.37022537,0
74239,0,0,0.046855625,1
74240,1,0,0.112942085,0
74241,0,1,0.9999851,0
74242,1,1,0.9641868,1
74243,0,1,1.0,0
74244,1,1,0.91383046,1
74245,1,0,0.076683804,0
74246,1,0,0.24463357,0
74247,1,1,0.9999995,1
74248,1,1,0.9995963,1
74249,1,1,0.99917847,1
74250,1,1,0.9998629,1
74251,0,1,0.53825516,0
74252,1,1,0.5877065,1
74253,0,1,0.9160345,0
74254,0,1,0.54716164,0
74255,0,1,0.9996526,0
74256,0,0,0.10502681,1
74257,1,1,0.7756048,1
74258,1,1,0.391435,1
74259,0,0,0.26322043,1
74260,1,1,0.7505527,1
74261,0,0,0.2678867,1
74262,0,0,0.13454832,1
74263,1,0,0.032466814,0
74264,1,1,0.5619962,1
74265,0,1,0.95036495,0
74266,1,1,0.8089743,1
74267,1,1,0.36795133,1
74268,1,1,0.99998355,1
74269,1,1,0.99980134,1
74270,0,0,0.17539679,1
74271,0,0,0.09929539,1
74272,1,1,0.9566342,1
74273,1,1,0.99994564,1
74274,0,0,0.23022676,1
74275,1,1,0.9999629,1
74276,0,1,0.35370722,0
74277,0,0,0.06566473,1
74278,0,0,0.15077755,1
74279,0,0,0.11797801,1
74280,0,1,0.8967045,0
74281,1,1,0.94796216,1
74282,1,1,1.0,1
74283,0,1,0.48160622,0
74284,0,0,0.15266278,1
74285,1,0,0.24571796,0
74286,0,0,0.26095405,1
74287,1,0,0.15027805,0
74288,1,1,0.9988236,1
74289,1,1,0.99986863,1
74290,1,0,0.16749083,0
74291,1,1,1.0,1
74292,0,1,0.9999757,0
74293,0,0,0.24418274,1
74294,1,1,0.93379396,1
74295,0,1,0.9948102,0
74296,0,0,0.018815093,1
74297,1,1,0.82090056,1
74298,1,0,0.07978202,0
74299,1,1,1.0,1
74300,1,1,1.0,1
74301,1,1,0.98518616,1
74302,1,1,0.9954615,1
74303,1,1,0.9999969,1
74304,0,1,0.5979014,0
74305,0,1,0.9999924,0
74306,0,1,0.9314002,0
74307,1,1,0.6852653,1
74308,1,1,0.44915098,1
74309,0,0,0.112600096,1
74310,1,1,0.99709344,1
74311,0,1,0.9693822,0
74312,1,1,0.9999981,1
74313,1,1,0.99805814,1
74314,0,1,0.999997,0
74315,1,1,0.9872528,1
74316,0,0,0.016246215,1
74317,0,0,0.012264914,1
74318,0,0,0.041656762,1
74319,1,0,0.03989989,0
74320,1,1,1.0,1
74321,1,1,1.0,1
74322,0,0,0.0631349,1
74323,0,0,0.31510338,1
74324,0,0,0.055823144,1
74325,1,1,1.0,1
74326,0,1,0.6771005,0
74327,0,0,0.17838266,1
74328,0,0,0.06255973,1
74329,0,0,0.06273176,1
74330,1,1,0.9999964,1
74331,1,0,0.062216975,0
74332,1,1,0.99951494,1
74333,0,0,0.080719054,1
74334,1,1,0.99991417,1
74335,1,1,0.95751673,1
74336,0,0,0.20930803,1
74337,0,0,0.08122775,1
74338,0,0,0.083441176,1
74339,0,1,0.46869943,0
74340,0,1,0.99993813,0
74341,1,1,0.9997851,1
74342,1,0,0.26104826,0
74343,1,1,0.79613405,1
74344,1,0,0.3011565,0
74345,0,1,0.4843801,0
74346,1,0,0.036356665,0
74347,0,1,0.9781563,0
74348,0,0,0.017012626,1
74349,0,1,0.9050709,0
74350,1,1,0.9991066,1
74351,0,0,0.022694087,1
74352,1,1,0.9826576,1
74353,1,1,0.99999976,1
74354,0,1,1.0,0
74355,1,0,0.13695431,0
74356,1,1,0.67033863,1
74357,1,1,1.0,1
74358,0,1,0.9987503,0
74359,0,0,0.1732882,1
74360,0,0,0.089057684,1
74361,0,1,0.37364724,0
74362,1,1,0.9999552,1
74363,1,1,0.9998253,1
74364,0,0,0.28101084,1
74365,0,1,0.999666,0
74366,0,0,0.07276838,1
74367,0,1,0.5861084,0
74368,0,0,0.02748069,1
74369,1,1,1.0,1
74370,0,0,0.22678365,1
74371,1,1,0.9989225,1
74372,0,1,0.9887554,0
74373,1,0,0.11018359,0
74374,1,1,0.8040984,1
74375,0,1,0.9999999,0
74376,1,1,0.9999546,1
74377,0,0,0.105948284,1
74378,1,1,0.9848401,1
74379,1,1,0.52786416,1
74380,0,1,0.9992778,0
74381,0,0,0.016466172,1
74382,1,1,0.99867755,1
74383,1,0,0.009898064,0
74384,0,0,0.00017265155,1
74385,0,1,0.99994075,0
74386,1,1,0.9830851,1
74387,1,1,1.0,1
74388,0,1,0.40886667,0
74389,0,0,0.244363,1
74390,1,1,0.9999988,1
74391,0,1,0.99766326,0
74392,1,1,0.9999888,1
74393,1,1,0.99993443,1
74394,0,0,0.10230471,1
74395,1,1,1.0,1
74396,0,0,0.26740813,1
74397,1,1,1.0,1
74398,0,1,0.71666497,0
74399,0,0,0.17078443,1
74400,0,0,0.13974822,1
74401,0,1,0.37725383,0
74402,1,1,0.9876639,1
74403,1,0,0.21174264,0
74404,1,1,0.99951315,1
74405,1,0,0.092196204,0
74406,0,0,0.2548797,1
74407,1,1,0.86748546,1
74408,0,0,0.3283679,1
74409,1,0,0.07423137,0
74410,0,1,0.920218,0
74411,0,0,0.046076808,1
74412,0,1,0.76960015,0
74413,1,0,0.04146227,0
74414,1,1,0.9999999,1
74415,1,1,0.99999046,1
74416,0,0,0.046464663,1
74417,1,1,0.9999999,1
74418,0,0,0.09065494,1
74419,0,1,0.9997565,0
74420,1,1,0.99914074,1
74421,1,1,0.9963994,1
74422,1,0,0.02784845,0
74423,1,0,0.027428541,0
74424,1,1,1.0,1
74425,0,1,0.9278225,0
74426,1,1,1.0,1
74427,0,1,0.97110176,0
74428,1,0,0.1390453,0
74429,1,1,0.9128255,1
74430,0,0,0.05345272,1
74431,0,1,0.99986124,0
74432,1,1,1.0,1
74433,0,0,0.056184534,1
74434,1,1,1.0,1
74435,1,1,0.99999976,1
74436,1,1,0.97769254,1
74437,1,1,1.0,1
74438,0,0,0.008235631,1
74439,0,0,0.10715685,1
74440,0,0,0.22764099,1
74441,1,1,0.9999721,1
74442,1,1,0.82233185,1
74443,1,1,0.45544082,1
74444,1,1,0.7451203,1
74445,0,0,0.07864238,1
74446,0,1,0.67012274,0
74447,1,0,0.04103744,0
74448,0,0,0.06985836,1
74449,0,0,0.034782395,1
74450,0,1,0.9999987,0
74451,1,1,0.5343088,1
74452,1,1,0.999984,1
74453,1,1,1.0,1
74454,0,0,0.26189682,1
74455,0,0,0.20745546,1
74456,0,1,0.9612802,0
74457,1,0,0.03680407,0
74458,0,0,0.18068421,1
74459,1,1,0.4399278,1
74460,0,1,0.7572562,0
74461,1,1,0.9999987,1
74462,1,1,0.99998164,1
74463,1,1,0.99864894,1
74464,0,1,0.58100593,0
74465,0,0,0.08961382,1
74466,0,1,0.6894624,0
74467,1,1,0.9999274,1
74468,0,0,0.32578862,1
74469,1,0,0.03021459,0
74470,1,1,0.3535398,1
74471,1,0,0.006797531,0
74472,0,1,0.3539863,0
74473,1,0,0.11481439,0
74474,1,0,0.03173859,0
74475,1,1,1.0,1
74476,0,1,0.54237854,0
74477,1,1,1.0,1
74478,1,1,0.9999999,1
74479,0,1,0.99588215,0
74480,0,1,0.9986249,0
74481,1,1,0.44791308,1
74482,1,1,0.6534034,1
74483,0,1,0.418994,0
74484,1,1,0.99978846,1
74485,1,1,0.99999917,1
74486,0,1,0.9960622,0
74487,1,1,0.9994797,1
74488,1,1,0.8307315,1
74489,1,1,1.0,1
74490,0,1,0.7010484,0
74491,0,1,0.9719126,0
74492,1,1,0.9996352,1
74493,0,1,0.95938325,0
74494,0,0,0.050051305,1
74495,0,1,0.8879841,0
74496,1,1,1.0,1
74497,0,1,0.9579909,0
74498,0,1,0.9875444,0
74499,1,1,0.99999964,1
74500,1,0,0.100701615,0
74501,1,0,0.0053640567,0
74502,1,1,0.84645087,1
74503,0,1,0.97038054,0
74504,1,1,0.9860174,1
74505,1,1,0.71492666,1
74506,0,0,0.022780884,1
74507,0,1,0.836688,0
74508,1,1,0.9999914,1
74509,0,0,0.050658382,1
74510,1,1,0.99932945,1
74511,1,1,0.99987805,1
74512,1,1,0.99990165,1
74513,0,0,0.039564554,1
74514,0,1,1.0,0
74515,0,1,0.6365226,0
74516,0,0,0.17419945,1
74517,0,1,0.38375676,0
74518,1,1,0.9998809,1
74519,1,1,0.9999999,1
74520,1,1,0.9999999,1
74521,0,1,0.80609053,0
74522,0,1,0.41611433,0
74523,1,1,1.0,1
74524,1,1,0.98771137,1
74525,0,1,0.37324739,0
74526,0,0,0.28726768,1
74527,1,0,0.014172365,0
74528,0,0,0.077867545,1
74529,1,1,0.8362874,1
74530,0,0,0.27923846,1
74531,1,0,0.01709447,0
74532,1,1,1.0,1
74533,1,1,0.9999982,1
74534,0,1,0.9437118,0
74535,1,1,0.97836393,1
74536,0,1,0.7053286,0
74537,1,1,0.9999951,1
74538,0,1,0.5707501,0
74539,0,1,0.9991117,0
74540,1,0,0.097734325,0
74541,0,1,0.9666002,0
74542,1,1,0.99839586,1
74543,0,1,0.63906056,0
74544,1,1,1.0,1
74545,0,0,0.01665704,1
74546,0,0,0.14098547,1
74547,0,0,0.042087723,1
74548,1,1,0.9999981,1
74549,1,1,1.0,1
74550,0,1,0.37828684,0
74551,0,1,0.9745077,0
74552,0,1,0.9999999,0
74553,1,1,0.99979585,1
74554,1,1,0.99999917,1
74555,1,0,0.04747001,0
74556,1,1,0.9998822,1
74557,1,1,0.9997125,1
74558,1,1,0.9421883,1
74559,0,0,0.10374862,1
74560,0,0,0.11486404,1
74561,1,1,1.0,1
74562,0,0,0.16817279,1
74563,1,1,0.99981624,1
74564,0,0,0.04590542,1
74565,1,1,1.0,1
74566,0,1,0.98527133,0
74567,1,1,0.99999,1
74568,0,1,0.65052277,0
74569,1,0,0.032222297,0
74570,1,1,0.99827933,1
74571,1,1,0.99999857,1
74572,0,0,0.08210661,1
74573,1,0,0.06910072,0
74574,1,1,0.85195273,1
74575,1,0,0.2382842,0
74576,0,0,0.14749378,1
74577,0,0,0.07497297,1
74578,0,1,0.45423004,0
74579,0,0,0.06766981,1
74580,0,1,0.61352605,0
74581,1,0,0.2168396,0
74582,1,0,0.20354918,0
74583,1,0,0.2205942,0
74584,1,1,0.9994286,1
74585,1,1,0.99995756,1
74586,1,1,1.0,1
74587,1,1,1.0,1
74588,0,1,0.9967269,0
74589,1,1,0.9948001,1
74590,1,1,0.9989329,1
74591,0,1,0.77398604,0
74592,0,1,0.5217758,0
74593,0,0,0.024214549,1
74594,1,0,0.34726036,0
74595,1,1,0.99998033,1
74596,0,1,0.9981433,0
74597,1,1,0.99853635,1
74598,0,0,0.11516222,1
74599,0,0,0.017409043,1
74600,0,0,0.025613915,1
74601,1,1,0.77585965,1
74602,0,0,0.066629894,1
74603,0,0,0.05754622,1
74604,1,1,0.9971161,1
74605,1,0,0.17795369,0
74606,1,1,0.4422751,1
74607,1,1,0.9069832,1
74608,1,1,1.0,1
74609,0,0,0.07043161,1
74610,0,1,0.9998629,0
74611,1,1,0.99983263,1
74612,1,1,0.9994418,1
74613,1,0,0.08593914,0
74614,0,0,0.03915837,1
74615,0,1,0.99997425,0
74616,1,1,1.0,1
74617,1,1,1.0,1
74618,1,1,0.9455505,1
74619,1,1,0.99999976,1
74620,0,0,0.18787654,1
74621,0,1,0.6709857,0
74622,1,1,0.5825504,1
74623,0,1,0.6383282,0
74624,1,0,0.21750368,0
74625,1,1,0.99999785,1
74626,1,1,1.0,1
74627,1,0,0.17695588,0
74628,0,1,0.41917235,0
74629,1,1,0.99999976,1
74630,1,1,0.45865178,1
74631,1,0,0.074164286,0
74632,0,1,0.9998191,0
74633,1,0,0.01802074,0
74634,0,0,0.08517511,1
74635,0,0,0.1991522,1
74636,1,0,0.038683496,0
74637,1,1,0.99821436,1
74638,0,0,0.03179867,1
74639,1,0,0.2968071,0
74640,1,1,0.9999999,1
74641,0,0,0.1185891,1
74642,0,1,0.9272316,0
74643,1,1,0.95594025,1
74644,1,1,0.9565125,1
74645,1,1,0.92000264,1
74646,0,0,0.2574849,1
74647,1,0,0.26855758,0
74648,1,1,1.0,1
74649,1,0,0.020764738,0
74650,1,1,0.595963,1
74651,0,1,0.666334,0
74652,0,0,0.06985836,1
74653,1,1,0.9999957,1
74654,1,0,0.24757788,0
74655,1,1,0.9014011,1
74656,1,0,0.019437952,0
74657,1,0,0.29042712,0
74658,1,1,1.0,1
74659,1,1,1.0,1
74660,0,0,0.0026061656,1
74661,0,1,0.971537,0
74662,1,1,0.79182106,1
74663,0,0,0.028571244,1
74664,0,1,0.47533134,0
74665,1,1,0.99998045,1
74666,0,0,0.3414727,1
74667,0,0,0.022955457,1
74668,0,0,0.26521385,1
74669,1,1,0.9674718,1
74670,0,0,0.33491564,1
74671,1,1,1.0,1
74672,1,1,0.99999774,1
74673,1,1,0.8523219,1
74674,1,1,0.9994504,1
74675,0,0,0.23502058,1
74676,0,1,0.99960023,0
74677,1,1,0.43065608,1
74678,0,1,0.7916601,0
74679,1,1,0.9999975,1
74680,0,0,0.16525607,1
74681,1,0,0.3218329,0
74682,0,1,0.9999993,0
74683,1,1,0.9980506,1
74684,0,1,0.36139008,0
74685,1,1,0.5712285,1
74686,0,0,0.0026163394,1
74687,0,0,0.0069172424,1
74688,1,1,0.99999774,1
74689,0,0,0.1431877,1
74690,1,0,0.009783876,0
74691,0,1,0.86748546,0
74692,1,1,0.9999949,1
74693,1,0,0.13805456,0
74694,1,1,0.9973425,1
74695,1,1,1.0,1
74696,0,1,0.43164405,0
74697,1,1,1.0,1
74698,0,1,0.99972194,0
74699,0,0,0.028220985,1
74700,1,1,0.86476797,1
74701,0,0,0.19961987,1
74702,0,0,0.0793529,1
74703,0,1,0.99999964,0
74704,0,0,0.314682,1
74705,1,0,0.091382094,0
74706,1,1,0.47737145,1
74707,0,1,0.9587699,0
74708,1,1,0.99566853,1
74709,1,1,0.9999865,1
74710,1,1,0.9998511,1
74711,0,1,0.47743234,0
74712,1,0,0.033621218,0
74713,1,1,1.0,1
74714,0,0,0.25618014,1
74715,0,1,0.81873685,0
74716,1,1,0.99987996,1
74717,1,0,0.19467384,0
74718,1,0,0.045948204,0
74719,0,0,0.034618836,1
74720,1,1,0.99828595,1
74721,1,1,0.99995077,1
74722,0,0,0.065604836,1
74723,0,1,0.9951137,0
74724,1,1,0.7460465,1
74725,0,1,0.99987614,0
74726,0,1,0.92156965,0
74727,1,1,1.0,1
74728,1,1,0.9999869,1
74729,1,1,0.99980515,1
74730,0,1,0.51055753,0
74731,0,0,0.1775255,1
74732,0,0,0.04564947,1
74733,1,1,0.99961925,1
74734,1,0,0.19178137,0
74735,0,0,0.16264586,1
74736,1,1,0.9998969,1
74737,1,1,0.9999882,1
74738,0,0,0.28422818,1
74739,1,1,0.58847535,1
74740,1,1,0.9999988,1
74741,1,1,0.9999987,1
74742,1,1,0.9969246,1
74743,0,0,0.04813677,1
74744,0,1,0.9667888,0
74745,1,1,0.99984705,1
74746,1,1,0.430267,1
74747,1,0,0.15297888,0
74748,0,0,0.3172147,1
74749,1,1,0.9982039,1
74750,0,1,0.64192754,0
74751,1,1,0.9999685,1
74752,1,1,0.99998367,1
74753,1,1,0.99727446,1
74754,1,1,0.9999999,1
74755,0,1,0.37227693,0
74756,1,1,1.0,1
74757,1,1,1.0,1
74758,1,1,0.9999974,1
74759,0,1,0.99999833,0
74760,0,0,0.22354652,1
74761,0,0,0.03030055,1
74762,1,1,0.96253246,1
74763,1,1,0.63199186,1
74764,0,0,0.009955651,1
74765,0,0,0.2631731,1
74766,0,1,0.99504673,0
74767,1,1,0.9999999,1
74768,1,0,0.07843036,0
74769,0,1,0.99992216,0
74770,0,1,0.99996686,0
74771,0,0,0.15361264,1
74772,1,1,1.0,1
74773,0,1,0.99999917,0
74774,1,1,0.9999286,1
74775,1,1,0.9953725,1
74776,1,0,0.03216145,0
74777,0,0,0.05775844,1
74778,1,1,1.0,1
74779,0,1,0.9999994,0
74780,0,1,0.8217605,0
74781,0,1,0.9999243,0
74782,1,0,0.14730969,0
74783,1,0,0.07323097,0
74784,1,1,0.81582016,1
74785,1,1,0.5925487,1
74786,0,0,0.111967385,1
74787,1,1,0.49707034,1
74788,1,1,0.99437994,1
74789,1,1,0.9999999,1
74790,1,0,0.24229527,0
74791,1,1,0.9921537,1
74792,0,1,0.8565725,0
74793,1,1,0.99998796,1
74794,1,1,1.0,1
74795,1,1,0.99941504,1
74796,0,0,0.06278921,1
74797,0,0,0.2556223,1
74798,0,0,0.108850285,1
74799,0,0,0.01524759,1
74800,1,1,0.9999697,1
74801,0,1,0.8976056,0
74802,1,1,0.9841546,1
74803,0,0,0.19253935,1
74804,1,1,0.95606345,1
74805,0,0,0.23100649,1
74806,0,0,0.050893724,1
74807,1,0,0.2578585,0
74808,1,1,0.75023264,1
74809,0,0,0.0703677,1
74810,1,1,0.99999964,1
74811,0,0,0.26975822,1
74812,1,0,0.18082884,0
74813,1,0,0.04065485,0
74814,0,0,0.16783156,1
74815,1,0,0.2344943,0
74816,1,1,0.9997017,1
74817,1,0,0.19930798,0
74818,0,1,0.99782157,0
74819,0,1,0.9576754,0
74820,1,1,0.99996746,1
74821,1,1,0.79549927,1
74822,0,1,0.412471,0
74823,1,1,0.604574,1
74824,1,1,1.0,1
74825,0,1,0.77696157,0
74826,1,1,1.0,1
74827,1,1,0.9999987,1
74828,1,1,0.93581736,1
74829,1,1,0.989368,1
74830,1,0,0.036665846,0
74831,1,1,1.0,1
74832,0,0,0.12885365,1
74833,0,1,0.7593147,0
74834,1,1,0.99993527,1
74835,0,0,0.3426265,1
74836,1,1,0.9999684,1
74837,0,0,0.01533582,1
74838,0,0,0.19574778,1
74839,0,1,0.8677098,0
74840,0,0,0.080574244,1
74841,1,1,0.9999875,1
74842,0,1,0.9970305,0
74843,1,1,0.98507166,1
74844,1,1,0.9981324,1
74845,0,0,0.12326005,1
74846,1,1,1.0,1
74847,0,0,0.23091978,1
74848,0,0,0.08670936,1
74849,1,1,0.99999475,1
74850,1,1,0.90087914,1
74851,1,0,0.2330948,0
74852,1,1,0.9999999,1
74853,1,0,0.16371268,0
74854,0,0,0.04681203,1
74855,0,1,0.5257341,0
74856,0,1,0.999572,0
74857,1,1,0.9405718,1
74858,1,0,0.26435834,0
74859,1,0,0.09756222,0
74860,0,0,0.16913125,1
74861,1,1,0.99999714,1
74862,0,0,0.3002837,1
74863,1,1,0.75082695,1
74864,1,1,0.98986953,1
74865,0,1,0.906156,0
74866,0,0,0.32659352,1
74867,1,0,0.0004628084,0
74868,0,1,0.7215961,0
74869,0,0,0.19961987,1
74870,0,1,0.9995054,0
74871,1,0,0.052814018,0
74872,1,1,0.9999813,1
74873,0,1,0.85452086,0
74874,1,0,0.15405755,0
74875,1,1,1.0,1
74876,1,1,0.9999995,1
74877,0,0,0.31864414,1
74878,1,1,0.99999976,1
74879,0,0,0.06267437,1
74880,1,1,0.99785525,1
74881,0,0,0.18447348,1
74882,0,0,0.19806418,1
74883,1,0,0.12137298,0
74884,1,1,1.0,1
74885,0,0,0.05379964,1
74886,1,1,0.3784591,1
74887,0,0,0.027454607,1
74888,1,1,1.0,1
74889,1,1,0.9999999,1
74890,1,0,0.23283304,0
74891,1,0,0.039638843,0
74892,1,1,0.99999905,1
74893,1,1,1.0,1
74894,0,0,0.017078074,1
74895,1,1,0.97997653,1
74896,0,0,0.085023046,1
74897,0,1,0.6121358,0
74898,0,1,0.41161335,0
74899,1,1,0.9320215,1
74900,1,1,0.90087914,1
74901,1,1,0.99952435,1
74902,1,0,0.3337203,0
74903,1,0,0.036977556,0
74904,1,1,0.99996233,1
74905,1,0,0.053601146,0
74906,1,1,0.974893,1
74907,0,0,0.021781173,1
74908,1,1,0.99999785,1
74909,0,1,0.56949353,0
74910,1,1,1.0,1
74911,0,1,0.9916033,0
74912,0,0,0.1488496,1
74913,1,1,0.99812144,1
74914,1,1,1.0,1
74915,1,1,0.9996911,1
74916,1,1,0.9999994,1
74917,1,1,0.70977414,1
74918,1,1,0.79518133,1
74919,1,1,0.99890554,1
74920,0,0,0.03897507,1
74921,0,1,0.98340684,0
74922,0,0,0.049865905,1
74923,1,0,0.026708465,0
74924,1,1,0.99951315,1
74925,0,0,0.17023194,1
74926,0,1,0.5778527,0
74927,1,1,0.6084777,1
74928,0,1,0.99776995,0
74929,1,1,1.0,1
74930,0,0,0.28343415,1
74931,1,1,0.9999999,1
74932,0,1,0.7947038,0
74933,0,1,0.48060057,0
74934,1,1,0.99886644,1
74935,1,0,0.033148516,0
74936,1,1,0.98947024,1
74937,0,1,0.9976769,0
74938,1,1,1.0,1
74939,1,1,0.9996381,1
74940,1,1,0.75283116,1
74941,1,0,0.2680783,0
74942,1,0,0.29563648,0
74943,0,1,0.61236763,0
74944,0,0,0.089933,1
74945,1,1,1.0,1
74946,0,1,0.99998975,0
74947,1,0,0.33025518,0
74948,0,1,0.8086723,0
74949,1,1,0.9999993,1
74950,0,1,0.9999503,0
74951,1,1,0.9999138,1
74952,1,1,0.9999958,1
74953,1,1,0.9999989,1
74954,1,1,0.9981178,1
74955,1,1,0.9960776,1
74956,0,0,0.07843036,1
74957,1,1,0.99999976,1
74958,0,0,0.11426965,1
74959,0,0,0.08449276,1
74960,1,1,0.5392259,1
74961,1,1,0.9999995,1
74962,0,1,0.99983716,0
74963,1,1,0.99994755,1
74964,0,1,0.99999964,0
74965,0,1,0.9673795,0
74966,1,1,1.0,1
74967,1,0,0.011353655,0
74968,1,1,1.0,1
74969,0,1,0.99850756,0
74970,0,0,0.08079154,1
74971,1,1,1.0,1
74972,0,1,0.9994241,0
74973,0,0,0.16913125,1
74974,1,1,0.97673583,1
74975,1,1,0.93312675,1
74976,0,0,0.07992553,1
74977,0,1,1.0,0
74978,1,1,0.99999976,1
74979,0,0,0.075995214,1
74980,0,1,0.9516839,0
74981,0,1,0.9784466,0
74982,0,1,0.97889495,0
74983,1,1,0.9999994,1
74984,1,1,0.5360093,1
74985,0,1,0.99992657,0
74986,1,1,0.99271095,1
74987,0,1,0.44945306,0
74988,1,1,0.967256,1
74989,1,1,0.99999976,1
74990,0,0,0.06608538,1
74991,1,1,1.0,1
74992,0,0,0.033085983,1
74993,1,1,1.0,1
74994,1,1,0.93868846,1
74995,1,1,0.979784,1
74996,0,1,0.63267297,0
74997,1,1,0.99929726,1
74998,0,1,0.9993333,0
74999,1,1,0.558327,1
75000,1,1,0.9998932,1
75001,1,0,0.12549345,0
75002,0,0,0.14817041,1
75003,1,1,0.99756086,1
75004,1,1,0.99999523,1
75005,1,1,0.99927634,1
75006,1,0,0.2211824,0
75007,1,1,0.3763652,1
75008,1,1,0.99999905,1
75009,1,1,0.98300374,1
75010,0,0,0.0815929,1
75011,1,1,0.98026204,1
75012,1,1,0.99628556,1
75013,0,0,0.042562727,1
75014,0,0,0.08874129,1
75015,0,1,0.4234878,0
75016,1,1,0.9931096,1
75017,0,1,0.9866491,0
75018,0,0,0.019069158,1
75019,0,1,0.9994374,0
75020,1,1,0.66502994,1
75021,0,0,0.11823231,1
75022,1,1,0.9995819,1
75023,1,1,0.9999999,1
75024,0,1,0.8513358,0
75025,1,1,1.0,1
75026,1,1,0.9997273,1
75027,0,1,0.9370381,0
75028,1,1,0.746139,1
75029,1,0,0.124532074,0
75030,1,0,0.20963144,0
75031,0,0,0.28821838,1
75032,0,1,0.8479678,0
75033,0,0,0.020804489,1
75034,0,1,0.95719784,0
75035,0,1,0.9999318,0
75036,0,1,0.4813624,0
75037,0,0,0.24544656,1
75038,1,1,1.0,1
75039,0,0,0.070176296,1
75040,0,1,0.5380731,0
75041,1,1,0.55054694,1
75042,1,1,1.0,1
75043,1,1,0.98087597,1
75044,1,0,0.10875559,0
75045,1,1,0.9997918,1
75046,0,1,0.9875444,0
75047,1,1,0.9999988,1
75048,1,1,0.97254544,1
75049,0,1,0.9999989,0
75050,1,1,0.99980205,1
75051,1,1,0.9811488,1
75052,1,1,0.99999964,1
75053,1,1,0.9999573,1
75054,1,1,0.97503597,1
75055,1,1,0.99789256,1
75056,1,1,0.92716575,1
75057,1,0,0.2546943,0
75058,1,0,0.18432663,0
75059,0,1,0.9881309,0
75060,1,1,0.89715594,1
75061,1,1,0.99998534,1
75062,0,0,0.12673113,1
75063,0,0,0.027506804,1
75064,1,1,1.0,1
75065,1,0,0.28363255,0
75066,1,1,0.99927205,1
75067,1,0,2.203941e-05,0
75068,1,1,0.99952435,1
75069,1,1,0.99999976,1
75070,1,1,1.0,1
75071,0,1,0.95626813,0
75072,0,0,0.095940754,1
75073,0,0,0.34466395,1
75074,1,1,0.9272316,1
75075,0,1,0.99906915,0
75076,0,1,0.6127153,0
75077,0,0,0.0054374957,1
75078,1,1,1.0,1
75079,0,0,0.15115306,1
75080,0,0,0.13173069,1
75081,1,1,0.7564475,1
75082,1,1,0.9993411,1
75083,0,0,0.24023944,1
75084,0,1,0.8778961,0
75085,0,1,0.96958447,0
75086,1,1,0.9992312,1
75087,1,1,0.9999993,1
75088,0,0,0.18839861,1
75089,0,0,0.11230769,1
75090,0,0,0.14990434,1
75091,0,0,0.18780208,1
75092,0,0,0.16626887,1
75093,1,1,0.9931629,1
75094,1,1,1.0,1
75095,0,0,0.13307686,1
75096,1,1,1.0,1
75097,1,1,0.9999982,1
75098,1,0,0.070880495,0
75099,1,1,0.9979007,1
75100,0,1,0.97790456,0
75101,1,1,0.48584366,1
75102,1,1,0.5610946,1
75103,1,0,0.13290796,0
75104,1,0,0.0024060889,0
75105,1,1,0.62291825,1
75106,0,0,0.09276993,1
75107,1,1,0.99459416,1
75108,1,1,0.99923277,1
75109,1,1,0.99999917,1
75110,1,0,0.29645056,0
75111,0,1,0.46663293,0
75112,1,1,1.0,1
75113,1,1,0.99083894,1
75114,0,1,0.99999857,0
75115,1,1,0.9999671,1
75116,1,1,0.99999774,1
75117,1,0,0.10650459,0
75118,1,0,0.28726768,0
75119,0,0,0.25376853,1
75120,0,1,0.9746045,0
75121,0,1,0.9906238,0
75122,0,1,0.7422349,0
75123,0,0,0.17667161,1
75124,1,1,0.87873113,1
75125,0,1,0.89552265,0
75126,1,1,1.0,1
75127,0,1,0.668177,0
75128,1,1,0.99866986,1
75129,1,1,1.0,1
75130,0,1,0.8818186,0
75131,0,1,0.39948946,0
75132,0,0,0.060252324,1
75133,1,1,0.86442494,1
75134,0,1,0.46359602,0
75135,1,0,0.32407495,0
75136,0,0,0.07030384,1
75137,1,0,0.09451042,0
75138,1,1,1.0,1
75139,0,1,0.91022676,0
75140,1,1,0.99999857,1
75141,1,1,0.9842457,1
75142,1,1,1.0,1
75143,0,0,0.10123348,1
75144,0,1,0.98164797,0
75145,0,1,0.6595696,0
75146,1,1,0.9999975,1
75147,0,1,0.4776151,0
75148,0,0,0.061311536,1
75149,0,1,0.97664696,0
75150,0,0,0.24238493,1
75151,1,1,1.0,1
75152,0,0,0.20149878,1
75153,1,1,0.8818186,1
75154,0,1,0.99804676,0
75155,1,1,0.6948723,1
75156,1,1,0.9999542,1
75157,1,1,0.9999083,1
75158,0,1,0.51110655,0
75159,1,1,0.99999917,1
75160,1,1,0.7817474,1
75161,0,0,0.07971035,1
75162,0,0,0.052376077,1
75163,0,0,0.06785488,1
75164,0,1,0.99780875,0
75165,0,0,0.025858779,1
75166,1,1,0.9634031,1
75167,1,0,0.060863446,0
75168,1,1,0.99994934,1
75169,1,0,0.2604365,0
75170,1,1,0.8106289,1
75171,1,1,0.99999976,1
75172,0,1,0.99550545,0
75173,0,1,0.9742149,0
75174,0,0,0.14145924,1
75175,1,1,0.99991715,1
75176,1,1,0.99999976,1
75177,1,1,0.9999944,1
75178,1,1,0.5607338,1
75179,1,1,1.0,1
75180,1,1,0.9969957,1
75181,0,1,0.964355,0
75182,0,0,0.091301054,1
75183,0,1,0.8191712,0
75184,0,0,0.02665774,1
75185,1,1,0.99989724,1
75186,1,1,0.9998523,1
75187,1,0,0.24041773,0
75188,1,1,0.99994874,1
75189,1,1,0.9853279,1
75190,0,1,0.389982,0
75191,1,1,0.9999999,1
75192,0,0,0.058507007,1
75193,1,1,0.43764323,1
75194,1,1,0.9746045,1
75195,0,0,0.053058814,1
75196,1,1,0.947186,1
75197,1,1,0.9999993,1
75198,1,0,0.24220563,0
75199,0,1,0.9969957,0
75200,1,1,0.90312344,1
75201,0,1,0.5224458,0
75202,1,1,0.54849213,1
75203,0,1,0.41475067,0
75204,1,1,0.39533842,1
75205,1,1,0.94649786,1
75206,1,1,0.549278,1
75207,0,0,0.040999033,1
75208,1,1,0.99997795,1
75209,0,0,0.05899303,1
75210,1,1,0.9999846,1
75211,0,0,0.31621087,1
75212,0,1,0.9997731,0
75213,0,0,0.15649123,1
75214,1,1,0.9867517,1
75215,0,1,0.76611876,0
75216,1,1,0.9427707,1
75217,0,0,0.01712732,1
75218,1,1,0.98065484,1
75219,0,0,0.024168443,1
75220,0,1,1.0,0
75221,0,0,0.07316472,1
75222,0,1,0.9991991,0
75223,0,0,0.09342957,1
75224,0,0,0.10212547,1
75225,1,1,1.0,1
75226,1,1,0.7751796,1
75227,1,1,0.8146434,1
75228,1,1,0.9175246,1
75229,0,1,0.70684856,0
75230,0,0,0.2193375,1
75231,0,1,0.4698547,0
75232,0,1,0.99941385,0
75233,0,0,0.019363642,1
75234,0,1,0.97773504,0
75235,1,0,0.21149823,0
75236,1,1,0.994615,1
75237,1,1,0.8301815,1
75238,0,1,0.43851465,0
75239,1,1,0.99855906,1
75240,1,1,1.0,1
75241,1,1,0.9983516,1
75242,1,0,0.23005375,0
75243,0,1,1.0,0
75244,0,0,0.017729297,1
75245,1,0,0.013636835,0
75246,1,1,0.999905,1
75247,1,1,0.99998367,1
75248,0,1,0.9937709,0
75249,0,1,0.9854124,0
75250,1,1,0.9943909,1
75251,1,1,0.92255217,1
75252,0,1,0.99718815,0
75253,1,0,0.14730969,0
75254,0,1,0.9968702,0
75255,0,1,0.9992563,0
75256,0,1,0.99969935,0
75257,0,0,0.25743824,1
75258,1,1,0.9999975,1
75259,0,0,0.040960647,1
75260,1,0,0.3468178,0
75261,0,1,0.9990226,0
75262,1,1,0.9996331,1
75263,0,0,0.15482274,1
75264,1,1,0.9999925,1
75265,1,1,0.99842995,1
75266,1,0,0.13006428,0
75267,0,1,0.40145314,0
75268,0,1,0.99999654,0
75269,0,0,0.17953056,1
75270,0,0,0.19713515,1
75271,0,1,0.5322428,0
75272,1,0,0.19406216,0
75273,0,0,0.10302444,1
75274,1,0,0.11095189,0
75275,1,1,0.98244,1
75276,0,0,0.29067877,1
75277,1,1,0.7344054,1
75278,0,0,0.24006127,1
75279,1,0,0.17567943,0
75280,1,1,0.99712723,1
75281,0,0,0.016529558,1
75282,0,1,0.90878,0
75283,1,1,0.99999845,1
75284,0,1,0.9999788,0
75285,1,1,1.0,1
75286,1,1,0.88700897,1
75287,0,0,0.04624881,1
75288,0,0,0.17745425,1
75289,0,1,0.9965503,0
75290,1,1,0.99882597,1
75291,0,0,0.078571655,1
75292,1,1,0.99975747,1
75293,1,1,1.0,1
75294,0,1,0.37960833,0
75295,0,0,0.107437484,1
75296,0,0,0.05399884,1
75297,1,0,0.09825224,0
75298,0,1,0.9459013,0
75299,0,0,0.13551785,1
75300,0,0,0.22807053,1
75301,1,1,0.48584366,1
75302,1,0,0.0063883206,0
75303,1,0,0.10257407,0
75304,1,0,0.15733096,0
75305,0,0,0.0836655,1
75306,1,1,0.9999999,1
75307,1,0,0.07152632,0
75308,0,1,1.0,0
75309,1,1,0.97583157,1
75310,0,1,0.6093498,0
75311,1,1,1.0,1
75312,1,1,0.99040353,1
75313,1,1,0.9999658,1
75314,0,0,0.0279544,1
75315,1,1,0.99947566,1
75316,1,1,0.99760324,1
75317,0,0,0.033117235,1
75318,1,1,0.9999896,1
75319,1,1,1.0,1
75320,1,1,0.69040257,1
75321,1,1,0.88393915,1
75322,1,1,0.83761996,1
75323,1,1,0.7932662,1
75324,1,1,1.0,1
75325,1,1,0.99966204,1
75326,0,0,0.03581319,1
75327,1,1,0.7149765,1
75328,0,0,0.30673468,1
75329,1,1,0.98862445,1
75330,0,1,0.99989927,0
75331,1,1,0.7640124,1
75332,0,0,0.070751965,1
75333,1,1,0.99351174,1
75334,0,0,0.3494217,1
75335,0,0,0.15140381,1
75336,0,1,0.9999521,0
75337,1,1,0.99956864,1
75338,1,1,0.5674573,1
75339,1,1,0.8984105,1
75340,1,1,1.0,1
75341,0,1,0.9997154,0
75342,1,1,0.99998605,1
75343,1,1,0.9983125,1
75344,0,0,0.03897507,1
75345,1,1,0.99999857,1
75346,0,0,0.029367853,1
75347,0,0,0.31252733,1
75348,1,1,0.42030212,1
75349,1,1,0.9999999,1
75350,1,1,0.93546456,1
75351,0,0,0.009936419,1
75352,1,0,0.23213603,0
75353,1,1,0.98819935,1
75354,0,1,0.9692078,0
75355,1,1,0.99983525,1
75356,1,1,0.58154076,1
75357,1,1,0.99999917,1
75358,1,1,0.68431675,1
75359,1,1,0.6955966,1
75360,0,1,0.6715244,0
75361,1,1,0.4874294,1
75362,0,0,0.11920292,1
75363,0,1,0.8988553,0
75364,1,1,1.0,1
75365,1,1,0.4318537,1
75366,1,1,0.99999857,1
75367,0,0,0.05184547,1
75368,1,1,0.99952626,1
75369,1,1,0.36692995,1
75370,1,0,0.05098815,0
75371,0,0,0.107437484,1
75372,0,1,0.5358879,0
75373,1,1,1.0,1
75374,0,0,0.028679863,1
75375,0,1,0.5209838,0
75376,0,0,0.12442563,1
75377,0,1,0.89256257,0
75378,1,1,0.90772206,1
75379,1,0,0.023131333,0
75380,1,0,0.011823393,0
75381,1,1,0.9983802,1
75382,0,0,0.052279223,1
75383,0,0,0.0055333874,1
75384,1,1,0.38390112,1
75385,0,0,0.10475175,1
75386,0,0,0.16418117,1
75387,0,0,0.04813677,1
75388,1,1,1.0,1
75389,0,0,0.034979645,1
75390,0,1,0.99693066,0
75391,1,1,0.99970406,1
75392,1,0,0.2502709,0
75393,1,1,0.9999999,1
75394,1,1,0.9953904,1
75395,1,0,0.019851703,0
75396,1,1,0.99975365,1
75397,0,1,0.99992096,0
75398,0,0,0.33660358,1
75399,1,1,1.0,1
75400,0,0,0.12624557,1
75401,0,0,0.3485343,1
75402,1,1,0.99974877,1
75403,1,1,1.0,1
75404,0,1,0.9203613,0
75405,1,1,1.0,1
75406,1,0,0.018352037,0
75407,0,1,0.99997115,0
75408,0,1,0.9999945,0
75409,0,1,0.9937588,0
75410,1,1,0.9901592,1
75411,1,1,0.999998,1
75412,1,0,0.020042615,0
75413,0,0,0.27289566,1
75414,1,1,0.9896318,1
75415,1,1,0.35571894,1
75416,1,0,0.011823393,0
75417,1,1,0.98557997,1
75418,1,1,0.989368,1
75419,0,0,0.16052906,1
75420,0,0,0.09560247,1
75421,0,1,0.7516481,0
75422,0,1,0.3852301,0
75423,1,0,0.05602938,0
75424,0,0,0.0033766122,1
75425,0,1,0.9614615,0
75426,0,0,0.14175598,1
75427,1,1,0.7096735,1
75428,0,0,0.031055551,1
75429,0,1,0.99970406,0
75430,0,0,0.20149878,1
75431,1,1,0.9999995,1
75432,1,1,0.99743915,1
75433,0,1,0.9605466,0
75434,1,1,0.9810037,1
75435,0,1,0.900267,0
75436,1,1,0.98147124,1
75437,0,1,0.635279,0
75438,0,0,0.104660206,1
75439,1,1,1.0,1
75440,0,1,0.99995184,0
75441,0,1,0.7253083,0
75442,0,0,0.042324588,1
75443,0,1,0.9573974,0
75444,1,0,0.13302054,0
75445,0,1,0.40230405,0
75446,0,0,0.021267017,1
75447,0,0,0.07956719,1
75448,1,1,0.6611029,1
75449,0,1,0.9999832,0
75450,1,0,0.093678005,0
75451,1,0,0.024940254,0
75452,0,1,0.5228722,0
75453,1,1,0.9999988,1
75454,1,1,1.0,1
75455,1,1,0.71228224,1
75456,1,1,0.9999746,1
75457,0,1,0.9946359,0
75458,1,1,0.95443547,1
75459,1,1,0.9999652,1
75460,0,1,0.99845123,0
75461,1,1,0.9998809,1
75462,0,1,0.99935,0
75463,0,1,0.99996984,0
75464,1,0,0.046551276,0
75465,0,0,0.15908672,1
75466,1,1,0.5195823,1
75467,0,1,0.38615564,0
75468,1,1,0.99999905,1
75469,1,1,0.9999335,1
75470,1,1,0.999943,1
75471,0,0,0.11109647,1
75472,0,0,0.1419343,1
75473,1,1,0.9845754,1
75474,1,1,0.63742584,1
75475,1,1,0.99999964,1
75476,1,1,1.0,1
75477,0,0,0.11348131,1
75478,0,0,0.08678673,1
75479,0,0,0.009504083,1
75480,1,1,0.7582422,1
75481,1,0,0.21983956,0
75482,1,0,0.2699025,0
75483,0,1,0.99822825,0
75484,0,1,0.46687597,0
75485,0,0,0.10221505,1
75486,0,0,0.0067058485,1
75487,1,1,1.0,1
75488,0,1,0.5872924,0
75489,1,1,0.86060363,1
75490,0,1,0.57862675,0
75491,0,0,0.31111282,1
75492,1,1,0.997813,1
75493,0,1,0.98486924,0
75494,0,0,0.0030043428,1
75495,0,0,0.2705766,1
75496,1,0,0.0532062,0
75497,0,1,0.9853843,0
75498,0,1,0.99666256,0
75499,1,1,0.5484317,1
75500,1,0,0.049497057,0
75501,0,0,0.15278916,1
75502,0,1,0.4039783,0
75503,0,1,0.99994004,0
75504,1,0,0.014227045,0
75505,1,0,0.3280987,0
75506,1,1,0.9994504,1
75507,0,0,0.10511863,1
75508,0,0,0.03317983,1
75509,1,1,1.0,1
75510,0,0,0.043365803,1
75511,1,1,0.9400236,1
75512,1,1,0.99997616,1
75513,1,1,0.99688244,1
75514,1,1,0.9998287,1
75515,0,0,0.07323097,1
75516,0,1,0.99999404,0
75517,0,1,0.99999523,0
75518,0,0,0.092196204,1
75519,1,1,0.9999895,1
75520,1,1,1.0,1
75521,0,0,0.090253234,1
75522,1,1,0.99999976,1
75523,1,0,0.058830604,0
75524,1,1,0.9995497,1
75525,0,1,0.6561627,0
75526,1,1,0.9999789,1
75527,1,1,1.0,1
75528,0,0,0.29456997,1
75529,1,1,0.59296125,1
75530,1,1,0.9975751,1
75531,0,1,0.75851065,0
75532,0,1,0.99889696,0
75533,0,0,0.20858167,1
75534,0,1,0.6025879,0
75535,0,0,0.032436155,1
75536,0,1,0.87925047,0
75537,1,0,8.3804974e-07,0
75538,0,0,0.07030384,1
75539,1,1,0.9659959,1
75540,1,1,0.98715407,1
75541,0,1,0.35739928,0
75542,0,0,0.091544405,1
75543,1,1,0.99999976,1
75544,0,0,0.01665704,1
75545,1,1,0.8804891,1
75546,1,1,1.0,1
75547,0,0,0.085023046,1
75548,1,0,0.020705253,0
75549,0,1,0.9449947,0
75550,1,0,0.18162581,0
75551,0,1,0.8468312,0
75552,0,1,0.99931884,0
75553,0,0,0.23274586,1
75554,1,1,1.0,1
75555,1,1,0.74307483,1
75556,1,0,0.25767168,0
75557,1,0,0.17709816,0
75558,0,0,0.17441027,1
75559,0,1,0.9999831,0
75560,0,1,0.99433607,0
75561,0,0,0.32156652,1
75562,0,1,0.9996087,0
75563,1,1,0.41644058,1
75564,0,1,0.8388118,0
75565,0,0,0.041075893,1
75566,0,1,0.36009517,0
75567,0,0,0.15354916,1
75568,1,1,0.75851065,1
75569,0,0,0.18899663,1
75570,0,1,0.994089,0
75571,0,0,0.26450083,1
75572,0,0,0.111627996,1
75573,0,0,0.04505753,1
75574,0,0,0.10790661,1
75575,0,1,0.91102153,0
75576,0,0,0.027169233,1
75577,1,1,0.9999999,1
75578,1,1,1.0,1
75579,1,1,0.96472245,1
75580,1,0,0.094594024,0
75581,0,0,0.039638843,1
75582,1,1,0.9999572,1
75583,1,0,0.34416786,0
75584,1,1,0.9947084,1
75585,1,1,1.0,1
75586,1,1,0.8467045,1
75587,0,1,0.40403706,0
75588,1,1,0.95987505,1
75589,0,1,0.9992084,0
75590,1,1,0.65924066,1
75591,0,1,0.8362874,0
75592,0,0,0.062160026,1
75593,1,1,1.0,1
75594,1,1,0.9999995,1
75595,1,1,0.99999654,1
75596,1,1,0.99999285,1
75597,0,1,1.0,0
75598,1,1,0.9999794,1
75599,1,0,0.10221505,0
75600,0,1,0.8022459,0
75601,0,0,0.044931643,1
75602,0,1,0.8609547,0
75603,0,1,0.50231934,0
75604,0,0,0.0275591,1
75605,1,1,0.9999999,1
75606,0,0,0.14069007,1
75607,0,1,0.9763782,0
75608,1,1,1.0,1
75609,0,1,0.9999882,0
75610,0,1,0.9942363,0
75611,1,0,0.29305032,0
75612,0,1,0.9991239,0
75613,1,1,0.93045825,1
75614,0,1,0.7512834,0
75615,1,1,0.9999913,1
75616,0,1,0.9870046,0
75617,1,1,0.99999976,1
75618,0,0,0.29639962,1
75619,1,1,1.0,1
75620,1,1,0.99722075,1
75621,1,1,0.98507166,1
75622,1,1,1.0,1
75623,0,1,0.9997757,0
75624,1,1,0.96329963,1
75625,1,1,0.8508408,1
75626,1,1,1.0,1
75627,1,1,0.9509148,1
75628,0,1,0.38829905,0
75629,0,1,0.9875444,0
75630,0,0,0.023916386,1
75631,0,1,0.95659363,0
75632,0,1,0.90397453,0
75633,0,0,0.06394842,1
75634,1,1,0.9995016,1
75635,0,1,0.8983214,0
75636,1,0,0.34527084,0
75637,0,0,0.11250255,1
75638,1,1,0.9983897,1
75639,1,1,0.8003801,1
75640,0,0,0.083965465,1
75641,1,1,0.9993068,1
75642,1,1,0.99855345,1
75643,0,1,0.9999964,0
75644,0,0,0.05098815,1
75645,0,1,0.6346,0
75646,0,1,0.8620035,0
75647,1,1,1.0,1
75648,1,0,0.30611202,0
75649,1,1,0.40948644,1
75650,0,1,0.5455884,0
75651,1,1,0.6887302,1
75652,0,1,0.36212286,0
75653,1,1,0.99989843,1
75654,0,0,0.15424858,1
75655,1,1,0.9933072,1
75656,1,1,0.99897975,1
75657,0,0,0.039564554,1
75658,1,1,0.9999994,1
75659,1,1,0.7858021,1
75660,1,0,0.16755892,0
75661,1,1,0.99993944,1
75662,1,1,1.0,1
75663,1,1,1.0,1
75664,0,0,0.1588256,1
75665,1,1,0.9596866,1
75666,0,0,0.036631368,1
75667,1,0,0.016090875,0
75668,1,1,0.99999034,1
75669,1,1,1.0,1
75670,0,1,0.7187425,0
75671,0,1,0.99993813,0
75672,1,1,0.9999877,1
75673,1,0,0.0109234555,0
75674,1,1,0.9936241,1
75675,1,1,0.820757,1
75676,1,1,0.9999988,1
75677,1,1,0.63956726,1
75678,0,0,0.13369773,1
75679,1,1,1.0,1
75680,0,0,0.04488975,1
75681,1,1,0.37022537,1
75682,0,0,0.052086018,1
75683,1,0,0.010288301,0
75684,1,1,0.6397923,1
75685,0,0,0.05899303,1
75686,1,1,0.9999995,1
75687,0,1,0.9999994,0
75688,0,1,0.95362186,0
75689,1,1,0.999577,1
75690,1,1,0.9977349,1
75691,1,1,0.9737197,1
75692,1,1,0.99999857,1
75693,1,1,0.99993074,1
75694,0,0,0.22499062,1
75695,1,1,0.45846993,1
75696,1,0,0.14706452,0
75697,0,1,0.5133635,0
75698,1,1,1.0,1
75699,0,0,0.2222778,1
75700,0,0,0.10374862,1
75701,1,1,1.0,1
75702,1,1,0.7490413,1
75703,1,1,0.9999982,1
75704,0,1,0.99366105,0
75705,0,0,0.03293013,1
75706,1,1,0.53181726,1
75707,0,1,0.9999999,0
75708,1,0,0.2934045,0
75709,1,1,0.9995372,1
75710,1,0,0.24880788,0
75711,0,0,0.021165619,1
75712,1,1,0.4776151,1
75713,1,1,0.998147,1
75714,1,1,0.9999999,1
75715,0,0,0.11976799,1
75716,0,1,0.9879695,0
75717,1,1,0.7930258,1
75718,0,1,0.99683964,0
75719,1,1,0.99987364,1
75720,1,1,0.97794676,1
75721,0,0,0.31001508,1
75722,0,1,0.98164797,0
75723,1,1,0.9769568,1
75724,0,0,0.15418488,1
75725,1,1,1.0,1
75726,1,1,0.57451415,1
75727,1,1,0.9982893,1
75728,1,1,1.0,1
75729,1,0,0.06383161,0
75730,1,1,0.99999857,1
75731,1,1,1.0,1
75732,1,1,0.9579909,1
75733,1,1,0.9901972,1
75734,1,1,1.0,1
75735,0,0,0.042206,1
75736,1,1,0.99988365,1
75737,0,0,0.048767094,1
75738,0,0,0.044389986,1
75739,1,1,0.98926485,1
75740,1,1,0.384161,1
75741,0,1,0.9999999,0
75742,0,0,0.04073109,1
75743,1,1,0.99993074,1
75744,1,1,0.9999999,1
75745,0,0,0.16694687,1
75746,1,0,0.03471688,0
75747,1,0,0.14560063,0
75748,0,1,0.9997677,0
75749,1,1,0.99993443,1
75750,1,1,0.9983386,1
75751,1,1,0.99987364,1
75752,0,0,0.04455598,1
75753,1,1,0.8800775,1
75754,1,1,0.99580115,1
75755,0,1,1.0,0
75756,0,1,0.99499834,0
75757,1,1,0.66197747,1
75758,1,1,1.0,1
75759,0,1,0.9675638,0
75760,1,0,0.26284182,0
75761,1,1,0.5104965,1
75762,0,1,0.9989956,0
75763,1,1,1.0,1
75764,1,0,0.0728343,0
75765,0,0,0.07921033,1
75766,0,1,0.5669778,0
75767,1,1,1.0,1
75768,1,0,0.0019342613,0
75769,1,0,0.17660058,0
75770,1,1,0.9379537,1
75771,0,1,0.57648236,0
75772,0,0,0.0012303583,1
75773,0,0,0.054198727,1
75774,0,1,0.7841538,0
75775,1,1,0.9999609,1
75776,0,0,0.21255875,1
75777,1,1,0.99999464,1
75778,1,1,1.0,1
75779,1,1,1.0,1
75780,1,1,1.0,1
75781,1,1,0.9998585,1
75782,1,1,0.9999987,1
75783,0,1,0.89199936,0
75784,0,1,0.9999931,0
75785,0,1,1.0,0
75786,1,0,0.3195459,0
75787,1,0,0.2216875,0
75788,1,1,0.9999987,1
75789,1,1,0.99998844,1
75790,0,1,0.99917525,0
75791,1,0,0.2830872,0
75792,0,1,0.5189728,0
75793,0,1,0.99094474,0
75794,0,0,0.08694165,1
75795,1,1,1.0,1
75796,1,1,0.95296955,1
75797,1,1,0.99991655,1
75798,0,0,0.23326942,1
75799,0,1,0.8512122,0
75800,1,0,0.018707229,0
75801,0,1,0.9915707,0
75802,1,1,0.9926542,1
75803,0,1,0.878627,0
75804,0,0,0.10913479,1
75805,1,1,1.0,1
75806,1,1,0.9960776,1
75807,1,1,0.9874721,1
75808,0,1,0.7482603,0
75809,1,1,1.0,1
75810,1,1,0.99999905,1
75811,1,1,0.9999949,1
75812,1,1,1.0,1
75813,1,1,0.9991817,1
75814,0,0,0.12973315,1
75815,0,1,0.3705385,0
75816,1,1,0.82104415,1
75817,1,0,0.14971778,0
75818,1,1,0.9455505,1
75819,1,1,0.9999094,1
75820,1,0,0.03839402,0
75821,0,0,0.098772585,1
75822,1,1,0.99977833,1
75823,1,1,0.99999917,1
75824,1,1,0.99953353,1
75825,1,0,0.052570295,0
75826,1,1,1.0,1
75827,0,0,0.24535614,1
75828,0,0,0.21370518,1
75829,1,0,0.008235631,0
75830,1,1,0.9434519,1
75831,1,1,1.0,1
75832,0,0,0.20890425,1
75833,1,1,0.98803884,1
75834,1,1,0.53722346,1
75835,0,1,0.9998827,0
75836,1,1,0.86860406,1
75837,1,1,0.98331094,1
75838,0,1,0.5690745,0
75839,1,1,1.0,1
75840,1,1,0.8728902,1
75841,0,0,0.11853807,1
75842,1,1,1.0,1
75843,1,1,1.0,1
75844,1,1,0.9998859,1
75845,0,0,0.3414727,1
75846,1,1,0.99999976,1
75847,1,1,0.9999988,1
75848,1,0,0.31278965,0
75849,1,0,0.14823206,0
75850,0,1,0.99963236,0
75851,1,1,0.66589963,1
75852,1,1,0.9958901,1
75853,1,1,0.38277572,1
75854,1,1,0.9893063,1
75855,0,0,0.12624557,1
75856,1,0,0.12028373,0
75857,1,1,0.99999416,1
75858,1,1,0.89302987,1
75859,1,0,0.05098815,0
75860,0,1,0.9754135,0
75861,1,1,0.99821776,1
75862,1,1,0.8010035,1
75863,0,0,0.11308892,1
75864,1,1,0.99977213,1
75865,0,1,0.967132,0
75866,0,1,0.9996983,0
75867,0,0,0.29941237,1
75868,1,1,0.999974,1
75869,0,0,0.02215887,1
75870,0,0,0.13381088,1
75871,0,0,0.048181534,1
75872,0,0,0.18082884,1
75873,0,0,0.20315367,1
75874,1,1,0.99999976,1
75875,1,1,0.62240195,1
75876,0,1,0.9991491,0
75877,1,1,0.72898954,1
75878,1,1,1.0,1
75879,1,1,0.9885804,1
75880,1,1,0.9998795,1
75881,0,0,0.18025091,1
75882,0,0,0.051941562,1
75883,0,0,0.23161423,1
75884,1,0,0.04569203,0
75885,1,1,1.0,1
75886,1,1,0.99990606,1
75887,0,0,0.23651622,1
75888,1,1,0.8709269,1
75889,1,1,0.9617499,1
75890,0,1,0.9879462,0
75891,1,1,0.9980994,1
75892,1,1,0.9999993,1
75893,1,1,1.0,1
75894,0,1,0.9994956,0
75895,0,0,0.25753158,1
75896,1,1,0.8653379,1
75897,1,1,0.9998776,1
75898,1,1,1.0,1
75899,0,0,0.18330103,1
75900,1,1,0.99984944,1
75901,1,1,0.99998903,1
75902,1,1,0.9994461,1
75903,1,1,0.98888505,1
75904,1,1,0.8769508,1
75905,1,1,1.0,1
75906,1,1,0.9990434,1
75907,0,1,0.92000264,0
75908,1,1,0.99719906,1
75909,1,1,0.9990226,1
75910,0,0,0.050004896,1
75911,0,1,0.9996686,0
75912,0,0,0.088425905,1
75913,0,1,0.93189764,0
75914,0,1,0.6603367,0
75915,0,1,0.37627926,0
75916,0,1,0.9999145,0
75917,1,1,1.0,1
75918,1,1,1.0,1
75919,1,1,0.98466414,1
75920,0,0,0.13840355,1
75921,1,1,0.8204695,1
75922,0,0,0.07992553,1
75923,0,0,0.040769264,1
75924,0,1,0.86838096,0
75925,1,1,0.9997029,1
75926,0,0,0.10800066,1
75927,1,1,0.9999908,1
75928,1,0,0.009002837,0
75929,0,1,0.9651191,0
75930,1,0,0.058560826,0
75931,0,1,0.9905874,0
75932,1,1,0.9657707,1
75933,1,0,0.024609927,0
75934,0,0,0.0011513996,1
75935,0,1,0.606848,0
75936,0,0,0.13341522,1
75937,0,1,0.85427785,0
75938,0,1,0.9999565,0
75939,0,1,0.98164797,0
75940,1,1,0.9858549,1
75941,0,1,0.99999845,0
75942,1,1,1.0,1
75943,1,1,0.9954791,1
75944,0,0,0.27299255,1
75945,0,1,0.8465777,0
75946,1,1,1.0,1
75947,1,0,0.03038675,0
75948,1,1,0.52268946,1
75949,0,0,0.20769641,1
75950,1,1,1.0,1
75951,1,1,0.70063883,1
75952,1,0,0.23863891,0
75953,1,1,1.0,1
75954,1,1,0.9991066,1
75955,1,0,0.33187717,0
75956,0,1,0.8548847,0
75957,0,0,0.27629983,1
75958,1,1,0.96606,1
75959,0,1,0.999879,0
75960,0,1,0.62983155,0
75961,1,1,0.9996886,1
75962,1,1,0.57164705,1
75963,0,1,0.43734282,0
75964,0,0,0.094594024,1
75965,0,0,0.12912793,1
75966,1,0,0.048496004,0
75967,1,0,0.18484107,0
75968,1,1,1.0,1
75969,1,1,0.9959771,1
75970,1,1,0.9999999,1
75971,1,1,0.72189033,1
75972,0,1,0.98303634,0
75973,0,0,0.20362833,1
75974,0,1,0.9928231,0
75975,0,0,0.124798484,1
75976,1,1,1.0,1
75977,1,0,0.048721813,0
75978,0,1,0.8338664,0
75979,1,0,0.18543036,0
75980,1,0,0.06014182,0
75981,1,1,0.9947187,1
75982,0,1,0.5633179,0
75983,1,0,0.056288198,0
75984,0,1,1.0,0
75985,0,1,0.7759446,0
75986,0,0,0.111724876,1
75987,1,1,0.9999999,1
75988,0,1,0.9409528,0
75989,0,0,0.0269635,1
75990,0,1,0.9694112,0
75991,1,1,0.99995995,1
75992,1,1,0.9653158,1
75993,1,1,1.0,1
75994,0,1,0.9300146,0
75995,0,0,0.10374862,1
75996,0,1,0.61364174,0
75997,1,0,0.15178062,0
75998,0,1,0.5806493,0
75999,0,1,0.9885804,0
76000,0,1,0.8954313,0
76001,0,0,0.17953056,1
76002,1,1,1.0,1
76003,1,1,1.0,1
76004,0,1,0.97726256,0
76005,0,0,0.010776726,1
76006,1,1,0.9964204,1
76007,1,1,0.9896918,1
76008,0,0,0.20386599,1
76009,1,1,0.9999924,1
76010,0,1,0.500122,0
76011,0,0,0.0055982484,1
76012,1,1,1.0,1
76013,1,1,0.6846331,1
76014,1,1,0.999433,1
76015,0,0,0.24908175,1
76016,0,0,0.18425323,1
76017,1,1,0.98803884,1
76018,0,0,0.10087861,1
76019,0,0,0.26903743,1
76020,1,0,0.061255362,0
76021,1,1,0.6121358,1
76022,1,1,0.996682,1
76023,0,0,0.07517641,1
76024,0,0,0.053058814,1
76025,0,0,0.05374995,1
76026,0,0,0.18832397,1
76027,1,1,0.9859634,1
76028,1,0,0.09033343,0
76029,1,1,1.0,1
76030,1,1,0.99999845,1
76031,0,0,0.017078074,1
76032,0,0,0.017309094,1
76033,0,1,1.0,0
76034,1,1,1.0,1
76035,0,1,0.86165464,0
76036,1,1,0.9999999,1
76037,0,1,0.7314904,0
76038,1,1,0.35644665,1
76039,1,1,0.99965405,1
76040,0,1,0.9038049,0
76041,1,1,0.6430491,1
76042,0,0,0.1939858,1
76043,0,1,0.7839885,0
76044,1,1,0.96691406,1
76045,0,0,0.17589168,1
76046,0,0,0.006475691,1
76047,1,0,0.050283972,0
76048,1,1,0.93738294,1
76049,0,0,0.09001297,1
76050,1,1,0.9609151,1
76051,1,1,0.5897754,1
76052,1,1,0.9975986,1
76053,1,1,0.9314002,1
76054,1,1,0.8993868,1
76055,0,1,0.99968314,0
76056,1,1,0.9592307,1
76057,1,0,0.07800791,0
76058,1,1,0.4015998,1
76059,1,1,0.4459819,1
76060,0,0,0.014587567,1
76061,1,1,0.42820352,1
76062,0,1,0.99374664,0
76063,1,1,0.68124986,1
76064,1,0,0.12506539,0
76065,1,1,0.7118818,1
76066,1,0,0.021948252,0
76067,0,1,0.6801886,0
76068,0,0,0.03521114,1
76069,1,1,0.99999845,1
76070,0,0,0.11747085,1
76071,1,1,0.99759394,1
76072,0,0,0.30996284,1
76073,1,1,0.9147487,1
76074,0,1,0.9718593,0
76075,1,1,1.0,1
76076,0,1,0.81844676,0
76077,0,0,0.027169233,1
76078,0,0,0.12262824,1
76079,1,1,1.0,1
76080,0,0,0.026280278,1
76081,1,1,0.98801583,1
76082,1,1,1.0,1
76083,1,1,0.99991107,1
76084,1,1,0.9486801,1
76085,1,1,0.9999999,1
76086,1,1,0.969985,1
76087,1,1,0.99985516,1
76088,0,1,0.99999976,0
76089,1,1,0.69693893,1
76090,0,0,0.13857834,1
76091,1,1,0.99532723,1
76092,0,1,0.9999982,0
76093,0,1,0.5454673,0
76094,1,1,0.7424217,1
76095,1,1,0.99999845,1
76096,1,1,0.993807,1
76097,1,1,0.97311324,1
76098,1,1,1.0,1
76099,1,0,0.27659285,0
76100,0,0,0.10484337,1
76101,1,1,0.677314,1
76102,1,1,0.36460784,1
76103,0,1,0.99711037,0
76104,1,1,0.9830526,1
76105,1,1,0.4631407,1
76106,0,0,0.040464837,1
76107,1,1,1.0,1
76108,1,0,0.06330841,0
76109,1,1,0.9407897,1
76110,1,1,0.99384296,1
76111,1,1,0.64484036,1
76112,0,0,0.028707078,1
76113,0,0,0.031499382,1
76114,0,0,0.0763388,1
76115,0,1,0.8749346,0
76116,0,0,0.012821213,1
76117,0,0,0.18155324,1
76118,1,1,1.0,1
76119,1,0,0.09484525,0
76120,0,1,0.99935,0
76121,1,1,0.9992563,1
76122,1,1,0.99999976,1
76123,0,0,0.31896228,1
76124,0,0,0.20505732,1
76125,1,1,0.98518616,1
76126,1,1,0.99999785,1
76127,0,1,0.999995,0
76128,0,1,0.99984705,0
76129,1,0,0.16871993,0
76130,1,1,0.46025857,1
76131,1,0,0.17809658,0
76132,1,1,0.99989927,1
76133,1,1,1.0,1
76134,0,1,0.83128005,0
76135,1,1,0.42847252,1
76136,0,1,0.7844016,0
76137,0,1,0.48498988,0
76138,0,0,0.1552705,1
76139,0,1,0.66164964,0
76140,0,0,0.11486404,1
76141,1,1,0.99996233,1
76142,0,1,0.7092709,0
76143,0,1,0.9999012,0
76144,1,1,0.99393785,1
76145,0,1,0.9421352,0
76146,1,1,0.9375548,1
76147,0,1,0.35108855,0
76148,1,0,0.28962278,0
76149,0,1,0.45426032,0
76150,0,0,0.035644967,1
76151,0,1,0.9987816,0
76152,1,0,0.12106091,0
76153,1,1,0.80069196,1
76154,1,1,0.8710367,1
76155,1,1,1.0,1
76156,1,0,0.041384716,0
76157,0,1,0.741674,0
76158,0,0,0.075721376,1
76159,1,1,0.9999987,1
76160,0,0,0.064830884,1
76161,0,1,0.95691687,0
76162,0,1,0.99990606,0
76163,0,1,0.99952066,0
76164,0,0,0.0091787735,1
76165,1,1,0.999884,1
76166,0,1,0.54897577,0
76167,1,1,0.99608517,1
76168,0,0,0.06250249,1
76169,1,1,1.0,1
76170,1,0,0.035244327,0
76171,1,1,0.9999988,1
76172,1,1,0.999433,1
76173,1,1,0.99999714,1
76174,0,1,1.0,0
76175,1,1,0.95013416,1
76176,1,1,0.99932814,1
76177,0,0,0.24926446,1
76178,0,1,0.62874943,0
76179,0,0,0.025883388,1
76180,1,1,0.9994735,1
76181,0,0,0.09560247,1
76182,1,1,0.99300176,1
76183,0,1,0.9741658,0
76184,1,0,0.06278921,0
76185,1,1,0.99994457,1
76186,0,0,0.03821415,1
76187,1,1,0.9715909,1
76188,0,0,0.103250265,1
76189,0,1,0.99978846,0
76190,1,1,0.9570777,1
76191,1,0,0.10516458,0
76192,1,1,0.9723097,1
76193,1,0,0.046464663,0
76194,1,1,0.9999989,1
76195,1,1,0.9999975,1
76196,0,0,0.1534857,1
76197,0,0,0.027690258,1
76198,1,1,0.994089,1
76199,0,1,1.0,0
76200,1,1,0.6313102,1
76201,0,0,0.30507585,1
76202,0,0,0.29589072,1
76203,0,1,0.57128835,0
76204,0,1,0.97624266,0
76205,0,0,0.0672398,1
76206,0,0,0.00795339,1
76207,0,1,0.99966526,0
76208,1,1,0.9999989,1
76209,1,0,0.08471965,0
76210,1,1,0.818011,1
76211,0,1,0.9056566,0
76212,0,1,0.99999857,0
76213,1,1,0.99952066,1
76214,0,1,0.9670699,0
76215,1,1,0.63686144,1
76216,1,1,0.99839586,1
76217,1,1,0.9320833,1
76218,1,1,0.969814,1
76219,1,1,1.0,1
76220,1,0,0.3227394,0
76221,0,1,0.85729086,0
76222,0,0,0.12576161,1
76223,1,1,0.99999416,1
76224,0,0,0.08130065,1
76225,1,1,0.9999995,1
76226,0,1,1.0,0
76227,1,1,0.73937535,1
76228,1,1,0.9999993,1
76229,1,1,0.49054068,1
76230,1,1,0.999539,1
76231,1,1,0.54897577,1
76232,0,1,0.96395,0
76233,1,1,0.4762143,1
76234,0,1,0.44492647,0
76235,1,0,0.11114469,0
76236,0,1,0.962356,0
76237,1,1,0.82976806,1
76238,1,0,0.121008955,0
76239,1,1,0.99999774,1
76240,0,0,0.13268304,1
76241,0,1,0.7635719,0
76242,1,1,0.5573635,1
76243,1,0,0.15297888,0
76244,1,1,0.99381906,1
76245,0,1,0.92043275,0
76246,0,0,0.050846573,1
76247,0,1,0.80639565,0
76248,1,0,0.10221505,0
76249,0,1,1.0,0
76250,0,1,1.0,0
76251,1,0,0.0606962,0
76252,1,1,0.8217605,1
76253,0,1,0.9659639,0
76254,1,1,1.0,1
76255,0,1,0.62377805,0
76256,1,1,1.0,1
76257,1,1,0.9986436,1
76258,1,1,0.999905,1
76259,0,0,0.19012183,1
76260,1,1,1.0,1
76261,1,1,0.68789214,1
76262,1,1,1.0,1
76263,1,1,0.999866,1
76264,0,0,0.010448626,1
76265,0,1,0.3667598,0
76266,0,1,0.725843,0
76267,0,0,0.07113817,1
76268,1,1,1.0,1
76269,1,1,0.93115014,1
76270,1,1,0.99849594,1
76271,1,1,0.9913223,1
76272,1,0,0.073430054,0
76273,1,1,0.97573924,1
76274,1,1,0.97885466,1
76275,1,1,0.41001785,1
76276,1,1,0.9999995,1
76277,1,1,1.0,1
76278,0,0,0.12226098,1
76279,0,0,0.18728127,1
76280,1,1,0.4085127,1
76281,1,0,0.3081382,0
76282,0,1,0.99342304,0
76283,0,0,0.029367853,1
76284,1,1,1.0,1
76285,0,0,0.29690903,1
76286,1,1,1.0,1
76287,0,0,0.108283214,1
76288,0,0,0.050846573,1
76289,1,1,0.9999958,1
76290,1,0,0.17866908,0
76291,1,1,0.7317301,1
76292,1,1,0.8879841,1
76293,1,1,0.8101787,1
76294,0,0,0.24274376,1
76295,0,0,0.078571655,1
76296,1,1,0.84221536,1
76297,1,1,0.43380153,1
76298,0,1,0.78695047,0
76299,1,1,0.90998703,1
76300,1,1,0.9423477,1
76301,1,1,0.9995453,1
76302,1,1,0.99999464,1
76303,1,1,1.0,1
76304,0,0,0.032344334,1
76305,0,1,0.99999905,0
76306,1,0,0.13161905,0
76307,0,1,0.5887709,0
76308,0,1,0.9968702,0
76309,1,1,1.0,1
76310,0,0,0.08064662,1
76311,1,1,0.99999964,1
76312,1,1,0.9869292,1
76313,0,0,0.13398075,1
76314,1,1,0.7160201,1
76315,0,1,0.91436726,0
76316,0,1,0.592195,0
76317,1,1,0.99974185,1
76318,1,1,0.9217811,1
76319,1,1,1.0,1
76320,0,1,0.63934207,0
76321,0,0,0.34964374,1
76322,0,0,0.028980628,1
76323,1,1,0.9999968,1
76324,0,0,0.12549345,1
76325,0,0,0.20063598,1
76326,1,1,1.0,1
76327,1,1,0.9999963,1
76328,1,1,0.8348113,1
76329,1,1,0.99884856,1
76330,1,0,0.22979435,0
76331,0,1,0.5873515,0
76332,0,1,0.8609547,0
76333,1,1,0.97925514,1
76334,1,1,0.99999416,1
76335,1,1,0.9999999,1
76336,1,1,0.6539561,1
76337,1,1,0.99680245,1
76338,1,1,1.0,1
76339,0,1,0.9995851,0
76340,1,1,1.0,1
76341,1,1,1.0,1
76342,0,1,0.95803016,0
76343,0,0,0.01877907,1
76344,0,0,0.10576342,1
76345,0,1,0.94509614,0
76346,1,1,1.0,1
76347,1,0,0.024122424,0
76348,0,1,0.95695716,0
76349,1,1,0.79881525,1
76350,0,0,0.29746994,1
76351,1,1,0.77149934,1
76352,0,0,0.0123360995,1
76353,1,1,1.0,1
76354,0,1,0.99998426,0
76355,0,1,0.8529355,0
76356,1,1,0.962462,1
76357,0,1,0.7940658,0
76358,1,1,1.0,1
76359,1,0,0.34139034,0
76360,0,1,0.49826053,0
76361,1,0,0.12765263,0
76362,1,1,0.9999999,1
76363,1,1,1.0,1
76364,1,0,0.054399315,0
76365,1,1,1.0,1
76366,0,0,0.090092994,1
76367,0,0,0.26779094,1
76368,1,1,0.99999964,1
76369,0,1,0.39609736,0
76370,1,1,0.99998796,1
76371,1,1,0.99999225,1
76372,1,1,0.9773924,1
76373,1,1,0.9999999,1
76374,0,0,0.10279903,1
76375,1,0,0.33676717,0
76376,0,1,0.99603915,0
76377,1,1,1.0,1
76378,0,0,0.13139598,1
76379,1,1,0.9953904,1
76380,1,1,1.0,1
76381,1,1,0.9999969,1
76382,1,1,1.0,1
76383,0,0,0.16344544,1
76384,1,1,0.99883276,1
76385,0,1,0.62789416,0
76386,1,1,0.40792292,1
76387,1,1,1.0,1
76388,1,1,0.9850429,1
76389,0,1,0.47542265,0
76390,0,0,0.32407495,1
76391,1,1,1.0,1
76392,1,1,0.9551939,1
76393,1,1,0.9999989,1
76394,0,1,0.9998623,0
76395,1,1,1.0,1
76396,1,1,0.9883802,1
76397,1,1,0.6307418,1
76398,0,0,0.09833879,1
76399,1,1,0.9301416,1
76400,0,1,0.9621432,0
76401,1,1,1.0,1
76402,1,1,0.9932288,1
76403,0,1,0.7479843,0
76404,1,0,0.24068536,0
76405,0,1,0.99937004,0
76406,1,1,0.44031885,1
76407,0,1,0.38153633,0
76408,1,1,0.9960622,1
76409,1,0,0.024145423,0
76410,1,1,0.9994937,1
76411,0,0,0.10150035,1
76412,0,1,0.9955835,0
76413,0,1,0.5228722,0
76414,1,0,0.34609917,0
76415,0,0,0.14493375,1
76416,1,0,0.23109324,0
76417,1,0,0.16871993,0
76418,0,0,0.24789639,1
76419,0,0,0.043854564,1
76420,0,1,0.4288911,0
76421,0,1,0.6582527,0
76422,1,1,1.0,1
76423,0,0,0.010288301,1
76424,0,1,0.5969619,0
76425,1,1,0.4288911,1
76426,1,1,0.99485034,1
76427,0,0,0.064065434,1
76428,1,1,0.9999988,1
76429,1,1,0.99999523,1
76430,0,1,0.77415687,0
76431,0,0,0.11114469,1
76432,1,1,1.0,1
76433,0,1,0.87536144,0
76434,1,1,0.44821492,1
76435,1,1,1.0,1
76436,0,0,0.056600258,1
76437,0,0,0.008030813,1
76438,1,1,1.0,1
76439,0,1,0.7979507,0
76440,1,1,0.9996338,1
76441,1,1,1.0,1
76442,1,1,0.99996424,1
76443,0,1,0.5676371,0
76444,0,1,0.676887,0
76445,0,1,0.75319445,0
76446,1,1,0.7876047,1
76447,0,1,1.0,0
76448,1,1,0.9822366,1
76449,1,1,0.40913224,1
76450,1,0,0.093181714,0
76451,1,1,0.9999856,1
76452,0,1,0.9604726,0
76453,0,0,0.05797139,1
76454,0,1,0.9999871,0
76455,1,0,0.26846167,0
76456,1,0,0.021677375,0
76457,1,1,0.70715195,1
76458,1,0,0.10530251,0
76459,1,0,0.28071496,0
76460,0,1,0.8697146,0
76461,0,0,0.034848027,1
76462,1,1,0.45765176,1
76463,1,0,0.11426965,0
76464,1,1,0.99989283,1
76465,0,0,0.03213106,1
76466,0,0,0.28397995,1
76467,0,0,0.18111832,1
76468,0,0,0.07821887,1
76469,1,1,1.0,1
76470,0,1,0.6323325,0
76471,0,0,0.10999224,1
76472,1,0,0.029228985,0
76473,0,0,0.14718705,1
76474,1,0,0.29528072,0
76475,1,1,0.94994867,1
76476,0,0,0.1625129,1
76477,0,0,0.017848738,1
76478,1,1,0.9892855,1
76479,0,1,0.9993525,0
76480,1,1,0.49731448,1
76481,0,0,0.049865905,1
76482,1,1,0.9970765,1
76483,0,1,0.9771756,0
76484,0,1,0.54691964,0
76485,1,1,0.99999976,1
76486,1,0,0.086400524,0
76487,1,0,0.031291503,0
76488,0,1,0.99458355,0
76489,0,1,0.9111007,0
76490,1,1,0.88453895,1
76491,0,1,0.9999962,0
76492,0,1,0.69693893,0
76493,0,1,0.80069196,0
76494,1,0,0.121320926,0
76495,0,0,0.31320965,1
76496,1,1,0.6402423,1
76497,1,1,1.0,1
76498,0,0,0.33693078,1
76499,1,1,0.9906419,1
76500,0,0,0.10079008,1
76501,1,0,0.21255875,0
76502,1,1,0.9999987,1
76503,1,1,0.9980732,1
76504,0,1,0.4929814,0
76505,1,0,0.020488555,0
76506,0,1,0.9382373,0
76507,1,1,0.99047756,1
76508,1,1,1.0,1
76509,1,1,0.99837697,1
76510,1,1,0.9666631,1
76511,1,1,1.0,1
76512,1,1,0.967256,1
76513,0,1,0.65781325,0
76514,1,1,0.9990656,1
76515,1,0,0.12814279,0
76516,1,1,1.0,1
76517,1,0,0.16968088,0
76518,0,0,0.051415116,1
76519,0,0,0.09476145,1
76520,0,0,0.13968952,1
76521,0,0,0.083515875,1
76522,1,1,0.9998191,1
76523,0,1,0.6449522,0
76524,0,1,0.35863382,0
76525,1,1,0.9999999,1
76526,0,0,0.06512755,1
76527,1,1,1.0,1
76528,1,1,0.9349319,1
76529,1,1,0.5274991,1
76530,1,1,1.0,1
76531,1,1,1.0,1
76532,0,0,0.060086653,1
76533,0,0,0.1744806,1
76534,0,0,0.05770532,1
76535,0,0,0.16830944,1
76536,1,1,0.79581684,1
76537,1,1,0.76260096,1
76538,1,1,0.97953105,1
76539,0,1,0.6585822,0
76540,1,1,0.4813319,1
76541,0,1,1.0,0
76542,1,1,0.99988854,1
76543,0,1,0.53382283,0
76544,1,1,0.9989718,1
76545,1,0,0.05644403,0
76546,0,1,0.60690624,0
76547,0,0,0.3022881,1
76548,1,1,0.9999974,1
76549,0,1,0.989368,0
76550,0,0,0.11367794,1
76551,1,1,1.0,1
76552,1,1,1.0,1
76553,0,0,0.06878729,1
76554,0,1,0.9933589,0
76555,1,1,0.92879725,1
76556,1,1,0.9948303,1
76557,1,1,0.9999305,1
76558,1,1,0.99999547,1
76559,1,1,0.7567173,1
76560,0,0,0.041384716,1
76561,1,0,0.04733772,0
76562,1,1,0.9999999,1
76563,1,1,1.0,1
76564,0,1,0.8520759,0
76565,0,1,1.0,0
76566,0,1,0.9784877,0
76567,1,1,0.99952805,1
76568,0,1,0.92729753,0
76569,0,0,0.1201288,1
76570,1,1,0.8030194,1
76571,0,1,0.9999976,0
76572,0,0,0.32782966,1
76573,1,1,0.7690802,1
76574,1,0,0.16995622,0
76575,1,0,0.06058495,0
76576,1,1,0.99780446,1
76577,1,1,0.94224155,1
76578,0,1,0.9836285,0
76579,1,0,0.11417084,0
76580,1,1,0.682415,1
76581,1,0,0.05033063,0
76582,1,1,0.5599519,1
76583,1,1,1.0,1
76584,1,0,0.24463357,0
76585,0,0,0.069604956,1
76586,1,0,0.026581828,0
76587,1,1,0.9729081,1
76588,0,1,0.46323177,0
76589,1,1,0.99986756,1
76590,0,0,0.24193686,1
76591,0,0,0.12252321,1
76592,0,1,0.9957353,0
76593,0,1,0.6022955,0
76594,0,1,0.38127714,0
76595,0,0,0.21206881,1
76596,1,0,0.32130027,0
76597,0,1,0.6716321,0
76598,1,1,0.9995092,1
76599,1,1,0.99957114,1
76600,1,1,0.9982109,1
76601,1,1,0.9992519,1
76602,0,0,0.09260568,1
76603,1,0,0.0043823365,0
76604,0,1,0.91046584,0
76605,1,1,0.9114165,1
76606,1,1,1.0,1
76607,1,1,0.98260766,1
76608,0,0,0.31205544,1
76609,1,1,1.0,1
76610,0,0,0.004663655,1
76611,1,1,0.9731898,1
76612,0,0,0.010735163,1
76613,1,1,0.9999665,1
76614,1,1,0.99990463,1
76615,1,0,0.15052764,0
76616,1,0,0.05198967,0
76617,1,1,0.9976993,1
76618,0,0,0.29088014,1
76619,1,0,0.13805456,0
76620,1,1,0.8136089,1
76621,0,1,0.9997459,0
76622,1,1,0.9999995,1
76623,1,1,0.82796735,1
76624,1,0,0.010308209,0
76625,0,0,0.25293726,1
76626,1,1,1.0,1
76627,0,1,0.45429054,0
76628,1,1,0.9973008,1
76629,0,1,0.78208053,0
76630,1,1,0.9991013,1
76631,1,0,0.15203224,0
76632,0,0,0.105486654,1
76633,1,1,0.84286314,1
76634,0,1,0.97513086,0
76635,0,1,0.99991846,0
76636,0,1,0.99999964,0
76637,0,1,0.9433998,0
76638,1,1,0.9994622,1
76639,1,1,0.9999988,1
76640,0,0,0.28611937,1
76641,0,0,0.1454185,1
76642,1,1,1.0,1
76643,1,0,0.0014437557,0
76644,0,1,0.9907141,0
76645,0,1,0.9999994,0
76646,1,1,0.99932945,1
76647,1,1,0.38583735,1
76648,1,1,0.9994116,1
76649,0,0,0.05165378,1
76650,1,1,0.74172074,1
76651,1,1,1.0,1
76652,1,1,0.9152803,1
76653,0,1,0.9570375,0
76654,1,1,0.9159594,1
76655,1,0,0.09484525,0
76656,1,1,0.9936241,1
76657,0,1,0.99999654,0
76658,0,0,0.071396716,1
76659,1,1,1.0,1
76660,1,1,0.8680457,1
76661,1,1,0.9997181,1
76662,1,1,0.9829874,1
76663,0,1,0.98481095,0
76664,0,0,0.074164286,1
76665,1,1,0.8625833,1
76666,1,1,1.0,1
76667,0,1,0.40224537,0
76668,1,1,0.57170683,1
76669,0,0,0.26507115,1
76670,1,1,0.99576014,1
76671,1,1,0.99999106,1
76672,1,1,0.5181805,1
76673,0,0,0.029958112,1
76674,1,0,0.039564554,0
76675,0,1,0.96995664,0
76676,1,1,1.0,1
76677,1,1,0.87568074,1
76678,0,0,0.012100385,1
76679,0,0,0.007968815,1
76680,1,1,0.7187425,1
76681,1,1,0.9988927,1
76682,1,1,0.9999999,1
76683,1,1,0.9999999,1
76684,1,1,0.99999976,1
76685,0,1,0.9995703,0
76686,1,1,0.9999995,1
76687,0,1,0.99686414,0
76688,0,1,0.7205158,0
76689,1,1,0.9999999,1
76690,0,1,0.97366965,0
76691,0,1,0.99999225,0
76692,1,0,0.16491956,0
76693,1,1,0.9999521,1
76694,0,1,0.8589554,0
76695,1,1,1.0,1
76696,1,1,0.99994147,1
76697,1,1,1.0,1
76698,1,1,0.9999969,1
76699,1,1,0.9999374,1
76700,0,0,0.32493117,1
76701,0,0,0.18198897,1
76702,1,1,0.9999982,1
76703,1,1,0.99996495,1
76704,0,0,0.12137298,1
76705,1,1,0.93451476,1
76706,1,0,0.17781086,0
76707,0,0,0.24467869,1
76708,1,1,0.99971205,1
76709,0,1,0.9999999,0
76710,1,1,0.9801103,1
76711,1,1,0.36639133,1
76712,0,0,0.039305612,1
76713,0,0,0.19436781,1
76714,1,1,0.9989267,1
76715,0,0,0.11736965,1
76716,1,0,0.25302953,0
76717,1,1,0.9999989,1
76718,1,1,0.99994993,1
76719,1,0,0.17688479,0
76720,1,0,0.032466814,0
76721,0,0,0.18111832,1
76722,1,1,0.99999917,1
76723,0,0,0.05394898,1
76724,1,1,0.99997306,1
76725,0,1,0.9999999,0
76726,1,1,0.9702681,1
76727,0,1,0.9999994,0
76728,1,1,0.9982522,1
76729,0,1,0.99999905,0
76730,1,1,0.9999988,1
76731,1,1,0.991339,1
76732,0,1,0.99998,0
76733,0,1,0.4256649,0
76734,0,1,0.99992657,0
76735,0,0,0.18432663,1
76736,1,0,0.045479592,0
76737,0,0,0.26322043,1
76738,0,0,0.23300752,1
76739,0,0,0.20016654,1
76740,1,1,0.9999988,1
76741,0,1,0.9999833,0
76742,0,0,0.08064662,1
76743,0,0,0.18847331,1
76744,1,1,0.9657061,1
76745,1,1,1.0,1
76746,1,1,0.99999964,1
76747,1,1,0.78099674,1
76748,1,0,0.12874407,0
76749,1,1,0.46575192,1
76750,1,1,0.9849563,1
76751,1,1,0.9999145,1
76752,0,1,0.9164094,0
76753,1,1,0.99987805,1
76754,1,1,0.91964257,1
76755,0,1,0.83642095,0
76756,0,1,0.99994755,0
76757,0,0,0.13184245,1
76758,1,1,0.97773504,1
76759,1,1,0.99999964,1
76760,1,0,0.05033063,0
76761,1,1,0.9999981,1
76762,1,1,0.9998036,1
76763,0,1,1.0,0
76764,1,1,0.69113266,1
76765,1,1,1.0,1
76766,1,1,0.9953815,1
76767,0,1,0.36920136,0
76768,1,0,0.15046519,0
76769,1,1,0.9952448,1
76770,0,0,0.05345272,1
76771,0,0,0.059921406,1
76772,1,1,0.9592689,1
76773,0,0,0.25109637,1
76774,0,1,0.35482422,0
76775,0,0,0.09484525,1
76776,1,1,0.9981863,1
76777,1,0,0.04268228,0
76778,0,0,0.13358468,1
76779,1,1,0.7217922,1
76780,1,1,0.9999031,1
76781,1,1,0.99609274,1
76782,0,1,0.6316511,0
76783,0,1,0.70634234,0
76784,0,0,0.039453376,1
76785,1,0,0.08819005,0
76786,1,1,1.0,1
76787,0,1,0.99999857,0
76788,1,1,0.94910634,1
76789,1,1,0.99999845,1
76790,1,1,0.40689144,1
76791,1,1,0.89096016,1
76792,1,1,0.79645085,1
76793,1,1,0.97436166,1
76794,0,0,0.0025960314,1
76795,1,1,0.99053264,1
76796,1,1,0.42790464,1
76797,1,1,0.98486924,1
76798,1,1,1.0,1
76799,1,1,1.0,1
76800,1,1,0.97881407,1
76801,0,1,0.9998822,0
76802,0,0,0.21231367,1
76803,1,1,0.98238933,1
76804,0,1,0.47307906,0
76805,1,0,0.029035643,0
76806,1,0,0.2155158,0
76807,1,1,0.9999883,1
76808,1,1,0.99989724,1
76809,1,0,0.1488496,0
76810,0,0,0.06250249,1
76811,1,0,0.070751965,0
76812,1,1,0.999433,1
76813,1,1,0.9999999,1
76814,1,1,0.92696756,1
76815,0,0,0.28239402,1
76816,0,1,0.47137532,0
76817,1,0,0.15539862,0
76818,1,1,0.99638534,1
76819,1,1,0.99936384,1
76820,0,1,0.9597998,0
76821,0,1,0.9981756,0
76822,0,1,0.9882902,0
76823,1,1,0.5122046,1
76824,0,0,0.16059487,1
76825,1,1,0.9940659,1
76826,1,1,0.9822366,1
76827,0,0,0.08336651,1
76828,0,0,0.11230769,1
76829,1,1,0.9999987,1
76830,1,0,0.10338597,0
76831,1,1,0.99999475,1
76832,1,1,0.45856082,1
76833,0,1,0.478407,0
76834,1,1,0.6272094,1
76835,0,1,0.5159248,0
76836,0,1,0.64573455,0
76837,1,0,0.32039586,0
76838,1,1,1.0,1
76839,1,1,0.9999932,1
76840,0,0,0.059319146,1
76841,0,1,0.91891783,0
76842,0,0,0.0008951908,1
76843,0,1,0.9639839,0
76844,1,1,0.9996923,1
76845,1,1,0.99942964,1
76846,1,1,0.9994917,1
76847,1,1,0.3603202,1
76848,1,1,0.9999454,1
76849,1,1,0.99881446,1
76850,1,1,0.9981141,1
76851,1,1,0.99998665,1
76852,1,1,1.0,1
76853,0,0,0.016673045,1
76854,1,1,1.0,1
76855,0,1,0.9971607,0
76856,0,1,0.74312145,0
76857,0,1,0.9591543,0
76858,0,0,0.062103122,1
76859,1,0,0.022350112,0
76860,0,1,0.99140584,0
76861,1,0,0.12495856,0
76862,1,1,0.9988418,1
76863,0,1,0.59707934,0
76864,0,1,0.86373675,0
76865,0,0,0.01665704,1
76866,1,0,0.07544843,0
76867,0,1,0.45950052,0
76868,1,1,1.0,1
76869,1,1,0.9998313,1
76870,0,1,0.996271,0
76871,0,1,0.9999751,0
76872,1,1,0.79755676,1
76873,0,1,0.45695496,0
76874,0,1,1.0,0
76875,0,1,0.649523,0
76876,1,1,0.8080672,1
76877,1,1,0.37090874,1
76878,0,1,0.9996295,0
76879,1,1,0.99984705,1
76880,0,0,0.08299413,1
76881,0,0,0.05505607,1
76882,0,0,0.21592887,1
76883,1,0,0.11726853,0
76884,0,1,0.99047756,0
76885,1,1,1.0,1
76886,0,0,0.019889742,1
76887,1,1,0.9999994,1
76888,1,1,0.95861524,1
76889,1,1,1.0,1
76890,0,0,0.15215817,1
76891,1,1,0.44417295,1
76892,1,1,0.81669897,1
76893,0,0,0.0075333067,1
76894,0,0,0.24944724,1
76895,0,1,0.3530935,0
76896,1,1,0.9987816,1
76897,1,0,0.17023194,0
76898,0,1,0.9967206,0
76899,1,1,0.8568123,1
76900,1,1,0.9999732,1
76901,0,0,0.19276717,1
76902,0,0,0.16112214,1
76903,1,0,0.18155324,0
76904,0,1,0.99999666,0
76905,1,1,0.9999999,1
76906,1,1,1.0,1
76907,0,0,0.17078443,1
76908,0,1,0.9999988,0
76909,0,1,0.71730906,0
76910,0,0,0.09186979,1
76911,0,0,0.28601968,1
76912,1,1,1.0,1
76913,1,1,0.9999999,1
76914,0,1,0.99998987,0
76915,0,1,0.36212286,0
76916,1,1,0.49624643,1
76917,1,1,0.99695444,1
76918,0,0,0.052960765,1
76919,0,1,0.44966447,0
76920,0,0,0.057018865,1
76921,1,1,0.99999726,1
76922,0,1,0.7105781,0
76923,0,0,0.31278965,1
76924,1,0,0.045437217,0
76925,1,1,0.9734181,1
76926,1,1,0.9999999,1
76927,1,1,0.43494123,1
76928,0,0,0.029284457,1
76929,0,1,0.80115914,0
76930,1,1,0.9993175,1
76931,0,1,0.49859622,0
76932,1,1,1.0,1
76933,0,0,0.027506804,1
76934,0,1,0.74363375,0
76935,1,1,0.9999893,1
76936,1,1,1.0,1
76937,1,1,0.9902727,1
76938,1,1,0.6971452,1
76939,0,1,0.9806364,0
76940,0,1,0.63221896,0
76941,1,1,0.99999464,1
76942,0,0,0.019308088,1
76943,1,1,0.6517428,1
76944,1,1,0.9846347,1
76945,0,1,0.7874412,0
76946,1,1,0.999997,1
76947,1,1,0.9997336,1
76948,1,1,0.9995851,1
76949,1,1,0.97877365,1
76950,0,0,0.022824407,1
76951,1,1,0.99882597,1
76952,0,1,0.999979,0
76953,0,0,0.08173938,1
76954,0,1,0.85729086,0
76955,0,1,0.57487214,0
76956,1,1,0.87663436,1
76957,0,0,0.09534946,1
76958,0,1,0.99306935,0
76959,1,1,1.0,1
76960,1,1,0.98735064,1
76961,1,1,0.5750512,1
76962,0,0,0.010348136,1
76963,0,1,0.9991374,0
76964,1,1,0.84363765,1
76965,1,1,0.9997695,1
76966,1,1,0.97773504,1
76967,1,1,0.9983865,1
76968,1,1,1.0,1
76969,1,1,0.37639388,1
76970,0,1,0.8338664,0
76971,0,1,0.86669767,0
76972,1,0,0.011050794,0
76973,1,1,1.0,1
76974,0,1,0.5040893,0
76975,0,1,0.6284644,0
76976,0,0,0.15412119,1
76977,1,1,0.883236,1
76978,1,0,5.3282798e-05,0
76979,1,1,0.9684709,1
76980,0,1,0.96432143,0
76981,0,1,0.9995408,0
76982,0,1,0.38375676,0
76983,0,0,0.10411242,1
76984,0,1,0.6872628,0
76985,0,1,0.69259,0
76986,1,1,0.37153557,1
76987,0,0,0.1886227,1
76988,1,1,0.6410292,1
76989,0,0,0.1265691,1
76990,0,0,0.20283768,1
76991,0,1,0.68883485,0
76992,1,1,1.0,1
76993,0,0,0.14897339,1
76994,1,1,0.9914887,1
76995,1,1,0.9576754,1
76996,1,1,0.9999989,1
76997,0,0,0.021491766,1
76998,1,0,0.039825134,0
76999,1,1,0.9999919,1
77000,0,0,0.27212125,1
77001,1,1,0.9948303,1
77002,0,1,0.8003801,0
77003,0,0,0.08694165,1
77004,0,0,0.118385084,1
77005,1,1,0.9999999,1
77006,0,1,0.98761624,0
77007,0,0,0.08858347,1
77008,0,1,0.5891255,0
77009,0,0,0.061762713,1
77010,1,1,1.0,1
77011,0,1,1.0,0
77012,0,1,0.89423656,0
77013,0,1,0.99999833,0
77014,1,1,0.99999225,1
77015,0,0,0.111434445,1
77016,1,1,0.77398604,1
77017,1,1,0.9999331,1
77018,1,1,1.0,1
77019,0,0,0.14116298,1
77020,0,1,0.97863114,0
77021,0,0,0.16317856,1
77022,0,1,0.7871142,0
77023,1,1,0.9999863,1
77024,0,1,0.9858004,0
77025,1,0,0.14134066,0
77026,1,1,0.9999497,1
77027,1,1,1.0,1
77028,1,1,1.0,1
77029,1,1,0.9034647,1
77030,1,0,0.33420908,0
77031,0,1,0.69123685,0
77032,0,1,0.92729753,0
77033,1,1,1.0,1
77034,0,1,0.8726732,0
77035,1,1,0.9999851,1
77036,0,0,0.28512308,1
77037,1,1,1.0,1
77038,0,1,0.99903214,0
77039,0,1,0.99176437,0
77040,0,1,0.7015597,0
77041,1,0,0.115960725,0
77042,1,1,0.9999168,1
77043,0,0,0.038502328,1
77044,0,0,0.11651246,1
77045,0,1,0.9207184,0
77046,1,1,1.0,1
77047,0,1,0.99999964,0
77048,0,1,0.70634234,0
77049,0,0,0.21068507,1
77050,0,0,0.016882466,1
77051,1,1,0.9870046,1
77052,0,0,0.020488555,1
77053,1,0,0.21833587,0
77054,0,1,0.56103444,0
77055,1,1,0.9646226,1
77056,0,0,0.084040605,1
77057,1,1,0.9999995,1
77058,0,1,0.8607207,0
77059,1,1,1.0,1
77060,1,1,0.95561,1
77061,0,0,0.15412119,1
77062,1,1,0.9978677,1
77063,0,1,0.98735064,0
77064,0,0,0.2658328,1
77065,1,1,1.0,1
77066,1,1,0.97708833,1
77067,1,1,0.98159516,1
77068,1,1,0.99999833,1
77069,0,0,0.085023046,1
77070,1,1,0.3927152,1
77071,0,1,0.5932558,0
77072,0,1,0.99877924,0
77073,1,1,1.0,1
77074,0,0,0.1309508,1
77075,0,1,0.96485513,0
77076,1,0,0.050658382,0
77077,0,1,0.8769508,0
77078,0,1,0.5295067,0
77079,0,1,0.9995753,0
77080,0,0,0.2678867,1
77081,1,0,0.1067837,0
77082,1,1,0.9999956,1
77083,0,0,0.23423143,1
77084,0,0,0.03468417,1
77085,0,1,0.95257413,0
77086,1,1,0.9996941,1
77087,1,0,0.14169659,0
77088,1,0,0.22738354,0
77089,0,1,1.0,0
77090,0,0,0.020254692,1
77091,0,1,0.9999994,0
77092,0,1,0.7180016,0
77093,1,0,0.12059406,0
77094,1,1,0.9999995,1
77095,1,1,0.99989104,1
77096,1,1,0.9997677,1
77097,0,0,0.13557507,1
77098,0,1,0.6953898,0
77099,0,0,0.03897507,1
77100,1,1,0.6944581,1
77101,1,1,0.9999938,1
77102,0,1,0.6003641,0
77103,1,1,1.0,1
77104,0,1,0.94886994,0
77105,0,1,0.9934738,0
77106,0,0,0.012503792,1
77107,0,1,0.99170023,0
77108,1,1,1.0,1
77109,0,0,0.09585608,1
77110,1,1,0.93115014,1
77111,0,0,0.18155324,1
77112,0,0,0.19852991,1
77113,0,1,0.69673264,0
77114,1,1,0.9995635,1
77115,1,1,1.0,1
77116,0,1,0.9995073,0
77117,1,1,1.0,1
77118,1,0,0.014420068,0
77119,0,0,0.13375428,1
77120,1,1,0.5601324,1
77121,1,1,0.99984646,1
77122,0,1,0.9931629,0
77123,1,1,0.79117644,1
77124,1,1,0.9997347,1
77125,1,1,0.99991214,1
77126,1,1,0.99983,1
77127,0,1,0.99882597,0
77128,0,0,0.22286923,1
77129,1,1,0.55380696,1
77130,1,1,0.99999595,1
77131,1,1,0.9999875,1
77132,1,1,0.36082682,1
77133,0,0,0.15399395,1
77134,0,1,0.70957285,0
77135,1,1,0.99900913,1
77136,0,0,0.1274896,1
77137,0,0,0.11279541,1
77138,1,1,0.42199835,1
77139,0,0,0.038901985,1
77140,0,1,0.9974241,0
77141,1,1,1.0,1
77142,1,1,0.9998629,1
77143,1,1,0.9999237,1
77144,1,1,0.9990169,1
77145,0,0,0.16532342,1
77146,1,1,0.9997527,1
77147,1,0,0.009214366,0
77148,1,1,0.99999976,1
77149,1,1,0.98947024,1
77150,0,0,0.19406216,1
77151,0,1,0.53795177,0
77152,0,0,0.025613915,1
77153,0,0,0.093678005,1
77154,0,0,0.34975484,1
77155,1,1,0.8161134,1
77156,0,1,0.89982784,0
77157,0,0,0.044224583,1
77158,0,1,0.94810647,0
77159,1,1,0.9914225,1
77160,0,0,0.06638737,1
77161,0,1,0.9889064,0
77162,0,1,0.99986064,0
77163,1,1,0.9997713,1
77164,1,1,0.9996699,1
77165,0,1,0.5337013,0
77166,1,1,1.0,1
77167,1,1,0.99962366,1
77168,1,0,0.13683893,0
77169,1,1,1.0,1
77170,1,1,0.9999993,1
77171,1,1,0.5530829,1
77172,1,1,0.99880743,1
77173,1,1,0.99999976,1
77174,1,1,0.969469,1
77175,1,1,0.99650973,1
77176,0,1,0.4207781,0
77177,0,1,0.96189344,0
77178,0,1,0.9999999,0
77179,1,1,0.8221891,1
77180,1,1,0.9993013,1
77181,1,1,0.9983991,1
77182,1,1,0.9998579,1
77183,1,1,1.0,1
77184,1,0,0.23633994,0
77185,0,0,0.057229258,1
77186,1,1,0.99813604,1
77187,1,1,0.6300592,1
77188,0,1,0.9402983,0
77189,0,1,0.99999845,0
77190,0,1,0.99871826,0
77191,0,1,0.98096734,0
77192,1,1,1.0,1
77193,0,1,0.97280496,0
77194,0,1,1.0,0
77195,0,0,0.32252598,1
77196,1,0,0.111627996,0
77197,1,1,0.9985018,1
77198,1,1,0.58094656,1
77199,1,1,0.999673,1
77200,0,1,0.9981614,0
77201,1,1,1.0,1
77202,0,0,0.029591372,1
77203,1,0,0.20745546,0
77204,0,0,0.113383114,1
77205,1,1,0.99912554,1
77206,0,0,0.15954451,1
77207,1,0,0.1609902,0
77208,0,0,0.074030295,1
77209,0,0,0.057864826,1
77210,0,0,0.13195427,1
77211,0,1,0.8940517,0
77212,0,0,0.3501991,1
77213,1,0,0.3238076,0
77214,0,0,0.061762713,1
77215,0,0,0.07490528,1
77216,1,1,0.9896318,1
77217,1,1,0.99975747,1
77218,1,1,0.89048487,1
77219,0,0,0.09679113,1
77220,0,0,0.095265254,1
77221,1,1,1.0,1
77222,0,1,0.7370162,0
77223,0,0,0.1510904,1
77224,0,0,0.15329547,1
77225,0,0,0.00096975197,1
77226,0,0,0.24816959,1
77227,1,1,1.0,1
77228,1,0,0.09492911,0
77229,1,1,0.37731117,1
77230,1,1,0.9999999,1
77231,0,0,0.31710896,1
77232,1,0,0.0069982097,0
77233,0,0,0.20024472,1
77234,0,1,0.9122018,0
77235,0,1,0.9217811,0
77236,0,1,0.6040486,0
77237,1,1,0.9999926,1
77238,1,1,0.9964688,1
77239,1,1,0.99999833,1
77240,0,1,0.9999944,0
77241,1,1,0.999015,1
77242,0,1,0.384681,0
77243,1,0,0.03197956,0
77244,0,1,0.9999876,0
77245,0,1,0.9999995,0
77246,1,1,0.9995497,1
77247,0,1,0.94957596,0
77248,0,1,0.5085441,0
77249,1,1,0.99997115,1
77250,1,1,0.99998057,1
77251,0,1,0.5236031,0
77252,1,1,0.9987306,1
77253,1,1,0.882022,1
77254,1,1,0.9925103,1
77255,1,1,0.7040075,1
77256,0,0,0.18462047,1
77257,0,0,0.21975583,1
77258,1,0,0.31174105,0
77259,1,0,0.11656275,0
77260,1,1,0.9999995,1
77261,0,0,0.20402455,1
77262,0,1,0.3806726,0
77263,1,0,0.21419789,0
77264,1,1,0.9937588,1
77265,0,1,0.5605534,0
77266,0,0,0.29421496,1
77267,1,1,0.99999475,1
77268,1,1,0.5943159,1
77269,0,0,0.07230849,1
77270,0,0,0.15027805,1
77271,1,1,1.0,1
77272,0,1,0.97311324,0
77273,1,1,0.99998736,1
77274,0,1,0.9952448,0
77275,1,1,0.99999964,1
77276,0,1,0.9994777,0
77277,1,1,0.99998295,1
77278,1,1,0.9466954,1
77279,1,1,0.9999888,1
77280,1,1,1.0,1
77281,0,1,0.9999887,0
77282,1,1,0.99993956,1
77283,0,1,0.92821383,0
77284,0,0,0.34562966,1
77285,0,0,0.07490528,1
77286,1,1,0.7892337,1
77287,0,1,0.99999857,0
77288,1,1,0.9996718,1
77289,0,0,0.10185715,1
77290,1,1,0.99998975,1
77291,1,1,0.97664696,1
77292,0,0,0.21675669,1
77293,1,1,1.0,1
77294,1,1,0.99999976,1
77295,0,0,0.09409338,1
77296,0,1,0.37874627,0
77297,0,0,0.07107367,1
77298,0,0,0.20236439,1
77299,0,0,0.029563345,1
77300,0,1,0.8089743,0
77301,0,1,0.36353388,0
77302,1,0,0.052086018,0
77303,1,1,0.9999987,1
77304,1,1,0.9999999,1
77305,1,1,0.4714057,1
77306,0,0,0.21469142,1
77307,0,1,0.63956726,0
77308,0,0,0.018334452,1
77309,0,1,0.9916681,0
77310,0,1,0.9867517,0
77311,0,0,0.14396824,1
77312,1,0,0.13290796,0
77313,1,1,0.980375,1
77314,0,1,0.91173136,0
77315,0,0,0.30373183,1
77316,1,0,0.019105727,0
77317,1,1,1.0,1
77318,0,1,0.98478174,0
77319,1,0,0.02143024,0
77320,1,0,0.23379381,0
77321,1,1,0.99983263,1
77322,1,1,0.9433476,1
77323,0,0,0.03814243,1
77324,0,0,0.10176784,1
77325,0,1,0.76812494,0
77326,1,0,0.28811818,0
77327,1,1,0.99897975,1
77328,1,1,1.0,1
77329,0,0,0.2055353,1
77330,0,0,0.17106119,1
77331,1,1,0.9257686,1
77332,1,1,0.998835,1
77333,0,1,0.9467938,0
77334,1,1,1.0,1
77335,0,1,0.45084292,0
77336,1,1,0.6321054,1
77337,0,0,0.031648684,1
77338,0,0,0.043123364,1
77339,1,1,0.8863221,1
77340,1,1,1.0,1
77341,0,0,0.09033343,1
77342,1,1,0.9999839,1
77343,1,1,0.99994874,1
77344,1,0,0.21109137,0
77345,0,0,0.069921836,1
77346,1,0,0.011072159,0
77347,1,1,0.9980354,1
77348,0,0,0.15027805,1
77349,0,1,0.40162915,0
77350,0,0,0.081959546,1
77351,1,1,0.8894329,1
77352,1,1,0.9999956,1
77353,0,0,0.34886694,1
77354,1,1,1.0,1
77355,1,1,1.0,1
77356,0,1,0.96771675,0
77357,0,1,0.99508506,0
77358,1,1,1.0,1
77359,1,1,0.99564314,1
77360,0,0,0.043977574,1
77361,1,1,0.99998105,1
77362,1,1,0.86993575,1
77363,0,1,0.5535656,0
77364,0,0,0.32799113,1
77365,1,1,0.9997086,1
77366,0,0,0.019985154,1
77367,1,1,0.9999987,1
77368,1,1,0.88463855,1
77369,0,1,0.3607142,0
77370,1,1,0.63358027,1
77371,1,1,0.9877823,1
77372,0,1,0.6548396,0
77373,0,0,0.120749526,1
77374,0,0,0.15065254,1
77375,1,0,0.26678684,0
77376,1,1,0.9882676,1
77377,0,0,0.29512835,1
77378,0,0,0.1185891,1
77379,0,0,0.12929276,1
77380,0,0,0.29895166,1
77381,0,0,0.047118004,1
77382,1,1,0.9999994,1
77383,0,0,0.09577148,1
77384,1,1,0.9999708,1
77385,0,0,0.22126654,1
77386,0,0,0.103839464,1
77387,1,1,0.99966395,1
77388,0,0,0.09790669,1
77389,1,0,0.078148484,0
77390,1,0,0.34809092,0
77391,1,1,0.99997747,1
77392,0,1,1.0,0
77393,1,1,0.6474082,1
77394,1,1,0.99396133,1
77395,0,1,0.4762143,0
77396,1,1,0.9791557,1
77397,1,1,0.9991736,1
77398,1,1,0.974018,1
77399,1,1,1.0,1
77400,1,1,0.9938309,1
77401,1,1,0.91789335,1
77402,1,1,1.0,1
77403,1,1,0.5043334,1
77404,1,1,0.99999535,1
77405,1,1,0.76140547,1
77406,1,0,0.1500911,0
77407,1,1,0.9997069,1
77408,1,1,0.5647587,1
77409,1,0,0.044931643,0
77410,1,1,0.9914887,1
77411,1,0,0.068102375,0
77412,1,0,0.01750956,0
77413,1,1,0.95806944,1
77414,0,1,0.9125142,0
77415,0,1,0.9999372,0
77416,0,0,0.10818896,1
77417,1,1,0.99530905,1
77418,1,1,0.99998677,1
77419,1,1,0.9993525,1
77420,1,1,0.77704614,1
77421,0,1,0.37085178,0
77422,1,0,0.049635064,0
77423,1,1,1.0,1
77424,0,1,0.9957104,0
77425,0,0,0.3457677,1
77426,0,1,0.9698712,0
77427,1,0,0.30466193,0
77428,0,1,0.5292634,0
77429,1,1,0.44565016,1
77430,1,1,1.0,1
77431,0,1,0.9990226,0
77432,1,1,1.0,1
77433,1,0,0.28032076,0
77434,1,1,0.9999964,1
77435,0,0,0.23731071,1
77436,0,1,0.99010193,0
77437,0,0,0.03491378,1
77438,0,1,0.92114514,0
77439,1,0,0.0009075026,0
77440,0,0,0.16728666,1
77441,1,1,0.99996877,1
77442,1,1,0.9790558,1
77443,1,1,0.995793,1
77444,1,1,0.88671505,1
77445,0,0,0.23178807,1
77446,1,1,0.9983059,1
77447,0,0,0.12278593,1
77448,0,1,0.9832628,0
77449,0,0,0.1237887,1
77450,1,0,0.3455468,0
77451,0,1,0.6811968,0
77452,0,0,0.01607542,1
77453,1,1,0.8178656,1
77454,1,1,0.858244,1
77455,0,1,0.96253246,0
77456,1,1,0.9999995,1
77457,0,0,0.031291503,1
77458,0,0,0.010797569,1
77459,1,1,0.98959166,1
77460,0,1,0.88413936,0
77461,0,0,0.06142404,1
77462,1,1,0.9999862,1
77463,0,0,0.047780067,1
77464,1,1,1.0,1
77465,0,1,0.54243916,0
77466,1,1,0.96841115,1
77467,1,1,0.9999988,1
77468,0,1,0.37399012,0
77469,0,1,0.5078119,0
77470,1,1,0.9999989,1
77471,1,0,0.18388654,0
77472,0,0,0.1949802,1
77473,1,1,0.9212869,1
77474,1,1,0.99978346,1
77475,1,1,1.0,1
77476,0,1,0.6575934,0
77477,0,1,0.9995479,0
77478,1,0,0.12776141,0
77479,0,1,0.9889064,0
77480,0,0,0.0279544,1
77481,1,1,0.98065484,1
77482,1,1,0.980375,1
77483,0,1,0.98555213,0
77484,1,1,1.0,1
77485,0,0,0.004223366,1
77486,0,0,0.07921033,1
77487,0,1,0.9909972,0
77488,1,1,1.0,1
77489,0,1,0.9905691,0
77490,0,1,0.5905431,0
77491,0,1,0.9999994,0
77492,0,1,0.39548436,0
77493,0,0,0.0070254076,1
77494,0,0,0.107437484,1
77495,0,1,0.94901186,0
77496,1,0,0.015043661,0
77497,1,1,0.9719126,1
77498,1,1,0.99999094,1
77499,1,1,0.98403233,1
77500,1,0,0.035177976,0
77501,1,1,0.9999863,1
77502,0,1,0.61474097,0
77503,1,1,0.9999981,1
77504,1,1,1.0,1
77505,1,1,0.9999989,1
77506,1,0,0.12304914,0
77507,1,1,0.9987864,1
77508,1,1,0.9999181,1
77509,1,1,0.99995816,1
77510,0,1,0.93663365,0
77511,1,0,0.20252202,0
77512,0,1,0.9999974,0
77513,1,0,0.2211824,0
77514,0,0,0.18937114,1
77515,0,0,0.13415082,1
77516,1,1,0.9999964,1
77517,1,1,0.9998872,1
77518,1,1,0.9912378,1
77519,0,1,0.90821165,0
77520,0,0,0.045268096,1
77521,0,1,0.90665317,0
77522,0,0,0.089057684,1
77523,1,1,0.9973786,1
77524,1,1,0.81047887,1
77525,1,1,0.9952356,1
77526,1,1,0.99998724,1
77527,1,1,0.99693066,1
77528,0,0,0.101144664,1
77529,1,1,0.99998486,1
77530,1,1,0.9793738,1
77531,1,1,0.5402569,1
77532,1,1,1.0,1
77533,1,1,0.8554893,1
77534,1,1,0.9999994,1
77535,0,1,0.7778066,0
77536,1,0,0.14953136,0
77537,1,0,0.10266401,0
77538,1,1,1.0,1
77539,0,1,0.99996066,0
77540,1,0,0.19132766,0
77541,1,1,1.0,1
77542,0,1,0.9999999,0
77543,0,0,0.24944724,1
77544,0,0,0.07024005,1
77545,0,1,0.93045825,0
77546,0,0,0.048002712,1
77547,1,1,0.9999496,1
77548,1,1,1.0,1
77549,0,0,0.10420353,1
77550,1,0,0.009504083,0
77551,1,1,0.99994755,1
77552,0,1,0.99701905,0
77553,1,1,0.99293363,1
77554,0,0,0.011687257,1
77555,1,1,0.99999976,1
77556,1,1,0.9990188,1
77557,0,1,0.968111,0
77558,0,1,1.0,0
77559,1,0,0.0011717941,0
77560,1,0,0.02176037,0
77561,0,0,0.043204032,1
77562,0,0,0.13313322,1
77563,1,1,0.9998965,1
77564,0,1,0.8197491,0
77565,1,1,0.8198933,1
77566,1,1,0.73335636,1
77567,1,0,0.13910376,0
77568,1,1,0.97752154,1
77569,0,1,0.80193585,0
77570,0,0,0.039937317,1
77571,0,0,0.13223416,1
77572,0,0,0.052279223,1
77573,0,0,0.17272931,1
77574,0,0,0.29183787,1
77575,0,0,0.08889936,1
77576,1,1,0.9999739,1
77577,0,1,0.85145944,0
77578,1,1,1.0,1
77579,0,0,0.19042274,1
77580,1,1,0.9999988,1
77581,0,1,0.9987453,0
77582,0,0,0.008728267,1
77583,1,1,0.99187535,1
77584,0,1,0.6978664,0
77585,0,1,0.5059506,0
77586,0,0,0.0095224865,1
77587,1,0,0.22772686,0
77588,1,1,0.6794446,1
77589,1,1,0.99999857,1
77590,1,1,0.9999999,1
77591,1,1,0.99899167,1
77592,0,1,0.9999621,0
77593,1,1,0.99999785,1
77594,1,1,0.99329424,1
77595,1,1,0.9366916,1
77596,1,1,1.0,1
77597,0,1,0.9867517,0
77598,1,1,0.99988496,1
77599,0,1,0.4845935,0
77600,1,1,1.0,1
77601,1,1,0.48691094,1
77602,1,0,0.22533137,0
77603,1,1,0.9999999,1
77604,1,0,0.2724599,0
77605,1,1,0.9999945,1
77606,1,1,0.9999641,1
77607,0,0,0.09492911,1
77608,0,0,0.15501449,1
77609,0,1,0.6819916,0
77610,1,1,0.9744591,1
77611,0,0,0.3028548,1
77612,0,1,0.9678993,0
77613,1,0,0.108850285,0
77614,1,1,0.5352199,1
77615,0,1,0.96975684,0
77616,0,0,0.064535476,1
77617,1,1,0.99995244,1
77618,1,1,0.9999969,1
77619,1,1,0.99861693,1
77620,1,1,0.9380673,1
77621,1,0,0.13318956,0
77622,1,1,0.9999802,1
77623,0,1,0.9961681,0
77624,1,0,0.22482039,0
77625,0,1,0.8100285,0
77626,0,1,0.7107789,0
77627,1,1,0.73696893,1
77628,1,1,0.9999734,1
77629,0,0,0.000816738,1
77630,1,1,0.81420064,1
77631,0,1,0.99998426,0
77632,1,0,0.12646116,0
77633,1,1,0.99999046,1
77634,0,1,0.7266681,0
77635,1,1,0.96912026,1
77636,1,1,0.9957848,1
77637,0,1,0.9993917,0
77638,1,1,0.9999999,1
77639,1,0,0.16762705,0
77640,1,1,0.41786525,1
77641,0,1,0.9999814,0
77642,1,1,0.93749756,1
77643,0,0,0.008030813,1
77644,0,0,0.30959746,1
77645,0,1,0.60690624,0
77646,0,0,0.053107906,1
77647,1,1,1.0,1
77648,1,1,0.9999975,1
77649,1,1,1.0,1
77650,1,0,0.1908748,0
77651,1,1,0.9973322,1
77652,1,1,0.81844676,1
77653,1,1,0.99953353,1
77654,0,1,0.9984176,0
77655,1,1,0.38024104,1
77656,0,0,0.058560826,1
77657,0,0,0.21386933,1
77658,1,0,0.12262824,0
77659,1,1,0.50411975,1
77660,0,1,0.999998,0
77661,0,1,0.971537,0
77662,1,1,1.0,1
77663,0,0,0.10257407,1
77664,0,0,0.29528072,1
77665,0,1,0.97142875,0
77666,1,1,0.9998148,1
77667,0,0,0.0073886756,1
77668,1,0,0.16871993,0
77669,1,1,0.99999547,1
77670,0,1,0.8446654,0
77671,0,0,0.14306794,1
77672,1,1,0.87212974,1
77673,0,1,0.9994673,0
77674,1,1,0.999992,1
77675,0,1,0.9128255,0
77676,1,0,0.08100938,0
77677,0,0,0.047118004,1
77678,1,1,0.9999938,1
77679,1,0,0.13212214,0
77680,1,1,0.99951315,1
77681,0,1,0.99835795,0
77682,1,1,0.6401298,1
77683,1,1,0.9999558,1
77684,1,0,0.067546695,0
77685,1,1,0.99976224,1
77686,0,0,0.040351234,1
77687,0,1,0.99804294,0
77688,0,1,0.7855554,0
77689,0,0,0.079068,1
77690,0,0,0.036665846,1
77691,1,0,0.15209518,0
77692,0,1,0.86522406,0
77693,1,1,0.9492946,1
77694,0,1,0.8153795,0
77695,0,1,0.9896918,0
77696,1,1,0.99999964,1
77697,1,1,0.787523,1
77698,0,1,0.44462505,0
77699,0,1,0.9838472,0
77700,1,1,0.4464947,1
77701,0,0,0.056756895,1
77702,0,1,0.49737552,0
77703,0,1,0.99066,0
77704,0,0,0.22584318,1
77705,0,1,0.9035498,0
77706,0,1,1.0,0
77707,0,0,0.07661468,1
77708,0,0,0.19467384,1
77709,0,0,0.23563562,1
77710,1,0,0.016850082,0
77711,1,1,0.9999982,1
77712,0,1,0.396477,0
77713,0,0,0.24427286,1
77714,1,0,0.1746917,0
77715,1,1,1.0,1
77716,1,1,0.9999503,1
77717,0,1,0.9999076,0
77718,1,1,1.0,1
77719,1,0,0.020390792,0
77720,0,0,0.19544049,1
77721,0,1,0.99999964,0
77722,1,0,0.2062538,0
77723,1,1,1.0,1
77724,0,1,0.99999976,0
77725,1,1,0.4716795,1
77726,1,1,0.9994837,1
77727,1,0,0.040275678,0
77728,1,0,0.2174206,0
77729,0,0,0.044847906,1
77730,1,1,0.9998634,1
77731,0,1,1.0,0
77732,1,1,0.62789416,1
77733,1,1,0.9999999,1
77734,1,1,0.751557,1
77735,0,1,0.9859634,0
77736,0,1,0.98475236,0
77737,0,0,0.015380124,1
77738,0,1,0.99004436,0
77739,0,1,0.9999999,0
77740,0,1,0.99165195,0
77741,1,0,0.060252324,0
77742,0,0,0.01802074,1
77743,1,1,0.531331,1
77744,1,0,0.1203871,0
77745,1,0,0.16640429,0
77746,1,1,0.99952257,1
77747,0,0,0.09097748,1
77748,0,0,0.022999303,1
77749,0,1,0.9952448,0
77750,1,1,0.93891287,1
77751,1,1,0.39840645,1
77752,0,1,0.38144994,0
77753,0,0,0.34306657,1
77754,1,1,0.9999987,1
77755,0,1,0.9380673,0
77756,0,0,0.24337259,1
77757,1,1,0.9540518,1
77758,1,0,0.044973567,0
77759,1,1,0.9999937,1
77760,0,0,0.00025714198,1
77761,1,1,0.95695716,1
77762,1,1,0.998743,1
77763,1,1,0.9792154,1
77764,0,0,0.32820636,1
77765,0,1,0.5923719,0
77766,1,1,1.0,1
77767,1,0,0.1292378,0
77768,0,1,0.9766024,0
77769,0,0,0.019345101,1
77770,1,1,0.9979849,1
77771,1,1,0.99986124,1
77772,1,1,0.91618466,1
77773,0,0,0.19299525,1
77774,0,1,0.58587146,0
77775,1,1,0.99773055,1
77776,0,1,0.9979372,0
77777,0,0,0.054298937,1
77778,0,0,0.22051026,1
77779,1,0,0.06644793,0
77780,0,1,0.9000915,0
77781,0,0,0.050424065,1
77782,0,1,0.9805993,0
77783,1,1,0.9186264,1
77784,0,1,0.39283168,0
77785,1,1,0.9994023,1
77786,1,1,0.95159405,1
77787,0,1,0.94539934,0
77788,0,1,0.49432397,0
77789,1,1,0.99999857,1
77790,1,1,0.99688244,1
77791,1,1,0.99936754,1
77792,1,1,1.0,1
77793,1,0,0.21609424,0
77794,0,0,0.06596493,1
77795,0,0,0.03810662,1
77796,0,1,0.47670147,0
77797,0,1,0.98819935,0
77798,0,0,0.34471914,1
77799,1,0,0.036356665,0
77800,0,1,0.68177974,0
77801,1,0,0.070495576,0
77802,1,1,0.9825743,1
77803,0,1,0.9999138,0
77804,1,1,0.99999535,1
77805,1,1,1.0,1
77806,1,1,0.5600121,1
77807,0,0,0.079638734,1
77808,1,1,0.9969066,1
77809,0,1,0.6613216,0
77810,0,0,0.14438999,1
77811,0,0,0.013848611,1
77812,0,0,0.31284216,1
77813,0,0,0.042922337,1
77814,0,0,0.10475175,1
77815,1,1,0.50354,1
77816,1,1,0.9993905,1
77817,0,0,0.0139288595,1
77818,1,1,1.0,1
77819,1,0,0.05266766,0
77820,1,1,1.0,1
77821,1,1,0.9746045,1
77822,0,1,0.41483957,0
77823,1,1,0.99242276,1
77824,0,0,0.17603327,1
77825,0,1,0.9332485,0
77826,0,1,0.50585914,0
77827,1,1,0.99958676,1
77828,0,1,0.9985018,0
77829,1,1,0.99997795,1
77830,1,1,0.99998355,1
77831,0,1,0.7600278,0
77832,1,1,0.9756001,1
77833,1,1,0.9095863,1
77834,0,0,0.08678673,1
77835,1,1,0.9810037,1
77836,1,0,0.12765263,0
77837,1,1,0.71338165,1
77838,1,1,0.9999999,1
77839,1,1,0.9999963,1
77840,0,1,0.9201462,0
77841,1,1,0.9986878,1
77842,0,0,0.0649494,1
77843,0,0,0.05394898,1
77844,1,1,0.9983865,1
77845,1,1,0.9997613,1
77846,0,0,0.1917057,1
77847,1,1,0.99999607,1
77848,1,1,0.8255897,1
77849,1,1,0.99757034,1
77850,0,1,0.9826909,0
77851,1,1,0.9994504,1
77852,1,1,0.99943966,1
77853,0,0,0.08787644,1
77854,1,1,0.9884919,1
77855,0,1,0.8833366,0
77856,0,1,0.9999888,0
77857,1,1,1.0,1
77858,0,1,0.83508044,0
77859,1,1,0.9998535,1
77860,0,0,0.07276838,1
77861,0,0,0.21559837,1
77862,1,1,1.0,1
77863,0,1,0.97682446,0
77864,0,1,0.55929005,0
77865,1,1,0.9987005,1
77866,0,1,0.99973255,0
77867,0,0,0.041578867,1
77868,1,1,0.93183565,1
77869,0,0,0.23370637,1
77870,1,1,0.8718026,1
77871,1,1,0.99999976,1
77872,1,1,0.9999999,1
77873,0,0,0.1522842,1
77874,1,1,0.9646226,1
77875,0,1,0.9471371,0
77876,1,1,0.99999857,1
77877,1,0,0.025202822,0
77878,0,0,0.055926174,1
77879,1,0,0.24373244,0
77880,0,0,0.017797453,1
77881,0,0,0.03722176,1
77882,0,1,0.99749833,0
77883,0,1,0.8171371,0
77884,0,1,0.9999484,0
77885,0,0,0.09730459,1
77886,1,1,0.9999964,1
77887,1,0,0.12716407,0
77888,1,1,1.0,1
77889,0,1,0.76171577,0
77890,1,1,0.999997,1
77891,1,1,0.9269014,1
77892,0,1,0.9726495,0
77893,0,0,0.18728127,1
77894,1,0,0.14493375,0
77895,1,0,0.17078443,0
77896,1,0,0.19314739,0
77897,1,0,0.14288844,0
77898,1,1,0.93263763,1
77899,1,1,0.9985702,1
77900,1,1,1.0,1
77901,1,1,0.99980813,1
77902,1,1,1.0,1
77903,0,0,0.022328783,1
77904,1,0,0.034391105,0
77905,1,1,0.99980205,1
77906,1,1,0.9999981,1
77907,1,0,0.3433968,0
77908,0,1,0.48401424,0
77909,1,1,0.99916065,1
77910,0,1,0.58699644,0
77911,0,0,0.034618836,1
77912,0,0,0.0385747,1
77913,1,1,0.99942636,1
77914,0,0,0.038321972,1
77915,1,0,0.0631349,0
77916,0,1,0.94479126,0
77917,0,1,0.36438167,0
77918,1,1,0.9988213,1
77919,1,1,0.9999999,1
77920,0,0,0.20418316,1
77921,1,0,0.02774289,0
77922,0,0,0.11240509,1
77923,1,1,1.0,1
77924,0,1,0.8248855,0
77925,0,0,0.10079008,1
77926,0,1,0.50268555,0
77927,0,1,1.0,0
77928,1,1,0.76091725,1
77929,0,1,0.4369223,0
77930,0,1,0.99984455,0
77931,1,1,0.9552357,1
77932,1,1,0.9985306,1
77933,1,1,0.87472075,1
77934,0,0,0.24006127,1
77935,0,0,0.30923226,1
77936,0,0,0.090494074,1
77937,1,1,0.9999994,1
77938,1,0,0.00066931,0
77939,1,1,1.0,1
77940,0,0,0.009596454,1
77941,0,0,0.17852582,1
77942,1,1,0.99999964,1
77943,1,0,0.19852991,0
77944,0,1,0.9999995,0
77945,1,1,0.9999901,1
77946,1,0,0.104294725,0
77947,0,1,0.7490872,0
77948,1,1,0.39213315,1
77949,1,1,0.98574555,1
77950,0,0,0.03400406,1
77951,1,1,0.98961186,1
77952,1,0,0.11576064,0
77953,1,1,1.0,1
77954,1,0,0.0053432565,0
77955,1,1,0.4139509,1
77956,0,1,0.40380192,0
77957,0,1,0.9994105,0
77958,1,1,0.9931229,1
77959,0,1,0.42736682,0
77960,1,0,0.022999303,0
77961,0,1,0.8161134,0
77962,1,1,0.9999628,1
77963,0,0,0.0715912,1
77964,0,1,0.44736975,0
77965,0,0,0.15386674,1
77966,1,1,0.99967504,1
77967,0,0,0.23961616,1
77968,1,1,0.9999994,1
77969,0,0,0.1685146,1
77970,0,0,0.25902826,1
77971,1,1,0.65605253,1
77972,1,1,0.9993625,1
77973,0,1,0.9984022,0
77974,1,1,0.41022456,1
77975,1,0,0.03143985,0
77976,1,1,0.3897207,1
77977,1,1,0.99998796,1
77978,1,1,0.99653685,1
77979,1,1,0.99998546,1
77980,0,1,0.8431217,0
77981,0,0,0.04733772,1
77982,0,1,0.9940544,0
77983,1,1,0.8623516,1
77984,0,0,0.20402455,1
77985,0,1,0.63855356,0
77986,0,0,0.04556445,1
77987,1,1,0.9999795,1
77988,0,1,0.99014014,0
77989,1,1,0.9999956,1
77990,0,1,1.0,0
77991,0,1,0.98242307,0
77992,0,0,0.055823144,1
77993,0,0,0.025035424,1
77994,1,1,1.0,1
77995,1,1,0.5696731,1
77996,1,1,0.9999995,1
77997,0,1,0.9932288,0
77998,0,0,0.049589023,1
77999,1,0,0.091625646,0
78000,1,1,0.9986436,1
78001,1,0,0.070751965,0
78002,1,1,0.99999964,1
78003,1,1,0.9583432,1
78004,0,1,0.9990746,0
78005,0,0,0.032466814,1
78006,0,0,0.11807967,1
78007,1,1,1.0,1
78008,1,1,1.0,1
78009,0,1,0.994292,0
78010,1,0,0.054954547,0
78011,0,1,0.4142174,0
78012,0,1,0.446374,0
78013,0,0,0.042285025,1
78014,0,1,0.3797521,0
78015,1,1,0.9994035,1
78016,0,1,0.9970131,0
78017,1,1,1.0,1
78018,0,0,0.0044857943,1
78019,0,1,0.99920064,0
78020,1,1,0.9998036,1
78021,1,1,1.0,1
78022,0,1,0.996557,0
78023,0,0,0.06966823,1
78024,0,1,0.9994035,0
78025,1,0,0.00032125023,0
78026,1,1,0.5577851,1
78027,1,1,0.99999976,1
78028,1,1,0.99995697,1
78029,0,0,0.14098547,1
78030,1,1,0.98662347,1
78031,0,0,0.16626887,1
78032,0,1,0.7142794,0
78033,1,1,0.99999213,1
78034,0,1,0.7837403,0
78035,0,0,0.16231363,1
78036,1,1,0.9522199,1
78037,1,0,0.066629894,0
78038,0,1,0.9175984,0
78039,0,1,0.8472108,0
78040,0,0,0.08609269,1
78041,1,0,0.11051915,0
78042,1,1,0.99997413,1
78043,1,1,0.9999989,1
78044,1,0,0.001626135,0
78045,1,1,0.99890554,1
78046,0,0,0.0062291576,1
78047,1,0,0.01756003,0
78048,1,1,0.99968255,1
78049,1,1,0.9978594,1
78050,1,1,0.99999106,1
78051,1,1,1.0,1
78052,0,1,0.934455,0
78053,1,1,1.0,1
78054,1,1,0.80829436,1
78055,0,0,0.20537588,1
78056,1,1,0.7114811,1
78057,1,1,0.9878762,1
78058,1,1,0.9999864,1
78059,0,0,0.19102567,1
78060,0,1,1.0,0
78061,0,0,0.15514244,1
78062,1,1,0.7112805,1
78063,1,0,0.27168626,0
78064,1,1,0.79581684,1
78065,0,1,0.7090695,0
78066,0,1,0.9860443,0
78067,0,1,0.8326453,0
78068,1,1,0.99976856,1
78069,0,0,0.061143138,1
78070,0,1,0.9997739,0
78071,1,1,0.99491006,1
78072,1,1,0.99611557,1
78073,0,0,0.14408864,1
78074,0,0,0.13597612,1
78075,1,1,0.91452,1
78076,1,1,0.77551985,1
78077,0,0,0.25413856,1
78078,0,0,0.048002712,1
78079,0,1,0.99992836,0
78080,1,0,0.10203597,0
78081,0,0,0.07483763,1
78082,1,0,0.037538007,0
78083,1,0,0.30678657,0
78084,1,1,0.99832886,1
78085,1,1,0.9999299,1
78086,0,0,0.27115518,1
78087,0,1,0.68124986,0
78088,0,0,0.17092276,1
78089,1,1,0.9969126,1
78090,0,0,0.012288597,1
78091,0,0,0.12592277,1
78092,0,1,0.9908035,0
78093,0,1,0.988085,0
78094,1,1,0.9015746,1
78095,1,1,0.86083776,1
78096,1,1,0.98314995,1
78097,1,1,0.9900828,1
78098,1,1,0.7933462,1
78099,0,1,0.99845123,0
78100,1,0,0.12797923,0
78101,1,1,0.99698395,1
78102,1,1,0.4413419,1
78103,1,0,0.09227797,0
78104,0,1,0.9957353,0
78105,0,0,0.016466172,1
78106,0,0,0.054954547,1
78107,0,1,0.66589963,0
78108,1,0,0.08218025,0
78109,1,1,0.8811043,1
78110,0,0,0.022521457,1
78111,1,1,0.9999869,1
78112,1,0,0.281949,0
78113,1,1,1.0,1
78114,0,0,0.093181714,1
78115,1,0,0.11250255,0
78116,0,1,0.99996936,0
78117,1,1,0.9999839,1
78118,1,1,0.5192166,1
78119,0,1,0.9999883,0
78120,0,0,0.003765414,1
78121,1,1,1.0,1
78122,1,1,1.0,1
78123,1,1,0.9999988,1
78124,1,1,0.99994123,1
78125,1,1,0.9999982,1
78126,0,1,0.99047756,0
78127,0,0,0.0068771075,1
78128,1,1,0.99999964,1
78129,1,1,0.9897315,1
78130,0,1,0.4027151,0
78131,1,1,0.6672019,1
78132,1,1,0.9158089,1
78133,1,1,0.5907792,1
78134,0,1,0.9687676,0
78135,1,1,0.99999976,1
78136,0,0,0.23669264,1
78137,1,1,1.0,1
78138,0,0,0.23213603,1
78139,1,1,1.0,1
78140,0,1,0.7634837,0
78141,1,1,0.9967963,1
78142,1,1,0.67976356,1
78143,0,1,0.9999331,0
78144,1,1,0.36212286,1
78145,0,0,0.021532876,1
78146,1,0,0.121112876,0
78147,1,1,0.9999999,1
78148,1,0,0.058131598,0
78149,0,1,0.58023316,0
78150,1,1,0.999926,1
78151,1,0,0.19574778,0
78152,1,1,0.9850429,1
78153,1,1,0.99910825,1
78154,1,1,1.0,1
78155,0,0,0.01717671,1
78156,1,1,0.9999349,1
78157,1,1,1.0,1
78158,0,1,0.9966299,0
78159,0,0,0.06656919,1
78160,1,1,0.9999999,1
78161,1,1,1.0,1
78162,0,0,0.12447884,1
78163,1,1,0.99985516,1
78164,1,1,0.99592197,1
78165,1,1,0.9956176,1
78166,0,0,0.3181143,1
78167,1,1,0.99952805,1
78168,0,1,0.43902567,0
78169,0,0,0.093760945,1
78170,0,1,0.37972337,0
78171,1,1,0.99999964,1
78172,0,0,0.052765187,1
78173,1,1,0.9997981,1
78174,1,1,0.9999101,1
78175,0,1,0.68516004,0
78176,1,1,0.8321002,1
78177,1,1,1.0,1
78178,0,1,0.9750835,0
78179,1,1,0.9928924,1
78180,0,1,0.42247483,0
78181,0,0,0.17802514,1
78182,0,0,0.32423538,1
78183,0,1,0.8338664,0
78184,0,1,0.9899282,0
78185,1,0,0.050893724,0
78186,1,1,0.98041254,1
78187,0,1,0.99986815,0
78188,1,1,0.58604914,1
78189,0,1,0.6963198,0
78190,1,1,0.9982212,1
78191,0,0,0.019512547,1
78192,1,1,0.99920064,1
78193,0,1,0.50109863,0
78194,1,0,0.3428465,0
78195,1,1,0.9649213,1
78196,1,1,0.99268264,1
78197,0,1,0.9194258,0
78198,1,1,0.9998776,1
78199,1,0,0.08686416,0
78200,1,0,0.028140754,0
78201,0,1,0.8326453,0
78202,0,0,0.10604083,1
78203,0,0,0.05754622,1
78204,0,0,0.124106824,1
78205,1,1,0.83406925,1
78206,1,1,0.91228,1
78207,1,1,0.91157407,1
78208,0,1,0.6222298,0
78209,1,1,1.0,1
78210,0,0,0.09170697,1
78211,0,1,0.9997408,0
78212,1,1,0.99993134,1
78213,1,1,1.0,1
78214,0,1,0.99999785,0
78215,1,1,1.0,1
78216,0,1,0.9806178,0
78217,1,0,0.12608409,0
78218,0,1,0.915356,0
78219,1,1,1.0,1
78220,1,1,0.99508506,1
78221,0,1,0.99997747,0
78222,1,1,0.9693532,1
78223,0,0,0.31237,1
78224,1,1,0.96829146,1
78225,1,1,0.9999542,1
78226,1,1,0.96210754,1
78227,1,1,0.9997408,1
78228,1,0,0.0139557095,0
78229,1,0,0.049958523,0
78230,1,1,0.9999274,1
78231,1,1,0.5309662,1
78232,0,1,0.9999814,0
78233,0,0,0.13881163,1
78234,1,1,0.99995816,1
78235,0,0,0.02475097,1
78236,0,0,0.08173938,1
78237,1,1,0.98862445,1
78238,1,1,0.9999995,1
78239,0,1,0.72335833,0
78240,0,1,0.52116656,0
78241,0,1,0.9983865,0
78242,0,1,0.9986802,0
78243,0,0,0.05525965,1
78244,1,1,1.0,1
78245,0,0,0.18653922,1
78246,0,1,0.4020986,0
78247,1,0,0.12495856,0
78248,0,1,0.99998474,0
78249,0,1,0.99621993,0
78250,1,1,0.9854124,1
78251,1,1,0.99876726,1
78252,1,1,0.9999877,1
78253,1,0,0.33644003,0
78254,0,1,0.9996118,0
78255,1,0,0.08803311,0
78256,0,1,0.9999933,0
78257,1,1,0.99937373,1
78258,0,1,0.9999974,0
78259,1,0,0.010631946,0
78260,0,0,0.0349467,1
78261,1,1,1.0,1
78262,0,0,0.23917161,1
78263,1,1,0.9863105,1
78264,0,0,0.28467542,1
78265,0,0,0.06047389,1
78266,0,0,0.095940754,1
78267,1,0,0.15954451,0
78268,0,1,0.9076402,0
78269,1,1,1.0,1
78270,1,1,0.99709344,1
78271,0,1,0.5193994,0
78272,1,1,0.9969187,1
78273,1,1,0.9999956,1
78274,0,0,0.06766981,1
78275,1,0,0.05266766,0
78276,0,0,0.1464531,1
78277,0,0,0.16337869,1
78278,1,1,0.99972135,1
78279,0,0,0.04103744,1
78280,1,1,1.0,1
78281,0,1,0.47791964,0
78282,1,0,0.22017473,0
78283,1,1,1.0,1
78284,0,0,0.25330648,1
78285,1,1,1.0,1
78286,0,1,0.98871195,0
78287,1,1,1.0,1
78288,1,1,0.96606,1
78289,0,1,0.9981969,0
78290,0,1,0.9997658,0
78291,0,1,0.99970347,0
78292,0,1,0.99474937,0
78293,1,1,0.7003315,1
78294,1,1,0.9999999,1
78295,0,1,0.45889425,0
78296,0,0,0.025035424,1
78297,1,0,0.04863137,0
78298,1,0,0.27860013,0
78299,1,1,0.9992693,1
78300,1,1,0.5658986,1
78301,1,1,0.37062395,1
78302,1,1,0.99999595,1
78303,1,1,0.9990601,1
78304,0,1,0.9877351,0
78305,1,1,1.0,1
78306,0,1,0.99090964,0
78307,1,1,1.0,1
78308,1,0,0.07517641,0
78309,0,1,0.8894329,0
78310,1,1,0.8656789,1
78311,0,0,0.01694742,1
78312,0,1,0.5053099,0
78313,0,0,0.17852582,1
78314,1,1,0.9999974,1
78315,0,0,0.074365705,1
78316,0,0,0.18587328,1
78317,0,1,0.7439129,0
78318,1,1,0.999864,1
78319,0,1,0.99956185,0
78320,1,1,1.0,1
78321,1,1,0.9915052,1
78322,1,1,0.99999917,1
78323,1,1,0.9999933,1
78324,1,1,0.9996935,1
78325,1,1,0.99816847,1
78326,1,0,0.04505753,0
78327,1,1,0.49511734,1
78328,0,0,0.3432867,1
78329,1,0,0.04564947,0
78330,0,1,0.51714414,0
78331,1,1,0.9763331,1
78332,0,1,0.63753873,0
78333,0,0,0.22051026,1
78334,0,0,0.29992473,1
78335,1,0,0.020744892,0
78336,1,0,0.029284457,0
78337,0,1,0.9905143,0
78338,1,1,0.99644804,1
78339,0,0,0.021718834,1
78340,1,1,1.0,1
78341,0,1,0.5479479,0
78342,1,1,1.0,1
78343,1,0,0.2339688,0
78344,1,0,0.1897462,0
78345,0,1,0.9912378,0
78346,0,1,0.77696157,0
78347,0,0,0.14205328,1
78348,1,1,1.0,1
78349,0,0,0.20079263,1
78350,0,0,0.121112876,1
78351,1,1,0.99999666,1
78352,1,1,0.999995,1
78353,0,1,0.9881765,0
78354,1,0,0.16311188,0
78355,1,1,0.99990606,1
78356,0,1,0.48407522,0
78357,1,1,1.0,1
78358,0,0,0.039416388,1
78359,0,0,0.09203286,1
78360,1,1,0.74871993,1
78361,1,1,0.9999963,1
78362,1,1,0.9994956,1
78363,1,1,0.9999871,1
78364,1,1,1.0,1
78365,1,1,0.9997818,1
78366,0,0,0.049497057,1
78367,1,1,1.0,1
78368,1,1,0.9719659,1
78369,1,1,1.0,1
78370,1,1,0.51744896,1
78371,1,1,0.66044617,1
78372,0,1,0.96631527,0
78373,1,1,0.82018155,1
78374,1,1,1.0,1
78375,1,1,0.9059898,1
78376,0,0,0.3106421,1
78377,1,0,0.17816807,0
78378,0,0,0.034164816,1
78379,1,1,1.0,1
78380,0,1,0.5691942,0
78381,1,1,0.99914575,1
78382,0,0,0.13111758,1
78383,1,1,0.9014011,1
78384,0,1,0.9839091,0
78385,1,1,0.9987551,1
78386,0,1,0.9999993,0
78387,0,0,0.09816574,1
78388,1,0,0.026912306,0
78389,0,1,0.9980276,0
78390,1,1,0.98559386,1
78391,0,0,0.01637155,1
78392,1,1,1.0,1
78393,1,1,0.999928,1
78394,1,1,0.91022676,1
78395,1,1,0.9999908,1
78396,0,0,0.020685462,1
78397,1,0,0.051941562,0
78398,1,1,0.99983203,1
78399,1,1,0.9998795,1
78400,0,1,0.9518184,0
78401,1,1,0.9999132,1
78402,1,0,0.026480937,0
78403,1,1,0.99999976,1
78404,1,0,0.19821933,0
78405,0,0,0.037821285,1
78406,1,1,1.0,1
78407,0,1,0.36184093,0
78408,1,1,1.0,1
78409,1,1,0.99999917,1
78410,0,0,0.15980656,1
78411,1,1,1.0,1
78412,0,0,0.110663235,1
78413,1,1,1.0,1
78414,0,0,0.093595125,1
78415,1,1,0.7775534,1
78416,1,1,1.0,1
78417,0,0,0.07558479,1
78418,0,0,0.007446194,1
78419,1,1,0.9899671,1
78420,1,0,0.22962157,0
78421,1,0,0.2784039,0
78422,0,1,0.947381,0
78423,0,0,0.17497346,1
78424,0,0,0.0631349,1
78425,1,0,0.20212801,0
78426,1,0,0.15127839,0
78427,0,1,0.9964688,0
78428,0,1,0.99442345,0
78429,0,1,0.8594279,0
78430,1,1,0.9999739,1
78431,0,1,0.99384296,0
78432,1,0,0.045991033,0
78433,1,1,0.8718026,1
78434,1,1,0.9999988,1
78435,1,1,1.0,1
78436,1,1,1.0,1
78437,1,1,1.0,1
78438,0,0,0.1272725,1
78439,1,0,0.29548398,0
78440,0,1,0.57606506,0
78441,1,1,1.0,1
78442,0,0,0.15700755,1
78443,0,1,0.7673414,0
78444,0,1,0.99855906,0
78445,1,1,0.9838472,1
78446,0,1,0.99999285,0
78447,0,1,0.9753196,0
78448,0,0,0.13701203,1
78449,1,1,0.9999896,1
78450,1,1,0.99737346,1
78451,1,0,0.30564553,0
78452,1,1,0.9999689,1
78453,1,1,0.9999999,1
78454,0,1,0.9846051,0
78455,1,0,0.18602112,0
78456,1,1,1.0,1
78457,1,0,0.06296183,0
78458,1,1,0.997358,1
78459,1,0,0.043895524,0
78460,1,1,0.9964825,1
78461,0,1,0.99999976,0
78462,1,1,0.99996996,1
78463,0,1,0.60515755,0
78464,1,1,0.988514,1
78465,1,1,0.9954261,1
78466,0,1,0.9999577,0
78467,1,1,1.0,1
78468,1,1,0.9946464,1
78469,1,0,0.21783629,0
78470,1,1,0.9999994,1
78471,0,1,0.9972904,0
78472,0,0,0.22652687,1
78473,1,1,0.9999999,1
78474,0,1,0.9991221,0
78475,0,1,0.4689122,0
78476,0,1,0.93505055,0
78477,1,0,0.056966383,0
78478,1,1,0.99995184,1
78479,1,1,1.0,1
78480,1,1,0.9999999,1
78481,0,1,0.39312288,0
78482,0,1,0.41211602,0
78483,1,1,0.48925948,1
78484,1,1,0.9999548,1
78485,1,1,0.99991846,1
78486,0,1,0.5341873,0
78487,1,1,1.0,1
78488,0,0,0.1496556,1
78489,0,0,0.19899648,1
78490,1,0,0.023065226,0
78491,0,0,0.17064616,1
78492,0,1,0.9678082,0
78493,0,1,0.9999237,0
78494,0,1,0.84195566,0
78495,1,1,1.0,1
78496,0,0,0.05033063,1
78497,0,0,0.14953136,1
78498,1,1,0.99999833,1
78499,0,0,0.25118822,1
78500,1,0,0.029395703,0
78501,1,1,0.9980354,1
78502,1,1,1.0,1
78503,1,1,0.6702306,1
78504,1,1,0.7588682,1
78505,0,0,0.016753288,1
78506,1,1,0.99988985,1
78507,0,0,0.022499967,1
78508,0,0,0.0051097376,1
78509,0,0,0.12787029,1
78510,1,1,1.0,1
78511,1,1,0.99611557,1
78512,0,1,0.9999329,0
78513,1,1,1.0,1
78514,0,1,0.7622471,0
78515,1,1,0.9462501,1
78516,1,1,0.97752154,1
78517,0,1,0.47031087,0
78518,1,1,1.0,1
78519,1,1,1.0,1
78520,1,1,0.9995372,1
78521,0,1,0.423458,0
78522,1,0,0.06903792,0
78523,0,0,0.020254692,1
78524,0,0,0.04344689,1
78525,1,1,0.99219924,1
78526,1,0,0.0016420666,0
78527,0,0,0.12033541,1
78528,0,0,0.09492911,1
78529,1,1,1.0,1
78530,1,0,0.16324526,0
78531,0,0,0.108471945,1
78532,0,0,0.026683092,1
78533,0,1,0.99877924,0
78534,1,1,0.97455615,1
78535,0,1,0.9978002,0
78536,0,1,0.99920374,0
78537,1,1,0.9351099,1
78538,1,1,0.99974984,1
78539,0,0,0.1791712,1
78540,0,0,0.104660206,1
78541,1,0,0.009821794,0
78542,0,1,0.61410475,0
78543,1,1,0.8149381,1
78544,1,1,0.84556025,1
78545,0,0,0.04418332,1
78546,1,1,0.9985306,1
78547,1,1,1.0,1
78548,1,1,0.98518616,1
78549,0,0,0.022286186,1
78550,1,0,0.2180027,0
78551,1,1,0.423458,1
78552,1,1,0.99999917,1
78553,1,1,0.9644556,1
78554,1,0,0.29325265,0
78555,1,1,0.99999666,1
78556,1,1,0.5455279,1
78557,0,0,0.282493,1
78558,1,0,0.017968968,0
78559,1,1,0.4803568,1
78560,1,1,0.9713201,1
78561,1,1,0.9999989,1
78562,0,1,0.9896718,0
78563,0,0,0.12901814,1
78564,1,1,0.9952632,1
78565,0,1,0.5387405,0
78566,1,1,0.9999778,1
78567,1,1,0.46462828,1
78568,1,1,0.9994797,1
78569,0,0,0.031261913,1
78570,0,1,0.95888567,0
78571,1,1,1.0,1
78572,0,1,0.77321637,0
78573,0,1,0.7728737,0
78574,0,0,0.24816959,1
78575,0,1,0.9971661,0
78576,1,0,0.19829696,0
78577,0,0,0.036322463,1
78578,0,0,0.16776335,1
78579,0,0,0.13660839,1
78580,0,0,0.031648684,1
78581,1,1,0.99719363,1
78582,1,1,0.993807,1
78583,0,1,0.9999815,0
78584,1,1,1.0,1
78585,0,1,0.89368117,0
78586,0,1,0.9999895,0
78587,1,1,0.38447875,1
78588,1,1,1.0,1
78589,0,1,0.8881781,0
78590,0,0,0.2193375,1
78591,1,1,0.5125096,1
78592,0,0,0.078078166,1
78593,1,0,0.22093019,0
78594,0,1,0.99916553,0
78595,1,1,0.999577,1
78596,1,1,0.99997437,1
78597,1,1,0.9816304,1
78598,0,0,0.13701203,1
78599,1,1,0.5825504,1
78600,1,0,0.13597612,0
78601,1,1,0.99970514,1
78602,0,0,0.11299101,1
78603,0,0,0.045394883,1
78604,1,0,0.27163795,0
78605,0,1,0.914977,0
78606,1,0,0.03400406,0
78607,1,0,0.057387535,0
78608,1,0,0.18417984,0
78609,0,0,0.14247034,1
78610,0,0,0.028355207,1
78611,1,1,0.99826247,1
78612,1,1,0.9573974,1
78613,0,1,0.9603612,0
78614,1,1,0.99995303,1
78615,0,0,0.19829696,1
78616,0,1,0.9142907,0
78617,0,0,0.04676847,1
78618,1,1,0.73139447,1
78619,1,0,0.04681203,0
78620,0,1,0.57230455,0
78621,0,1,0.5959041,0
78622,0,0,0.19814174,1
78623,0,1,0.9134452,0
78624,0,0,0.31226513,1
78625,1,0,0.11576064,0
78626,1,1,1.0,1
78627,1,1,0.95136863,1
78628,0,1,0.3973829,0
78629,1,1,0.99999964,1
78630,1,1,0.99999976,1
78631,1,1,0.36886027,1
78632,0,0,0.1464531,1
78633,1,1,0.99951875,1
78634,0,0,0.04698664,1
78635,1,1,0.3540421,1
78636,0,1,0.4401684,0
78637,1,1,0.9999924,1
78638,1,1,0.39755824,1
78639,1,0,0.1791712,0
78640,0,0,0.17567943,1
78641,1,0,0.00015537225,0
78642,1,1,0.9999968,1
78643,1,1,0.9933975,1
78644,0,1,0.9990188,0
78645,0,0,0.06884988,1
78646,0,1,0.6057407,0
78647,1,1,0.999985,1
78648,1,1,0.9781563,1
78649,1,1,0.9975514,1
78650,1,1,0.38427654,1
78651,0,0,0.22126654,1
78652,1,1,1.0,1
78653,1,1,0.99886644,1
78654,1,1,0.39767522,1
78655,0,1,1.0,0
78656,0,1,0.41347715,0
78657,1,1,0.9999908,1
78658,1,1,1.0,1
78659,1,1,1.0,1
78660,1,1,0.7643643,1
78661,1,1,0.9306476,1
78662,1,1,1.0,1
78663,0,0,0.14463143,1
78664,1,1,0.992062,1
78665,1,0,0.12137298,0
78666,0,0,0.15610489,1
78667,1,1,0.8834373,1
78668,1,0,0.083441176,0
78669,0,0,0.2604835,1
78670,0,0,0.024030639,1
78671,0,1,0.9999511,0
78672,1,1,0.99880517,1
78673,1,1,0.9903476,1
78674,1,0,0.122733355,0
78675,1,0,0.0607519,0
78676,0,0,0.24889913,1
78677,1,1,1.0,1
78678,1,1,0.99997926,1
78679,0,1,0.5206182,0
78680,1,1,0.9999989,1
78681,1,1,0.99219924,1
78682,0,1,0.98314995,0
78683,1,0,0.044389986,0
78684,1,1,0.9999999,1
78685,1,1,0.9996898,1
78686,0,0,0.046205748,1
78687,1,1,0.99999964,1
78688,1,1,0.99999595,1
78689,0,1,0.9999989,0
78690,0,1,0.47953415,0
78691,0,0,0.13540348,1
78692,1,1,1.0,1
78693,0,0,0.34064966,1
78694,1,1,0.9999988,1
78695,1,1,0.99999964,1
78696,1,1,0.83960253,1
78697,1,1,0.99999833,1
78698,1,1,0.9981505,1
78699,1,1,0.99955493,1
78700,1,1,0.99996674,1
78701,1,0,0.2991052,0
78702,1,0,0.2784039,0
78703,0,1,0.98771137,0
78704,0,1,0.75833166,0
78705,1,0,0.16545825,0
78706,1,1,0.99999976,1
78707,0,0,0.23283304,1
78708,0,0,0.1450548,1
78709,1,0,0.11757212,0
78710,0,1,0.735024,0
78711,1,1,0.9998141,1
78712,1,1,0.99996996,1
78713,0,0,0.10017222,1
78714,1,0,0.034618836,0
78715,0,0,0.11436852,1
78716,1,1,0.9993845,1
78717,0,0,0.027402505,1
78718,1,1,1.0,1
78719,1,1,0.99090964,1
78720,1,1,1.0,1
78721,0,0,0.10123348,1
78722,1,1,0.99975175,1
78723,0,0,0.013584393,1
78724,1,1,0.9999944,1
78725,0,1,0.9685006,0
78726,0,1,0.9992237,0
78727,0,0,0.28397995,1
78728,0,0,0.0090903845,1
78729,0,0,0.025516601,1
78730,0,0,0.245085,1
78731,0,1,0.90200704,0
78732,1,1,0.5571226,1
78733,0,1,0.90821165,0
78734,1,1,0.9342153,1
78735,0,1,0.65329283,0
78736,0,1,0.9207897,0
78737,1,0,0.2351084,0
78738,1,1,0.992597,1
78739,0,0,0.1588256,1
78740,0,1,0.82587075,0
78741,1,1,0.9756001,1
78742,0,0,0.018003466,1
78743,1,0,0.030559864,0
78744,1,1,0.9963994,1
78745,1,0,0.32739943,0
78746,0,0,0.1880256,1
78747,0,0,0.0053640567,1
78748,0,1,0.97142875,0
78749,1,1,0.9999852,1
78750,0,0,0.1668111,1
78751,1,0,0.13403742,0
78752,0,0,0.09492911,1
78753,0,0,0.11747085,1
78754,0,0,0.12973315,1
78755,0,1,0.40774605,0
78756,0,0,0.27732617,1
78757,0,1,0.93581736,0
78758,1,1,1.0,1
78759,1,1,1.0,1
78760,0,0,0.049359404,1
78761,1,1,0.9999944,1
78762,0,1,0.8492224,0
78763,0,0,0.06760824,1
78764,1,1,0.9999999,1
78765,1,0,0.09704756,0
78766,0,1,0.99193794,0
78767,1,1,0.9998822,1
78768,1,1,1.0,1
78769,0,1,0.81859183,0
78770,0,0,0.020042615,1
78771,1,1,1.0,1
78772,0,1,0.99776125,0
78773,0,1,0.9999939,0
78774,0,1,0.7927853,0
78775,0,0,0.15241031,1
78776,0,1,0.73139447,0
78777,1,1,0.9732661,1
78778,0,1,0.8581252,0
78779,1,0,0.07524433,0
78780,0,0,0.12137298,1
78781,0,0,0.024307016,1
78782,1,1,0.9999877,1
78783,1,0,0.11114469,0
78784,0,1,0.9431908,0
78785,1,1,1.0,1
78786,1,1,0.9393039,1
78787,1,1,1.0,1
78788,0,0,0.07004896,1
78789,0,1,0.78596646,0
78790,1,1,1.0,1
78791,0,0,0.33020115,1
78792,0,0,0.0002123566,1
78793,0,0,0.14211279,1
78794,0,0,0.2866183,1
78795,1,1,0.950503,1
78796,0,0,0.08411581,1
78797,0,0,0.10374862,1
78798,1,1,1.0,1
78799,1,0,0.09747628,0
78800,1,1,0.9960776,1
78801,0,0,0.10484337,1
78802,1,1,0.9996613,1
78803,1,1,0.9967397,1
78804,1,1,0.8502201,1
78805,1,1,0.99999905,1
78806,0,1,0.9452985,0
78807,1,1,1.0,1
78808,0,1,0.98340684,0
78809,0,1,0.99837387,0
78810,0,1,0.9970765,0
78811,0,0,0.21436231,1
78812,0,0,0.01964376,1
78813,1,1,0.82866174,1
78814,0,0,0.012970385,1
78815,1,1,0.99988127,1
78816,0,0,0.08570927,1
78817,0,1,0.87557435,0
78818,0,0,0.00030654366,1
78819,0,1,0.9983516,0
78820,1,1,1.0,1
78821,1,0,0.21076632,0
78822,0,0,0.21395142,1
78823,1,0,0.15746048,0
78824,1,1,0.97134733,1
78825,1,1,0.9999999,1
78826,1,0,0.053255424,0
78827,1,1,0.8959786,1
78828,1,0,0.1454185,0
78829,1,1,0.7032948,1
78830,1,1,0.99903214,1
78831,1,1,1.0,1
78832,1,1,0.96518475,1
78833,1,1,0.97513086,1
78834,1,1,0.5291417,1
78835,0,0,0.03821415,1
78836,0,0,0.09001297,1
78837,1,1,0.9998306,1
78838,1,1,0.6254953,1
78839,1,0,0.058131598,0
78840,1,1,0.99459416,1
78841,1,0,0.12080135,0
78842,0,0,0.092359796,1
78843,1,1,0.5251862,1
78844,0,1,0.5240293,0
78845,0,0,0.1929192,1
78846,0,0,0.3427915,1
78847,0,1,0.9997677,0
78848,1,1,0.9999995,1
78849,1,1,0.99991286,1
78850,1,1,0.41522485,1
78851,1,1,0.9999782,1
78852,1,1,1.0,1
78853,0,0,0.008968054,1
78854,0,1,0.8720208,0
78855,0,1,0.9763331,0
78856,1,0,0.17238072,0
78857,1,0,0.07336364,0
78858,1,1,0.9999999,1
78859,0,0,0.2271263,1
78860,1,1,0.9999584,1
78861,1,0,0.2998735,0
78862,0,1,0.99666256,0
78863,1,1,0.99999833,1
78864,0,0,0.103930384,1
78865,0,1,0.97436166,0
78866,1,0,0.08525123,0
78867,1,1,0.81405276,1
78868,1,0,0.0689125,0
78869,0,0,0.1765296,1
78870,1,1,0.9974837,1
78871,1,0,0.1377643,0
78872,1,1,0.9998568,1
78873,0,1,0.8710367,0
78874,0,0,0.2186694,1
78875,0,0,2.586037e-07,1
78876,0,1,0.82650185,0
78877,0,1,0.9846199,0
78878,0,0,0.18395983,1
78879,1,1,0.99997175,1
78880,1,1,0.9999995,1
78881,0,0,0.29670522,1
78882,0,1,0.40571362,0
78883,1,1,1.0,1
78884,0,0,0.03825006,1
78885,0,1,0.59313804,0
78886,0,0,0.14608724,1
78887,1,0,0.048405956,0
78888,1,1,1.0,1
78889,1,1,0.99999654,1
78890,1,1,0.99424744,1
78891,1,1,1.0,1
78892,0,0,0.2641685,1
78893,1,1,0.9999703,1
78894,0,0,0.06785488,1
78895,1,1,1.0,1
78896,0,0,0.04747001,1
78897,1,1,0.9999645,1
78898,0,1,0.99977833,0
78899,1,1,1.0,1
78900,1,1,0.98934746,1
78901,0,1,0.9918595,0
78902,0,1,0.7725306,0
78903,1,1,0.8945133,1
78904,0,0,0.030415535,1
78905,1,1,1.0,1
78906,0,1,0.4388453,0
78907,0,1,0.99703634,0
78908,0,1,0.7244319,0
78909,1,1,0.8177201,1
78910,0,1,0.50024414,0
78911,1,1,0.8102538,1
78912,1,0,0.31790254,0
78913,1,1,0.8482194,1
78914,0,1,0.4960328,0
78915,1,1,1.0,1
78916,0,0,0.23988315,1
78917,0,1,0.5880614,0
78918,0,0,0.12879884,1
78919,0,1,0.9999697,0
78920,1,1,0.9946878,1
78921,0,0,0.02041031,1
78922,1,1,1.0,1
78923,0,0,0.22789864,1
78924,1,1,0.96185756,1
78925,1,1,1.0,1
78926,1,1,0.99735296,1
78927,0,0,0.051749542,1
78928,1,1,0.7318259,1
78929,1,0,0.028060742,0
78930,0,1,0.3988454,0
78931,0,0,0.07094482,1
78932,1,0,0.028060742,0
78933,1,1,0.9999989,1
78934,1,1,0.9993242,1
78935,0,1,0.99991035,0
78936,1,1,0.9921233,1
78937,1,1,0.51415634,1
78938,1,0,0.053255424,0
78939,0,1,0.77149934,0
78940,0,0,0.17272931,1
78941,0,1,0.35253608,0
78942,0,1,0.999159,0
78943,0,0,0.07531231,1
78944,0,1,0.98657167,0
78945,0,1,0.9999975,0
78946,1,1,1.0,1
78947,1,1,0.9999975,1
78948,0,1,0.88710684,0
78949,1,0,0.20331182,0
78950,0,1,0.39114425,0
78951,1,0,0.0083967,0
78952,1,1,0.99999785,1
78953,1,1,0.9999999,1
78954,0,0,0.0729663,1
78955,1,1,0.996271,1
78956,0,1,0.7625125,0
78957,1,1,0.99797314,1
78958,1,1,0.9999993,1
78959,1,1,0.9878762,1
78960,1,1,0.45250568,1
78961,0,0,0.29188833,1
78962,1,1,1.0,1
78963,0,0,0.002992665,1
78964,0,0,0.01584536,1
78965,1,1,0.9999987,1
78966,1,1,1.0,1
78967,0,0,0.040464837,1
78968,1,0,0.0876419,0
78969,0,1,0.9654138,0
78970,0,0,0.064771704,1
78971,0,0,0.18757874,1
78972,0,1,0.9159594,0
78973,1,1,0.9999906,1
78974,1,1,0.99817204,1
78975,0,1,0.8059378,0
78976,1,0,0.04676847,0
78977,1,1,0.6147988,1
78978,0,1,0.43029696,0
78979,0,1,0.99580115,0
78980,1,0,0.160069,0
78981,0,0,0.15456733,1
78982,1,1,0.999985,1
78983,1,1,0.9984692,1
78984,1,1,0.9999299,1
78985,1,1,0.9999206,1
78986,0,0,0.11930549,1
78987,1,0,0.11426965,0
78988,0,1,0.8818186,0
78989,1,1,0.99986815,1
78990,0,0,0.19004667,1
78991,1,1,1.0,1
78992,0,1,0.5699125,0
78993,0,0,0.16789973,1
78994,1,1,1.0,1
78995,0,0,0.058185086,1
78996,1,1,0.9999039,1
78997,1,1,1.0,1
78998,1,1,0.9999919,1
78999,0,0,0.1524734,1
79000,1,1,1.0,1
79001,1,1,0.99999785,1
79002,1,1,0.86488205,1
79003,1,0,0.0610871,0
79004,0,1,0.9982692,0
79005,1,0,0.049130786,0
79006,0,0,0.1810459,1
79007,0,0,0.19406216,1
79008,1,1,0.46711907,1
79009,0,1,0.9999988,0
79010,0,1,0.35683882,0
79011,1,1,0.9014011,1
79012,1,1,0.99960726,1
79013,1,1,0.99456257,1
79014,0,1,0.41229352,0
79015,1,1,0.9982109,1
79016,0,0,0.15285237,1
79017,1,1,0.99976677,1
79018,0,1,0.9867005,0
79019,1,0,0.079638734,0
79020,0,1,0.9989857,0
79021,0,1,0.6432733,0
79022,1,1,0.99968743,1
79023,1,1,0.881513,1
79024,0,0,0.118742295,1
79025,0,1,0.82090056,0
79026,0,0,0.024191484,1
79027,1,1,0.99999666,1
79028,1,1,1.0,1
79029,1,0,0.041539967,0
79030,1,1,0.99485034,1
79031,0,1,0.9979372,0
79032,1,1,1.0,1
79033,1,1,0.99698395,1
79034,1,1,1.0,1
79035,1,0,0.016293107,0
79036,0,1,0.92114514,0
79037,0,0,0.06447655,1
79038,1,1,0.6387789,1
79039,0,1,0.82893884,0
79040,0,1,0.997414,0
79041,0,1,0.9957353,0
79042,1,1,0.9999683,1
79043,0,0,0.20971236,1
79044,1,1,0.9999788,1
79045,0,0,0.1509652,1
79046,0,0,0.20040116,1
79047,1,0,0.015365342,0
79048,1,1,0.97752154,1
79049,1,1,0.98475236,1
79050,1,1,0.99998116,1
79051,1,1,0.9905143,1
79052,1,0,0.08555635,0
79053,1,0,0.11656275,0
79054,1,1,0.9961681,1
79055,0,1,0.9998596,0
79056,0,1,0.4834655,0
79057,0,1,0.98065484,0
79058,1,1,0.99992573,1
79059,1,1,0.9622852,1
79060,0,1,0.9965904,0
79061,0,0,0.34665185,1
79062,0,0,0.23952717,1
79063,1,1,0.999188,1
79064,0,0,0.035444103,1
79065,0,0,0.25100458,1
79066,0,0,0.0393425,1
79067,0,0,0.13747455,1
79068,1,0,0.04177388,0
79069,0,0,0.09825224,1
79070,1,1,1.0,1
79071,0,0,0.037082024,1
79072,1,0,0.1185891,0
79073,1,1,0.9512329,1
79074,0,0,0.04050277,1
79075,0,1,0.9998766,0
79076,1,1,0.4413419,1
79077,1,1,0.9982351,1
79078,0,1,0.65946,0
79079,0,1,1.0,0
79080,1,1,1.0,1
79081,1,1,1.0,1
79082,1,0,0.08218025,0
79083,0,1,0.9999734,0
79084,1,0,0.026006784,0
79085,0,1,0.7183475,0
79086,1,1,1.0,1
79087,1,1,1.0,1
79088,1,1,1.0,1
79089,1,1,0.99985576,1
79090,1,1,1.0,1
79091,1,1,0.99999964,1
79092,1,0,0.07011259,0
79093,0,0,0.11848707,1
79094,1,0,0.27835485,0
79095,1,1,0.9999957,1
79096,1,1,0.5932558,1
79097,0,0,0.10669061,1
79098,0,0,0.01046884,1
79099,0,0,0.31163633,1
79100,1,1,0.99424744,1
79101,1,1,0.9999994,1
79102,1,1,0.9287327,1
79103,1,1,0.999688,1
79104,1,0,0.06779314,0
79105,1,1,0.97624266,1
79106,1,0,0.016721144,0
79107,1,1,0.9999442,1
79108,1,1,0.99999917,1
79109,0,0,0.34950498,1
79110,0,1,0.73101056,0
79111,1,0,0.036390893,0
79112,0,0,0.03839402,1
79113,0,0,0.20866227,1
79114,1,0,0.22533137,0
79115,1,0,0.02931223,0
79116,1,1,0.51000845,1
79117,1,1,0.9869292,1
79118,0,1,0.9948303,0
79119,1,1,0.7794058,1
79120,1,1,1.0,1
79121,0,0,0.008235631,1
79122,1,1,0.99995494,1
79123,1,1,0.94980925,1
79124,1,1,0.8103289,1
79125,0,1,0.36704338,0
79126,1,1,1.0,1
79127,0,1,0.5598917,0
79128,0,0,0.08471965,1
79129,1,1,0.9999454,1
79130,0,0,0.09518112,1
79131,0,1,0.99373454,0
79132,1,1,0.831006,1
79133,1,1,1.0,1
79134,1,1,0.9999422,1
79135,0,0,0.100348406,1
79136,1,0,0.03471688,0
79137,0,0,0.12002561,1
79138,1,1,0.9976404,1
79139,1,1,0.9739189,1
79140,0,1,0.702377,0
79141,0,1,0.820757,0
79142,1,1,1.0,1
79143,1,1,1.0,1
79144,0,0,0.26626188,1
79145,1,1,0.99936503,1
79146,0,1,0.9926542,0
79147,1,1,0.5878248,1
79148,1,0,0.14342749,0
79149,1,0,0.1665398,0
79150,0,1,0.99796116,0
79151,0,0,0.111724876,1
79152,0,0,0.11561079,1
79153,0,0,0.103295475,1
79154,1,0,0.1362632,0
79155,0,1,0.9999995,0
79156,1,1,0.9923934,1
79157,1,1,0.9999764,1
79158,0,0,0.09929539,1
79159,1,1,0.99746895,1
79160,0,0,0.038321972,1
79161,1,0,0.25054586,0
79162,1,1,0.9999994,1
79163,1,1,0.99994004,1
79164,1,1,0.982591,1
79165,1,1,0.9231778,1
79166,1,1,1.0,1
79167,1,1,0.999936,1
79168,0,1,0.9945201,0
79169,0,0,0.15418488,1
79170,1,1,0.38268924,1
79171,1,1,1.0,1
79172,1,1,0.9993773,1
79173,1,1,0.49481216,1
79174,1,0,0.011597362,0
79175,1,1,0.9992267,1
79176,1,1,0.99999964,1
79177,1,1,0.44706798,1
79178,0,1,0.9999999,0
79179,0,0,0.28572062,1
79180,0,1,0.99968004,0
79181,1,1,0.9951041,1
79182,1,1,0.99999905,1
79183,1,1,0.9896918,1
79184,1,1,0.9090225,1
79185,0,0,0.04668148,1
79186,1,1,0.81655276,1
79187,0,1,0.67260057,0
79188,1,1,0.60100824,1
79189,1,1,1.0,1
79190,0,0,0.32498476,1
79191,1,0,0.060863446,0
79192,0,0,0.0046545975,1
79193,0,0,0.12023207,1
79194,1,1,0.57493186,1
79195,1,1,0.99999285,1
79196,0,1,0.5112286,0
79197,1,1,0.9999784,1
79198,1,0,0.1522842,0
79199,0,0,0.028060742,1
79200,1,1,0.9918595,1
79201,0,1,0.64718527,0
79202,0,1,0.9715909,0
79203,0,0,0.14151855,1
79204,1,1,1.0,1
79205,1,1,0.9998118,1
79206,0,0,0.11299101,1
79207,1,1,0.98672616,1
79208,0,0,0.30860683,1
79209,1,1,1.0,1
79210,0,0,0.17518502,1
79211,0,0,0.048767094,1
79212,1,1,0.6633964,1
79213,0,1,0.38829905,0
79214,1,1,0.99832886,1
79215,0,1,0.999992,0
79216,1,1,0.988062,1
79217,1,1,0.99999297,1
79218,1,1,0.99984705,1
79219,1,0,0.12033541,0
79220,0,1,0.4633532,0
79221,0,1,0.64918953,0
79222,0,0,0.020138742,1
79223,0,0,0.09293445,1
79224,0,0,0.17759682,1
79225,1,1,0.85669243,1
79226,0,1,0.95683634,0
79227,1,1,0.47104073,1
79228,1,1,1.0,1
79229,1,1,1.0,1
79230,1,1,0.9829547,1
79231,1,0,0.096195176,0
79232,0,1,0.3747049,0
79233,1,1,0.9992022,1
79234,1,1,1.0,1
79235,1,1,0.964355,1
79236,1,1,0.89029425,1
79237,0,0,0.022780884,1
79238,1,1,1.0,1
79239,1,1,0.9998996,1
79240,1,1,0.99998975,1
79241,1,0,0.06910072,0
79242,1,1,0.9988796,1
79243,0,0,0.3089195,1
79244,1,1,0.9975514,1
79245,0,1,0.99737346,0
79246,0,1,0.99999976,0
79247,0,1,0.99999964,0
79248,0,0,0.18257123,1
79249,1,1,0.9999999,1
79250,0,1,0.99766326,0
79251,1,1,1.0,1
79252,0,1,0.66589963,0
79253,1,1,0.99984026,1
79254,1,1,1.0,1
79255,0,1,0.48834443,0
79256,0,1,0.37276205,0
79257,1,0,0.3033189,0
79258,0,0,0.047646955,1
79259,1,1,1.0,1
79260,0,0,0.026205411,1
79261,0,1,0.5369807,0
79262,1,1,0.99988127,1
79263,0,0,0.080719054,1
79264,1,0,0.20275874,0
79265,0,1,0.9997584,0
79266,1,0,0.24400252,0
79267,1,1,0.99998176,1
79268,1,1,0.9999999,1
79269,1,1,0.38615564,1
79270,1,1,0.99879813,1
79271,1,0,0.10530251,0
79272,1,1,1.0,1
79273,1,0,0.015633563,0
79274,0,0,0.08166611,1
79275,0,0,0.123365626,1
79276,0,0,0.29350573,1
79277,0,1,0.8587186,0
79278,0,1,0.6667681,0
79279,0,1,0.84325075,0
79280,1,0,0.15065254,0
79281,1,1,1.0,1
79282,1,1,0.9999577,1
79283,1,1,0.99989283,1
79284,1,1,0.9999989,1
79285,1,1,0.9999219,1
79286,1,1,0.9999994,1
79287,1,1,0.9709644,1
79288,1,1,0.9869544,1
79289,1,1,0.999902,1
79290,0,1,0.99986756,0
79291,0,1,0.4340714,0
79292,0,1,0.42838284,0
79293,1,1,0.99999976,1
79294,0,1,0.4834655,0
79295,0,0,0.081154905,1
79296,1,1,0.41658893,1
79297,1,0,0.032497507,0
79298,1,1,0.95506835,1
79299,0,0,0.1153614,1
79300,0,1,0.7731308,0
79301,0,0,0.08819005,1
79302,1,1,0.9864287,1
79303,1,0,0.08262328,0
79304,1,1,1.0,1
79305,1,1,0.8718026,1
79306,1,1,0.99999976,1
79307,0,1,0.93220687,0
79308,1,1,0.9994777,1
79309,1,1,1.0,1
79310,1,0,0.0021615503,0
79311,0,1,0.913368,0
79312,1,1,0.6084196,1
79313,1,1,0.93564117,1
79314,0,1,0.9951137,0
79315,1,0,0.15960999,0
79316,0,1,0.9993228,0
79317,0,1,0.5955514,0
79318,0,0,0.066206016,1
79319,1,1,0.9999827,1
79320,0,0,0.0013831174,1
79321,1,1,0.97212505,1
79322,1,1,0.7069497,1
79323,1,1,0.9870297,1
79324,1,1,0.9999584,1
79325,0,1,0.99973935,0
79326,1,1,0.57439476,1
79327,1,1,0.7864589,1
79328,0,0,0.010631946,1
79329,0,0,0.078571655,1
79330,1,1,0.999926,1
79331,1,1,0.99928623,1
79332,1,1,1.0,1
79333,0,0,0.0072608665,1
79334,0,0,0.16238002,1
79335,1,1,0.99996674,1
79336,0,0,0.07899691,1
79337,0,1,0.99896777,0
79338,1,1,0.97223073,1
79339,0,0,0.093595125,1
79340,0,1,0.37353298,0
79341,0,1,0.99807703,0
79342,1,1,0.999997,1
79343,0,1,0.84872156,0
79344,0,1,0.35527143,0
79345,1,1,0.99933714,1
79346,0,0,0.12929276,1
79347,0,1,0.41691536,0
79348,1,1,1.0,1
79349,1,1,1.0,1
79350,1,1,0.9999958,1
79351,0,1,0.6392295,0
79352,1,1,0.9999609,1
79353,1,1,0.9716986,1
79354,1,0,0.16701478,0
79355,1,1,1.0,1
79356,0,1,0.44116133,0
79357,1,1,0.5973143,1
79358,0,1,0.9987527,0
79359,0,1,0.7801604,0
79360,1,1,0.66589963,1
79361,1,0,0.043609526,0
79362,1,1,0.70947224,1
79363,1,1,0.9935743,1
79364,1,0,0.19721243,0
79365,1,1,1.0,1
79366,1,1,0.9999999,1
79367,0,0,0.1665398,1
79368,1,0,0.019512547,0
79369,1,1,1.0,1
79370,0,0,0.08411581,1
79371,0,1,0.36670312,0
79372,0,0,0.08525123,1
79373,0,1,0.9944343,0
79374,0,1,0.95013416,0
79375,0,1,0.7103772,0
79376,1,1,0.9999509,1
79377,0,0,0.038430087,1
79378,0,1,0.45114514,0
79379,0,1,0.99209267,0
79380,0,0,0.070751965,1
79381,1,1,0.9764232,1
79382,1,1,0.97891515,1
79383,1,1,0.99998474,1
79384,0,0,0.2213507,1
79385,0,0,0.08694165,1
79386,0,0,0.23423143,1
79387,0,1,0.6988949,0
79388,1,0,0.12389466,0
79389,1,0,0.09434341,0
79390,0,0,0.01883313,1
79391,1,1,0.9886901,1
79392,1,0,0.06632688,0
79393,0,0,0.08787644,1
79394,1,1,0.9745077,1
79395,0,0,0.14408864,1
79396,1,1,0.75319445,1
79397,1,1,0.8441522,1
79398,1,1,0.5251253,1
79399,1,1,0.99997306,1
79400,1,1,0.9995963,1
79401,1,1,0.94355595,1
79402,1,1,0.9512782,1
79403,1,1,0.9987453,1
79404,0,0,0.0056748753,1
79405,0,0,0.0354775,1
79406,1,1,0.999824,1
79407,1,1,1.0,1
79408,1,1,1.0,1
79409,1,1,0.99913234,1
79410,1,1,1.0,1
79411,1,1,1.0,1
79412,1,1,0.9999496,1
79413,0,1,0.98080254,0
79414,0,0,0.15021572,1
79415,1,1,1.0,1
79416,0,1,0.53837657,0
79417,1,1,0.89442116,1
79418,0,0,0.02859836,1
79419,1,0,0.25664562,0
79420,0,1,0.99914575,0
79421,1,1,0.7326396,1
79422,0,0,0.044431433,1
79423,1,1,0.82782817,1
79424,1,1,0.9995523,1
79425,1,1,0.99998,1
79426,1,1,0.9986802,1
79427,0,1,0.99999905,0
79428,0,0,0.017325716,1
79429,1,1,0.8162599,1
79430,0,0,0.1431278,1
79431,1,0,0.047205772,0
79432,0,1,0.52013075,0
79433,0,1,0.51238763,0
79434,1,0,0.32723817,0
79435,1,1,1.0,1
79436,0,1,0.9997749,0
79437,0,1,0.5431662,0
79438,1,1,0.99624926,1
79439,0,0,0.026912306,1
79440,1,1,0.9967206,1
79441,1,1,1.0,1
79442,0,0,0.16491956,1
79443,0,0,0.022759158,1
79444,0,0,0.054148693,1
79445,0,1,0.47843745,0
79446,1,1,0.9999995,1
79447,1,1,1.0,1
79448,1,1,0.9999299,1
79449,0,0,0.29047742,1
79450,1,1,0.99996626,1
79451,1,1,0.99642736,1
79452,0,1,0.6402423,0
79453,0,0,0.088425905,1
79454,0,0,0.14015962,1
79455,0,0,0.062103122,1
79456,0,0,0.12442563,1
79457,0,1,0.99999607,0
79458,0,1,0.99997187,0
79459,0,0,0.27391416,1
79460,1,1,1.0,1
79461,1,1,0.9999684,1
79462,0,1,0.40095457,0
79463,0,1,0.8115267,0
79464,0,1,1.0,0
79465,1,1,0.9999995,1
79466,1,1,1.0,1
79467,1,1,0.9999995,1
79468,1,1,1.0,1
79469,1,1,0.9998907,1
79470,0,0,0.10613344,1
79471,0,1,0.8984105,0
79472,0,0,0.050846573,1
79473,1,1,0.4461327,1
79474,0,0,0.027402505,1
79475,1,1,0.99936634,1
79476,0,0,0.14229147,1
79477,1,0,0.10706346,0
79478,1,0,0.08787644,0
79479,1,1,0.998884,1
79480,0,0,0.051082734,1
79481,1,0,0.01919745,0
79482,0,1,0.35728714,0
79483,0,0,0.028087387,1
79484,0,1,0.7446563,0
79485,0,0,0.18410648,1
79486,0,1,0.79787195,0
79487,0,0,0.08858347,1
79488,0,1,0.7495458,0
79489,1,1,0.9996971,1
79490,1,0,0.107437484,0
79491,0,0,0.12797923,1
79492,1,1,1.0,1
79493,1,1,0.9999943,1
79494,1,1,1.0,1
79495,0,1,0.997358,0
79496,0,1,0.36201012,0
79497,0,0,0.18053968,1
79498,1,1,0.4001046,1
79499,1,1,0.64573455,1
79500,0,1,0.9998623,0
79501,1,1,0.9998965,1
79502,0,0,0.06348236,1
79503,1,1,0.9417078,1
79504,1,1,0.99165195,1
79505,1,0,0.19216007,0
79506,1,0,0.1929192,0
79507,1,1,1.0,1
79508,1,1,0.9948902,1
79509,1,1,0.99993956,1
79510,0,0,0.18184364,1
79511,1,1,0.99407744,1
79512,0,0,0.21223202,1
79513,0,1,0.99808455,0
79514,1,1,0.9957104,1
79515,1,1,1.0,1
79516,1,1,0.9997198,1
79517,0,0,0.016121825,1
79518,1,1,1.0,1
79519,1,1,0.9874236,1
79520,1,1,0.99999285,1
79521,1,1,0.99293363,1
79522,0,1,0.8017807,0
79523,1,0,0.23633994,0
79524,0,0,0.1154611,1
79525,1,1,0.9925538,1
79526,0,1,0.99999225,0
79527,1,1,0.72335833,1
79528,0,1,0.5408632,0
79529,1,1,0.9995566,1
79530,1,1,0.9999219,1
79531,1,1,0.9999572,1
79532,1,1,0.9999976,1
79533,1,1,0.99999976,1
79534,0,1,0.99993026,0
79535,1,0,0.047249712,0
79536,0,1,0.60346454,0
79537,1,1,1.0,1
79538,1,1,0.9998876,1
79539,0,1,0.97881407,0
79540,1,1,0.99997985,1
79541,1,0,0.24725968,0
79542,1,1,0.90966654,1
79543,1,1,1.0,1
79544,1,0,0.23135361,0
79545,0,0,0.006314365,1
79546,0,0,0.108377546,1
79547,0,1,0.7689935,0
79548,0,0,0.13358468,1
79549,1,1,0.9999155,1
79550,0,0,0.032283258,1
79551,0,1,0.4638085,0
79552,1,1,0.9994418,1
79553,1,0,0.33824104,0
79554,0,1,0.7312985,0
79555,1,1,0.57385755,1
79556,0,1,0.8429925,0
79557,0,0,0.05975658,1
79558,0,0,0.12554705,1
79559,1,1,0.9904591,1
79560,1,1,0.9869795,1
79561,0,0,0.20236439,1
79562,0,1,0.73392886,0
79563,0,1,0.68494934,0
79564,1,1,0.9999958,1
79565,1,1,1.0,1
79566,1,0,0.314682,0
79567,0,0,0.10790661,1
79568,0,0,0.03021459,1
79569,1,1,0.99877197,1
79570,1,1,0.8864204,1
79571,0,0,0.08151975,1
79572,0,1,0.99351174,0
79573,0,0,0.30673468,1
79574,0,1,0.9756929,0
79575,1,1,0.98475236,1
79576,1,1,1.0,1
79577,1,0,0.2339688,0
79578,0,1,0.99993813,0
79579,0,0,0.07323097,1
79580,1,0,0.0147996405,0
79581,1,0,0.12341844,0
79582,1,0,0.09342957,0
79583,0,0,0.14288844,1
79584,1,1,0.9259697,1
79585,0,0,0.10475175,1
79586,1,1,0.99504673,1
79587,1,1,0.99771273,1
79588,1,0,0.012359919,0
79589,0,1,0.99949956,0
79590,1,0,0.13753247,0
79591,1,1,1.0,1
79592,1,1,0.36579645,1
79593,1,1,0.651632,1
79594,1,1,0.997358,1
79595,1,1,0.99225944,1
79596,0,1,0.56277734,0
79597,0,1,0.9695556,0
79598,1,1,0.9943909,1
79599,1,1,0.8926561,1
79600,0,1,0.3711366,0
79601,0,0,0.12247072,1
79602,0,0,0.020449394,1
79603,1,0,0.028167473,0
79604,0,1,0.9998907,0
79605,1,1,0.99987805,1
79606,1,1,0.9997998,1
79607,0,0,0.15546273,1
79608,1,1,0.999188,1
79609,0,1,0.42871168,0
79610,0,0,0.27202454,1
79611,1,1,0.965152,1
79612,1,1,0.730338,1
79613,0,0,0.107250325,1
79614,1,1,0.99999857,1
79615,1,1,0.9777776,1
79616,0,1,0.90105337,0
79617,1,1,1.0,1
79618,1,1,0.7403152,1
79619,0,0,0.045734633,1
79620,1,0,0.25100458,0
79621,0,0,0.084947094,1
79622,1,1,0.86442494,1
79623,1,1,0.99999964,1
79624,0,1,0.996597,0
79625,1,0,0.059101548,0
79626,0,0,0.087954745,1
79627,0,0,0.08079154,1
79628,1,1,0.99999666,1
79629,1,1,0.99955314,1
79630,0,1,0.98680264,0
79631,1,1,1.0,1
79632,0,1,0.9999999,0
79633,0,1,0.9997565,0
79634,1,0,0.18432663,0
79635,0,1,0.92421025,0
79636,1,1,0.9975514,1
79637,0,0,0.009232214,1
79638,0,0,0.20665379,1
79639,1,1,0.99989724,1
79640,0,1,0.3892563,0
79641,1,0,0.11377637,0
79642,0,0,0.18184364,1
79643,1,1,1.0,1
79644,1,1,0.99997497,1
79645,0,0,0.02800752,1
79646,1,1,0.998784,1
79647,0,0,0.2026798,1
79648,1,1,0.99999964,1
79649,0,1,0.94427973,0
79650,1,1,1.0,1
79651,1,0,0.03044435,0
79652,0,1,0.9827738,0
79653,1,1,0.9235233,1
79654,1,1,0.99986756,1
79655,1,0,0.00957791,0
79656,1,1,0.9996737,1
79657,1,1,0.99184376,1
79658,1,1,0.82147413,1
79659,0,1,0.9999826,0
79660,0,1,0.99543506,0
79661,1,1,0.9996947,1
79662,0,1,0.9901211,0
79663,0,1,0.9734181,0
79664,1,1,0.99990904,1
79665,1,1,0.9997918,1
79666,0,1,0.798344,0
79667,1,1,0.9999999,1
79668,1,1,0.71775436,1
79669,0,0,0.21717146,1
79670,0,0,0.093760945,1
79671,1,0,0.013848611,0
79672,0,0,0.091220066,1
79673,0,0,0.013532148,1
79674,1,1,0.7330221,1
79675,1,1,0.91452,1
79676,0,0,0.052327625,1
79677,0,0,0.29803148,1
79678,0,0,0.014899643,1
79679,0,1,1.0,0
79680,1,1,1.0,1
79681,0,1,0.45813656,0
79682,1,1,0.99999976,1
79683,1,1,0.9989034,1
79684,0,0,0.016882466,1
79685,1,0,0.007606673,0
79686,0,0,0.1305069,1
79687,1,0,0.10311471,0
79688,1,0,0.15354916,0
79689,1,0,0.042285025,0
79690,1,0,0.036908068,0
79691,1,1,1.0,1
79692,0,0,0.039379433,1
79693,0,0,0.031291503,1
79694,0,0,0.108377546,1
79695,1,1,0.9997316,1
79696,0,1,0.99946946,0
79697,1,1,0.73120254,1
79698,1,1,1.0,1
79699,1,1,0.9999994,1
79700,1,1,0.99999785,1
79701,1,1,0.9116528,1
79702,0,1,0.9994937,0
79703,0,0,0.07921033,1
79704,1,1,0.99999905,1
79705,0,1,0.9610615,0
79706,0,0,0.035111748,1
79707,1,0,0.34325916,0
79708,1,0,0.0002157,0
79709,0,0,0.09816574,1
79710,0,0,0.31816727,1
79711,1,1,0.99998116,1
79712,0,0,0.15077755,1
79713,1,1,0.99999917,1
79714,0,0,0.029873094,1
79715,1,1,0.9956006,1
79716,1,0,0.045948204,0
79717,0,1,0.4989624,0
79718,0,0,0.32305968,1
79719,1,1,0.9999999,1
79720,0,1,0.9999994,0
79721,0,0,0.022328783,1
79722,1,0,0.104660206,0
79723,1,0,0.20386599,0
79724,0,1,0.9999912,0
79725,0,1,1.0,0
79726,0,1,0.51665646,0
79727,1,1,0.99999964,1
79728,0,1,0.9648882,0
79729,1,1,0.9999999,1
79730,1,1,0.99894947,1
79731,0,0,0.0060386634,1
79732,1,1,0.45301986,1
79733,0,1,0.4343413,0
79734,0,0,0.0808641,1
79735,1,1,1.0,1
79736,1,1,1.0,1
79737,0,1,0.35734326,0
79738,0,1,0.99830914,0
79739,1,1,0.3797809,1
79740,0,1,0.5647587,0
79741,1,1,0.99572706,1
79742,0,1,0.99999976,0
79743,0,0,0.055874642,1
79744,1,1,0.9983386,1
79745,0,0,0.06773144,1
79746,1,1,0.9999801,1
79747,0,1,0.9999467,0
79748,1,1,0.8193158,1
79749,0,0,0.07928158,1
79750,1,1,1.0,1
79751,0,1,0.9943691,0
79752,1,1,0.9999541,1
79753,1,1,0.998835,1
79754,0,1,0.6052742,0
79755,0,0,0.10697014,1
79756,0,0,0.07290027,1
79757,0,1,0.3820262,0
79758,0,1,0.9999999,0
79759,1,1,0.64985645,1
79760,0,1,0.994615,0
79761,1,1,0.99871826,1
79762,1,1,0.9425068,1
79763,1,1,0.44245577,1
79764,1,1,0.99991417,1
79765,0,0,0.21109137,1
79766,0,0,0.122838534,1
79767,1,1,1.0,1
79768,0,1,0.99980134,0
79769,0,0,0.19605544,1
79770,0,1,0.9860443,0
79771,0,1,0.999997,0
79772,1,0,0.093181714,0
79773,0,0,0.03374837,1
79774,0,1,0.49511734,0
79775,1,1,0.99318933,1
79776,1,1,0.9991689,1
79777,1,0,0.026989132,0
79778,1,1,0.98582757,1
79779,0,1,1.0,0
79780,1,1,0.9997142,1
79781,0,1,0.9984207,0
79782,0,0,0.32939172,1
79783,0,1,0.999966,0
79784,1,1,0.99528164,1
79785,1,1,0.9999994,1
79786,1,1,0.9971551,1
79787,0,0,0.065365784,1
79788,0,0,0.055668924,1
79789,1,1,0.99671423,1
79790,0,1,0.84428066,0
79791,0,0,0.24716878,1
79792,0,0,0.05577169,1
79793,1,1,1.0,1
79794,0,1,0.6564931,0
79795,0,1,0.99998856,0
79796,1,1,0.99992216,1
79797,1,1,0.9999999,1
79798,0,1,0.765418,0
79799,1,1,0.9999677,1
79800,0,1,0.9999596,0
79801,1,1,0.9983026,1
79802,1,0,0.004991961,0
79803,0,1,0.9142142,0
79804,0,1,0.9038049,0
79805,0,1,0.992062,0
79806,1,1,0.9930962,1
79807,1,1,0.97726256,1
79808,0,0,0.24256429,1
79809,0,0,0.33676717,1
79810,1,1,0.9994307,1
79811,1,1,0.9999999,1
79812,1,1,0.99827254,1
79813,0,1,0.9999219,0
79814,1,1,0.99995816,1
79815,0,1,0.9997142,0
79816,1,1,0.9999902,1
79817,0,0,0.029035643,1
79818,0,0,0.013454153,1
79819,1,1,1.0,1
79820,1,1,0.9999999,1
79821,0,0,0.06080765,1
79822,0,0,0.12469186,1
79823,0,0,0.051893488,1
79824,0,1,0.43662202,0
79825,1,1,0.9999993,1
79826,0,1,0.8969756,0
79827,1,1,0.9998155,1
79828,1,1,0.7210071,1
79829,1,1,0.9999999,1
79830,0,1,0.8507168,0
79831,0,1,0.5043334,0
79832,0,1,0.46119878,0
79833,1,1,0.79366624,1
79834,0,1,0.72841036,0
79835,1,1,0.57755494,1
79836,0,1,0.7434475,0
79837,1,0,0.14706452,0
79838,1,1,1.0,1
79839,1,1,0.8053262,1
79840,0,0,0.12179017,1
79841,0,1,0.6856864,0
79842,1,1,0.94176143,1
79843,1,1,1.0,1
79844,0,1,0.63062805,0
79845,1,1,0.99892044,1
79846,0,0,0.03027187,1
79847,1,1,0.4813319,1
79848,1,1,0.9966365,1
79849,1,1,1.0,1
79850,1,1,0.9964064,1
79851,1,1,0.9364014,1
79852,1,0,0.09602549,0
79853,1,1,0.9991186,1
79854,0,0,0.113383114,1
79855,1,1,0.9961456,1
79856,0,0,0.14584377,1
79857,0,1,0.89395916,0
79858,1,1,0.9823047,1
79859,0,0,0.010489091,1
79860,0,0,0.28298813,1
79861,1,1,1.0,1
79862,1,1,1.0,1
79863,1,1,0.9576358,1
79864,1,1,0.90473473,1
79865,0,0,0.30300945,1
79866,0,1,0.40901423,0
79867,1,1,1.0,1
79868,1,1,1.0,1
79869,1,1,0.97869223,1
79870,0,0,0.10087861,1
79871,0,1,0.99827254,0
79872,1,1,0.6561627,1
79873,1,0,0.1685146,0
79874,0,1,0.3816804,0
79875,0,0,0.15928277,1
79876,0,0,0.3304172,1
79877,1,1,0.37016848,1
79878,1,1,0.9997893,1
79879,1,0,0.22177176,0
79880,1,1,0.99977833,1
79881,0,0,0.23326942,1
79882,1,0,0.28841874,0
79883,0,1,0.999049,0
79884,0,0,0.061649624,1
79885,1,1,1.0,1
79886,1,1,0.99502736,1
79887,0,0,0.042009052,1
79888,1,0,0.047869008,0
79889,1,1,0.99999905,1
79890,0,1,0.953188,0
79891,1,1,0.8581252,1
79892,0,0,0.22695492,1
79893,1,1,1.0,1
79894,1,1,1.0,1
79895,0,1,0.99883956,0
79896,0,0,0.30383506,1
79897,0,0,0.15636237,1
79898,1,1,0.999969,1
79899,1,1,0.99999654,1
79900,0,0,0.026581828,1
79901,1,0,0.09833879,0
79902,1,1,0.99999976,1
79903,1,1,1.0,1
79904,0,0,0.13318956,1
79905,1,0,0.19923009,0
79906,1,0,0.04659464,0
79907,1,1,0.67923194,1
79908,0,0,0.091625646,1
79909,1,1,0.8221891,1
79910,0,1,0.8134608,0
79911,0,1,0.9975321,0
79912,1,1,0.67976356,1
79913,0,1,0.98442644,0
79914,0,1,0.47804147,0
79915,1,1,0.97093683,1
79916,0,0,0.11884453,1
79917,1,1,0.999572,1
79918,1,1,0.99993646,1
79919,0,0,0.24037316,1
79920,1,1,1.0,1
79921,1,1,0.9713201,1
79922,1,1,1.0,1
79923,1,1,1.0,1
79924,1,1,0.98680264,1
79925,0,0,0.13747455,1
79926,0,1,0.9999925,0
79927,1,1,0.99997807,1
79928,1,0,0.12543987,0
79929,1,1,0.97664696,1
79930,0,0,0.012383786,1
79931,0,1,0.85693204,0
79932,1,1,0.9429286,1
79933,1,1,0.84273374,1
79934,1,0,0.07094482,0
79935,0,1,1.0,0
79936,0,0,0.05198967,1
79937,1,1,0.99704784,1
79938,0,1,0.708868,0
79939,0,1,0.5378911,0
79940,1,0,0.015814932,0
79941,1,1,0.99999976,1
79942,1,1,0.99998116,1
79943,1,1,1.0,1
79944,1,1,0.9999969,1
79945,1,0,0.1737784,0
79946,0,1,0.97836393,0
79947,1,1,1.0,1
79948,1,0,0.08555635,0
79949,1,1,0.9999522,1
79950,1,1,0.9999974,1
79951,1,1,1.0,1
79952,1,0,0.0705596,0
79953,1,1,0.8512122,1
79954,1,0,0.21592887,0
79955,1,0,0.06058495,0
79956,0,0,0.26369417,1
79957,1,1,1.0,1
79958,1,1,0.98228765,1
79959,0,0,0.04863137,1
79960,0,1,0.9992267,0
79961,0,1,0.9993625,0
79962,0,1,0.9848401,0
79963,0,1,0.40433103,0
79964,1,1,0.9999728,1
79965,1,1,0.90950596,1
79966,0,0,0.22746935,1
79967,0,0,0.01890545,1
79968,1,1,0.9521755,1
79969,0,1,0.8729984,0
79970,0,0,0.043895524,1
79971,1,1,0.99999964,1
79972,1,1,0.99999547,1
79973,1,1,1.0,1
79974,0,0,0.15804437,1
79975,1,1,1.0,1
79976,0,1,0.96606,0
79977,1,0,0.070176296,0
79978,1,1,0.9979007,1
79979,1,1,0.9716448,1
79980,1,1,0.81375694,1
79981,0,1,0.63108295,0
79982,1,1,1.0,1
79983,1,0,0.054802597,0
79984,1,1,1.0,1
79985,0,1,0.8230441,0
79986,1,1,1.0,1
79987,1,0,0.07376295,0
79988,0,0,0.07885492,1
79989,1,1,1.0,1
79990,1,1,0.9996959,1
79991,0,0,0.33268967,1
79992,1,1,0.9882222,1
79993,1,1,1.0,1
79994,1,1,0.9231778,1
79995,0,1,0.5046385,0
79996,0,1,0.6414785,0
79997,0,0,0.0343263,1
79998,1,1,0.7874412,1
79999,0,0,0.11240509,1
80000,1,1,1.0,1
80001,1,1,0.9999807,1
80002,1,1,1.0,1
80003,0,1,0.7318738,0
80004,1,0,0.27216962,0
80005,0,0,0.07538034,1
80006,0,1,0.99999034,0
80007,0,1,0.39495912,0
80008,1,1,0.99989843,1
80009,1,1,1.0,1
80010,0,1,0.99961627,0
80011,1,1,0.9585377,1
80012,0,1,0.4711624,0
80013,1,1,0.99994874,1
80014,0,1,0.8040984,0
80015,0,1,0.82976806,0
80016,0,0,0.19659473,1
80017,0,1,0.85452086,0
80018,1,1,0.9999963,1
80019,0,0,0.06822642,1
80020,1,1,1.0,1
80021,1,1,0.99999547,1
80022,1,1,0.9807473,1
80023,1,1,0.99998224,1
80024,0,1,0.8089743,0
80025,0,1,0.96518475,0
80026,1,1,1.0,1
80027,1,1,0.9996711,1
80028,0,0,0.32691577,1
80029,0,0,0.083965465,1
80030,0,1,0.9983321,0
80031,1,1,0.9996762,1
80032,0,0,0.008779109,1
80033,1,0,0.20442131,0
80034,0,0,0.12907304,1
80035,1,1,1.0,1
80036,1,1,0.480113,1
80037,0,0,0.091301054,1
80038,0,1,0.61929864,0
80039,1,1,0.9951703,1
80040,0,0,0.0238936,1
80041,0,0,0.09260568,1
80042,0,1,0.9999999,0
80043,1,1,0.99066,1
80044,0,1,0.9999919,0
80045,0,1,0.46690637,0
80046,1,0,0.10715685,0
80047,1,1,0.99973255,1
80048,1,1,0.818011,1
80049,1,1,1.0,1
80050,1,1,0.9343353,1
80051,0,0,0.003642891,1
80052,0,0,0.25376853,1
80053,0,0,0.2657852,1
80054,1,1,0.99398476,1
80055,0,0,0.034848027,1
80056,1,1,0.99933845,1
80057,1,1,0.89796406,1
80058,1,1,0.99998844,1
80059,1,0,0.010110846,0
80060,1,1,1.0,1
80061,1,1,0.9678385,1
80062,0,1,0.99989367,0
80063,1,0,0.09518112,0
80064,0,0,0.11446747,1
80065,1,1,0.999015,1
80066,1,0,0.036977556,0
80067,0,0,0.051272422,1
80068,1,0,0.011266296,0
80069,1,1,1.0,1
80070,1,0,0.1229438,0
80071,0,1,0.57511085,0
80072,1,1,0.9999883,1
80073,0,1,0.89733595,0
80074,1,1,0.989791,1
80075,0,1,0.947186,0
80076,0,1,0.984063,0
80077,1,1,0.99999726,1
80078,1,1,0.99992514,1
80079,1,1,1.0,1
80080,0,1,0.9944666,0
80081,1,0,0.15591201,0
80082,1,1,0.99866724,1
80083,1,1,1.0,1
80084,1,1,0.99999475,1
80085,0,0,0.0033179717,1
80086,1,1,0.99770385,1
80087,1,0,0.049313605,0
80088,0,0,0.16231363,1
80089,1,1,1.0,1
80090,0,0,0.07152632,1
80091,0,1,0.4180434,0
80092,0,0,0.0527164,1
80093,0,1,1.0,0
80094,1,1,1.0,1
80095,1,1,0.9619649,1
80096,0,0,0.041812986,1
80097,0,1,0.9923341,0
80098,0,1,1.0,0
80099,1,1,1.0,1
80100,1,0,0.0842664,0
80101,1,0,0.10530251,0
80102,0,0,0.1365508,1
80103,1,1,0.9990073,1
80104,0,1,0.99999464,0
80105,1,1,0.89199936,1
80106,1,0,0.005240449,0
80107,1,1,1.0,1
80108,0,0,0.029563345,1
80109,0,0,0.057229258,1
80110,0,0,0.08479541,1
80111,1,1,0.9999999,1
80112,0,1,0.999688,0
80113,1,1,0.9999987,1
80114,0,1,0.8217605,0
80115,0,1,0.88671505,0
80116,0,1,0.97773504,0
80117,1,1,0.9999924,1
80118,0,1,0.96688277,0
80119,0,0,0.004991961,1
80120,1,0,0.1338675,0
80121,1,1,1.0,1
80122,1,1,1.0,1
80123,0,0,0.25275272,1
80124,0,1,0.7205158,0
80125,1,0,0.031858858,0
80126,1,1,0.96249723,1
80127,1,1,1.0,1
80128,0,1,0.70426184,0
80129,1,0,0.17511447,0
80130,0,0,0.11797801,1
80131,1,0,0.14511536,0
80132,0,1,0.43587148,0
80133,1,1,0.99411184,1
80134,1,0,0.16264586,0
80135,1,1,0.99999976,1
80136,1,1,0.50201416,1
80137,0,0,0.19375685,1
80138,1,1,0.99996626,1
80139,1,1,1.0,1
80140,0,1,0.8356178,0
80141,1,1,0.99999917,1
80142,0,0,0.10123348,1
80143,1,1,0.91125876,1
80144,1,1,0.82290184,1
80145,0,1,0.37327594,0
80146,0,0,0.013096004,1
80147,1,0,0.0876419,0
80148,1,0,0.16926852,0
80149,0,1,0.70063883,0
80150,0,0,0.0025459477,1
80151,1,0,0.11075938,0
80152,1,1,0.9998623,1
80153,1,0,0.13358468,0
80154,0,1,0.99977654,0
80155,1,1,0.9999881,1
80156,1,0,0.1850619,0
80157,0,0,0.12064587,1
80158,0,0,0.20024472,1
80159,1,1,0.99999654,1
80160,0,0,0.23625182,1
80161,0,1,0.97313875,0
80162,1,1,0.9999968,1
80163,1,0,0.25173965,0
80164,0,0,0.15960999,1
80165,1,1,0.9999919,1
80166,0,1,0.9988463,0
80167,0,0,0.11576064,1
80168,0,0,0.06412401,1
80169,0,1,0.9811126,0
80170,1,0,0.2516477,0
80171,0,1,0.7397986,0
80172,1,1,0.93851966,1
80173,0,0,0.105210535,1
80174,1,1,0.98201376,1
80175,0,1,0.9995092,0
80176,0,0,0.21036048,1
80177,0,1,0.76611876,0
80178,1,1,0.9982993,1
80179,1,1,0.8964329,1
80180,1,1,1.0,1
80181,0,0,0.035779487,1
80182,1,1,0.91781974,1
80183,0,1,1.0,0
80184,1,1,0.9999976,1
80185,0,0,0.22388572,1
80186,0,1,0.97957015,0
80187,1,1,0.99629277,1
80188,0,0,0.027874898,1
80189,1,1,0.93089926,1
80190,0,0,0.22244667,1
80191,1,0,0.028953163,0
80192,1,0,0.20410384,0
80193,1,1,0.9985221,1
80194,1,1,0.7108291,1
80195,1,1,0.9997305,1
80196,1,1,0.9999999,1
80197,1,1,1.0,1
80198,1,1,0.9980506,1
80199,1,1,0.99998593,1
80200,1,1,0.8937739,1
80201,0,1,0.99460465,0
80202,1,1,1.0,1
80203,0,1,0.43764323,0
80204,0,0,0.028087387,1
80205,1,1,0.94694114,1
80206,0,0,0.34911656,1
80207,1,1,0.99918,1
80208,1,0,0.12331283,0
80209,0,1,0.8345418,0
80210,1,1,0.9999461,1
80211,0,1,0.96853036,0
80212,0,0,0.086323485,1
80213,1,1,0.9999999,1
80214,1,1,1.0,1
80215,0,0,0.17852582,1
80216,1,1,1.0,1
80217,0,1,0.99642736,0
80218,1,0,0.089375086,0
80219,0,0,0.05686155,1
80220,1,1,0.5916053,1
80221,0,0,0.15552686,1
80222,0,0,0.29406288,1
80223,0,0,0.22841457,1
80224,0,0,0.07716922,1
80225,0,1,0.6065567,0
80226,0,1,0.9932288,0
80227,0,1,0.5890073,0
80228,0,1,0.89724606,0
80229,0,1,0.76585615,0
80230,0,1,0.9999982,0
80231,0,1,0.90982693,0
80232,1,1,0.9999999,1
80233,1,1,0.9999678,1
80234,1,0,0.16052906,0
80235,1,1,0.5767804,1
80236,0,0,0.26350462,1
80237,1,1,0.9894091,1
80238,0,1,0.6003641,0
80239,0,1,0.41914263,0
80240,1,1,0.9999993,1
80241,0,0,0.17938675,1
80242,0,0,0.0012497095,1
80243,1,1,1.0,1
80244,1,1,0.98498523,1
80245,1,1,0.9421883,1
80246,0,0,0.20641372,1
80247,1,0,0.079638734,0
80248,0,1,0.8812066,0
80249,1,1,0.7334519,1
80250,1,1,1.0,1
80251,0,1,0.96021223,0
80252,0,0,0.21950476,1
80253,0,0,0.058884703,1
80254,0,0,0.05728198,1
80255,0,0,0.029958112,1
80256,1,1,0.9499951,1
80257,0,0,0.004390866,1
80258,1,1,0.9999999,1
80259,0,0,0.2758119,1
80260,1,1,0.69580334,1
80261,0,1,0.99970347,0
80262,1,1,0.99952626,1
80263,1,0,0.050283972,0
80264,1,1,0.99999976,1
80265,1,1,0.9999825,1
80266,1,1,0.8296301,1
80267,1,0,0.085403666,0
80268,1,1,0.9995584,1
80269,0,0,0.16284543,1
80270,1,1,0.9909972,1
80271,1,1,1.0,1
80272,1,1,0.99921143,1
80273,0,0,0.0017040416,1
80274,0,1,0.6712012,0
80275,0,1,0.6902982,0
80276,0,1,0.954393,0
80277,1,1,0.96618783,1
80278,1,1,0.9999901,1
80279,1,1,0.9999914,1
80280,0,0,0.0043399334,1
80281,0,0,0.17511447,1
80282,1,1,1.0,1
80283,0,0,0.012600624,1
80284,1,1,0.87652874,1
80285,0,0,0.024099445,1
80286,1,1,0.99999976,1
80287,0,1,0.6685017,0
80288,1,1,0.8704873,1
80289,1,0,0.06626642,0
80290,1,1,0.9998591,1
80291,1,1,0.9999999,1
80292,1,1,0.99999464,1
80293,0,0,0.108850285,1
80294,0,1,0.9146726,0
80295,1,1,1.0,1
80296,0,0,0.04972728,1
80297,1,1,1.0,1
80298,0,1,0.5874107,0
80299,1,1,0.3816228,1
80300,1,1,0.99896777,1
80301,1,1,0.82275945,1
80302,1,1,0.99999917,1
80303,1,1,1.0,1
80304,0,0,0.00034734528,1
80305,0,0,0.10374862,1
80306,1,1,0.9996718,1
80307,1,1,0.9650203,1
80308,1,0,0.080213256,0
80309,1,1,1.0,1
80310,1,1,0.9999622,1
80311,1,0,0.12814279,0
80312,0,1,0.5779718,0
80313,0,1,0.9988708,0
80314,1,1,0.8177201,1
80315,0,1,0.83801806,0
80316,0,0,0.10347653,1
80317,1,1,0.99999857,1
80318,1,1,1.0,1
80319,1,0,0.013982613,0
80320,1,1,0.98947024,1
80321,1,0,0.23686911,0
80322,0,1,0.99922967,0
80323,1,1,1.0,1
80324,1,1,0.99566,1
80325,0,1,0.9950563,0
80326,0,0,0.32471702,1
80327,1,1,0.9802997,1
80328,0,1,0.9999933,0
80329,0,0,0.007331598,1
80330,0,0,0.12803373,1
80331,0,0,0.22456521,1
80332,1,1,0.5107405,1
80333,1,1,0.99996066,1
80334,0,0,0.04535258,1
80335,1,0,0.2162597,0
80336,1,1,0.9993094,1
80337,0,1,0.78637683,0
80338,0,1,0.4324528,0
80339,0,1,0.91321325,0
80340,1,1,1.0,1
80341,0,0,0.022307474,1
80342,1,0,0.17106119,0
80343,1,1,0.9981828,1
80344,1,1,0.93177354,1
80345,1,0,0.14463143,0
80346,0,1,0.705024,0
80347,0,0,0.28239402,1
80348,0,1,0.97752154,0
80349,1,1,0.99999976,1
80350,0,1,0.99857306,0
80351,0,0,0.04577727,1
80352,1,0,0.24283355,0
80353,1,1,0.9963994,1
80354,0,0,0.08359068,1
80355,0,1,0.99994326,0
80356,0,0,0.02761149,1
80357,0,1,0.44912082,0
80358,1,0,0.30933657,0
80359,1,0,0.072243005,0
80360,0,1,0.9043975,0
80361,0,0,0.003614644,1
80362,1,1,1.0,1
80363,1,1,0.6552808,1
80364,1,1,0.4527779,1
80365,0,0,0.32487765,1
80366,0,1,0.99373454,0
80367,1,1,0.93611,1
80368,0,0,0.042206,1
80369,1,1,1.0,1
80370,1,1,0.42092687,1
80371,1,1,0.98752034,1
80372,1,1,0.99999845,1
80373,1,1,0.76361597,1
80374,1,1,0.99983966,1
80375,1,1,0.99999917,1
80376,0,1,0.9997086,0
80377,0,1,0.9997336,0
80378,0,1,0.55404824,0
80379,1,1,0.42226636,1
80380,0,1,0.9084556,0
80381,0,0,0.017275905,1
80382,1,1,0.9615338,1
80383,1,1,0.99977213,1
80384,1,0,0.3354053,0
80385,1,1,0.9442283,1
80386,1,1,0.99999225,1
80387,1,1,0.9999993,1
80388,0,1,0.9933975,0
80389,1,1,0.99877447,1
80390,1,1,0.953188,1
80391,1,0,0.098079324,0
80392,1,0,0.060975183,0
80393,1,1,0.45081267,1
80394,1,1,0.5683559,1
80395,1,1,0.9999999,1
80396,0,1,0.37831554,0
80397,1,0,0.090253234,0
80398,1,1,0.99386686,1
80399,0,1,0.9998134,0
80400,1,1,0.57773364,1
80401,0,0,0.23616374,1
80402,0,1,0.7439594,0
80403,0,0,0.09602549,1
80404,0,1,0.96628344,0
80405,1,1,0.9999981,1
80406,1,1,0.99958915,1
80407,0,1,0.9999871,0
80408,1,1,0.9994081,1
80409,1,1,0.99997556,1
80410,0,1,0.904903,0
80411,0,1,0.37022537,0
80412,0,0,0.2295352,1
80413,1,1,0.9997631,1
80414,0,0,0.1454185,1
80415,1,1,1.0,1
80416,1,1,0.9999491,1
80417,1,1,0.9999999,1
80418,1,1,0.9999999,1
80419,0,0,0.015130728,1
80420,0,0,0.04177388,1
80421,1,1,1.0,1
80422,1,0,0.0017443813,0
80423,1,1,0.9999995,1
80424,0,1,0.99999845,0
80425,1,1,1.0,1
80426,1,1,1.0,1
80427,1,1,0.99985623,1
80428,1,1,0.99485034,1
80429,1,1,0.99997675,1
80430,1,1,0.9999387,1
80431,1,1,0.99999535,1
80432,1,1,0.99999857,1
80433,1,1,0.98313373,1
80434,0,1,0.9831822,0
80435,0,1,0.39805537,0
80436,1,1,0.5261602,1
80437,0,0,0.18454698,1
80438,0,1,0.7404091,0
80439,0,0,0.20024472,1
80440,0,0,0.028409066,1
80441,1,0,0.15610489,0
80442,1,1,0.9433476,1
80443,0,0,0.077727415,1
80444,0,0,0.060252324,1
80445,0,1,1.0,0
80446,1,1,0.9998827,1
80447,0,1,0.58498263,0
80448,0,1,0.891055,0
80449,0,0,0.11736965,1
80450,1,1,1.0,1
80451,0,0,0.05802475,1
80452,0,0,0.094176665,1
80453,1,1,0.9999995,1
80454,0,0,0.02199022,1
80455,1,1,0.80882335,1
80456,1,1,0.9199307,1
80457,1,1,0.99999166,1
80458,1,0,0.0071491017,0
80459,0,1,0.38499883,0
80460,0,0,0.05098815,1
80461,1,1,1.0,1
80462,0,1,0.9999542,0
80463,1,1,0.98961186,1
80464,1,1,0.6674187,1
80465,0,0,0.11656275,1
80466,0,0,0.07928158,1
80467,0,0,0.3506437,1
80468,1,1,1.0,1
80469,1,1,1.0,1
80470,1,1,1.0,1
80471,1,1,0.9999746,1
80472,1,1,0.99999046,1
80473,1,1,0.9999857,1
80474,0,1,0.88252914,0
80475,0,1,0.51330256,0
80476,0,0,0.13184245,1
80477,1,1,0.99999845,1
80478,1,1,0.8071568,1
80479,1,1,0.99999976,1
80480,1,1,0.9993462,1
80481,0,0,0.27401125,1
80482,0,0,0.10074583,1
80483,0,0,0.054600604,1
80484,0,1,1.0,0
80485,1,0,0.31038073,0
80486,1,0,0.33155248,0
80487,1,1,0.9999652,1
80488,0,1,0.35214606,0
80489,1,1,0.9328826,1
80490,0,1,0.99996233,0
80491,1,0,0.040464837,0
80492,1,1,0.9260366,1
80493,0,1,0.6781671,0
80494,0,0,0.09041373,1
80495,1,0,0.021512313,0
80496,0,0,0.25376853,1
80497,0,1,0.99758923,0
80498,1,1,0.9982522,1
80499,1,1,0.9939143,1
80500,1,1,0.666334,1
80501,1,1,0.70380396,1
80502,0,0,0.0415011,1
80503,1,1,0.65329283,1
80504,0,1,0.99897975,0
80505,1,0,0.3043,0
80506,0,0,0.046378206,1
80507,1,0,0.14922118,0
80508,1,1,0.54425645,1
80509,0,0,0.12506539,1
80510,1,0,0.036493763,0
80511,1,1,0.9999974,1
80512,1,0,0.08977329,0
80513,1,1,0.9975274,1
80514,1,1,0.8524448,1
80515,1,1,0.9986303,1
80516,0,0,0.053700306,1
80517,1,0,0.2962469,0
80518,0,1,0.9327602,0
80519,1,1,1.0,1
80520,1,1,1.0,1
80521,0,1,0.8890481,0
80522,1,1,0.99998546,1
80523,0,1,0.70380396,0
80524,0,1,0.9006172,0
80525,0,1,0.7775534,0
80526,1,1,0.99994934,1
80527,1,1,0.99995613,1
80528,1,0,0.19117662,0
80529,0,0,0.20601411,1
80530,0,0,0.24762337,1
80531,1,1,0.99976856,1
80532,0,1,0.4084537,0
80533,1,1,0.99683964,1
80534,0,1,0.9993575,0
80535,0,1,0.9997749,0
80536,1,1,0.99999297,1
80537,1,1,0.9999943,1
80538,1,1,0.8152325,1
80539,1,1,0.5794004,1
80540,1,1,0.99999917,1
80541,0,0,0.077727415,1
80542,0,1,0.95013416,0
80543,1,0,0.20521656,0
80544,1,0,0.29203972,0
80545,1,1,0.98715407,1
80546,1,0,0.30845058,0
80547,0,0,0.07165614,1
80548,1,1,0.99999964,1
80549,0,0,0.051558185,1
80550,1,1,0.46135047,1
80551,1,1,0.9886464,1
80552,0,0,0.004038592,1
80553,1,1,0.9999292,1
80554,0,1,0.69269395,0
80555,1,1,1.0,1
80556,0,1,0.9996718,0
80557,0,0,0.16694687,1
80558,1,1,0.4253367,1
80559,1,1,0.99990356,1
80560,0,1,0.388415,0
80561,0,0,0.28917095,1
80562,1,1,0.4702196,1
80563,0,1,0.7337381,0
80564,0,0,0.01858215,1
80565,0,0,0.2771794,1
80566,1,1,0.9999993,1
80567,1,0,0.15752526,0
80568,1,1,0.9968458,1
80569,1,0,0.06424133,0
80570,1,1,0.98197925,1
80571,1,1,0.48154524,1
80572,0,1,0.40488976,0
80573,0,0,0.01694742,1
80574,1,1,0.8057851,1
80575,0,1,0.38093168,0
80576,1,1,0.35376298,1
80577,0,1,0.961171,0
80578,1,1,1.0,1
80579,1,1,0.75976056,1
80580,0,0,0.035779487,1
80581,1,1,0.9975656,1
80582,0,1,0.4468869,0
80583,1,0,0.108850285,0
80584,0,1,0.9931363,0
80585,0,0,0.19536372,1
80586,1,1,0.9999994,1
80587,1,1,0.4674837,1
80588,0,0,0.0045561143,1
80589,0,0,0.14235108,1
80590,1,1,0.46675444,1
80591,0,1,0.9509604,0
80592,0,0,0.33415475,1
80593,1,1,0.99736315,1
80594,1,0,0.10734387,0
80595,0,1,0.9893063,0
80596,1,1,0.99999976,1
80597,1,1,0.9999987,1
80598,1,0,0.11397346,0
80599,0,1,0.66197747,0
80600,0,1,0.85145944,0
80601,1,1,0.99836427,1
80602,0,1,0.9984603,0
80603,1,1,0.9999999,1
80604,1,0,0.006823954,0
80605,0,1,0.9113377,0
80606,0,1,0.99997044,0
80607,1,1,0.99999475,1
80608,1,1,0.36105207,1
80609,1,1,0.99999857,1
80610,1,0,0.12808825,0
80611,1,1,0.94664603,1
80612,1,1,0.9999745,1
80613,0,0,0.070880495,1
80614,0,0,0.25641283,1
80615,0,0,0.2205942,1
80616,1,1,0.9991117,1
80617,0,1,0.959001,0
80618,1,1,0.852813,1
80619,0,1,0.35639066,0
80620,1,1,0.9971384,1
80621,1,1,0.7056329,1
80622,1,1,0.9960622,1
80623,1,1,0.9587699,1
80624,0,0,0.030530943,1
80625,1,1,0.5294459,1
80626,0,0,0.06941548,1
80627,1,1,1.0,1
80628,1,1,0.62629557,1
80629,0,0,0.31668618,1
80630,0,0,0.008728267,1
80631,1,1,0.99997663,1
80632,1,1,0.9999851,1
80633,1,1,0.9991491,1
80634,0,0,0.0794957,1
80635,1,0,0.16418117,0
80636,1,1,0.5441959,1
80637,1,1,0.99999785,1
80638,1,1,0.9971661,1
80639,0,1,0.9996178,0
80640,1,1,0.9985221,1
80641,0,0,0.17009403,1
80642,1,1,0.51714414,1
80643,1,1,0.99711037,1
80644,1,1,0.9999999,1
80645,1,0,0.3432867,0
80646,0,1,0.953665,0
80647,1,0,0.13992442,0
80648,1,1,0.9943141,1
80649,1,1,0.9989698,1
80650,0,1,0.99997294,0
80651,1,0,0.0070117945,0
80652,1,0,0.22244667,0
80653,1,1,0.43608162,1
80654,0,0,0.09113915,1
80655,1,1,1.0,1
80656,1,1,0.99999344,1
80657,0,1,0.99991584,0
80658,1,0,0.2249055,0
80659,1,0,0.188548,0
80660,1,1,0.99999976,1
80661,0,1,0.6709857,0
80662,0,1,0.9783433,0
80663,1,1,0.9983991,1
80664,1,1,0.95846003,1
80665,0,1,0.9977083,0
80666,1,1,1.0,1
80667,1,1,0.9999993,1
80668,1,1,0.9999987,1
80669,1,1,0.998147,1
80670,0,1,0.9931096,0
80671,1,1,0.9999877,1
80672,0,1,1.0,0
80673,0,1,0.41389167,0
80674,1,1,0.99530905,1
80675,1,1,0.99955136,1
80676,1,1,0.9997546,1
80677,0,0,0.020804489,1
80678,0,0,0.042722195,1
80679,1,1,0.71735847,1
80680,0,1,0.91383046,0
80681,1,1,1.0,1
80682,1,1,0.9999999,1
80683,0,0,0.033148516,1
80684,0,0,0.06638737,1
80685,1,1,0.9813286,1
80686,1,1,0.90087914,1
80687,1,0,0.09764823,0
80688,0,1,0.5041503,0
80689,0,1,0.9996526,0
80690,1,1,0.99924016,1
80691,1,0,0.25128007,0
80692,0,1,0.6915494,0
80693,0,1,0.55314326,0
80694,1,1,0.5047606,1
80695,1,1,0.98546845,1
80696,1,1,0.99996257,1
80697,0,1,0.999982,0
80698,1,1,0.9999999,1
80699,0,0,0.030530943,1
80700,0,1,0.9935868,0
80701,0,1,0.39216223,0
80702,0,0,0.07558479,1
80703,0,1,0.77424216,0
80704,1,1,0.99968123,1
80705,0,0,0.20275874,1
80706,1,1,0.6717398,1
80707,1,1,0.99998593,1
80708,1,1,1.0,1
80709,0,0,0.08811155,1
80710,0,1,0.8749346,0
80711,0,0,0.042922337,1
80712,0,0,0.030821325,1
80713,1,1,0.9979888,1
80714,0,0,0.044973567,1
80715,1,1,1.0,1
80716,1,1,0.66470355,1
80717,1,0,0.11501305,0
80718,0,1,0.99999297,0
80719,0,1,0.962462,0
80720,0,0,0.053304683,1
80721,0,0,0.25192368,1
80722,1,1,0.9999168,1
80723,1,1,0.9994837,1
80724,1,1,0.99966395,1
80725,1,1,0.99178034,1
80726,1,1,0.9971328,1
80727,1,1,0.9824568,1
80728,0,0,0.31027627,1
80729,1,1,0.7003315,1
80730,1,0,0.21758679,0
80731,0,0,0.0768222,1
80732,1,1,0.858837,1
80733,0,1,0.39858198,0
80734,0,0,0.15649123,1
80735,0,0,0.045225907,1
80736,1,0,0.042882238,0
80737,1,1,0.9999988,1
80738,1,1,0.99925333,1
80739,0,0,0.014227045,1
80740,1,1,0.9999814,1
80741,0,1,0.7856377,0
80742,1,1,0.9999212,1
80743,0,1,0.8601343,0
80744,1,1,0.56187606,1
80745,1,1,0.9999832,1
80746,1,1,1.0,1
80747,1,1,0.6443929,1
80748,1,1,1.0,1
80749,0,1,0.68071944,0
80750,1,1,0.9999993,1
80751,1,0,0.08137364,0
80752,0,0,0.13483287,1
80753,0,1,0.36483416,0
80754,0,0,0.12511882,1
80755,0,1,0.84695786,0
80756,1,1,0.60597396,1
80757,1,1,0.98644173,1
80758,1,1,0.9999999,1
80759,0,1,0.72947156,0
80760,0,1,0.88582915,0
80761,0,0,0.05266766,1
80762,1,1,0.92455155,1
80763,1,0,0.07913913,0
80764,1,1,1.0,1
80765,0,1,0.42503834,0
80766,1,1,1.0,1
80767,0,0,0.07230849,1
80768,1,1,1.0,1
80769,1,1,0.9999999,1
80770,1,1,0.97786224,1
80771,1,1,0.8507168,1
80772,0,1,0.9979966,0
80773,0,1,0.9776499,0
80774,1,1,0.99791294,1
80775,1,1,0.7221843,1
80776,0,1,0.9999994,0
80777,1,1,0.94386727,1
80778,0,1,0.41848895,0
80779,1,1,0.99979335,1
80780,0,1,0.99738365,0
80781,1,1,0.99879336,1
80782,1,0,0.17945866,0
80783,1,0,0.09293445,0
80784,0,1,0.87663436,0
80785,0,1,0.98571813,0
80786,0,1,0.99253935,0
80787,1,1,0.9998727,1
80788,0,1,0.99961406,0
80789,1,0,0.04401865,0
80790,1,0,0.26616648,0
80791,1,1,1.0,1
80792,0,0,0.18587328,1
80793,0,1,0.71118027,0
80794,1,1,0.9999405,1
80795,1,1,1.0,1
80796,1,1,0.9983707,1
80797,1,1,0.44788286,1
80798,0,1,0.6203342,0
80799,1,1,0.9960699,1
80800,0,0,0.13403742,1
80801,0,1,0.9995372,0
80802,1,1,0.99999917,1
80803,0,1,0.92886186,0
80804,1,1,0.82190347,1
80805,0,0,0.093512304,1
80806,0,1,0.9201462,0
80807,1,0,0.31242245,0
80808,1,1,0.3951342,1
80809,1,0,0.15165491,0
80810,0,0,0.2414894,1
80811,0,1,0.99963665,0
80812,0,1,0.8373541,0
80813,1,1,0.64450485,1
80814,0,0,0.21758679,1
80815,0,0,0.087720014,1
80816,1,1,0.999572,1
80817,1,1,0.9999957,1
80818,0,0,0.035644967,1
80819,1,1,0.9841241,1
80820,0,1,0.5063473,0
80821,1,1,0.99021614,1
80822,1,0,0.32643247,0
80823,1,1,0.99999964,1
80824,0,1,0.67260057,0
80825,0,0,0.1192542,1
80826,0,1,0.90303797,0
80827,0,0,0.16211456,1
80828,1,1,0.9906238,1
80829,0,1,0.9993724,0
80830,1,1,1.0,1
80831,0,1,0.99999297,0
80832,1,1,1.0,1
80833,0,1,0.8750415,0
80834,1,1,0.993255,1
80835,0,0,0.2786492,1
80836,1,1,0.4766101,1
80837,0,1,0.43137455,0
80838,1,0,0.14706452,0
80839,0,1,0.9845606,0
80840,0,1,0.9480103,0
80841,1,0,0.23196203,0
80842,0,1,0.41789493,0
80843,1,1,0.9947595,1
80844,0,0,0.34936625,1
80845,1,1,0.9936487,1
80846,1,1,0.9999534,1
80847,0,1,0.96912026,0
80848,0,0,0.3431766,1
80849,1,1,0.96021223,1
80850,0,0,0.18579942,1
80851,1,1,0.9999995,1
80852,1,1,1.0,1
80853,1,1,1.0,1
80854,0,0,0.108850285,1
80855,1,1,1.0,1
80856,1,1,0.9999993,1
80857,1,1,1.0,1
80858,1,1,0.97280496,1
80859,0,0,0.14229147,1
80860,1,0,0.12469186,0
80861,0,0,0.15674922,1
80862,1,0,0.017968968,0
80863,0,0,0.021004366,1
80864,1,1,1.0,1
80865,0,0,0.108283214,1
80866,0,0,0.09195129,1
80867,0,1,0.9998585,0
80868,0,0,0.10922978,1
80869,1,1,0.9985134,1
80870,1,0,0.10880293,0
80871,1,1,0.9741658,1
80872,1,1,0.99925774,1
80873,0,1,0.99750805,0
80874,1,0,0.07716922,0
80875,0,0,0.3268083,1
80876,1,1,1.0,1
80877,0,0,0.26175526,1
80878,1,1,0.7251137,1
80879,1,1,0.9843364,1
80880,0,1,0.46092576,0
80881,0,1,0.8774768,0
80882,0,0,0.07043161,1
80883,0,1,0.3999874,0
80884,1,0,0.019927852,0
80885,1,1,0.9999988,1
80886,0,0,0.055668924,1
80887,1,1,0.9432431,1
80888,1,1,0.8556101,1
80889,0,1,0.97947216,0
80890,1,1,0.9999609,1
80891,1,1,0.98400164,1
80892,0,1,0.9993162,0
80893,0,1,0.99999964,0
80894,1,0,0.26279455,0
80895,1,1,0.9995584,1
80896,0,1,0.999723,0
80897,1,1,0.99999094,1
80898,1,1,1.0,1
80899,0,0,0.32594952,1
80900,0,0,0.17809658,1
80901,1,1,0.9998752,1
80902,0,0,0.2560406,1
80903,0,0,0.15636237,1
80904,0,0,0.13998318,1
80905,0,0,0.2580454,1
80906,1,1,0.64751965,1
80907,1,1,0.4108154,1
80908,0,1,0.6971452,0
80909,1,0,0.1886227,0
80910,0,1,0.8288003,0
80911,1,1,0.9979007,1
80912,1,1,0.45980373,1
80913,0,1,0.92379886,0
80914,0,1,0.35835305,0
80915,1,0,0.0607519,0
80916,1,0,0.116864756,0
80917,1,1,0.9999988,1
80918,0,1,0.9122018,0
80919,1,1,0.5474036,1
80920,1,1,0.53266823,1
80921,1,1,1.0,1
80922,0,1,0.99999976,0
80923,1,1,0.99985623,1
80924,1,1,1.0,1
80925,1,1,1.0,1
80926,0,0,0.163579,1
80927,1,1,0.99999917,1
80928,0,0,0.052521676,1
80929,1,1,0.99999976,1
80930,0,0,0.108283214,1
80931,1,1,0.99999976,1
80932,0,1,1.0,0
80933,0,0,0.12194692,1
80934,0,0,0.0770997,1
80935,0,1,0.96903247,0
80936,0,1,0.8050198,0
80937,1,1,0.9999031,1
80938,1,1,0.9909972,1
80939,1,1,1.0,1
80940,1,1,0.97986126,1
80941,1,1,1.0,1
80942,1,0,0.14098547,0
80943,0,0,0.03317983,1
80944,0,0,0.07290027,1
80945,0,1,0.8812066,0
80946,1,1,1.0,1
80947,1,0,0.042403832,0
80948,0,0,0.04023794,1
80949,1,1,1.0,1
80950,0,0,0.051893488,1
80951,1,1,0.99939644,1
80952,1,0,0.19713515,0
80953,1,1,0.9951514,1
80954,1,1,0.9996118,1
80955,0,0,0.19597848,1
80956,0,1,0.4468869,0
80957,0,0,0.051130094,1
80958,1,1,0.99989724,1
80959,1,1,0.99999833,1
80960,0,0,0.048271183,1
80961,0,0,0.22143486,1
80962,0,1,0.99986184,0
80963,1,0,0.026380423,0
80964,0,0,0.008560892,1
80965,0,1,0.55820656,0
80966,0,1,0.9999994,0
80967,1,1,0.7892337,1
80968,0,1,0.9904959,0
80969,1,1,0.4620482,1
80970,0,1,0.99950635,0
80971,1,0,0.05094091,0
80972,0,0,0.017848738,1
80973,1,0,0.1965176,0
80974,0,1,0.86635876,0
80975,0,1,0.817283,0
80976,1,1,0.9999993,1
80977,1,0,0.0055982484,0
80978,1,1,0.9999999,1
80979,0,1,0.8456877,0
80980,1,1,1.0,1
80981,1,0,0.1647851,0
80982,0,1,1.0,0
80983,1,1,0.44878858,1
80984,1,1,0.9999918,1
80985,0,0,0.21717146,1
80986,1,1,0.9989225,1
80987,0,1,0.4495134,0
80988,0,1,0.9797065,0
80989,1,1,0.9999869,1
80990,0,0,0.043163683,1
80991,0,1,0.76585615,0
80992,0,1,0.9995426,0
80993,1,1,0.9999732,1
80994,0,1,0.93403506,0
80995,1,1,0.4926153,1
80996,0,1,0.43020716,0
80997,1,1,0.999992,1
80998,1,0,0.062617026,0
80999,1,1,1.0,1
81000,1,1,0.98168314,1
81001,1,1,0.99991906,1
81002,0,0,0.05602938,1
81003,1,1,0.99227446,1
81004,1,1,0.7756048,1
81005,0,1,0.9736196,0
81006,1,1,1.0,1
81007,1,1,0.99999607,1
81008,1,0,0.07779745,0
81009,1,1,1.0,1
81010,1,1,0.9988508,1
81011,0,0,0.06973154,1
81012,0,1,0.8657925,0
81013,1,1,0.88612515,1
81014,0,0,0.018107349,1
81015,1,1,0.9996388,1
81016,0,0,0.16291203,1
81017,1,1,0.9992342,1
81018,0,0,0.05775844,1
81019,0,1,0.988108,0
81020,0,1,0.99999976,0
81021,1,1,0.99447733,1
81022,0,0,0.16344544,1
81023,0,0,0.055926174,1
81024,1,1,0.999998,1
81025,0,0,0.1908748,1
81026,0,0,0.06014182,1
81027,0,0,0.14057204,1
81028,1,1,0.9967333,1
81029,0,0,0.22901753,1
81030,1,0,0.28656837,0
81031,0,0,0.05997644,1
81032,1,1,0.99213856,1
81033,0,1,0.99308276,0
81034,1,1,0.74101865,1
81035,0,0,0.04065485,1
81036,1,1,0.9977569,1
81037,0,1,0.61468315,0
81038,1,1,0.8853344,1
81039,1,1,0.9999677,1
81040,1,0,0.04001227,0
81041,1,1,0.99996686,1
81042,0,0,0.16545825,1
81043,1,1,0.84260434,1
81044,0,0,0.12570794,1
81045,1,1,0.91781974,1
81046,1,0,0.28214672,0
81047,0,0,0.07336364,1
81048,1,1,0.99991345,1
81049,0,0,0.01717671,1
81050,1,0,0.2509128,0
81051,1,1,0.99550545,1
81052,1,1,0.99983525,1
81053,0,0,0.0836655,1
81054,1,1,0.9993026,1
81055,1,1,1.0,1
81056,1,1,0.47371808,1
81057,1,0,0.0416178,0
81058,1,1,0.7639243,1
81059,1,0,0.0028839589,0
81060,1,1,0.9999956,1
81061,0,1,0.9207897,0
81062,1,1,0.99986064,1
81063,1,1,0.97865146,1
81064,0,0,0.09476145,1
81065,0,1,0.99999416,0
81066,0,0,0.064830884,1
81067,1,1,0.9839091,1
81068,0,1,0.6667681,0
81069,1,1,0.99999714,1
81070,0,1,0.87375444,0
81071,1,1,1.0,1
81072,1,1,1.0,1
81073,1,0,0.26123667,0
81074,0,1,0.9916681,0
81075,1,1,0.9998029,1
81076,1,1,0.93686515,1
81077,0,0,0.07843036,1
81078,1,1,0.99889696,1
81079,1,0,0.062046263,0
81080,0,1,0.7200731,0
81081,0,0,0.010489091,1
81082,0,0,0.0374323,1
81083,0,0,0.08456833,1
81084,1,1,0.9986142,1
81085,1,1,0.9843364,1
81086,1,1,1.0,1
81087,1,1,1.0,1
81088,1,1,0.9996147,1
81089,1,1,0.4087487,1
81090,1,0,0.025883388,0
81091,1,1,0.9857729,1
81092,1,1,1.0,1
81093,0,1,0.7844842,0
81094,0,0,0.13963085,1
81095,1,1,0.9571178,1
81096,0,1,0.99900144,0
81097,0,1,0.9429286,0
81098,1,1,0.9546474,1
81099,1,1,1.0,1
81100,0,0,0.20181322,1
81101,1,1,0.99999976,1
81102,1,0,0.083142914,0
81103,1,1,0.99965465,1
81104,0,1,0.96958447,0
81105,1,1,1.0,1
81106,0,0,0.10176784,1
81107,1,1,1.0,1
81108,0,0,0.019215846,1
81109,1,0,0.12247072,0
81110,1,1,0.99978095,1
81111,0,0,0.13517499,1
81112,0,1,0.6016521,0
81113,0,1,0.9989329,0
81114,0,1,0.9994937,0
81115,0,0,0.011846234,1
81116,1,0,0.29138398,0
81117,0,1,0.99999905,0
81118,0,1,0.35214606,0
81119,1,1,0.99999607,1
81120,1,1,0.9551939,1
81121,0,1,0.9924374,0
81122,0,0,0.19102567,1
81123,1,1,0.99995315,1
81124,1,1,1.0,1
81125,1,1,0.9999155,1
81126,0,0,0.019531239,1
81127,1,1,0.8474635,1
81128,1,1,0.99999964,1
81129,1,0,0.34914428,0
81130,1,1,0.8512122,1
81131,1,1,1.0,1
81132,1,1,0.9999424,1
81133,0,1,0.90853673,0
81134,0,1,1.0,0
81135,1,1,0.7159704,1
81136,0,1,0.7685595,0
81137,1,0,0.09611029,0
81138,1,1,1.0,1
81139,0,1,0.8709269,0
81140,1,0,0.1606607,0
81141,1,0,0.0248928,0
81142,1,1,1.0,1
81143,0,1,0.95257413,0
81144,1,1,0.9999988,1
81145,1,1,0.9984692,1
81146,1,0,0.042048372,0
81147,1,1,0.9642206,1
81148,0,0,0.026205411,1
81149,0,0,0.07654563,1
81150,1,1,0.99999607,1
81151,1,1,0.9996768,1
81152,0,1,0.9995566,0
81153,0,0,0.035310794,1
81154,0,1,1.0,0
81155,0,0,0.03155902,1
81156,0,0,0.12852515,1
81157,0,1,0.97885466,0
81158,1,1,0.3671568,1
81159,0,0,0.062046263,1
81160,0,0,0.07257096,1
81161,0,1,0.9858004,0
81162,1,1,0.9792154,1
81163,0,1,0.8794577,0
81164,1,1,1.0,1
81165,0,1,0.41235268,0
81166,0,0,0.09764823,1
81167,0,1,0.51580286,0
81168,1,1,0.6623052,1
81169,1,1,0.99983907,1
81170,1,1,1.0,1
81171,0,1,0.9698712,0
81172,0,0,0.24880788,1
81173,0,0,0.07864238,1
81174,0,0,0.064771704,1
81175,0,1,0.99989283,0
81176,0,1,0.6365226,0
81177,0,1,1.0,0
81178,1,1,0.7349764,1
81179,1,1,0.9999838,1
81180,0,0,0.22397058,1
81181,1,0,0.3395538,0
81182,1,1,0.99830914,1
81183,0,0,0.035544395,1
81184,1,1,1.0,1
81185,0,0,0.11451697,1
81186,1,0,0.108471945,0
81187,0,0,0.06941548,1
81188,0,1,0.36234847,0
81189,1,1,1.0,1
81190,1,1,1.0,1
81191,0,0,0.30574915,1
81192,0,1,0.9465473,0
81193,1,0,0.024586499,0
81194,0,1,0.8340017,0
81195,0,1,0.99491006,0
81196,0,1,0.83004373,0
81197,0,1,0.98571813,0
81198,1,1,0.88523525,1
81199,1,1,0.9997305,1
81200,1,1,1.0,1
81201,1,1,0.99999547,1
81202,0,1,0.9227612,0
81203,0,1,0.99849,0
81204,1,1,0.9999999,1
81205,0,0,0.05602938,1
81206,1,1,0.63607055,1
81207,0,0,0.23528405,1
81208,0,0,0.054298937,1
81209,1,1,0.99998474,1
81210,0,1,0.94427973,0
81211,1,1,0.9959927,1
81212,0,0,0.18757874,1
81213,0,0,0.0123360995,1
81214,0,0,0.044639204,1
81215,1,1,0.9976769,1
81216,0,1,0.950503,0
81217,0,1,0.7785651,0
81218,0,1,0.9997408,0
81219,1,1,0.36268702,1
81220,0,1,0.99997973,0
81221,1,1,0.9997408,1
81222,1,1,0.94834626,1
81223,0,0,0.17189364,1
81224,1,1,0.9995915,1
81225,0,0,0.18832397,1
81226,0,0,0.086554825,1
81227,1,0,0.09451042,0
81228,0,0,0.13420753,1
81229,1,1,0.983343,1
81230,0,1,0.41798398,0
81231,0,0,0.14730969,1
81232,1,1,1.0,1
81233,1,0,0.03207038,0
81234,1,1,0.9528382,1
81235,1,1,0.9984114,1
81236,0,1,0.9832628,0
81237,1,0,0.14977995,0
81238,1,1,0.9999999,1
81239,1,1,0.9519973,1
81240,1,1,0.9986436,1
81241,1,1,0.99984944,1
81242,0,1,0.6608841,0
81243,0,0,0.050470848,1
81244,0,0,0.1560406,1
81245,1,0,0.009196552,0
81246,0,1,0.83642095,0
81247,1,1,0.9999981,1
81248,0,1,0.99482024,0
81249,1,1,1.0,1
81250,0,0,0.048002712,1
81251,1,1,0.5680564,1
81252,0,0,0.18594721,1
81253,1,1,0.9999995,1
81254,1,1,0.38685033,1
81255,0,1,0.9486325,0
81256,1,0,0.02970375,0
81257,1,1,1.0,1
81258,1,1,0.99999166,1
81259,0,0,0.12189465,1
81260,1,1,0.9027811,1
81261,0,0,0.16072656,1
81262,1,1,0.9996594,1
81263,1,1,0.99975365,1
81264,1,1,0.9999989,1
81265,1,1,0.9784466,1
81266,0,1,0.9828562,0
81267,0,1,0.71795213,0
81268,0,0,0.022564495,1
81269,1,1,0.9999995,1
81270,0,0,0.26170808,1
81271,0,0,0.005301895,1
81272,1,1,0.9903476,1
81273,1,1,0.98041254,1
81274,1,0,0.31179345,0
81275,1,1,0.994729,1
81276,0,1,0.8118252,0
81277,0,1,0.46976352,0
81278,1,1,1.0,1
81279,1,1,1.0,1
81280,0,0,0.34737104,1
81281,0,0,0.12147716,1
81282,0,0,0.15597628,1
81283,0,1,0.93863225,0
81284,0,1,0.9999628,0
81285,1,0,0.21617696,0
81286,1,0,0.15778463,0
81287,1,0,0.13540348,0
81288,1,1,0.9999974,1
81289,1,1,1.0,1
81290,0,1,0.37883246,0
81291,1,1,0.99990535,1
81292,1,1,0.9999975,1
81293,1,0,0.11853807,0
81294,1,1,1.0,1
81295,1,1,0.9116528,1
81296,0,0,0.10275402,1
81297,1,1,0.9999999,1
81298,1,1,0.9999999,1
81299,1,1,0.60673153,1
81300,1,1,0.94839406,1
81301,1,1,0.7229673,1
81302,1,1,0.9804874,1
81303,0,0,0.045479592,1
81304,0,0,0.02184368,1
81305,1,1,0.77534974,1
81306,1,1,0.91022676,1
81307,1,1,0.7165658,1
81308,1,1,0.99997735,1
81309,1,1,0.37719652,1
81310,0,0,0.00498227,1
81311,0,0,0.06847518,1
81312,0,0,0.11037522,1
81313,0,0,0.21526824,1
81314,1,1,0.9673486,1
81315,0,0,0.04577727,1
81316,0,0,0.088820286,1
81317,1,1,0.9901211,1
81318,0,1,0.91884506,0
81319,0,1,0.99991584,0
81320,1,1,0.99994457,1
81321,0,0,0.15908672,1
81322,1,0,0.06153674,0
81323,0,0,0.14602636,1
81324,1,1,0.9999683,1
81325,0,1,0.9999497,0
81326,0,1,0.83004373,0
81327,0,1,0.9886901,0
81328,1,1,0.91978675,1
81329,0,0,0.040999033,1
81330,1,1,1.0,1
81331,1,1,0.9310248,1
81332,1,1,0.998862,1
81333,1,1,1.0,1
81334,1,1,0.9999367,1
81335,1,1,0.99999964,1
81336,0,0,0.015306354,1
81337,0,0,0.27850202,1
81338,0,1,0.6782737,0
81339,1,1,1.0,1
81340,1,1,0.4785593,1
81341,1,1,0.5367986,1
81342,1,1,0.9996947,1
81343,1,0,0.08471965,0
81344,0,1,0.89991575,0
81345,1,0,0.21255875,0
81346,0,1,0.9642878,0
81347,1,1,0.68378913,1
81348,0,1,0.9679902,0
81349,0,1,0.64057964,0
81350,1,0,0.30528295,0
81351,1,1,1.0,1
81352,0,0,0.05997644,1
81353,0,0,0.08079154,1
81354,1,1,0.99910825,1
81355,1,1,0.9798034,1
81356,0,0,0.17335817,1
81357,1,1,0.99999964,1
81358,1,0,0.14294825,0
81359,0,1,0.9999069,0
81360,1,0,0.107437484,0
81361,1,1,0.99999046,1
81362,1,1,0.99293363,1
81363,0,0,0.027272668,1
81364,1,1,0.99918956,1
81365,0,1,0.848847,0
81366,1,1,0.8040984,1
81367,0,0,0.15412119,1
81368,1,1,0.9675945,1
81369,1,1,1.0,1
81370,0,1,0.9835022,0
81371,0,1,0.39583457,0
81372,1,1,0.99999964,1
81373,1,1,0.99993527,1
81374,0,0,0.1899715,1
81375,1,0,0.19208428,0
81376,1,1,0.9766915,1
81377,1,1,1.0,1
81378,1,0,0.2817019,0
81379,1,0,0.062103122,0
81380,0,1,0.86635876,0
81381,1,1,0.999213,1
81382,0,1,0.9633686,0
81383,0,0,0.07538034,1
81384,0,1,0.5835,0
81385,1,1,0.9988949,1
81386,0,0,0.06489012,1
81387,0,1,1.0,0
81388,1,0,0.291737,0
81389,1,1,0.995906,1
81390,0,0,0.16105616,1
81391,1,1,0.9258357,1
81392,1,1,0.9503189,1
81393,1,1,0.9431908,1
81394,1,0,0.30761793,0
81395,1,1,0.9999988,1
81396,0,0,0.2751784,1
81397,1,1,0.9999683,1
81398,1,0,0.1850619,0
81399,0,1,0.42202818,0
81400,1,1,0.9995016,1
81401,1,1,0.9957684,1
81402,1,1,1.0,1
81403,0,0,0.061143138,1
81404,0,1,1.0,0
81405,1,1,0.999998,1
81406,0,1,0.5784482,0
81407,0,1,0.36817852,0
81408,1,0,0.0385747,0
81409,1,1,0.9999206,1
81410,1,1,0.97142875,1
81411,1,1,1.0,1
81412,1,1,1.0,1
81413,0,1,0.9999939,0
81414,1,1,0.99992716,1
81415,1,1,0.9840477,1
81416,1,1,0.9999995,1
81417,0,0,0.13488984,1
81418,1,1,0.9999615,1
81419,1,1,0.48093575,1
81420,0,1,0.58326274,0
81421,1,0,0.08586245,0
81422,0,0,0.21526824,1
81423,1,1,0.9687381,1
81424,0,1,0.99999976,0
81425,1,1,0.98609793,1
81426,1,0,0.035177976,0
81427,0,1,0.937726,0
81428,1,1,0.7670798,1
81429,1,1,0.9999994,1
81430,0,0,0.1153614,1
81431,1,1,0.993255,1
81432,0,0,0.08525123,1
81433,0,1,0.66044617,0
81434,0,1,0.6494119,0
81435,0,1,0.99998295,0
81436,0,1,0.39568868,0
81437,0,0,0.020488555,1
81438,0,0,0.0808641,1
81439,0,0,0.037999377,1
81440,1,0,0.09501305,0
81441,0,1,0.99897385,0
81442,0,0,0.020784607,1
81443,0,1,0.9992417,0
81444,0,0,0.018229289,1
81445,0,0,0.100436606,1
81446,0,0,0.064535476,1
81447,1,1,0.9834546,1
81448,0,1,0.79198205,0
81449,0,0,0.21304952,1
81450,1,1,0.9979849,1
81451,0,0,0.00027803096,1
81452,0,0,0.060031522,1
81453,0,0,0.15077755,1
81454,1,1,0.9999975,1
81455,1,0,0.2741084,0
81456,1,1,1.0,1
81457,1,1,0.9207897,1
81458,1,1,0.9999589,1
81459,1,0,0.12199923,0
81460,1,1,0.9444336,1
81461,1,1,1.0,1
81462,0,1,0.999997,0
81463,0,1,0.9999999,0
81464,1,1,0.9894091,1
81465,1,1,0.929951,1
81466,1,1,0.9999968,1
81467,0,1,0.4793818,0
81468,1,0,0.17881243,0
81469,1,1,0.9994837,1
81470,1,1,0.9999479,1
81471,1,1,0.9351099,1
81472,1,1,0.8890481,1
81473,0,1,0.46532676,0
81474,0,0,0.12023207,1
81475,1,1,0.9925827,1
81476,0,0,0.28567076,1
81477,0,0,0.2608599,1
81478,1,1,0.9999993,1
81479,0,1,0.9860174,0
81480,0,1,0.45174974,0
81481,0,1,0.99999094,0
81482,1,1,0.9521755,1
81483,0,0,0.10087861,1
81484,1,0,0.15559098,0
81485,0,1,0.43683225,0
81486,1,1,0.9999987,1
81487,0,1,0.5294459,0
81488,1,1,0.56703776,1
81489,0,1,0.5467987,0
81490,0,0,0.032558974,1
81491,0,1,0.8811043,0
81492,0,0,0.10221505,1
81493,1,0,0.13992442,0
81494,1,1,0.46945944,1
81495,0,0,0.18967113,1
81496,1,1,1.0,1
81497,0,1,0.98761624,0
81498,1,1,0.89152807,1
81499,0,0,0.11353044,1
81500,1,1,0.9991721,1
81501,0,0,0.08108211,1
81502,1,1,1.0,1
81503,1,0,0.18454698,0
81504,0,0,0.21125406,1
81505,1,0,0.05184547,0
81506,0,1,0.481271,0
81507,1,0,0.18653922,0
81508,0,1,0.9991239,0
81509,0,1,0.5798168,0
81510,0,1,0.95561,0
81511,0,1,0.81815636,0
81512,1,1,0.9995443,1
81513,1,0,0.010150015,0
81514,1,1,0.9998523,1
81515,0,1,0.91781974,0
81516,0,1,0.99972516,0
81517,0,1,0.9938309,0
81518,1,1,0.9997868,1
81519,0,0,0.301722,1
81520,1,0,0.12738101,0
81521,0,1,0.995906,0
81522,0,1,0.99964094,0
81523,0,1,0.90632194,0
81524,0,1,0.9714829,0
81525,1,1,0.9719659,1
81526,1,1,0.99952805,1
81527,1,1,0.9984452,1
81528,1,0,0.044224583,0
81529,1,1,0.9999999,1
81530,0,0,0.21321328,1
81531,1,0,0.022074388,0
81532,0,0,0.07921033,1
81533,1,1,0.99960417,1
81534,1,1,0.99999475,1
81535,1,1,1.0,1
81536,0,0,0.09747628,1
81537,0,1,0.49200508,0
81538,1,0,0.14463143,0
81539,1,1,0.9835338,1
81540,1,1,0.9994128,1
81541,1,1,0.99999666,1
81542,0,1,0.99999845,0
81543,1,1,0.99999416,1
81544,1,1,0.776877,1
81545,0,0,0.03448853,1
81546,1,1,0.9999318,1
81547,1,1,0.9347534,1
81548,1,1,0.35930791,1
81549,1,0,0.08449276,0
81550,1,1,0.9013143,1
81551,0,1,0.883236,0
81552,1,0,0.00093811157,0
81553,1,1,0.9999999,1
81554,1,1,0.69528633,1
81555,0,0,0.043568812,1
81556,0,0,0.09842541,1
81557,1,1,0.67313796,1
81558,1,1,0.9534921,1
81559,1,0,0.19899648,0
81560,0,0,0.16324526,1
81561,0,0,0.008187911,1
81562,1,1,0.99736315,1
81563,1,0,0.2548797,0
81564,0,1,0.700024,0
81565,1,0,0.121112876,0
81566,1,1,1.0,1
81567,0,1,0.9999969,0
81568,0,1,0.5990747,0
81569,0,0,0.15830442,1
81570,1,0,0.06693421,0
81571,0,0,0.26279455,1
81572,1,1,0.9909622,1
81573,1,1,0.5676969,1
81574,0,0,0.08487122,1
81575,1,1,0.99751294,1
81576,1,1,0.9981863,1
81577,0,0,0.009232214,1
81578,1,1,0.9998155,1
81579,1,1,0.9849563,1
81580,1,1,0.99025387,1
81581,1,1,0.99999976,1
81582,1,0,0.058722552,0
81583,1,0,0.23651622,0
81584,1,0,0.1362632,0
81585,1,1,0.99999225,1
81586,1,1,0.9992778,1
81587,1,1,0.7236513,1
81588,0,1,0.9197147,0
81589,1,1,0.93171144,1
81590,1,1,0.9991959,1
81591,1,1,0.99984884,1
81592,0,0,0.22910374,1
81593,0,0,0.29746994,1
81594,0,1,0.35147798,0
81595,1,1,1.0,1
81596,1,1,0.99999964,1
81597,0,1,0.67238545,0
81598,1,1,1.0,1
81599,1,1,0.9999975,1
81600,0,1,0.88543355,0
81601,0,1,0.99765414,0
81602,1,1,0.9965233,1
81603,1,1,0.99946946,1
81604,1,1,1.0,1
81605,0,1,0.5990747,0
81606,1,1,0.9999995,1
81607,1,1,0.9967013,1
81608,1,1,1.0,1
81609,1,1,0.4718012,1
81610,0,0,0.20307463,1
81611,1,1,0.9976172,1
81612,1,1,1.0,1
81613,1,1,0.9993869,1
81614,0,1,0.82685167,0
81615,1,1,0.99984276,1
81616,0,1,0.39568868,0
81617,0,1,0.459925,0
81618,1,1,1.0,1
81619,0,0,0.23642808,1
81620,1,1,0.9999975,1
81621,1,1,0.9759694,1
81622,1,1,0.4764883,1
81623,1,1,1.0,1
81624,0,1,0.99966073,0
81625,1,1,1.0,1
81626,0,1,0.5221413,0
81627,1,0,0.29660332,0
81628,1,1,0.99983525,1
81629,0,1,0.9882449,0
81630,1,0,0.122891165,0
81631,1,1,0.7329743,1
81632,0,1,0.9989556,0
81633,1,1,1.0,1
81634,0,0,0.20040116,1
81635,0,1,0.99085677,0
81636,1,1,1.0,1
81637,0,0,0.025565214,1
81638,0,1,0.99999857,0
81639,0,0,0.18937114,1
81640,1,1,0.8812066,1
81641,0,1,0.99173236,0
81642,1,0,0.27163795,0
81643,1,1,0.9987081,1
81644,0,1,0.99980134,0
81645,1,1,0.9994286,1
81646,0,0,0.11606085,1
81647,1,1,0.999824,1
81648,0,0,0.032009803,1
81649,0,0,0.11153119,1
81650,1,1,0.9999999,1
81651,1,1,1.0,1
81652,0,1,0.515315,0
81653,1,1,0.45574355,1
81654,0,1,0.9999964,0
81655,0,0,0.14953136,1
81656,1,1,1.0,1
81657,0,1,0.9729081,0
81658,0,0,0.04564947,1
81659,0,0,0.0022040894,1
81660,0,0,0.07382971,1
81661,1,0,0.09326426,0
81662,1,0,0.26521385,0
81663,1,1,0.99997306,1
81664,1,0,0.32788348,0
81665,1,1,0.9998859,1
81666,1,1,0.99922824,1
81667,1,1,0.69951105,1
81668,1,1,0.9999808,1
81669,1,1,0.9643886,1
81670,1,1,0.99997187,1
81671,0,1,0.7794897,0
81672,1,0,0.062046263,0
81673,0,0,0.04659464,1
81674,1,1,0.99999607,1
81675,1,0,0.013795365,0
81676,1,0,0.043731883,0
81677,1,1,0.99999917,1
81678,1,1,0.71745753,1
81679,1,1,0.99785525,1
81680,0,1,0.98557997,0
81681,0,0,0.023375314,1
81682,0,1,0.5631978,0
81683,0,0,0.08291986,1
81684,0,0,0.31294715,1
81685,0,0,0.045310315,1
81686,1,1,0.74298155,1
81687,0,0,0.20673384,1
81688,0,1,0.99029154,0
81689,0,0,0.1419343,1
81690,0,1,0.67613894,0
81691,0,0,0.17511447,1
81692,0,0,0.0011972112,1
81693,0,1,0.66492116,0
81694,1,0,0.102484226,0
81695,1,1,0.9999957,1
81696,0,0,0.012194132,1
81697,0,1,0.9990996,0
81698,0,1,0.6501897,0
81699,0,0,0.08464396,1
81700,1,0,0.031261913,0
81701,1,1,0.99978,1
81702,0,0,0.1746917,1
81703,1,1,0.99994695,1
81704,1,1,0.88543355,1
81705,0,1,0.97953105,0
81706,0,0,0.045819946,1
81707,1,1,0.9999578,1
81708,1,1,0.99956685,1
81709,0,1,0.99993443,0
81710,0,1,0.9951984,0
81711,0,0,0.019475216,1
81712,0,1,0.8849373,0
81713,1,1,0.81271875,1
81714,1,1,0.80154777,1
81715,0,0,0.06910072,1
81716,1,1,0.97009856,1
81717,0,0,0.012100385,1
81718,0,0,0.047913536,1
81719,1,1,0.9999918,1
81720,0,0,0.17490298,1
81721,1,1,1.0,1
81722,0,0,0.098079324,1
81723,0,1,0.6764596,0
81724,1,1,1.0,1
81725,0,0,0.05470151,1
81726,0,1,0.9734181,0
81727,0,0,0.14718705,1
81728,0,0,0.06779314,1
81729,1,1,0.7439129,1
81730,0,0,0.06548521,1
81731,0,0,0.07913913,1
81732,0,0,0.14767805,1
81733,0,1,0.82685167,0
81734,1,1,0.9982993,1
81735,1,0,0.11930549,0
81736,0,0,0.19125213,1
81737,1,1,0.9941801,1
81738,1,0,0.064830884,0
81739,1,1,0.9999887,1
81740,1,1,0.9999194,1
81741,0,1,0.9944559,0
81742,0,1,0.91767234,0
81743,1,1,0.9999387,1
81744,0,0,0.009485712,1
81745,0,0,0.071202725,1
81746,1,1,0.96329963,1
81747,1,1,0.99637836,1
81748,0,0,0.046638034,1
81749,0,1,0.400339,0
81750,1,1,0.99973255,1
81751,1,1,0.99998975,1
81752,1,1,0.9999814,1
81753,1,1,1.0,1
81754,0,0,0.07107367,1
81755,0,1,0.47265303,0
81756,0,1,0.9999219,0
81757,0,1,0.53206044,0
81758,1,1,0.9987081,1
81759,1,1,0.84325075,1
81760,1,1,0.9997367,1
81761,1,0,0.04328485,0
81762,1,1,0.9999883,1
81763,1,1,0.92956835,1
81764,1,1,0.8958876,1
81765,1,1,0.9999707,1
81766,1,1,0.99456257,1
81767,1,1,0.9999994,1
81768,1,1,0.7641444,1
81769,1,1,0.9931363,1
81770,0,1,0.99532723,0
81771,0,1,0.9992778,0
81772,1,1,0.9038897,1
81773,1,0,0.0212467,0
81774,0,1,0.9820826,0
81775,1,0,0.050846573,0
81776,1,0,0.15140381,0
81777,1,1,0.9949397,1
81778,1,1,1.0,1
81779,1,1,0.99999785,1
81780,1,0,0.104294725,0
81781,1,1,0.99999976,1
81782,0,1,0.86904925,0
81783,0,1,1.0,0
81784,0,1,0.99300176,0
81785,0,1,0.45202184,0
81786,0,0,0.058507007,1
81787,1,1,0.9998666,1
81788,0,1,0.38211262,0
81789,0,1,0.7815808,0
81790,1,1,0.9325147,1
81791,0,0,0.17902763,1
81792,0,0,0.03557789,1
81793,1,1,0.9994735,1
81794,1,1,0.9997613,1
81795,0,1,0.99738365,0
81796,0,0,0.0794957,1
81797,1,0,0.32643247,0
81798,0,0,0.17050801,1
81799,1,1,1.0,1
81800,1,1,0.9999999,1
81801,1,1,0.99010193,1
81802,0,0,0.100436606,1
81803,1,1,1.0,1
81804,1,0,0.040049795,0
81805,0,0,0.1596755,1
81806,1,1,0.41614398,1
81807,0,0,0.1742697,1
81808,0,1,0.96312666,0
81809,0,0,0.2647859,1
81810,0,1,1.0,0
81811,0,0,0.013558245,1
81812,1,1,1.0,1
81813,0,0,0.0729663,1
81814,1,1,0.95443547,1
81815,0,1,0.6136997,0
81816,1,1,0.9998915,1
81817,1,0,0.04023794,0
81818,1,1,0.63697433,1
81819,0,0,0.08464396,1
81820,1,1,1.0,1
81821,1,1,0.99995613,1
81822,0,1,0.9999114,0
81823,0,1,0.6539561,0
81824,0,0,0.08866235,1
81825,1,0,0.047602654,0
81826,0,1,0.99999666,0
81827,1,1,0.9998845,1
81828,1,1,0.6124835,1
81829,1,1,0.99979264,1
81830,0,0,0.029986508,1
81831,1,1,0.8121234,1
81832,0,1,0.64718527,0
81833,0,0,0.062046263,1
81834,1,1,0.64829934,1
81835,1,1,0.92296976,1
81836,1,1,0.51729655,1
81837,1,0,0.023286304,0
81838,1,1,0.9999697,1
81839,0,0,0.16701478,1
81840,0,0,0.022911692,1
81841,1,1,1.0,1
81842,1,0,0.021004366,0
81843,0,1,0.97038054,0
81844,0,1,0.8334602,0
81845,0,1,0.7407843,0
81846,0,1,0.8740772,0
81847,0,0,0.13875328,1
81848,1,1,0.9451974,1
81849,0,1,0.9981541,0
81850,1,1,0.99975175,1
81851,1,0,0.06052939,0
81852,1,1,0.9984633,1
81853,1,1,1.0,1
81854,1,0,0.013584393,0
81855,1,0,0.12168575,0
81856,0,0,0.19590156,1
81857,1,1,0.9999958,1
81858,1,1,0.9990872,1
81859,1,1,0.999998,1
81860,0,1,0.9999206,0
81861,1,0,0.0002948036,0
81862,1,1,0.9716448,1
81863,1,0,0.13782232,0
81864,0,0,0.0028560124,1
81865,0,0,0.07689149,1
81866,0,1,0.96820134,0
81867,1,1,1.0,1
81868,0,1,0.9844862,0
81869,1,0,0.13240233,0
81870,0,0,0.17938675,1
81871,0,0,0.040275678,1
81872,0,1,0.63798994,0
81873,0,1,0.9995159,0
81874,0,1,1.0,0
81875,1,1,0.99999976,1
81876,0,1,0.503601,0
81877,0,0,0.03452106,1
81878,1,0,0.29675615,0
81879,0,1,0.999577,0
81880,1,1,0.9999548,1
81881,1,0,0.019419348,0
81882,0,0,0.0075333067,1
81883,1,1,0.999998,1
81884,1,0,0.06717857,0
81885,0,0,0.12194692,1
81886,0,1,0.618838,0
81887,0,1,0.9975177,0
81888,1,1,1.0,1
81889,1,1,0.9992372,1
81890,1,1,0.9999839,1
81891,1,1,1.0,1
81892,0,0,0.34422296,1
81893,0,0,0.042206,1
81894,0,1,0.84247476,0
81895,1,1,0.99967813,1
81896,0,0,0.13078417,1
81897,0,0,0.27076936,1
81898,1,1,1.0,1
81899,0,0,0.32514542,1
81900,1,1,0.86001676,1
81901,0,1,0.37897608,0
81902,0,0,0.04115289,1
81903,1,1,0.9982039,1
81904,1,1,0.626067,1
81905,0,0,0.16940589,1
81906,0,1,0.47785872,0
81907,1,0,0.037892424,0
81908,0,0,0.08464396,1
81909,1,1,0.9999187,1
81910,1,1,0.9973425,1
81911,0,0,0.122838534,1
81912,1,1,0.9990854,1
81913,1,0,0.058938842,0
81914,1,1,0.62016165,1
81915,0,0,0.1364357,1
81916,1,1,0.99987996,1
81917,1,1,0.9999801,1
81918,1,1,0.65417707,1
81919,1,1,0.5003052,1
81920,0,0,0.012845958,1
81921,0,1,0.38725576,0
81922,0,0,0.10356715,1
81923,0,1,0.7051256,0
81924,1,1,0.9998579,1
81925,0,1,0.6048658,0
81926,1,0,0.073430054,0
81927,0,0,0.059428226,1
81928,1,1,0.48057008,1
81929,0,1,0.7244806,0
81930,1,1,0.99999833,1
81931,1,0,0.12962292,0
81932,0,0,0.31700325,1
81933,1,0,0.20497774,0
81934,1,1,1.0,1
81935,0,1,0.5848048,0
81936,1,1,0.44423324,1
81937,1,0,0.09509706,0
81938,1,1,0.9999993,1
81939,1,1,1.0,1
81940,0,0,0.068537496,1
81941,1,1,0.6452876,1
81942,0,1,0.7297606,0
81943,1,0,0.086632065,0
81944,0,0,0.06548521,1
81945,1,1,0.99999774,1
81946,0,1,0.78116375,0
81947,0,1,0.99903405,0
81948,0,1,0.41122907,0
81949,0,0,0.07558479,1
81950,1,1,0.9974241,1
81951,1,1,0.99999857,1
81952,0,0,0.023397617,1
81953,1,1,1.0,1
81954,1,1,0.9976404,1
81955,0,0,0.24382246,1
81956,1,0,0.21617696,0
81957,0,0,0.13006428,1
81958,1,1,0.99995303,1
81959,0,0,0.08028533,1
81960,1,1,1.0,1
81961,1,0,0.28447658,0
81962,0,0,0.16552565,1
81963,1,1,1.0,1
81964,1,1,0.6691506,1
81965,0,0,0.068537496,1
81966,0,0,0.13534634,1
81967,0,0,0.0036006032,1
81968,1,1,0.9989454,1
81969,1,1,0.99732697,1
81970,1,0,0.012383786,0
81971,0,0,0.009055264,1
81972,1,1,0.97527254,1
81973,1,1,0.99983263,1
81974,0,1,0.8262917,0
81975,0,0,0.04276215,1
81976,1,1,0.9439706,1
81977,1,1,0.9999703,1
81978,0,0,0.114665605,1
81979,1,1,0.99999976,1
81980,1,1,0.99999976,1
81981,1,1,0.8975158,1
81982,1,1,0.9999999,1
81983,0,0,0.055208687,1
81984,0,1,0.5190947,0
81985,1,1,0.42116487,1
81986,1,1,0.57654196,1
81987,0,1,0.35885847,0
81988,0,0,0.0140636265,1
81989,1,1,1.0,1
81990,1,0,0.074432954,0
81991,1,1,0.9302684,1
81992,1,1,0.99945897,1
81993,1,1,0.9999989,1
81994,0,1,0.55012405,0
81995,1,1,1.0,1
81996,0,0,0.19961987,1
81997,0,0,0.026031531,1
81998,0,1,0.99344844,0
81999,1,1,0.9067358,1
82000,0,0,0.05261895,1
82001,1,1,0.9970879,1
82002,0,0,0.044224583,1
82003,1,1,1.0,1
82004,0,1,0.900267,0
82005,1,1,0.99995863,1
82006,1,1,0.87987113,1
82007,1,1,1.0,1
82008,1,1,0.9999988,1
82009,1,1,1.0,1
82010,1,0,1.885137e-05,0
82011,0,1,0.98833525,0
82012,1,1,0.9999913,1
82013,0,0,0.004256349,1
82014,0,0,0.0109234555,1
82015,1,1,0.99999547,1
82016,1,0,0.054449577,0
82017,1,0,0.0118005965,0
82018,1,1,0.4863925,1
82019,1,0,0.3426815,0
82020,0,1,0.96672606,0
82021,1,1,0.99997914,1
82022,1,1,1.0,1
82023,0,1,0.9899671,0
82024,0,1,0.86165464,0
82025,1,1,0.99958354,1
82026,0,1,0.97212505,0
82027,0,0,0.073430054,1
82028,1,1,0.90665317,1
82029,1,1,0.99999905,1
82030,0,0,0.044597577,1
82031,0,1,0.96415305,0
82032,1,0,0.22936255,0
82033,0,1,0.4382141,0
82034,0,0,0.0728343,1
82035,0,1,0.876423,0
82036,1,1,0.9982993,1
82037,0,0,0.27168626,1
82038,1,1,1.0,1
82039,0,1,0.8736466,0
82040,1,1,0.7657686,1
82041,0,0,0.0012327608,1
82042,0,1,0.5824911,0
82043,1,1,0.9911698,1
82044,0,1,0.6685017,0
82045,0,1,0.75319445,0
82046,1,1,0.9770007,1
82047,0,0,0.0532062,1
82048,0,0,0.2737685,1
82049,0,1,0.9253649,0
82050,1,1,0.87125593,1
82051,1,0,0.017644463,0
82052,1,0,0.047293693,0
82053,1,1,0.9411153,1
82054,1,1,0.3840166,1
82055,1,1,0.5124486,1
82056,1,0,0.28298813,0
82057,0,0,0.010529713,1
82058,1,0,0.18579942,0
82059,0,0,0.12797923,1
82060,0,0,0.0016388679,1
82061,1,1,0.43734282,1
82062,0,0,0.08889936,1
82063,0,0,0.0032162168,1
82064,1,1,0.9970073,1
82065,1,1,0.9932811,1
82066,0,1,0.9931496,0
82067,0,0,0.08359068,1
82068,1,0,0.09833879,0
82069,1,1,0.99999905,1
82070,1,1,1.0,1
82071,1,1,0.98888505,1
82072,1,1,1.0,1
82073,0,1,0.9003547,0
82074,0,1,0.83815056,0
82075,1,1,0.9967524,1
82076,1,0,0.3396633,0
82077,0,1,0.95719784,0
82078,1,0,0.30621576,0
82079,1,1,0.99856746,1
82080,0,0,0.11981949,1
82081,0,0,0.012722708,1
82082,0,1,0.8315539,0
82083,1,1,0.99995446,1
82084,1,1,0.86385167,1
82085,0,1,0.967256,0
82086,1,1,0.92762595,1
82087,1,1,1.0,1
82088,1,1,0.99999857,1
82089,1,0,0.06632688,0
82090,0,0,0.1930713,1
82091,0,0,0.047030386,1
82092,1,1,0.9976586,1
82093,1,0,0.040464837,0
82094,1,1,0.9998591,1
82095,0,1,0.4647801,0
82096,1,0,0.18491466,0
82097,0,1,0.9300782,0
82098,1,0,0.10650459,0
82099,0,1,0.40674415,0
82100,0,0,0.06506812,1
82101,0,0,0.1407491,1
82102,0,0,0.1676952,1
82103,0,1,0.93089926,0
82104,0,0,0.1562336,1
82105,0,1,0.38931432,0
82106,0,1,0.9629179,0
82107,0,1,0.8945133,0
82108,0,1,0.93593454,0
82109,1,1,0.99999976,1
82110,0,0,0.18293586,1
82111,1,0,0.03182875,0
82112,1,1,1.0,1
82113,0,0,0.28353333,1
82114,0,1,0.9794133,0
82115,1,1,0.99999666,1
82116,1,1,0.99999964,1
82117,1,1,0.99991775,1
82118,0,0,0.25841954,1
82119,0,1,0.9383503,0
82120,0,1,0.99776566,0
82121,1,1,1.0,1
82122,1,1,0.99998724,1
82123,1,1,0.99890125,1
82124,1,1,0.99892455,1
82125,1,1,0.99972945,1
82126,1,1,0.59083825,1
82127,1,1,0.99997556,1
82128,1,1,0.9999374,1
82129,1,1,0.99990535,1
82130,0,0,0.14817041,1
82131,0,0,0.13649327,1
82132,0,0,0.01836964,1
82133,0,1,0.9968458,0
82134,1,1,0.9999963,1
82135,1,1,0.9925103,1
82136,1,0,0.03971326,0
82137,0,0,0.06903792,1
82138,1,1,0.668718,1
82139,1,1,1.0,1
82140,1,1,1.0,1
82141,1,1,0.9998809,1
82142,0,1,0.9916358,0
82143,0,0,0.09017308,1
82144,0,0,0.11221037,1
82145,1,1,0.9961903,1
82146,0,1,0.9999999,0
82147,1,1,0.8512122,1
82148,0,0,0.057652235,1
82149,0,1,0.35987014,0
82150,1,0,0.074500255,0
82151,0,0,0.047030386,1
82152,0,0,0.09782047,1
82153,1,1,0.9999999,1
82154,0,0,0.14306794,1
82155,0,1,0.41454327,0
82156,1,1,1.0,1
82157,0,1,0.89340246,0
82158,1,1,0.99999964,1
82159,1,1,1.0,1
82160,1,1,1.0,1
82161,0,0,0.33584076,1
82162,0,0,0.0871745,1
82163,1,0,0.09825224,0
82164,0,0,0.10771874,1
82165,1,1,1.0,1
82166,0,1,0.41697466,0
82167,1,1,0.86223567,1
82168,1,1,0.6545084,1
82169,1,1,1.0,1
82170,1,1,0.99920374,1
82171,1,1,0.4464042,1
82172,1,0,0.006758087,0
82173,1,1,0.999879,1
82174,1,1,0.9967077,1
82175,0,1,0.99980134,0
82176,0,0,0.039937317,1
82177,1,1,0.9981614,1
82178,0,0,0.30233958,1
82179,1,1,0.99140584,1
82180,0,0,0.30766994,1
82181,1,1,0.99976677,1
82182,1,1,0.9999995,1
82183,0,0,0.038538493,1
82184,0,0,0.14229147,1
82185,1,1,1.0,1
82186,0,1,0.9894091,0
82187,0,0,0.087096825,1
82188,0,0,0.03365296,1
82189,1,1,0.3919295,1
82190,1,1,0.99966264,1
82191,0,0,0.092196204,1
82192,1,1,0.9390807,1
82193,0,1,0.48002163,0
82194,1,1,0.7612724,1
82195,1,1,0.99453074,1
82196,0,1,0.98844737,0
82197,1,1,0.99999917,1
82198,0,1,0.99799275,0
82199,1,1,0.4882529,1
82200,1,1,1.0,1
82201,0,0,0.080069266,1
82202,0,0,0.086246476,1
82203,1,1,0.64751965,1
82204,0,0,0.17335817,1
82205,0,0,0.09799298,1
82206,0,0,0.06014182,1
82207,0,0,0.09509706,1
82208,0,1,0.74097174,0
82209,1,1,1.0,1
82210,1,1,1.0,1
82211,1,1,0.60562414,1
82212,0,1,0.9989698,0
82213,1,1,0.5585076,1
82214,1,1,0.9998141,1
82215,0,1,0.9999999,0
82216,1,1,0.7159704,1
82217,1,1,0.9999367,1
82218,1,0,0.14378779,0
82219,1,1,1.0,1
82220,0,1,0.7892337,0
82221,1,1,0.9999989,1
82222,0,1,0.9995073,0
82223,1,1,1.0,1
82224,0,0,0.3154723,1
82225,1,1,0.9802997,1
82226,0,0,0.16079244,1
82227,1,1,0.99990463,1
82228,0,1,0.7807461,0
82229,1,1,1.0,1
82230,0,1,0.61687815,0
82231,0,1,0.99816847,0
82232,1,0,0.070751965,0
82233,0,0,0.2033909,1
82234,0,1,0.70644367,0
82235,0,1,0.9999827,0
82236,0,0,0.13563229,1
82237,1,1,0.9835338,1
82238,0,0,0.14817041,1
82239,1,1,0.7331176,1
82240,1,1,0.9999993,1
82241,0,0,0.04836099,1
82242,1,1,0.5229331,1
82243,1,1,0.9999175,1
82244,0,0,0.10622612,1
82245,0,1,0.70022905,0
82246,0,1,0.8893368,0
82247,1,0,0.07497297,0
82248,1,1,0.9784877,1
82249,1,1,0.99998224,1
82250,1,1,0.9901972,1
82251,1,1,0.49621585,1
82252,1,1,0.80240077,1
82253,0,1,0.790692,0
82254,0,0,0.13262686,1
82255,0,1,0.7631309,0
82256,1,1,0.9967077,1
82257,1,1,0.9999808,1
82258,1,1,0.966347,1
82259,0,1,0.6357314,0
82260,0,0,0.016387284,1
82261,0,1,0.9999975,0
82262,1,1,0.55012405,1
82263,1,1,0.97673583,1
82264,1,1,0.9999914,1
82265,0,1,0.8978745,0
82266,0,0,0.19860761,1
82267,1,1,0.999866,1
82268,1,1,0.9904591,1
82269,1,1,0.99765414,1
82270,1,1,0.9999962,1
82271,0,0,0.20489818,1
82272,0,0,0.2168396,1
82273,1,1,0.99980897,1
82274,0,1,0.9999993,0
82275,0,0,0.014172365,1
82276,0,1,0.9995635,0
82277,1,1,0.999997,1
82278,0,0,0.036838707,1
82279,1,1,0.9161096,1
82280,1,1,0.48398378,1
82281,0,1,0.64237636,0
82282,1,1,0.9999844,1
82283,0,1,0.99999535,0
82284,0,0,0.05379964,1
82285,0,0,0.005250641,1
82286,1,1,0.5657787,1
82287,0,1,0.99983,0
82288,0,1,0.8505928,0
82289,1,0,0.0343263,0
82290,1,1,1.0,1
82291,0,0,0.039379433,1
82292,1,0,0.31085128,0
82293,1,1,1.0,1
82294,1,1,1.0,1
82295,0,1,0.9991943,0
82296,1,0,0.09704756,0
82297,1,1,0.99999976,1
82298,1,1,1.0,1
82299,1,1,0.99886644,1
82300,0,0,0.017012626,1
82301,0,1,0.72744334,0
82302,1,0,0.11027936,0
82303,0,1,0.999995,0
82304,0,0,0.1908748,1
82305,1,1,0.99999976,1
82306,1,1,0.9999379,1
82307,1,1,0.7072531,1
82308,1,0,0.029063188,0
82309,1,1,0.3805575,1
82310,0,1,0.99999833,0
82311,0,0,0.15241031,1
82312,1,0,0.20866227,0
82313,0,1,0.82190347,0
82314,1,1,1.0,1
82315,0,0,0.23581159,1
82316,0,1,0.9137535,0
82317,0,0,0.21485612,1
82318,1,1,0.99988675,1
82319,1,1,0.930395,1
82320,0,1,0.6584724,0
82321,0,1,0.3838434,0
82322,0,1,0.99951494,0
82323,1,1,0.79036856,1
82324,0,1,0.5386192,0
82325,0,1,0.9999994,0
82326,0,0,0.021718834,1
82327,0,0,0.14566138,1
82328,1,1,0.9999989,1
82329,1,1,0.5089712,1
82330,1,1,0.9998568,1
82331,0,0,0.0029984985,1
82332,0,1,0.8824279,0
82333,0,0,0.2656899,1
82334,1,1,0.9995435,1
82335,0,1,0.56211644,0
82336,0,0,0.03893851,1
82337,1,1,0.9964551,1
82338,0,1,0.9999833,0
82339,1,1,0.97869223,1
82340,0,1,0.92379886,0
82341,1,0,0.16297863,0
82342,1,0,0.015998371,0
82343,1,0,0.027350497,0
82344,1,0,0.053107906,0
82345,1,1,0.99722075,1
82346,1,1,0.36670312,1
82347,0,0,0.22858672,1
82348,1,1,0.5677569,1
82349,0,0,0.19057333,1
82350,1,1,0.9914225,1
82351,1,0,0.11056715,0
82352,1,0,0.05823863,0
82353,1,1,1.0,1
82354,0,1,0.99951124,0
82355,1,1,0.99989367,1
82356,0,1,0.5774358,0
82357,1,1,1.0,1
82358,1,1,0.9999999,1
82359,0,1,0.8611883,0
82360,1,1,0.9999286,1
82361,0,0,0.17781086,1
82362,1,1,0.9999914,1
82363,1,1,1.0,1
82364,1,1,1.0,1
82365,0,1,0.962356,0
82366,0,1,0.97212505,0
82367,0,1,0.3997238,0
82368,1,1,0.99999964,1
82369,1,1,0.9912548,1
82370,0,1,0.5192166,0
82371,0,1,0.93885684,0
82372,1,1,0.99999964,1
82373,1,1,0.9974541,1
82374,0,1,0.9997749,0
82375,0,1,0.8943289,0
82376,1,1,0.9713201,1
82377,1,1,1.0,1
82378,0,0,0.014985891,1
82379,0,1,0.9995035,0
82380,1,0,0.13672362,0
82381,1,1,0.99990654,1
82382,1,1,0.9986594,1
82383,1,1,1.0,1
82384,0,1,0.9113377,0
82385,1,1,0.99720997,1
82386,0,1,0.90723,0
82387,0,1,0.43788356,0
82388,1,1,1.0,1
82389,1,1,0.99999046,1
82390,0,1,0.9999995,0
82391,1,0,0.09679113,0
82392,0,0,0.11114469,1
82393,0,1,0.9890765,0
82394,0,0,0.022542965,1
82395,1,1,0.9999925,1
82396,1,1,0.99273914,1
82397,1,0,0.17147702,0
82398,1,1,0.9950563,1
82399,1,1,0.9998629,1
82400,0,1,0.9944988,0
82401,1,1,0.9993424,1
82402,1,1,0.37519124,1
82403,0,1,0.9382373,0
82404,1,1,0.7109796,1
82405,1,1,0.99783427,1
82406,1,1,0.9184071,1
82407,1,1,0.6931096,1
82408,1,1,0.9999999,1
82409,0,1,0.39341414,0
82410,1,1,1.0,1
82411,1,1,0.4051839,1
82412,1,1,0.99951494,1
82413,1,0,0.16871993,0
82414,0,0,0.12158143,1
82415,1,0,0.04698664,0
82416,1,1,1.0,1
82417,0,1,0.9659959,0
82418,1,1,0.37199175,1
82419,1,1,0.7631751,1
82420,0,0,0.01627746,1
82421,1,1,0.9999999,1
82422,0,1,0.4023334,0
82423,0,1,0.90966654,0
82424,1,1,0.946051,1
82425,1,1,0.9993026,1
82426,1,1,0.96637875,1
82427,1,1,0.99999976,1
82428,0,0,0.29325265,1
82429,1,1,0.9999999,1
82430,1,1,0.89152807,1
82431,1,1,0.9945095,1
82432,1,1,0.9989536,1
82433,1,1,0.9999995,1
82434,0,1,0.76383626,0
82435,1,1,0.97175217,1
82436,1,0,0.26227456,0
82437,1,1,0.99990726,1
82438,1,1,0.97726256,1
82439,0,0,0.18520921,1
82440,0,1,1.0,0
82441,1,1,0.9999989,1
82442,0,1,0.9911868,0
82443,0,1,0.9505489,0
82444,0,0,0.061480366,1
82445,1,1,0.7409249,1
82446,0,1,0.8248855,0
82447,1,0,0.051462766,0
82448,0,1,0.9983612,0
82449,1,1,0.99984336,1
82450,1,1,0.9984022,1
82451,1,1,0.9999993,1
82452,0,1,0.99938214,0
82453,1,1,0.9995753,1
82454,0,0,0.14860235,1
82455,1,1,0.6336937,1
82456,0,0,0.016183903,1
82457,0,1,0.65118855,0
82458,0,0,0.08122775,1
82459,1,1,0.9823216,1
82460,0,1,0.99300176,0
82461,1,1,0.4460724,1
82462,1,1,0.60917544,1
82463,0,1,0.9170801,0
82464,0,1,0.95292586,0
82465,0,0,0.13039611,1
82466,1,1,0.90690076,1
82467,0,0,0.018387254,1
82468,1,1,1.0,1
82469,1,1,1.0,1
82470,0,1,0.7524676,0
82471,0,1,0.5003662,0
82472,1,1,0.9437636,1
82473,1,1,0.99999654,1
82474,0,1,0.366193,0
82475,1,1,0.7802442,1
82476,1,1,0.818011,1
82477,1,1,1.0,1
82478,1,1,0.99999464,1
82479,0,0,0.065904796,1
82480,1,0,0.16411416,0
82481,1,1,0.9999995,1
82482,0,0,0.24113183,1
82483,1,1,1.0,1
82484,0,1,0.9993268,0
82485,0,1,0.9995584,0
82486,0,0,0.03355782,1
82487,1,1,1.0,1
82488,1,1,0.9999999,1
82489,0,0,0.19269124,1
82490,0,0,0.14560063,1
82491,1,1,0.99999666,1
82492,1,1,0.99999964,1
82493,1,1,1.0,1
82494,1,1,0.49057117,1
82495,1,1,0.99919754,1
82496,0,1,0.9996147,0
82497,1,0,0.3044551,0
82498,1,1,1.0,1
82499,1,1,0.99997914,1
82500,1,1,0.9986462,1
82501,1,1,0.99999905,1
82502,0,0,0.015603534,1
82503,1,1,1.0,1
82504,1,1,0.9404078,1
82505,1,1,1.0,1
82506,0,0,0.083740406,1
82507,0,0,0.0385747,1
82508,1,1,0.992349,1
82509,1,1,0.99997556,1
82510,0,0,0.04954302,1
82511,1,0,0.17781086,0
82512,0,1,0.8952483,0
82513,0,0,0.05379964,1
82514,1,1,0.99999833,1
82515,0,0,0.23908274,1
82516,0,1,0.9746528,0
82517,1,1,0.49975583,1
82518,1,1,0.57862675,1
82519,0,1,0.8784186,0
82520,0,1,0.5213493,0
82521,0,1,0.99999917,0
82522,1,1,0.99173236,1
82523,1,1,0.98331094,1
82524,0,0,0.25146383,1
82525,1,1,0.86488205,1
82526,1,1,1.0,1
82527,1,0,0.011266296,0
82528,1,1,0.9999974,1
82529,1,1,0.99847525,1
82530,1,1,1.0,1
82531,1,1,0.9999999,1
82532,0,1,0.59854686,0
82533,1,1,0.88671505,1
82534,1,1,0.99718815,1
82535,0,1,0.9962346,0
82536,1,0,0.07477004,0
82537,1,1,0.9997198,1
82538,1,0,0.0768222,0
82539,1,1,0.99999976,1
82540,1,0,0.26693016,0
82541,1,0,0.34054002,0
82542,1,0,0.0011247575,0
82543,1,1,0.99978346,1
82544,0,1,0.38676345,0
82545,1,1,0.99999964,1
82546,1,1,1.0,1
82547,1,1,1.0,1
82548,1,1,0.99977034,1
82549,1,1,0.85195273,1
82550,1,1,0.9993358,1
82551,0,1,0.99996066,0
82552,0,0,0.10557885,1
82553,1,0,0.00029251014,0
82554,0,1,0.80927604,0
82555,1,1,1.0,1
82556,0,0,0.16708273,1
82557,0,0,0.26393127,1
82558,0,1,0.56103444,0
82559,0,0,0.19185705,1
82560,0,1,1.0,0
82561,1,1,0.8785229,1
82562,1,1,0.9882449,1
82563,0,1,0.704211,0
82564,1,1,0.99999523,1
82565,0,1,0.7206141,0
82566,1,1,0.9999565,1
82567,0,0,0.018457891,1
82568,1,1,0.9774355,1
82569,1,1,0.99963737,1
82570,1,0,0.10402136,0
82571,1,0,0.23005375,0
82572,0,0,0.15681377,1
82573,1,1,0.92788786,1
82574,1,1,0.99178034,1
82575,1,0,0.091544405,0
82576,0,1,0.9999995,0
82577,1,0,0.105210535,0
82578,0,1,0.9999999,0
82579,1,0,0.32167304,0
82580,1,1,0.87610537,1
82581,1,0,0.19360435,0
82582,1,1,0.99999726,1
82583,1,1,0.9999927,1
82584,0,1,0.99440175,0
82585,1,1,0.9992022,1
82586,1,0,0.070623666,0
82587,0,0,0.18929619,1
82588,1,1,0.9996252,1
82589,1,1,0.9996971,1
82590,1,1,0.9985979,1
82591,1,1,0.9999901,1
82592,1,1,0.9999776,1
82593,0,0,0.23353149,1
82594,1,1,0.7396576,1
82595,1,0,0.1462091,0
82596,1,1,0.9411694,1
82597,1,1,0.9873262,1
82598,0,1,0.92007446,0
82599,0,1,0.9813286,0
82600,1,1,0.9996424,1
82601,1,0,0.07971035,0
82602,1,0,0.16968088,0
82603,0,1,0.7304341,0
82604,0,1,0.8037136,0
82605,0,0,0.21321328,1
82606,1,1,0.9977525,1
82607,0,0,0.060863446,1
82608,0,1,1.0,0
82609,1,1,0.98168314,1
82610,0,1,0.450994,0
82611,0,1,0.8957053,0
82612,1,1,0.94208187,1
82613,0,1,0.92956835,0
82614,1,1,0.9876639,1
82615,1,1,0.99999166,1
82616,0,1,0.9991704,0
82617,1,1,0.95068645,1
82618,1,1,0.9980083,1
82619,1,1,1.0,1
82620,1,1,0.9999745,1
82621,1,1,0.9923786,1
82622,1,1,0.4421547,1
82623,0,0,0.02578508,1
82624,0,1,0.6898805,0
82625,0,1,0.9999993,0
82626,1,1,0.999879,1
82627,0,0,0.07758752,1
82628,1,0,0.19767669,0
82629,1,1,0.999089,1
82630,0,1,0.9103862,0
82631,0,1,0.9438154,0
82632,1,1,0.6233195,1
82633,1,1,0.7092205,1
82634,1,1,1.0,1
82635,1,1,0.98677725,1
82636,1,1,0.9999999,1
82637,1,1,0.57606506,1
82638,0,0,0.2052962,1
82639,0,1,0.98007214,0
82640,1,1,0.99951124,1
82641,1,1,0.99240804,1
82642,0,1,0.4239051,0
82643,0,1,0.9626381,0
82644,1,1,0.9994173,1
82645,1,1,1.0,1
82646,1,1,0.9999989,1
82647,1,0,0.10961043,0
82648,0,0,0.027663978,1
82649,0,1,0.40703875,0
82650,1,1,0.99978846,1
82651,1,1,0.8502201,1
82652,1,1,0.99984944,1
82653,0,0,0.10447732,1
82654,0,1,0.6244653,0
82655,1,1,0.99540824,1
82656,0,0,0.32552055,1
82657,1,1,0.9999933,1
82658,0,1,0.9312127,0
82659,0,1,0.9293763,0
82660,1,1,1.0,1
82661,0,0,0.019215846,1
82662,1,1,0.9999932,1
82663,1,1,0.9999995,1
82664,1,1,0.40447807,1
82665,1,0,0.22609939,0
82666,0,1,0.9964551,0
82667,1,1,1.0,1
82668,1,1,0.9999999,1
82669,1,1,0.99999464,1
82670,0,0,0.02384809,1
82671,1,1,0.9961606,1
82672,1,1,0.99984527,1
82673,1,1,0.99760795,1
82674,0,1,0.9999999,0
82675,1,1,1.0,1
82676,1,1,1.0,1
82677,0,0,0.0815929,1
82678,1,1,0.99998605,1
82679,0,0,0.033844035,1
82680,1,1,0.9953635,1
82681,1,1,0.9951041,1
82682,1,1,0.39481333,1
82683,0,0,0.074030295,1
82684,0,1,0.35292625,0
82685,0,1,0.52165395,0
82686,1,1,0.7934263,1
82687,1,1,0.99999285,1
82688,0,1,0.9991721,0
82689,1,1,1.0,1
82690,0,0,0.034848027,1
82691,0,1,0.9999598,0
82692,1,1,1.0,1
82693,0,0,0.15908672,1
82694,1,1,0.99999726,1
82695,1,0,0.13061775,0
82696,1,1,0.5683559,1
82697,1,0,0.022521457,0
82698,0,0,0.018142106,1
82699,1,1,1.0,1
82700,0,1,0.8230441,0
82701,1,1,0.99999976,1
82702,1,1,0.9998989,1
82703,1,0,0.011375601,0
82704,1,1,0.9180404,1
82705,0,0,0.25275272,1
82706,1,1,0.99999857,1
82707,1,1,0.99982184,1
82708,1,0,0.09947022,0
82709,1,1,1.0,1
82710,0,0,0.22151904,1
82711,0,1,0.44272682,0
82712,1,1,0.9999924,1
82713,1,0,0.3401015,0
82714,0,1,0.7108291,0
82715,1,1,1.0,1
82716,0,0,0.01720971,1
82717,0,1,0.7103772,0
82718,0,1,0.93367314,0
82719,1,1,0.9999821,1
82720,0,0,0.11446747,1
82721,1,1,0.8177201,1
82722,0,0,0.15354916,1
82723,1,1,0.99986815,1
82724,0,0,0.0057974006,1
82725,1,0,0.14110379,0
82726,1,1,0.78735954,1
82727,1,1,0.99038494,1
82728,0,1,0.7535573,0
82729,0,0,0.019234259,1
82730,1,1,0.99961334,1
82731,1,1,0.92468774,1
82732,1,1,0.9999269,1
82733,0,1,0.4265007,0
82734,1,0,0.08411581,0
82735,1,1,0.99053264,1
82736,1,1,0.39714903,1
82737,1,1,0.9999999,1
82738,1,1,0.9999999,1
82739,1,1,0.9976126,1
82740,1,0,0.096705794,0
82741,0,0,0.054399315,1
82742,0,0,0.22627032,1
82743,1,1,0.9022657,1
82744,1,1,0.99981624,1
82745,1,1,1.0,1
82746,1,1,0.6095823,1
82747,0,1,0.8315539,0
82748,1,0,0.34059486,0
82749,0,0,0.20497774,1
82750,0,1,0.9971607,0
82751,0,1,0.9719659,0
82752,1,1,0.988062,1
82753,0,0,0.06019705,1
82754,1,0,0.18899663,0
82755,1,0,0.0057974006,0
82756,0,1,0.9948001,0
82757,1,0,0.04065485,0
82758,0,0,0.1067837,1
82759,1,1,1.0,1
82760,1,1,0.37330452,1
82761,1,1,1.0,1
82762,0,1,0.9979372,0
82763,0,1,0.49578866,0
82764,0,1,0.99839276,0
82765,1,0,0.1606607,0
82766,0,0,0.31095585,1
82767,0,0,0.034391105,1
82768,1,1,0.9617499,1
82769,0,1,0.868938,0
82770,0,0,0.15393034,1
82771,1,1,0.9999994,1
82772,1,1,0.99458355,1
82773,0,1,0.45846993,0
82774,0,0,0.2922417,1
82775,1,1,0.63017297,1
82776,1,0,0.008694533,0
82777,1,1,0.83004373,1
82778,1,1,0.9999864,1
82779,0,0,0.012030543,1
82780,1,1,0.3515893,1
82781,1,1,1.0,1
82782,0,0,0.03117331,1
82783,1,1,0.9999974,1
82784,1,1,0.9999956,1
82785,1,1,0.99999976,1
82786,1,0,0.31710896,0
82787,0,1,0.41908318,0
82788,0,1,0.9917163,0
82789,1,1,1.0,1
82790,1,1,0.36846253,1
82791,1,1,0.9999999,1
82792,0,0,0.12226098,1
82793,0,1,0.96777767,0
82794,1,1,1.0,1
82795,0,1,0.99615306,0
82796,0,1,0.99494946,0
82797,0,1,0.9997942,0
82798,0,1,0.642152,0
82799,1,1,0.9887554,1
82800,1,0,0.021348475,0
82801,0,1,0.99999917,0
82802,0,0,0.024099445,1
82803,0,1,0.45768204,0
82804,1,1,0.999995,1
82805,0,1,0.962462,0
82806,0,1,0.9999995,0
82807,0,1,0.81677204,0
82808,1,0,0.0030515105,0
82809,0,0,0.004306305,1
82810,0,0,0.06650853,1
82811,1,1,0.9999856,1
82812,0,1,0.5868188,0
82813,1,0,0.061649624,0
82814,1,0,0.21149823,0
82815,0,0,0.116261385,1
82816,0,0,0.23952717,1
82817,1,1,1.0,1
82818,1,1,0.9999999,1
82819,1,1,0.79581684,1
82820,0,1,0.6175703,0
82821,1,1,0.83359575,1
82822,1,1,0.43413138,1
82823,1,0,0.28656837,0
82824,1,1,0.88543355,1
82825,1,1,0.99998164,1
82826,0,1,0.99999976,0
82827,0,1,0.80185825,0
82828,1,1,0.9842002,1
82829,1,1,1.0,1
82830,1,0,0.092196204,0
82831,1,1,0.9999863,1
82832,0,0,0.0762012,1
82833,1,1,0.9999851,1
82834,0,0,0.26630956,1
82835,0,0,0.13212214,1
82836,0,1,0.99997354,0
82837,1,1,0.98651993,1
82838,1,1,1.0,1
82839,0,1,0.36579645,0
82840,1,1,0.9999465,1
82841,0,0,0.08130065,1
82842,0,1,0.9999443,0
82843,1,1,0.9572378,1
82844,0,1,0.645064,0
82845,0,1,0.9998945,0
82846,1,0,0.020586777,0
82847,0,0,0.083142914,1
82848,1,1,0.9602495,1
82849,0,1,0.7759446,0
82850,0,1,0.99993956,0
82851,1,0,0.34180218,0
82852,1,1,0.9985134,1
82853,1,1,0.99665606,1
82854,1,1,0.9983865,1
82855,1,1,0.9677472,1
82856,1,1,0.9999839,1
82857,0,0,0.19406216,1
82858,1,0,0.015618542,0
82859,1,0,0.29401222,0
82860,1,0,0.20157737,0
82861,1,1,0.99999905,1
82862,0,0,0.31716183,1
82863,1,1,0.5292634,1
82864,1,1,0.7546439,1
82865,0,0,0.2678867,1
82866,0,0,0.20181322,1
82867,1,1,0.9432954,1
82868,1,1,0.99998665,1
82869,0,0,0.15234725,1
82870,0,1,0.974893,0
82871,0,0,0.07504072,1
82872,1,1,0.660008,1
82873,0,1,0.5559175,0
82874,0,1,0.80193585,0
82875,1,1,0.9999956,1
82876,0,0,0.27503234,1
82877,1,0,0.023286304,0
82878,1,1,0.65577704,1
82879,1,1,0.9999738,1
82880,1,0,0.10257407,0
82881,1,0,0.18111832,0
82882,1,1,1.0,1
82883,1,0,0.25841954,0
82884,0,0,0.15463115,1
82885,1,0,0.071202725,0
82886,1,1,0.99997294,1
82887,1,1,1.0,1
82888,0,0,0.16331196,1
82889,1,1,0.9873262,1
82890,1,1,0.95253,1
82891,0,0,0.11056715,1
82892,0,1,0.8477158,0
82893,0,1,0.65074474,0
82894,1,1,0.99993026,1
82895,1,1,0.9997439,1
82896,1,0,0.07544843,0
82897,0,0,0.10293422,1
82898,0,1,0.35711896,0
82899,0,0,0.1304515,1
82900,0,1,0.62286085,0
82901,0,1,0.8581252,0
82902,1,1,0.95506835,1
82903,1,1,1.0,1
82904,1,1,1.0,1
82905,1,1,1.0,1
82906,1,1,0.8217605,1
82907,0,1,0.9584212,0
82908,0,1,0.9999864,0
82909,1,1,0.8418256,1
82910,1,1,0.85427785,1
82911,1,1,0.43626174,1
82912,0,0,0.0836655,1
82913,1,1,1.0,1
82914,1,1,0.9999999,1
82915,1,1,0.9242787,1
82916,1,1,1.0,1
82917,1,1,0.99961925,1
82918,0,1,0.53892255,0
82919,1,1,1.0,1
82920,1,1,0.9997125,1
82921,0,0,0.1673547,1
82922,1,1,1.0,1
82923,1,1,0.9914391,1
82924,0,0,0.029118354,1
82925,1,1,0.9948803,1
82926,1,1,0.9974342,1
82927,1,1,1.0,1
82928,0,0,0.10443165,1
82929,0,0,0.037785765,1
82930,0,1,0.8873999,0
82931,0,0,0.12442563,1
82932,0,1,0.3878642,0
82933,1,0,0.1500911,0
82934,0,0,0.014117893,1
82935,1,1,0.9986929,1
82936,0,1,0.66709346,0
82937,1,1,0.5456489,1
82938,0,0,0.045225907,1
82939,0,0,0.012920474,1
82940,1,1,0.97664696,1
82941,1,0,0.023065226,0
82942,1,0,0.24184734,0
82943,1,1,0.5037841,1
82944,1,1,0.99999654,1
82945,1,1,0.9999572,1
82946,0,0,0.14199378,1
82947,0,1,0.51805854,0
82948,0,0,0.16398025,1
82949,1,1,0.9966756,1
82950,1,1,0.9884919,1
82951,1,1,0.99195355,1
82952,1,1,0.36744052,1
82953,1,0,0.24598956,0
82954,1,1,0.98478174,1
82955,1,1,0.98041254,1
82956,1,1,0.98303634,1
82957,0,0,0.037821285,1
82958,0,0,0.1412222,1
82959,1,1,1.0,1
82960,1,0,0.23757595,0
82961,0,0,0.024563085,1
82962,1,1,0.9999995,1
82963,1,1,0.7300494,1
82964,1,1,0.9595352,1
82965,0,1,0.78456676,0
82966,0,0,0.21060391,1
82967,0,0,0.18242553,1
82968,0,0,0.23361893,1
82969,1,1,0.99959785,1
82970,1,1,0.83907574,1
82971,1,1,0.9997434,1
82972,0,1,0.9996252,0
82973,0,1,0.44034895,0
82974,0,1,0.99744415,0
82975,0,0,0.22584318,1
82976,1,1,0.99999,1
82977,1,1,1.0,1
82978,1,0,0.021698095,0
82979,0,0,0.15974101,1
82980,1,0,0.033812117,0
82981,0,1,0.37182066,0
82982,1,1,1.0,1
82983,1,1,0.7615385,1
82984,1,0,0.03680407,0
82985,0,0,0.20118472,1
82986,1,1,0.99723166,1
82987,0,0,0.06693421,1
82988,0,1,0.4013945,0
82989,1,1,0.99941504,1
82990,1,1,0.9999577,1
82991,0,1,0.35153365,0
82992,0,1,0.38641608,0
82993,1,1,1.0,1
82994,1,1,0.99983776,1
82995,1,1,1.0,1
82996,1,1,0.9993857,1
82997,1,1,1.0,1
82998,1,1,0.3952509,1
82999,0,1,0.6765665,0
83000,0,1,0.39297727,0
83001,1,1,0.99999976,1
83002,1,0,0.03327394,0
83003,0,0,0.0871745,1
83004,1,1,0.96618783,1
83005,1,0,0.14039516,0
83006,1,1,0.7905303,1
83007,1,1,0.99999,1
83008,0,1,0.9979849,0
83009,0,0,0.34582293,1
83010,1,1,0.9818579,1
83011,0,1,0.9255671,0
83012,0,1,0.8581252,0
83013,1,1,0.9999999,1
83014,0,1,0.97986126,0
83015,1,1,1.0,1
83016,1,0,0.2625581,0
83017,0,0,0.051272422,1
83018,1,0,0.22177176,0
83019,1,1,0.9999578,1
83020,1,0,0.1897462,0
83021,1,1,1.0,1
83022,0,0,0.019813737,1
83023,1,0,0.015543648,0
83024,1,0,0.009232214,0
83025,0,1,0.38329497,0
83026,0,1,0.7981868,0
83027,1,1,0.99951684,1
83028,1,1,0.9627082,1
83029,0,1,0.64057964,0
83030,1,1,1.0,1
83031,1,1,0.9999999,1
83032,1,1,0.9993988,1
83033,0,0,0.07758752,1
83034,1,1,0.9257015,1
83035,1,1,1.0,1
83036,0,1,0.99999976,0
83037,1,1,0.9999609,1
83038,0,1,0.99999154,0
83039,0,0,0.13793841,1
83040,1,0,0.03581319,0
83041,1,1,0.99458355,1
83042,1,1,0.99987113,1
83043,0,1,0.9411694,0
83044,0,1,0.7752647,0
83045,1,1,0.99999976,1
83046,1,1,0.9961004,1
83047,1,1,1.0,1
83048,1,1,0.99963593,1
83049,1,1,1.0,1
83050,1,1,0.6790191,1
83051,0,0,0.13951358,1
83052,1,1,0.9999994,1
83053,0,1,0.93115014,0
83054,0,0,0.080574244,1
83055,1,1,0.99343574,1
83056,0,1,0.99999714,0
83057,1,1,0.99997187,1
83058,0,1,0.99502736,0
83059,0,0,0.16572809,1
83060,0,0,0.10275402,1
83061,1,1,0.99932814,1
83062,1,0,0.0077405213,0
83063,1,1,0.99999857,1
83064,1,0,0.018815093,0
83065,0,1,0.99952805,0
83066,1,0,0.22151904,0
83067,0,1,0.7592254,0
83068,0,0,0.0553617,1
83069,1,1,1.0,1
83070,1,0,0.34054002,0
83071,0,1,0.9380673,0
83072,1,1,0.42369646,1
83073,0,1,0.9999292,0
83074,1,0,0.17539679,0
83075,1,1,0.8847382,1
83076,1,0,0.2694217,0
83077,0,1,0.998884,0
83078,1,1,0.9935243,1
83079,1,1,0.9999981,1
83080,0,1,0.9999665,0
83081,0,1,0.49157792,0
83082,1,1,1.0,1
83083,0,0,0.25706506,1
83084,0,1,0.9962126,0
83085,1,1,1.0,1
83086,0,0,0.036220055,1
83087,1,1,0.81449586,1
83088,1,1,0.99495924,1
83089,0,1,0.99433607,0
83090,0,1,0.9530133,0
83091,1,1,0.9999994,1
83092,1,1,0.9999534,1
83093,1,1,0.44245577,1
83094,0,0,0.28368217,1
83095,0,0,0.06447655,1
83096,1,1,0.999159,1
83097,1,1,0.46508378,1
83098,1,1,1.0,1
83099,1,1,0.9997273,1
83100,1,1,0.9546474,1
83101,1,1,0.9999956,1
83102,0,1,0.9999871,0
83103,1,0,0.07716922,0
83104,1,1,0.89460546,1
83105,1,0,0.28002533,0
83106,1,1,0.4793818,1
83107,1,0,0.26057756,0
83108,1,1,1.0,1
83109,0,0,0.27771777,1
83110,1,0,0.21304952,0
83111,0,0,0.08028533,1
83112,0,0,0.04111437,1
83113,0,0,0.09645018,1
83114,0,0,0.1203871,1
83115,0,1,0.998743,0
83116,0,0,0.24256429,1
83117,1,1,0.99999976,1
83118,1,0,0.21700546,0
83119,0,1,0.80882335,0
83120,1,0,0.33627656,0
83121,1,1,0.9999949,1
83122,0,1,0.9999999,0
83123,1,1,0.9455002,1
83124,1,1,0.9996259,1
83125,1,0,0.22397058,0
83126,0,1,0.93505055,0
83127,1,1,0.9999782,1
83128,1,1,0.99995935,1
83129,1,0,0.14596547,0
83130,1,1,0.9962565,1
83131,0,1,0.992725,0
83132,0,1,0.47350508,0
83133,1,1,0.42456108,1
83134,0,0,0.09065494,1
83135,0,1,0.86726075,0
83136,0,0,0.20850107,1
83137,1,1,0.99306935,1
83138,0,0,0.098512106,1
83139,1,1,0.9405172,1
83140,0,1,0.99895155,0
83141,0,1,0.9999956,0
83142,0,0,0.17342815,1
83143,1,0,0.0374323,0
83144,1,0,0.11787642,0
83145,0,1,0.69134104,0
83146,1,1,0.9811849,1
83147,1,0,0.16532342,0
83148,0,1,0.5455279,0
83149,1,1,0.99999964,1
83150,1,1,0.9683812,1
83151,1,1,0.9977437,1
83152,1,1,1.0,1
83153,1,1,1.0,1
83154,1,0,0.17161581,0
83155,0,1,0.9999851,0
83156,1,1,0.9999534,1
83157,1,1,0.9726495,1
83158,1,0,0.21526824,0
83159,0,1,0.75036985,0
83160,0,1,0.6009497,0
83161,1,1,0.83031917,1
83162,1,1,0.7588682,1
83163,1,1,1.0,1
83164,1,0,0.08866235,0
83165,1,0,0.0071629784,0
83166,1,0,0.26826996,0
83167,1,0,0.20087102,0
83168,0,1,0.75590736,0
83169,0,1,0.9664738,0
83170,0,1,0.90105337,0
83171,0,0,0.03012886,1
83172,0,1,0.9078855,0
83173,1,1,0.4974976,1
83174,0,0,0.1552705,1
83175,0,0,0.10185715,1
83176,1,1,0.96323055,1
83177,1,1,0.9999994,1
83178,1,1,0.98965186,1
83179,1,0,0.19954187,0
83180,1,1,0.8778961,1
83181,0,1,0.37662312,0
83182,0,1,0.4711624,0
83183,1,1,0.99999475,1
83184,1,1,1.0,1
83185,1,0,0.0793529,0
83186,0,1,0.97346866,0
83187,1,1,0.9974491,1
83188,1,1,1.0,1
83189,1,1,0.9904959,1
83190,1,1,0.80271024,1
83191,1,1,0.85512674,1
83192,1,1,1.0,1
83193,1,1,0.45187068,1
83194,1,1,0.5878248,1
83195,1,0,0.11616108,0
83196,1,1,0.9524858,1
83197,1,1,1.0,1
83198,1,0,0.019456577,0
83199,1,1,0.9276915,1
83200,1,1,0.99999094,1
83201,1,1,0.99797314,1
83202,1,1,0.38575062,1
83203,0,1,0.41099268,0
83204,0,1,0.7449348,0
83205,1,1,0.99592197,1
83206,1,1,0.9999577,1
83207,1,0,0.19057333,0
83208,1,1,0.43524128,1
83209,1,1,0.9999999,1
83210,0,0,0.1260303,1
83211,0,0,0.024353383,1
83212,0,1,0.7826625,0
83213,0,1,0.99999833,0
83214,0,0,0.14614818,1
83215,0,1,0.5989575,0
83216,1,1,0.92007446,1
83217,0,0,0.3475925,1
83218,0,0,0.24735057,1
83219,0,1,0.66011757,0
83220,0,0,0.055208687,1
83221,0,0,0.10697014,1
83222,0,0,0.18039528,1
83223,0,1,0.9302684,0
83224,0,0,0.065545,1
83225,1,0,0.043204032,0
83226,0,1,0.93622667,0
83227,1,1,0.9943691,1
83228,1,1,1.0,1
83229,1,1,1.0,1
83230,1,0,0.029008126,0
83231,0,1,0.9951609,0
83232,1,0,0.11661302,0
83233,0,1,0.64450485,0
83234,1,1,0.99999964,1
83235,0,1,0.9922294,0
83236,0,1,0.8472108,0
83237,0,0,0.0029065122,1
83238,1,1,1.0,1
83239,0,1,0.48300824,0
83240,0,0,0.069921836,1
83241,0,1,0.9709919,0
83242,1,1,0.99999976,1
83243,1,1,0.93558234,1
83244,0,0,0.036254164,1
83245,0,0,0.13251457,1
83246,0,0,0.055412795,1
83247,1,1,1.0,1
83248,0,0,0.12640727,1
83249,0,0,0.06447655,1
83250,1,1,0.9961306,1
83251,1,1,1.0,1
83252,1,1,1.0,1
83253,1,1,0.9994241,1
83254,1,1,0.6064402,1
83255,1,0,0.32044902,0
83256,0,1,0.9992099,0
83257,0,1,0.99999905,0
83258,0,0,0.1186912,1
83259,1,1,0.4656912,1
83260,1,1,0.8705973,1
83261,0,0,0.05602938,1
83262,1,1,1.0,1
83263,1,1,0.9930153,1
83264,1,1,1.0,1
83265,1,1,0.9995753,1
83266,0,0,0.1583695,1
83267,0,0,0.15190639,1
83268,0,0,0.0818861,1
83269,1,0,0.24023944,0
83270,1,1,0.99999976,1
83271,1,1,0.98552424,1
83272,0,0,0.0586686,1
83273,0,1,0.5281075,0
83274,1,1,0.99703634,1
83275,0,1,0.6148566,0
83276,0,1,0.47079742,0
83277,0,1,0.7433543,0
83278,0,0,0.05515777,1
83279,1,1,0.820757,1
83280,0,0,0.19238758,1
83281,0,0,0.30048895,1
83282,1,1,0.9999976,1
83283,1,1,0.9930153,1
83284,1,1,1.0,1
83285,1,1,0.99369794,1
83286,1,1,0.7856377,1
83287,0,0,0.10800066,1
83288,1,0,0.030588808,0
83289,1,1,0.9999999,1
83290,0,1,0.98192734,0
83291,0,0,0.28591993,1
83292,1,1,0.9799574,1
83293,0,1,0.99668854,0
83294,1,1,0.99995375,1
83295,0,0,0.08441725,1
83296,1,1,0.76821196,1
83297,0,1,0.9997142,0
83298,0,0,0.048541088,1
83299,1,1,0.9999311,1
83300,0,1,0.996858,0
83301,0,0,0.27747297,1
83302,0,1,0.6065567,0
83303,1,1,0.99995255,1
83304,0,1,0.48395324,0
83305,1,1,0.99999976,1
83306,1,0,0.019549947,0
83307,0,0,0.1164622,1
83308,0,1,0.9534488,0
83309,0,0,0.031084953,1
83310,1,1,0.96131647,1
83311,1,0,0.05515777,0
83312,1,1,1.0,1
83313,0,1,0.92241246,0
83314,0,0,0.012796518,1
83315,1,1,0.99386686,1
83316,0,1,0.78735954,0
83317,0,1,1.0,0
83318,0,1,0.9947084,0
83319,1,1,0.9999993,1
83320,1,1,0.75913614,1
83321,0,0,0.23484507,1
83322,0,0,0.06866228,1
83323,0,0,0.124159895,1
83324,0,0,0.18432663,1
83325,1,1,0.9999858,1
83326,1,1,0.7776378,1
83327,0,1,0.9984812,0
83328,0,1,0.9949397,0
83329,1,1,0.99002504,1
83330,0,1,0.99415743,0
83331,1,1,1.0,1
83332,0,0,0.005260852,1
83333,0,0,0.10790661,1
83334,0,1,1.0,0
83335,0,0,0.32391453,1
83336,1,0,0.037361998,0
83337,0,1,0.35655868,0
83338,0,0,0.12268078,1
83339,1,1,0.98324674,1
83340,0,0,0.003991728,1
83341,1,1,0.37559196,1
83342,1,1,0.9962638,1
83343,0,0,0.19337577,1
83344,0,0,0.23739909,1
83345,1,1,0.43428135,1
83346,0,0,0.18757874,1
83347,0,0,0.024330191,1
83348,0,0,0.1838133,1
83349,1,1,0.99999976,1
83350,0,0,0.1676952,1
83351,1,1,0.66622543,1
83352,1,1,0.99827254,1
83353,1,1,0.9995584,1
83354,1,1,0.9956937,1
83355,0,0,0.23863891,1
83356,0,1,0.9274948,0
83357,1,1,0.9999988,1
83358,1,1,0.87652874,1
83359,1,1,0.51537603,1
83360,0,1,0.9763331,0
83361,1,1,0.9999628,1
83362,1,0,0.31320965,0
83363,1,1,0.9999924,1
83364,1,1,0.99978846,1
83365,1,1,0.9998184,1
83366,1,1,0.9996743,1
83367,1,0,0.12967801,0
83368,1,1,0.99999344,1
83369,1,1,0.9233162,1
83370,0,0,0.18929619,1
83371,1,1,1.0,1
83372,1,1,0.9496227,1
83373,1,1,0.99770385,1
83374,0,0,0.047118004,1
83375,1,1,1.0,1
83376,1,0,0.15520647,0
83377,0,1,0.5836187,0
83378,0,0,0.314998,1
83379,1,1,0.8894329,1
83380,1,1,0.9287327,1
83381,1,1,0.9986749,1
83382,0,1,0.37182066,0
83383,0,0,0.12023207,1
83384,0,1,0.997851,0
83385,1,1,0.9999999,1
83386,0,0,0.26898944,1
83387,1,1,0.37336162,1
83388,1,1,0.99704784,1
83389,1,1,0.9978258,1
83390,1,1,0.9999962,1
83391,1,1,0.99014014,1
83392,1,1,0.9999491,1
83393,1,1,0.99637836,1
83394,1,1,0.99004436,1
83395,0,1,0.9678993,0
83396,1,1,0.37264788,1
83397,1,1,0.999723,1
83398,1,1,0.99996066,1
83399,0,1,0.8899121,0
83400,0,1,0.71492666,0
83401,0,1,0.9983386,0
83402,1,1,0.9999995,1
83403,1,0,0.11446747,0
83404,1,1,0.9992693,1
83405,1,1,0.9999931,1
83406,1,1,0.53837657,1
83407,1,1,0.99863833,1
83408,1,1,0.6867378,1
83409,0,1,0.8025555,0
83410,0,0,0.14258969,1
83411,0,1,0.58847535,0
83412,0,1,0.535645,0
83413,0,0,0.010570489,1
83414,1,0,0.11303994,0
83415,1,1,0.8718026,1
83416,1,0,0.045521997,0
83417,0,0,0.020119479,1
83418,1,1,0.999982,1
83419,1,1,0.99490017,1
83420,1,1,0.96182173,1
83421,0,1,0.65417707,0
83422,1,1,0.9983675,1
83423,0,1,0.7128323,0
83424,0,0,0.16491956,1
83425,0,0,0.015543648,1
83426,0,0,0.024940254,1
83427,1,0,0.06365676,0
83428,1,1,0.5512114,1
83429,0,1,0.4621696,0
83430,1,1,1.0,1
83431,0,1,0.6552808,0
83432,1,1,0.9980276,1
83433,0,1,0.4025976,0
83434,1,1,0.9858004,1
83435,1,1,0.99984765,1
83436,1,1,1.0,1
83437,1,0,0.21917033,0
83438,1,1,0.5874699,1
83439,0,1,0.99381906,0
83440,0,0,0.0374323,1
83441,0,1,0.611556,0
83442,1,1,1.0,1
83443,1,1,0.9786107,1
83444,0,0,0.022307474,1
83445,0,0,0.035012625,1
83446,1,0,0.074500255,0
83447,1,1,0.7735587,1
83448,1,1,0.43176386,1
83449,1,1,0.54389304,1
83450,1,1,0.39726597,1
83451,0,0,0.105486654,1
83452,0,0,0.21942112,1
83453,0,1,0.3756492,0
83454,1,1,0.99911004,1
83455,1,1,0.9999943,1
83456,1,1,0.70217276,1
83457,0,1,0.67281556,0
83458,0,1,0.93045825,0
83459,1,1,0.9999981,1
83460,1,1,0.9825408,1
83461,1,1,0.6298884,1
83462,1,0,0.22755517,0
83463,1,1,0.45759115,1
83464,0,1,0.9981969,0
83465,1,1,0.99999964,1
83466,1,1,0.9592307,1
83467,0,1,0.39545515,0
83468,1,1,0.99637836,1
83469,0,0,0.24490437,1
83470,1,1,0.999892,1
83471,1,0,0.051082734,0
83472,0,0,0.3465966,1
83473,0,1,0.47950366,0
83474,1,1,1.0,1
83475,0,1,1.0,0
83476,1,1,0.9836442,1
83477,0,0,0.025613915,1
83478,0,1,0.99952257,0
83479,0,0,0.01578456,1
83480,0,0,0.024798159,1
83481,1,1,1.0,1
83482,0,1,0.9999999,0
83483,1,1,0.94386727,1
83484,1,1,0.99999976,1
83485,1,1,1.0,1
83486,1,0,0.051415116,0
83487,1,1,1.0,1
83488,1,1,0.9982351,1
83489,0,0,0.039787814,1
83490,1,1,0.9999944,1
83491,0,1,0.53540206,0
83492,1,1,0.9999999,1
83493,1,1,1.0,1
83494,1,1,0.9984723,1
83495,1,1,0.9994128,1
83496,1,0,0.16264586,0
83497,1,1,0.97678024,1
83498,0,0,0.15746048,1
83499,0,0,0.075653054,1
83500,1,1,0.99876,1
83501,1,1,1.0,1
83502,0,1,0.3756492,0
83503,1,1,1.0,1
83504,1,0,0.028625505,0
83505,0,0,0.010902374,1
83506,0,1,0.9987056,0
83507,1,0,0.035344075,0
83508,1,1,1.0,1
83509,1,1,0.9999678,1
83510,1,1,0.99984765,1
83511,1,1,0.4618055,1
83512,0,1,0.66655105,0
83513,1,1,1.0,1
83514,1,1,1.0,1
83515,0,0,0.011846234,1
83516,1,1,0.5437719,1
83517,0,0,0.14953136,1
83518,1,1,0.9999392,1
83519,1,1,0.9957684,1
83520,0,0,0.05350215,1
83521,0,0,0.037785765,1
83522,1,0,0.019927852,0
83523,0,1,0.9996395,0
83524,1,1,0.9999951,1
83525,0,1,0.9123581,0
83526,1,0,0.13666598,0
83527,1,1,0.90772206,1
83528,1,1,0.9994715,1
83529,1,1,1.0,1
83530,0,1,0.972336,0
83531,0,0,0.047030386,1
83532,1,1,0.4526871,1
83533,0,1,0.8100285,0
83534,1,1,1.0,1
83535,1,0,0.12667711,0
83536,1,1,0.9995987,1
83537,0,0,0.07793769,1
83538,0,1,1.0,0
83539,1,0,0.09679113,0
83540,0,1,0.9992372,0
83541,0,0,0.12147716,1
83542,0,0,0.2562732,1
83543,1,0,0.0053849383,0
83544,0,1,0.99002504,0
83545,1,1,0.99999976,1
83546,1,1,0.56127495,1
83547,1,1,0.68967146,1
83548,0,0,0.018617803,1
83549,1,1,0.99988675,1
83550,0,1,0.97752154,0
83551,1,1,1.0,1
83552,0,1,0.99983,0
83553,0,0,0.14175598,1
83554,1,1,0.9982926,1
83555,0,0,0.05094091,1
83556,1,1,0.9999896,1
83557,1,1,0.9999937,1
83558,0,0,0.10456872,1
83559,1,0,0.0004197671,0
83560,1,1,0.99997926,1
83561,0,0,0.15335886,1
83562,1,1,0.99999964,1
83563,1,0,0.13799648,0
83564,0,0,0.13415082,1
83565,0,0,0.25664562,1
83566,0,0,0.07483763,1
83567,1,1,0.9999118,1
83568,0,1,0.9959299,0
83569,1,1,0.99711037,1
83570,1,1,1.0,1
83571,1,1,0.96210754,1
83572,1,1,0.4063024,1
83573,1,1,0.9355235,1
83574,1,1,0.43575147,1
83575,1,1,1.0,1
83576,1,0,0.1613863,0
83577,1,1,0.9999995,1
83578,0,0,0.11230769,1
83579,1,0,0.03504564,0
83580,1,0,0.11027936,0
83581,0,1,0.9713201,0
83582,0,1,0.99951124,0
83583,0,1,0.67678016,0
83584,0,1,1.0,0
83585,1,0,0.2833846,0
83586,1,1,0.9092645,1
83587,1,1,1.0,1
83588,1,1,0.43017727,1
83589,0,0,0.16404721,1
83590,1,1,0.99999976,1
83591,1,0,0.040692955,0
83592,1,0,0.1286893,0
83593,1,1,1.0,1
83594,1,1,0.46526602,1
83595,1,0,0.12710989,0
83596,0,0,0.028382123,1
83597,0,0,0.106597565,1
83598,0,0,0.0553617,1
83599,1,0,0.325735,0
83600,1,1,0.99994755,1
83601,1,1,0.57606506,1
83602,1,0,0.010902374,0
83603,0,0,0.039937317,1
83604,0,1,0.99248135,0
83605,1,1,0.9601001,1
83606,1,0,0.0060386634,0
83607,1,1,0.99980134,1
83608,0,0,0.010755925,1
83609,0,0,0.00066800485,1
83610,0,0,0.1266231,1
83611,1,1,0.8505928,1
83612,0,0,0.11124121,1
83613,1,0,0.24744149,0
83614,1,1,0.99999917,1
83615,0,0,0.027402505,1
83616,0,0,0.015906392,1
83617,1,1,0.9999999,1
83618,0,1,0.98067343,0
83619,1,0,0.09501305,0
83620,0,1,0.999828,0
83621,0,1,0.373933,0
83622,0,0,0.019624962,1
83623,1,1,0.99025387,1
83624,0,0,0.008864498,1
83625,1,1,0.9981933,1
83626,1,0,0.049589023,0
83627,1,0,0.32944563,0
83628,1,1,0.9807842,1
83629,1,0,0.08232769,0
83630,1,1,1.0,1
83631,0,0,0.025035424,1
83632,1,1,0.79390603,1
83633,0,1,0.4664506,0
83634,0,1,0.5229331,0
83635,0,1,0.9615338,0
83636,0,0,0.024656855,1
83637,0,0,0.1746917,1
83638,0,0,0.22669801,1
83639,1,1,0.9975986,1
83640,0,0,0.011530388,1
83641,0,1,1.0,0
83642,1,1,0.96853036,1
83643,0,1,0.8546422,0
83644,1,1,0.99998593,1
83645,1,1,0.99984527,1
83646,0,0,0.27879643,1
83647,0,0,0.17881243,1
83648,1,0,0.049267832,0
83649,0,1,0.4468869,0
83650,0,1,0.91030645,0
83651,1,0,0.27454582,0
83652,0,0,0.060975183,1
83653,0,0,0.09973295,1
83654,0,0,0.06614567,1
83655,0,0,0.051462766,1
83656,0,1,0.9846789,0
83657,0,1,0.5708697,0
83658,0,0,0.057018865,1
83659,0,1,0.40315557,0
83660,0,1,0.9987281,0
83661,0,1,0.8435088,0
83662,0,0,0.09484525,1
83663,1,1,1.0,1
83664,1,1,0.60340613,1
83665,1,1,0.6983809,1
83666,1,0,0.01665704,0
83667,0,0,0.18787654,1
83668,0,0,0.15121572,1
83669,0,0,0.051462766,1
83670,0,0,0.15921742,1
83671,1,1,1.0,1
83672,1,1,0.99959785,1
83673,0,1,0.38601097,0
83674,0,1,0.99988043,0
83675,1,1,0.97953105,1
83676,0,0,0.13437785,1
83677,0,1,0.39598057,0
83678,0,1,0.9999918,0
83679,1,1,0.99999535,1
83680,1,1,0.85633236,1
83681,1,0,0.032774985,0
83682,0,1,0.9658996,0
83683,1,0,0.08419108,0
83684,1,1,0.99879575,1
83685,1,1,0.9852997,1
83686,1,1,0.9999932,1
83687,1,0,0.2955348,0
83688,0,1,0.89552265,0
83689,0,1,0.36330798,0
83690,0,1,0.9962419,0
83691,1,1,0.98395544,1
83692,1,0,0.004991961,0
83693,1,1,0.9999844,1
83694,1,1,0.9748452,1
83695,1,0,0.16532342,0
83696,0,0,0.114665605,1
83697,1,1,0.68098474,1
83698,0,1,0.80927604,0
83699,1,1,1.0,1
83700,0,1,0.7066461,0
83701,0,1,0.6018861,0
83702,1,1,0.9989759,1
83703,1,0,0.18892181,0
83704,1,1,0.99999976,1
83705,0,1,0.98287266,0
83706,0,1,0.7890712,0
83707,1,1,0.99228936,1
83708,0,1,0.9932811,0
83709,0,0,0.041930523,1
83710,1,1,0.9999999,1
83711,1,1,0.99992454,1
83712,0,0,0.19559407,1
83713,0,1,0.9999982,0
83714,1,1,0.89058006,1
83715,0,0,0.026056305,1
83716,0,0,0.11767348,1
83717,1,0,0.22798456,0
83718,0,0,0.09885954,1
83719,0,0,0.11661302,1
83720,0,0,0.13927925,1
83721,0,0,0.033971995,1
83722,1,1,0.53345823,1
83723,1,1,0.9979412,1
83724,1,1,0.9999995,1
83725,0,0,0.024798159,1
83726,1,0,0.12463858,0
83727,0,1,0.49591073,0
83728,0,1,0.48800892,0
83729,1,1,0.91505283,1
83730,1,0,0.13834533,0
83731,1,1,0.9999212,1
83732,0,0,0.10585582,1
83733,1,0,0.24762337,0
83734,1,1,0.9996295,1
83735,1,1,0.9985758,1
83736,0,0,0.07382971,1
83737,1,0,0.023286304,0
83738,1,1,0.9978258,1
83739,1,1,0.99978846,1
83740,0,1,0.908699,0
83741,0,1,0.6568234,0
83742,1,1,0.99999976,1
83743,1,1,0.9997613,1
83744,1,1,0.999998,1
83745,1,1,0.9999987,1
83746,0,0,0.04590542,1
83747,0,0,0.07107367,1
83748,1,1,0.96084166,1
83749,1,1,0.56391835,1
83750,0,1,0.9841546,0
83751,0,0,0.28927132,1
83752,1,1,0.7689935,1
83753,0,1,0.9796871,0
83754,1,1,0.9999876,1
83755,1,1,0.6028217,1
83756,0,0,0.2755194,1
83757,1,1,0.7381975,1
83758,0,1,0.8829335,0
83759,0,0,0.048767094,1
83760,0,0,0.1979091,1
83761,0,1,0.94762397,0
83762,1,1,0.99727446,1
83763,0,0,0.20244318,1
83764,0,0,0.12352412,1
83765,1,1,0.9998585,1
83766,0,0,0.099820666,1
83767,1,1,0.71243227,1
83768,0,0,0.1476166,1
83769,0,0,0.027350497,1
83770,0,0,0.16667542,1
83771,0,0,0.2752271,1
83772,0,0,0.18989639,1
83773,1,1,1.0,1
83774,0,1,0.5664383,0
83775,1,0,0.09203286,0
83776,0,0,0.03085051,1
83777,1,0,0.0094125895,0
83778,1,1,0.99994636,1
83779,1,1,0.9688562,1
83780,0,1,0.5450436,0
83781,1,1,0.99991846,1
83782,1,1,0.99999845,1
83783,1,1,0.99791294,1
83784,1,1,0.9989141,1
83785,1,1,0.99998903,1
83786,0,0,0.04845096,1
83787,0,1,0.6585822,0
83788,0,0,0.08670936,1
83789,1,1,0.9999995,1
83790,0,1,0.9994837,0
83791,0,0,0.049359404,1
83792,0,1,0.9246196,0
83793,0,1,0.9993148,0
83794,1,1,0.77475387,1
83795,1,1,0.9999999,1
83796,0,1,0.99999547,0
83797,0,1,0.90235174,0
83798,1,1,0.9999999,1
83799,0,1,0.9989837,0
83800,1,0,0.091544405,0
83801,0,0,0.18322797,1
83802,0,1,0.53449106,0
83803,1,1,0.99832565,1
83804,0,0,0.1153614,1
83805,0,0,0.028382123,1
83806,1,1,0.97311324,1
83807,1,1,0.9999999,1
83808,0,0,0.08779819,1
83809,1,1,0.9800149,1
83810,0,1,0.84376645,0
83811,0,1,0.99999964,0
83812,0,0,0.06273176,1
83813,1,1,0.9761519,1
83814,0,0,0.2126405,1
83815,1,0,0.000399771,0
83816,0,1,0.985663,0
83817,0,1,0.9999887,0
83818,1,1,0.99999094,1
83819,1,0,0.274157,0
83820,0,0,0.22789864,1
83821,0,0,0.050190784,1
83822,0,1,0.99999607,0
83823,0,1,0.988514,0
83824,1,1,0.99959785,1
83825,0,0,0.04405976,1
83826,1,1,0.9998752,1
83827,1,0,0.13483287,0
83828,0,1,0.6569335,0
83829,1,1,0.93089926,1
83830,1,1,0.99997175,1
83831,0,1,0.90804875,0
83832,0,1,0.7159704,0
83833,0,1,0.6346,0
83834,0,0,0.065545,1
83835,1,1,0.999049,1
83836,1,1,0.9999896,1
83837,0,0,0.14276889,1
83838,1,0,0.0051596225,0
83839,1,1,0.99624926,1
83840,0,0,0.015754245,1
83841,0,1,0.9848984,0
83842,1,1,0.999723,1
83843,1,1,0.9510514,1
83844,0,0,0.3506993,1
83845,0,1,0.99999905,0
83846,1,1,0.9985134,1
83847,1,1,0.995037,1
83848,0,1,0.36336446,0
83849,1,1,0.9999999,1
83850,0,1,0.98685336,0
83851,0,1,0.9875444,0
83852,0,0,0.12951279,1
83853,1,1,0.9999839,1
83854,0,1,0.46326214,0
83855,0,1,0.99986184,0
83856,1,1,0.9993424,1
83857,1,1,0.6164164,1
83858,0,1,1.0,0
83859,1,0,0.09484525,0
83860,1,1,0.99987996,1
83861,1,0,0.124053754,0
83862,1,1,0.99384296,1
83863,1,0,0.095433734,0
83864,1,0,0.27192786,0
83865,0,1,0.82147413,0
83866,1,1,0.9241418,1
83867,1,1,0.9170801,1
83868,1,0,0.07928158,0
83869,1,1,0.9998989,1
83870,0,1,0.9999995,0
83871,0,0,0.12597652,1
83872,1,1,0.9974788,1
83873,1,1,0.97259754,1
83874,1,1,0.9999968,1
83875,1,1,0.99494946,1
83876,0,0,0.02335303,1
83877,1,1,0.90966654,1
83878,0,1,0.9125921,0
83879,1,1,0.99564314,1
83880,1,0,0.08678673,0
83881,0,1,0.99766326,0
83882,0,0,0.086632065,1
83883,1,1,0.99855345,1
83884,0,1,0.6968358,0
83885,0,0,0.026255298,1
83886,1,1,0.9255671,1
83887,1,1,0.9996309,1
83888,1,1,1.0,1
83889,0,1,0.8301815,0
83890,0,0,0.057440385,1
83891,1,1,0.78070426,1
83892,1,1,1.0,1
83893,0,0,0.17589168,1
83894,1,1,0.6968358,1
83895,1,1,0.9996215,1
83896,1,1,1.0,1
83897,1,1,0.99987614,1
83898,0,0,0.005271083,1
83899,0,1,0.49487323,0
83900,0,0,0.07606381,1
83901,1,1,1.0,1
83902,1,0,0.025908018,0
83903,0,0,0.011530388,1
83904,1,1,0.9967269,1
83905,0,1,0.9988508,0
83906,1,1,1.0,1
83907,0,1,1.0,0
83908,0,0,0.06447655,1
83909,0,0,0.17252009,1
83910,1,1,0.8568123,1
83911,1,1,0.5951396,1
83912,0,1,0.98846966,0
83913,0,0,0.108377546,1
83914,1,1,0.9999993,1
83915,0,0,0.05577169,1
83916,1,1,0.60865223,1
83917,1,1,0.9994286,1
83918,1,0,0.1322902,0
83919,0,1,0.3914641,0
83920,0,1,0.99951124,0
83921,0,1,0.9999962,0
83922,1,1,0.99979013,1
83923,1,1,0.76629364,1
83924,0,0,0.03875619,1
83925,0,0,0.13730095,1
83926,1,1,0.9998876,1
83927,1,1,0.9999974,1
83928,0,1,0.46450683,0
83929,1,1,0.999998,1
83930,1,1,0.9753666,1
83931,0,1,0.99997497,0
83932,0,0,0.032344334,1
83933,1,1,0.9887771,1
83934,1,1,0.9999845,1
83935,0,1,0.84581506,0
83936,1,1,0.8038676,1
83937,1,0,0.026081098,0
83938,0,1,0.99889696,0
83939,0,1,0.99999976,0
83940,1,1,0.988108,1
83941,0,1,0.71967924,0
83942,1,1,0.99999976,1
83943,1,1,1.0,1
83944,1,1,1.0,1
83945,0,1,0.9998134,0
83946,0,1,0.5914873,0
83947,0,1,0.48145384,0
83948,1,1,0.99992514,1
83949,0,0,0.15752526,1
83950,1,0,0.13718534,0
83951,1,0,0.22286923,0
83952,0,0,0.07172112,1
83953,1,1,0.6342602,1
83954,1,0,0.21708846,0
83955,1,1,1.0,1
83956,1,1,1.0,1
83957,1,0,0.0145035805,0
83958,1,0,0.02426074,0
83959,0,0,0.3114792,1
83960,1,1,0.9991768,1
83961,1,1,0.99999654,1
83962,1,0,0.21708846,0
83963,1,1,0.99994814,1
83964,0,1,0.9510968,0
83965,1,1,0.99919754,1
83966,0,1,0.4630193,0
83967,0,1,0.9997428,0
83968,1,1,0.99992657,1
83969,1,1,0.9999999,1
83970,1,1,0.9980732,1
83971,0,0,0.14584377,1
83972,1,0,0.05686155,0
83973,0,0,0.04488975,1
83974,0,1,0.9239362,0
83975,1,1,1.0,1
83976,0,1,0.99999964,0
83977,1,1,1.0,1
83978,1,1,0.999826,1
83979,1,0,0.29451925,0
83980,0,0,0.08850466,1
83981,1,1,0.93599313,1
83982,0,1,0.99846625,0
83983,0,1,0.80193585,0
83984,1,1,1.0,1
83985,1,1,0.99999714,1
83986,1,1,0.99999964,1
83987,1,0,0.34471914,0
83988,1,1,0.9991048,1
83989,1,1,0.692174,1
83990,1,1,0.9999864,1
83991,1,1,0.9965436,1
83992,0,0,0.009652304,1
83993,1,1,0.6222872,1
83994,0,1,0.9999999,0
83995,0,0,0.303061,1
83996,0,1,0.7285552,0
83997,1,1,0.999997,1
83998,1,0,0.003222484,0
83999,1,1,0.9999833,1
84000,1,1,0.99999976,1
84001,0,0,0.34560204,1
84002,0,0,0.12147716,1
84003,0,1,0.8568123,0
84004,1,1,0.99999964,1
84005,0,1,0.99990904,0
84006,0,1,0.4754531,0
84007,1,0,0.20055768,0
84008,0,1,0.9999249,0
84009,1,1,0.99453074,1
84010,0,0,0.3304172,1
84011,0,1,0.999433,0
84012,1,1,0.37834427,1
84013,0,0,0.049589023,1
84014,1,1,0.35337245,1
84015,0,0,0.027874898,1
84016,1,1,1.0,1
84017,0,1,0.37381867,0
84018,1,1,1.0,1
84019,1,0,0.10123348,0
84020,1,1,0.9987306,1
84021,0,1,0.9987056,0
84022,0,1,0.83508044,0
84023,0,1,0.99999034,0
84024,1,1,0.9991374,1
84025,1,1,1.0,1
84026,1,1,0.8952483,1
84027,0,1,0.8337311,0
84028,1,0,0.04885778,0
84029,1,1,0.99400806,1
84030,1,1,0.5095203,1
84031,1,1,0.5462541,1
84032,1,1,0.9966756,1
84033,1,1,0.9859364,1
84034,1,1,0.7027851,1
84035,1,1,0.7867048,1
84036,1,0,0.31247488,0
84037,0,1,0.9999461,0
84038,1,1,1.0,1
84039,1,1,0.9999989,1
84040,0,1,0.3916386,0
84041,1,1,0.9015746,1
84042,1,1,0.9999988,1
84043,0,0,0.01287075,1
84044,0,1,0.62926215,0
84045,0,0,0.15027805,1
84046,1,0,0.11971655,0
84047,0,1,0.99984455,0
84048,0,0,0.051319942,1
84049,0,0,0.08130065,1
84050,1,1,0.77534974,1
84051,1,1,0.99998784,1
84052,1,1,0.9994917,1
84053,0,0,0.13620575,1
84054,1,1,0.99956006,1
84055,1,1,0.88885534,1
84056,0,0,0.17483254,1
84057,1,0,0.06330841,0
84058,0,1,0.590425,0
84059,0,1,0.9994777,0
84060,0,0,0.2220247,1
84061,1,1,0.9999999,1
84062,1,1,0.9999999,1
84063,1,1,0.99995315,1
84064,1,1,0.64159083,1
84065,0,0,0.027117655,1
84066,1,1,1.0,1
84067,1,1,0.94834626,1
84068,1,0,0.11889567,0
84069,1,1,0.36857614,1
84070,0,1,0.484563,0
84071,1,1,0.993807,1
84072,0,0,0.097734325,1
84073,0,0,0.03044435,1
84074,0,0,0.08555635,1
84075,0,0,0.13782232,1
84076,1,1,0.9965436,1
84077,1,1,0.915356,1
84078,0,1,0.9836285,0
84079,1,1,0.99990046,1
84080,0,0,0.0683507,1
84081,0,0,0.06330841,1
84082,1,1,0.99999523,1
84083,1,1,0.35521552,1
84084,1,1,0.99984276,1
84085,1,1,1.0,1
84086,1,1,0.8022459,1
84087,1,1,0.99999976,1
84088,0,0,0.33225623,1
84089,1,1,0.82685167,1
84090,1,1,0.46872982,1
84091,1,1,0.9999982,1
84092,0,1,0.9103862,0
84093,0,1,0.96975684,0
84094,0,1,0.9067358,0
84095,1,1,0.5273165,1
84096,0,0,0.02973191,1
84097,0,1,0.83141696,0
84098,1,1,0.8847382,1
84099,0,1,0.9999999,0
84100,0,0,0.045479592,1
84101,0,1,0.9686789,0
84102,1,1,0.9315248,1
84103,0,0,0.13302054,1
84104,0,1,0.637313,0
84105,0,0,0.013197362,1
84106,1,0,0.13466209,0
84107,0,1,0.82615143,0
84108,0,1,0.9974541,0
84109,0,1,0.7367322,0
84110,1,1,0.9950563,1
84111,1,1,1.0,1
84112,0,0,0.17766814,1
84113,0,1,0.9059898,0
84114,1,1,1.0,1
84115,1,0,0.12570794,0
84116,0,1,0.9826909,0
84117,0,1,0.41229352,0
84118,0,0,0.015365342,1
84119,1,0,0.04401865,0
84120,0,1,0.38035607,0
84121,1,1,1.0,1
84122,1,1,0.99971753,1
84123,1,1,0.9999993,1
84124,1,1,0.9914722,1
84125,0,1,0.9956006,0
84126,1,1,1.0,1
84127,0,1,0.7685595,0
84128,0,1,0.61935616,0
84129,0,0,0.3188032,1
84130,1,1,0.62303287,1
84131,1,1,0.9995443,1
84132,1,1,0.5580862,1
84133,0,1,0.97180575,0
84134,1,1,0.99993765,1
84135,1,1,0.8565725,1
84136,1,1,0.9999993,1
84137,1,1,0.9983612,1
84138,0,0,0.07389652,1
84139,1,1,0.9208609,1
84140,1,1,0.9979966,1
84141,0,0,0.12189465,1
84142,1,1,0.9705485,1
84143,0,0,0.10284408,1
84144,1,1,0.99997103,1
84145,0,0,0.28962278,1
84146,0,0,0.085785836,1
84147,0,0,0.042443503,1
84148,0,0,0.034618836,1
84149,0,1,0.99937975,0
84150,1,1,0.9986594,1
84151,0,0,0.04405976,1
84152,1,0,0.01925269,0
84153,1,1,0.99984765,1
84154,1,1,0.40721554,1
84155,1,0,0.2507293,0
84156,1,1,0.98501414,1
84157,0,0,0.22764099,1
84158,1,1,0.9744105,1
84159,1,1,0.6065567,1
84160,1,1,0.9999999,1
84161,1,0,0.29007506,0
84162,0,1,0.99999964,0
84163,0,0,0.07885492,1
84164,0,0,0.16020033,1
84165,1,0,0.10365786,0
84166,1,1,0.91928095,1
84167,0,0,0.07172112,1
84168,0,1,0.98056203,0
84169,1,1,0.99857855,1
84170,1,1,0.97953105,1
84171,1,1,0.99983454,1
84172,0,1,0.99926203,0
84173,1,0,0.0071352525,0
84174,1,1,0.9935494,1
84175,1,0,0.014842417,0
84176,1,1,0.53795177,1
84177,1,1,0.99967873,1
84178,1,1,0.9990054,1
84179,0,0,0.06159316,1
84180,1,1,0.9988949,1
84181,1,1,0.9998907,1
84182,1,0,0.14749378,0
84183,1,1,0.5072017,1
84184,1,1,0.99999046,1
84185,1,1,0.9999808,1
84186,1,1,1.0,1
84187,0,1,0.50366205,0
84188,0,0,0.26218015,1
84189,1,1,0.985129,1
84190,0,1,0.9920312,0
84191,0,0,0.09782047,1
84192,0,0,0.11308892,1
84193,1,1,0.9967397,1
84194,1,0,0.04505753,0
84195,1,1,1.0,1
84196,0,0,0.06632688,1
84197,0,1,0.56985265,0
84198,0,0,0.11446747,1
84199,1,1,0.97726256,1
84200,1,1,0.96295285,1
84201,0,1,0.9193534,0
84202,1,1,0.9999778,1
84203,1,1,0.99983716,1
84204,1,1,0.99986124,1
84205,1,1,0.60807055,1
84206,0,1,0.920218,0
84207,1,1,0.99955314,1
84208,1,1,1.0,1
84209,1,1,0.5952573,1
84210,1,1,0.999905,1
84211,1,1,0.99983966,1
84212,1,1,0.9719659,1
84213,0,1,0.590307,0
84214,1,1,0.99999714,1
84215,1,1,0.99393785,1
84216,0,0,0.06973154,1
84217,0,0,0.08670936,1
84218,0,1,0.9999347,0
84219,0,0,0.30054024,1
84220,1,1,0.99153805,1
84221,1,1,0.98617804,1
84222,0,0,0.011397586,1
84223,0,0,0.27889463,1
84224,0,0,0.007968815,1
84225,0,0,0.3361676,1
84226,0,0,0.13506088,1
84227,1,1,0.6841058,1
84228,1,1,1.0,1
84229,1,1,0.9808209,1
84230,1,1,1.0,1
84231,0,0,0.008267596,1
84232,0,1,0.59837085,0
84233,0,0,0.0876419,1
84234,1,1,0.980034,1
84235,0,1,0.9091032,0
84236,0,1,0.9462501,0
84237,1,1,0.6914453,1
84238,0,0,0.17252009,1
84239,1,1,0.9999999,1
84240,1,1,0.99989843,1
84241,0,0,0.022414219,1
84242,0,0,0.18787654,1
84243,1,1,0.9208609,1
84244,1,1,0.99999785,1
84245,1,1,0.99794525,1
84246,0,1,1.0,0
84247,1,1,1.0,1
84248,0,0,0.039862495,1
84249,1,1,1.0,1
84250,1,1,0.99386686,1
84251,1,0,0.22189818,0
84252,0,1,0.7550956,0
84253,1,1,0.77330196,1
84254,1,1,0.9961681,1
84255,1,1,0.98159516,1
84256,1,1,0.9999974,1
84257,1,1,0.9965166,1
84258,0,0,0.20252202,1
84259,1,1,0.8928432,1
84260,1,0,0.31027627,0
84261,0,1,0.9999999,0
84262,0,1,0.729905,0
84263,1,0,0.14786254,0
84264,0,0,0.013146587,1
84265,0,0,0.019512547,1
84266,1,1,0.99999106,1
84267,0,0,0.2556223,1
84268,0,1,0.96631527,0
84269,1,1,0.38378564,1
84270,1,0,0.068975195,0
84271,0,1,0.95869267,0
84272,1,1,0.5388619,1
84273,0,1,0.99993134,0
84274,0,1,0.43053636,0
84275,0,0,0.19977595,1
84276,1,0,0.13916223,0
84277,0,0,0.013480104,1
84278,1,1,0.8951567,1
84279,1,1,1.0,1
84280,1,0,0.3261641,0
84281,1,1,0.83601975,1
84282,0,1,1.0,0
84283,0,0,0.020626193,1
84284,0,1,0.93985814,0
84285,0,0,0.26913345,1
84286,0,1,0.99968493,0
84287,0,1,0.99888617,0
84288,1,1,0.99999917,1
84289,1,1,0.9819619,1
84290,1,0,0.07362963,0
84291,0,1,0.9994081,0
84292,1,1,0.99999905,1
84293,1,1,0.9610615,1
84294,1,1,0.4263216,1
84295,1,1,0.4773105,1
84296,0,0,0.016152835,1
84297,1,1,0.9891187,1
84298,1,1,0.99999046,1
84299,0,0,0.04196977,1
84300,1,1,0.9974885,1
84301,1,1,0.9999957,1
84302,1,1,0.99390244,1
84303,0,0,0.096195176,1
84304,1,0,0.09568695,0
84305,0,0,0.19147882,1
84306,1,1,0.9956937,1
84307,0,0,0.1265691,1
84308,1,1,0.9993773,1
84309,1,1,0.8863221,1
84310,1,1,1.0,1
84311,1,1,0.9512782,1
84312,0,1,0.99999416,0
84313,1,1,0.99910307,1
84314,1,1,0.9999788,1
84315,1,0,0.012945406,0
84316,0,1,0.94834626,0
84317,0,0,0.030938227,1
84318,1,0,0.22160327,0
84319,0,0,0.015291642,1
84320,0,0,0.09747628,1
84321,0,0,0.14909723,1
84322,0,1,0.6142205,0
84323,0,1,0.86476797,0
84324,0,1,0.88700897,0
84325,0,1,0.99306935,0
84326,1,1,0.9997974,1
84327,1,0,0.06566473,0
84328,1,1,1.0,1
84329,0,1,0.94509614,0
84330,1,1,0.9999987,1
84331,1,1,1.0,1
84332,0,0,0.09260568,1
84333,1,0,0.11676401,0
84334,0,0,0.25534368,1
84335,0,1,0.52737737,0
84336,0,1,0.9523531,0
84337,1,1,1.0,1
84338,1,1,0.9999964,1
84339,0,0,0.1584346,1
84340,0,0,0.034618836,1
84341,0,0,0.14749378,1
84342,0,0,0.0028118584,1
84343,1,1,0.99788433,1
84344,0,1,0.91398406,0
84345,0,1,0.6302868,0
84346,1,1,0.99975365,1
84347,1,1,0.9978884,1
84348,1,1,1.0,1
84349,1,1,0.70997524,1
84350,0,0,0.0012351678,1
84351,1,1,0.9999318,1
84352,1,0,0.03821415,0
84353,1,1,0.99972194,1
84354,0,0,0.06935241,1
84355,1,1,0.9994241,1
84356,0,1,0.9656736,0
84357,1,0,0.13150749,0
84358,0,1,0.5943159,0
84359,0,1,0.56499875,0
84360,1,1,0.99760795,1
84361,1,1,0.92475563,1
84362,0,0,0.2699025,1
84363,1,1,1.0,1
84364,1,1,0.9999604,1
84365,1,1,0.8253083,1
84366,1,1,0.99998903,1
84367,1,1,0.69206995,1
84368,1,0,0.024586499,0
84369,0,1,0.55096984,0
84370,0,1,0.996597,0
84371,0,1,0.7756048,0
84372,0,0,0.12885365,1
84373,1,1,0.73587894,1
84374,1,0,0.16151851,0
84375,1,1,1.0,1
84376,1,1,0.8945133,1
84377,1,0,0.05490385,0
84378,1,1,0.9194258,1
84379,0,0,0.3317689,1
84380,0,0,0.020158019,1
84381,1,1,0.99886864,1
84382,0,0,0.025083143,1
84383,0,0,0.033462938,1
84384,0,1,0.8409133,0
84385,1,1,0.9999542,1
84386,0,1,0.39755824,0
84387,1,1,0.9975418,1
84388,1,1,0.999997,1
84389,1,1,0.9998505,1
84390,0,0,0.01668906,1
84391,0,1,0.9664738,0
84392,1,0,0.26265267,0
84393,0,1,0.7391401,0
84394,0,1,0.76611876,0
84395,0,1,0.99998736,0
84396,0,1,0.9605466,0
84397,1,1,0.99990463,1
84398,1,1,0.3603202,1
84399,1,1,1.0,1
84400,1,1,0.9965301,1
84401,0,0,0.06816438,1
84402,1,1,1.0,1
84403,0,1,0.40768707,0
84404,1,1,0.8406518,1
84405,1,1,0.9184803,1
84406,1,1,0.99996376,1
84407,0,0,0.245085,1
84408,0,0,0.007547924,1
84409,1,0,0.16424818,0
84410,0,1,0.84038997,0
84411,1,1,0.99951494,1
84412,0,0,0.19597848,1
84413,0,1,0.3897788,0
84414,0,1,0.41558057,0
84415,0,0,0.0038244838,1
84416,0,1,0.99938214,0
84417,0,0,0.12179017,1
84418,1,0,0.3022366,0
84419,1,1,0.99968064,1
84420,1,1,0.9007046,1
84421,1,1,0.93891287,1
84422,1,0,0.033494536,0
84423,1,1,0.99850756,1
84424,1,1,0.9999994,1
84425,0,1,0.99999785,0
84426,1,1,0.99988365,1
84427,1,1,0.9998697,1
84428,1,1,0.8524448,1
84429,0,1,0.9904406,0
84430,1,1,0.99998,1
84431,1,0,0.10655106,0
84432,0,1,0.5120216,0
84433,1,1,1.0,1
84434,1,1,0.8330532,1
84435,1,1,0.99999297,1
84436,0,0,0.04073109,1
84437,1,1,0.6071392,1
84438,1,0,0.0018422534,0
84439,1,1,1.0,1
84440,1,1,0.96395,1
84441,0,0,0.13974822,1
84442,0,0,0.01668906,1
84443,0,0,0.16291203,1
84444,0,1,0.9983834,0
84445,0,1,0.53740555,0
84446,0,0,0.07477004,1
84447,1,0,0.3326355,0
84448,0,0,0.12576161,1
84449,0,0,0.12619172,1
84450,1,1,1.0,1
84451,1,1,0.781914,1
84452,0,1,0.9283439,0
84453,0,0,0.27048025,1
84454,0,0,0.30048895,1
84455,1,1,0.6094661,1
84456,1,0,0.1274353,0
84457,0,0,0.10293422,1
84458,1,1,1.0,1
84459,1,1,0.99178034,1
84460,0,0,0.111337796,1
84461,1,1,0.90804875,1
84462,1,0,0.088425905,0
84463,1,1,1.0,1
84464,1,1,0.99999666,1
84465,1,0,0.052134257,0
84466,1,0,0.18989639,0
84467,1,1,0.9768687,1
84468,1,1,0.99999845,1
84469,1,1,1.0,1
84470,1,1,0.9439706,1
84471,0,0,0.0073886756,1
84472,1,1,0.98715407,1
84473,0,0,0.048271183,1
84474,1,1,0.99324185,1
84475,0,1,0.8062431,0
84476,1,0,0.12700155,0
84477,1,1,0.98486924,1
84478,1,0,0.18742996,0
84479,1,1,1.0,1
84480,0,0,0.28348374,1
84481,1,1,0.9999999,1
84482,1,1,0.9944343,1
84483,1,1,0.9998141,1
84484,0,0,0.039011665,1
84485,0,1,0.9999589,0
84486,1,1,0.5203745,1
84487,0,0,0.048047364,1
84488,0,0,0.05170164,1
84489,0,1,0.99766326,0
84490,1,1,0.999949,1
84491,1,1,1.0,1
84492,1,1,0.99998844,1
84493,1,1,0.5063473,1
84494,0,0,0.15694293,1
84495,1,1,0.9999988,1
84496,0,1,0.9999459,0
84497,1,1,0.9999999,1
84498,0,0,0.14282864,1
84499,1,1,0.54455924,1
84500,0,0,0.2200909,1
84501,1,0,0.09846876,0
84502,0,0,0.011331754,1
84503,1,1,0.5641585,1
84504,1,1,0.9050709,1
84505,0,1,0.39396778,0
84506,1,1,0.99999976,1
84507,0,1,0.7726165,0
84508,0,0,0.07626997,1
84509,1,0,0.25450897,0
84510,1,1,1.0,1
84511,0,0,0.0076956474,1
84512,1,1,0.99999547,1
84513,0,0,0.03327394,1
84514,1,1,0.9741658,1
84515,0,1,0.98926485,0
84516,0,1,0.6712012,0
84517,1,1,1.0,1
84518,1,0,0.32514542,0
84519,1,1,0.9265699,1
84520,1,1,0.99999976,1
84521,0,0,0.23952717,1
84522,1,0,0.008299687,0
84523,0,1,0.98571813,0
84524,1,1,0.9997075,1
84525,1,0,0.022999303,0
84526,0,1,0.9190633,0
84527,1,1,0.9976859,1
84528,0,1,0.5551941,0
84529,1,1,0.84389514,1
84530,1,1,0.9999856,1
84531,0,0,0.15960999,1
84532,0,0,0.107812636,1
84533,0,1,0.35751146,0
84534,0,1,0.47852883,0
84535,0,1,0.93980294,0
84536,0,0,0.06506812,1
84537,0,1,1.0,0
84538,1,1,0.98735064,1
84539,1,1,0.9999751,1
84540,0,1,0.95145893,0
84541,0,1,0.9907499,0
84542,1,1,0.5890073,1
84543,1,1,0.90982693,1
84544,0,0,0.018511046,1
84545,0,0,0.30938876,1
84546,0,1,0.79534036,0
84547,1,1,0.44987595,1
84548,1,0,0.19923009,0
84549,1,1,0.99999666,1
84550,1,1,1.0,1
84551,0,0,0.013768816,1
84552,1,1,1.0,1
84553,0,1,0.9964412,0
84554,0,1,0.7113808,0
84555,1,1,1.0,1
84556,1,1,0.97889495,1
84557,1,1,0.99999726,1
84558,0,0,0.27101046,1
84559,0,0,0.076132484,1
84560,0,1,0.79549927,0
84561,0,0,0.2688934,1
84562,0,0,0.25851312,1
84563,1,1,0.99999106,1
84564,1,0,0.14247034,0
84565,0,1,0.51159465,0
84566,0,1,0.6151456,0
84567,1,1,0.9992749,1
84568,0,1,0.99995494,0
84569,0,0,0.09790669,1
84570,0,1,0.5876473,0
84571,0,0,0.34742638,1
84572,1,0,0.17147702,0
84573,1,1,0.9997209,1
84574,1,1,0.9999995,1
84575,0,0,0.06159316,1
84576,1,1,0.99999964,1
84577,0,0,0.12787029,1
84578,0,0,0.23926048,1
84579,1,1,1.0,1
84580,1,1,0.99998796,1
84581,1,1,0.53315437,1
84582,0,0,0.022955457,1
84583,1,1,1.0,1
84584,1,1,0.9595731,1
84585,1,0,0.12629946,0
84586,1,1,0.9999465,1
84587,0,1,0.9744591,0
84588,1,1,0.86373675,1
84589,1,1,1.0,1
84590,1,1,0.5975492,1
84591,1,1,0.8989441,1
84592,1,1,0.99994457,1
84593,1,1,0.9942251,1
84594,0,0,0.017610641,1
84595,1,1,0.9997098,1
84596,0,0,0.019851703,1
84597,1,0,0.33878776,0
84598,0,0,0.047558397,1
84599,1,1,0.99843305,1
84600,0,1,0.99999225,0
84601,1,1,0.998884,1
84602,1,1,0.8204695,1
84603,1,0,0.11828322,0
84604,0,1,0.6989977,0
84605,1,1,0.99999475,1
84606,0,1,0.9957767,0
84607,0,1,0.999962,0
84608,0,1,0.909907,0
84609,0,1,0.85729086,0
84610,1,0,0.08819005,0
84611,0,0,0.03652812,1
84612,0,0,0.021165619,1
84613,0,0,0.29017565,1
84614,1,1,0.91157407,1
84615,1,1,0.6557219,1
84616,0,0,0.09611029,1
84617,0,1,0.98951083,0
84618,0,0,0.29254478,1
84619,1,1,0.6653562,1
84620,1,1,0.98557997,1
84621,0,1,0.70937157,0
84622,1,1,0.99985456,1
84623,1,0,0.24589899,0
84624,0,0,0.029284457,1
84625,0,0,0.090735495,1
84626,0,0,0.065365784,1
84627,1,1,0.7909343,1
84628,1,0,0.0033309145,0
84629,1,1,1.0,1
84630,1,0,0.07382971,0
84631,1,1,0.999944,1
84632,1,1,1.0,1
84633,0,0,0.08064662,1
84634,0,0,0.026581828,1
84635,0,1,0.82161736,0
84636,1,1,0.99998224,1
84637,1,1,0.9999945,1
84638,0,0,0.21584621,1
84639,0,0,0.05350215,1
84640,1,1,0.9999814,1
84641,0,0,0.10338597,1
84642,1,1,0.9999982,1
84643,0,0,0.28388065,1
84644,1,1,1.0,1
84645,0,1,0.94610083,0
84646,1,1,0.388618,1
84647,1,1,0.99993944,1
84648,0,1,0.99225944,0
84649,0,0,0.3033189,1
84650,1,1,0.99999714,1
84651,1,1,0.9976949,1
84652,1,1,0.9998872,1
84653,1,0,0.036734894,0
84654,0,0,0.009878943,1
84655,1,1,0.99923575,1
84656,1,1,0.9999969,1
84657,0,0,0.30471367,1
84658,1,0,0.005322535,0
84659,0,1,0.9843364,0
84660,1,1,0.9927672,1
84661,0,0,0.17866908,1
84662,0,1,0.3671568,0
84663,1,1,0.99994004,1
84664,1,1,1.0,1
84665,1,1,0.99993813,1
84666,0,0,0.05037733,1
84667,0,1,0.9998591,0
84668,1,1,0.9999329,1
84669,1,0,0.07992553,0
84670,1,1,1.0,1
84671,1,1,0.99704784,1
84672,0,1,0.501709,0
84673,0,1,0.9968149,0
84674,1,1,0.999765,1
84675,0,0,0.0065261493,1
84676,0,1,0.47557488,0
84677,1,1,0.99968624,1
84678,1,1,0.9999839,1
84679,0,0,0.074298516,1
84680,1,0,0.1265691,0
84681,1,1,1.0,1
84682,1,1,1.0,1
84683,0,0,0.2018919,1
84684,1,1,0.99803144,1
84685,1,1,0.9834387,1
84686,1,1,0.99999547,1
84687,0,0,0.1698185,1
84688,0,1,0.99688846,0
84689,0,1,0.9952448,0
84690,0,1,0.47679278,0
84691,1,1,0.9140609,1
84692,1,0,0.09113915,0
84693,0,0,0.21223202,1
84694,0,0,0.15552686,1
84695,0,0,0.090092994,1
84696,0,1,0.74288833,0
84697,1,1,0.99329424,1
84698,0,0,0.18683577,1
84699,0,1,0.9999999,0
84700,0,0,0.13799648,1
84701,1,1,1.0,1
84702,0,1,0.90448195,0
84703,0,0,0.10141131,1
84704,1,1,1.0,1
84705,1,1,0.99990165,1
84706,1,1,0.3570069,1
84707,1,1,0.9987816,1
84708,1,0,0.13828714,0
84709,0,0,0.20609397,1
84710,1,1,0.9882222,1
84711,1,1,0.9702116,1
84712,1,1,0.99998784,1
84713,1,0,0.25413856,0
84714,1,1,0.99933976,1
84715,0,0,0.17989045,1
84716,1,1,0.7371109,1
84717,1,1,1.0,1
84718,1,0,0.19667186,0
84719,1,1,0.7726165,1
84720,1,1,0.9445361,1
84721,0,1,0.85158294,0
84722,1,0,0.0017106998,0
84723,0,1,0.441974,0
84724,1,0,0.13106197,0
84725,1,1,0.99999964,1
84726,1,0,0.18877222,0
84727,1,1,1.0,1
84728,1,1,0.99978846,1
84729,1,1,0.9999999,1
84730,1,1,0.82544905,1
84731,0,0,0.0036499873,1
84732,0,1,0.9981433,0
84733,1,1,1.0,1
84734,1,1,0.98780584,1
84735,0,1,0.82147413,0
84736,0,1,0.9718593,0
84737,1,1,0.97396845,1
84738,1,1,0.99420255,1
84739,1,0,0.11920292,0
84740,1,1,0.99440175,1
84741,1,1,0.8614217,1
84742,1,0,0.1826441,0
84743,1,1,0.9979532,1
84744,0,1,0.68452775,0
84745,0,0,0.24953869,1
84746,1,1,0.99983776,1
84747,1,0,0.12054232,0
84748,1,1,0.9953994,1
84749,0,0,0.24301313,1
84750,1,0,0.3372581,0
84751,1,1,0.9988643,1
84752,0,0,0.077867545,1
84753,1,0,0.22970796,0
84754,0,0,0.24310295,1
84755,0,1,0.9655115,0
84756,1,1,0.4413419,1
84757,0,1,0.70217276,0
84758,0,1,0.8005361,0
84759,1,1,0.96777767,1
84760,0,0,0.11318691,1
84761,1,1,0.99984276,1
84762,0,0,0.04977345,1
84763,0,0,0.26846167,1
84764,0,0,0.25813892,1
84765,1,1,0.99998844,1
84766,1,1,0.94417685,1
84767,1,1,0.992597,1
84768,1,1,0.99638534,1
84769,0,1,0.9870046,0
84770,0,0,0.05424881,1
84771,1,1,0.53029734,1
84772,0,0,0.032774985,1
84773,1,0,0.011288075,0
84774,0,0,0.107437484,1
84775,0,0,0.035344075,1
84776,1,1,0.9890976,1
84777,0,0,0.2657852,1
84778,0,1,0.9889064,0
84779,1,0,0.21559837,0
84780,0,1,0.5987229,0
84781,0,0,0.027117655,1
84782,1,1,0.7288448,1
84783,1,0,0.3463202,0
84784,0,0,0.066751465,1
84785,1,1,1.0,1
84786,1,0,0.020744892,0
84787,1,1,0.9998623,1
84788,1,1,1.0,1
84789,1,1,0.9999999,1
84790,0,1,0.99801993,0
84791,1,1,0.9999883,1
84792,1,0,0.03551094,0
84793,1,1,0.9999988,1
84794,0,0,0.29665428,1
84795,0,1,0.8479678,0
84796,1,1,0.9999083,1
84797,0,1,0.48355693,0
84798,0,0,0.2448141,1
84799,0,0,0.11716748,1
84800,0,0,0.1481088,1
84801,1,0,0.11656275,0
84802,1,0,0.19299525,0
84803,0,0,0.28696787,1
84804,1,1,0.64069206,1
84805,1,1,1.0,1
84806,1,0,0.05170164,0
84807,1,1,0.51415634,1
84808,1,0,0.15546273,0
84809,1,1,0.9968087,1
84810,1,1,1.0,1
84811,1,0,0.25128007,0
84812,0,1,0.86025184,0
84813,0,0,0.098772585,1
84814,0,0,0.19475038,1
84815,1,1,0.9999826,1
84816,1,1,0.999995,1
84817,1,1,0.99584997,1
84818,1,0,0.01977584,0
84819,0,0,0.0042646346,1
84820,0,1,0.99986553,0
84821,1,1,0.48678896,1
84822,1,1,0.37033924,1
84823,0,0,0.051749542,1
84824,1,0,0.2200909,0
84825,0,1,0.96631527,0
84826,1,1,0.99999964,1
84827,1,1,1.0,1
84828,1,1,0.99999976,1
84829,0,1,0.8509647,0
84830,1,1,0.70876724,1
84831,0,0,0.12474515,1
84832,0,0,0.22867283,1
84833,1,1,0.89340246,1
84834,0,0,0.05500529,1
84835,0,1,0.6542875,0
84836,1,0,0.013875309,0
84837,0,0,0.15591201,1
84838,1,1,0.35913932,1
84839,1,1,0.99915576,1
84840,0,1,0.99987566,0
84841,1,1,0.9997631,1
84842,1,1,0.9773924,1
84843,0,0,0.11037522,1
84844,0,0,0.14608724,1
84845,1,1,0.7825794,1
84846,0,0,0.1496556,1
84847,0,1,0.84859616,0
84848,0,1,0.3579041,0
84849,0,1,0.982117,0
84850,1,1,0.7876047,1
84851,0,1,0.99999523,0
84852,1,1,0.76699245,1
84853,1,0,0.049267832,0
84854,1,0,0.3477032,0
84855,1,1,0.99657035,1
84856,1,1,0.9999546,1
84857,0,1,0.99999964,0
84858,0,0,0.019531239,1
84859,1,1,0.9026096,1
84860,1,1,0.99963236,1
84861,1,1,0.9642206,1
84862,1,1,0.89478946,1
84863,1,1,0.999433,1
84864,0,1,0.99804676,0
84865,0,0,0.014475689,1
84866,1,1,0.5709893,1
84867,0,1,0.8641959,0
84868,1,1,1.0,1
84869,0,1,0.99693656,0
84870,1,1,1.0,1
84871,0,1,0.88263035,0
84872,0,0,0.02761149,1
84873,1,1,0.5730812,1
84874,1,1,0.9314002,1
84875,0,0,0.34334174,1
84876,1,1,1.0,1
84877,0,0,0.06626642,1
84878,1,1,0.9999999,1
84879,1,1,0.9999473,1
84880,1,1,0.9998671,1
84881,0,1,0.7909343,0
84882,0,1,0.9998568,0
84883,0,1,0.99575186,0
84884,1,1,0.9991623,1
84885,0,0,0.1334717,1
84886,1,1,0.9999999,1
84887,1,1,0.82032555,1
84888,1,1,1.0,1
84889,1,1,0.99968565,1
84890,1,0,0.18155324,0
84891,1,1,0.9977482,1
84892,1,1,0.37722516,1
84893,1,1,0.9867005,1
84894,1,1,1.0,1
84895,1,1,1.0,1
84896,1,0,0.054600604,0
84897,1,1,0.99999344,1
84898,1,1,0.9996923,1
84899,1,1,0.9999802,1
84900,0,0,0.008348053,1
84901,0,0,0.03701235,1
84902,1,1,0.983343,1
84903,0,1,0.79174054,0
84904,1,1,0.9865976,1
84905,0,0,0.23616374,1
84906,1,1,1.0,1
84907,0,0,0.15700755,1
84908,0,1,0.7765382,0
84909,0,0,0.03102618,1
84910,1,1,0.99917525,1
84911,0,1,0.730338,0
84912,1,1,1.0,1
84913,0,0,0.08218025,1
84914,0,1,0.90665317,0
84915,0,0,0.16776335,1
84916,0,1,0.5014038,0
84917,0,0,0.19505687,1
84918,0,1,0.9314002,0
84919,0,1,0.9707155,0
84920,0,1,0.96653706,0
84921,1,1,0.9858549,1
84922,1,0,0.13834533,0
84923,0,1,0.95606345,0
84924,1,1,0.99724776,1
84925,0,1,0.58284724,0
84926,0,1,0.9969722,0
84927,1,1,0.9999876,1
84928,0,1,0.719827,0
84929,1,1,0.99993646,1
84930,1,1,0.93732566,1
84931,0,0,0.23979414,1
84932,0,0,0.097734325,1
84933,1,0,0.05103542,0
84934,1,0,0.022999303,0
84935,1,1,0.99999976,1
84936,1,1,0.9999995,1
84937,0,1,0.7726165,0
84938,1,1,0.42841277,1
84939,1,1,0.7893961,1
84940,0,1,0.6694748,0
84941,1,0,0.16132024,0
84942,0,1,0.9396923,0
84943,1,1,1.0,1
84944,0,1,0.97321534,0
84945,1,1,0.9999993,1
84946,1,1,0.99999595,1
84947,0,1,0.9601001,0
84948,0,0,0.1187934,1
84949,1,0,0.14602636,0
84950,1,1,0.8911497,1
84951,1,1,0.3728762,1
84952,1,0,0.13375428,0
84953,1,1,0.5742157,1
84954,0,1,0.9966299,0
84955,1,1,0.99999475,1
84956,1,0,0.089057684,0
84957,0,1,0.93318766,0
84958,1,1,0.9999012,1
84959,0,1,0.9630224,0
84960,1,1,0.9960699,1
84961,1,1,0.9000915,1
84962,0,1,1.0,0
84963,0,0,0.1886227,1
84964,0,1,0.9896718,0
84965,1,1,0.9999852,1
84966,0,1,0.99957615,0
84967,1,0,0.10420353,0
84968,0,1,0.970771,0
84969,0,0,0.29833803,1
84970,0,1,0.8301815,0
84971,1,1,0.9985392,1
84972,1,1,0.90448195,1
84973,1,1,0.9999982,1
84974,0,0,0.188847,1
84975,0,0,0.07250525,1
84976,1,1,0.9998517,1
84977,1,0,0.093678005,0
84978,0,0,0.033242542,1
84979,0,0,0.19027226,1
84980,0,1,0.97984195,0
84981,0,1,0.9334308,0
84982,1,1,0.99240804,1
84983,1,1,0.9617499,1
84984,0,1,0.7881759,0
84985,0,0,0.32268605,1
84986,0,1,0.38119078,0
84987,1,1,0.8073847,1
84988,1,1,0.86511016,1
84989,1,1,1.0,1
84990,0,0,0.12463858,1
84991,1,1,1.0,1
84992,1,1,0.9346938,1
84993,1,1,0.9992848,1
84994,1,1,0.9995963,1
84995,1,1,0.46156278,1
84996,1,1,0.9978677,1
84997,1,1,1.0,1
84998,1,1,0.99657035,1
84999,0,1,0.5251253,0
85000,1,1,0.9393595,1
85001,0,1,0.8493474,0
85002,1,1,0.75797355,1
85003,0,1,0.9997459,0
85004,1,1,0.99999845,1
85005,1,1,0.99998987,1
85006,0,0,0.074030295,1
85007,0,0,0.030157411,1
85008,1,1,1.0,1
85009,0,0,0.012624949,1
85010,1,0,0.043650273,0
85011,1,1,0.9994715,1
85012,1,1,0.99999964,1
85013,1,0,0.07793769,0
85014,1,1,1.0,1
85015,0,0,0.16803622,1
85016,1,1,0.9999951,1
85017,0,1,0.9981141,0
85018,0,1,0.9829547,0
85019,1,1,0.99955314,1
85020,1,1,0.99999976,1
85021,1,1,0.9994967,1
85022,1,1,0.6585822,1
85023,0,0,0.070495576,1
85024,0,1,0.87873113,0
85025,1,1,1.0,1
85026,0,1,0.68789214,0
85027,0,0,0.23361893,1
85028,0,0,0.14010078,1
85029,1,1,0.45168924,1
85030,1,1,1.0,1
85031,1,1,0.9976404,1
85032,0,0,0.032961242,1
85033,1,1,1.0,1
85034,1,1,0.9999982,1
85035,1,0,0.18082884,0
85036,0,1,0.89423656,0
85037,1,1,0.9905874,1
85038,0,1,0.99981695,0
85039,0,1,0.99459416,0
85040,1,0,0.18184364,0
85041,1,1,0.3751054,1
85042,0,1,0.98046875,0
85043,0,0,0.034132607,1
85044,0,1,0.82161736,0
85045,1,1,0.9999968,1
85046,0,1,0.7530129,0
85047,0,1,0.920218,0
85048,1,1,0.99936503,1
85049,1,1,0.99968743,1
85050,1,1,0.99656373,1
85051,0,0,0.02784845,1
85052,1,1,0.7323526,1
85053,0,1,0.8136089,0
85054,1,1,0.4280242,1
85055,0,1,0.72637707,0
85056,1,0,0.10167862,0
85057,1,1,0.9064877,1
85058,0,1,1.0,0
85059,0,0,0.05037733,1
85060,1,0,0.012552117,0
85061,0,0,0.07376295,1
85062,1,1,0.9994547,1
85063,1,1,1.0,1
85064,1,1,0.9999913,1
85065,0,0,0.13420753,1
85066,0,0,0.1939858,1
85067,1,1,0.9802808,1
85068,1,1,0.99999964,1
85069,1,1,0.9999893,1
85070,1,1,0.99723697,1
85071,0,0,0.021635992,1
85072,1,1,0.9999994,1
85073,1,1,0.9596487,1
85074,1,1,0.99996805,1
85075,0,1,0.9999999,0
85076,0,1,0.89488137,0
85077,0,0,0.24310295,1
85078,1,1,0.99999964,1
85079,0,1,0.52323765,0
85080,0,1,0.6734602,0
85081,1,1,0.99999976,1
85082,0,0,0.089057684,1
85083,0,1,0.9975177,0
85084,1,1,0.77814394,1
85085,1,0,0.12803373,0
85086,1,1,1.0,1
85087,1,1,0.9999999,1
85088,0,1,0.8477158,0
85089,0,0,0.023531878,1
85090,1,1,0.99979264,1
85091,1,1,0.9999902,1
85092,1,1,0.99060565,1
85093,0,1,0.9956262,0
85094,0,1,0.9812928,0
85095,0,0,0.3217263,1
85096,1,0,0.08014123,0
85097,1,1,0.99987364,1
85098,1,1,0.7785651,1
85099,1,1,0.7343577,1
85100,1,1,0.9995753,1
85101,0,1,0.9987356,0
85102,0,0,0.07100922,1
85103,1,1,0.9999118,1
85104,0,1,0.8191712,0
85105,0,0,0.003129736,1
85106,1,1,0.99862766,1
85107,0,1,0.81420064,0
85108,1,1,0.65318227,1
85109,1,1,0.9400236,1
85110,0,1,0.91006696,0
85111,1,0,0.044931643,0
85112,0,0,0.2399722,1
85113,1,1,1.0,1
85114,0,0,0.07356305,1
85115,1,1,0.79246426,1
85116,0,0,0.091058284,1
85117,1,1,0.999894,1
85118,0,0,0.02442309,1
85119,0,0,0.025565214,1
85120,1,1,0.99999475,1
85121,0,1,0.9706599,0
85122,1,1,0.9999999,1
85123,1,1,0.98715407,1
85124,1,0,0.022392828,0
85125,1,1,0.99996424,1
85126,0,0,0.04012495,1
85127,0,0,0.24880788,1
85128,1,1,0.63810265,1
85129,1,1,0.66698503,1
85130,0,0,0.17852582,1
85131,1,1,1.0,1
85132,0,0,0.14057204,1
85133,0,0,0.042403832,1
85134,1,1,0.99712723,1
85135,0,1,0.6929018,0
85136,0,0,0.0017409836,1
85137,1,1,0.8057851,1
85138,0,1,0.8467045,0
85139,0,0,0.12116486,1
85140,1,1,0.9999918,1
85141,1,1,0.9999417,1
85142,0,1,1.0,0
85143,0,0,0.086477645,1
85144,0,0,0.12158143,1
85145,0,1,0.7432612,0
85146,0,0,0.15203224,1
85147,1,1,1.0,1
85148,0,1,0.5448014,0
85149,0,1,0.55603796,0
85150,0,1,0.46429428,0
85151,0,1,0.9999589,0
85152,0,0,0.07336364,1
85153,0,0,0.20946968,1
85154,1,1,0.9999995,1
85155,1,1,0.51970416,1
85156,0,0,0.2768371,1
85157,0,1,0.94815457,0
85158,1,1,0.99901116,1
85159,0,1,0.49206612,0
85160,1,1,1.0,1
85161,0,0,0.07517641,1
85162,0,1,0.88161486,0
85163,0,0,0.05033063,1
85164,0,0,0.074298516,1
85165,1,1,0.99979585,1
85166,0,0,0.15278916,1
85167,1,1,0.99248135,1
85168,1,1,0.95426536,1
85169,1,1,1.0,1
85170,1,1,0.7200239,1
85171,1,1,0.9979412,1
85172,0,1,0.37874627,0
85173,1,1,0.99603915,1
85174,1,1,0.9998981,1
85175,1,0,0.08166611,0
85176,0,0,0.18624303,1
85177,1,1,0.99968004,1
85178,1,1,0.99999917,1
85179,1,1,0.73545164,1
85180,0,0,0.05261895,1
85181,1,1,0.96777767,1
85182,0,1,0.9998634,0
85183,1,1,0.99485034,1
85184,0,1,0.7440989,0
85185,1,0,0.090896755,0
85186,1,0,0.048181534,0
85187,0,0,0.066751465,1
85188,1,1,0.38096043,1
85189,1,0,0.03775027,0
85190,1,1,1.0,1
85191,0,1,0.8932163,0
85192,0,1,0.4652964,0
85193,0,1,0.99671423,0
85194,0,1,0.71814984,0
85195,1,0,0.13963085,0
85196,1,1,0.9992606,1
85197,1,1,0.4645979,1
85198,0,0,0.09203286,1
85199,1,1,0.99999225,1
85200,1,1,0.9907678,1
85201,1,1,0.9999999,1
85202,1,1,0.7852262,1
85203,0,0,0.18982127,1
85204,1,1,0.642152,1
85205,1,1,1.0,1
85206,1,1,0.99106663,1
85207,1,1,0.9993242,1
85208,1,1,0.99999654,1
85209,0,0,0.00044076296,1
85210,1,1,0.37650847,1
85211,1,1,1.0,1
85212,0,1,0.83196384,0
85213,0,1,0.3900111,0
85214,1,1,1.0,1
85215,0,1,0.47941232,0
85216,1,1,0.99990463,1
85217,1,1,0.996852,1
85218,1,1,1.0,1
85219,0,0,0.093016796,1
85220,1,1,0.9489646,1
85221,0,1,0.9999263,0
85222,1,1,0.9971495,1
85223,0,1,0.99929726,0
85224,1,1,0.995488,1
85225,0,0,0.1229438,1
85226,1,1,0.9433476,1
85227,1,1,0.99448806,1
85228,1,1,1.0,1
85229,1,0,0.012821213,0
85230,1,0,0.08471965,0
85231,0,0,0.02475097,1
85232,0,0,0.0028504555,1
85233,0,0,0.16613355,1
85234,0,0,0.046335038,1
85235,0,0,0.03194934,1
85236,1,1,0.9999974,1
85237,0,0,0.20071429,1
85238,0,1,0.9987816,0
85239,1,0,0.33290654,0
85240,0,1,0.9749884,0
85241,1,1,0.9999999,1
85242,0,1,0.9995932,0
85243,0,0,0.12501197,1
85244,0,1,0.9722835,0
85245,0,1,0.35242462,0
85246,1,1,0.9999994,1
85247,0,0,0.14977995,1
85248,0,0,0.15856485,1
85249,0,1,0.43608162,0
85250,1,1,0.999926,1
85251,1,1,0.5837967,1
85252,1,1,0.9999969,1
85253,1,1,1.0,1
85254,0,0,0.12326005,1
85255,1,1,0.99999857,1
85256,1,1,0.9999975,1
85257,1,1,0.99999833,1
85258,1,1,1.0,1
85259,0,0,0.034618836,1
85260,1,1,1.0,1
85261,1,1,1.0,1
85262,0,0,0.083890386,1
85263,1,0,0.2978783,0
85264,1,1,0.9999355,1
85265,0,0,0.20737517,1
85266,0,1,0.9310248,0
85267,1,1,0.9034647,1
85268,1,1,0.58005476,1
85269,1,1,0.9259697,1
85270,0,1,1.0,0
85271,1,0,0.2126405,0
85272,1,1,0.99999535,1
85273,1,0,0.31137452,0
85274,0,0,0.00809329,1
85275,1,1,0.9088609,1
85276,1,1,0.80700475,1
85277,1,1,0.9982351,1
85278,1,1,0.50482166,1
85279,1,1,0.6175703,1
85280,1,0,0.06336634,0
85281,1,1,0.9982658,1
85282,0,1,0.38763237,0
85283,1,1,0.9999684,1
85284,1,1,0.9422947,1
85285,1,1,0.73659015,1
85286,1,0,0.2702394,0
85287,1,1,0.99999917,1
85288,1,1,0.9999999,1
85289,1,1,0.9999999,1
85290,1,1,0.77696157,1
85291,1,0,0.15765488,0
85292,0,1,0.80240077,0
85293,1,0,0.17258981,0
85294,0,1,0.99999845,0
85295,0,0,0.011441684,1
85296,1,0,0.09401018,0
85297,0,0,0.22253114,1
85298,1,1,0.9999999,1
85299,1,1,0.9999994,1
85300,0,0,0.20561504,1
85301,1,1,0.42847252,1
85302,0,0,0.244363,1
85303,1,1,0.9985134,1
85304,1,1,0.9380673,1
85305,0,1,0.46541786,0
85306,1,1,0.9999964,1
85307,1,1,0.9996352,1
85308,0,0,0.074432954,1
85309,0,1,0.99984396,0
85310,1,1,0.89442116,1
85311,0,0,0.07191642,1
85312,0,0,0.013197362,1
85313,1,1,0.9999937,1
85314,1,1,0.9999964,1
85315,0,1,0.63663554,0
85316,1,1,0.7871142,1
85317,1,1,0.9996087,1
85318,1,1,0.4593793,1
85319,1,0,0.07510853,0
85320,1,1,0.83237296,1
85321,1,1,0.99945253,1
85322,1,0,0.01925269,0
85323,1,1,0.99732697,1
85324,1,1,0.9998247,1
85325,0,1,0.9853279,0
85326,1,1,0.993346,1
85327,1,1,0.9999999,1
85328,0,0,0.02371207,1
85329,1,1,1.0,1
85330,1,1,1.0,1
85331,0,1,0.45241496,0
85332,1,1,0.9999782,1
85333,1,1,0.9943251,1
85334,1,1,1.0,1
85335,1,1,0.98535615,1
85336,1,0,0.1603975,0
85337,1,1,0.6353921,1
85338,0,1,0.98498523,0
85339,0,1,0.42811385,0
85340,1,1,0.991032,1
85341,1,1,0.94757545,1
85342,0,1,0.49951172,0
85343,1,1,1.0,1
85344,1,0,0.0015070487,0
85345,0,0,0.055515114,1
85346,1,1,0.9349319,1
85347,1,1,0.9961681,1
85348,1,1,0.973519,1
85349,1,1,1.0,1
85350,1,1,0.9954704,1
85351,0,0,0.19907434,1
85352,1,0,0.3168447,0
85353,1,1,0.9996762,1
85354,0,0,0.24391246,1
85355,0,0,0.06681232,1
85356,1,1,0.999966,1
85357,1,1,0.6003641,1
85358,0,1,0.9999651,0
85359,0,1,0.5512114,0
85360,1,1,0.8340017,1
85361,1,1,0.9999994,1
85362,1,1,0.99996865,1
85363,1,1,0.91321325,1
85364,0,1,0.9129032,0
85365,0,1,0.97601515,0
85366,0,1,0.98819935,0
85367,1,1,0.43440127,1
85368,1,1,0.7687332,1
85369,1,1,0.9999925,1
85370,1,0,0.019662574,0
85371,1,1,0.9995443,1
85372,1,0,0.014728614,0
85373,0,1,0.82810634,0
85374,1,1,1.0,1
85375,0,1,0.35846534,0
85376,1,1,0.9999535,1
85377,1,1,0.9989637,1
85378,1,1,0.9998832,1
85379,1,0,0.2678867,0
85380,0,0,0.123577,1
85381,1,1,0.9761519,1
85382,1,0,0.014364656,0
85383,0,0,0.10989669,1
85384,1,0,0.16579561,0
85385,1,1,0.99440175,1
85386,0,1,0.40633184,0
85387,1,0,0.11032728,0
85388,1,1,0.99961925,1
85389,1,1,0.999984,1
85390,0,0,0.15373966,1
85391,0,1,0.4990845,0
85392,0,0,0.11446747,1
85393,1,1,1.0,1
85394,0,1,0.4377033,0
85395,0,0,0.027195055,1
85396,1,1,0.49438503,1
85397,1,1,0.99678373,1
85398,1,1,0.7831604,1
85399,1,1,0.999879,1
85400,1,1,0.9974039,1
85401,1,0,0.0033897832,0
85402,1,1,0.9999863,1
85403,0,1,0.58575296,0
85404,1,1,0.98860246,1
85405,1,1,0.6629601,1
85406,0,1,1.0,0
85407,1,1,0.9333701,1
85408,0,1,0.93564117,0
85409,0,1,0.9781563,0
85410,1,1,0.9932156,1
85411,0,1,0.97836393,0
85412,0,0,0.19042274,1
85413,1,1,0.9995016,1
85414,0,1,0.891055,0
85415,0,1,0.8253083,0
85416,1,1,0.9982317,1
85417,0,1,0.81286734,0
85418,1,1,0.70344764,1
85419,1,1,0.8693822,1
85420,0,0,0.05051767,1
85421,1,1,0.99529994,1
85422,0,0,0.13449147,1
85423,1,1,1.0,1
85424,0,0,0.1419343,1
85425,1,1,0.9964688,1
85426,1,1,0.99999595,1
85427,0,1,0.9681713,0
85428,1,1,0.8505928,1
85429,1,0,0.020964239,0
85430,0,1,0.98959166,0
85431,0,0,0.026031531,1
85432,0,1,0.52755994,0
85433,1,1,0.5633179,1
85434,0,0,0.08593914,1
85435,0,0,0.10687689,1
85436,1,0,0.07382971,0
85437,0,0,0.063540444,1
85438,0,0,0.084341794,1
85439,1,1,0.7635719,1
85440,0,0,0.01668906,1
85441,1,1,1.0,1
85442,0,1,0.99997294,0
85443,1,1,1.0,1
85444,0,0,0.21068507,1
85445,0,1,0.9998267,0
85446,1,1,0.99999905,1
85447,0,1,0.8418256,0
85448,0,1,0.99999976,0
85449,0,1,0.99993443,0
85450,1,1,0.9765577,1
85451,1,1,0.9442283,1
85452,1,1,1.0,1
85453,0,1,0.99850756,0
85454,0,0,0.035544395,1
85455,1,1,0.9883128,1
85456,0,1,0.38546145,0
85457,0,1,0.80654806,0
85458,1,0,9.954076e-05,0
85459,0,0,0.13313322,1
85460,1,1,0.83250916,1
85461,0,1,0.9999721,0
85462,0,0,0.022414219,1
85463,1,1,0.6987921,1
85464,1,1,0.46860826,1
85465,0,1,0.5060422,0
85466,0,1,0.985129,0
85467,1,1,0.999998,1
85468,1,1,0.9998809,1
85469,1,1,1.0,1
85470,0,0,0.01660912,1
85471,1,0,0.05242457,0
85472,0,0,0.18337418,1
85473,0,1,0.47673196,0
85474,0,1,0.39975303,0
85475,1,1,0.9980696,1
85476,0,1,0.59066117,0
85477,1,1,0.4811186,1
85478,0,1,0.984063,0
85479,1,1,0.99999857,1
85480,1,0,0.14039516,0
85481,1,1,0.7308185,1
85482,1,1,0.9168571,1
85483,1,0,0.079853736,0
85484,0,1,0.97678024,0
85485,1,1,0.9999999,1
85486,0,1,0.988108,0
85487,0,0,0.18594721,1
85488,1,1,1.0,1
85489,0,1,0.70937157,0
85490,1,1,0.99908364,1
85491,1,1,0.86083776,1
85492,1,1,0.9991524,1
85493,1,1,0.99999464,1
85494,1,0,0.29997602,0
85495,0,0,0.10230471,1
85496,0,1,0.9868787,0
85497,0,0,0.27810973,1
85498,1,1,0.9993094,1
85499,1,1,0.99517965,1
85500,0,0,0.09739039,1
85501,0,0,0.24400252,1
85502,1,1,0.74381983,1
85503,0,1,0.99860877,0
85504,1,1,0.8701566,1
85505,0,1,0.418994,0
85506,1,0,0.3245564,0
85507,1,0,0.0689125,0
85508,1,0,0.07270252,0
85509,1,0,0.06766981,0
85510,1,1,0.99852777,1
85511,0,0,0.16224726,1
85512,0,0,0.10493506,1
85513,1,1,0.7525585,1
85514,0,1,0.986904,0
85515,1,0,0.067546695,0
85516,1,0,0.036769465,0
85517,0,0,0.12268078,1
85518,1,1,1.0,1
85519,1,1,0.38271803,1
85520,1,1,1.0,1
85521,0,0,0.025202822,1
85522,0,0,0.26227456,1
85523,1,1,0.5072017,1
85524,1,1,0.9999865,1
85525,1,1,0.9901211,1
85526,0,0,0.17258981,1
85527,0,0,0.08850466,1
85528,1,1,0.99999833,1
85529,1,1,0.4758793,1
85530,1,1,1.0,1
85531,1,1,0.97121114,1
85532,0,1,0.97865146,0
85533,1,0,0.3282602,0
85534,1,1,0.44643435,1
85535,0,1,0.98518616,0
85536,1,1,0.99678373,1
85537,1,1,0.78464925,1
85538,1,1,0.99995494,1
85539,0,1,0.7972413,0
85540,1,1,0.96891505,1
85541,1,1,0.9931496,1
85542,0,1,0.9739189,0
85543,0,0,0.05033063,1
85544,0,1,0.9935494,0
85545,1,0,0.075721376,0
85546,1,1,1.0,1
85547,1,1,0.999995,1
85548,1,1,1.0,1
85549,0,0,0.24972162,1
85550,1,0,0.08093672,0
85551,1,1,0.9999292,1
85552,0,0,0.09509706,1
85553,1,1,0.69673264,1
85554,0,0,0.05597775,1
85555,0,1,0.89823216,0
85556,0,1,0.8247444,0
85557,0,0,0.31326216,1
85558,0,0,0.21725449,1
85559,0,0,0.03521114,1
85560,0,1,0.99977833,0
85561,0,0,0.15707219,1
85562,1,1,0.9234544,1
85563,1,1,1.0,1
85564,0,1,0.95296955,0
85565,0,1,0.9995703,0
85566,0,0,0.014420068,1
85567,0,1,0.99712163,0
85568,0,0,0.17795369,1
85569,0,0,0.012722708,1
85570,0,1,0.99922216,0
85571,0,1,0.89506495,0
85572,1,1,0.938124,1
85573,1,1,0.99999833,1
85574,1,1,0.9665054,1
85575,1,1,0.99995315,1
85576,1,1,0.9999721,1
85577,0,1,0.9843364,0
85578,1,1,0.98860246,1
85579,0,1,0.99837387,0
85580,0,1,0.5677569,0
85581,0,1,0.9853843,0
85582,1,1,1.0,1
85583,1,0,0.019512547,0
85584,0,1,0.98715407,0
85585,1,0,8.547617e-05,0
85586,1,1,0.9999902,1
85587,1,0,0.3347525,0
85588,1,1,0.98926485,1
85589,0,1,0.99997854,0
85590,1,1,0.99835473,1
85591,0,0,0.28348374,1
85592,1,1,0.9999689,1
85593,1,1,0.93686515,1
85594,0,0,0.020844316,1
85595,0,0,0.04977345,1
85596,1,1,0.44495666,1
85597,0,0,0.08144666,1
85598,1,1,1.0,1
85599,1,1,1.0,1
85600,0,1,0.94138527,0
85601,1,1,0.99184376,1
85602,0,0,0.15974101,1
85603,0,0,0.010509383,1
85604,0,1,0.7381975,0
85605,0,0,0.16599831,1
85606,0,0,0.0015099907,1
85607,1,1,1.0,1
85608,0,0,0.006241259,1
85609,1,1,0.99992883,1
85610,1,1,0.6679604,1
85611,0,0,0.015424551,1
85612,0,0,0.2748377,1
85613,0,0,0.13666598,1
85614,1,1,0.98886347,1
85615,1,1,1.0,1
85616,1,1,0.9745077,1
85617,0,1,0.990892,0
85618,0,0,0.22151904,1
85619,0,1,0.9859904,0
85620,0,0,0.0673624,1
85621,0,1,1.0,0
85622,0,0,0.09816574,1
85623,1,1,0.6796041,1
85624,0,0,0.014009565,1
85625,1,0,0.14712578,0
85626,0,0,0.0061212815,1
85627,0,1,0.9999945,0
85628,0,1,0.9719393,0
85629,0,0,0.297572,1
85630,1,1,1.0,1
85631,1,0,0.14015962,0
85632,0,1,0.99989724,0
85633,1,0,0.08555635,0
85634,1,0,0.2925953,0
85635,1,0,0.023734689,0
85636,0,0,0.02265081,1
85637,0,1,0.999795,0
85638,1,0,0.019124035,0
85639,1,1,1.0,1
85640,1,1,0.996271,1
85641,1,0,0.010611421,0
85642,1,1,0.94858485,1
85643,1,0,0.058830604,0
85644,0,0,0.13660839,1
85645,1,1,0.997917,1
85646,0,0,0.029760094,1
85647,0,1,0.83031917,0
85648,0,0,0.030646773,1
85649,1,1,0.99999857,1
85650,0,0,0.021267017,1
85651,0,1,0.3856349,0
85652,1,1,0.99454135,1
85653,1,1,0.99961025,1
85654,0,1,0.8556101,0
85655,1,1,0.99898773,1
85656,1,1,0.9986878,1
85657,1,1,0.99999094,1
85658,1,1,0.8903896,1
85659,0,0,0.24544656,1
85660,0,0,0.12168575,1
85661,0,1,0.9905509,0
85662,1,1,0.9999782,1
85663,1,1,1.0,1
85664,0,1,0.88252914,0
85665,0,1,0.38003966,0
85666,1,0,0.086477645,0
85667,1,1,0.54607254,1
85668,1,0,0.06711741,0
85669,1,0,0.20299561,0
85670,1,1,0.9999603,1
85671,1,0,0.29355633,0
85672,1,1,0.8893368,1
85673,1,0,0.30855474,0
85674,0,1,0.9957353,0
85675,1,1,1.0,1
85676,1,1,0.98159516,1
85677,1,1,0.99997807,1
85678,1,1,0.9462501,1
85679,0,1,0.9769568,0
85680,1,0,0.09492911,0
85681,1,1,0.9999573,1
85682,0,1,0.93784,0
85683,0,1,0.93749756,0
85684,1,1,1.0,1
85685,1,1,0.6935249,1
85686,1,0,0.16085833,0
85687,0,1,0.9961755,0
85688,1,1,0.7405498,1
85689,0,1,0.7243344,0
85690,0,1,0.8010035,0
85691,1,1,1.0,1
85692,1,1,0.99620515,1
85693,1,1,1.0,1
85694,1,0,0.008046387,0
85695,1,1,1.0,1
85696,1,1,0.99983716,1
85697,0,1,0.5709295,0
85698,0,0,0.02023532,1
85699,1,0,0.35014352,0
85700,0,1,0.95226437,0
85701,0,0,0.118385084,1
85702,1,1,0.99949956,1
85703,0,0,0.22729777,1
85704,1,1,0.9999461,1
85705,0,1,0.93891287,0
85706,1,1,1.0,1
85707,0,1,1.0,0
85708,0,1,0.70304,0
85709,1,1,0.9921233,1
85710,0,1,0.94539934,0
85711,0,1,0.5870556,0
85712,1,1,0.8621197,1
85713,0,0,0.052376077,1
85714,1,1,0.99780875,1
85715,0,0,0.018089995,1
85716,1,1,0.9999974,1
85717,1,1,1.0,1
85718,0,0,0.08586245,1
85719,0,0,0.09713317,1
85720,1,1,0.9999621,1
85721,1,1,0.99369794,1
85722,0,0,0.24238493,1
85723,0,0,0.082475364,1
85724,0,0,0.06656919,1
85725,1,1,1.0,1
85726,1,0,0.1431877,0
85727,0,1,0.8659059,0
85728,0,1,0.39650622,0
85729,1,1,0.9999999,1
85730,0,1,0.611556,0
85731,1,1,1.0,1
85732,0,0,0.022999303,1
85733,1,0,0.1153614,0
85734,1,1,0.99053264,1
85735,0,1,0.99948573,0
85736,0,1,0.7881759,0
85737,0,1,0.99999666,0
85738,0,0,0.09146322,1
85739,1,1,0.9999999,1
85740,0,0,0.13811268,1
85741,0,0,0.1504028,1
85742,1,1,0.99988127,1
85743,1,0,0.31710896,0
85744,1,1,0.99999845,1
85745,1,1,0.94639885,1
85746,1,1,0.9999999,1
85747,0,1,0.99653685,0
85748,1,0,0.026380423,0
85749,0,0,0.09833879,1
85750,0,1,0.63584447,0
85751,0,1,0.5850419,0
85752,0,0,0.10420353,1
85753,0,1,0.79700434,0
85754,1,0,0.10557885,0
85755,0,0,0.029367853,1
85756,1,1,0.9994105,1
85757,1,1,0.3826027,1
85758,0,0,0.12803373,1
85759,1,1,0.99836427,1
85760,0,1,0.61687815,0
85761,1,1,0.99999726,1
85762,1,1,0.40412524,1
85763,1,0,0.22627032,0
85764,1,0,0.29946357,0
85765,0,0,0.056288198,1
85766,0,0,0.06273176,1
85767,1,1,0.9714829,1
85768,1,1,0.68768245,1
85769,1,1,0.9911355,1
85770,1,1,0.971564,1
85771,0,0,0.08240149,1
85772,0,1,0.99108386,0
85773,1,0,0.15720153,0
85774,1,1,0.96062064,1
85775,1,1,0.9999994,1
85776,1,1,0.99999714,1
85777,0,1,0.8465777,0
85778,0,1,0.99984884,0
85779,0,1,0.7015597,0
85780,0,0,0.12126887,1
85781,1,1,0.9999995,1
85782,0,0,0.06717857,1
85783,1,1,1.0,1
85784,1,1,0.79597545,1
85785,0,1,0.6087685,0
85786,0,1,0.72090894,0
85787,1,1,0.9847231,1
85788,1,1,0.9994105,1
85789,0,0,0.04535258,1
85790,0,0,0.2205942,1
85791,1,0,0.032100704,0
85792,0,1,0.6184924,0
85793,1,1,0.88363826,1
85794,0,1,0.6545084,0
85795,1,1,0.9722835,1
85796,1,1,0.7235537,1
85797,1,1,0.99947566,1
85798,0,0,0.09645018,1
85799,0,1,0.7062411,0
85800,0,0,0.25552937,1
85801,1,1,0.99997294,1
85802,1,0,0.34213176,0
85803,0,1,0.9702116,0
85804,0,0,0.16198196,1
85805,1,1,0.98574555,1
85806,0,0,0.08686416,1
85807,0,1,0.3802698,0
85808,0,1,0.5254906,0
85809,0,1,0.6119039,0
85810,0,1,0.9999994,0
85811,0,1,0.4080998,0
85812,0,1,0.9520419,0
85813,0,0,0.20577459,1
85814,0,0,0.053107906,1
85815,1,1,0.99971086,1
85816,1,1,0.35970145,1
85817,1,1,0.47256178,1
85818,1,1,0.4238157,1
85819,1,1,0.99982053,1
85820,1,1,1.0,1
85821,1,1,0.99999917,1
85822,1,1,1.0,1
85823,0,0,0.23846151,1
85824,1,1,0.9645224,1
85825,1,1,0.5351592,1
85826,1,1,1.0,1
85827,0,0,0.22850062,1
85828,0,0,0.0026419468,1
85829,1,1,0.9999976,1
85830,1,1,0.99999964,1
85831,1,1,0.46304968,1
85832,0,0,0.025226824,1
85833,0,0,0.10502681,1
85834,1,1,0.9998568,1
85835,0,1,0.9999542,0
85836,0,0,0.32311305,1
85837,0,0,0.059921406,1
85838,0,1,0.9985702,0
85839,1,1,0.9900828,1
85840,0,1,0.82782817,0
85841,1,1,1.0,1
85842,0,0,0.044597577,1
85843,1,1,0.9941004,1
85844,0,1,0.6584724,0
85845,1,1,1.0,1
85846,1,1,0.99999976,1
85847,0,0,0.042522945,1
85848,1,1,0.80069196,1
85849,1,1,1.0,1
85850,0,0,0.059101548,1
85851,0,1,0.4368623,0
85852,0,1,0.56637836,0
85853,1,1,0.99988365,1
85854,1,0,0.0028393744,0
85855,1,1,0.959001,1
85856,0,0,0.34742638,1
85857,1,0,0.17781086,0
85858,0,0,0.22996724,1
85859,1,0,0.15993772,0
85860,1,1,0.9998785,1
85861,1,1,0.99926203,1
85862,0,0,0.014281933,1
85863,0,1,0.9995426,0
85864,0,1,0.9911698,0
85865,0,0,0.0070390464,1
85866,1,1,0.99999607,1
85867,0,0,0.34257153,1
85868,1,1,0.9989329,1
85869,0,0,0.12517229,1
85870,1,1,0.9813107,1
85871,1,1,0.99997044,1
85872,0,0,0.0075187185,1
85873,0,0,0.057018865,1
85874,0,1,0.99975556,0
85875,0,1,0.4437511,0
85876,1,1,1.0,1
85877,0,1,0.9999752,0
85878,1,1,1.0,1
85879,1,1,0.99998,1
85880,1,1,1.0,1
85881,0,1,0.40488976,0
85882,0,1,0.9885361,0
85883,1,1,0.95873135,1
85884,0,1,0.89029425,0
85885,0,1,0.9626381,0
85886,1,0,0.18780208,0
85887,0,0,0.013689475,1
85888,0,1,0.9996352,0
85889,1,1,0.9497627,1
85890,0,1,0.88602656,0
85891,1,1,0.86188734,1
85892,0,1,0.84733725,0
85893,1,1,0.7699463,1
85894,1,1,0.99999106,1
85895,1,0,0.052086018,0
85896,0,1,0.883236,0
85897,0,1,0.39706132,0
85898,1,1,0.9542227,1
85899,1,1,0.61120796,1
85900,0,0,0.0118920505,1
85901,1,0,0.07558479,0
85902,1,0,0.08593914,0
85903,0,1,0.7472472,0
85904,1,1,0.9379537,1
85905,1,0,0.010652511,0
85906,1,1,0.7914989,1
85907,1,1,0.68326104,1
85908,1,0,0.038357977,0
85909,0,1,0.87610537,0
85910,1,1,0.9379537,1
85911,0,0,0.1800346,1
85912,1,1,0.66077465,1
85913,1,1,0.99996483,1
85914,0,1,0.9985896,0
85915,0,1,0.86860406,0
85916,1,1,0.99999785,1
85917,1,1,0.9130584,1
85918,0,0,0.05899303,1
85919,0,0,0.12463858,1
85920,1,1,0.9911868,1
85921,0,0,0.18498825,1
85922,0,1,0.7601169,0
85923,1,1,0.9999964,1
85924,1,0,0.039676033,0
85925,1,1,0.9902727,1
85926,1,1,0.84208554,1
85927,1,0,0.23265864,0
85928,1,1,0.998092,1
85929,1,1,1.0,1
85930,0,1,0.9997818,0
85931,0,1,0.99253935,0
85932,1,1,1.0,1
85933,1,0,0.20299561,0
85934,0,1,0.54758507,0
85935,0,0,0.05037733,1
85936,1,1,0.99999857,1
85937,0,1,0.57540905,0
85938,1,0,0.07024005,0
85939,0,1,0.6284644,0
85940,1,1,0.9951703,1
85941,0,1,0.86025184,0
85942,0,0,0.13398075,1
85943,0,1,0.9943909,0
85944,0,1,0.7530129,0
85945,0,1,0.7839885,0
85946,1,1,0.4582275,1
85947,1,0,0.100967236,0
85948,1,1,1.0,1
85949,1,1,0.999928,1
85950,0,1,0.67313796,0
85951,0,0,0.04300264,1
85952,0,0,0.011008185,1
85953,1,0,0.23988315,0
85954,1,1,0.9999987,1
85955,0,0,0.22789864,1
85956,1,1,0.9975032,1
85957,1,1,0.881513,1
85958,0,1,0.94825053,0
85959,0,0,0.1823527,1
85960,1,0,0.041307308,0
85961,1,1,0.9999733,1
85962,1,0,0.055823144,0
85963,0,1,0.45120558,0
85964,1,1,0.8662457,1
85965,1,1,0.44601208,1
85966,1,1,0.84758973,1
85967,0,1,0.9953904,0
85968,1,1,0.7839885,1
85969,1,1,0.8992984,1
85970,1,1,1.0,1
85971,1,1,0.9705485,1
85972,1,1,0.99987066,1
85973,0,0,0.11566073,1
85974,1,1,1.0,1
85975,0,1,0.89302987,0
85976,1,1,1.0,1
85977,0,0,0.11910043,1
85978,0,0,0.019308088,1
85979,0,1,0.9159594,0
85980,1,1,0.94694114,1
85981,1,1,1.0,1
85982,0,1,0.35706294,0
85983,1,1,1.0,1
85984,1,1,1.0,1
85985,1,1,0.99953544,1
85986,1,1,0.96835136,1
85987,0,1,0.40680304,0
85988,1,1,0.9999503,1
85989,1,1,0.9999989,1
85990,1,1,1.0,1
85991,1,1,0.876423,1
85992,0,0,0.008077626,1
85993,0,1,0.459925,0
85994,0,1,0.53892255,0
85995,0,0,0.09696201,1
85996,1,1,0.6672019,1
85997,1,1,0.9773924,1
85998,0,0,0.106411695,1
85999,0,1,0.9996493,0
86000,0,0,0.24985887,1
86001,0,0,0.33524203,1
86002,1,1,0.9999958,1
86003,1,1,0.9999999,1
86004,1,1,0.9951984,1
86005,0,1,0.85776806,0
86006,0,1,0.4285024,0
86007,1,1,0.9987551,1
86008,0,0,0.10673714,1
86009,0,1,0.9961903,0
86010,0,1,0.37313312,0
86011,1,1,0.5539879,1
86012,0,1,0.94810647,0
86013,0,0,0.03213106,1
86014,1,1,0.92455155,1
86015,0,0,0.22841457,1
86016,0,1,0.9891187,0
86017,1,1,1.0,1
86018,1,1,1.0,1
86019,0,0,0.10338597,1
86020,1,1,1.0,1
86021,1,1,0.7155731,1
86022,0,1,0.9960699,0
86023,0,1,0.9999138,0
86024,0,1,0.99997544,0
86025,0,1,0.45816687,0
86026,1,0,0.038901985,0
86027,1,0,0.10999224,0
86028,0,1,0.607605,0
86029,0,0,0.0048016408,1
86030,0,0,0.013197362,1
86031,1,1,0.97249323,1
86032,0,0,0.07758752,1
86033,1,1,1.0,1
86034,1,1,0.9999846,1
86035,0,0,0.2434625,1
86036,0,0,0.122838534,1
86037,0,1,0.9777776,0
86038,1,1,0.9999999,1
86039,0,1,0.99029154,0
86040,0,0,0.19299525,1
86041,0,0,0.24780536,1
86042,1,1,0.9863105,1
86043,1,1,0.9532315,1
86044,0,1,0.39720747,0
86045,0,1,0.9293122,0
86046,0,1,0.37313312,0
86047,1,1,1.0,1
86048,1,1,1.0,1
86049,1,1,1.0,1
86050,1,1,0.4388754,1
86051,1,0,0.033148516,0
86052,1,1,0.5781505,1
86053,1,1,1.0,1
86054,0,1,0.8495972,0
86055,1,1,0.51424783,1
86056,1,1,0.99989724,1
86057,1,1,0.9999387,1
86058,1,1,0.969814,1
86059,0,0,0.18227991,1
86060,1,1,0.99997747,1
86061,0,0,0.3347525,1
86062,1,1,0.99918324,1
86063,0,0,0.03915837,1
86064,1,0,0.08609269,0
86065,1,1,0.9701835,1
86066,1,1,1.0,1
86067,0,0,0.05749328,1
86068,1,1,0.9999995,1
86069,1,0,0.28274047,0
86070,1,1,0.8071568,1
86071,0,1,0.9982827,0
86072,1,1,0.9996087,1
86073,0,1,0.99994636,0
86074,0,0,0.13910376,1
86075,1,1,0.99998677,1
86076,0,1,0.88453895,0
86077,0,0,0.037291814,1
86078,1,1,1.0,1
86079,1,1,1.0,1
86080,0,0,0.08093672,1
86081,1,1,0.95379424,1
86082,1,1,0.99952435,1
86083,0,0,0.14675854,1
86084,1,1,0.99764496,1
86085,0,0,0.09833879,1
86086,1,1,0.99999917,1
86087,1,1,0.8248855,1
86088,0,1,0.8733229,0
86089,1,1,0.99900144,1
86090,1,1,1.0,1
86091,0,1,0.84504944,0
86092,0,0,0.020371297,1
86093,1,1,1.0,1
86094,1,1,0.93439513,1
86095,1,1,0.9888204,1
86096,0,1,0.9726495,0
86097,1,1,0.9999976,1
86098,1,1,0.92441523,1
86099,1,1,0.9805248,1
86100,1,0,0.05770532,0
86101,0,0,0.18952107,1
86102,1,1,0.9999993,1
86103,0,1,0.99999917,0
86104,1,1,0.98886347,1
86105,1,1,0.97726256,1
86106,0,1,0.9994081,0
86107,1,1,0.9863105,1
86108,1,0,0.17030093,0
86109,1,1,0.99998903,1
86110,1,1,0.990329,1
86111,0,1,0.99604684,0
86112,1,0,0.0946777,0
86113,0,1,0.97513086,0
86114,1,1,0.92262185,1
86115,0,0,0.047869008,1
86116,1,1,0.37685245,1
86117,0,0,0.0842664,1
86118,0,0,0.045099564,1
86119,1,1,0.99906915,1
86120,1,1,0.50836104,1
86121,1,1,0.9999975,1
86122,0,1,0.4035669,0
86123,0,0,0.17356819,1
86124,1,0,0.09653531,0
86125,1,1,0.994089,1
86126,1,0,0.005899603,0
86127,0,0,0.03410043,1
86128,1,1,0.97856975,1
86129,1,1,0.99999416,1
86130,1,0,0.14669742,0
86131,0,1,0.60539085,0
86132,1,1,0.7136811,1
86133,1,1,0.89724606,1
86134,1,1,1.0,1
86135,1,1,0.99951315,1
86136,1,1,0.9821854,1
86137,1,1,1.0,1
86138,1,1,0.99306935,1
86139,1,1,1.0,1
86140,0,1,0.99997723,0
86141,1,1,0.9994081,1
86142,1,1,0.76091725,1
86143,1,0,0.06325052,0
86144,0,0,0.1538032,1
86145,1,1,0.9737197,1
86146,0,1,0.89947516,0
86147,0,1,0.6410292,0
86148,0,0,0.11696559,1
86149,1,1,0.648522,1
86150,1,1,0.929951,1
86151,0,0,0.07389652,1
86152,1,0,0.2491731,0
86153,0,0,0.09065494,1
86154,1,1,0.41932094,1
86155,1,0,0.021348475,0
86156,1,1,0.99978,1
86157,0,0,0.3317148,1
86158,1,1,0.99988174,1
86159,1,1,0.66252357,1
86160,1,1,0.9966036,1
86161,1,0,0.33290654,0
86162,0,0,0.23144047,1
86163,0,1,1.0,0
86164,0,1,0.9889492,0
86165,1,0,0.2905781,0
86166,0,0,0.17078443,1
86167,0,0,0.04001227,1
86168,1,1,0.9999999,1
86169,1,0,0.188847,0
86170,1,1,1.0,1
86171,1,1,0.9512782,1
86172,0,1,0.48370937,0
86173,0,0,0.21733755,1
86174,1,1,0.99999416,1
86175,0,1,0.9882222,0
86176,1,1,0.993255,1
86177,1,1,0.5986056,1
86178,0,1,0.9997868,0
86179,0,0,0.1746917,1
86180,1,1,1.0,1
86181,0,0,0.093595125,1
86182,0,1,0.99999917,0
86183,0,0,0.23126681,1
86184,1,1,0.9997749,1
86185,0,0,0.29017565,1
86186,0,0,0.07204689,1
86187,0,1,0.9555686,0
86188,0,1,0.9027811,0
86189,1,1,0.99999917,1
86190,1,1,0.99999833,1
86191,0,0,0.23872763,1
86192,0,1,0.60434055,0
86193,1,1,1.0,1
86194,0,0,0.08593914,1
86195,1,1,0.98122096,1
86196,0,1,0.9997677,0
86197,1,0,0.08093672,0
86198,0,1,0.89533985,0
86199,0,0,0.10511863,1
86200,1,1,0.9983059,1
86201,0,1,0.99994373,0
86202,0,0,0.029788304,1
86203,0,1,0.52080095,0
86204,0,1,0.9996493,0
86205,0,0,0.08122775,1
86206,0,1,0.9043975,0
86207,1,1,0.99836427,1
86208,0,1,1.0,0
86209,1,1,0.9986749,1
86210,1,1,0.99999845,1
86211,1,1,0.9999968,1
86212,1,0,0.09645018,0
86213,1,1,0.9999987,1
86214,0,0,0.012845958,1
86215,1,1,0.6073721,1
86216,0,1,0.9914225,0
86217,0,1,0.9339146,0
86218,1,1,0.9954261,1
86219,1,1,0.9838627,1
86220,0,0,0.07800791,1
86221,1,1,0.67238545,1
86222,1,1,0.7362584,1
86223,1,1,0.9999975,1
86224,1,0,0.036769465,0
86225,1,0,0.14258969,0
86226,1,1,0.9335521,1
86227,0,0,0.12442563,1
86228,1,1,0.99999774,1
86229,0,1,0.90772206,0
86230,0,1,0.9870046,0
86231,1,0,0.08929564,0
86232,0,1,0.9957767,0
86233,1,0,0.23379381,0
86234,0,0,0.004248079,1
86235,1,1,0.99803144,1
86236,1,0,0.038321972,0
86237,0,0,0.022824407,1
86238,0,0,0.22558717,1
86239,1,1,0.83534926,1
86240,1,1,1.0,1
86241,1,1,0.37284765,1
86242,1,1,0.9314625,1
86243,0,1,0.58859354,0
86244,0,0,0.33627656,1
86245,0,0,0.0689125,1
86246,1,1,1.0,1
86247,0,0,0.101144664,1
86248,0,0,0.0065261493,1
86249,0,1,0.99951875,0
86250,1,1,0.9998332,1
86251,1,1,0.35913932,1
86252,1,1,0.97852874,1
86253,0,0,0.020586777,1
86254,0,0,0.018142106,1
86255,1,1,0.99999225,1
86256,1,0,0.12426614,0
86257,1,0,0.061255362,0
86258,0,1,0.99998164,0
86259,1,0,0.053551625,0
86260,1,0,0.008494837,0
86261,0,0,0.20040116,1
86262,1,1,0.8863221,1
86263,1,1,1.0,1
86264,0,0,0.12268078,1
86265,1,0,0.33774942,0
86266,0,0,0.08616955,1
86267,0,1,0.50872713,0
86268,1,1,0.9998945,1
86269,0,1,0.99999726,0
86270,1,1,0.8797679,1
86271,0,0,0.09577148,1
86272,0,1,0.92775697,0
86273,1,1,0.7208598,1
86274,1,1,0.99989104,1
86275,1,1,0.94165415,1
86276,1,0,0.11940814,0
86277,1,1,0.94644845,1
86278,0,1,0.99918,0
86279,1,1,0.9986802,1
86280,1,0,0.3432867,0
86281,1,1,0.79061115,1
86282,1,1,0.87037706,1
86283,1,1,0.9926399,1
86284,1,1,0.99928194,1
86285,1,0,0.22592856,0
86286,0,0,0.039564554,1
86287,0,0,0.20649374,1
86288,0,1,0.8050198,0
86289,1,1,0.999997,1
86290,1,1,0.9998141,1
86291,0,0,0.22781274,1
86292,1,0,0.053255424,0
86293,0,0,0.07470251,1
86294,1,1,1.0,1
86295,0,0,0.12347128,1
86296,0,0,0.08151975,1
86297,0,0,0.13240233,1
86298,1,1,0.76864636,1
86299,0,0,0.2695178,1
86300,1,0,0.12847047,0
86301,1,1,0.9470392,1
86302,1,0,0.21675669,0
86303,1,1,0.99998677,1
86304,1,1,0.99635005,1
86305,0,0,0.11787642,1
86306,0,0,0.17196317,1
86307,0,0,0.2866183,1
86308,1,1,0.89058006,1
86309,0,0,0.07751766,1
86310,0,0,0.24467869,1
86311,0,1,0.58397466,0
86312,1,1,1.0,1
86313,1,1,0.98942953,1
86314,0,1,0.9097468,0
86315,0,0,0.13511792,1
86316,1,0,0.13011953,0
86317,0,1,0.9990582,0
86318,1,1,0.99999213,1
86319,0,1,0.36302564,0
86320,1,1,0.99998415,1
86321,0,0,0.012030543,1
86322,1,1,0.6169935,1
86323,1,1,0.9992461,1
86324,1,1,0.9939261,1
86325,1,1,0.9998915,1
86326,0,0,0.015291642,1
86327,1,1,1.0,1
86328,1,1,0.9971384,1
86329,0,0,0.10105591,1
86330,0,1,0.7048209,0
86331,0,1,0.96653706,0
86332,0,0,0.06441766,1
86333,1,0,0.25673878,0
86334,1,1,0.9741166,1
86335,0,1,0.9999883,0
86336,1,1,0.9999958,1
86337,0,0,0.15121572,1
86338,0,1,0.9431384,0
86339,1,1,0.99999857,1
86340,1,1,0.53108776,1
86341,0,1,0.87705624,0
86342,1,1,1.0,1
86343,1,1,1.0,1
86344,1,1,0.9999987,1
86345,0,0,0.015159859,1
86346,0,0,0.13443466,1
86347,1,0,0.25655252,0
86348,1,1,0.99960953,1
86349,1,0,0.08866235,0
86350,0,0,0.036562506,1
86351,1,0,0.1737784,0
86352,1,1,0.99999845,1
86353,0,1,0.79358625,0
86354,1,1,0.7301937,1
86355,1,1,0.50097656,1
86356,1,1,0.9843062,1
86357,1,0,0.016121825,0
86358,0,0,0.071332,1
86359,1,1,0.38052872,1
86360,1,1,0.9936487,1
86361,0,1,0.46383888,0
86362,0,0,0.2961451,1
86363,1,1,0.96329963,1
86364,1,1,0.7711549,1
86365,0,1,0.9697854,0
86366,0,1,0.6316511,0
86367,0,1,0.38682136,0
86368,1,1,0.6841058,1
86369,1,1,0.9997367,1
86370,1,1,0.9996513,1
86371,0,0,0.14792407,1
86372,1,1,1.0,1
86373,0,1,0.99949956,0
86374,1,1,0.999992,1
86375,1,1,0.85633236,1
86376,0,0,0.0962801,1
86377,0,1,0.99977916,0
86378,1,1,0.99997556,1
86379,1,1,0.9999522,1
86380,0,0,0.022977369,1
86381,1,1,0.9999893,1
86382,0,1,0.4051839,0
86383,0,1,0.7364006,0
86384,1,1,0.9631959,1
86385,1,1,0.87705624,1
86386,1,1,0.99983454,1
86387,0,1,0.99735296,0
86388,0,0,0.13863662,1
86389,0,0,0.11526177,1
86390,1,0,0.20729496,0
86391,1,1,0.8255897,1
86392,0,1,0.79310596,0
86393,1,0,0.32076812,0
86394,1,1,0.724578,1
86395,1,0,0.23988315,0
86396,1,0,0.014254464,0
86397,1,1,1.0,1
86398,0,1,0.9983834,0
86399,1,1,0.9995461,1
86400,1,0,0.058078144,0
86401,1,1,0.46092576,1
86402,0,1,0.59766656,0
86403,1,1,0.99999905,1
86404,1,1,0.9336126,1
86405,1,0,0.009840806,0
86406,1,1,0.9999107,1
86407,0,1,0.8692713,0
86408,0,1,0.9998795,0
86409,1,1,1.0,1
86410,1,1,0.98154205,1
86411,0,1,0.4555619,0
86412,0,0,0.26236907,1
86413,1,1,0.99999666,1
86414,1,1,0.9999671,1
86415,1,0,0.114072114,0
86416,0,1,0.6092336,0
86417,0,1,0.95036495,0
86418,1,0,0.010091316,0
86419,1,1,0.9999914,1
86420,1,1,0.99956185,1
86421,0,0,0.24644268,1
86422,1,1,0.99955314,1
86423,0,0,0.1583695,1
86424,1,1,0.99999857,1
86425,0,1,0.4085127,0
86426,0,1,0.9998247,0
86427,1,1,0.98524296,1
86428,1,1,0.81242126,1
86429,0,1,0.999998,0
86430,0,1,0.51494914,0
86431,0,1,0.9999989,0
86432,1,1,1.0,1
86433,0,0,0.017526364,1
86434,1,0,0.22244667,0
86435,1,1,0.9999981,1
86436,0,1,0.6860021,0
86437,1,1,1.0,1
86438,0,1,0.9989936,0
86439,1,0,0.16586316,0
86440,1,1,0.99999905,1
86441,0,0,0.06766981,1
86442,1,1,0.7159704,1
86443,0,1,0.6630692,0
86444,1,1,0.9859093,1
86445,1,1,0.999866,1
86446,0,0,0.04611975,1
86447,1,1,0.9999641,1
86448,1,1,0.97708833,1
86449,1,1,0.9693532,1
86450,1,0,0.16304526,0
86451,1,1,0.9999677,1
86452,0,1,0.99998283,0
86453,1,0,0.16337869,0
86454,1,1,0.94825053,1
86455,1,1,0.9960699,1
86456,0,1,0.8951567,0
86457,1,1,0.6685017,1
86458,0,0,0.05597775,1
86459,0,0,0.20737517,1
86460,1,1,1.0,1
86461,0,0,0.15597628,1
86462,1,1,0.99999917,1
86463,0,0,0.15908672,1
86464,1,1,1.0,1
86465,0,1,0.99999917,0
86466,1,1,0.99981767,1
86467,0,1,0.50671345,0
86468,0,1,0.8334602,0
86469,1,1,0.8000679,1
86470,1,0,0.05075239,0
86471,0,1,0.36206648,0
86472,0,0,0.15954451,1
86473,0,0,0.15393034,1
86474,1,1,0.71824867,1
86475,0,1,0.94544977,0
86476,1,1,0.99869555,1
86477,0,1,0.9830688,0
86478,1,1,0.9999999,1
86479,1,1,0.5095203,1
86480,0,1,0.9368073,0
86481,0,0,0.28239402,1
86482,0,0,0.040426936,1
86483,1,1,0.9194258,1
86484,1,1,1.0,1
86485,0,0,0.18787654,1
86486,1,1,0.9167081,1
86487,1,1,0.99986863,1
86488,1,1,0.9999994,1
86489,0,0,0.18462047,1
86490,0,1,0.7678639,0
86491,0,0,0.083740406,1
86492,0,0,0.18653922,1
86493,1,1,1.0,1
86494,1,1,0.70349854,1
86495,1,1,0.9999994,1
86496,1,1,0.44824514,1
86497,0,0,0.08525123,1
86498,1,0,0.15431227,0
86499,1,1,0.9998952,1
86500,1,1,0.99935883,1
86501,0,1,0.999129,0
86502,1,1,0.9043975,1
86503,1,1,0.9999856,1
86504,1,1,1.0,1
86505,0,1,0.8255897,0
86506,1,0,0.17539679,0
86507,1,0,0.050658382,0
86508,1,1,0.99999475,1
86509,0,0,0.13117322,1
86510,1,1,0.9997739,1
86511,1,1,0.9999925,1
86512,1,0,0.08756384,0
86513,0,0,0.037892424,1
86514,1,1,0.7674286,1
86515,0,0,0.32257935,1
86516,0,1,0.99666256,0
86517,1,1,0.9998965,1
86518,0,1,0.4519614,0
86519,1,1,0.98782945,1
86520,1,1,0.9996295,1
86521,1,1,0.40256825,1
86522,1,1,1.0,1
86523,0,1,0.7905303,0
86524,0,1,0.9997613,0
86525,1,1,0.99697804,1
86526,1,1,0.5368593,1
86527,1,1,0.9103862,1
86528,1,1,1.0,1
86529,1,1,0.99999905,1
86530,1,1,0.8524448,1
86531,1,1,0.9999995,1
86532,0,0,0.3034221,1
86533,0,1,0.3946383,0
86534,0,1,0.98792297,0
86535,0,1,0.99010193,0
86536,1,1,0.9999999,1
86537,0,1,0.5147662,0
86538,0,0,0.049681153,1
86539,1,0,0.00068919506,0
86540,0,1,0.9563089,0
86541,0,1,0.97726256,0
86542,0,0,0.06447655,1
86543,1,1,0.99961925,1
86544,1,1,0.6597889,1
86545,1,1,0.9838472,1
86546,0,1,1.0,0
86547,0,0,0.033462938,1
86548,0,1,0.8709269,0
86549,1,1,0.9999994,1
86550,1,1,0.99960726,1
86551,1,1,1.0,1
86552,1,1,0.99998724,1
86553,0,0,0.09057448,1
86554,0,0,0.24193686,1
86555,0,1,0.9328214,0
86556,1,0,0.10185715,0
86557,0,1,0.9790157,0
86558,1,0,0.15974101,0
86559,0,0,0.27757087,1
86560,0,1,0.5859899,0
86561,0,0,0.14718705,1
86562,1,1,0.9828068,1
86563,1,1,0.9813107,1
86564,0,1,0.47210538,0
86565,0,1,0.97550696,0
86566,1,1,0.99974984,1
86567,1,1,0.99944395,1
86568,0,1,0.84363765,0
86569,0,0,0.12033541,1
86570,1,1,1.0,1
86571,1,1,0.86001676,1
86572,1,1,1.0,1
86573,0,1,0.7634837,0
86574,0,0,0.061762713,1
86575,1,1,0.9999999,1
86576,1,1,0.9999999,1
86577,1,1,0.9987232,1
86578,0,1,0.8580062,0
86579,0,0,0.07956719,1
86580,0,0,0.06250249,1
86581,1,1,0.8962514,1
86582,1,1,0.9997137,1
86583,1,0,0.18374003,0
86584,1,1,1.0,1
86585,1,1,1.0,1
86586,1,1,0.99992096,1
86587,1,1,0.6232049,1
86588,0,1,0.984063,0
86589,0,0,0.06159316,1
86590,1,1,0.9999999,1
86591,0,1,0.84156543,0
86592,1,1,0.76268935,1
86593,1,1,1.0,1
86594,1,1,0.8230441,1
86595,0,0,0.17133832,1
86596,0,1,0.99983656,0
86597,1,1,0.9999819,1
86598,1,1,0.9404625,1
86599,1,1,0.97917557,1
86600,0,0,0.044597577,1
86601,0,0,0.041734807,1
86602,1,1,0.91030645,1
86603,0,1,0.63855356,0
86604,0,0,0.06711741,1
86605,0,1,0.8149381,0
86606,1,1,1.0,1
86607,0,0,0.1368966,1
86608,0,0,0.05997644,1
86609,1,1,0.99847823,1
86610,0,0,0.03760863,1
86611,1,1,0.87514824,1
86612,0,1,0.36421204,0
86613,1,1,0.99994075,1
86614,0,0,0.022350112,1
86615,1,1,1.0,1
86616,0,0,0.15681377,1
86617,0,1,0.61618555,0
86618,1,1,0.99038494,1
86619,1,1,0.86748546,1
86620,0,1,0.9406263,0
86621,1,1,0.8255897,1
86622,1,1,0.9999937,1
86623,0,1,0.9517736,0
86624,1,1,0.99783844,1
86625,1,0,0.009072807,0
86626,0,1,0.9999995,0
86627,1,1,0.400808,1
86628,1,1,0.96992815,1
86629,0,1,0.98521465,0
86630,1,0,0.0703677,0
86631,1,1,0.9999927,1
86632,0,0,0.04577727,1
86633,0,1,0.78431904,0
86634,1,1,1.0,1
86635,1,1,0.99396133,1
86636,1,1,0.9999999,1
86637,1,0,0.03821415,0
86638,0,1,0.99090964,0
86639,1,1,0.99999213,1
86640,1,0,0.01750956,0
86641,0,1,0.79490286,0
86642,1,1,0.4750878,1
86643,1,1,0.9078038,1
86644,0,1,0.99935,0
86645,1,1,1.0,1
86646,1,1,0.8241791,1
86647,1,1,1.0,1
86648,1,1,0.8054792,1
86649,1,0,0.049267832,0
86650,1,1,0.7698598,1
86651,0,0,0.14086723,1
86652,1,1,0.99999523,1
86653,0,0,0.11095189,1
86654,0,1,0.54056007,0
86655,1,1,0.98819935,1
86656,1,1,1.0,1
86657,1,1,1.0,1
86658,0,1,0.37079483,0
86659,1,0,0.16728666,0
86660,1,1,1.0,1
86661,0,1,0.9999987,0
86662,1,1,0.3628563,1
86663,0,0,0.024053553,1
86664,0,1,0.99998057,0
86665,1,1,0.99999964,1
86666,0,1,0.9999294,0
86667,1,1,0.9997398,1
86668,0,0,0.13089524,1
86669,0,0,0.32696947,1
86670,0,0,0.14098547,1
86671,1,1,1.0,1
86672,1,1,0.99490017,1
86673,1,1,1.0,1
86674,1,1,1.0,1
86675,0,1,0.80022407,0
86676,1,1,0.9991474,1
86677,0,1,0.9890343,0
86678,1,1,0.9999999,1
86679,0,1,0.828523,0
86680,0,1,0.61503005,0
86681,0,0,0.2516477,1
86682,0,0,0.23908274,1
86683,0,1,0.6484107,0
86684,0,0,0.038430087,1
86685,0,0,0.085403666,1
86686,1,0,0.025468081,0
86687,0,1,0.89256257,0
86688,1,1,0.6412539,1
86689,1,0,0.019606182,0
86690,0,0,0.0269635,1
86691,1,1,0.56799656,1
86692,1,1,0.99960726,1
86693,0,1,0.4429678,0
86694,1,1,0.9999999,1
86695,1,1,0.99993265,1
86696,0,0,0.18476751,1
86697,1,1,0.9999362,1
86698,1,0,0.15765488,0
86699,1,1,0.99973255,1
86700,1,1,1.0,1
86701,1,1,0.9750835,1
86702,0,1,0.95388025,0
86703,0,0,0.14823206,1
86704,0,1,0.99999857,0
86705,1,0,0.006338922,0
86706,0,1,0.9999087,0
86707,0,1,0.53397465,0
86708,0,1,0.9551939,0
86709,0,0,0.15469499,1
86710,1,1,1.0,1
86711,1,1,0.914977,1
86712,0,0,0.062904246,1
86713,1,1,0.9950755,1
86714,0,1,0.9864157,0
86715,0,1,0.63945466,0
86716,1,1,0.99994457,1
86717,0,0,0.34778628,1
86718,0,0,0.094594024,1
86719,0,1,0.99698395,0
86720,1,1,0.8718026,1
86721,1,0,0.06638737,0
86722,1,1,0.66164964,1
86723,1,1,0.9817007,1
86724,1,1,0.999995,1
86725,1,1,0.99999213,1
86726,0,0,0.057387535,1
86727,0,1,0.57684,0
86728,1,1,0.999995,1
86729,0,1,0.9252299,0
86730,1,1,0.9999956,1
86731,1,1,0.9999993,1
86732,1,1,1.0,1
86733,1,1,0.9997017,1
86734,1,0,0.039121646,0
86735,0,0,0.033526164,1
86736,0,1,0.9744105,0
86737,1,1,0.595963,1
86738,0,0,0.24535614,1
86739,0,1,0.9999949,0
86740,1,1,0.9999968,1
86741,0,0,0.0715912,1
86742,0,0,0.21068507,1
86743,1,0,0.07477004,0
86744,1,1,0.9998134,1
86745,1,1,0.99998736,1
86746,1,1,0.9999999,1
86747,1,1,0.9988708,1
86748,1,0,0.22850062,0
86749,1,1,0.364721,1
86750,1,1,1.0,1
86751,1,1,0.9999999,1
86752,1,0,0.009376237,0
86753,1,1,0.99999964,1
86754,1,1,0.9999857,1
86755,0,0,0.1655931,1
86756,0,0,0.09696201,1
86757,0,0,0.04328485,1
86758,0,0,0.052960765,1
86759,0,1,1.0,0
86760,1,0,0.09721884,0
86761,1,1,0.8106289,1
86762,0,0,0.14282864,1
86763,1,0,0.049635064,0
86764,0,0,0.032283258,1
86765,1,1,0.9254997,1
86766,1,1,0.6869479,1
86767,1,0,0.3332048,0
86768,1,0,0.08487122,0
86769,0,1,0.99955314,0
86770,0,0,0.06973154,1
86771,1,0,0.15071502,0
86772,0,1,0.61555016,0
86773,1,1,1.0,1
86774,1,1,0.6829439,1
86775,1,1,1.0,1
86776,0,0,0.03274404,1
86777,1,1,0.74945414,1
86778,1,0,0.2672647,0
86779,0,0,0.06632688,1
86780,0,0,0.068975195,1
86781,0,1,0.7132818,0
86782,0,1,0.9999865,0
86783,0,0,0.10402136,1
86784,0,1,0.9999999,0
86785,1,0,0.01977584,0
86786,1,1,0.99999475,1
86787,0,1,0.8238959,0
86788,0,1,0.9888419,0
86789,0,1,0.9691787,0
86790,1,1,1.0,1
86791,1,1,0.9994777,1
86792,0,1,0.89340246,0
86793,1,0,6.8936095e-07,0
86794,1,1,0.67044646,1
86795,0,0,0.013146587,1
86796,1,1,0.9994653,1
86797,1,1,0.9999993,1
86798,1,1,0.8874974,1
86799,0,1,0.5437719,0
86800,1,0,0.0057974006,0
86801,0,0,0.0025360473,1
86802,1,0,0.23704568,0
86803,0,1,0.99984527,0
86804,1,0,0.019531239,0
86805,0,1,0.94699025,0
86806,0,1,0.81427443,0
86807,1,1,0.83748704,1
86808,0,1,0.4238753,0
86809,1,0,0.10951515,0
86810,0,1,0.5072017,0
86811,0,1,0.991032,0
86812,0,0,0.05340333,1
86813,1,1,0.9999448,1
86814,0,1,0.9637459,0
86815,1,1,1.0,1
86816,1,1,0.9997851,1
86817,1,1,1.0,1
86818,0,1,1.0,0
86819,0,1,0.99999917,0
86820,0,1,0.94757545,0
86821,0,1,0.42835292,0
86822,0,0,0.33014718,1
86823,1,1,1.0,1
86824,1,1,0.59502196,1
86825,1,1,0.998835,1
86826,1,0,0.045479592,0
86827,1,1,0.7970834,1
86828,0,0,0.01977584,1
86829,0,0,0.0962801,1
86830,1,1,0.9959693,1
86831,0,0,0.04501553,1
86832,1,1,0.99977654,1
86833,0,1,0.57564765,0
86834,1,1,0.92775697,1
86835,0,1,0.9724409,0
86836,0,0,0.2755194,1
86837,1,1,1.0,1
86838,0,0,0.044597577,1
86839,1,1,1.0,1
86840,0,0,0.14253002,1
86841,1,1,0.99793327,1
86842,1,0,0.15902139,0
86843,0,1,0.999944,0
86844,1,1,0.7151754,1
86845,1,1,0.99999464,1
86846,0,0,0.17823958,1
86847,1,1,1.0,1
86848,0,1,0.99966335,0
86849,0,1,0.9448931,0
86850,1,1,0.6971452,1
86851,0,1,0.48178905,0
86852,0,1,0.99228936,0
86853,0,0,0.22592856,1
86854,1,1,0.9975751,1
86855,1,1,0.9545628,1
86856,0,1,0.915356,0
86857,1,1,0.9994837,1
86858,0,0,0.035177976,1
86859,1,1,0.9941004,1
86860,0,1,0.6580331,0
86861,0,1,0.955444,0
86862,0,0,0.045991033,1
86863,0,0,0.30182487,1
86864,0,1,1.0,0
86865,0,1,0.9935993,0
86866,0,1,0.8611883,0
86867,1,1,0.97104686,1
86868,0,0,0.0033766122,1
86869,1,1,0.9950563,1
86870,0,0,0.15146656,1
86871,1,1,1.0,1
86872,1,1,0.99865156,1
86873,0,0,0.049958523,1
86874,0,0,0.098946586,1
86875,1,1,0.9739189,1
86876,0,1,0.8441522,0
86877,0,0,0.0212264,1
86878,0,0,0.28076425,1
86879,0,1,0.934455,0
86880,0,1,0.97610646,0
86881,0,0,0.29941237,1
86882,0,0,0.0548532,1
86883,1,1,0.9999132,1
86884,1,1,0.38815406,1
86885,1,1,0.9989857,1
86886,0,0,0.02931223,1
86887,0,0,0.0129954135,1
86888,0,0,0.018617803,1
86889,0,0,0.14694208,1
86890,0,1,0.9759694,0
86891,1,1,0.9999653,1
86892,0,0,0.25312182,1
86893,0,1,0.97546023,0
86894,1,1,1.0,1
86895,1,1,1.0,1
86896,0,0,0.09799298,1
86897,1,0,0.0065261493,0
86898,1,1,0.9700419,1
86899,0,1,0.9993869,0
86900,0,1,0.99999285,0
86901,1,1,0.999795,1
86902,1,1,0.976513,1
86903,1,0,0.015130728,0
86904,0,1,0.9517288,0
86905,1,1,1.0,1
86906,1,0,0.007577241,0
86907,1,1,0.9497627,1
86908,0,1,1.0,0
86909,1,1,0.9231778,1
86910,0,1,0.9794526,0
86911,1,1,0.9999957,1
86912,1,0,0.18594721,0
86913,0,0,0.24409263,1
86914,0,0,0.044348583,1
86915,0,0,0.06614567,1
86916,1,1,0.89218736,1
86917,1,1,0.9997527,1
86918,0,1,0.99999416,0
86919,1,1,0.9916842,1
86920,1,1,0.8937739,1
86921,1,1,0.55368626,1
86922,0,0,0.051367506,1
86923,0,0,0.26616648,1
86924,1,1,0.99926203,1
86925,1,1,0.573559,1
86926,0,1,0.99995553,0
86927,0,1,0.56241685,0
86928,1,0,0.035078675,0
86929,1,0,0.19012183,0
86930,1,1,0.9231778,1
86931,0,0,0.12158143,1
86932,1,1,1.0,1
86933,1,1,0.9140609,1
86934,1,1,0.98951083,1
86935,1,0,0.058722552,0
86936,0,0,0.09170697,1
86937,1,1,0.9999496,1
86938,0,0,0.015814932,1
86939,1,0,0.06866228,0
86940,0,0,0.3323104,1
86941,0,0,0.14288844,1
86942,0,0,0.074432954,1
86943,0,0,0.09186979,1
86944,1,1,0.40318495,1
86945,0,0,0.08166611,1
86946,1,1,0.99956185,1
86947,0,0,0.0027149855,1
86948,1,1,0.992349,1
86949,1,1,1.0,1
86950,1,1,0.9999999,1
86951,1,1,1.0,1
86952,0,1,0.8251675,0
86953,1,0,0.01124456,0
86954,0,1,0.9793738,0
86955,1,1,0.98287266,1
86956,1,1,0.6602272,1
86957,0,0,0.19178137,1
86958,1,1,0.8838389,1
86959,0,0,0.124053754,1
86960,1,0,0.29670522,0
86961,0,0,0.325199,1
86962,0,0,0.08262328,1
86963,0,1,0.9750835,0
86964,1,1,0.9999995,1
86965,1,1,0.999998,1
86966,1,1,0.999884,1
86967,1,0,0.1560406,0
86968,0,0,0.05899303,1
86969,0,0,0.11279541,1
86970,1,1,0.45147768,1
86971,0,0,0.3322021,1
86972,1,1,0.9873262,1
86973,1,1,0.99991035,1
86974,0,0,0.054954547,1
86975,1,1,0.9999999,1
86976,0,1,0.962462,0
86977,1,1,1.0,1
86978,1,0,0.05728198,0
86979,0,0,0.020312909,1
86980,0,0,0.074567616,1
86981,0,1,0.37110814,0
86982,0,0,0.0729663,1
86983,1,1,1.0,1
86984,0,0,0.078148484,1
86985,0,0,0.05350215,1
86986,1,0,0.049681153,0
86987,0,0,0.11114469,1
86988,0,0,0.010348136,1
86989,1,1,0.99892455,1
86990,1,0,0.12158143,0
86991,1,1,0.9926967,1
86992,1,0,0.18907149,0
86993,1,1,0.9961755,1
86994,1,1,1.0,1
86995,0,0,0.1447523,1
86996,0,0,0.23819561,1
86997,0,0,0.009232214,1
86998,0,0,0.12847047,1
86999,1,0,0.00472755,0
87000,1,1,0.99988043,1
87001,1,1,0.69196594,1
87002,1,1,1.0,1
87003,0,1,0.99990606,0
87004,1,1,0.94772077,1
87005,0,0,0.16687897,1
87006,1,1,0.99379504,1
87007,1,1,0.9999509,1
87008,1,1,0.40353745,1
87009,0,1,0.9233162,0
87010,1,1,0.99990654,1
87011,1,0,0.0079997545,0
87012,0,0,0.065545,1
87013,0,1,0.86759764,0
87014,1,1,0.9999552,1
87015,0,0,0.11506276,1
87016,1,1,0.99917525,1
87017,1,1,0.9999269,1
87018,1,1,0.38496992,1
87019,1,1,0.9989778,1
87020,0,0,0.18410648,1
87021,1,1,0.94192183,1
87022,1,1,1.0,1
87023,0,0,0.06884988,1
87024,1,0,0.0818861,0
87025,1,1,0.9493886,1
87026,0,0,0.017865866,1
87027,0,0,0.01694742,1
87028,0,1,0.94261247,0
87029,1,1,0.9999999,1
87030,0,0,0.04681203,1
87031,0,1,0.9427181,0
87032,0,1,0.55820656,0
87033,0,1,0.6568234,0
87034,1,1,0.35897082,1
87035,0,1,0.60754675,0
87036,0,1,0.9999534,0
87037,1,1,0.99953175,1
87038,0,0,0.27894375,1
87039,0,0,0.0607519,1
87040,0,1,0.99999857,0
87041,0,0,0.06159316,1
87042,1,1,0.8290772,1
87043,1,1,1.0,1
87044,1,1,0.5600121,1
87045,0,0,0.16059487,1
87046,0,1,0.9999974,0
87047,1,1,0.969814,1
87048,1,1,0.81420064,1
87049,1,0,0.08834723,0
87050,0,0,0.02884354,1
87051,0,0,0.03143985,1
87052,1,1,0.99996936,1
87053,0,1,0.9997398,0
87054,0,1,0.97555363,0
87055,0,1,0.67442584,0
87056,1,1,0.6719551,1
87057,1,1,0.99996257,1
87058,0,1,0.70492244,0
87059,1,1,0.92366123,1
87060,1,1,0.74447066,1
87061,1,1,0.9999995,1
87062,0,1,0.91482496,0
87063,1,1,1.0,1
87064,1,1,0.99992883,1
87065,1,1,0.72661966,1
87066,1,1,0.95400894,1
87067,1,1,0.9999558,1
87068,1,1,0.99996305,1
87069,1,1,0.9999243,1
87070,1,1,0.99999964,1
87071,1,1,0.8997397,1
87072,0,1,0.98466414,0
87073,0,1,0.99896574,0
87074,0,1,0.49017462,0
87075,1,1,0.8713654,1
87076,1,1,0.9999999,1
87077,1,1,0.9956176,1
87078,1,1,0.99999917,1
87079,1,1,0.994729,1
87080,0,0,0.19284318,1
87081,0,1,0.9965503,0
87082,0,0,0.03971326,1
87083,1,1,0.99971646,1
87084,0,0,0.016673045,1
87085,1,1,0.81316423,1
87086,0,0,0.03135076,1
87087,0,1,0.9999981,0
87088,1,1,0.43089557,1
87089,1,1,0.999884,1
87090,1,1,0.96347195,1
87091,1,1,1.0,1
87092,1,1,0.39644784,1
87093,1,1,0.9999993,1
87094,1,1,0.9999995,1
87095,1,1,1.0,1
87096,1,1,1.0,1
87097,1,1,0.9999901,1
87098,1,0,0.3238076,0
87099,1,1,0.9999956,1
87100,0,1,0.9999857,0
87101,0,0,0.316739,1
87102,1,1,0.5165345,1
87103,0,1,0.9848401,0
87104,1,1,0.9999999,1
87105,0,1,0.9987056,0
87106,0,1,0.59284335,0
87107,0,0,0.16715068,1
87108,1,1,0.99047756,1
87109,0,0,0.0527164,1
87110,1,1,0.9977393,1
87111,1,1,0.86838096,1
87112,1,1,1.0,1
87113,1,1,0.99240804,1
87114,1,1,1.0,1
87115,1,1,0.99106663,1
87116,1,0,0.23109324,0
87117,1,1,0.8123469,1
87118,0,1,0.9993135,0
87119,0,0,0.022802634,1
87120,1,1,1.0,1
87121,1,1,0.9510514,1
87122,1,1,0.36800814,1
87123,1,0,0.034586217,0
87124,1,1,0.99998486,1
87125,1,0,0.10557885,0
87126,0,1,0.9999924,0
87127,0,0,0.1164622,1
87128,1,1,1.0,1
87129,0,1,0.99373454,0
87130,0,0,0.29573816,1
87131,1,1,0.9379537,1
87132,1,0,0.2359876,0
87133,1,1,0.99999976,1
87134,1,0,0.11486404,0
87135,0,1,0.9427181,0
87136,1,0,0.007446194,0
87137,0,1,0.96628344,0
87138,1,1,1.0,1
87139,1,1,0.82190347,1
87140,1,1,0.99997294,1
87141,0,0,0.039527465,1
87142,0,0,0.014785409,1
87143,1,1,0.9565531,1
87144,0,0,0.04773565,1
87145,0,0,0.12667711,1
87146,1,1,1.0,1
87147,1,1,0.9936733,1
87148,1,0,0.10456872,0
87149,1,1,0.8152325,1
87150,1,1,0.9999987,1
87151,1,1,0.7797414,1
87152,1,1,0.66557366,1
87153,0,0,0.035344075,1
87154,0,1,1.0,0
87155,0,0,0.0069576083,1
87156,0,1,0.99794525,0
87157,0,0,0.09790669,1
87158,1,0,0.11971655,0
87159,1,1,1.0,1
87160,0,1,0.9999975,0
87161,0,0,0.0385747,1
87162,0,0,0.091382094,1
87163,0,1,0.99999654,0
87164,0,1,0.7731308,0
87165,1,1,0.9999957,1
87166,1,1,1.0,1
87167,0,0,0.012945406,1
87168,0,0,0.13945496,1
87169,0,1,0.83999664,0
87170,1,1,0.99948174,1
87171,0,0,0.005129634,1
87172,1,1,0.7118818,1
87173,0,0,0.015875846,1
87174,1,1,0.6999214,1
87175,1,1,0.9999956,1
87176,0,1,0.9999716,0
87177,1,1,0.99938214,1
87178,0,1,0.99344844,0
87179,0,0,0.018671406,1
87180,1,1,0.99634284,1
87181,0,1,0.9988004,0
87182,0,1,0.89469755,0
87183,0,0,0.23686911,1
87184,1,0,0.12252321,0
87185,0,0,0.021084841,1
87186,1,1,0.99996793,1
87187,1,0,0.047249712,0
87188,0,0,0.25275272,1
87189,1,1,0.99998164,1
87190,0,0,0.18579942,1
87191,0,0,0.2193375,1
87192,0,0,0.080719054,1
87193,1,1,1.0,1
87194,0,1,0.5917822,0
87195,1,1,1.0,1
87196,0,0,0.30673468,1
87197,1,1,0.9998785,1
87198,0,1,0.9999975,0
87199,0,0,0.09244169,1
87200,0,0,0.1676952,1
87201,1,1,0.99976224,1
87202,1,0,0.20118472,0
87203,0,0,0.046421416,1
87204,0,1,0.99784684,0
87205,0,1,0.9968335,0
87206,0,0,0.08953418,1
87207,1,1,0.79549927,1
87208,0,1,0.99981266,0
87209,1,1,0.999992,1
87210,1,0,0.12608409,0
87211,1,0,0.07913913,0
87212,1,1,1.0,1
87213,1,1,0.99550545,1
87214,1,1,0.6094661,1
87215,0,1,0.77864933,0
87216,1,1,0.92976,1
87217,0,0,0.14414886,1
87218,1,1,1.0,1
87219,0,0,0.046942927,1
87220,0,0,0.11976799,1
87221,1,1,1.0,1
87222,1,1,0.49597177,1
87223,0,0,0.2331821,1
87224,1,1,0.99999785,1
87225,1,1,0.9999999,1
87226,1,0,0.23405632,0
87227,1,0,0.13523209,0
87228,0,0,0.039601684,1
87229,0,0,0.26779094,1
87230,0,1,0.9999305,0
87231,0,0,0.08456833,1
87232,0,1,1.0,0
87233,1,1,0.8896248,1
87234,0,1,0.8568123,0
87235,1,1,0.999824,1
87236,0,0,0.33535084,1
87237,1,1,0.9743129,1
87238,1,1,0.9947595,1
87239,0,1,0.9988236,0
87240,1,0,0.07921033,0
87241,1,1,0.9993487,1
87242,1,0,0.2062538,0
87243,1,1,0.9759235,1
87244,0,1,0.8490974,0
87245,0,1,1.0,0
87246,0,1,0.93312675,0
87247,1,0,0.2934551,0
87248,0,1,0.66350543,0
87249,1,0,0.10585582,0
87250,1,0,0.13828714,0
87251,1,1,0.96391606,1
87252,1,1,1.0,1
87253,1,1,0.99497885,1
87254,0,0,0.22516096,1
87255,1,0,0.07538034,0
87256,0,0,0.31864414,1
87257,1,1,1.0,1
87258,1,1,0.9999299,1
87259,0,0,0.083441176,1
87260,0,0,0.088978484,1
87261,0,1,0.9999691,0
87262,0,1,0.9449947,0
87263,1,0,0.21084754,0
87264,0,1,0.8230441,0
87265,0,0,0.07999737,1
87266,0,1,0.9918121,0
87267,1,1,0.9992053,1
87268,1,1,1.0,1
87269,1,1,0.99999404,1
87270,1,1,0.9979771,1
87271,1,1,0.9692369,1
87272,0,1,0.7505527,0
87273,0,1,0.99338466,0
87274,1,0,0.045141645,0
87275,1,1,1.0,1
87276,1,1,0.99970514,1
87277,0,1,0.6339203,0
87278,1,1,0.41155422,1
87279,1,1,0.99975175,1
87280,0,1,0.81420064,0
87281,0,1,0.6169935,0
87282,1,1,0.4405595,1
87283,0,0,0.058884703,1
87284,1,1,0.9999155,1
87285,1,1,0.9999993,1
87286,1,1,0.9973477,1
87287,1,1,0.99999297,1
87288,0,0,0.008644178,1
87289,1,1,0.99999416,1
87290,0,1,0.9999999,0
87291,0,1,0.99999857,0
87292,1,1,0.99374664,1
87293,1,1,0.9999945,1
87294,0,0,0.036631368,1
87295,1,0,0.06136777,0
87296,0,1,0.98819935,0
87297,0,1,0.9998822,0
87298,1,1,1.0,1
87299,1,0,0.03997477,0
87300,1,1,0.51257056,1
87301,1,1,0.9999908,1
87302,1,1,0.70115066,1
87303,1,1,0.99999607,1
87304,1,1,0.99997747,1
87305,1,1,1.0,1
87306,1,1,0.99983776,1
87307,0,0,0.3416374,1
87308,1,1,1.0,1
87309,0,1,0.9925249,0
87310,0,1,0.9971048,0
87311,1,0,0.06530615,0
87312,1,1,1.0,1
87313,1,1,1.0,1
87314,0,0,0.14300808,1
87315,0,1,0.582016,0
87316,1,1,1.0,1
87317,1,1,0.9869795,1
87318,0,1,0.99999917,0
87319,1,0,0.2737685,0
87320,1,1,0.9999999,1
87321,0,0,0.1328517,1
87322,1,1,0.99830914,1
87323,1,1,0.9999981,1
87324,1,1,0.9999769,1
87325,1,0,0.22482039,0
87326,1,1,0.9999999,1
87327,0,0,0.20681395,1
87328,0,1,0.42506814,0
87329,1,1,0.9962565,1
87330,1,1,0.9999877,1
87331,1,0,0.1698185,0
87332,0,1,0.9954704,0
87333,0,1,0.99999714,0
87334,0,1,0.999049,0
87335,0,0,0.20118472,1
87336,1,0,0.026480937,0
87337,0,0,0.10293422,1
87338,0,0,0.15405755,1
87339,1,0,0.27052838,0
87340,1,1,0.79438496,1
87341,0,0,0.047602654,1
87342,1,1,0.99637836,1
87343,0,0,0.11018359,1
87344,0,0,0.2693256,1
87345,0,0,0.083740406,1
87346,0,0,0.28512308,1
87347,1,1,0.99999774,1
87348,1,1,0.5290201,1
87349,1,0,0.12054232,0
87350,1,1,0.99948573,1
87351,0,0,0.20753576,1
87352,0,0,0.07356305,1
87353,1,1,0.8763172,1
87354,1,0,0.2826415,0
87355,1,1,0.95253,1
87356,0,0,0.1524734,1
87357,1,1,0.97180575,1
87358,0,0,0.10622612,1
87359,1,1,0.72985685,1
87360,0,0,0.32060856,1
87361,1,0,0.25991955,0
87362,1,1,1.0,1
87363,1,1,0.9323918,1
87364,1,1,0.5935504,1
87365,1,1,0.6302868,1
87366,1,1,0.9494355,1
87367,0,0,0.100967236,1
87368,1,1,0.9997677,1
87369,0,0,0.2755194,1
87370,1,1,0.9998074,1
87371,0,1,0.64226425,0
87372,1,1,1.0,1
87373,1,1,0.9509148,1
87374,1,1,1.0,1
87375,1,1,0.9328214,1
87376,0,1,0.9998863,0
87377,0,0,0.19436781,1
87378,0,1,0.8477158,0
87379,1,1,0.93189764,1
87380,1,1,0.9999962,1
87381,1,1,1.0,1
87382,1,1,0.9997749,1
87383,0,0,0.062904246,1
87384,0,0,0.007403014,1
87385,1,1,1.0,1
87386,1,0,0.20087102,0
87387,0,0,0.01083937,1
87388,1,1,0.9999443,1
87389,1,0,0.028679863,0
87390,0,1,0.6630692,0
87391,1,1,0.9999337,1
87392,1,1,0.9191359,1
87393,1,1,1.0,1
87394,1,1,0.9999907,1
87395,1,0,0.23005375,0
87396,1,1,0.9982926,1
87397,1,1,0.3860978,1
87398,1,1,0.5014038,1
87399,1,1,1.0,1
87400,1,1,0.99946314,1
87401,1,1,0.50799495,1
87402,0,0,0.17518502,1
87403,1,1,1.0,1
87404,0,0,0.096705794,1
87405,0,0,0.13161905,1
87406,1,0,0.13173069,0
87407,0,1,0.735024,0
87408,1,1,0.990329,1
87409,0,1,0.44070995,0
87410,0,1,0.90574,0
87411,0,1,0.9997974,0
87412,0,0,0.29168653,1
87413,1,1,0.9936487,1
87414,0,1,0.9650203,0
87415,1,1,1.0,1
87416,0,1,0.9720191,0
87417,1,1,0.99983525,1
87418,0,1,0.4429678,0
87419,1,1,0.99991286,1
87420,1,0,0.23572361,0
87421,1,0,0.0041019297,0
87422,1,1,1.0,1
87423,1,0,0.08929564,0
87424,1,0,0.1908748,0
87425,0,1,0.9995016,0
87426,0,1,0.97009856,0
87427,1,1,0.9999999,1
87428,0,0,0.02761149,1
87429,0,1,0.9989837,0
87430,0,1,0.9375548,0
87431,1,1,1.0,1
87432,0,0,0.10502681,1
87433,1,1,1.0,1
87434,1,1,0.8329173,1
87435,0,0,0.051130094,1
87436,1,1,1.0,1
87437,0,1,0.46523565,0
87438,1,0,0.25395352,0
87439,1,1,1.0,1
87440,1,1,0.9995819,1
87441,0,1,0.8394709,0
87442,1,1,0.9999987,1
87443,1,1,1.0,1
87444,1,1,0.99999976,1
87445,1,1,0.9971048,1
87446,0,1,0.9977393,0
87447,1,1,0.99999666,1
87448,0,0,0.02873432,1
87449,0,1,0.9997757,0
87450,0,0,0.037361998,1
87451,1,1,0.82190347,1
87452,0,1,0.9914887,0
87453,1,1,0.99988127,1
87454,1,1,0.99948573,1
87455,1,1,0.99999917,1
87456,1,1,0.8727817,1
87457,0,0,0.06947859,1
87458,1,1,0.46830428,1
87459,1,1,0.99693066,1
87460,1,1,1.0,1
87461,1,1,0.99999464,1
87462,1,1,0.997459,1
87463,1,1,0.99998057,1
87464,1,1,0.4176871,1
87465,1,1,1.0,1
87466,1,0,0.3451053,0
87467,0,1,0.8504686,0
87468,0,0,0.24310295,1
87469,0,1,0.5366772,0
87470,1,1,0.9999864,1
87471,1,1,0.36015138,1
87472,1,1,0.9332485,1
87473,1,1,0.999998,1
87474,1,1,0.77081,1
87475,0,0,0.33339468,1
87476,0,0,0.093181714,1
87477,1,1,0.9946255,1
87478,1,1,0.99818975,1
87479,1,1,0.9999875,1
87480,1,1,0.999964,1
87481,0,0,0.044389986,1
87482,1,1,1.0,1
87483,0,1,0.831006,0
87484,1,1,1.0,1
87485,1,1,0.75110084,1
87486,1,1,0.97682446,1
87487,1,1,0.99989724,1
87488,1,1,1.0,1
87489,1,1,0.39542598,1
87490,0,1,0.9971048,0
87491,1,1,0.63346696,1
87492,1,1,0.8558512,1
87493,1,0,0.0032350556,0
87494,0,0,0.19368058,1
87495,1,0,0.04569203,0
87496,0,1,0.9999839,0
87497,1,1,0.9999999,1
87498,1,1,0.6840002,1
87499,1,1,0.52427286,1
87500,0,0,0.24762337,1
87501,0,1,0.37960833,0
87502,0,0,0.011961098,1
87503,1,1,0.9992417,1
87504,0,1,0.7412996,0
87505,1,1,0.9984723,1
87506,1,0,0.024940254,0
87507,0,1,0.8372211,0
87508,0,1,0.9999646,0
87509,1,1,0.9999821,1
87510,1,1,0.9744591,1
87511,0,0,0.13358468,1
87512,1,1,1.0,1
87513,0,0,0.2776688,1
87514,1,1,0.6079541,1
87515,1,1,0.9999385,1
87516,0,0,0.03330537,1
87517,1,1,0.9999958,1
87518,1,1,0.75631255,1
87519,1,1,0.9999535,1
87520,0,1,0.9993424,0
87521,0,0,0.0763388,1
87522,0,1,0.9406263,0
87523,0,0,0.15115306,1
87524,1,1,1.0,1
87525,0,0,0.028436033,1
87526,1,0,0.1346052,0
87527,0,0,0.047205772,1
87528,1,1,0.53952914,1
87529,0,0,0.07758752,1
87530,0,0,0.19590156,1
87531,1,1,0.99839276,1
87532,1,0,0.0962801,0
87533,0,1,0.943919,0
87534,0,0,0.0416178,1
87535,0,0,0.21280403,1
87536,0,0,0.15034041,1
87537,1,1,0.9999999,1
87538,1,0,0.083740406,0
87539,1,1,0.9168571,1
87540,1,1,0.9960238,1
87541,0,0,0.0689125,1
87542,1,1,1.0,1
87543,0,1,0.99998105,0
87544,1,1,0.9947595,1
87545,0,0,0.10438599,1
87546,1,1,0.89552265,1
87547,1,1,0.9988752,1
87548,1,1,1.0,1
87549,1,1,1.0,1
87550,1,1,0.9714829,1
87551,1,1,0.99999964,1
87552,0,0,0.11606085,1
87553,1,1,1.0,1
87554,1,0,0.09833879,0
87555,0,0,0.23806274,1
87556,0,0,0.11348131,1
87557,1,1,0.74609274,1
87558,0,0,0.09065494,1
87559,0,1,0.9999945,0
87560,0,1,0.772359,0
87561,0,1,0.566798,0
87562,1,1,1.0,1
87563,1,0,0.15215817,0
87564,0,0,0.0034296038,1
87565,1,1,1.0,1
87566,0,1,0.9114165,0
87567,0,0,0.13741668,1
87568,0,0,0.08517511,1
87569,1,1,0.9999622,1
87570,0,0,0.29930997,1
87571,1,0,0.17575018,0
87572,1,0,0.16291203,0
87573,1,1,0.47277474,1
87574,1,1,0.9999999,1
87575,1,1,0.9756467,1
87576,0,0,0.15765488,1
87577,0,1,0.95759624,0
87578,0,0,0.13403742,1
87579,1,1,0.9961004,1
87580,0,0,0.044931643,1
87581,0,1,0.99170023,0
87582,1,1,0.9999969,1
87583,1,1,0.97903574,1
87584,1,1,0.45622808,1
87585,0,0,0.14181541,1
87586,0,1,0.7584211,0
87587,1,1,1.0,1
87588,1,1,0.9941347,1
87589,0,1,0.5823723,0
87590,1,1,0.97494066,1
87591,0,1,0.99933976,0
87592,0,0,0.0073743653,1
87593,1,1,0.99881905,1
87594,1,1,0.99994636,1
87595,0,0,0.17788225,1
87596,0,1,0.9999976,0
87597,1,1,0.9691787,1
87598,0,1,0.49530044,0
87599,1,1,0.99999464,1
87600,1,1,0.98559386,1
87601,1,0,0.09739039,0
87602,1,1,0.99999905,1
87603,1,1,1.0,1
87604,1,1,0.96021223,1
87605,1,1,0.99883276,1
87606,0,0,0.3143662,1
87607,0,0,0.13122888,1
87608,1,0,0.00036686257,0
87609,0,0,0.21239536,1
87610,1,1,0.9986827,1
87611,0,0,0.0033831913,1
87612,0,0,0.099820666,1
87613,0,1,0.6283504,0
87614,0,1,0.4397774,0
87615,0,0,0.1289633,1
87616,1,0,0.021004366,0
87617,0,1,0.99943966,0
87618,0,1,0.9999722,0
87619,1,1,1.0,1
87620,0,0,0.012649318,1
87621,1,1,0.8407826,1
87622,1,0,0.18395983,0
87623,1,1,0.98093086,1
87624,0,0,0.15934816,1
87625,1,1,0.99966073,1
87626,0,0,0.14669742,1
87627,1,0,0.01750956,0
87628,1,1,1.0,1
87629,0,0,0.20291662,1
87630,1,1,0.4709191,1
87631,0,0,0.23161423,1
87632,0,0,0.31816727,1
87633,0,0,0.1897462,1
87634,1,1,0.9101469,1
87635,1,1,0.6106276,1
87636,0,0,0.09990845,1
87637,1,1,0.9753666,1
87638,1,0,0.13892843,0
87639,1,1,0.9997876,1
87640,1,1,0.9997974,1
87641,0,0,0.17909941,1
87642,1,0,0.17147702,0
87643,1,0,0.3424066,0
87644,1,1,0.48724642,1
87645,1,0,0.20705435,0
87646,1,1,0.8735388,1
87647,1,1,1.0,1
87648,0,0,0.057440385,1
87649,0,1,0.6392295,0
87650,0,0,0.19360435,1
87651,1,0,0.028517084,0
87652,0,0,0.11426965,1
87653,1,1,0.9953904,1
87654,1,0,0.18053968,0
87655,0,0,0.2615195,1
87656,1,1,0.99987996,1
87657,1,0,0.06301948,0
87658,1,0,0.31079897,0
87659,0,0,0.09268777,1
87660,0,1,0.9995443,0
87661,1,1,0.9997408,1
87662,0,1,0.61236763,0
87663,0,0,0.022521457,1
87664,0,1,0.99825555,0
87665,0,1,0.99279517,0
87666,0,0,0.30528295,1
87667,1,1,0.99999976,1
87668,0,1,0.9999969,0
87669,1,1,0.74991226,1
87670,1,1,1.0,1
87671,1,1,0.9999825,1
87672,1,1,0.4434498,1
87673,0,0,0.09721884,1
87674,0,1,0.83196384,0
87675,0,0,0.18032306,1
87676,1,1,1.0,1
87677,1,1,0.9956262,1
87678,1,0,0.007831049,0
87679,0,0,0.12054232,1
87680,1,1,0.99688846,1
87681,1,1,0.8958876,1
87682,0,1,0.99999416,0
87683,1,1,0.9985896,1
87684,0,0,0.2270406,1
87685,0,1,0.9948902,0
87686,0,0,0.08014123,1
87687,0,0,0.26616648,1
87688,0,0,0.04616273,1
87689,1,1,1.0,1
87690,0,0,0.07696085,1
87691,1,1,0.99718815,1
87692,1,1,0.9998702,1
87693,0,1,1.0,0
87694,1,1,1.0,1
87695,0,1,0.9994023,0
87696,1,1,0.49273732,1
87697,1,1,0.9950755,1
87698,0,0,0.20212801,1
87699,1,0,0.019475216,0
87700,0,1,0.99648935,0
87701,1,1,0.999969,1
87702,1,1,0.93195957,1
87703,0,0,0.08210661,1
87704,1,1,0.99999356,1
87705,0,1,0.3889661,0
87706,0,0,0.33074132,1
87707,1,0,0.050051305,0
87708,0,0,0.07204689,1
87709,1,0,0.051893488,0
87710,1,1,0.9997142,1
87711,0,0,0.09790669,1
87712,1,1,1.0,1
87713,1,1,0.9923638,1
87714,1,1,0.998319,1
87715,0,0,0.07793769,1
87716,1,1,1.0,1
87717,0,0,0.3462649,1
87718,1,1,0.99900347,1
87719,1,1,0.9998746,1
87720,0,0,0.13251457,1
87721,1,1,0.99682117,1
87722,1,0,0.010818448,0
87723,1,1,0.9889705,1
87724,1,1,0.99998426,1
87725,0,0,0.29813364,1
87726,1,1,1.0,1
87727,0,1,0.52074003,0
87728,1,1,0.9980161,1
87729,0,0,0.084040605,1
87730,1,1,0.5914283,1
87731,1,1,0.9296961,1
87732,0,0,0.12863456,1
87733,0,1,0.99959785,0
87734,1,1,1.0,1
87735,1,0,0.11757212,0
87736,1,0,0.14342749,0
87737,0,1,0.9978636,0
87738,1,1,0.9991848,1
87739,1,1,0.999997,1
87740,0,1,0.99992216,0
87741,0,1,0.5245164,0
87742,1,1,0.9999598,1
87743,1,1,0.99782157,1
87744,0,1,0.96858984,0
87745,1,1,0.99986553,1
87746,0,1,0.9868281,0
87747,0,1,0.9997843,0
87748,1,1,1.0,1
87749,1,0,0.19117662,0
87750,0,1,0.9967269,0
87751,1,1,0.9999294,1
87752,1,1,0.99999774,1
87753,0,1,0.47034124,0
87754,1,1,0.99329424,1
87755,1,1,0.9988927,1
87756,1,1,0.677314,1
87757,0,0,0.21231367,1
87758,0,1,0.9999083,0
87759,1,1,1.0,1
87760,0,1,0.97691274,0
87761,0,1,0.9405172,0
87762,0,0,0.12581532,1
87763,1,1,0.9999981,1
87764,1,0,0.013875309,0
87765,1,1,0.3863582,1
87766,1,1,0.99999976,1
87767,1,1,0.99996006,1
87768,1,1,1.0,1
87769,1,1,0.80942667,1
87770,0,0,0.11736965,1
87771,1,1,0.99999976,1
87772,0,1,0.9999825,0
87773,0,0,0.0127472645,1
87774,0,0,0.036665846,1
87775,1,1,1.0,1
87776,1,1,0.7483983,1
87777,0,1,0.9254997,0
87778,1,1,0.99964786,1
87779,1,1,1.0,1
87780,1,1,1.0,1
87781,1,1,1.0,1
87782,0,0,0.036356665,1
87783,1,1,0.6700148,1
87784,0,1,0.99999774,0
87785,0,0,0.055515114,1
87786,0,1,0.9995566,0
87787,1,1,0.99583375,1
87788,0,1,0.99884856,0
87789,0,0,0.12373573,1
87790,1,0,0.23475733,0
87791,1,1,0.67260057,1
87792,0,1,0.6945617,0
87793,0,0,0.05602938,1
87794,1,1,0.99999976,1
87795,1,1,0.99999654,1
87796,0,0,0.055617616,1
87797,1,1,1.0,1
87798,0,0,0.015998371,1
87799,0,1,0.8262917,0
87800,1,1,0.99918956,1
87801,0,1,0.93663365,0
87802,0,0,0.03274404,1
87803,1,1,1.0,1
87804,0,0,0.24220563,1
87805,0,0,0.13078417,1
87806,1,1,0.9995016,1
87807,0,1,0.57540905,0
87808,1,1,1.0,1
87809,0,1,0.37085178,0
87810,1,0,0.29320207,0
87811,0,1,0.99914074,0
87812,1,1,0.9999999,1
87813,1,1,0.99999976,1
87814,1,1,0.7798252,1
87815,1,0,0.052279223,0
87816,0,0,0.06030764,1
87817,0,1,0.99994266,0
87818,1,1,1.0,1
87819,1,1,1.0,1
87820,0,0,0.04418332,1
87821,0,0,0.15034041,1
87822,0,0,0.14872593,1
87823,1,0,0.028034119,0
87824,1,1,0.9480103,1
87825,0,1,0.5027466,0
87826,0,1,0.53291136,0
87827,0,1,0.99957365,0
87828,1,0,0.09260568,0
87829,0,0,0.101144664,1
87830,1,0,0.1431278,0
87831,1,0,0.012600624,0
87832,0,0,0.15662017,1
87833,0,1,1.0,0
87834,0,0,0.30533472,1
87835,0,0,0.33660358,1
87836,0,1,0.8855325,0
87837,1,1,0.9996087,1
87838,1,1,1.0,1
87839,1,1,0.89469755,1
87840,0,1,0.9011404,0
87841,0,0,0.07483763,1
87842,1,1,1.0,1
87843,1,1,1.0,1
87844,0,0,0.33377463,1
87845,1,0,0.18227991,0
87846,0,1,0.85415626,0
87847,1,0,0.11422025,0
87848,0,0,0.056600258,1
87849,0,0,0.010368156,1
87850,1,1,0.98331094,1
87851,1,1,0.569314,1
87852,0,0,0.054148693,1
87853,0,1,0.7772999,0
87854,1,1,0.6783802,1
87855,0,1,0.7295198,0
87856,0,0,0.12310184,1
87857,1,0,0.3068385,0
87858,1,1,0.99999464,1
87859,1,1,0.99998605,1
87860,1,1,0.9996451,1
87861,0,0,0.005458661,1
87862,0,0,0.032682236,1
87863,0,0,0.007331598,1
87864,0,1,0.54607254,0
87865,0,0,0.07675298,1
87866,0,1,0.99998295,0
87867,0,1,0.99758923,0
87868,0,0,0.040426936,1
87869,1,1,0.9863105,1
87870,1,1,0.99999595,1
87871,0,0,0.06489012,1
87872,1,1,0.8967045,1
87873,0,1,0.61144,0
87874,0,0,0.034068275,1
87875,1,1,0.9642206,1
87876,1,1,0.9158842,1
87877,1,0,0.0049533066,0
87878,0,0,0.0996453,1
87879,0,0,0.15342228,1
87880,1,1,0.9998932,1
87881,1,1,0.99998677,1
87882,0,0,0.020138742,1
87883,0,1,0.999997,0
87884,1,0,0.024168443,0
87885,0,0,0.038502328,1
87886,0,0,0.045310315,1
87887,1,1,1.0,1
87888,1,1,0.9997478,1
87889,0,1,0.99346113,0
87890,0,1,0.58385605,0
87891,1,1,1.0,1
87892,1,1,1.0,1
87893,1,0,0.038683496,0
87894,1,0,0.26227456,0
87895,1,0,0.15726623,0
87896,1,1,0.99996376,1
87897,0,0,0.14378779,1
87898,1,1,1.0,1
87899,1,1,0.952131,1
87900,0,0,0.014364656,1
87901,0,0,0.23484507,1
87902,1,1,0.9995963,1
87903,1,1,0.9194258,1
87904,1,1,0.6894624,1
87905,1,1,0.43926623,1
87906,0,0,0.2056948,1
87907,1,1,1.0,1
87908,1,1,0.9840936,1
87909,1,1,0.704211,1
87910,1,1,0.9953544,1
87911,0,1,0.4792295,0
87912,1,1,1.0,1
87913,0,1,0.9882449,0
87914,0,1,0.9252299,0
87915,1,1,0.99817204,1
87916,0,1,0.8847382,0
87917,1,1,0.9999999,1
87918,1,0,0.007891985,0
87919,1,1,1.0,1
87920,0,1,0.9976993,0
87921,1,1,0.7149765,1
87922,1,1,0.9885804,1
87923,0,1,0.97494066,0
87924,1,0,0.022074388,0
87925,1,1,1.0,1
87926,1,1,0.9997508,1
87927,1,0,0.21576357,0
87928,0,0,0.057229258,1
87929,0,0,0.058292214,1
87930,1,0,0.19322349,0
87931,1,1,0.9809125,1
87932,0,1,0.9956937,0
87933,1,1,1.0,1
87934,0,1,0.95643115,0
87935,0,1,0.99491006,0
87936,0,0,0.06255973,1
87937,1,1,0.99813604,1
87938,0,1,0.967256,0
87939,1,1,0.9999094,1
87940,1,1,1.0,1
87941,0,1,0.9345745,0
87942,0,0,0.09276993,1
87943,1,0,0.07821887,0
87944,1,1,0.9747491,1
87945,1,1,0.9946672,1
87946,1,1,0.85403454,1
87947,0,1,0.6841058,0
87948,1,0,0.31017175,0
87949,0,0,0.22781274,1
87950,1,1,0.99739385,1
87951,0,0,0.08456833,1
87952,1,1,1.0,1
87953,0,1,0.515315,0
87954,1,1,0.96050966,1
87955,0,0,0.27052838,1
87956,1,1,0.99918324,1
87957,1,1,0.9999795,1
87958,0,1,0.73597383,0
87959,1,1,0.96864927,1
87960,1,1,0.87768656,1
87961,0,0,0.027272668,1
87962,0,0,0.16762705,1
87963,1,1,0.89152807,1
87964,1,1,1.0,1
87965,1,1,0.99996865,1
87966,1,1,0.99988985,1
87967,0,0,0.015159859,1
87968,0,0,0.05079946,1
87969,0,0,0.023330769,1
87970,1,1,0.96411926,1
87971,0,0,0.20197058,1
87972,1,1,0.9732661,1
87973,0,1,0.9999745,0
87974,0,1,0.9999194,0
87975,0,0,0.03204008,1
87976,0,0,0.15209518,1
87977,1,1,1.0,1
87978,1,1,0.9980882,1
87979,1,0,0.16708273,0
87980,1,1,0.89956343,1
87981,1,1,0.99998105,1
87982,0,0,0.029507361,1
87983,1,1,0.982591,1
87984,0,1,0.8656789,0
87985,1,1,0.6117879,1
87986,1,1,1.0,1
87987,0,0,0.2779627,1
87988,0,0,0.038719833,1
87989,1,1,0.700024,1
87990,0,1,0.94068086,0
87991,1,1,0.9999989,1
87992,1,1,0.9999696,1
87993,0,1,0.9969066,0
87994,0,0,0.2703839,1
87995,0,0,0.016497836,1
87996,1,0,0.17881243,0
87997,1,1,1.0,1
87998,0,0,0.2303133,1
87999,1,1,1.0,1
88000,0,1,0.99977916,0
88001,1,1,0.9999999,1
88002,1,1,0.99758446,1
88003,0,0,0.008348053,1
88004,1,1,0.9936487,1
88005,1,0,0.051893488,0
88006,1,1,0.9877823,1
88007,1,1,0.92296976,1
88008,0,0,0.18683577,1
88009,1,0,0.03997477,0
88010,1,1,0.9997017,1
88011,0,0,0.08464396,1
88012,0,0,0.30647516,1
88013,0,1,0.5178757,0
88014,0,1,0.99668854,0
88015,1,1,0.8697146,1
88016,1,1,1.0,1
88017,0,1,0.40639073,0
88018,1,1,0.44785267,1
88019,1,1,0.80286485,1
88020,0,1,0.5162296,0
88021,0,0,0.2052962,1
88022,0,1,0.41028365,0
88023,1,1,0.40110123,1
88024,1,0,0.07885492,0
88025,0,1,0.66806865,0
88026,1,0,0.23988315,0
88027,1,0,0.21825255,0
88028,1,1,0.9999478,1
88029,1,0,0.08748585,0
88030,1,1,0.99004436,1
88031,0,1,0.73225695,0
88032,1,1,1.0,1
88033,1,1,0.5461936,1
88034,1,1,0.9999995,1
88035,1,0,0.08487122,0
88036,1,0,0.07843036,0
88037,0,1,0.49627692,0
88038,0,0,0.17981844,1
88039,1,0,0.09203286,0
88040,0,1,0.84156543,0
88041,1,1,0.9999957,1
88042,0,1,0.3970906,0
88043,0,0,0.20769641,1
88044,1,1,1.0,1
88045,0,1,0.64484036,0
88046,1,1,0.9999895,1
88047,1,1,0.91046584,1
88048,0,1,0.40703875,0
88049,1,0,0.01214717,0
88050,0,0,0.10150035,1
88051,1,1,0.9998746,1
88052,1,0,0.20665379,0
88053,0,1,0.9674718,0
88054,0,0,0.06656919,1
88055,0,1,0.742048,0
88056,1,1,0.9999299,1
88057,1,0,0.027454607,0
88058,0,1,0.9999895,0
88059,1,0,0.006363574,0
88060,1,0,0.30141345,0
88061,0,1,0.99862766,0
88062,0,0,0.25673878,1
88063,0,1,0.54698014,0
88064,1,1,1.0,1
88065,1,1,0.92475563,1
88066,0,0,0.04196977,1
88067,0,1,0.99987566,0
88068,0,1,0.9830526,0
88069,0,0,0.017814532,1
88070,0,0,0.019382192,1
88071,1,1,0.99998116,1
88072,1,1,0.9997584,1
88073,0,0,0.059537485,1
88074,0,0,0.12967801,1
88075,1,1,0.9999988,1
88076,1,1,0.9999683,1
88077,0,1,0.99998796,0
88078,0,1,0.99919754,0
88079,1,1,0.9539232,1
88080,0,1,0.8271311,0
88081,0,1,0.9909972,0
88082,1,0,0.28110948,0
88083,0,1,0.9987551,0
88084,0,0,0.26779094,1
88085,1,1,0.73772544,1
88086,0,0,0.15165491,1
88087,0,0,0.23766439,1
88088,0,0,0.10604083,1
88089,1,1,0.9954261,1
88090,1,0,0.049819652,0
88091,1,1,0.99242276,1
88092,1,1,0.9999995,1
88093,1,1,0.9999709,1
88094,0,0,0.1987631,1
88095,0,1,0.9998247,0
88096,0,0,0.01566365,1
88097,1,0,0.25339884,0
88098,1,1,0.86499614,1
88099,0,0,0.041734807,1
88100,1,1,1.0,1
88101,1,0,0.06566473,0
88102,1,0,0.04410091,0
88103,1,1,0.99999034,1
88104,1,1,0.9186264,1
88105,1,1,0.9885583,1
88106,1,1,0.7163675,1
88107,1,1,0.99999785,1
88108,1,0,0.22695492,0
88109,1,1,0.9999286,1
88110,1,1,0.99952626,1
88111,1,1,0.60539085,1
88112,1,0,0.2305731,0
88113,1,1,0.9999999,1
88114,1,1,1.0,1
88115,0,0,0.07126734,1
88116,0,0,0.1625129,1
88117,1,1,1.0,1
88118,1,1,0.9977349,1
88119,0,0,0.01214717,1
88120,0,0,0.039787814,1
88121,1,1,0.99999964,1
88122,1,1,1.0,1
88123,0,1,0.94143915,0
88124,1,1,0.9987405,1
88125,1,1,0.982031,1
88126,1,1,0.8986777,1
88127,1,1,0.91625965,1
88128,1,1,0.99995816,1
88129,1,1,0.99455196,1
88130,0,1,0.99800056,0
88131,0,0,0.06797852,1
88132,1,0,0.3125798,0
88133,1,1,0.9997739,1
88134,1,1,0.92324704,1
88135,0,0,0.027117655,1
88136,1,1,1.0,1
88137,1,1,0.9999999,1
88138,1,1,0.42629173,1
88139,1,1,0.9675024,1
88140,1,1,1.0,1
88141,1,1,0.9998191,1
88142,0,1,0.65074474,0
88143,0,1,0.60940796,0
88144,1,1,0.9984573,1
88145,0,1,0.8609547,0
88146,1,1,1.0,1
88147,1,1,1.0,1
88148,1,1,1.0,1
88149,0,1,0.354936,0
88150,1,1,0.9999999,1
88151,0,0,0.09001297,1
88152,0,0,0.053700306,1
88153,0,1,0.9997069,0
88154,1,1,0.9999919,1
88155,1,1,0.99952626,1
88156,0,1,0.9999982,0
88157,0,1,0.7043127,0
88158,1,1,0.99999404,1
88159,0,0,0.010611421,1
88160,0,0,0.18337418,1
88161,0,0,0.010776726,1
88162,0,0,0.09146322,1
88163,0,0,0.03919513,1
88164,1,1,1.0,1
88165,1,1,0.753376,1
88166,0,0,0.05525965,1
88167,0,0,0.105948284,1
88168,0,1,0.64226425,0
88169,0,1,0.94610083,0
88170,0,0,0.04146227,1
88171,0,1,1.0,0
88172,0,1,0.9999716,0
88173,1,1,1.0,1
88174,1,1,0.8607207,1
88175,0,0,0.24598956,1
88176,0,1,0.95388025,0
88177,0,1,0.99999166,0
88178,0,0,0.2688454,1
88179,1,0,0.13712755,0
88180,1,1,0.9999987,1
88181,1,1,0.99960107,1
88182,1,0,0.3034221,0
88183,0,1,0.9999846,0
88184,0,0,0.33334044,1
88185,1,1,0.7047193,1
88186,0,1,0.83894384,0
88187,1,1,0.998884,1
88188,1,1,0.98662347,1
88189,1,1,0.9431384,1
88190,0,0,0.2769838,1
88191,1,1,1.0,1
88192,1,0,0.060086653,0
88193,0,1,0.76162714,0
88194,0,1,0.998319,0
88195,0,1,0.9996567,0
88196,0,0,0.12797923,1
88197,0,0,0.16264586,1
88198,1,0,0.14860235,0
88199,0,1,0.9966365,0
88200,0,0,0.007922628,1
88201,1,0,0.060252324,0
88202,1,1,0.9999999,1
88203,0,0,0.1339241,1
88204,0,0,0.20212801,1
88205,1,1,0.8988553,1
88206,0,1,0.9991817,0
88207,1,0,0.09929539,0
88208,0,0,0.22729777,1
88209,1,0,0.256832,0
88210,0,1,0.9999552,0
88211,0,0,0.024283867,1
88212,0,1,0.9844862,0
88213,1,1,0.99999964,1
88214,1,1,1.0,1
88215,1,1,0.969814,1
88216,0,1,0.9850429,0
88217,0,0,0.07011259,1
88218,0,0,0.05075239,1
88219,0,0,0.1752556,1
88220,1,1,0.7929457,1
88221,1,1,1.0,1
88222,0,1,0.9794133,0
88223,0,1,0.8850366,0
88224,1,1,0.67055434,1
88225,0,1,0.96354055,0
88226,0,0,0.25192368,1
88227,0,1,0.39960662,0
88228,0,0,0.23475733,1
88229,1,1,0.99951124,1
88230,0,1,0.6869479,0
88231,1,1,0.5170222,1
88232,0,0,0.015424551,1
88233,1,1,0.99453074,1
88234,1,1,1.0,1
88235,1,1,0.9999697,1
88236,0,1,0.9999943,0
88237,1,1,1.0,1
88238,1,1,0.9590777,1
88239,1,1,1.0,1
88240,0,1,0.6499675,0
88241,0,0,0.17252009,1
88242,0,1,0.99993813,0
88243,0,1,0.8967949,0
88244,1,1,0.9322685,1
88245,0,0,0.057334732,1
88246,1,1,0.90174776,1
88247,1,1,0.49609384,1
88248,1,1,0.999972,1
88249,1,1,1.0,1
88250,0,0,0.111627996,1
88251,1,1,0.9998253,1
88252,1,0,0.103295475,0
88253,1,1,1.0,1
88254,0,0,0.041578867,1
88255,1,1,0.920218,1
88256,1,0,0.21444456,0
88257,1,1,0.99944824,1
88258,0,0,0.14878777,1
88259,0,0,0.17967446,1
88260,1,1,1.0,1
88261,1,1,0.99847823,1
88262,0,1,0.9995054,0
88263,1,1,0.99894124,1
88264,1,1,0.8067004,1
88265,1,1,0.9534054,1
88266,0,0,0.03410043,1
88267,0,1,0.5389832,0
88268,1,1,0.99996865,1
88269,0,1,0.8671483,0
88270,1,1,0.99253935,1
88271,0,1,0.83761996,0
88272,0,1,0.98899186,0
88273,0,0,0.161717,1
88274,1,1,0.7187425,1
88275,1,0,0.19930798,0
88276,1,1,0.988108,1
88277,1,1,1.0,1
88278,1,1,1.0,1
88279,1,1,0.92495924,1
88280,1,1,0.96242666,1
88281,1,1,0.9709919,1
88282,1,1,0.6236634,1
88283,1,1,0.9999956,1
88284,1,1,0.85415626,1
88285,0,0,0.26038945,1
88286,0,1,0.99881446,0
88287,1,1,0.9990854,1
88288,1,1,1.0,1
88289,0,1,0.798344,0
88290,0,1,0.9509604,0
88291,1,1,0.39114425,1
88292,0,1,0.6734602,0
88293,0,0,0.33014718,1
88294,0,0,0.19117662,1
88295,1,1,0.9996437,1
88296,1,1,0.56277734,1
88297,1,1,0.41709337,1
88298,0,1,0.77089626,0
88299,1,1,1.0,1
88300,0,1,0.89912134,0
88301,0,0,0.106923506,1
88302,1,1,0.9999989,1
88303,1,1,1.0,1
88304,0,1,0.9999969,0
88305,0,0,0.02931223,1
88306,1,1,0.9998273,1
88307,1,1,0.9979048,1
88308,0,1,0.7453057,0
88309,0,1,0.93257624,0
88310,1,1,0.98739934,1
88311,0,1,0.5574238,0
88312,0,1,0.575767,0
88313,1,1,0.99680245,1
88314,0,0,0.00041731578,1
88315,0,1,0.98801583,0
88316,1,1,1.0,1
88317,1,0,0.19223589,0
88318,1,1,0.9999993,1
88319,0,0,0.15002882,1
88320,1,0,0.05345272,0
88321,0,1,0.4534131,0
88322,1,1,0.96691406,1
88323,0,0,0.18395983,1
88324,1,1,1.0,1
88325,1,1,0.99572706,1
88326,1,1,1.0,1
88327,1,1,1.0,1
88328,1,1,0.99972576,1
88329,1,1,0.99999774,1
88330,1,1,0.99999774,1
88331,0,1,0.9576754,0
88332,1,1,1.0,1
88333,1,1,0.9999944,1
88334,1,1,0.9999448,1
88335,1,1,0.9999738,1
88336,0,0,0.012217682,1
88337,0,0,0.15316877,1
88338,0,0,0.15765488,1
88339,0,0,0.12797923,1
88340,1,1,0.87037706,1
88341,1,1,1.0,1
88342,0,0,0.14039516,1
88343,0,0,0.06244529,1
88344,0,0,0.08487122,1
88345,1,1,0.5553749,1
88346,1,1,0.99999976,1
88347,1,1,0.9998148,1
88348,0,1,0.99540824,0
88349,1,1,0.9999999,1
88350,1,1,0.442245,1
88351,1,1,0.88612515,1
88352,0,1,0.37433314,0
88353,1,1,0.996852,1
88354,1,0,0.26062462,0
88355,0,1,0.95494246,0
88356,1,1,0.9999901,1
88357,1,1,0.99988365,1
88358,1,1,1.0,1
88359,0,0,0.02665774,1
88360,0,0,0.035779487,1
88361,0,1,0.99986064,0
88362,1,1,0.99999964,1
88363,0,0,0.23248436,1
88364,0,0,0.04268228,1
88365,1,0,0.007591943,0
88366,0,1,0.99971205,0
88367,1,1,1.0,1
88368,1,0,0.1522842,0
88369,0,0,0.19329962,1
88370,1,1,0.81655276,1
88371,0,1,0.99999917,0
88372,0,0,0.0058086696,1
88373,1,1,0.9993411,1
88374,0,0,0.11767348,1
88375,0,1,0.84758973,0
88376,1,1,1.0,1
88377,0,1,0.99621993,0
88378,1,1,0.99999106,1
88379,0,1,0.98617804,0
88380,1,1,1.0,1
88381,0,1,0.35936415,0
88382,1,1,0.99999523,1
88383,1,1,0.9999094,1
88384,1,1,0.9999999,1
88385,0,0,0.34345183,1
88386,1,1,0.99253935,1
88387,0,0,0.14511536,1
88388,0,1,0.99906915,0
88389,1,1,1.0,1
88390,0,1,0.9801103,0
88391,0,1,0.9693242,0
88392,1,0,0.13488984,0
88393,1,1,1.0,1
88394,1,1,1.0,1
88395,0,0,0.3198114,1
88396,1,1,0.68156785,1
88397,0,0,0.0836655,1
88398,1,1,0.9830526,1
88399,1,1,0.94971603,1
88400,0,1,0.9797647,0
88401,1,1,0.99998295,1
88402,0,0,0.07971035,1
88403,0,1,0.4678788,0
88404,0,0,0.039453376,1
88405,1,1,0.99998903,1
88406,0,1,0.5835,0
88407,0,1,0.9998267,0
88408,0,0,0.2589814,1
88409,0,0,0.037644,1
88410,1,1,0.99998057,1
88411,1,1,0.99173236,1
88412,0,0,0.33241877,1
88413,0,0,0.29093048,1
88414,1,1,0.94224155,1
88415,0,0,0.29168653,1
88416,1,0,0.24301313,0
88417,0,1,0.5345518,0
88418,1,1,0.9999676,1
88419,0,1,0.9850573,0
88420,1,1,0.9973374,1
88421,0,1,0.99989605,0
88422,0,1,0.77424216,0
88423,0,0,0.099820666,1
88424,0,0,0.122996464,1
88425,1,1,0.91957027,1
88426,1,0,0.030792164,0
88427,0,0,0.18220715,1
88428,1,1,1.0,1
88429,1,1,0.9999869,1
88430,0,1,0.74502754,0
88431,0,1,0.87147486,0
88432,0,0,0.13212214,1
88433,0,0,0.019326586,1
88434,1,1,0.9361684,1
88435,1,0,0.27786472,0
88436,0,1,0.47067577,0
88437,1,1,0.9999101,1
88438,1,1,0.6568234,1
88439,0,0,0.08670936,1
88440,0,1,0.99932945,0
88441,1,1,0.99992394,1
88442,0,1,1.0,0
88443,0,1,0.6935249,0
88444,0,0,0.06447655,1
88445,1,1,0.6092336,1
88446,0,1,0.95154905,0
88447,0,0,0.06693421,1
88448,0,0,0.05350215,1
88449,1,0,0.31153157,0
88450,1,1,0.7871959,1
88451,0,1,0.9913892,0
88452,1,1,0.99966335,1
88453,1,1,0.95190793,1
88454,1,1,0.99999976,1
88455,0,1,0.66099346,0
88456,0,0,0.061932698,1
88457,1,1,0.9997459,1
88458,0,1,0.9999076,0
88459,0,1,0.4689122,0
88460,0,0,0.14139993,1
88461,0,0,0.023554333,1
88462,0,1,0.9989267,0
88463,0,1,0.86759764,0
88464,1,1,0.9320215,1
88465,1,1,0.99637836,1
88466,0,0,0.089216255,1
88467,0,0,0.18832397,1
88468,0,0,0.124159895,1
88469,1,1,0.9982759,1
88470,1,1,0.99999785,1
88471,1,1,0.9000915,1
88472,0,1,0.9907141,0
88473,1,1,0.99993956,1
88474,0,1,0.99898773,0
88475,1,1,0.999015,1
88476,1,0,0.25851312,0
88477,1,0,0.12506539,0
88478,1,1,0.8352149,1
88479,1,1,0.93397486,1
88480,1,0,0.048405956,0
88481,0,0,0.0037000456,1
88482,1,1,1.0,1
88483,1,1,0.990892,1
88484,0,0,0.07490528,1
88485,0,1,0.9984603,0
88486,1,1,1.0,1
88487,1,1,0.9998876,1
88488,1,1,0.7545535,1
88489,1,1,0.9999219,1
88490,1,1,0.8729984,1
88491,1,1,0.9995372,1
88492,0,0,0.3003863,1
88493,1,1,1.0,1
88494,0,0,0.2780607,1
88495,0,1,0.99999523,0
88496,0,0,0.1965176,1
88497,1,1,0.99986184,1
88498,0,1,0.9999083,0
88499,0,1,0.9998198,0
88500,1,1,1.0,1
88501,1,0,0.3443883,0
88502,1,1,1.0,1
88503,1,1,1.0,1
88504,0,0,0.18249834,1
88505,1,1,0.98300374,1
88506,1,1,0.9999871,1
88507,0,0,0.04747001,1
88508,1,1,0.9242787,1
88509,1,0,0.29497597,0
88510,1,1,0.5900117,1
88511,1,1,0.9999473,1
88512,0,0,0.071332,1
88513,0,0,0.022201227,1
88514,1,1,0.9993475,1
88515,1,0,0.078289315,0
88516,0,0,0.03378023,1
88517,1,1,0.99996674,1
88518,1,1,0.9904406,1
88519,1,0,0.31158394,0
88520,1,1,0.8472108,1
88521,1,1,1.0,1
88522,1,1,0.99999785,1
88523,0,0,0.31822026,1
88524,0,1,0.95846003,0
88525,1,1,0.9999988,1
88526,0,1,0.9998776,0
88527,0,1,0.9974039,0
88528,0,1,0.9013143,0
88529,0,1,0.6020031,0
88530,0,0,0.071202725,1
88531,0,0,0.0818861,1
88532,1,0,0.20633379,0
88533,1,1,0.9998822,1
88534,0,0,0.03283696,1
88535,1,1,0.6597889,1
88536,1,1,1.0,1
88537,0,0,0.02761149,1
88538,1,1,0.8454327,1
88539,0,1,0.83828294,0
88540,1,1,0.9898499,1
88541,1,1,0.51677835,1
88542,1,0,0.20601411,0
88543,1,1,0.99999905,1
88544,1,1,0.99789655,1
88545,1,1,0.50445545,1
88546,1,1,0.96360916,1
88547,1,1,0.99991417,1
88548,1,1,0.99720997,1
88549,1,1,0.74298155,1
88550,1,1,1.0,1
88551,0,0,0.008015269,1
88552,1,0,0.14511536,0
88553,1,1,0.9999993,1
88554,0,1,0.5378911,0
88555,1,0,0.002074867,0
88556,0,1,0.36727026,0
88557,1,1,0.99999785,1
88558,1,1,0.999995,1
88559,1,1,0.999824,1
88560,1,0,0.24059613,0
88561,0,0,0.12431929,1
88562,0,1,0.9184071,0
88563,1,1,1.0,1
88564,0,1,0.8954313,0
88565,0,1,0.42907047,0
88566,1,1,1.0,1
88567,1,0,0.2821962,0
88568,1,1,0.99997437,1
88569,0,0,0.11476479,1
88570,1,1,1.0,1
88571,1,1,1.0,1
88572,0,1,0.98166555,0
88573,1,0,0.19042274,0
88574,0,1,0.8916225,0
88575,1,1,1.0,1
88576,1,1,0.99999523,1
88577,1,1,0.7474317,1
88578,0,1,0.96853036,0
88579,1,0,0.087954745,0
88580,1,1,0.7966091,1
88581,1,0,0.028328313,0
88582,1,1,0.9999846,1
88583,0,0,0.3438373,1
88584,1,1,1.0,1
88585,1,1,0.5068355,1
88586,1,1,0.41223434,1
88587,0,0,0.22850062,1
88588,1,1,0.9999707,1
88589,1,1,0.99997425,1
88590,1,1,0.77398604,1
88591,1,1,0.99998176,1
88592,0,1,0.99987173,0
88593,1,1,0.80746067,1
88594,1,0,0.10753115,0
88595,1,1,0.9931096,1
88596,0,0,0.036665846,1
88597,1,1,0.43194357,1
88598,0,0,0.13614833,1
88599,1,1,0.99966264,1
88600,0,1,0.8669231,0
88601,1,1,1.0,1
88602,1,1,1.0,1
88603,1,0,0.2578585,0
88604,1,1,1.0,1
88605,1,0,0.043568812,0
88606,1,1,0.9763331,1
88607,1,0,0.12241826,0
88608,1,1,1.0,1
88609,0,0,0.19102567,1
88610,0,0,0.047958106,1
88611,1,1,0.967225,1
88612,0,1,0.87779135,0
88613,0,0,0.04054074,1
88614,1,1,1.0,1
88615,1,1,0.998884,1
88616,1,0,0.33382893,0
88617,1,1,0.9999993,1
88618,0,1,0.7876863,0
88619,0,0,0.014531521,1
88620,0,0,0.024076486,1
88621,0,1,0.9679902,0
88622,0,1,0.5054319,0
88623,1,1,0.9999949,1
88624,1,0,0.07992553,0
88625,1,1,0.9999999,1
88626,1,0,0.040275678,0
88627,0,0,0.045479592,1
88628,1,1,0.45441163,1
88629,1,1,1.0,1
88630,1,1,0.99984026,1
88631,1,0,0.15190639,0
88632,0,1,0.9228308,0
88633,0,1,0.99995494,0
88634,0,0,0.023131333,1
88635,1,0,0.22996724,0
88636,1,1,0.99999857,1
88637,0,0,0.12033541,1
88638,1,1,0.8338664,1
88639,1,1,0.99999225,1
88640,0,0,0.06791668,1
88641,1,1,0.99997985,1
88642,1,1,0.9999677,1
88643,1,1,1.0,1
88644,1,1,1.0,1
88645,0,0,0.10951515,1
88646,1,1,1.0,1
88647,0,1,0.9999999,0
88648,0,1,0.99999905,0
88649,1,0,0.295789,0
88650,0,0,0.05033063,1
88651,1,1,0.9845458,1
88652,1,1,0.80131465,1
88653,1,1,1.0,1
88654,0,0,0.090253234,1
88655,0,0,0.13968952,1
88656,0,0,0.051319942,1
88657,1,1,0.9990746,1
88658,0,0,0.2878679,1
88659,1,1,0.99999714,1
88660,0,1,0.54607254,0
88661,1,1,0.9097468,1
88662,1,1,0.9998029,1
88663,0,1,0.99999964,0
88664,1,1,0.99999774,1
88665,0,1,0.9174507,0
88666,1,1,0.9999951,1
88667,1,0,0.0035038227,0
88668,1,1,1.0,1
88669,0,0,0.054802597,1
88670,1,0,0.08232769,0
88671,0,1,0.5791624,0
88672,1,1,1.0,1
88673,1,1,0.37765542,1
88674,0,0,0.008847356,1
88675,0,1,0.7301937,0
88676,0,1,0.9610981,0
88677,1,1,0.38606885,1
88678,1,1,0.36727026,1
88679,1,1,0.99999964,1
88680,1,1,0.5876473,1
88681,1,1,0.99882597,1
88682,1,1,0.98574555,1
88683,0,0,0.16613355,1
88684,1,0,0.018404892,0
88685,1,1,0.99805814,1
88686,1,1,1.0,1
88687,1,1,0.9979412,1
88688,1,0,0.030157411,0
88689,0,0,0.037999377,1
88690,0,1,0.9999988,0
88691,1,0,0.012673735,0
88692,0,0,0.09611029,1
88693,0,0,0.20922722,1
88694,0,0,0.059428226,1
88695,1,1,0.9939964,1
88696,1,1,0.9992084,1
88697,1,1,0.98324674,1
88698,1,1,0.9825743,1
88699,0,0,0.28736767,1
88700,0,1,0.8512122,0
88701,0,1,0.45798504,0
88702,1,1,0.9779888,1
88703,1,1,0.9900058,1
88704,0,0,0.13683893,1
88705,0,0,0.17967446,1
88706,1,1,0.85717136,1
88707,1,1,0.9999999,1
88708,1,1,0.99982256,1
88709,1,1,0.66785204,1
88710,0,1,0.9969722,0
88711,1,1,0.47536176,1
88712,1,1,0.66285104,1
88713,0,1,0.74022126,0
88714,0,1,0.9999721,0
88715,1,1,0.99975365,1
88716,1,1,0.9973322,1
88717,1,1,0.7348337,1
88718,1,1,0.9999988,1
88719,0,1,0.7791538,0
88720,1,1,1.0,1
88721,0,1,1.0,0
88722,1,1,0.87125593,1
88723,1,0,0.07751766,0
88724,1,1,0.99719363,1
88725,1,1,0.9990564,1
88726,1,1,0.85403454,1
88727,1,1,1.0,1
88728,1,0,0.10493506,0
88729,0,0,0.14675854,1
88730,1,1,1.0,1
88731,0,1,0.88100195,0
88732,0,1,0.64282495,0
88733,1,0,0.16586316,0
88734,1,1,0.99999964,1
88735,0,1,1.0,0
88736,0,0,0.059101548,1
88737,0,1,0.754282,0
88738,1,1,0.8017807,1
88739,1,1,0.6357314,1
88740,0,0,0.047249712,1
88741,1,0,0.13910376,0
88742,1,1,0.9993575,1
88743,1,1,0.99731135,1
88744,0,1,0.9707155,0
88745,0,1,0.8059378,0
88746,1,1,0.9995566,1
88747,0,1,0.982031,0
88748,1,1,0.3582969,1
88749,0,1,0.9896318,0
88750,0,0,0.12226098,1
88751,0,1,0.9431384,0
88752,0,1,0.7280238,0
88753,0,0,0.028870905,1
88754,0,0,0.16988736,1
88755,0,0,0.08419108,1
88756,1,1,0.74381983,1
88757,0,1,0.8039445,0
88758,1,0,0.19004667,0
88759,0,0,0.12918286,1
88760,0,1,0.9654138,0
88761,1,1,1.0,1
88762,0,0,0.06841291,1
88763,1,1,0.87439936,1
88764,0,0,0.18082884,1
88765,1,1,1.0,1
88766,1,1,0.9999708,1
88767,0,0,0.14984211,1
88768,0,0,0.25376853,1
88769,1,1,0.99952435,1
88770,1,1,0.9999989,1
88771,0,0,0.011642225,1
88772,0,0,0.16783156,1
88773,1,0,0.3263788,0
88774,1,1,0.9899476,1
88775,1,1,1.0,1
88776,1,1,0.99800056,1
88777,0,1,0.69435453,0
88778,1,1,0.9904221,1
88779,1,1,0.99992156,1
88780,1,0,0.11191885,0
88781,0,1,0.99982053,0
88782,0,0,0.0729663,1
88783,0,1,0.75635755,0
88784,0,1,0.96697646,0
88785,1,1,0.66197747,1
88786,1,1,1.0,1
88787,1,1,1.0,1
88788,0,1,0.9900636,0
88789,0,1,0.99999976,0
88790,0,1,0.99999595,0
88791,0,1,0.98403233,0
88792,0,1,0.9773492,0
88793,0,1,0.999995,0
88794,1,1,0.9320833,1
88795,1,0,0.1612542,0
88796,1,1,0.99999917,1
88797,1,1,0.9999995,1
88798,1,1,0.99899167,1
88799,0,1,0.4880394,0
88800,0,1,0.99991846,0
88801,1,1,0.9985335,1
88802,1,1,1.0,1
88803,0,0,0.044722572,1
88804,1,0,0.041930523,0
88805,0,1,0.7031929,0
88806,1,1,0.99999034,1
88807,0,1,0.98685336,0
88808,0,1,0.99945253,0
88809,0,1,0.63017297,0
88810,1,0,0.27542198,0
88811,0,0,0.20729496,1
88812,1,1,0.99994695,1
88813,1,0,0.3330692,0
88814,1,1,0.974893,1
88815,0,0,0.23161423,1
88816,0,1,0.50964236,0
88817,1,1,0.64573455,1
88818,1,1,1.0,1
88819,0,1,0.7340242,0
88820,1,1,0.99999654,1
88821,0,0,0.24689633,1
88822,1,1,0.9999989,1
88823,1,1,0.9992312,1
88824,0,1,0.99589807,0
88825,0,0,0.06998537,1
88826,1,1,0.9958093,1
88827,0,1,0.47049332,0
88828,1,0,0.20228556,0
88829,1,1,0.9896918,1
88830,0,0,0.15980656,1
88831,1,0,0.041930523,0
88832,1,0,0.07751766,0
88833,0,0,0.02580962,1
88834,1,1,0.9999943,1
88835,1,1,0.9972531,1
88836,0,0,0.040351234,1
88837,1,1,0.63945466,1
88838,1,1,1.0,1
88839,0,0,0.058078144,1
88840,1,0,0.11736965,0
88841,1,0,0.26199123,0
88842,1,1,0.9999039,1
88843,0,1,0.51738805,0
88844,0,1,0.9468921,0
88845,1,1,0.99999845,1
88846,1,1,0.9995859,1
88847,0,1,0.7303861,0
88848,1,1,0.99953544,1
88849,0,1,0.8003801,0
88850,1,1,0.9990527,1
88851,1,1,0.9999865,1
88852,1,1,1.0,1
88853,1,0,0.10061321,0
88854,0,0,0.09560247,1
88855,0,0,0.20641372,1
88856,0,1,0.6191835,0
88857,1,1,0.7244806,1
88858,1,1,0.99996054,1
88859,1,1,0.9976311,1
88860,0,1,0.40048558,0
88861,0,1,0.38919824,0
88862,1,1,0.9531443,1
88863,1,1,0.9999578,1
88864,1,1,0.9997868,1
88865,1,1,0.99998045,1
88866,1,0,0.17996249,0
88867,1,1,0.51067954,1
88868,0,0,0.014036571,1
88869,1,0,0.05845324,0
88870,0,1,0.92924803,0
88871,1,1,0.46031922,1
88872,1,1,0.9915052,1
88873,0,0,0.0029406724,1
88874,0,0,0.032100704,1
88875,1,1,0.9222025,1
88876,1,1,0.8969756,1
88877,0,0,0.13980691,1
88878,1,1,0.9885804,1
88879,1,1,0.99999917,1
88880,1,1,0.9999943,1
88881,1,0,0.18550415,0
88882,1,1,1.0,1
88883,0,0,0.033085983,1
88884,0,0,0.05728198,1
88885,0,1,0.8916225,0
88886,1,1,0.9990207,1
88887,0,0,0.020158019,1
88888,1,0,0.039453376,0
88889,1,1,0.94901186,1
88890,0,0,0.019851703,1
88891,1,1,0.9999958,1
88892,0,1,0.9976172,0
88893,1,1,0.7165658,1
88894,1,1,1.0,1
88895,1,1,0.9999999,1
88896,0,1,0.3760501,0
88897,0,1,0.9478657,0
88898,1,1,0.7864589,1
88899,0,1,0.5984882,0
88900,1,1,0.9991441,1
88901,1,1,0.99975556,1
88902,0,0,0.14928317,1
88903,0,0,0.14953136,1
88904,0,1,0.78007674,0
88905,0,0,0.31695038,1
88906,0,1,0.48968652,0
88907,1,1,0.99995255,1
88908,0,1,0.87037706,0
88909,1,1,0.9999995,1
88910,0,0,0.34323165,1
88911,0,1,0.99988365,0
88912,1,1,0.99998844,1
88913,1,1,0.9970765,1
88914,1,1,0.9999999,1
88915,0,1,0.972178,0
88916,0,1,0.9405172,0
88917,1,1,0.99619776,1
88918,1,1,0.99999714,1
88919,0,1,0.99420255,0
88920,1,1,0.9999999,1
88921,0,1,0.95880854,0
88922,1,0,0.05775844,0
88923,0,1,0.51878995,0
88924,0,1,0.4422149,0
88925,0,1,0.61398906,0
88926,0,0,0.05997644,1
88927,0,0,0.24086387,1
88928,0,0,0.21833587,1
88929,1,0,0.008494837,0
88930,1,1,0.9984053,1
88931,0,0,0.07544843,1
88932,0,1,0.42268333,0
88933,1,1,0.99248135,1
88934,0,1,0.6042238,0
88935,1,1,0.87256473,1
88936,1,1,0.94287604,1
88937,0,1,0.94468933,0
88938,1,0,0.17738298,0
88939,0,0,0.11230769,1
88940,1,1,0.98475236,1
88941,1,1,1.0,1
88942,1,1,1.0,1
88943,0,0,0.0882686,1
88944,0,1,0.45868206,0
88945,1,1,0.87191176,1
88946,1,0,0.068599865,0
88947,0,1,0.9820655,0
88948,1,1,0.9995566,1
88949,0,1,0.6025879,0
88950,1,0,0.3347525,0
88951,0,1,0.97527254,0
88952,1,0,0.1474324,0
88953,1,0,0.05597775,0
88954,1,1,0.52409023,1
88955,0,0,0.08819005,1
88956,0,1,0.99897385,0
88957,0,1,0.9163345,0
88958,0,1,0.9114165,0
88959,1,1,1.0,1
88960,1,0,0.27855107,0
88961,0,0,0.16317856,1
88962,0,1,0.4666633,0
88963,0,1,0.9673178,0
88964,0,0,0.10221505,1
88965,1,1,0.77330196,1
88966,0,1,0.9556928,0
88967,0,0,0.124213,1
88968,0,1,0.9914887,0
88969,1,0,0.027454607,0
88970,1,1,0.5832034,1
88971,1,0,0.10438599,0
88972,1,1,0.9865976,1
88973,1,1,0.9016612,1
88974,0,0,0.03879259,1
88975,1,1,0.9999995,1
88976,1,1,1.0,1
88977,1,1,0.9999999,1
88978,0,0,0.31452408,1
88979,1,1,0.9999999,1
88980,1,1,0.99999225,1
88981,1,0,0.29401222,0
88982,0,1,0.3657681,0
88983,1,1,0.9991066,1
88984,1,0,0.282691,0
88985,1,0,0.33160657,0
88986,1,0,0.16586316,0
88987,1,1,0.9999976,1
88988,1,1,0.99999666,1
88989,1,1,0.708868,1
88990,1,1,0.99999964,1
88991,0,1,0.35930791,0
88992,1,1,0.9999982,1
88993,1,1,1.0,1
88994,0,1,0.7367322,0
88995,0,0,0.0343263,1
88996,1,1,0.9999821,1
88997,1,1,0.99997795,1
88998,1,1,0.81449586,1
88999,0,0,0.11446747,1
89000,1,1,0.9999784,1
89001,0,1,0.4449868,0
89002,1,0,0.020645931,0
89003,1,1,1.0,1
89004,1,1,0.99999976,1
89005,1,1,0.7921428,1
89006,0,1,0.9376119,0
89007,0,0,0.020061804,1
89008,1,1,0.99998796,1
89009,1,0,0.06847518,0
89010,1,1,0.99987173,1
89011,1,1,0.8680457,1
89012,1,1,0.9999471,1
89013,0,0,0.03746751,1
89014,1,1,0.8656789,1
89015,1,1,1.0,1
89016,0,0,0.04276215,1
89017,0,1,0.98549646,0
89018,0,0,0.06530615,1
89019,1,1,0.9899476,1
89020,1,1,0.9931629,1
89021,1,1,0.99216896,1
89022,1,1,0.99988365,1
89023,0,1,0.9976814,0
89024,1,1,0.8659059,1
89025,1,1,0.999866,1
89026,0,1,1.0,0
89027,0,1,0.9999734,0
89028,0,0,0.11095189,1
89029,0,1,0.9094255,0
89030,0,1,0.52822924,0
89031,0,0,0.08137364,1
89032,1,1,1.0,1
89033,0,1,0.99855345,0
89034,1,1,1.0,1
89035,1,1,0.99999607,1
89036,0,0,0.20212801,1
89037,0,1,0.99701905,0
89038,1,0,0.019456577,0
89039,1,1,1.0,1
89040,0,0,0.0019117694,1
89041,0,1,0.9797259,0
89042,0,1,0.6579231,0
89043,0,0,0.23048648,1
89044,1,1,1.0,1
89045,1,1,0.9999962,1
89046,0,0,0.047249712,1
89047,1,0,0.092196204,0
89048,0,0,0.08858347,1
89049,0,1,0.63062805,0
89050,0,1,0.99971646,0
89051,0,1,0.47767597,0
89052,1,1,0.9999999,1
89053,0,0,0.29067877,1
89054,1,1,0.882022,1
89055,1,1,0.8827315,1
89056,0,1,0.35253608,0
89057,0,0,0.23784137,1
89058,0,1,0.9997713,0
89059,0,0,0.18017878,1
89060,0,0,0.3438924,1
89061,1,1,1.0,1
89062,0,1,0.977132,0
89063,1,1,1.0,1
89064,0,1,0.81530607,0
89065,1,0,0.010150015,0
89066,1,1,0.9960238,1
89067,1,1,1.0,1
89068,0,0,0.24676017,1
89069,1,1,0.9955403,1
89070,1,1,0.4990845,1
89071,0,1,0.6021201,0
89072,0,1,0.44733956,0
89073,1,0,0.22781274,0
89074,1,1,0.9994715,1
89075,0,0,0.24113183,1
89076,0,0,0.33111975,1
89077,1,1,0.97057647,1
89078,1,1,1.0,1
89079,1,1,1.0,1
89080,0,1,0.4629586,0
89081,1,0,0.12863456,0
89082,1,1,1.0,1
89083,0,0,0.29138398,1
89084,0,0,0.02763772,1
89085,0,0,0.062273983,1
89086,1,1,0.9999989,1
89087,1,1,0.9999999,1
89088,1,1,0.99986124,1
89089,1,1,0.99998224,1
89090,1,1,0.9999938,1
89091,1,1,0.99949074,1
89092,1,1,1.0,1
89093,0,1,0.48684996,0
89094,0,1,0.9999305,0
89095,1,1,0.9998697,1
89096,1,1,0.99666256,1
89097,0,0,0.086400524,1
89098,1,1,1.0,1
89099,1,1,0.9999999,1
89100,1,1,0.9999976,1
89101,1,1,0.9999789,1
89102,1,1,0.99999964,1
89103,1,1,1.0,1
89104,0,0,0.17996249,1
89105,1,0,0.15046519,0
89106,1,1,1.0,1
89107,0,0,0.03775027,1
89108,0,1,0.9706043,0
89109,0,1,0.5927255,0
89110,1,1,1.0,1
89111,1,0,0.1979091,0
89112,0,0,0.2852226,1
89113,0,1,0.98327893,0
89114,1,1,0.87245613,1
89115,0,0,0.15987214,1
89116,1,0,0.28962278,0
89117,1,0,0.2216875,0
89118,1,1,0.99999964,1
89119,0,0,0.276007,1
89120,0,1,0.5125096,0
89121,1,1,0.985129,1
89122,0,0,0.3409239,1
89123,0,1,0.9909622,0
89124,1,1,0.840521,1
89125,0,1,0.57224476,0
89126,1,1,0.59519845,1
89127,0,0,0.1737083,1
89128,1,0,0.14792407,0
89129,1,1,0.8983214,1
89130,0,0,0.058722552,1
89131,1,1,0.96138906,1
89132,0,1,0.9994081,0
89133,0,1,0.9678993,0
89134,1,1,0.9999982,1
89135,1,1,0.99998796,1
89136,1,1,1.0,1
89137,1,1,0.9999995,1
89138,0,0,0.18032306,1
89139,1,1,0.8735388,1
89140,1,1,0.99719363,1
89141,1,1,1.0,1
89142,1,1,0.99995685,1
89143,1,1,0.4998169,1
89144,0,0,0.20785718,1
89145,1,0,0.19337577,0
89146,1,0,0.3453812,0
89147,0,1,0.9603612,0
89148,0,1,0.76374817,0
89149,0,0,0.33791324,1
89150,1,1,0.70715195,1
89151,1,1,0.9997203,1
89152,0,0,0.022032263,1
89153,1,1,1.0,1
89154,0,0,0.16687897,1
89155,1,0,0.13511792,0
89156,1,1,0.64985645,1
89157,1,1,0.9996252,1
89158,1,0,0.1260303,0
89159,0,1,0.9877351,0
89160,0,0,0.2032327,1
89161,1,1,1.0,1
89162,1,1,0.96448904,1
89163,0,0,0.011222865,1
89164,1,1,0.9999888,1
89165,0,1,0.858837,0
89166,1,0,0.029675618,0
89167,0,0,0.009596454,1
89168,1,1,1.0,1
89169,1,1,0.9999988,1
89170,0,0,0.028953163,1
89171,0,1,0.98549646,0
89172,0,1,0.8472108,0
89173,0,0,0.21825255,1
89174,0,0,0.029675618,1
89175,1,1,1.0,1
89176,0,1,0.999997,0
89177,1,0,0.30933657,0
89178,0,0,0.03336831,1
89179,1,1,0.92905515,1
89180,0,1,0.8558512,0
89181,1,0,0.23678085,0
89182,1,1,0.9928509,1
89183,1,1,0.99990463,1
89184,1,1,0.99997795,1
89185,0,0,0.14010078,1
89186,1,1,0.99190676,1
89187,1,1,0.99682117,1
89188,0,1,0.5075068,0
89189,0,0,0.02017732,1
89190,0,0,0.23074637,1
89191,1,1,0.6042238,1
89192,0,1,0.99613816,0
89193,0,0,0.0048674173,1
89194,1,1,1.0,1
89195,0,1,0.99997735,0
89196,1,0,0.28572062,0
89197,1,1,0.99939525,1
89198,0,1,0.9857729,0
89199,1,1,0.99999964,1
89200,0,0,0.16311188,1
89201,1,0,0.016183903,0
89202,1,1,1.0,1
89203,0,0,0.08050193,1
89204,1,1,1.0,1
89205,0,1,0.9999999,0
89206,1,1,0.99999905,1
89207,0,0,0.10613344,1
89208,1,0,0.024680348,0
89209,1,1,0.9627783,1
89210,1,1,0.99999976,1
89211,1,1,0.9999993,1
89212,1,1,0.9989434,1
89213,0,1,0.9923193,0
89214,0,1,0.844409,0
89215,1,1,0.9999914,1
89216,0,1,0.54237854,0
89217,1,1,0.99999857,1
89218,1,1,0.9996692,1
89219,1,1,1.0,1
89220,0,1,0.7353091,0
89221,0,0,0.019738017,1
89222,1,1,0.37668043,1
89223,0,0,0.21543325,1
89224,0,0,0.11516222,1
89225,1,1,1.0,1
89226,1,1,0.47749326,1
89227,0,0,0.06910072,1
89228,1,1,1.0,1
89229,0,0,0.032283258,1
89230,1,1,1.0,1
89231,1,1,0.68188566,1
89232,1,1,0.99999607,1
89233,1,1,1.0,1
89234,1,1,0.4181028,1
89235,1,0,0.086554825,0
89236,0,0,0.0076362165,1
89237,1,1,0.9998036,1
89238,0,1,0.9999424,0
89239,1,1,0.9994241,1
89240,0,0,0.13945496,1
89241,0,1,0.96969944,0
89242,1,1,0.941493,1
89243,1,1,0.7285069,1
89244,0,0,0.022715757,1
89245,0,0,0.20165595,1
89246,0,1,0.39256966,0
89247,1,1,0.985663,1
89248,1,1,0.99165195,1
89249,1,1,0.99997795,1
89250,0,0,0.1404541,1
89251,0,0,0.13111758,1
89252,0,0,0.068599865,1
89253,1,1,0.99356186,1
89254,1,1,0.37653714,1
89255,1,0,0.059101548,0
89256,1,1,0.9999473,1
89257,1,1,0.9999999,1
89258,0,1,0.8697146,0
89259,1,0,0.3136825,0
89260,1,1,0.81077874,1
89261,0,0,0.00058726146,1
89262,0,1,0.9997594,0
89263,1,1,0.5254906,1
89264,1,1,0.99724776,1
89265,1,1,0.42530686,1
89266,1,0,0.11807967,0
89267,0,1,0.99308276,0
89268,1,1,0.9999999,1
89269,1,0,0.076683804,0
89270,1,1,0.9425068,1
89271,0,1,0.99974686,0
89272,1,1,0.99999726,1
89273,0,0,0.07675298,1
89274,0,1,0.9719126,0
89275,0,1,0.76383626,0
89276,1,0,0.066629894,0
89277,1,1,0.9981104,1
89278,1,0,0.06325052,0
89279,1,1,0.999936,1
89280,0,1,0.3566147,0
89281,1,1,0.999608,1
89282,1,1,0.81077874,1
89283,1,1,0.5826098,1
89284,1,1,0.999129,1
89285,1,1,1.0,1
89286,1,1,0.9996666,1
89287,1,0,0.04344689,0
89288,1,0,0.062388144,0
89289,1,0,0.054651033,0
89290,0,0,0.18907149,1
89291,0,0,0.124159895,1
89292,0,0,0.17412922,1
89293,1,1,0.9810037,1
89294,1,1,0.99984765,1
89295,1,1,1.0,1
89296,0,1,0.93171144,0
89297,1,1,0.66904247,1
89298,1,1,0.9999763,1
89299,0,0,0.073430054,1
89300,0,1,0.9966036,0
89301,0,1,0.8241791,0
89302,1,1,1.0,1
89303,0,0,0.019179069,1
89304,1,1,1.0,1
89305,1,0,0.07765744,0
89306,1,1,0.9969897,1
89307,1,1,0.99765414,1
89308,0,0,0.094426885,1
89309,1,1,0.99999976,1
89310,0,0,0.008577485,1
89311,1,1,0.9916196,1
89312,0,1,0.98486924,0
89313,1,1,0.9989141,1
89314,0,1,0.97223073,0
89315,1,0,0.10999224,0
89316,0,0,0.07369626,1
89317,0,0,0.11240509,1
89318,0,1,0.41344756,0
89319,1,0,0.13134027,0
89320,0,0,0.051893488,1
89321,0,0,0.30404168,1
89322,1,1,0.9999925,1
89323,0,0,0.069921836,1
89324,1,1,0.82768893,1
89325,0,0,0.09268777,1
89326,0,0,0.05775844,1
89327,1,1,0.9999851,1
89328,1,1,0.99975175,1
89329,0,0,0.05051767,1
89330,1,1,0.9999949,1
89331,1,1,0.9999993,1
89332,0,0,0.17816807,1
89333,1,1,0.82018155,1
89334,1,1,1.0,1
89335,0,1,0.41442478,0
89336,1,1,0.99846625,1
89337,1,0,0.03825006,0
89338,1,1,1.0,1
89339,1,0,0.19125213,0
89340,0,0,0.1676952,1
89341,1,1,1.0,1
89342,1,1,0.99999785,1
89343,1,1,0.4690034,1
89344,0,0,0.009055264,1
89345,1,1,0.9997011,1
89346,1,1,1.0,1
89347,1,1,0.6754971,1
89348,0,0,0.042802144,1
89349,1,1,0.94910634,1
89350,0,1,1.0,0
89351,0,0,0.13933781,1
89352,1,1,0.9996049,1
89353,1,1,0.9999893,1
89354,0,0,0.07068779,1
89355,1,0,0.0212467,0
89356,1,1,0.98018634,1
89357,1,1,1.0,1
89358,0,1,0.9984207,0
89359,0,1,0.98646784,0
89360,0,1,0.7554566,0
89361,0,0,0.09653531,1
89362,0,0,0.014728614,1
89363,1,1,0.9969187,1
89364,0,0,0.22354652,1
89365,0,0,0.12901814,1
89366,0,0,0.16059487,1
89367,0,1,0.9939143,0
89368,0,1,0.97786224,0
89369,0,0,0.24626137,1
89370,0,1,0.99970406,0
89371,0,1,0.35577488,0
89372,0,1,0.9603984,0
89373,0,1,0.38121954,0
89374,1,1,1.0,1
89375,0,0,0.09739039,1
89376,1,1,0.964822,1
89377,1,0,0.16913125,0
89378,1,1,0.49768066,1
89379,1,0,0.1164622,0
89380,1,1,1.0,1
89381,0,1,0.98860246,0
89382,1,1,0.9998141,1
89383,1,0,0.33584076,0
89384,0,1,0.76242405,0
89385,0,0,0.15616924,1
89386,1,1,0.99999857,1
89387,0,0,0.12179017,1
89388,1,1,1.0,1
89389,1,1,0.9509604,1
89390,1,1,0.6210239,1
89391,1,1,1.0,1
89392,1,1,0.97212505,1
89393,1,1,0.8080672,1
89394,0,1,0.999995,0
89395,1,1,0.99999404,1
89396,0,1,0.9269014,0
89397,0,0,0.073963374,1
89398,0,1,0.9421883,0
89399,0,1,0.99729556,0
89400,1,1,0.9998184,1
89401,0,0,0.12463858,1
89402,1,1,0.9947595,1
89403,1,0,0.33334044,0
89404,0,0,0.1377643,1
89405,1,0,0.16742277,0
89406,1,1,1.0,1
89407,0,0,0.0532062,1
89408,1,1,0.99090964,1
89409,0,0,0.2906284,1
89410,0,1,0.9818056,0
89411,1,1,0.9991491,1
89412,0,0,0.20850107,1
89413,1,0,0.23475733,0
89414,1,0,0.23423143,0
89415,0,0,0.29113197,1
89416,1,1,0.43431133,1
89417,0,0,0.13597612,1
89418,0,1,0.4896255,0
89419,1,0,0.34477428,0
89420,1,1,1.0,1
89421,1,1,0.9300782,1
89422,1,1,0.99988496,1
89423,1,1,1.0,1
89424,1,1,1.0,1
89425,0,0,0.19467384,1
89426,0,0,0.06711741,1
89427,1,1,0.8321002,1
89428,1,1,0.40600798,1
89429,1,1,0.99996936,1
89430,1,0,0.25293726,0
89431,1,0,0.057599206,0
89432,1,1,0.9996493,1
89433,1,1,0.56079394,1
89434,0,1,0.97852874,0
89435,1,1,1.0,1
89436,1,1,0.9384633,1
89437,0,1,0.9137535,0
89438,0,0,0.015232934,1
89439,1,1,1.0,1
89440,0,1,0.49047965,0
89441,1,1,0.9999989,1
89442,0,1,0.99894947,0
89443,0,1,0.99980897,0
89444,1,1,0.99998057,1
89445,0,1,0.67528296,0
89446,0,1,0.9996686,0
89447,1,0,0.0726367,0
89448,1,1,0.89552265,1
89449,1,1,0.853669,1
89450,0,1,0.95679593,0
89451,1,0,0.048181534,0
89452,0,0,0.07758752,1
89453,0,1,0.9964204,0
89454,1,0,0.21469142,0
89455,1,1,0.99980444,1
89456,1,1,0.99648935,1
89457,0,1,0.9213576,0
89458,1,1,0.999723,1
89459,1,0,0.21370518,0
89460,0,0,0.02199022,1
89461,1,0,0.0038096302,0
89462,1,1,1.0,1
89463,1,1,0.9999931,1
89464,1,1,0.67986983,1
89465,0,1,0.9999901,0
89466,0,0,0.04073109,1
89467,1,0,0.08977329,0
89468,0,1,0.92756045,0
89469,1,1,0.99649614,1
89470,0,1,0.8221891,0
89471,0,0,0.074635044,1
89472,1,1,0.98571813,1
89473,0,0,0.2866183,1
89474,1,1,0.99982125,1
89475,1,1,0.75815266,1
89476,1,1,0.99999976,1
89477,1,0,0.29335386,0
89478,1,1,0.9999908,1
89479,1,0,0.1682411,0
89480,1,1,1.0,1
89481,0,1,0.7163675,0
89482,0,0,0.10079008,1
89483,1,0,0.031768616,0
89484,1,0,0.07497297,0
89485,0,0,0.08100938,1
89486,1,1,0.9999982,1
89487,1,0,0.21659093,0
89488,0,0,0.19185705,1
89489,1,0,0.13302054,0
89490,1,1,0.99999976,1
89491,1,0,0.12918286,0
89492,1,0,0.19027226,0
89493,0,0,0.08232769,1
89494,0,1,0.7902877,0
89495,1,1,0.9997918,1
89496,0,1,0.45332235,0
89497,0,0,0.10539455,1
89498,1,1,0.9999331,1
89499,0,1,0.9355235,0
89500,0,1,0.8198933,0
89501,1,1,0.9985952,1
89502,1,1,0.9999776,1
89503,0,1,0.5700322,0
89504,1,1,0.9999782,1
89505,0,0,0.2146091,1
89506,1,1,0.9975514,1
89507,0,1,0.934813,0
89508,0,1,0.99926347,0
89509,1,1,0.9996941,1
89510,1,1,0.59337366,1
89511,1,0,0.17795369,0
89512,0,0,0.024191484,1
89513,0,0,0.20963144,1
89514,1,1,0.99678373,1
89515,0,1,0.88582915,0
89516,1,1,0.9994715,1
89517,0,0,0.04057874,1
89518,0,1,0.8003801,0
89519,1,0,0.13637818,0
89520,1,0,0.26412103,0
89521,0,0,0.06632688,1
89522,1,1,1.0,1
89523,0,0,0.16085833,1
89524,1,1,1.0,1
89525,0,0,0.019400762,1
89526,1,0,0.055668924,0
89527,1,1,0.99999833,1
89528,1,1,0.98279023,1
89529,0,1,0.5304798,0
89530,1,1,1.0,1
89531,0,0,0.11124121,1
89532,0,1,0.9999944,0
89533,0,1,0.88393915,0
89534,1,1,0.99968493,1
89535,0,1,0.83413684,0
89536,1,1,1.0,1
89537,0,0,0.26740813,1
89538,1,1,0.99960726,1
89539,1,1,0.4874294,1
89540,1,1,0.99994564,1
89541,1,0,0.015754245,0
89542,0,1,0.906156,0
89543,1,1,0.48535576,1
89544,1,0,0.3413629,0
89545,1,0,0.018671406,0
89546,1,1,0.96538115,1
89547,0,1,0.44459492,0
89548,0,0,0.02258604,1
89549,1,1,1.0,1
89550,0,0,0.05103542,1
89551,1,1,0.90473473,1
89552,0,1,1.0,0
89553,1,1,0.9999243,1
89554,1,1,0.94971603,1
89555,0,1,0.388531,0
89556,1,0,0.1791712,0
89557,0,1,0.68967146,0
89558,1,0,0.015043661,0
89559,1,1,0.99851626,1
89560,1,1,0.9999999,1
89561,0,1,0.9914887,0
89562,0,0,0.011201213,1
89563,1,1,0.99557483,1
89564,1,1,0.9726495,1
89565,1,1,0.9999875,1
89566,0,1,0.70987463,0
89567,1,1,0.99999976,1
89568,1,0,0.122996464,0
89569,0,1,0.980034,0
89570,1,0,0.19072402,0
89571,0,0,0.048676565,1
89572,1,1,1.0,1
89573,0,0,0.0349467,1
89574,0,0,0.11586064,1
89575,1,1,0.99984217,1
89576,0,1,0.91573364,0
89577,0,1,0.9999994,0
89578,1,1,0.9956346,1
89579,1,1,0.97628796,1
89580,0,1,0.7960547,0
89581,0,1,0.97573924,0
89582,1,1,0.9999907,1
89583,1,1,0.9999999,1
89584,0,0,0.1424107,1
89585,1,1,1.0,1
89586,1,0,0.06644793,0
89587,0,1,0.9789353,0
89588,1,1,1.0,1
89589,1,1,0.9622497,1
89590,0,0,0.1647851,1
89591,1,0,0.009878943,0
89592,0,0,0.0147996405,1
89593,0,0,0.31938666,1
89594,0,0,0.096620515,1
89595,0,1,0.9513234,0
89596,1,1,1.0,1
89597,0,1,0.99701905,0
89598,0,0,0.13782232,1
89599,1,1,1.0,1
89600,0,1,0.6693667,0
89601,1,1,0.82104415,1
89602,1,1,0.98722816,1
89603,0,1,0.9985758,0
89604,0,1,0.9927672,0
89605,1,0,0.11211313,0
89606,1,1,0.998662,1
89607,1,1,0.99997556,1
89608,0,0,0.18594721,1
89609,0,1,0.9293122,0
89610,0,0,0.07606381,1
89611,0,0,0.14669742,1
89612,1,1,0.99977213,1
89613,1,0,0.107437484,0
89614,1,0,0.10343124,0
89615,1,1,0.9999759,1
89616,0,1,0.57642275,0
89617,0,0,0.08748585,1
89618,1,0,0.22346178,0
89619,1,1,0.99979013,1
89620,0,0,0.32087448,1
89621,0,1,0.6653562,0
89622,1,1,0.9952077,1
89623,1,1,0.9999939,1
89624,1,1,0.9992706,1
89625,0,1,0.7914989,0
89626,1,1,1.0,1
89627,0,0,0.074500255,1
89628,1,1,0.9901211,1
89629,1,1,0.99998975,1
89630,1,1,1.0,1
89631,1,1,0.99723166,1
89632,1,0,0.1588256,0
89633,1,1,0.99779165,1
89634,0,1,0.9250947,0
89635,0,0,0.0058426056,1
89636,1,0,0.07477004,0
89637,1,1,0.99988043,1
89638,0,1,0.5991334,0
89639,0,1,0.59490436,0
89640,1,1,0.99999523,1
89641,1,1,1.0,1
89642,1,1,0.9330048,1
89643,1,1,0.9995035,1
89644,1,0,0.07850098,0
89645,1,1,0.43638182,1
89646,1,1,0.46247306,1
89647,1,1,0.99999416,1
89648,1,1,1.0,1
89649,1,1,0.99997914,1
89650,1,1,0.9990656,1
89651,0,1,0.7511465,0
89652,1,1,0.81640637,1
89653,1,1,1.0,1
89654,1,1,0.9999567,1
89655,1,1,0.9461506,1
89656,1,1,1.0,1
89657,1,1,0.93318766,1
89658,0,0,0.09001297,1
89659,1,0,0.021084841,0
89660,0,0,0.27835485,1
89661,0,1,0.99986553,0
89662,0,1,0.5112896,0
89663,1,1,1.0,1
89664,1,1,0.9408984,1
89665,1,1,0.99890983,1
89666,0,1,0.9999784,0
89667,1,0,0.15928277,0
89668,1,1,0.9995635,1
89669,0,0,0.017061688,1
89670,0,0,0.33829567,1
89671,1,1,0.9981578,1
89672,1,1,1.0,1
89673,0,0,0.08262328,1
89674,0,1,0.69206995,0
89675,1,0,0.023397617,0
89676,1,1,0.96381396,1
89677,0,1,0.6963198,0
89678,0,1,0.40077868,0
89679,0,0,0.03704717,1
89680,0,1,0.99813604,0
89681,1,1,0.5032959,1
89682,0,0,0.10894504,1
89683,1,1,0.9999962,1
89684,0,0,0.04501553,1
89685,0,0,0.31774372,1
89686,0,0,0.041539967,1
89687,1,0,0.10302444,0
89688,1,1,0.9999949,1
89689,0,1,0.99999607,0
89690,0,0,0.034979645,1
89691,1,0,0.23528405,0
89692,0,0,0.31668618,1
89693,0,1,0.9999403,0
89694,1,1,0.9105454,1
89695,0,1,0.72889304,0
89696,1,1,1.0,1
89697,1,1,0.99973875,1
89698,0,1,0.99989104,0
89699,0,0,0.20673384,1
89700,1,1,0.52299404,1
89701,1,0,0.04977345,0
89702,1,1,0.497406,1
89703,1,1,0.6674187,1
89704,0,1,0.604574,0
89705,1,0,0.10275402,0
89706,0,1,0.4294892,0
89707,0,1,0.992725,0
89708,0,0,0.25982565,1
89709,0,1,0.98646784,0
89710,1,1,0.9999542,1
89711,1,0,0.07376295,0
89712,1,0,0.0006758738,0
89713,0,1,0.44113123,0
89714,0,1,0.9907499,0
89715,1,1,0.964355,1
89716,1,1,0.99999976,1
89717,1,1,1.0,1
89718,1,1,1.0,1
89719,0,0,0.12940273,1
89720,1,0,0.13957219,0
89721,1,1,0.96777767,1
89722,0,0,0.08173938,1
89723,0,0,0.27357438,1
89724,1,1,0.9985104,1
89725,1,0,0.05781161,0
89726,1,1,0.9999758,1
89727,0,0,0.08694165,1
89728,0,1,0.99036634,0
89729,1,1,0.9994777,1
89730,1,1,0.8255897,1
89731,0,0,0.18653922,1
89732,1,0,0.20402455,0
89733,0,0,0.0030813636,1
89734,1,1,0.6252665,1
89735,1,0,0.1705771,0
89736,0,0,0.32659352,1
89737,1,1,0.9825575,1
89738,1,0,0.18765315,0
89739,1,1,0.96612394,1
89740,1,0,0.17974643,0
89741,1,0,0.12651514,0
89742,1,1,0.36438167,1
89743,0,1,0.69868934,0
89744,1,0,0.09203286,0
89745,1,1,0.9885583,1
89746,1,1,0.9999521,1
89747,1,1,1.0,1
89748,1,1,0.6357314,1
89749,1,1,0.9991474,1
89750,0,0,0.03760863,1
89751,1,0,0.0019043302,0
89752,0,0,0.24963012,1
89753,0,0,0.03044435,1
89754,0,1,0.5050047,0
89755,0,1,0.42113516,0
89756,1,1,0.90690076,1
89757,1,0,0.34152758,0
89758,0,0,0.12236581,1
89759,0,0,0.046205748,1
89760,1,1,0.4661165,1
89761,1,0,0.1289633,0
89762,1,0,0.16000333,0
89763,0,1,0.70069003,0
89764,0,1,0.9999691,0
89765,1,1,0.9999894,1
89766,0,1,0.9818056,0
89767,1,1,0.9912717,1
89768,1,1,1.0,1
89769,0,1,0.48999158,0
89770,1,1,0.9999969,1
89771,0,0,0.048047364,1
89772,0,1,0.6390043,0
89773,0,1,0.60474914,0
89774,1,1,0.79438496,1
89775,1,0,0.0658447,0
89776,1,1,0.99999845,1
89777,1,1,0.96835136,1
89778,1,1,0.9999299,1
89779,0,1,0.9328214,0
89780,1,1,0.982971,1
89781,1,1,0.9999877,1
89782,1,1,0.99999964,1
89783,0,1,0.844409,0
89784,0,0,0.2659758,1
89785,0,0,0.069604956,1
89786,0,0,0.1579794,1
89787,0,1,0.88171685,0
89788,1,1,0.9996911,1
89789,0,0,0.04577727,1
89790,0,1,0.9998267,0
89791,1,1,1.0,1
89792,1,0,0.10017222,0
89793,0,0,0.13251457,1
89794,1,1,1.0,1
89795,1,1,0.99987614,1
89796,0,0,0.21060391,1
89797,1,1,0.999997,1
89798,0,0,0.025492331,1
89799,0,1,0.99998796,0
89800,0,0,0.10790661,1
89801,0,0,0.28927132,1
89802,0,0,0.03390796,1
89803,0,0,0.2399722,1
89804,0,1,0.41347715,0
89805,1,1,0.9968087,1
89806,1,1,0.9999999,1
89807,0,0,0.28288907,1
89808,1,1,0.9964342,1
89809,1,0,0.28746766,0
89810,1,1,0.992349,1
89811,0,0,0.030879721,1
89812,0,1,0.86373675,0
89813,1,0,0.33982763,0
89814,0,1,0.9997749,0
89815,1,1,0.8746137,1
89816,1,1,1.0,1
89817,0,1,0.99894124,0
89818,1,0,0.08050193,0
89819,0,0,0.1138749,1
89820,1,1,0.91978675,1
89821,1,1,0.9999931,1
89822,1,1,0.9999846,1
89823,1,0,0.10141131,0
89824,1,1,0.9999969,1
89825,0,1,0.9999975,0
89826,1,1,0.92590266,1
89827,0,0,0.0768222,1
89828,1,1,1.0,1
89829,1,1,0.9766024,1
89830,0,0,0.1187934,1
89831,1,1,1.0,1
89832,0,0,0.20024472,1
89833,1,1,1.0,1
89834,1,1,0.99956006,1
89835,1,1,0.9999695,1
89836,0,1,0.53837657,0
89837,0,1,0.9999963,0
89838,1,1,0.9902727,1
89839,1,1,0.95594025,1
89840,0,1,0.99999523,0
89841,1,1,0.99931085,1
89842,0,0,0.124851815,1
89843,0,0,0.07376295,1
89844,1,1,1.0,1
89845,0,0,0.036838707,1
89846,1,0,0.13992442,0
89847,1,1,0.999879,1
89848,0,1,0.5527208,0
89849,1,1,0.99952066,1
89850,1,1,0.99991417,1
89851,0,0,0.16085833,1
89852,0,1,0.99605453,0
89853,1,1,0.5434691,1
89854,0,1,0.45177996,0
89855,0,0,0.11904921,1
89856,0,0,0.02136889,1
89857,0,1,0.9747491,0
89858,1,1,0.9999443,1
89859,1,1,0.9999943,1
89860,1,1,1.0,1
89861,0,0,0.10447732,1
89862,0,1,0.5512718,0
89863,0,1,0.9896318,0
89864,0,0,0.32815254,1
89865,0,0,0.23678085,1
89866,0,0,0.06816438,1
89867,1,1,0.99999833,1
89868,1,1,1.0,1
89869,1,1,0.99976856,1
89870,1,1,0.9972584,1
89871,1,1,0.9994307,1
89872,0,1,0.99997747,0
89873,0,0,0.03073393,1
89874,1,0,0.26850963,0
89875,1,0,0.13799648,0
89876,1,1,0.8398654,1
89877,1,1,0.9999995,1
89878,0,1,0.36426857,0
89879,1,1,0.9999962,1
89880,0,1,0.99401975,0
89881,1,1,0.9999999,1
89882,0,0,0.09326426,1
89883,1,1,0.9999999,1
89884,0,0,0.18520921,1
89885,0,0,0.27028757,1
89886,0,1,0.9933201,0
89887,0,0,0.22051026,1
89888,0,0,0.018869255,1
89889,1,0,0.0586686,0
89890,1,0,0.033085983,0
89891,0,0,0.0034766507,1
89892,1,1,0.99732697,1
89893,1,1,1.0,1
89894,1,1,0.38528788,1
89895,0,0,0.035544395,1
89896,0,0,0.08586245,1
89897,0,0,0.051319942,1
89898,0,0,0.061819322,1
89899,0,0,0.01461567,1
89900,1,1,0.9999684,1
89901,1,0,0.05515777,0
89902,0,0,0.04689926,1
89903,1,1,0.73478615,1
89904,0,0,0.09057448,1
89905,1,1,0.9958093,1
89906,1,1,0.7308665,1
89907,0,1,0.44025865,0
89908,1,1,0.99927634,1
89909,1,1,0.45477483,1
89910,1,1,0.9784877,1
89911,1,1,0.9999956,1
89912,0,1,0.92296976,0
89913,1,1,0.6039902,1
89914,0,0,0.17996249,1
89915,1,0,0.034880888,0
89916,1,1,0.9837225,1
89917,1,1,1.0,1
89918,0,1,0.62457985,0
89919,1,1,0.7722732,1
89920,0,1,0.996682,0
89921,0,0,0.038647197,1
89922,0,1,0.99999213,0
89923,1,1,0.828523,1
89924,0,0,0.025932675,1
89925,1,1,0.999966,1
89926,0,0,0.039601684,1
89927,0,1,0.99979335,0
89928,0,1,0.9999814,0
89929,1,1,1.0,1
89930,0,1,0.5981362,0
89931,1,1,0.36692995,1
89932,0,1,0.6766733,0
89933,1,1,0.99991775,1
89934,0,1,0.9983354,0
89935,0,1,0.95755655,0
89936,0,0,0.024563085,1
89937,1,1,0.9995819,1
89938,1,1,1.0,1
89939,1,1,0.99945897,1
89940,0,1,0.9972154,0
89941,0,1,0.379091,0
89942,1,1,0.99992716,1
89943,1,1,1.0,1
89944,0,0,0.20817894,1
89945,0,1,0.7446563,0
89946,1,0,0.27163795,0
89947,0,1,0.947186,0
89948,1,1,1.0,1
89949,1,0,0.10706346,0
89950,1,0,0.14749378,0
89951,0,0,0.08532742,1
89952,0,0,0.054752033,1
89953,0,0,0.08586245,1
89954,1,0,0.08874129,0
89955,1,1,0.9999132,1
89956,1,1,0.9999728,1
89957,0,1,0.9431908,0
89958,0,0,0.17030093,1
89959,0,0,0.27727723,1
89960,0,0,0.13927925,1
89961,0,1,0.8010035,0
89962,1,1,0.93963695,1
89963,1,1,0.9979888,1
89964,0,1,0.9662516,0
89965,1,1,1.0,1
89966,1,1,1.0,1
89967,1,1,0.9999932,1
89968,0,1,0.36421204,0
89969,1,0,0.0728343,0
89970,0,1,0.7056329,0
89971,1,0,0.10734387,0
89972,0,1,0.6936286,0
89973,1,1,0.9069832,1
89974,0,0,0.015967654,1
89975,0,1,0.9999987,0
89976,1,0,0.24122119,0
89977,0,1,0.5498219,0
89978,1,1,0.9760608,1
89979,0,1,0.50848305,0
89980,0,1,0.9999919,0
89981,0,1,0.99727446,0
89982,1,0,0.26678684,0
89983,1,1,1.0,1
89984,0,1,0.7879312,0
89985,0,0,0.08218025,1
89986,0,1,0.4735355,0
89987,1,1,0.9999151,1
89988,0,1,0.85919183,0
89989,1,1,0.999987,1
89990,0,1,0.4414924,0
89991,1,1,0.98651993,1
89992,0,1,0.99999464,0
89993,1,1,0.72889304,1
89994,0,0,0.02873432,1
89995,1,1,0.9853843,1
89996,1,1,0.9972691,1
89997,0,0,0.06336634,1
89998,1,1,0.85573065,1
89999,0,0,0.083441176,1
90000,1,1,0.99978596,1
90001,0,0,0.07237402,1
90002,1,1,0.99999213,1
90003,1,0,0.09276993,0
90004,1,0,0.031618766,0
90005,1,0,0.049130786,0
90006,1,1,0.99693656,1
90007,0,0,0.12776141,1
90008,1,0,0.2703839,0
90009,1,1,0.9509604,1
90010,0,0,0.25790524,1
90011,1,0,0.07758752,0
90012,0,1,0.99991715,0
90013,1,1,0.9999993,1
90014,0,1,0.5545308,0
90015,1,1,1.0,1
90016,0,1,0.98272413,0
90017,1,0,0.19329962,0
90018,1,1,0.99999976,1
90019,0,0,0.08953418,1
90020,0,1,0.99997544,0
90021,1,1,0.9988121,1
90022,0,1,0.9054896,0
90023,1,0,0.33764017,0
90024,1,0,0.049819652,0
90025,0,0,0.23899394,1
90026,0,1,0.9291838,0
90027,1,1,0.4974976,1
90028,1,0,0.052230857,0
90029,0,0,0.0288983,1
90030,1,1,0.798344,1
90031,1,1,0.9991959,1
90032,0,0,0.18869746,1
90033,1,1,0.99300176,1
90034,1,1,0.9747491,1
90035,1,1,0.999824,1
90036,1,1,0.9999974,1
90037,1,1,0.37860265,1
90038,0,0,0.13660839,1
90039,1,1,1.0,1
90040,1,1,0.99998724,1
90041,0,1,0.9964342,0
90042,1,1,0.9701269,1
90043,0,1,0.9251624,0
90044,0,0,0.14959349,1
90045,1,1,0.8821236,1
90046,0,0,0.018038029,1
90047,1,1,0.9938309,1
90048,0,1,0.9989778,0
90049,0,1,0.6971452,0
90050,0,1,0.96458924,0
90051,0,1,0.9860443,0
90052,1,0,0.09476145,0
90053,0,1,0.7817474,0
90054,1,0,0.19582467,0
90055,1,1,0.9997378,1
90056,1,1,0.9994105,1
90057,0,0,0.07864238,1
90058,1,1,1.0,1
90059,1,1,0.99984276,1
90060,1,1,0.6238926,1
90061,0,1,0.99341017,0
90062,1,0,0.163579,0
90063,1,1,0.99999905,1
90064,0,0,0.17092276,1
90065,1,1,0.99996805,1
90066,1,0,0.17182414,0
90067,0,1,0.98833525,0
90068,1,0,0.0532062,0
90069,1,1,0.93749756,1
90070,1,0,0.011961098,0
90071,0,1,0.9802997,0
90072,1,1,0.96853036,1
90073,1,1,0.9159594,1
90074,0,1,0.95409465,0
90075,1,1,0.99991107,1
90076,0,0,0.19117662,1
90077,1,1,1.0,1
90078,1,1,0.9130584,1
90079,0,0,0.2959416,1
90080,0,1,0.8145696,0
90081,0,1,0.999159,0
90082,1,0,0.0038244838,0
90083,0,1,0.97578543,0
90084,1,1,0.9922444,1
90085,0,0,0.0095224865,1
90086,0,1,0.9987551,0
90087,1,1,0.99959785,1
90088,1,1,1.0,1
90089,1,1,1.0,1
90090,1,1,1.0,1
90091,0,1,0.72913426,0
90092,0,1,0.7388104,0
90093,1,1,0.99998677,1
90094,0,0,0.3285833,1
90095,0,0,0.18914637,1
90096,0,0,0.106597565,1
90097,1,1,1.0,1
90098,1,1,1.0,1
90099,0,0,0.2129677,1
90100,1,1,0.9995073,1
90101,1,1,0.9973061,1
90102,1,0,0.09560247,0
90103,0,1,0.9321451,0
90104,0,0,0.26497605,1
90105,1,1,0.9673486,1
90106,0,1,0.983343,0
90107,1,1,0.9947187,1
90108,0,0,0.27028757,1
90109,1,1,0.999795,1
90110,0,1,0.9989857,0
90111,0,0,0.036665846,1
90112,1,1,0.99723697,1
90113,1,1,1.0,1
90114,0,1,0.98752034,0
90115,1,1,0.95589906,1
90116,1,1,0.99613816,1
90117,0,1,0.9401336,0
90118,0,0,0.32450292,1
90119,1,1,0.6212537,1
90120,0,1,0.9587699,0
90121,1,1,0.9999994,1
90122,1,1,0.99915576,1
90123,1,0,0.21044159,0
90124,0,0,0.108377546,1
90125,1,1,0.42847252,1
90126,1,0,0.12315456,0
90127,0,1,0.98959166,0
90128,0,1,0.8451773,0
90129,1,1,0.6603367,1
90130,1,1,0.99576014,1
90131,0,0,0.035111748,1
90132,1,1,1.0,1
90133,1,1,0.96864927,1
90134,0,0,0.064535476,1
90135,0,0,0.0032986512,1
90136,0,1,0.9999995,0
90137,1,1,0.9423477,1
90138,1,1,0.99996626,1
90139,1,1,0.99999976,1
90140,1,0,0.019587422,0
90141,1,1,0.9831176,1
90142,1,1,0.67891264,1
90143,1,1,0.8632764,1
90144,1,1,0.41460255,1
90145,1,1,0.9999999,1
90146,1,1,1.0,1
90147,1,1,0.99999905,1
90148,1,1,0.9554855,1
90149,1,1,1.0,1
90150,1,1,0.9998965,1
90151,1,1,0.61474097,1
90152,0,1,0.5817784,0
90153,1,0,0.028355207,0
90154,1,1,1.0,1
90155,1,1,0.60264635,1
90156,1,1,0.83601975,1
90157,0,1,0.99998903,0
90158,1,1,1.0,1
90159,1,0,0.07765744,0
90160,1,1,0.9498557,1
90161,0,0,0.04676847,1
90162,1,1,1.0,1
90163,1,0,0.28318632,0
90164,1,1,0.8568123,1
90165,1,1,0.9995372,1
90166,1,1,1.0,1
90167,1,1,0.9999969,1
90168,0,0,0.32268605,1
90169,0,0,0.027066177,1
90170,1,1,0.9995461,1
90171,0,0,0.092196204,1
90172,1,1,1.0,1
90173,0,0,0.04659464,1
90174,0,1,0.59337366,0
90175,1,1,0.95775455,1
90176,0,1,0.6076632,0
90177,0,1,0.45465374,0
90178,0,1,0.53607,0
90179,1,1,1.0,1
90180,0,0,0.068102375,1
90181,1,0,0.28204787,0
90182,0,1,0.99242276,0
90183,0,1,0.99997973,0
90184,1,1,0.9999696,1
90185,1,0,0.020351816,0
90186,1,0,0.056600258,0
90187,0,0,0.12716407,1
90188,1,1,0.99985516,1
90189,0,0,0.14080818,1
90190,1,1,0.9996451,1
90191,0,0,0.24762337,1
90192,0,0,0.22832853,1
90193,1,1,0.9999949,1
90194,1,1,0.9971717,1
90195,0,1,0.9983158,0
90196,0,1,0.9999999,0
90197,1,0,0.1501534,0
90198,1,1,0.99952805,1
90199,0,0,0.10511863,1
90200,0,1,0.35818467,0
90201,0,0,0.030357989,1
90202,1,0,0.055823144,0
90203,0,1,0.35292625,0
90204,1,0,0.00039204178,0
90205,0,0,0.24391246,1
90206,1,0,0.040087357,0
90207,1,1,1.0,1
90208,0,0,0.15209518,1
90209,1,1,0.9217811,1
90210,0,0,0.13409412,1
90211,0,1,0.692174,0
90212,0,1,0.99991107,0
90213,0,0,0.10800066,1
90214,0,1,0.42113516,0
90215,1,1,1.0,1
90216,1,1,0.99935883,1
90217,1,1,1.0,1
90218,1,1,0.9787533,1
90219,0,0,0.05577169,1
90220,0,0,0.007591943,1
90221,0,0,0.03030055,1
90222,0,0,0.031114377,1
90223,1,0,0.12554705,0
90224,0,0,0.19674903,1
90225,0,0,0.12220859,1
90226,0,0,0.0047092056,1
90227,1,0,0.040275678,0
90228,1,1,0.9988418,1
90229,0,1,0.5795789,0
90230,1,1,0.99990046,1
90231,1,1,0.9997695,1
90232,1,1,1.0,1
90233,0,0,0.24278864,1
90234,0,0,0.09816574,1
90235,1,1,0.99038494,1
90236,0,0,0.30798203,1
90237,1,0,0.1635122,0
90238,0,1,0.39545515,0
90239,1,1,0.99999976,1
90240,0,1,0.9959378,0
90241,0,0,0.12517229,1
90242,1,1,0.9480585,1
90243,0,1,0.9979007,0
90244,0,0,0.014643826,1
90245,0,1,0.51750994,0
90246,0,1,0.96458924,0
90247,0,1,0.6826266,0
90248,0,1,0.6747474,0
90249,0,0,0.09611029,1
90250,1,1,0.99999845,1
90251,1,0,0.045141645,0
90252,0,0,0.283831,1
90253,0,1,0.87883514,0
90254,1,1,0.99963737,1
90255,0,0,0.0020308548,1
90256,0,1,0.98039377,0
90257,1,1,0.999841,1
90258,0,1,0.5013733,0
90259,1,1,0.9998741,1
90260,0,1,0.972178,0
90261,0,1,0.60940796,0
90262,1,1,0.9999999,1
90263,0,0,0.06973154,1
90264,0,0,0.23335676,1
90265,1,1,0.43461123,1
90266,1,0,0.1186912,0
90267,0,0,0.16796798,1
90268,0,0,0.32627144,1
90269,1,1,0.6927979,1
90270,0,1,0.50903225,0
90271,1,1,0.9729595,1
90272,1,1,0.9999027,1
90273,0,0,0.21535073,1
90274,1,1,0.8646537,1
90275,1,1,0.8882751,1
90276,0,0,0.1459046,1
90277,1,1,0.8945133,1
90278,0,0,0.2186694,1
90279,1,1,0.99999857,1
90280,0,0,0.08411581,1
90281,0,1,0.99999976,0
90282,1,1,0.90934503,1
90283,1,1,0.999941,1
90284,1,1,0.99153805,1
90285,1,1,0.99929166,1
90286,0,1,0.66600823,0
90287,1,1,0.9306476,1
90288,1,1,0.9999999,1
90289,1,0,0.077030234,0
90290,0,0,0.028301448,1
90291,1,1,0.99999917,1
90292,1,1,0.84117436,1
90293,1,1,0.98041254,1
90294,0,0,0.03491378,1
90295,1,1,0.6539561,1
90296,1,1,0.98507166,1
90297,1,1,0.91181,1
90298,0,1,0.8388118,0
90299,0,0,0.0060035954,1
90300,1,1,0.99317604,1
90301,0,0,0.2330948,1
90302,1,1,0.924347,1
90303,1,1,1.0,1
90304,1,0,0.049635064,0
90305,1,1,0.99999845,1
90306,0,0,0.19147882,1
90307,0,0,0.030792164,1
90308,0,0,0.29538235,1
90309,1,1,1.0,1
90310,0,1,0.5333367,0
90311,1,0,0.31462938,0
90312,1,1,0.9990728,1
90313,0,1,0.9999995,0
90314,0,0,0.0842664,1
90315,1,0,0.042206,0
90316,0,0,0.08471965,1
90317,0,0,0.010944577,1
90318,1,1,1.0,1
90319,0,1,0.93379396,0
90320,1,1,0.83615357,1
90321,1,1,0.9987306,1
90322,1,1,0.9999994,1
90323,0,0,0.009974921,1
90324,0,1,0.99955136,0
90325,1,1,0.9999795,1
90326,1,1,0.9964064,1
90327,1,1,0.5239684,1
90328,1,1,0.99187535,1
90329,1,1,1.0,1
90330,1,1,0.52634275,1
90331,0,1,0.9989818,0
90332,0,0,0.024964014,1
90333,1,1,0.8267118,1
90334,1,1,1.0,1
90335,1,1,1.0,1
90336,1,0,0.2604835,0
90337,1,1,0.9900058,1
90338,0,0,0.11279541,1
90339,1,0,0.02541965,0
90340,1,1,0.54237854,1
90341,1,1,0.49932864,1
90342,1,1,0.9882222,1
90343,1,1,0.8729984,1
90344,1,1,0.6820975,1
90345,1,0,3.7489724e-05,0
90346,0,0,0.30860683,1
90347,1,1,0.99999475,1
90348,1,1,0.99993575,1
90349,0,1,0.9079672,0
90350,0,0,0.34748176,1
90351,1,1,1.0,1
90352,0,1,0.85669243,0
90353,0,1,0.9337335,0
90354,0,0,0.07524433,1
90355,1,1,0.9999994,1
90356,0,0,0.15700755,1
90357,0,0,0.26798248,1
90358,0,1,0.9973008,0
90359,0,0,0.04668148,1
90360,1,1,1.0,1
90361,1,0,0.25860673,0
90362,1,1,0.99988127,1
90363,1,0,0.0027900375,0
90364,1,1,0.9237301,1
90365,0,0,0.14163724,1
90366,0,0,0.114665605,1
90367,1,1,0.9991959,1
90368,1,1,0.95888567,1
90369,0,0,0.11397346,1
90370,0,1,0.4979248,0
90371,1,1,0.95565146,1
90372,0,0,0.03814243,1
90373,1,1,0.9999541,1
90374,1,1,0.9997367,1
90375,0,1,0.9777776,0
90376,0,0,0.22067817,1
90377,1,1,0.9989698,1
90378,1,0,0.18929619,0
90379,1,0,0.108283214,0
90380,0,0,0.05014425,1
90381,0,0,0.105210535,1
90382,0,1,0.3962434,0
90383,0,0,0.07204689,1
90384,1,1,0.570451,1
90385,1,1,0.9998752,1
90386,0,1,0.9997069,0
90387,1,1,0.9999981,1
90388,0,0,0.29548398,1
90389,0,0,0.24644268,1
90390,1,1,0.9992944,1
90391,0,0,0.013197362,1
90392,0,1,0.9597998,0
90393,1,1,0.9999995,1
90394,1,1,0.99999774,1
90395,0,0,0.079638734,1
90396,1,0,0.19597848,0
90397,0,1,0.3667598,0
90398,0,1,0.8386798,0
90399,1,1,0.5,1
90400,0,0,0.18565173,1
90401,0,1,0.8440237,0
90402,0,0,0.10447732,1
90403,0,0,0.005786155,1
90404,0,1,0.99913234,0
90405,0,1,0.38003966,0
90406,0,1,0.37627926,0
90407,1,1,0.9019207,1
90408,0,1,0.929951,0
90409,0,0,0.24139994,1
90410,1,0,0.281949,0
90411,0,0,0.31557775,1
90412,0,1,0.76812494,0
90413,1,1,0.9968702,1
90414,0,1,0.52609926,0
90415,1,0,0.22781274,0
90416,1,1,0.99999905,1
90417,1,1,1.0,1
90418,1,1,0.86960393,1
90419,1,1,0.86153823,1
90420,1,1,0.9996711,1
90421,0,1,0.81669897,0
90422,1,1,0.99994504,1
90423,0,1,0.99993396,0
90424,0,1,0.53206044,0
90425,0,1,0.9999578,0
90426,1,1,1.0,1
90427,1,1,0.87439936,1
90428,1,1,0.99997246,1
90429,1,0,0.2939109,0
90430,1,0,0.111337796,0
90431,0,0,0.23722233,1
90432,0,1,0.99576014,0
90433,1,1,0.90894175,1
90434,1,0,0.2686535,0
90435,0,0,0.003976228,1
90436,1,1,0.9999988,1
90437,1,1,1.0,1
90438,0,1,0.8899121,0
90439,1,1,1.0,1
90440,0,0,0.12023207,1
90441,0,1,0.99995244,0
90442,1,1,0.99999917,1
90443,0,1,0.82824534,0
90444,1,1,0.9992519,1
90445,0,0,0.27279878,1
90446,1,0,0.1229438,0
90447,0,1,0.98961186,0
90448,1,1,0.99999964,1
90449,0,1,0.5333975,0
90450,0,0,0.103930384,1
90451,1,1,0.99998105,1
90452,1,0,0.31210786,0
90453,1,1,0.99999905,1
90454,0,0,0.010091316,1
90455,1,1,0.91928095,1
90456,1,1,1.0,1
90457,0,0,0.07024005,1
90458,1,1,0.42193884,1
90459,1,0,0.30611202,0
90460,1,1,0.7268136,1
90461,0,1,0.5429844,0
90462,1,0,0.07942426,0
90463,1,1,1.0,1
90464,0,1,0.5289592,0
90465,1,1,1.0,1
90466,1,0,0.07198163,0
90467,1,1,1.0,1
90468,1,0,0.12458531,0
90469,0,0,0.17300858,1
90470,1,0,0.16899405,0
90471,1,1,0.91006696,1
90472,1,1,0.99557483,1
90473,0,1,0.9999999,0
90474,0,1,0.4764883,0
90475,1,1,0.9996057,1
90476,1,1,0.68558115,1
90477,1,1,0.99999905,1
90478,1,1,0.8556101,1
90479,0,1,0.50402826,0
90480,0,1,0.38341042,0
90481,1,1,0.77713084,1
90482,0,0,0.33074132,1
90483,0,0,0.04142348,1
90484,1,1,0.94757545,1
90485,0,0,0.02917362,1
90486,1,1,0.99499834,1
90487,0,1,0.9638481,0
90488,1,1,0.9999646,1
90489,0,1,0.6313102,0
90490,1,0,0.1237887,0
90491,1,0,0.19132766,0
90492,0,0,0.058776554,1
90493,0,0,0.059101548,1
90494,1,0,0.025834186,0
90495,0,0,0.28671816,1
90496,0,1,0.99589807,0
90497,0,0,0.3297693,1
90498,0,1,0.9993917,0
90499,0,0,0.1666076,1
90500,1,1,1.0,1
90501,0,0,0.1668111,1
90502,1,1,0.59825355,1
90503,0,1,0.9831822,0
90504,0,1,0.6808256,0
90505,0,0,0.065365784,1
90506,1,1,0.8098782,1
90507,1,0,0.32477057,0
90508,1,1,0.9984269,1
90509,1,0,0.1328517,0
90510,0,1,0.99955136,0
90511,1,1,0.9999999,1
90512,0,1,0.9867517,0
90513,0,0,0.12463858,1
90514,0,1,0.9241418,0
90515,1,0,0.02576056,0
90516,1,0,0.1867616,0
90517,1,1,0.99804294,1
90518,1,1,0.93115014,1
90519,1,1,0.9999932,1
90520,1,0,0.00083283347,0
90521,1,1,1.0,1
90522,1,1,0.767167,1
90523,1,1,0.9992693,1
90524,0,0,0.19930798,1
90525,1,1,0.98039377,1
90526,0,0,0.08269734,1
90527,0,0,0.06153674,1
90528,1,1,1.0,1
90529,1,1,0.9999329,1
90530,1,1,0.8465777,1
90531,1,0,0.05899303,0
90532,1,0,0.14854057,0
90533,1,1,1.0,1
90534,1,1,0.9990073,1
90535,0,1,0.99855345,0
90536,1,1,0.9990601,1
90537,1,1,0.99723166,1
90538,1,1,0.8016254,1
90539,0,0,0.09081609,1
90540,1,1,0.9999944,1
90541,1,1,0.82261705,1
90542,0,0,0.09696201,1
90543,1,1,0.9999864,1
90544,0,1,0.87621135,0
90545,0,0,0.06250249,1
90546,0,0,0.0385747,1
90547,0,1,0.9407353,0
90548,0,0,0.03138043,1
90549,1,1,0.73890465,1
90550,0,1,0.8217605,0
90551,1,1,1.0,1
90552,0,0,0.09195129,1
90553,1,1,0.9999522,1
90554,1,1,0.93177354,1
90555,0,1,0.7778066,0
90556,0,1,0.44839606,0
90557,0,0,0.07004896,1
90558,0,0,0.17938675,1
90559,0,0,0.08517511,1
90560,1,1,1.0,1
90561,1,1,0.90174776,1
90562,1,0,0.0052302782,0
90563,0,1,0.43275246,0
90564,1,1,0.9999999,1
90565,0,1,0.9109423,0
90566,1,1,0.9999609,1
90567,0,1,0.996852,0
90568,0,1,0.99999976,0
90569,0,0,0.0017718028,1
90570,1,1,0.7593147,1
90571,1,1,0.394755,1
90572,1,0,0.07800791,0
90573,0,0,0.03711691,1
90574,1,1,0.99998724,1
90575,0,0,0.14755519,1
90576,1,0,0.05577169,0
90577,0,0,0.051462766,1
90578,1,1,1.0,1
90579,1,1,0.99637127,1
90580,1,1,0.9964825,1
90581,1,0,0.0033374047,0
90582,1,1,0.99999523,1
90583,1,1,1.0,1
90584,1,0,0.13420753,0
90585,0,0,0.25423115,1
90586,0,1,0.7535573,0
90587,0,1,0.51135063,0
90588,0,1,0.937783,0
90589,1,1,0.52074003,1
90590,1,1,0.9999869,1
90591,1,1,1.0,1
90592,1,1,0.972336,1
90593,0,1,0.952882,0
90594,0,1,0.8342719,0
90595,1,1,1.0,1
90596,0,1,0.7653304,0
90597,1,0,0.20641372,0
90598,0,1,0.9197147,0
90599,1,0,0.114963345,0
90600,1,0,0.06103112,0
90601,0,1,0.9999889,0
90602,1,1,0.88671505,1
90603,1,1,0.998259,1
90604,1,1,1.0,1
90605,1,0,0.002074867,0
90606,0,1,0.99474937,0
90607,1,1,0.50506574,1
90608,0,0,0.106597565,1
90609,1,0,0.05103542,0
90610,1,1,1.0,1
90611,0,0,0.18742996,1
90612,1,1,0.48925948,1
90613,1,1,0.9996345,1
90614,1,1,1.0,1
90615,1,1,0.99912554,1
90616,1,1,0.99937856,1
90617,0,0,0.24635202,1
90618,0,1,0.9878996,0
90619,1,1,0.9891606,1
90620,1,1,1.0,1
90621,0,1,0.9988463,0
90622,1,1,0.9999958,1
90623,0,1,0.8992099,0
90624,1,1,0.99629277,1
90625,1,1,1.0,1
90626,1,1,0.962356,1
90627,1,0,0.18410648,0
90628,0,0,0.008796121,1
90629,0,0,0.012407696,1
90630,1,0,0.04535258,0
90631,0,0,0.08471965,1
90632,0,1,0.92529744,0
90633,1,1,0.9993525,1
90634,0,1,0.5309662,0
90635,1,0,0.04954302,0
90636,1,1,0.95945925,1
90637,1,0,0.1791712,0
90638,1,1,0.9494823,1
90639,1,0,0.28209728,0
90640,0,1,0.6631784,0
90641,1,0,0.22219339,0
90642,1,1,1.0,1
90643,0,0,0.0060386634,1
90644,1,1,0.8159668,1
90645,1,1,1.0,1
90646,1,1,0.9999349,1
90647,0,0,0.049085185,1
90648,1,1,0.88513595,1
90649,0,1,0.5940803,0
90650,1,1,1.0,1
90651,1,0,0.1328517,0
90652,1,1,0.99173236,1
90653,0,1,0.9328214,0
90654,1,0,0.15501449,0
90655,0,0,0.09401018,1
90656,1,0,0.12152928,0
90657,1,1,0.99925774,1
90658,1,1,0.9939143,1
90659,0,0,0.33301497,1
90660,0,0,0.01102947,1
90661,1,1,0.40748075,1
90662,1,1,0.999998,1
90663,1,1,0.964355,1
90664,0,0,0.0882686,1
90665,0,0,0.013768816,1
90666,0,1,0.7330699,0
90667,1,1,0.9997775,1
90668,1,1,0.6864226,1
90669,0,1,0.82685167,0
90670,0,1,0.79881525,0
90671,0,1,0.36644801,0
90672,0,0,0.11027936,1
90673,0,0,0.008348053,1
90674,0,0,0.011309892,1
90675,1,1,0.9871044,1
90676,1,1,0.6552808,1
90677,1,1,1.0,1
90678,1,1,0.9843364,1
90679,1,1,0.99629277,1
90680,0,1,0.91452,0
90681,1,1,0.90772206,1
90682,1,1,0.99999523,1
90683,1,1,0.9999999,1
90684,1,0,0.22371607,0
90685,1,1,0.99991775,1
90686,1,1,0.9999987,1
90687,1,0,0.18839861,0
90688,0,1,0.99839276,0
90689,1,1,0.9999691,1
90690,0,0,0.3463202,1
90691,1,0,0.11828322,0
90692,1,1,0.98833525,1
90693,1,0,0.33328617,0
90694,1,1,0.5827879,1
90695,0,1,0.6065567,0
90696,0,0,0.046421416,1
90697,0,1,0.8095773,0
90698,0,0,0.20118472,1
90699,1,1,0.9999962,1
90700,1,0,0.16238002,0
90701,0,1,0.99999976,0
90702,0,0,0.14336753,1
90703,0,1,0.4043898,0
90704,1,1,0.9402983,1
90705,0,0,0.01750956,1
90706,1,1,0.99554896,1
90707,0,0,0.1886227,1
90708,1,1,1.0,1
90709,1,1,0.930395,1
90710,1,1,0.9248914,1
90711,0,0,0.12158143,1
90712,1,1,0.91891783,1
90713,1,1,1.0,1
90714,1,1,1.0,1
90715,1,1,0.39992884,1
90716,0,0,0.18097351,1
90717,1,1,0.9938309,1
90718,0,1,0.9995876,0
90719,1,1,1.0,1
90720,1,1,0.5603128,1
90721,1,0,0.1673547,0
90722,0,0,0.23475733,1
90723,0,1,0.94994867,0
90724,1,1,0.9809856,1
90725,1,0,0.08733005,0
90726,1,1,1.0,1
90727,1,1,0.9989759,1
90728,1,1,0.57600546,1
90729,1,1,0.9603239,1
90730,0,1,0.8778961,0
90731,1,1,0.99596137,1
90732,0,0,0.083291925,1
90733,0,0,0.22533137,1
90734,0,0,0.030559864,1
90735,0,1,0.99318933,0
90736,1,1,0.9999857,1
90737,0,1,1.0,0
90738,1,1,0.99968493,1
90739,0,1,0.87914675,0
90740,1,1,0.85195273,1
90741,0,1,0.98977125,0
90742,1,0,0.31700325,0
90743,1,1,0.9974788,1
90744,1,1,0.9999999,1
90745,0,0,0.022955457,1
90746,1,1,0.5783291,1
90747,0,0,0.22516096,1
90748,1,1,0.9997273,1
90749,0,0,0.035344075,1
90750,0,0,0.22867283,1
90751,0,1,0.5386192,0
90752,1,1,0.37851653,1
90753,1,0,0.07578975,0
90754,0,1,0.99860066,0
90755,1,0,0.15127839,0
90756,1,1,0.8369547,1
90757,0,1,0.8823265,0
90758,0,0,0.02505927,1
90759,1,1,1.0,1
90760,0,0,0.023802664,1
90761,0,0,0.30074558,1
90762,0,1,0.5239684,0
90763,1,0,0.008348053,0
90764,1,1,0.84453726,1
90765,1,1,1.0,1
90766,1,0,0.05404875,0
90767,1,1,0.99949956,1
90768,1,1,0.9524416,1
90769,0,1,0.8502201,0
90770,0,0,0.24798743,1
90771,1,1,0.4225046,1
90772,1,0,0.31457675,0
90773,1,1,0.9999999,1
90774,1,1,0.99779594,1
90775,1,1,0.9996561,1
90776,1,1,0.99879575,1
90777,1,1,0.99974877,1
90778,1,1,0.99999976,1
90779,0,0,0.28861922,1
90780,1,1,0.89478946,1
90781,1,1,0.59478664,1
90782,1,1,1.0,1
90783,0,0,0.02371207,1
90784,1,1,1.0,1
90785,1,1,0.99877197,1
90786,1,0,0.10613344,0
90787,1,1,0.99557483,1
90788,1,0,0.12819736,0
90789,0,1,0.96415305,0
90790,0,0,0.0830685,1
90791,0,0,0.30471367,1
90792,0,0,0.013982613,1
90793,1,0,0.03471688,0
90794,1,1,0.72579443,1
90795,1,1,1.0,1
90796,1,1,0.7737297,1
90797,0,1,0.38679242,0
90798,1,0,0.3051794,0
90799,0,0,0.34687304,1
90800,1,1,0.99789256,1
90801,0,1,0.74922484,0
90802,1,0,0.15616924,0
90803,0,0,0.06330841,1
90804,1,1,1.0,1
90805,1,1,0.998319,1
90806,0,0,0.15266278,1
90807,1,1,0.99999976,1
90808,0,1,0.81316423,0
90809,1,1,0.99998724,1
90810,0,1,0.91086304,0
90811,0,0,0.15027805,1
90812,0,0,0.059428226,1
90813,1,1,0.99997807,1
90814,1,1,1.0,1
90815,0,1,0.999959,0
90816,0,0,0.05644403,1
90817,0,1,0.5549529,0
90818,1,0,0.034782395,0
90819,1,0,0.044431433,0
90820,1,1,0.9999999,1
90821,0,1,0.61027926,0
90822,1,1,0.98244,1
90823,0,0,0.03207038,1
90824,1,1,0.9999994,1
90825,0,0,0.12874407,1
90826,0,0,0.33339468,1
90827,1,1,0.7600278,1
90828,1,1,1.0,1
90829,1,1,0.4115838,1
90830,0,1,0.4461327,0
90831,1,1,0.9998141,1
90832,1,1,0.9999957,1
90833,0,0,0.046551276,1
90834,1,1,0.8505928,1
90835,0,0,0.090253234,1
90836,1,1,0.99976224,1
90837,1,0,0.029340027,0
90838,1,1,0.99213856,1
90839,1,1,0.9894499,1
90840,0,0,0.015936995,1
90841,1,1,0.9938548,1
90842,1,0,0.16224726,0
90843,0,0,0.24095315,1
90844,0,1,0.99998295,0
90845,1,1,0.9999999,1
90846,1,1,0.99999726,1
90847,1,1,0.99949765,1
90848,1,1,1.0,1
90849,1,0,0.0649494,0
90850,0,0,0.09178833,1
90851,0,1,0.99996924,0
90852,1,0,0.124851815,0
90853,1,1,0.5801142,1
90854,1,1,0.9999461,1
90855,0,0,0.20465964,1
90856,1,1,0.99788433,1
90857,1,1,0.9999405,1
90858,1,1,0.9998267,1
90859,1,1,0.9998416,1
90860,0,1,0.9871044,0
90861,0,1,0.38424763,0
90862,0,0,0.046421416,1
90863,1,1,0.9366916,1
90864,0,0,0.100348406,1
90865,1,1,0.99964297,1
90866,0,1,0.97779876,0
90867,1,1,0.999765,1
90868,1,1,0.9999995,1
90869,1,1,0.40512508,1
90870,1,0,0.06250249,0
90871,0,1,0.99174845,0
90872,0,1,0.3967107,0
90873,1,1,0.93546456,1
90874,0,1,0.9139073,0
90875,0,0,0.0876419,1
90876,0,1,0.9843062,0
90877,1,0,0.2903265,0
90878,0,1,0.9996259,0
90879,0,0,0.105486654,1
90880,1,1,0.8697146,1
90881,0,0,0.11516222,1
90882,1,0,0.048047364,0
90883,0,1,0.9999981,0
90884,0,1,0.6093498,0
90885,0,0,0.03775027,1
90886,1,0,0.08014123,0
90887,1,1,1.0,1
90888,1,1,0.9999901,1
90889,1,1,0.9752254,1
90890,0,1,0.99993026,0
90891,1,1,1.0,1
90892,0,0,0.029647512,1
90893,0,0,0.2500877,1
90894,0,1,0.99996865,0
90895,0,0,0.33835036,1
90896,0,0,0.22678365,1
90897,0,0,0.12852515,1
90898,1,0,0.026810195,0
90899,1,0,0.09568695,0
90900,0,1,0.9999534,0
90901,0,1,0.9394706,0
90902,1,1,0.9680205,1
90903,0,1,0.9874721,0
90904,0,0,0.18184364,1
90905,0,0,0.006797531,1
90906,0,0,0.11706649,1
90907,0,1,0.99998903,0
90908,1,1,0.6052742,1
90909,1,1,0.99996936,1
90910,0,0,0.09170697,1
90911,0,1,0.8240375,0
90912,1,1,0.99999964,1
90913,1,1,0.99999785,1
90914,0,0,0.32852942,1
90915,1,1,0.38937235,1
90916,0,1,0.9998141,0
90917,1,1,0.9999857,1
90918,0,1,0.9620719,0
90919,0,0,0.091625646,1
90920,1,1,0.99999964,1
90921,1,0,0.103205055,0
90922,1,1,0.46736214,1
90923,0,1,0.70826304,0
90924,1,1,1.0,1
90925,1,1,0.9999999,1
90926,1,1,0.9999958,1
90927,0,1,0.6608841,0
90928,1,0,0.11566073,0
90929,0,1,0.9899476,0
90930,1,1,0.9999994,1
90931,1,1,0.39102802,1
90932,0,1,0.99411184,0
90933,0,1,0.86177105,0
90934,0,1,0.55416894,0
90935,0,0,0.059921406,1
90936,1,1,0.9996711,1
90937,1,0,0.09799298,0
90938,1,1,0.9759694,1
90939,1,1,1.0,1
90940,1,1,0.90397453,1
90941,0,0,0.052327625,1
90942,0,0,0.34471914,1
90943,1,0,0.009430817,0
90944,1,1,0.6493007,1
90945,1,0,0.20705435,0
90946,1,1,0.99931216,1
90947,0,1,0.99111825,0
90948,0,1,0.9999999,0
90949,1,0,0.12586902,0
90950,0,1,0.92821383,0
90951,1,0,0.25395352,0
90952,1,1,0.9996486,1
90953,1,1,0.99933976,1
90954,0,0,0.22678365,1
90955,1,1,0.99632865,1
90956,1,1,0.9944988,1
90957,1,1,1.0,1
90958,1,1,0.9753196,1
90959,0,1,0.9999989,0
90960,0,0,0.027927876,1
90961,1,0,0.29502678,0
90962,1,1,0.999979,1
90963,0,0,0.0705596,1
90964,0,1,0.47651878,0
90965,0,1,0.9997998,0
90966,0,0,0.032313783,1
90967,0,0,0.025982061,1
90968,0,0,0.1304515,1
90969,0,1,0.35779187,0
90970,1,1,0.88759494,1
90971,1,1,0.4441127,1
90972,1,1,0.9622852,1
90973,1,1,0.88038635,1
90974,0,0,0.0027954767,1
90975,1,0,0.1454792,0
90976,1,1,0.99999857,1
90977,1,1,0.99999976,1
90978,1,1,0.99998116,1
90979,1,0,0.16830944,0
90980,1,1,0.79318607,1
90981,1,1,1.0,1
90982,0,1,0.44013837,0
90983,0,0,0.1676952,1
90984,0,1,0.5547117,0
90985,0,0,0.09611029,1
90986,0,1,0.9993268,0
90987,0,1,0.47000676,0
90988,1,1,0.6547292,1
90989,1,1,1.0,1
90990,1,0,0.004857966,0
90991,1,0,0.035277545,0
90992,1,1,0.6019446,1
90993,0,0,0.009764972,1
90994,0,1,0.5428027,0
90995,1,1,0.9986303,1
90996,0,1,0.407805,0
90997,0,1,0.9998691,0
90998,1,1,0.9810037,1
90999,0,0,0.2699025,1
91000,0,0,0.10650459,1
91001,1,1,0.9999974,1
91002,0,0,0.0672398,1
91003,1,1,0.6766733,1
91004,1,1,0.96498734,1
91005,1,1,1.0,1
91006,1,1,1.0,1
91007,0,1,0.6323325,0
91008,1,1,0.9999944,1
91009,1,1,0.60340613,1
91010,1,1,0.6708779,1
91011,1,1,0.9998499,1
91012,1,0,0.28145498,0
91013,0,1,0.7555468,0
91014,1,0,0.045394883,0
91015,0,0,0.27202454,1
91016,1,1,0.9999999,1
91017,1,0,0.11951087,0
91018,0,1,0.60678977,0
91019,0,0,0.0053432565,1
91020,0,0,0.021328082,1
91021,1,1,0.9998141,1
91022,1,1,0.9999931,1
91023,1,1,0.99407744,1
91024,1,1,0.4457708,1
91025,0,0,0.06142404,1
91026,1,0,0.08819005,0
91027,0,0,0.056704637,1
91028,1,0,0.05602938,0
91029,0,1,0.9997284,0
91030,0,0,0.24220563,1
91031,1,1,0.9999994,1
91032,1,1,0.74447066,1
91033,0,0,0.092359796,1
91034,1,1,0.366193,1
91035,0,0,0.04751418,1
91036,1,1,0.7631309,1
91037,1,1,0.8949732,1
91038,1,1,0.9999933,1
91039,0,1,0.6840002,0
91040,1,1,0.99999535,1
91041,0,1,0.6476868,0
91042,1,0,0.014281933,0
91043,1,1,0.99880743,1
91044,0,0,0.09730459,1
91045,1,1,0.9912548,1
91046,1,1,0.93403506,1
91047,1,0,0.049222115,0
91048,0,1,0.9987478,0
91049,1,0,0.13922074,0
91050,0,1,0.5376483,0
91051,1,0,0.022457054,0
91052,0,1,0.73053026,0
91053,1,1,1.0,1
91054,0,1,0.9999933,0
91055,0,1,0.7048209,0
91056,1,1,0.9394706,1
91057,0,1,1.0,0
91058,1,0,0.1522842,0
91059,1,1,0.9265699,1
91060,1,1,1.0,1
91061,0,0,0.022759158,1
91062,0,0,0.26029545,1
91063,1,1,1.0,1
91064,1,1,0.97311324,1
91065,0,0,0.008847356,1
91066,1,0,3.09591e-05,0
91067,1,1,0.9506406,1
91068,1,1,0.99213856,1
91069,0,1,0.9896918,0
91070,1,0,0.007460643,0
91071,1,1,0.9964688,1
91072,0,0,0.104660206,1
91073,0,1,0.99991965,0
91074,0,0,0.042324588,1
91075,0,0,0.03704717,1
91076,0,1,0.89956343,0
91077,1,1,0.9998253,1
91078,1,1,0.64774257,1
91079,1,0,0.25173965,0
91080,0,1,1.0,0
91081,1,1,0.9315248,1
91082,0,0,0.0018458483,1
91083,0,0,0.002296159,1
91084,0,0,0.012576347,1
91085,1,1,1.0,1
91086,1,1,0.9999937,1
91087,1,0,0.07185127,0
91088,0,0,0.034229323,1
91089,0,0,0.18097351,1
91090,0,0,0.13034077,1
91091,0,0,0.10150035,1
91092,0,1,0.75635755,0
91093,0,1,0.9999975,0
91094,0,1,0.99384296,0
91095,1,1,1.0,1
91096,1,1,0.9727014,1
91097,0,1,0.530723,0
91098,1,1,0.9999548,1
91099,0,1,0.47795013,0
91100,0,1,0.9999778,0
91101,1,0,0.04023794,0
91102,0,0,0.1237887,1
91103,0,1,0.9921537,0
91104,1,1,0.97381955,1
91105,1,1,0.99979097,1
91106,0,0,0.07765744,1
91107,1,0,0.07524433,0
91108,1,1,1.0,1
91109,1,1,0.99999976,1
91110,0,1,0.92121595,0
91111,0,0,0.20473911,1
91112,1,1,0.9012275,1
91113,1,0,0.14829372,0
91114,0,0,0.011552671,1
91115,1,1,0.99932015,1
91116,1,0,0.11056715,0
91117,1,1,0.99999833,1
91118,1,1,0.99719906,1
91119,0,0,0.0017443813,1
91120,1,1,0.6602272,1
91121,0,0,0.15707219,1
91122,0,1,0.8372211,0
91123,1,1,0.99998844,1
91124,1,1,0.9846347,1
91125,1,0,0.089216255,0
91126,1,1,0.72041744,1
91127,1,1,0.66492116,1
91128,1,0,0.11961366,0
91129,0,1,0.94776917,0
91130,1,1,0.9075583,1
91131,0,1,0.9958175,0
91132,1,1,0.9999901,1
91133,0,1,0.9523531,0
91134,1,1,0.91978675,1
91135,0,1,0.39256966,0
91136,0,1,0.6719551,0
91137,1,1,0.979784,1
91138,0,1,0.99998915,0
91139,0,1,0.9967269,0
91140,0,0,0.2177531,1
91141,0,1,0.7025811,0
91142,1,1,0.99939644,1
91143,1,1,1.0,1
91144,0,0,0.014756982,1
91145,0,1,0.926237,0
91146,1,1,1.0,1
91147,1,1,0.9766915,1
91148,1,1,0.9999999,1
91149,1,1,0.99887305,1
91150,0,0,0.1384618,1
91151,1,1,0.99999833,1
91152,0,0,0.027350497,1
91153,0,1,0.7622471,0
91154,1,1,0.9167827,1
91155,1,1,1.0,1
91156,0,0,0.105486654,1
91157,1,1,0.56487876,1
91158,0,1,0.76594365,0
91159,1,1,1.0,1
91160,0,0,0.046291906,1
91161,0,1,0.5634981,0
91162,0,1,0.68494934,0
91163,0,0,0.028707078,1
91164,0,1,0.63584447,0
91165,0,0,0.085632786,1
91166,1,1,0.9257015,1
91167,1,0,0.12085323,0
91168,0,0,0.14737104,1
91169,1,1,0.47889435,1
91170,0,1,0.8537909,0
91171,1,1,0.98617804,1
91172,1,1,0.6754971,1
91173,1,0,0.046855625,0
91174,1,1,0.9999856,1
91175,1,1,0.5441353,1
91176,1,0,0.2638364,0
91177,1,1,0.99999976,1
91178,0,1,0.99866986,0
91179,1,1,0.9425068,1
91180,1,1,0.99999297,1
91181,1,0,0.08850466,0
91182,0,1,0.99759394,0
91183,1,0,0.10970577,0
91184,1,1,0.54310566,1
91185,0,1,0.4600463,0
91186,0,0,0.15399395,1
91187,0,1,0.9783226,0
91188,1,1,0.9933975,1
91189,0,0,0.15863001,1
91190,1,1,0.82741016,1
91191,0,1,0.9965166,0
91192,1,1,0.9982522,1
91193,1,1,0.637313,1
91194,1,0,0.19329962,0
91195,1,0,0.21141684,0
91196,0,0,0.020449394,1
91197,0,0,0.023802664,1
91198,0,1,0.47530088,0
91199,1,0,0.13061775,0
91200,0,1,0.9922444,0
91201,1,0,0.23161423,0
91202,1,1,0.9954615,1
91203,1,1,1.0,1
91204,1,1,0.7406436,1
91205,1,1,1.0,1
91206,1,0,0.30564553,0
91207,1,1,0.9864157,1
91208,0,1,0.998844,0
91209,0,1,1.0,0
91210,1,1,1.0,1
91211,0,1,0.4279644,0
91212,1,0,0.11636177,0
91213,0,0,0.30751395,1
91214,0,1,0.85415626,0
91215,0,0,0.06866228,1
91216,1,1,0.99984217,1
91217,1,1,1.0,1
91218,1,0,0.06773144,0
91219,1,0,0.13039611,0
91220,1,1,0.99999595,1
91221,0,0,0.017644463,1
91222,1,0,0.05165378,0
91223,1,1,0.99559206,1
91224,0,1,0.990329,0
91225,1,1,1.0,1
91226,1,1,0.91796696,1
91227,0,1,0.35270324,0
91228,1,1,0.91359943,1
91229,1,1,0.9999993,1
91230,0,0,0.07126734,1
91231,0,1,0.66763544,0
91232,1,1,0.99995315,1
91233,0,0,0.024053553,1
91234,0,0,0.0996453,1
91235,0,1,0.9999999,0
91236,0,0,0.059101548,1
91237,1,0,0.058722552,0
91238,0,0,0.018923571,1
91239,0,0,0.10922978,1
91240,0,0,0.25926262,1
91241,0,1,0.6781671,0
91242,1,1,0.9998198,1
91243,1,1,0.9999995,1
91244,1,1,0.9320833,1
91245,1,1,0.9984421,1
91246,0,0,0.17974643,1
91247,1,1,0.41685596,1
91248,1,1,1.0,1
91249,1,1,0.9994374,1
91250,1,1,1.0,1
91251,0,1,0.9336126,0
91252,0,0,0.14940722,1
91253,1,1,1.0,1
91254,0,1,0.9466954,0
91255,0,1,0.4252173,0
91256,0,1,0.9996692,0
91257,1,1,1.0,1
91258,0,1,1.0,0
91259,1,1,0.9629877,1
91260,1,1,0.80942667,1
91261,0,0,0.08108211,1
91262,1,0,0.049176436,0
91263,1,1,0.9882222,1
91264,0,1,0.9972045,0
91265,1,1,0.94644845,1
91266,0,0,0.0140636265,1
91267,1,1,0.8449215,1
91268,0,1,0.9999993,0
91269,1,0,0.09704756,0
91270,1,1,0.6099308,1
91271,1,0,0.33611313,0
91272,0,1,0.9966234,0
91273,0,0,0.1284158,1
91274,0,1,0.9342153,0
91275,0,0,0.07885492,1
91276,1,0,0.30678657,0
91277,1,1,0.90747637,1
91278,1,1,0.37199175,1
91279,0,0,0.062617026,1
91280,1,1,0.9999703,1
91281,1,1,0.99968004,1
91282,0,1,0.5997782,0
91283,0,0,0.25423115,1
91284,1,1,0.97624266,1
91285,1,0,0.027402505,0
91286,1,1,0.969814,1
91287,0,1,0.99293363,0
91288,0,0,0.061649624,1
91289,1,1,0.35745534,1
91290,0,1,0.43260264,0
91291,1,0,0.05184547,0
91292,0,1,1.0,0
91293,1,1,0.9979849,1
91294,0,0,0.15649123,1
91295,1,1,0.99999917,1
91296,0,0,0.29695997,1
91297,1,1,0.99999905,1
91298,0,1,0.97628796,0
91299,0,1,0.35812852,0
91300,1,1,0.5824911,1
91301,0,1,0.98886347,0
91302,0,0,0.18425323,1
91303,0,1,0.35911128,0
91304,0,0,0.14080818,1
91305,1,1,0.9890554,1
91306,1,1,0.99999845,1
91307,1,1,0.99980587,1
91308,1,1,0.9994735,1
91309,1,1,1.0,1
91310,1,1,0.7345006,1
91311,1,1,0.998092,1
91312,1,1,0.99021614,1
91313,1,1,0.99999595,1
91314,0,0,0.11211313,1
91315,0,1,0.9987453,0
91316,1,0,0.09017308,0
91317,1,1,0.9995915,1
91318,1,1,0.9999008,1
91319,1,1,0.9684709,1
91320,1,1,0.9999976,1
91321,1,1,0.55096984,1
91322,1,0,0.06985836,0
91323,0,1,0.8050198,0
91324,1,1,1.0,1
91325,0,1,0.98331094,0
91326,0,0,0.028953163,1
91327,0,1,0.9999503,0
91328,0,1,0.41744956,0
91329,0,0,0.0921145,1
91330,0,0,0.34781396,1
91331,1,1,0.99978,1
91332,1,1,0.9646226,1
91333,1,1,0.999956,1
91334,0,0,0.040960647,1
91335,0,0,0.0025409926,1
91336,1,1,0.99939287,1
91337,0,1,0.8969756,0
91338,1,1,0.99693066,1
91339,0,1,0.9754135,0
91340,1,1,0.9999856,1
91341,1,1,1.0,1
91342,1,1,0.9999993,1
91343,0,0,0.20024472,1
91344,1,1,0.9999999,1
91345,1,0,0.05770532,0
91346,1,1,0.996852,1
91347,0,0,0.12918286,1
91348,1,1,0.99371004,1
91349,1,0,0.14627008,0
91350,1,1,0.9968702,1
91351,1,0,0.22575781,0
91352,1,1,0.8067004,1
91353,1,1,0.4776151,1
91354,0,1,0.999617,0
91355,1,0,0.11367794,0
91356,0,0,0.095433734,1
91357,0,0,0.14706452,1
91358,0,1,0.69196594,0
91359,1,0,0.06330841,0
91360,1,1,0.9999999,1
91361,1,0,0.044764314,0
91362,0,0,0.10961043,1
91363,0,0,0.030996837,1
91364,0,1,0.7731308,0
91365,0,0,0.03327394,1
91366,0,0,0.089136936,1
91367,0,1,0.99941504,0
91368,1,1,0.9603239,1
91369,1,1,0.7133318,1
91370,0,0,0.034782395,1
91371,0,0,0.15342228,1
91372,1,0,0.17349815,0
91373,1,1,0.999949,1
91374,1,1,0.99989235,1
91375,1,0,0.034358688,0
91376,0,1,0.99998856,0
91377,0,0,0.33193132,1
91378,0,1,0.91367656,0
91379,0,0,0.016434574,1
91380,1,1,1.0,1
91381,0,0,0.22609939,1
91382,1,1,1.0,1
91383,1,1,0.9990226,1
91384,1,1,1.0,1
91385,1,0,0.30512765,0
91386,0,0,0.080574244,1
91387,0,1,0.3833527,0
91388,0,0,0.23475733,1
91389,1,0,0.15559098,0
91390,1,0,0.19004667,0
91391,1,1,0.99433607,1
91392,1,1,0.9999989,1
91393,1,0,0.040692955,0
91394,1,1,0.9614615,1
91395,0,0,0.21272227,1
91396,1,0,0.043895524,0
91397,1,1,0.668718,1
91398,1,0,0.06441766,0
91399,1,1,1.0,1
91400,0,1,0.8120489,0
91401,0,0,0.05394898,1
91402,1,0,0.032589745,0
91403,1,1,0.99997294,1
91404,0,1,0.87652874,0
91405,0,1,1.0,0
91406,1,0,0.07531231,0
91407,1,1,1.0,1
91408,1,1,0.9612074,1
91409,0,1,1.0,0
91410,1,0,0.17938675,0
91411,1,1,1.0,1
91412,0,1,0.37031078,0
91413,1,1,0.99972683,1
91414,0,1,0.99442345,0
91415,1,1,1.0,1
91416,1,1,0.85145944,1
91417,0,1,0.9688562,0
91418,1,1,1.0,1
91419,1,1,0.7939859,1
91420,0,1,0.97984195,0
91421,1,1,0.5988402,1
91422,1,1,0.86001676,1
91423,1,0,0.0023186402,0
91424,0,0,0.05379964,1
91425,0,1,0.84156543,0
91426,0,1,0.9913054,0
91427,1,1,0.99971026,1
91428,1,1,0.43350175,1
91429,0,0,0.047691282,1
91430,1,1,0.3714786,1
91431,0,1,0.37593552,0
91432,1,0,0.041734807,0
91433,0,1,0.7018664,0
91434,1,1,0.49890137,1
91435,1,1,0.9995703,1
91436,0,1,0.48002163,0
91437,0,1,0.92703366,0
91438,1,1,0.98582757,1
91439,1,1,0.9999999,1
91440,1,1,0.9994937,1
91441,0,0,0.08866235,1
91442,0,1,0.99986184,0
91443,0,0,0.1525365,1
91444,1,1,0.96138906,1
91445,1,0,0.10123348,0
91446,1,0,0.32231262,0
91447,1,1,0.8264319,1
91448,0,0,0.090735495,1
91449,1,1,0.9985702,1
91450,1,0,0.08130065,0
91451,1,0,0.10493506,0
91452,1,0,0.03274404,0
91453,1,1,1.0,1
91454,1,1,0.3644382,1
91455,0,1,0.62400717,0
91456,0,0,0.020744892,1
91457,1,1,0.8524448,1
91458,0,1,0.9905509,0
91459,1,1,0.5988988,1
91460,0,0,0.16072656,1
91461,0,1,0.94767237,0
91462,0,1,0.35326087,0
91463,0,0,0.29844025,1
91464,0,1,0.9994241,0
91465,1,0,0.03971326,0
91466,0,0,0.09017308,1
91467,1,0,0.086400524,0
91468,1,0,0.049681153,0
91469,0,1,0.9432954,0
91470,1,1,0.9999342,1
91471,1,1,0.9555686,1
91472,1,1,0.5148882,1
91473,1,1,0.99855906,1
91474,0,1,0.99999726,0
91475,1,1,0.9931629,1
91476,0,1,0.95226437,0
91477,1,1,0.9999716,1
91478,0,1,0.93985814,0
91479,1,1,1.0,1
91480,1,1,0.9687085,1
91481,0,1,0.6974544,0
91482,0,1,0.986904,0
91483,0,0,0.078289315,1
91484,0,0,0.024916517,1
91485,1,1,0.993807,1
91486,0,1,0.7397986,0
91487,1,1,0.9998313,1
91488,0,0,0.2549725,1
91489,1,1,0.753512,1
91490,0,0,0.06435884,1
91491,1,1,0.999984,1
91492,1,1,1.0,1
91493,1,1,0.9999995,1
91494,0,0,0.12879884,1
91495,0,0,0.07524433,1
91496,1,1,0.9996886,1
91497,1,1,0.9494823,1
91498,0,0,0.04560694,1
91499,0,1,0.9996911,0
91500,0,1,0.47244003,0
91501,1,1,0.9336126,1
91502,1,0,0.0015947326,0
91503,1,1,0.9989617,1
91504,0,0,0.0051196762,1
91505,0,0,0.0548532,1
91506,1,1,0.9999999,1
91507,1,1,0.99994934,1
91508,1,0,0.06791668,0
91509,1,1,0.99998224,1
91510,0,1,0.6972483,0
91511,0,0,0.014813886,1
91512,0,1,0.99351174,0
91513,1,1,0.9999999,1
91514,1,1,0.9997241,1
91515,1,1,0.9967013,1
91516,1,1,0.99992657,1
91517,0,0,0.22499062,1
91518,1,1,0.65318227,1
91519,0,0,0.34726036,1
91520,1,1,0.8394709,1
91521,1,0,0.34875602,0
91522,1,1,0.99318933,1
91523,1,0,0.2648334,0
91524,1,1,1.0,1
91525,1,1,0.9784466,1
91526,1,1,0.9998771,1
91527,0,1,0.73876333,0
91528,1,1,0.9999931,1
91529,1,1,0.9999989,1
91530,1,0,0.019870713,0
91531,1,1,0.9992889,1
91532,1,1,0.99999976,1
91533,1,1,0.9999896,1
91534,1,1,0.5224458,1
91535,1,1,0.42772537,1
91536,1,1,1.0,1
91537,0,1,0.9823047,0
91538,0,1,0.99564314,0
91539,0,0,0.14878777,1
91540,1,1,1.0,1
91541,1,1,1.0,1
91542,0,0,0.24626137,1
91543,0,1,0.99225944,0
91544,0,1,0.99929726,0
91545,0,0,0.059155874,1
91546,0,1,0.8062431,0
91547,1,1,0.8668104,1
91548,0,0,0.08144666,1
91549,0,1,0.561305,0
91550,1,1,0.882022,1
91551,0,0,0.14915918,1
91552,1,1,0.9999989,1
91553,0,1,0.9019207,0
91554,0,0,0.24166831,1
91555,0,1,1.0,0
91556,1,1,1.0,1
91557,1,1,0.9959299,1
91558,0,1,0.7162186,0
91559,1,1,0.991339,1
91560,0,1,0.9349913,0
91561,0,1,0.9722835,0
91562,1,0,0.09696201,0
91563,0,0,0.1468197,1
91564,0,0,0.031768616,1
91565,1,1,1.0,1
91566,0,1,0.38332385,0
91567,1,1,0.9994777,1
91568,0,0,0.05834584,1
91569,1,1,1.0,1
91570,1,1,0.9999858,1
91571,0,1,0.99999225,0
91572,1,0,0.033875983,0
91573,0,0,0.17567943,1
91574,1,1,0.9999999,1
91575,1,1,0.9999454,1
91576,0,0,0.0871745,1
91577,1,1,0.39041775,1
91578,1,1,0.9999596,1
91579,0,0,0.03825006,1
91580,1,1,0.9999832,1
91581,1,1,0.99952805,1
91582,0,0,0.19375685,1
91583,1,1,0.9999995,1
91584,1,1,0.9999989,1
91585,1,1,0.9999999,1
91586,1,1,0.9999865,1
91587,1,0,0.107812636,0
91588,0,1,0.8251675,0
91589,0,0,0.04560694,1
91590,0,0,0.027376488,1
91591,0,0,0.13834533,1
91592,1,1,0.98262435,1
91593,1,1,0.99974984,1
91594,1,1,0.98319834,1
91595,0,0,0.03581319,1
91596,1,1,0.9982893,1
91597,1,1,0.9999676,1
91598,0,0,0.29634872,1
91599,0,0,0.09687654,1
91600,1,1,0.99999547,1
91601,0,1,0.81070375,0
91602,1,0,0.068040416,0
91603,1,1,0.9999995,1
91604,0,1,0.9985758,0
91605,1,0,0.051558185,0
91606,1,0,0.19102567,0
91607,0,0,0.21190566,1
91608,1,1,0.9999491,1
91609,0,1,0.49169996,0
91610,0,0,0.33977285,1
91611,1,1,0.99997103,1
91612,0,0,0.13341522,1
91613,1,1,0.99951315,1
91614,0,0,0.0032350556,1
91615,1,1,1.0,1
91616,0,1,0.8736466,0
91617,0,0,0.0369428,1
91618,0,0,0.297572,1
91619,1,0,0.14336753,0
91620,0,1,0.9835022,0
91621,0,0,0.2026798,1
91622,1,1,1.0,1
91623,1,0,0.32498476,0
91624,1,0,0.004573864,0
91625,1,1,0.9999994,1
91626,1,1,1.0,1
91627,0,1,0.9766915,0
91628,1,1,0.5943159,1
91629,0,0,0.168583,1
91630,1,1,1.0,1
91631,0,0,0.33328617,1
91632,1,1,0.8630457,1
91633,1,1,0.8384153,1
91634,0,0,0.27091402,1
91635,1,1,0.9999311,1
91636,1,0,0.04782452,0
91637,0,1,0.7979507,0
91638,0,0,0.14217234,1
91639,0,1,0.9793738,0
91640,0,1,0.7602949,0
91641,0,1,0.8178656,0
91642,1,1,0.99996436,1
91643,0,1,0.53005403,0
91644,1,1,0.590425,1
91645,1,1,0.99983263,1
91646,1,1,0.9994917,1
91647,0,0,0.11436852,1
91648,0,1,0.99014014,0
91649,1,1,1.0,1
91650,0,0,0.08210661,1
91651,0,1,0.730338,0
91652,1,1,0.9964412,1
91653,1,1,0.9999975,1
91654,1,0,0.160069,0
91655,1,1,0.8898164,1
91656,0,1,0.9992606,0
91657,0,1,0.9948303,0
91658,1,1,0.6769937,1
91659,1,1,0.9759694,1
91660,1,1,0.757346,1
91661,1,1,0.99794525,1
91662,0,1,0.9996699,0
91663,0,1,0.8665848,0
91664,1,1,0.99975556,1
91665,1,1,1.0,1
91666,0,1,0.6095823,0
91667,1,1,0.9916196,1
91668,1,1,0.9463493,1
91669,0,0,0.00069324224,1
91670,0,0,0.039416388,1
91671,1,1,1.0,1
91672,0,1,0.4461327,0
91673,0,1,0.39291903,0
91674,1,1,0.9999993,1
91675,1,1,0.9999924,1
91676,1,1,1.0,1
91677,1,0,0.10411242,0
91678,0,1,0.9999237,0
91679,1,1,0.9999894,1
91680,1,0,0.0034496887,0
91681,1,1,0.9999877,1
91682,1,1,0.9999999,1
91683,1,1,0.9548583,1
91684,0,0,0.080069266,1
91685,0,1,0.9847083,0
91686,0,0,0.07647662,1
91687,1,0,0.010189338,0
91688,1,0,0.1850619,0
91689,1,1,0.9999881,1
91690,1,1,0.9406263,1
91691,1,1,0.87800074,1
91692,1,1,0.5622966,1
91693,0,1,0.85318035,0
91694,0,0,0.08173938,1
91695,1,1,0.98623115,1
91696,1,0,0.008015269,0
91697,1,1,0.99887747,1
91698,0,1,0.9989759,0
91699,0,1,0.49572763,0
91700,0,1,0.9567556,0
91701,1,1,0.9155828,1
91702,0,1,0.9946568,0
91703,1,1,0.5089102,1
91704,1,1,0.99996483,1
91705,1,1,1.0,1
91706,1,0,0.20882359,0
91707,1,0,0.013795365,0
91708,1,1,1.0,1
91709,1,1,0.9999379,1
91710,1,1,0.9997677,1
91711,1,1,1.0,1
91712,0,0,0.0548532,1
91713,0,1,0.9970305,0
91714,1,1,0.5148882,1
91715,1,1,0.99998736,1
91716,0,1,0.38442096,0
91717,0,0,0.3338832,1
91718,0,1,1.0,0
91719,0,0,0.20713452,1
91720,1,1,0.972178,1
91721,1,1,0.9744105,1
91722,1,0,0.07323097,0
91723,1,1,0.65329283,1
91724,0,0,0.168583,1
91725,1,1,0.98680264,1
91726,1,0,0.049313605,0
91727,1,0,0.1596755,0
91728,1,1,0.99693656,1
91729,0,1,0.9019207,0
91730,0,1,0.99963164,0
91731,0,1,0.9300146,0
91732,1,1,1.0,1
91733,0,1,0.3894885,0
91734,1,0,0.04822634,0
91735,1,1,0.99983656,1
91736,0,1,0.63119656,0
91737,0,1,0.6746403,0
91738,0,1,0.996503,0
91739,0,0,0.10875559,1
91740,0,1,0.9313377,0
91741,0,1,0.8356178,0
91742,0,1,0.9999962,0
91743,1,0,0.25413856,0
91744,1,0,0.121112876,0
91745,1,1,0.99999964,1
91746,1,1,0.7829116,1
91747,1,1,1.0,1
91748,1,0,0.09885954,0
91749,1,1,0.9966036,1
91750,1,1,0.93257624,1
91751,1,1,0.9999995,1
91752,1,1,1.0,1
91753,1,1,0.9994012,1
91754,0,1,0.9572778,0
91755,1,1,0.9999969,1
91756,1,1,0.99762183,1
91757,1,1,0.9928231,1
91758,1,1,0.8889517,1
91759,0,1,0.9999999,0
91760,0,0,0.013376604,1
91761,1,1,0.9998505,1
91762,1,1,1.0,1
91763,1,0,0.0039224476,0
91764,0,1,0.99956185,0
91765,1,1,0.99945897,1
91766,1,1,0.99991965,1
91767,0,1,0.99903023,0
91768,0,0,0.08740792,1
91769,0,1,0.8539127,0
91770,1,1,0.9869544,1
91771,0,1,0.891055,0
91772,0,0,0.058292214,1
91773,0,1,0.3657681,0
91774,1,1,0.9455002,1
91775,0,1,0.5451041,0
91776,1,1,0.6054492,1
91777,1,1,0.9999528,1
91778,0,0,0.0004029052,1
91779,0,0,0.23686911,1
91780,0,1,0.77848095,0
91781,1,1,0.9998293,1
91782,1,1,0.6184924,1
91783,1,1,0.94877505,1
91784,1,1,0.9905874,1
91785,0,1,0.99580115,0
91786,0,0,0.28046855,1
91787,0,0,0.30533472,1
91788,1,1,1.0,1
91789,1,1,0.9326989,1
91790,0,0,0.04146227,1
91791,0,0,0.13150749,1
91792,1,1,1.0,1
91793,0,1,0.9906419,0
91794,1,1,0.99972624,1
91795,0,0,0.018264279,1
91796,1,1,0.9280184,1
91797,1,1,0.43914595,1
91798,1,1,0.999049,1
91799,1,1,0.39869907,1
91800,1,1,0.9968273,1
91801,1,0,0.16776335,0
91802,1,1,0.8833366,1
91803,1,1,0.999964,1
91804,0,1,0.7797414,0
91805,0,1,0.42092687,0
91806,1,0,0.10293422,0
91807,1,1,1.0,1
91808,1,0,0.088820286,0
91809,1,1,1.0,1
91810,1,1,0.6213686,1
91811,1,1,0.99448806,1
91812,0,0,0.2590751,1
91813,1,1,0.99999607,1
91814,1,1,1.0,1
91815,1,1,0.99999726,1
91816,0,1,0.40341997,0
91817,1,0,0.041230027,0
91818,1,1,1.0,1
91819,0,1,0.41084492,0
91820,0,1,0.9998981,0
91821,0,0,0.10411242,1
91822,1,1,0.9983612,1
91823,0,1,0.74761593,0
91824,0,0,0.011869121,1
91825,1,0,0.049039625,0
91826,0,1,0.38575062,0
91827,0,1,0.9986749,0
91828,0,0,0.05179748,1
91829,1,1,0.99981695,1
91830,1,1,0.9989454,1
91831,0,1,0.40868968,0
91832,0,0,0.111967385,1
91833,0,0,0.06779314,1
91834,1,1,0.99999905,1
91835,1,0,0.114665605,0
91836,0,1,0.99179614,0
91837,1,0,0.0282746,0
91838,0,0,0.19390948,1
91839,0,1,0.9747971,0
91840,1,1,0.35812852,1
91841,0,0,0.17231107,1
91842,0,0,0.02371207,1
91843,0,0,0.19620943,1
91844,1,1,0.9999999,1
91845,0,1,0.50799495,0
91846,1,1,0.88100195,1
91847,0,1,0.38127714,0
91848,1,1,0.8609547,1
91849,0,0,0.13817081,1
91850,1,1,1.0,1
91851,0,1,0.9790558,0
91852,1,1,0.99944395,1
91853,1,1,0.55700207,1
91854,1,1,0.99944395,1
91855,0,0,0.096705794,1
91856,0,1,0.99987173,0
91857,1,1,1.0,1
91858,1,1,0.999666,1
91859,0,1,0.9336126,0
91860,0,0,0.1338675,1
91861,1,1,0.99999034,1
91862,1,1,0.99502736,1
91863,1,1,0.8000679,1
91864,1,1,0.9999999,1
91865,0,0,0.0871745,1
91866,1,1,0.9988418,1
91867,1,0,0.1588256,0
91868,1,1,1.0,1
91869,1,1,0.99664307,1
91870,1,0,0.3468178,0
91871,0,1,0.47371808,0
91872,0,1,0.70176417,0
91873,0,0,0.02824778,1
91874,0,1,0.4574397,0
91875,1,1,0.78199726,1
91876,0,1,0.59136933,0
91877,1,0,0.12857984,0
91878,0,1,0.7851439,0
91879,0,0,0.22219339,1
91880,0,1,0.93721074,0
91881,0,0,0.14841712,1
91882,1,0,0.08240149,0
91883,1,0,0.09929539,0
91884,1,0,0.29350573,0
91885,1,1,0.9999949,1
91886,1,0,0.17610413,0
91887,0,0,0.0034096355,1
91888,1,1,0.982117,1
91889,0,1,1.0,0
91890,1,1,1.0,1
91891,1,1,0.9995876,1
91892,1,1,0.9708264,1
91893,1,1,0.99985516,1
91894,0,0,0.18668744,1
91895,0,1,0.56499875,0
91896,0,0,0.02663241,1
91897,1,0,0.31195062,0
91898,1,0,0.034132607,0
91899,1,1,0.9806919,1
91900,0,0,0.13869494,1
91901,1,0,0.00053161324,0
91902,1,0,0.07871317,0
91903,1,1,0.66252357,1
91904,0,0,0.12940273,1
91905,0,0,0.07323097,1
91906,1,1,1.0,1
91907,0,1,0.9538373,0
91908,1,1,0.7106785,1
91909,0,0,0.14276889,1
91910,1,1,0.96021223,1
91911,1,1,1.0,1
91912,0,0,0.0551069,1
91913,0,0,0.34021112,1
91914,1,1,1.0,1
91915,1,1,1.0,1
91916,0,0,0.07921033,1
91917,1,1,0.82893884,1
91918,1,1,0.9132906,1
91919,0,1,0.41676694,0
91920,1,0,0.0606962,0
91921,0,1,0.9952448,0
91922,0,1,0.9991541,0
91923,0,0,0.08748585,1
91924,1,1,0.7498207,1
91925,1,1,1.0,1
91926,0,1,0.5795789,0
91927,1,1,0.9952632,1
91928,0,1,0.599954,0
91929,0,1,0.99178034,0
91930,1,1,0.85669243,1
91931,0,1,0.9537082,0
91932,1,1,1.0,1
91933,1,1,1.0,1
91934,1,1,1.0,1
91935,1,1,0.77864933,1
91936,1,1,0.97691274,1
91937,0,1,0.9635062,0
91938,0,0,0.010797569,1
91939,0,1,0.5706305,0
91940,1,0,0.13240233,0
91941,0,0,0.2043419,1
91942,1,1,0.9999994,1
91943,1,1,1.0,1
91944,0,0,0.22601396,1
91945,1,0,0.052814018,0
91946,1,0,0.08225394,0
91947,1,1,1.0,1
91948,1,1,0.97885466,1
91949,1,1,0.99903786,1
91950,1,0,0.15817434,0
91951,1,0,1.791799e-05,0
91952,1,1,1.0,1
91953,1,1,1.0,1
91954,1,0,0.24653336,0
91955,1,1,0.99997115,1
91956,0,1,0.96820134,0
91957,1,1,0.86025184,1
91958,1,1,1.0,1
91959,1,1,0.4334418,1
91960,1,1,0.98720354,1
91961,1,1,0.9611345,1
91962,0,1,0.9474297,0
91963,1,1,0.999572,1
91964,0,1,0.9700419,0
91965,1,1,0.8700462,1
91966,1,1,1.0,1
91967,0,0,0.004256349,1
91968,1,1,1.0,1
91969,0,1,0.3671568,0
91970,1,1,0.9999968,1
91971,0,1,1.0,0
91972,0,0,0.076132484,1
91973,1,1,0.9315248,1
91974,1,0,0.0416178,0
91975,0,0,0.04751418,1
91976,0,0,0.18395983,1
91977,0,1,0.81047887,0
91978,0,1,0.7955787,0
91979,0,1,0.8502201,0
91980,1,1,0.55730325,1
91981,0,1,0.934455,0
91982,0,1,0.44957387,0
91983,0,0,0.10434035,1
91984,1,0,0.020527788,0
91985,1,0,0.00030297338,0
91986,1,1,1.0,1
91987,0,1,0.60118383,0
91988,1,1,0.99986064,1
91989,1,1,0.99975365,1
91990,0,0,0.17412922,1
91991,1,0,0.17724052,0
91992,0,0,0.050237365,1
91993,1,1,0.99999034,1
91994,0,1,0.96210754,0
91995,0,1,1.0,0
91996,1,1,0.8512122,1
91997,1,0,0.014145104,0
91998,1,1,1.0,1
91999,0,0,0.030157411,1
92000,1,1,1.0,1
92001,0,1,0.9988418,0
92002,0,0,0.27250826,1
92003,1,0,0.27815872,0
92004,1,1,1.0,1
92005,1,1,0.9999974,1
92006,1,1,0.99771726,1
92007,0,1,0.45492616,0
92008,1,0,0.21149823,0
92009,1,1,0.3685193,1
92010,0,0,0.14217234,1
92011,1,1,1.0,1
92012,1,1,0.9999969,1
92013,1,0,0.1509652,0
92014,0,0,0.2671213,1
92015,1,0,0.16919987,0
92016,1,1,1.0,1
92017,0,0,0.03274404,1
92018,1,1,1.0,1
92019,0,0,0.161717,1
92020,1,0,0.27101046,0
92021,1,0,0.022435622,0
92022,0,1,0.6870529,0
92023,0,1,0.99997306,0
92024,0,1,0.99600047,0
92025,0,1,0.47079742,0
92026,1,1,0.99273914,1
92027,1,0,0.103205055,0
92028,0,1,0.7550053,0
92029,1,1,1.0,1
92030,1,1,0.9534921,1
92031,1,0,0.034358688,0
92032,1,1,0.9987649,1
92033,0,1,0.48325214,0
92034,0,0,0.030967517,1
92035,0,1,1.0,0
92036,1,1,0.99987996,1
92037,0,1,0.9905874,0
92038,0,0,0.014813886,1
92039,1,1,1.0,1
92040,0,0,0.14614818,1
92041,1,1,1.0,1
92042,0,1,0.3671568,0
92043,1,1,0.8898164,1
92044,0,1,0.57349926,0
92045,1,1,1.0,1
92046,1,0,0.14934519,0
92047,1,1,0.99881905,1
92048,0,0,0.2796809,1
92049,1,1,0.99591404,1
92050,0,1,0.4792295,0
92051,0,1,0.9114165,0
92052,1,1,1.0,1
92053,1,1,0.9124362,1
92054,0,0,0.008172064,1
92055,0,0,0.058131598,1
92056,1,1,1.0,1
92057,1,1,1.0,1
92058,0,1,0.45187068,0
92059,1,1,1.0,1
92060,1,1,0.99491996,1
92061,1,1,0.3603202,1
92062,1,1,0.9996886,1
92063,1,1,0.9747971,1
92064,1,1,0.80271024,1
92065,1,1,0.99991035,1
92066,1,1,0.997917,1
92067,1,1,1.0,1
92068,1,1,0.99999654,1
92069,0,0,0.099120855,1
92070,0,0,0.08321738,1
92071,1,1,1.0,1
92072,1,1,1.0,1
92073,1,1,1.0,1
92074,1,1,1.0,1
92075,0,0,0.26388383,1
92076,0,1,0.9999522,0
92077,1,1,0.69383615,1
92078,1,1,0.99968743,1
92079,0,0,0.3437271,1
92080,1,0,0.037714817,0
92081,1,1,0.9999738,1
92082,0,1,0.6838947,0
92083,0,0,0.03722176,1
92084,1,1,1.0,1
92085,1,1,0.9896318,1
92086,0,0,0.21850257,1
92087,0,0,0.02017732,1
92088,1,1,0.9999994,1
92089,0,0,0.15342228,1
92090,0,1,0.967194,0
92091,1,0,0.2680783,0
92092,1,0,0.2705766,0
92093,0,1,0.8750415,0
92094,0,0,0.0023459073,1
92095,1,1,0.726959,1
92096,1,1,1.0,1
92097,1,1,0.98934746,1
92098,1,1,1.0,1
92099,0,1,0.9615699,0
92100,1,1,1.0,1
92101,1,1,0.9961004,1
92102,0,0,0.16552565,1
92103,1,1,1.0,1
92104,1,1,0.9999958,1
92105,0,1,0.9994653,0
92106,1,1,0.7643643,1
92107,1,1,0.589421,1
92108,0,1,0.95296955,0
92109,1,1,1.0,1
92110,1,0,0.083515875,0
92111,0,0,0.019606182,1
92112,1,1,0.99996984,1
92113,1,1,0.99958104,1
92114,0,0,0.059921406,1
92115,0,1,0.459925,0
92116,1,1,0.9947595,1
92117,1,0,0.13992442,0
92118,1,1,0.9999999,1
92119,0,0,0.1447523,1
92120,0,1,0.93451476,0
92121,1,1,0.99985623,1
92122,1,1,0.9956937,1
92123,1,1,0.9999995,1
92124,1,0,0.07892589,0
92125,1,1,0.9766024,1
92126,1,1,1.0,1
92127,0,1,0.92296976,0
92128,0,1,0.55416894,0
92129,1,1,0.9997508,1
92130,0,1,0.95561,0
92131,1,1,0.99999976,1
92132,0,1,0.9992267,0
92133,1,1,0.99999976,1
92134,0,0,0.19064869,1
92135,1,0,0.28696787,0
92136,1,1,1.0,1
92137,0,0,0.03504564,1
92138,1,0,0.051177494,0
92139,1,1,1.0,1
92140,1,1,0.9805993,1
92141,0,1,0.9989975,0
92142,0,1,0.9999999,0
92143,0,0,0.098946586,1
92144,0,0,0.103930384,1
92145,0,1,0.4802349,0
92146,0,1,0.900267,0
92147,0,0,0.18097351,1
92148,1,1,0.8097278,1
92149,1,1,0.8251675,1
92150,0,1,0.56997234,0
92151,1,1,0.47932085,1
92152,1,0,0.093678005,0
92153,1,1,0.95068645,1
92154,1,1,0.9999963,1
92155,0,0,0.083291925,1
92156,0,0,0.08733005,1
92157,1,1,1.0,1
92158,0,1,0.5699125,0
92159,0,0,0.11476479,1
92160,1,0,0.23265864,0
92161,0,0,0.13992442,1
92162,1,1,0.9999988,1
92163,0,1,0.5173271,0
92164,0,0,0.066629894,1
92165,0,1,0.98932695,0
92166,1,1,0.9604354,1
92167,1,0,0.08616955,0
92168,1,1,0.72189033,1
92169,1,1,0.5192776,1
92170,0,0,0.10212547,1
92171,0,0,0.014672034,1
92172,1,1,1.0,1
92173,0,0,0.11104826,1
92174,0,1,0.5118996,0
92175,1,1,0.99010193,1
92176,1,1,0.999984,1
92177,0,0,0.24598956,1
92178,1,0,0.028652672,0
92179,1,1,0.9999999,1
92180,0,1,0.9951231,0
92181,1,1,0.99999976,1
92182,1,1,0.9985896,1
92183,1,1,0.5337013,1
92184,1,0,0.28120816,0
92185,1,1,0.723456,1
92186,1,1,0.9999517,1
92187,1,0,0.1435475,0
92188,1,1,0.42378587,1
92189,1,0,0.052230857,0
92190,1,1,0.9999008,1
92191,1,1,1.0,1
92192,0,1,0.8440237,0
92193,0,1,0.6949759,0
92194,0,0,0.0041987947,1
92195,0,1,0.50311273,0
92196,1,0,0.037082024,0
92197,1,0,0.018564347,0
92198,1,0,0.30084828,0
92199,0,1,0.8156734,0
92200,1,1,0.99999964,1
92201,0,1,0.41706368,0
92202,0,0,0.06435884,1
92203,0,0,0.12678519,1
92204,1,1,1.0,1
92205,1,0,0.22185604,0
92206,1,1,0.48114908,1
92207,1,1,0.98866826,1
92208,1,0,0.27357438,0
92209,0,0,0.14069007,1
92210,1,1,1.0,1
92211,1,0,0.33301497,0
92212,1,1,1.0,1
92213,1,1,0.99700147,1
92214,1,1,0.99228936,1
92215,1,0,0.0139557095,0
92216,0,1,0.43152428,0
92217,0,1,0.8177201,0
92218,1,0,0.30466193,0
92219,0,0,0.20505732,1
92220,1,1,0.9305214,1
92221,1,1,0.99999475,1
92222,1,0,0.24689633,0
92223,1,1,1.0,1
92224,0,0,0.22084618,1
92225,1,0,0.057440385,0
92226,1,1,0.9874479,1
92227,0,1,0.38491216,0
92228,1,0,0.21321328,0
92229,1,0,0.26870146,0
92230,0,0,0.037892424,1
92231,1,0,0.030357989,0
92232,0,0,0.09602549,1
92233,1,1,0.9993988,1
92234,1,1,0.9989837,1
92235,1,1,0.9987888,1
92236,1,1,0.9995566,1
92237,0,0,0.14841712,1
92238,0,0,0.21076632,1
92239,1,1,0.99991775,1
92240,1,1,0.47852883,1
92241,1,1,0.99999964,1
92242,0,0,0.3054901,1
92243,1,1,0.9999994,1
92244,0,0,0.06278921,1
92245,0,0,0.28716773,1
92246,0,1,0.9998505,0
92247,0,1,0.9999701,0
92248,0,1,0.72637707,0
92249,1,1,0.9922444,1
92250,0,1,0.9983158,0
92251,1,1,1.0,1
92252,0,1,0.99865675,0
92253,1,1,0.95239735,1
92254,0,0,0.15266278,1
92255,1,0,0.13540348,0
92256,1,1,0.99999785,1
92257,1,1,0.99999905,1
92258,1,1,0.9704367,1
92259,1,1,0.9997316,1
92260,0,0,0.30120787,1
92261,0,1,0.89724606,0
92262,1,1,0.7220863,1
92263,1,1,0.98215127,1
92264,0,1,0.86826926,0
92265,0,1,0.54698014,0
92266,1,1,0.91573364,1
92267,1,1,0.96580297,1
92268,0,0,0.05623634,1
92269,0,1,0.831006,0
92270,0,0,0.09947022,1
92271,0,0,0.0069576083,1
92272,1,1,0.9109423,1
92273,1,1,1.0,1
92274,1,1,1.0,1
92275,1,1,0.9992649,1
92276,1,1,0.98141783,1
92277,0,1,0.42670977,0
92278,1,1,0.99999523,1
92279,1,1,0.9995819,1
92280,0,1,0.99995995,0
92281,1,1,0.99986815,1
92282,1,0,0.11711697,0
92283,1,1,0.99861145,1
92284,0,1,0.99999905,0
92285,0,1,0.999997,0
92286,0,1,0.99996865,0
92287,1,1,0.94639885,1
92288,0,0,0.08336651,1
92289,1,1,0.99999845,1
92290,0,0,0.045734633,1
92291,0,0,0.17795369,1
92292,0,1,0.43902567,0
92293,1,1,0.64226425,1
92294,0,1,0.6280083,0
92295,1,1,0.9997843,1
92296,0,0,0.0726367,1
92297,0,0,0.18432663,1
92298,0,0,0.27386558,1
92299,1,0,0.2708658,0
92300,1,0,0.15140381,0
92301,1,0,0.20244318,0
92302,0,1,0.999071,0
92303,0,0,0.07942426,1
92304,1,1,0.99986494,1
92305,0,0,0.12635334,1
92306,1,1,0.5614553,1
92307,1,1,0.9999981,1
92308,0,0,0.018246775,1
92309,1,1,0.8928432,1
92310,1,1,0.99999976,1
92311,0,0,0.024007749,1
92312,1,1,0.9997749,1
92313,1,1,0.99999976,1
92314,0,0,0.094426885,1
92315,1,1,1.0,1
92316,1,1,0.5794004,1
92317,1,1,0.99999976,1
92318,0,1,0.44360042,0
92319,0,0,0.0794957,1
92320,0,0,0.0362883,1
92321,1,0,0.005458661,0
92322,1,1,0.9997428,1
92323,1,1,0.99629277,1
92324,1,1,0.99999976,1
92325,0,0,0.036631368,1
92326,1,1,0.90982693,1
92327,0,0,0.091544405,1
92328,1,1,0.99999905,1
92329,0,0,0.10762492,1
92330,0,0,0.11889567,1
92331,1,1,1.0,1
92332,1,1,0.9998752,1
92333,0,0,0.08756384,1
92334,1,1,0.99995303,1
92335,0,0,0.2552508,1
92336,1,1,0.99999,1
92337,1,0,0.2574849,0
92338,1,0,0.18877222,0
92339,0,1,0.99999,0
92340,0,1,0.47484425,0
92341,0,1,0.8446654,0
92342,0,0,0.32541338,1
92343,1,1,1.0,1
92344,0,0,0.09409338,1
92345,1,0,0.13887003,0
92346,1,1,0.9999999,1
92347,1,1,0.6712012,1
92348,0,1,0.99999774,0
92349,0,1,0.99999595,0
92350,0,1,0.63945466,0
92351,1,1,0.7710256,1
92352,1,1,0.9993487,1
92353,1,1,1.0,1
92354,1,1,0.98173577,1
92355,0,0,0.21692254,1
92356,0,0,0.034261618,1
92357,1,0,0.1265691,0
92358,0,0,0.026255298,1
92359,0,0,0.05515777,1
92360,1,0,0.2247353,0
92361,0,0,0.06916357,1
92362,1,1,0.9999995,1
92363,0,1,0.49490377,0
92364,1,1,0.99952257,1
92365,0,1,0.99053264,0
92366,0,1,0.90337944,0
92367,1,1,0.9979292,1
92368,0,0,0.081154905,1
92369,0,1,0.43476126,0
92370,0,0,0.17924303,1
92371,0,1,0.6597889,0
92372,1,1,0.9997075,1
92373,1,1,1.0,1
92374,0,1,0.9999987,0
92375,1,1,0.9999958,1
92376,0,1,0.99997556,0
92377,1,1,0.99999845,1
92378,1,0,0.1328517,0
92379,0,0,0.26095405,1
92380,1,1,0.9998233,1
92381,1,0,0.026255298,0
92382,0,1,0.8113773,0
92383,1,0,0.045225907,0
92384,1,0,0.1800346,0
92385,0,1,0.8587186,0
92386,1,1,0.99999917,1
92387,0,0,0.02573606,1
92388,0,0,0.112942085,1
92389,0,1,0.43668208,0
92390,0,1,0.9638481,0
92391,1,1,1.0,1
92392,1,1,0.9759694,1
92393,1,1,0.9595731,1
92394,0,1,0.99984825,0
92395,0,0,0.065604836,1
92396,1,1,0.9998859,1
92397,0,1,0.40025112,0
92398,1,1,0.7895584,1
92399,1,1,0.96138906,1
92400,1,1,0.7266681,1
92401,0,0,0.037186775,1
92402,1,0,0.16384642,0
92403,1,1,1.0,1
92404,1,1,0.9999989,1
92405,1,1,0.9999999,1
92406,1,1,0.9999995,1
92407,0,1,0.43002763,0
92408,0,0,0.15418488,1
92409,0,0,0.07899691,1
92410,1,1,0.98651993,1
92411,1,1,0.9998752,1
92412,0,0,0.2033909,1
92413,0,0,0.08321738,1
92414,0,0,0.12304914,1
92415,1,1,0.9999926,1
92416,0,1,0.618262,0
92417,0,1,0.99999917,0
92418,1,1,0.9999969,1
92419,1,1,0.99961627,1
92420,0,1,0.5895392,0
92421,0,0,0.06542547,1
92422,1,1,0.99999976,1
92423,0,1,0.94458723,0
92424,1,1,0.79486305,1
92425,1,1,0.9984723,1
92426,1,1,1.0,1
92427,1,1,1.0,1
92428,1,1,1.0,1
92429,0,1,0.8260112,0
92430,0,0,0.048405956,1
92431,0,1,0.4545932,0
92432,1,1,0.99999833,1
92433,0,0,0.1266231,1
92434,1,0,0.21975583,0
92435,0,1,0.997917,0
92436,0,0,0.22850062,1
92437,1,1,0.9997594,1
92438,1,0,0.074365705,0
92439,0,0,0.1384618,1
92440,1,0,0.073430054,0
92441,1,1,0.9608783,1
92442,1,0,0.09859886,0
92443,0,1,0.64159083,0
92444,0,0,0.27761984,1
92445,1,1,1.0,1
92446,0,1,0.6512995,0
92447,1,1,0.924347,1
92448,1,0,0.12651514,0
92449,0,1,0.9224824,0
92450,1,1,0.8236123,1
92451,1,0,0.2403286,0
92452,1,1,0.9999999,1
92453,0,1,0.7797414,0
92454,1,1,1.0,1
92455,0,0,0.24355245,1
92456,0,1,0.9723885,0
92457,0,1,0.4608651,0
92458,1,1,0.999998,1
92459,1,0,0.06518703,0
92460,1,1,0.9999989,1
92461,0,0,0.24310295,1
92462,1,1,0.9999975,1
92463,1,1,0.99998176,1
92464,1,1,0.98102194,1
92465,1,1,1.0,1
92466,1,1,0.99999964,1
92467,1,1,1.0,1
92468,0,0,0.0551069,1
92469,0,0,0.100348406,1
92470,0,1,0.8022459,0
92471,0,0,0.08240149,1
92472,1,1,0.999936,1
92473,1,1,0.9998666,1
92474,0,0,0.06301948,1
92475,0,1,0.9015746,0
92476,1,1,0.9998795,1
92477,1,0,0.13974822,0
92478,1,0,0.032713126,0
92479,1,1,0.9938309,1
92480,1,1,1.0,1
92481,0,0,0.24211602,1
92482,1,0,0.08517511,0
92483,1,1,0.8834373,1
92484,0,1,0.8559716,0
92485,0,1,0.44996658,0
92486,1,1,0.84208554,1
92487,1,0,0.1838133,0
92488,0,0,0.18257123,1
92489,1,1,0.8746137,1
92490,1,0,0.0876419,0
92491,0,1,0.7300494,0
92492,1,1,0.9662198,1
92493,0,0,0.006438102,1
92494,0,0,0.045862667,1
92495,1,0,0.06047389,0
92496,1,1,0.40066144,1
92497,1,0,0.22051026,0
92498,0,1,0.995488,0
92499,0,0,0.11318691,1
92500,1,1,0.7494999,1
92501,1,1,0.9999851,1
92502,1,1,0.8062431,1
92503,1,1,0.7242856,1
92504,1,0,0.10715685,0
92505,0,1,0.9615338,0
92506,1,1,0.99997663,1
92507,0,0,0.02094421,1
92508,1,1,1.0,1
92509,0,0,0.060975183,1
92510,1,0,0.18847331,0
92511,0,1,0.9999999,0
92512,0,1,0.9856353,0
92513,1,1,0.63482636,1
92514,1,1,0.9999784,1
92515,1,1,0.9969066,1
92516,0,0,0.018038029,1
92517,1,1,1.0,1
92518,1,1,0.97366965,1
92519,1,1,0.9603984,1
92520,0,1,0.9993724,0
92521,0,0,0.17996249,1
92522,0,0,0.055617616,1
92523,0,1,0.9103862,0
92524,0,0,0.06030764,1
92525,1,0,0.301722,0
92526,0,0,0.035078675,1
92527,0,1,0.87578696,0
92528,1,0,0.019738017,0
92529,1,1,0.9410612,1
92530,1,0,0.01605998,0
92531,1,1,0.87768656,1
92532,1,1,0.98507166,1
92533,1,1,1.0,1
92534,0,1,0.9997029,0
92535,0,0,0.10008423,1
92536,0,0,0.34015632,1
92537,1,1,0.9999918,1
92538,1,1,0.94176143,1
92539,1,1,0.7101763,1
92540,0,1,0.61895317,0
92541,0,0,0.043568812,1
92542,1,1,1.0,1
92543,1,1,0.37759802,1
92544,0,0,0.11308892,1
92545,1,1,0.8873023,1
92546,0,1,0.8891444,0
92547,1,0,0.065904796,0
92548,1,0,0.3256814,0
92549,1,0,0.042842172,0
92550,0,1,0.9534921,0
92551,0,0,0.1552705,1
92552,1,1,0.9975561,1
92553,0,0,0.08977329,1
92554,1,1,0.9998253,1
92555,1,1,1.0,1
92556,1,0,0.027901374,0
92557,0,0,0.16291203,1
92558,1,1,0.9997565,1
92559,1,0,0.02973191,0
92560,1,1,0.8217605,1
92561,1,0,0.25725162,0
92562,0,0,0.1470033,1
92563,1,0,0.25860673,0
92564,1,1,1.0,1
92565,1,1,0.99941504,1
92566,0,0,0.07483763,1
92567,1,1,1.0,1
92568,1,1,0.999729,1
92569,0,1,0.97828114,0
92570,1,1,1.0,1
92571,1,1,0.97275317,1
92572,1,0,0.18847331,0
92573,0,0,0.14294825,1
92574,1,1,0.99999976,1
92575,0,0,0.12469186,1
92576,0,0,0.03825006,1
92577,1,1,0.9999784,1
92578,0,0,0.24953869,1
92579,0,1,0.64159083,0
92580,1,1,1.0,1
92581,1,0,0.27786472,0
92582,1,0,0.07243961,0
92583,0,1,0.99584997,0
92584,1,0,0.045310315,0
92585,1,1,1.0,1
92586,1,1,1.0,1
92587,1,0,0.25137195,0
92588,1,1,0.9999635,1
92589,1,1,0.9568766,1
92590,1,1,0.9999981,1
92591,0,0,0.2026009,1
92592,1,1,1.0,1
92593,0,1,0.9786107,0
92594,0,1,0.9984573,0
92595,0,1,0.3800109,0
92596,1,1,0.7192358,1
92597,1,1,0.9997942,1
92598,1,1,0.90829307,1
92599,0,0,0.015860597,1
92600,1,1,0.99637836,1
92601,1,1,1.0,1
92602,1,1,1.0,1
92603,1,1,0.97790456,1
92604,1,1,0.9964204,1
92605,1,1,0.99999964,1
92606,0,0,0.053353984,1
92607,1,0,0.19752184,0
92608,1,1,0.99999976,1
92609,0,0,0.020508163,1
92610,0,0,0.08042967,1
92611,0,1,0.99999857,0
92612,0,0,0.052037824,1
92613,1,1,0.999949,1
92614,1,1,0.86001676,1
92615,1,1,0.9980354,1
92616,0,0,0.037892424,1
92617,1,1,0.998487,1
92618,0,1,0.9752254,0
92619,1,1,0.9197147,1
92620,1,1,0.9989837,1
92621,0,1,1.0,0
92622,0,0,0.08803311,1
92623,0,0,0.21452682,1
92624,1,1,0.99929035,1
92625,0,1,0.7199747,0
92626,1,1,0.93077356,1
92627,0,0,0.12984344,1
92628,1,1,0.9999968,1
92629,1,1,0.99916387,1
92630,0,1,0.9856353,0
92631,0,1,0.6793383,0
92632,0,0,0.03393996,1
92633,1,1,0.99653685,1
92634,0,0,0.10293422,1
92635,1,1,0.9999999,1
92636,1,0,0.16317856,0
92637,1,0,0.24617074,0
92638,1,1,0.99986446,1
92639,0,0,0.043691058,1
92640,1,1,0.943504,1
92641,1,1,0.9680808,1
92642,1,1,0.97093683,1
92643,0,0,0.14039516,1
92644,0,0,0.13649327,1
92645,1,1,1.0,1
92646,0,0,0.24193686,1
92647,1,1,0.9516839,1
92648,1,0,0.12522575,0
92649,1,1,0.99766326,1
92650,0,0,0.080069266,1
92651,1,1,0.5810654,1
92652,0,0,0.22627032,1
92653,1,0,0.096620515,0
92654,0,0,0.07030384,1
92655,1,1,0.7317301,1
92656,1,1,0.9999752,1
92657,0,0,0.15733096,1
92658,1,1,0.9999987,1
92659,0,1,0.9948403,0
92660,0,0,0.3506437,1
92661,0,0,0.21223202,1
92662,1,1,0.64170307,1
92663,1,1,0.99998987,1
92664,0,0,0.019662574,1
92665,0,0,0.10212547,1
92666,0,1,0.5859899,0
92667,1,1,1.0,1
92668,1,1,0.9999728,1
92669,1,1,0.99999416,1
92670,1,1,0.64360934,1
92671,1,1,0.9882449,1
92672,1,1,0.99894744,1
92673,1,1,0.7190878,1
92674,0,1,0.38763237,0
92675,1,1,0.998242,1
92676,1,0,0.16297863,0
92677,1,1,0.9999937,1
92678,1,1,1.0,1
92679,0,0,0.07185127,1
92680,1,1,0.99997604,1
92681,0,1,0.8928432,0
92682,1,1,0.99998176,1
92683,0,0,0.17924303,1
92684,0,1,0.99880743,0
92685,1,1,0.99998844,1
92686,1,1,1.0,1
92687,1,0,0.023330769,0
92688,0,1,0.9981104,0
92689,1,1,0.9999995,1
92690,1,1,0.9997098,1
92691,0,1,0.9999975,0
92692,0,0,0.044931643,1
92693,1,1,0.99960107,1
92694,0,1,0.7358315,0
92695,1,1,0.99999976,1
92696,0,0,0.0091787735,1
92697,1,1,0.99999654,1
92698,0,0,0.25548297,1
92699,0,0,0.10008423,1
92700,0,0,0.30850264,1
92701,1,1,0.9999993,1
92702,0,0,0.023576804,1
92703,0,1,0.5047606,0
92704,0,1,0.9863105,0
92705,0,1,0.9728308,0
92706,1,1,0.9999995,1
92707,0,1,0.98173577,0
92708,1,1,0.99999905,1
92709,1,1,0.9999728,1
92710,0,0,0.30259714,1
92711,0,1,0.94767237,0
92712,0,0,0.036908068,1
92713,1,1,0.92775697,1
92714,1,1,0.99948174,1
92715,0,0,0.07126734,1
92716,0,0,0.02774289,1
92717,1,1,0.9936487,1
92718,1,1,0.9999993,1
92719,0,1,0.97786224,0
92720,1,1,1.0,1
92721,1,0,0.12158143,0
92722,1,1,0.7268136,1
92723,0,1,0.99957854,0
92724,0,0,0.3143662,1
92725,1,1,1.0,1
92726,1,0,0.34306657,0
92727,0,0,0.26469082,1
92728,1,1,0.45610693,1
92729,0,1,0.9943691,0
92730,1,1,0.9997203,1
92731,1,1,0.77990913,1
92732,0,1,0.97838473,0
92733,1,1,1.0,1
92734,1,1,0.99996686,1
92735,0,0,0.004054334,1
92736,1,0,0.08961382,0
92737,1,1,1.0,1
92738,0,0,0.049635064,1
92739,1,1,0.8868131,1
92740,0,1,0.3869951,0
92741,0,1,0.3986405,0
92742,0,1,0.6808256,0
92743,1,1,1.0,1
92744,0,0,0.11436852,1
92745,1,1,0.99596137,1
92746,1,1,0.99895763,1
92747,0,1,0.4681219,0
92748,0,0,0.0063021216,1
92749,0,0,0.06330841,1
92750,1,1,0.9999776,1
92751,0,0,0.058185086,1
92752,1,1,0.99999964,1
92753,1,1,0.9584989,1
92754,1,1,0.998662,1
92755,0,1,1.0,0
92756,0,0,0.05899303,1
92757,0,0,0.1201288,1
92758,1,1,0.8662457,1
92759,0,0,0.12984344,1
92760,0,0,0.31352484,1
92761,1,1,0.9990545,1
92762,1,1,0.93115014,1
92763,0,1,0.9999993,0
92764,1,1,0.6683935,1
92765,1,0,0.014117893,0
92766,1,1,0.7242856,1
92767,0,1,0.9999324,0
92768,1,1,0.99975747,1
92769,0,1,0.4007494,0
92770,0,0,0.09476145,1
92771,0,1,0.9390807,0
92772,0,1,0.50024414,0
92773,0,1,0.99972945,0
92774,0,1,0.61808914,0
92775,1,0,0.29946357,0
92776,0,0,0.069226466,1
92777,1,1,0.9946568,1
92778,1,0,0.008348053,0
92779,1,1,1.0,1
92780,0,0,0.021906365,1
92781,1,1,0.97682446,1
92782,1,1,0.9999168,1
92783,0,1,0.96631527,0
92784,0,1,0.46742293,0
92785,1,1,0.99999046,1
92786,1,1,0.9999968,1
92787,1,1,0.9459513,1
92788,0,1,0.99998176,0
92789,1,1,1.0,1
92790,1,1,1.0,1
92791,0,0,0.33578634,1
92792,1,1,0.9448422,1
92793,0,1,0.783823,0
92794,1,1,0.99999976,1
92795,1,1,0.99999917,1
92796,1,1,0.99978346,1
92797,0,0,0.25991955,1
92798,1,1,0.9999999,1
92799,0,0,0.21783629,1
92800,1,1,0.99999964,1
92801,0,1,0.99931085,0
92802,1,1,0.9216402,1
92803,0,0,0.3068385,1
92804,0,0,0.021287354,1
92805,1,1,0.9969897,1
92806,0,0,0.10580961,1
92807,1,1,0.99997795,1
92808,1,0,0.3063195,0
92809,0,1,0.9805248,0
92810,1,1,0.97877365,1
92811,0,0,0.025613915,1
92812,1,1,0.89552265,1
92813,1,1,1.0,1
92814,0,0,0.032961242,1
92815,1,1,0.9990545,1
92816,0,0,0.03007184,1
92817,0,1,0.9832628,0
92818,0,0,0.05531065,1
92819,0,0,0.044265874,1
92820,1,0,0.2758119,0
92821,0,0,0.07369626,1
92822,1,1,0.9998952,1
92823,1,1,0.92156965,1
92824,1,1,0.9998952,1
92825,0,0,0.17674264,1
92826,1,1,0.99999976,1
92827,0,0,0.3263251,1
92828,1,1,0.9982039,1
92829,1,1,0.9999845,1
92830,0,1,0.9628482,0
92831,0,1,0.9746045,0
92832,1,1,0.9999927,1
92833,0,1,0.453988,0
92834,0,0,0.29451925,1
92835,0,0,0.01287075,1
92836,0,0,0.007489624,1
92837,0,1,0.89688534,0
92838,0,1,0.37062395,0
92839,0,0,0.28572062,1
92840,0,1,0.9901782,0
92841,0,0,0.3041967,1
92842,1,1,0.4157881,1
92843,0,1,0.9263037,0
92844,0,1,0.70876724,0
92845,0,0,0.08151975,1
92846,1,1,0.9915052,1
92847,0,1,1.0,0
92848,0,0,0.003129736,1
92849,1,1,0.9999862,1
92850,1,1,0.9994116,1
92851,0,1,0.6801886,0
92852,0,0,0.19246344,1
92853,1,1,0.9999839,1
92854,0,0,0.018546565,1
92855,0,0,0.31289464,1
92856,1,1,0.9960238,1
92857,1,1,0.9999999,1
92858,0,1,0.64248854,0
92859,0,1,0.9807103,0
92860,1,1,0.65285033,1
92861,1,1,0.9999962,1
92862,1,1,0.99999964,1
92863,1,1,0.606615,1
92864,0,0,0.033621218,1
92865,1,1,0.9999552,1
92866,1,1,0.99892455,1
92867,1,1,0.9946568,1
92868,0,1,0.4524452,0
92869,0,1,0.995008,0
92870,1,0,0.272218,0
92871,1,1,0.9999995,1
92872,0,0,0.10922978,1
92873,1,1,0.9999982,1
92874,0,0,0.23361893,1
92875,1,0,0.30079696,0
92876,0,0,0.14866413,1
92877,1,1,0.9998313,1
92878,1,1,0.9964825,1
92879,1,0,0.051272422,0
92880,0,0,0.17147702,1
92881,1,1,0.99948174,1
92882,1,1,0.99908364,1
92883,1,0,0.13117322,0
92884,0,1,0.81873685,0
92885,0,0,0.17688479,1
92886,1,1,0.99998546,1
92887,1,1,0.9494355,1
92888,0,1,0.5866413,0
92889,0,0,0.02774289,1
92890,1,1,0.86339164,1
92891,0,0,0.0029178553,1
92892,0,0,0.33144423,1
92893,1,0,0.08122775,0
92894,1,1,0.9999212,1
92895,0,0,0.09484525,1
92896,0,0,0.08449276,1
92897,0,0,0.034197055,1
92898,0,0,0.05374995,1
92899,1,0,0.16810448,0
92900,0,0,0.2263558,1
92901,0,1,0.9999999,0
92902,0,0,0.29951483,1
92903,0,1,0.90829307,0
92904,1,1,0.9954791,1
92905,0,0,0.100392506,1
92906,1,1,0.997358,1
92907,0,0,0.24716878,1
92908,0,1,0.972178,0
92909,0,0,0.1447523,1
92910,1,1,0.99999964,1
92911,0,1,0.9283439,0
92912,1,1,0.9996388,1
92913,0,0,0.32739943,1
92914,1,0,0.1783111,0
92915,1,1,0.99999976,1
92916,0,1,0.50219727,0
92917,1,1,1.0,1
92918,1,0,0.01566365,0
92919,1,1,0.9999107,1
92920,1,1,1.0,1
92921,0,1,0.7226738,0
92922,0,0,0.06596493,1
92923,0,0,0.044307213,1
92924,1,0,0.1305623,0
92925,1,0,0.09730459,0
92926,1,1,0.9999999,1
92927,1,1,0.99999666,1
92928,0,1,0.45211253,0
92929,0,1,0.9987207,0
92930,1,1,0.82290184,1
92931,1,1,0.99040353,1
92932,0,0,0.15941359,1
92933,1,1,0.9960083,1
92934,1,1,1.0,1
92935,1,1,0.99951494,1
92936,0,0,0.032191858,1
92937,1,1,0.80193585,1
92938,0,1,0.61364174,0
92939,1,1,0.9999995,1
92940,1,1,0.99379504,1
92941,1,1,0.9962999,1
92942,0,0,0.074500255,1
92943,0,0,0.06159316,1
92944,1,1,0.8984105,1
92945,0,1,0.9867517,0
92946,1,1,0.790692,1
92947,0,0,0.33698532,1
92948,1,1,0.9999995,1
92949,1,1,0.99945253,1
92950,0,0,0.002230012,1
92951,0,1,0.42972848,0
92952,1,1,0.99999917,1
92953,1,1,0.9985869,1
92954,1,1,1.0,1
92955,1,1,1.0,1
92956,0,1,0.9981433,0
92957,0,1,0.9831822,0
92958,1,1,0.86442494,1
92959,1,0,0.2549725,0
92960,0,1,0.75346667,0
92961,1,1,0.9999989,1
92962,1,1,0.99999917,1
92963,1,1,0.9719659,1
92964,1,1,1.0,1
92965,0,1,1.0,0
92966,0,1,0.799129,0
92967,0,0,0.08151975,1
92968,0,1,0.99943966,0
92969,0,1,1.0,0
92970,1,1,0.99718815,1
92971,1,1,0.9999349,1
92972,1,1,1.0,1
92973,1,1,0.63945466,1
92974,1,1,0.99856466,1
92975,1,1,0.99999845,1
92976,1,1,0.99999964,1
92977,0,1,0.99999917,0
92978,1,1,1.0,1
92979,1,1,0.9644556,1
92980,0,0,0.1309508,1
92981,1,1,1.0,1
92982,1,0,0.071396716,0
92983,0,1,0.9971661,0
92984,0,0,0.012722708,1
92985,1,1,0.47499645,1
92986,0,0,0.040807478,1
92987,0,1,0.38006845,0
92988,1,1,1.0,1
92989,1,1,1.0,1
92990,1,1,0.42474005,1
92991,0,1,0.5498219,0
92992,1,0,0.12064587,0
92993,1,1,0.9999989,1
92994,1,1,0.9997459,1
92995,0,0,0.09585608,1
92996,0,1,0.3687466,0
92997,0,0,0.2351084,1
92998,0,1,0.99999094,0
92999,1,1,0.99995077,1
93000,1,1,1.0,1
93001,1,1,0.98942953,1
93002,0,0,0.049267832,1
93003,0,1,1.0,0
93004,1,1,1.0,1
93005,1,1,0.94138527,1
93006,0,0,0.03102618,1
93007,1,1,0.39094082,1
93008,1,0,0.23642808,0
93009,1,0,0.022715757,0
93010,0,1,0.9978594,0
93011,1,1,0.9999981,1
93012,1,1,0.9998155,1
93013,0,1,0.99999976,0
93014,0,0,0.060919292,1
93015,0,1,0.61952883,0
93016,1,0,0.18476751,0
93017,1,0,0.11566073,0
93018,0,0,0.3361676,1
93019,0,0,0.23370637,1
93020,1,0,0.032313783,0
93021,0,1,0.99998474,0
93022,1,1,0.74853617,1
93023,1,1,0.93663365,1
93024,0,1,0.39408436,0
93025,0,0,0.18111832,1
93026,1,1,0.48139286,1
93027,1,1,0.40895522,1
93028,0,1,0.72335833,0
93029,0,0,0.12787029,1
93030,1,1,0.9999877,1
93031,0,0,0.1510278,1
93032,1,1,0.99972993,1
93033,0,0,0.14463143,1
93034,0,1,0.5266471,0
93035,1,1,1.0,1
93036,0,0,0.3156305,1
93037,0,1,0.9912548,0
93038,0,0,0.10257407,1
93039,1,1,0.99381906,1
93040,1,1,0.99996674,1
93041,0,0,0.12189465,1
93042,1,1,0.9995652,1
93043,1,0,0.33057922,0
93044,0,0,0.27134824,1
93045,1,0,0.10913479,0
93046,0,0,0.1377643,1
93047,0,1,0.721498,0
93048,1,1,0.99877447,1
93049,1,0,0.13603349,0
93050,1,1,0.999998,1
93051,1,1,0.65836257,1
93052,1,1,0.9656736,1
93053,1,1,0.50689656,1
93054,1,1,0.8853344,1
93055,1,1,0.9999962,1
93056,1,1,0.9999987,1
93057,0,1,0.46013728,0
93058,1,1,0.43380153,1
93059,0,1,0.72841036,0
93060,0,0,0.13454832,1
93061,1,0,0.048676565,0
93062,1,1,0.81227237,1
93063,1,1,1.0,1
93064,0,1,0.99998295,0
93065,1,1,0.9046505,1
93066,1,1,0.9444336,1
93067,0,0,0.22312306,1
93068,1,1,1.0,1
93069,1,0,0.00381705,0
93070,1,1,0.99583375,1
93071,1,1,0.9999999,1
93072,0,1,0.8610715,0
93073,0,0,0.14493375,1
93074,1,1,0.7806625,1
93075,1,1,0.9961903,1
93076,0,1,0.3860399,0
93077,1,1,0.99999905,1
93078,0,1,0.9999995,0
93079,1,1,0.9990545,1
93080,0,0,0.056809194,1
93081,1,1,0.9134452,1
93082,1,1,0.39869907,1
93083,1,1,0.99999726,1
93084,0,0,0.027585285,1
93085,0,0,0.23988315,1
93086,1,1,0.99968004,1
93087,0,0,0.22371607,1
93088,0,1,0.9924666,0
93089,0,1,0.9998932,0
93090,1,0,0.017543187,0
93091,0,0,0.06047389,1
93092,0,1,0.53855854,0
93093,0,1,0.5780314,0
93094,1,0,0.01124456,0
93095,1,1,0.99999976,1
93096,0,1,0.9997029,0
93097,0,0,0.20979328,1
93098,1,1,0.9982351,1
93099,1,1,0.98324674,1
93100,0,0,0.2168396,1
93101,0,0,0.024053553,1
93102,1,0,0.24220563,0
93103,1,1,1.0,1
93104,1,0,0.24086387,0
93105,0,0,0.17009403,1
93106,0,0,0.20418316,1
93107,0,1,0.787768,0
93108,1,1,1.0,1
93109,0,0,0.27963173,1
93110,1,0,0.15830442,0
93111,1,1,0.94176143,1
93112,0,0,0.044348583,1
93113,1,1,0.9999987,1
93114,1,1,0.99674594,1
93115,1,0,0.032436155,0
93116,1,1,1.0,1
93117,1,1,0.99953544,1
93118,0,1,0.9747971,0
93119,0,0,0.17738298,1
93120,1,0,0.10753115,0
93121,1,1,0.89029425,1
93122,1,1,0.99998915,1
93123,1,1,0.99968743,1
93124,0,0,0.30528295,1
93125,1,0,0.0023231627,0
93126,1,1,1.0,1
93127,1,1,0.9946464,1
93128,1,1,1.0,1
93129,0,0,0.24166831,1
93130,1,0,0.16284543,0
93131,1,0,0.24612544,0
93132,1,1,0.99165195,1
93133,0,0,0.2649285,1
93134,0,1,0.92064714,0
93135,1,1,0.9999535,1
93136,1,1,0.9999995,1
93137,0,0,0.3043,1
93138,0,1,0.49407983,0
93139,1,1,0.95565146,1
93140,0,0,0.1752556,1
93141,1,1,0.9998809,1
93142,1,1,0.99865675,1
93143,1,0,0.27835485,0
93144,1,1,0.99693066,1
93145,1,1,1.0,1
93146,0,0,0.011664719,1
93147,0,1,0.9753666,0
93148,1,1,0.40827677,1
93149,0,0,0.12085323,1
93150,1,1,0.7582422,1
93151,0,1,0.99992,0
93152,1,1,0.9999931,1
93153,0,0,0.28303766,1
93154,1,1,0.93963695,1
93155,1,1,1.0,1
93156,0,0,0.34750944,1
93157,0,0,0.016817752,1
93158,1,1,0.9999999,1
93159,0,0,0.032283258,1
93160,1,1,0.96795994,1
93161,0,1,0.8906752,0
93162,1,1,0.61259943,1
93163,1,1,0.99981624,1
93164,0,0,0.16593072,1
93165,1,1,1.0,1
93166,0,0,0.040616777,1
93167,0,1,0.9966365,0
93168,0,1,0.99912554,0
93169,1,1,0.9848984,1
93170,1,1,0.9999994,1
93171,1,1,0.9998785,1
93172,0,1,0.9979849,0
93173,1,1,1.0,1
93174,0,1,0.3545448,0
93175,1,1,0.999998,1
93176,1,1,0.9999901,1
93177,0,0,0.22210902,1
93178,0,1,0.9328214,0
93179,0,0,0.009689717,1
93180,0,0,0.32643247,1
93181,1,0,0.023984872,0
93182,1,1,1.0,1
93183,1,1,0.99979895,1
93184,0,1,0.988514,0
93185,1,1,0.99986494,1
93186,0,1,0.6782737,0
93187,1,1,0.83907574,1
93188,1,1,0.9999918,1
93189,1,1,0.99999785,1
93190,0,1,0.89796406,0
93191,0,1,0.99998295,0
93192,1,1,0.4809967,1
93193,1,0,0.08756384,0
93194,0,0,0.06602512,1
93195,1,1,0.99969935,1
93196,0,0,0.059921406,1
93197,0,0,0.0349467,1
93198,0,1,0.9982351,0
93199,1,1,0.9999975,1
93200,1,1,0.99971646,1
93201,1,1,0.99999857,1
93202,1,1,0.4076576,1
93203,1,0,0.25608712,0
93204,0,0,0.08874129,1
93205,1,1,0.9999999,1
93206,0,1,0.45553163,0
93207,1,0,0.06524657,0
93208,0,1,0.99262565,0
93209,1,0,0.037714817,0
93210,1,1,0.5905431,1
93211,1,1,0.9994568,1
93212,0,0,0.049039625,1
93213,0,1,0.99997663,0
93214,0,0,0.20890425,1
93215,1,1,0.73748916,1
93216,0,0,0.008299687,1
93217,1,1,1.0,1
93218,0,0,0.04659464,1
93219,1,1,1.0,1
93220,0,0,0.244363,1
93221,1,1,1.0,1
93222,1,1,0.64539933,1
93223,0,0,0.108471945,1
93224,0,1,0.5070796,0
93225,0,0,0.057864826,1
93226,0,1,0.92441523,0
93227,1,1,0.81405276,1
93228,0,0,0.059155874,1
93229,0,1,0.7394224,0
93230,1,1,0.66044617,1
93231,1,1,0.99986553,1
93232,0,0,0.07871317,1
93233,1,0,0.013045614,0
93234,1,1,0.97151,1
93235,1,1,0.99988544,1
93236,0,1,1.0,0
93237,0,0,0.04111437,1
93238,1,1,1.0,1
93239,1,1,0.9999995,1
93240,0,0,0.13206616,1
93241,1,0,0.28932148,0
93242,1,0,0.025957359,0
93243,1,0,0.1685146,0
93244,1,1,0.99960726,1
93245,0,1,0.9999403,0
93246,1,0,0.0726367,0
93247,1,1,0.799129,1
93248,0,1,0.99976224,0
93249,1,1,0.952131,1
93250,1,1,0.8547634,1
93251,0,0,0.34703904,1
93252,0,1,0.9565125,0
93253,0,1,0.9999994,0
93254,1,1,0.43377158,1
93255,1,1,0.99297464,1
93256,1,1,0.9999999,1
93257,1,1,0.9999677,1
93258,0,0,0.060975183,1
93259,1,1,0.7704648,1
93260,1,1,1.0,1
93261,0,0,0.06383161,1
93262,0,1,0.7757747,0
93263,0,1,0.52561235,0
93264,0,0,0.20963144,1
93265,1,1,0.90515476,1
93266,0,0,0.1501534,1
93267,0,1,0.91030645,0
93268,1,1,1.0,1
93269,0,1,0.9998945,0
93270,0,1,0.79597545,0
93271,1,0,0.16377953,0
93272,1,1,1.0,1
93273,1,1,1.0,1
93274,1,1,1.0,1
93275,1,1,0.7388104,1
93276,1,1,1.0,1
93277,0,1,0.8961605,0
93278,1,1,0.99993026,1
93279,1,1,1.0,1
93280,0,1,0.8193158,0
93281,1,1,0.99543506,1
93282,1,1,1.0,1
93283,0,0,0.2813069,1
93284,1,1,1.0,1
93285,0,0,0.059646945,1
93286,0,0,0.28866935,1
93287,0,1,0.8710367,0
93288,1,1,1.0,1
93289,0,0,0.012895588,1
93290,1,1,0.99953175,1
93291,0,0,0.15687834,1
93292,0,1,0.6119039,0
93293,1,1,1.0,1
93294,1,1,0.99998343,1
93295,1,1,0.9125142,1
93296,1,1,0.99999106,1
93297,1,1,0.83141696,1
93298,1,0,0.032405518,0
93299,0,0,0.10447732,1
93300,0,0,0.013584393,1
93301,1,0,0.33187717,0
93302,1,0,0.123947665,0
93303,1,1,0.95695716,1
93304,1,1,0.9997677,1
93305,1,1,1.0,1
93306,1,1,0.99999964,1
93307,0,1,0.3777702,0
93308,0,1,0.69796926,0
93309,1,1,0.9999988,1
93310,1,0,0.07524433,0
93311,0,0,0.024774551,1
93312,0,1,0.9341553,0
93313,1,1,0.9999695,1
93314,1,1,0.99999905,1
93315,1,1,0.9999999,1
93316,1,1,0.99196917,1
93317,1,1,0.9335521,1
93318,1,0,0.01287075,0
93319,1,1,0.718051,1
93320,1,0,0.08137364,0
93321,1,1,1.0,1
93322,1,1,0.85403454,1
93323,1,1,0.9482025,1
93324,0,0,0.02344229,1
93325,0,1,0.40609628,0
93326,1,1,0.9576358,1
93327,0,1,0.8358858,0
93328,0,0,0.13649327,1
93329,1,0,0.017342346,0
93330,0,0,0.2216875,1
93331,1,1,0.99540824,1
93332,1,1,0.668177,1
93333,1,1,0.9998416,1
93334,0,1,0.60550755,0
93335,1,1,0.99999523,1
93336,1,1,0.9996026,1
93337,0,1,0.80332816,0
93338,0,1,0.9983675,0
93339,1,0,0.13028543,0
93340,1,1,0.9382939,1
93341,0,0,0.06614567,1
93342,0,0,0.28741768,1
93343,1,1,0.9517736,1
93344,1,1,0.9794133,1
93345,1,1,1.0,1
93346,1,0,0.019437952,0
93347,0,1,0.9978002,0
93348,1,1,0.60673153,1
93349,0,1,0.99820733,0
93350,0,0,0.33301497,1
93351,1,1,1.0,1
93352,1,1,0.98549646,1
93353,1,1,0.99990356,1
93354,0,1,0.98507166,0
93355,1,1,0.8746137,1
93356,1,1,0.9995426,1
93357,1,1,0.9999999,1
93358,1,1,0.8829335,1
93359,0,0,0.10631887,1
93360,1,1,0.9998697,1
93361,1,0,0.122733355,0
93362,0,0,0.1979091,1
93363,1,1,1.0,1
93364,0,0,0.036838707,1
93365,1,1,0.99999475,1
93366,1,0,0.14891149,0
93367,1,1,1.0,1
93368,0,0,0.21321328,1
93369,0,1,0.8502201,0
93370,1,0,0.067056276,0
93371,1,1,0.6009497,1
93372,0,0,0.10365786,1
93373,0,0,0.0212264,1
93374,0,0,0.32412842,1
93375,0,0,0.3401015,1
93376,1,1,0.98959166,1
93377,1,1,0.9999914,1
93378,0,1,0.99004436,0
93379,1,1,0.99992275,1
93380,0,0,0.1336412,1
93381,0,0,0.009802816,1
93382,0,0,0.13724312,1
93383,0,1,0.5167174,0
93384,1,1,0.38323727,1
93385,0,1,0.64360934,0
93386,1,1,0.9981104,1
93387,1,1,1.0,1
93388,0,0,0.10212547,1
93389,0,1,0.9980957,0
93390,1,1,0.59302014,1
93391,1,0,0.16885696,0
93392,0,0,0.035012625,1
93393,1,1,0.9999995,1
93394,0,0,0.07230849,1
93395,1,1,0.535645,1
93396,0,1,0.9971771,0
93397,1,1,0.9999622,1
93398,0,0,0.2069742,1
93399,1,1,0.9999995,1
93400,1,1,0.9991943,1
93401,0,1,0.91655886,0
93402,1,1,0.98555213,1
93403,1,1,0.5211056,1
93404,1,1,0.83004373,1
93405,1,1,0.9999881,1
93406,0,0,0.11090373,1
93407,0,1,0.99966,0
93408,0,1,0.9380673,0
93409,1,1,0.99846625,1
93410,0,0,0.064771704,1
93411,0,1,0.99857306,0
93412,0,1,0.9968087,0
93413,1,1,0.9998585,1
93414,1,0,0.026759284,0
93415,0,0,0.27163795,1
93416,1,1,0.7665559,1
93417,1,1,0.99961025,1
93418,1,1,0.9640178,1
93419,1,1,0.5637383,1
93420,0,1,0.99983656,0
93421,1,1,0.96309197,1
93422,1,1,0.99998844,1
93423,0,0,0.085479975,1
93424,1,1,0.9810946,1
93425,0,0,0.2556223,1
93426,1,1,0.99936,1
93427,0,0,0.00066931,1
93428,0,1,0.9999987,0
93429,1,1,0.99999917,1
93430,1,1,1.0,1
93431,1,0,0.083515875,0
93432,0,1,0.99047756,0
93433,0,1,0.8823265,0
93434,0,0,0.34864512,1
93435,1,0,0.22151904,0
93436,1,1,0.74377334,1
93437,1,1,1.0,1
93438,1,0,0.3172676,0
93439,1,1,0.9998952,1
93440,1,1,0.6927979,1
93441,1,1,0.99999976,1
93442,1,1,0.9999999,1
93443,0,0,0.057387535,1
93444,0,0,0.06797852,1
93445,1,1,0.99999964,1
93446,0,0,0.056548137,1
93447,1,1,0.95430803,1
93448,0,1,0.5378911,0
93449,0,1,0.99485034,0
93450,0,1,0.99997056,0
93451,1,1,1.0,1
93452,0,1,0.37153557,0
93453,0,1,0.648522,0
93454,1,1,1.0,1
93455,0,0,0.2270406,1
93456,1,1,0.36206648,1
93457,1,1,0.75346667,1
93458,1,1,0.98986953,1
93459,0,0,0.11056715,1
93460,1,1,0.9999933,1
93461,0,1,0.57487214,0
93462,1,1,0.9999999,1
93463,0,0,0.1201288,1
93464,0,0,0.15987214,1
93465,0,1,0.8795612,0
93466,0,1,0.99983394,0
93467,1,0,0.18068421,0
93468,0,1,0.717408,0
93469,0,0,0.016308766,1
93470,0,1,0.6016521,0
93471,0,0,0.05531065,1
93472,0,0,0.042882238,1
93473,0,1,0.9114953,0
93474,1,1,1.0,1
93475,1,1,0.9999999,1
93476,1,0,0.08291986,0
93477,1,1,0.92000264,1
93478,1,0,0.09001297,0
93479,1,0,0.023308529,0
93480,1,0,0.19147882,0
93481,0,0,0.30440342,1
93482,1,0,0.016753288,0
93483,1,0,0.17667161,0
93484,0,1,0.99693066,0
93485,1,1,0.99165195,1
93486,1,0,0.083291925,0
93487,1,0,0.044224583,0
93488,1,1,0.9962346,1
93489,0,0,0.13511792,1
93490,1,0,0.042285025,0
93491,0,1,0.9999999,0
93492,0,0,0.01676938,1
93493,0,0,0.025589554,1
93494,0,1,0.57791233,0
93495,1,1,0.99964297,1
93496,1,1,0.7672542,1
93497,1,1,0.99989724,1
93498,1,1,0.9999993,1
93499,0,1,0.99998426,0
93500,1,1,1.0,1
93501,0,0,0.25349125,1
93502,0,0,0.062904246,1
93503,1,1,0.87779135,1
93504,1,1,0.99962664,1
93505,1,1,1.0,1
93506,0,1,0.40586078,0
93507,1,0,0.14451066,0
93508,0,0,0.02578508,1
93509,1,0,0.10502681,0
93510,0,1,0.8626991,0
93511,1,1,0.3822856,1
93512,0,1,0.9983802,0
93513,0,1,0.99343574,0
93514,0,0,0.32696947,1
93515,0,0,0.0882686,1
93516,1,1,0.99999154,1
93517,1,0,0.035544395,0
93518,1,1,0.9999808,1
93519,0,1,0.988514,0
93520,1,1,1.0,1
93521,1,1,1.0,1
93522,0,0,0.18177101,1
93523,1,1,0.9701552,1
93524,0,1,0.8562122,0
93525,1,1,0.6226315,1
93526,0,1,0.9999877,0
93527,0,0,0.09203286,1
93528,0,0,0.22388572,1
93529,1,1,0.99999166,1
93530,1,1,0.6400174,1
93531,0,0,0.12121686,1
93532,1,0,0.077867545,0
93533,1,1,1.0,1
93534,0,1,0.6759251,0
93535,1,0,0.009430817,0
93536,1,1,0.99209267,1
93537,1,1,0.9999987,1
93538,0,0,0.019289603,1
93539,0,1,0.95976204,0
93540,0,0,0.12608409,1
93541,1,1,0.99999964,1
93542,1,0,0.17476209,0
93543,1,1,0.99999285,1
93544,0,0,0.24175783,1
93545,1,1,0.9999994,1
93546,0,1,0.9166335,0
93547,1,1,0.9999981,1
93548,0,0,0.0362883,1
93549,0,0,0.10185715,1
93550,1,1,1.0,1
93551,1,1,0.6722779,1
93552,0,0,0.12549345,1
93553,0,1,0.98421544,0
93554,0,0,0.11828322,1
93555,1,1,1.0,1
93556,1,0,0.017110892,0
93557,1,0,0.08419108,0
93558,0,0,0.100967236,1
93559,1,0,0.0553617,0
93560,0,1,0.9998902,0
93561,1,1,0.7073036,1
93562,1,1,0.98260766,1
93563,0,0,0.29279748,1
93564,0,1,0.8609547,0
93565,1,0,0.024099445,0
93566,0,0,0.076132484,1
93567,1,1,0.999959,1
93568,1,1,0.9284088,1
93569,1,1,0.8981429,1
93570,1,1,0.94224155,1
93571,0,1,0.75110084,0
93572,1,0,0.03537739,0
93573,1,0,0.343617,0
93574,1,1,0.9999999,1
93575,1,1,0.99999964,1
93576,0,1,0.8926561,0
93577,1,1,0.891339,1
93578,1,1,0.9998915,1
93579,1,0,0.05649606,0
93580,0,0,0.090253234,1
93581,0,1,0.98365986,0
93582,0,1,0.5214712,0
93583,0,0,0.051367506,1
93584,1,1,0.999992,1
93585,0,0,0.076683804,1
93586,1,1,0.57385755,1
93587,1,1,1.0,1
93588,1,1,0.99999905,1
93589,1,1,0.9998097,1
93590,1,1,1.0,1
93591,0,1,0.55314326,0
93592,0,0,0.13603349,1
93593,1,1,0.46135047,1
93594,1,1,0.99999595,1
93595,1,1,1.0,1
93596,0,1,0.8005361,0
93597,1,1,0.9989183,1
93598,1,1,0.99998474,1
93599,1,1,0.99999726,1
93600,0,1,0.99862766,0
93601,1,0,0.19269124,0
93602,1,1,0.9981792,1
93603,1,1,0.99973935,1
93604,1,1,0.9997826,1
93605,1,1,0.9993513,1
93606,0,1,0.38188204,0
93607,1,1,0.98667485,1
93608,0,1,0.9748452,0
93609,0,1,0.597784,0
93610,1,1,1.0,1
93611,0,0,0.25571522,1
93612,0,0,0.08701921,1
93613,0,0,0.059319146,1
93614,0,1,0.38479653,0
93615,1,1,0.9999299,1
93616,0,0,0.33878776,1
93617,1,0,0.10493506,0
93618,1,1,1.0,1
93619,1,1,0.99991417,1
93620,1,1,1.0,1
93621,0,0,0.33014718,1
93622,1,1,0.9976172,1
93623,1,1,0.9977525,1
93624,0,0,0.044389986,1
93625,0,1,0.99978346,0
93626,1,1,0.9999999,1
93627,1,1,0.94539934,1
93628,0,0,0.11269772,1
93629,1,0,0.050097767,0
93630,1,1,1.0,1
93631,1,1,0.9994956,1
93632,1,1,1.0,1
93633,1,1,0.99999917,1
93634,1,0,0.11747085,0
93635,1,1,0.9665054,1
93636,1,0,0.05717659,0
93637,0,1,0.88353777,0
93638,1,1,0.9999349,1
93639,0,0,0.24567272,1
93640,0,0,0.10447732,1
93641,0,1,0.9305214,0
93642,1,0,0.022499967,0
93643,1,1,0.8768454,1
93644,0,0,0.32434243,1
93645,0,0,0.017459229,1
93646,0,1,0.43098536,0
93647,0,0,0.35092172,1
93648,1,1,0.9999989,1
93649,1,1,1.0,1
93650,0,1,0.59625685,0
93651,1,0,0.114616044,0
93652,1,1,1.0,1
93653,1,1,0.9680808,1
93654,1,1,1.0,1
93655,0,0,0.052814018,1
93656,1,0,0.15059009,0
93657,0,1,0.4270084,0
93658,0,0,0.25935638,1
93659,1,1,0.99885535,1
93660,1,0,0.31526145,0
93661,1,1,0.999992,1
93662,1,0,0.07369626,0
93663,0,1,0.6021786,0
93664,1,1,1.0,1
93665,1,0,0.067056276,0
93666,1,0,0.2608599,0
93667,0,0,0.10866097,1
93668,1,1,1.0,1
93669,0,1,0.41828102,0
93670,1,0,0.07011259,0
93671,0,0,0.09739039,1
93672,0,1,0.9352283,0
93673,1,1,0.99776566,1
93674,1,1,1.0,1
93675,0,1,0.9923193,0
93676,0,0,0.118385084,1
93677,0,0,0.000854232,1
93678,0,1,0.7488118,0
93679,0,1,0.45159855,0
93680,0,0,0.121425055,1
93681,1,1,0.99890554,1
93682,1,1,0.6829439,1
93683,0,1,0.99939764,0
93684,0,1,0.723993,0
93685,1,1,0.85318035,1
93686,0,0,0.008235631,1
93687,1,0,0.2649285,0
93688,0,0,0.08517511,1
93689,1,1,1.0,1
93690,1,1,0.9999405,1
93691,0,1,1.0,0
93692,1,1,1.0,1
93693,1,1,0.9999999,1
93694,0,1,0.9999875,0
93695,1,1,0.9949397,1
93696,0,0,0.15209518,1
93697,0,1,0.98093086,0
93698,0,1,0.99903786,0
93699,0,0,0.18300883,1
93700,1,1,0.95540243,1
93701,0,1,0.79905057,0
93702,0,1,0.55615854,0
93703,0,1,0.96912026,0
93704,0,1,0.42676947,0
93705,0,1,0.9395816,0
93706,1,1,0.99999905,1
93707,1,0,0.19961987,0
93708,0,0,0.23300752,1
93709,1,1,0.99999046,1
93710,1,1,1.0,1
93711,0,0,0.25399977,1
93712,0,0,0.08733005,1
93713,0,1,0.9946464,0
93714,1,1,1.0,1
93715,0,1,0.99991846,0
93716,0,1,0.8700462,0
93717,0,1,0.9953454,0
93718,1,1,1.0,1
93719,1,0,0.085785836,0
93720,1,1,0.45256615,1
93721,1,1,0.99997723,1
93722,1,1,0.9996911,1
93723,0,0,0.09756222,1
93724,0,1,0.99999905,0
93725,0,1,0.9996125,0
93726,1,1,0.9999871,1
93727,0,1,0.99988365,0
93728,1,1,0.9914887,1
93729,0,1,0.9957021,0
93730,1,1,0.80821866,1
93731,1,0,0.1698185,0
93732,1,1,1.0,1
93733,0,1,0.9324533,0
93734,0,1,0.47633603,0
93735,1,1,0.9999821,1
93736,1,1,0.9936733,1
93737,0,1,0.37473348,0
93738,1,1,0.8621197,1
93739,1,1,1.0,1
93740,0,1,0.9431384,0
93741,0,1,0.96900314,0
93742,0,0,0.009994227,1
93743,0,1,0.5388619,0
93744,0,1,0.8465777,0
93745,0,1,0.7892337,0
93746,1,1,0.99991775,1
93747,0,1,0.99991584,0
93748,0,0,0.21925393,1
93749,1,1,1.0,1
93750,0,1,0.94468933,0
93751,1,1,0.8671483,1
93752,1,1,1.0,1
93753,1,1,0.9022657,1
93754,1,1,0.99999976,1
93755,1,1,0.78858316,1
93756,1,0,0.047558397,0
93757,1,0,0.28244352,0
93758,1,1,0.99965405,1
93759,0,0,0.0876419,1
93760,0,0,0.10017222,1
93761,0,1,0.9960622,0
93762,1,0,0.01302049,0
93763,1,0,0.20442131,0
93764,0,0,0.29844025,1
93765,1,1,0.6552808,1
93766,1,1,0.9999101,1
93767,1,1,0.9999994,1
93768,1,1,0.6939398,1
93769,1,1,0.9594213,1
93770,0,1,0.9234544,0
93771,0,0,0.2758119,1
93772,0,1,0.9790157,0
93773,0,0,0.10771874,1
93774,0,0,0.09426001,1
93775,1,1,0.9619649,1
93776,0,0,0.1613863,1
93777,0,1,0.5416513,0
93778,0,0,0.05728198,1
93779,0,1,0.6130049,0
93780,1,1,0.99999976,1
93781,0,0,0.07850098,1
93782,0,0,0.00030061635,1
93783,0,0,0.014700298,1
93784,1,0,0.20914644,0
93785,0,0,0.099382766,1
93786,1,1,0.43683225,1
93787,1,1,0.999992,1
93788,1,1,0.99999833,1
93789,1,1,1.0,1
93790,1,1,0.8894329,1
93791,1,1,0.8831352,1
93792,0,0,0.31394535,1
93793,1,1,0.97288233,1
93794,0,1,0.8155265,0
93795,1,1,0.9873018,1
93796,0,1,0.4285024,0
93797,1,0,0.28101084,0
93798,0,1,0.9830851,0
93799,1,1,0.99996984,1
93800,1,1,0.999979,1
93801,0,1,0.98292196,0
93802,1,1,0.6814619,1
93803,0,1,0.5700322,0
93804,1,1,1.0,1
93805,1,1,0.5348555,1
93806,1,1,0.99671423,1
93807,1,1,0.999332,1
93808,1,1,0.9877587,1
93809,1,1,0.99521697,1
93810,1,1,0.9973218,1
93811,0,0,0.1308397,1
93812,1,1,0.99830914,1
93813,0,1,0.36886027,0
93814,1,0,0.17709816,0
93815,1,1,0.99997723,1
93816,1,1,1.0,1
93817,0,1,0.9916681,0
93818,1,0,0.048271183,0
93819,0,0,0.15974101,1
93820,0,1,0.73411953,0
93821,1,0,0.19238758,0
93822,1,1,0.99997663,1
93823,0,1,0.99261135,0
93824,1,1,0.98835784,1
93825,1,1,1.0,1
93826,0,0,0.03216145,1
93827,0,1,0.9622852,0
93828,1,1,0.9999976,1
93829,0,1,0.9999925,0
93830,1,1,0.96544635,1
93831,0,0,0.04733772,1
93832,1,0,0.24166831,0
93833,1,1,0.9923638,1
93834,1,1,0.9668201,1
93835,0,0,0.059921406,1
93836,0,1,0.75913614,0
93837,1,0,0.045268096,0
93838,1,1,0.58474547,1
93839,1,1,0.9437118,1
93840,0,1,0.9746045,0
93841,1,1,0.9998989,1
93842,0,0,0.2944178,1
93843,1,0,0.32130027,0
93844,0,1,0.5194604,0
93845,0,1,0.65296096,0
93846,1,1,1.0,1
93847,0,1,0.98866826,0
93848,1,1,0.9459013,1
93849,1,1,0.9848401,1
93850,1,1,0.9999995,1
93851,0,1,0.5461936,0
93852,0,0,0.3462649,1
93853,0,0,0.13067321,1
93854,1,1,0.9999999,1
93855,0,1,0.9591543,0
93856,1,1,0.97142875,1
93857,1,1,0.9997594,1
93858,1,1,1.0,1
93859,1,1,0.99642736,1
93860,0,1,0.8775817,0
93861,1,1,0.99941504,1
93862,0,0,0.006265534,1
93863,0,1,0.9999999,0
93864,1,1,1.0,1
93865,1,0,0.046205748,0
93866,1,1,0.9999708,1
93867,0,0,0.3118982,1
93868,1,1,0.9955403,1
93869,0,1,0.9878528,0
93870,0,0,0.011664719,1
93871,1,1,1.0,1
93872,1,1,0.9994715,1
93873,1,1,0.83508044,1
93874,1,1,0.99712163,1
93875,0,0,0.021718834,1
93876,0,0,0.19505687,1
93877,0,0,0.028625505,1
93878,0,0,0.21011725,1
93879,1,1,1.0,1
93880,1,1,0.9999994,1
93881,1,1,0.9954261,1
93882,0,0,0.18832397,1
93883,0,0,0.0034496887,1
93884,0,0,0.041346,1
93885,0,0,0.06650853,1
93886,1,1,0.9999187,1
93887,1,1,0.908618,1
93888,1,0,0.17731173,0
93889,0,1,0.41860777,0
93890,1,1,0.89143354,1
93891,1,1,1.0,1
93892,1,1,0.9776499,1
93893,0,1,0.98617804,0
93894,1,0,0.040999033,0
93895,0,0,0.040351234,1
93896,1,0,6.377049e-05,0
93897,0,1,0.60708094,0
93898,1,1,0.99998105,1
93899,1,1,0.99999917,1
93900,1,1,1.0,1
93901,0,1,0.43860483,0
93902,1,1,0.99999917,1
93903,0,0,0.03989989,1
93904,0,1,0.9966036,0
93905,1,0,0.017160231,0
93906,0,1,0.3835836,0
93907,1,1,1.0,1
93908,0,1,0.95626813,0
93909,0,0,0.08166611,1
93910,0,0,0.28492406,1
93911,0,0,0.34931073,1
93912,1,1,0.9983418,1
93913,0,0,0.1930713,1
93914,1,1,0.49407983,1
93915,0,0,0.1266231,1
93916,0,0,0.085632786,1
93917,1,1,0.9997942,1
93918,1,1,0.99997604,1
93919,0,1,0.99938214,0
93920,1,0,0.058776554,0
93921,0,1,0.67055434,0
93922,0,1,0.991891,0
93923,1,1,0.7559974,1
93924,0,0,0.27386558,1
93925,0,0,0.024353383,1
93926,1,1,0.9978173,1
93927,1,1,0.8958876,1
93928,0,0,0.15902139,1
93929,0,0,0.106597565,1
93930,0,0,0.32530618,1
93931,1,1,0.99999666,1
93932,1,1,0.8578872,1
93933,1,1,0.9998876,1
93934,0,0,0.093595125,1
93935,1,1,1.0,1
93936,1,1,0.99094474,1
93937,1,1,1.0,1
93938,1,1,0.98319834,1
93939,0,1,1.0,0
93940,1,1,0.8886622,1
93941,0,1,0.99988043,0
93942,1,1,0.9870297,1
93943,0,0,0.07146149,1
93944,0,1,0.8552477,0
93945,0,1,0.6178009,0
93946,0,0,0.28746766,1
93947,1,0,0.27279878,0
93948,0,0,0.027298586,1
93949,1,1,0.5039672,1
93950,0,1,0.99995255,0
93951,1,1,0.97316426,1
93952,1,1,1.0,1
93953,1,0,0.14718705,0
93954,0,0,0.28806815,1
93955,0,0,0.105948284,1
93956,1,1,1.0,1
93957,1,0,0.17695588,0
93958,1,1,0.99780446,1
93959,1,0,0.021024454,0
93960,1,0,0.10284408,0
93961,0,1,0.65506023,0
93962,1,1,1.0,1
93963,1,1,0.83575183,1
93964,0,0,0.020626193,1
93965,0,0,0.035914496,1
93966,1,1,0.97887486,1
93967,1,1,0.99956864,1
93968,1,1,0.9985018,1
93969,1,1,0.4267396,1
93970,1,1,0.99996674,1
93971,1,1,0.9961903,1
93972,0,1,0.9980994,0
93973,0,1,0.99653685,0
93974,0,1,0.9603612,0
93975,1,1,0.9998585,1
93976,0,0,0.12389466,1
93977,1,1,0.96644217,1
93978,0,1,0.35482422,0
93979,1,1,0.99999726,1
93980,0,1,0.5378911,0
93981,0,1,0.4435703,0
93982,0,0,0.14004198,1
93983,0,0,0.18847331,1
93984,0,0,0.051319942,1
93985,0,1,0.99021614,0
93986,0,1,0.5343695,0
93987,1,1,0.9604354,1
93988,1,1,0.9999982,1
93989,1,1,0.9550264,1
93990,0,0,0.086632065,1
93991,0,0,0.35097733,1
93992,1,1,0.99999726,1
93993,1,1,0.9999908,1
93994,1,1,0.9574373,1
93995,0,0,0.35047695,1
93996,0,1,0.3716496,0
93997,1,1,0.8869111,1
93998,0,1,0.99165195,0
93999,1,1,0.648522,1
94000,1,1,0.99999154,1
94001,0,0,0.08616955,1
94002,1,1,0.99998295,1
94003,1,1,0.9999995,1
94004,1,1,0.99751294,1
94005,1,1,0.9999646,1
94006,0,1,0.9980045,0
94007,0,0,0.085403666,1
94008,1,1,0.9975751,1
94009,1,1,0.99986184,1
94010,0,0,0.08748585,1
94011,0,1,0.81699115,0
94012,0,1,0.99864894,0
94013,1,1,0.9999969,1
94014,1,0,0.0049340907,0
94015,1,1,0.9223426,1
94016,1,1,1.0,1
94017,1,1,0.49539196,1
94018,1,0,0.14847884,0
94019,1,1,0.9999001,1
94020,0,0,0.0111580305,1
94021,0,0,0.09747628,1
94022,0,0,0.048541088,1
94023,0,1,0.7657686,0
94024,0,0,0.034553625,1
94025,0,0,0.06435884,1
94026,0,1,0.9404078,0
94027,0,1,0.9999511,0
94028,0,1,0.9999865,0
94029,1,1,0.9968273,1
94030,0,0,0.2062538,1
94031,1,1,0.99758446,1
94032,0,1,0.9999933,0
94033,0,0,0.29012534,1
94034,1,1,0.94197524,1
94035,0,0,0.08122775,1
94036,0,1,0.57021165,0
94037,0,0,0.008299687,1
94038,0,0,0.2052962,1
94039,0,0,0.0035657368,1
94040,1,1,0.9988167,1
94041,1,1,0.70380396,1
94042,1,1,0.99999976,1
94043,0,0,0.059537485,1
94044,1,0,0.21149823,0
94045,0,0,0.037186775,1
94046,1,1,0.9995851,1
94047,0,1,0.73630583,0
94048,1,1,0.9999999,1
94049,1,1,0.9843364,1
94050,0,0,0.11357959,1
94051,0,0,0.07675298,1
94052,1,1,0.9997658,1
94053,1,1,1.0,1
94054,0,1,0.9673795,0
94055,0,1,0.9843364,0
94056,0,0,0.17631677,1
94057,1,1,0.9212869,1
94058,0,1,0.9956091,0
94059,0,0,0.06656919,1
94060,0,1,0.9999757,0
94061,0,0,0.023065226,1
94062,0,0,0.07336364,1
94063,0,0,0.28982374,1
94064,1,1,0.9997358,1
94065,1,1,0.7973991,1
94066,0,1,0.8520759,0
94067,0,1,0.6935249,0
94068,0,0,0.010509383,1
94069,0,0,0.04751418,1
94070,0,0,0.06301948,1
94071,1,1,0.99995637,1
94072,0,0,0.089057684,1
94073,0,0,0.05597775,1
94074,1,1,0.99999726,1
94075,0,0,0.021491766,1
94076,0,1,0.56703776,0
94077,1,1,0.99984646,1
94078,1,1,0.99999964,1
94079,0,0,0.0842664,1
94080,1,1,0.99999917,1
94081,1,0,0.060975183,0
94082,1,1,0.99931085,1
94083,1,0,0.14854057,0
94084,1,1,0.99995446,1
94085,0,0,0.15921742,1
94086,1,1,1.0,1
94087,0,0,0.19125213,1
94088,1,1,0.9988991,1
94089,1,1,0.9328826,1
94090,0,1,0.443269,0
94091,0,0,0.07892589,1
94092,1,1,0.7098244,1
94093,0,0,0.34875602,1
94094,1,1,0.9998766,1
94095,0,1,0.39913812,0
94096,0,0,0.05505607,1
94097,0,0,0.06307716,1
94098,1,1,0.9997352,1
94099,1,1,0.99772614,1
94100,0,0,0.29808256,1
94101,1,1,0.99984276,1
94102,1,1,0.9999999,1
94103,1,0,0.14706452,0
94104,1,1,1.0,1
94105,1,1,0.9999951,1
94106,0,1,0.97819793,0
94107,0,1,0.9999932,0
94108,1,0,0.045991033,0
94109,1,1,0.99933714,1
94110,1,1,0.9848401,1
94111,1,1,0.72691053,1
94112,1,1,1.0,1
94113,1,1,0.73805594,1
94114,1,1,0.9999993,1
94115,0,1,0.9226916,0
94116,1,1,1.0,1
94117,1,1,0.9992606,1
94118,1,1,0.9166335,1
94119,1,1,0.3916095,1
94120,0,1,0.9797259,0
94121,1,1,0.59131026,1
94122,1,0,0.015603534,0
94123,1,1,0.9999999,1
94124,0,1,0.99306935,0
94125,0,1,0.38144994,0
94126,0,1,0.66904247,0
94127,1,1,0.99604684,1
94128,1,1,0.9570375,1
94129,1,0,0.22815649,0
94130,1,0,0.091382094,0
94131,0,1,0.58053046,0
94132,0,0,0.20055768,1
94133,0,0,0.34513286,1
94134,0,0,0.052327625,1
94135,1,1,0.9997818,1
94136,0,0,0.053650703,1
94137,0,1,0.9656736,0
94138,0,0,0.05997644,1
94139,1,1,0.99999774,1
94140,0,0,0.34059486,1
94141,1,1,0.98507166,1
94142,1,1,0.99823856,1
94143,0,0,0.14264941,1
94144,1,1,0.9999118,1
94145,0,1,0.91204524,0
94146,1,1,0.99783427,1
94147,0,0,0.05340333,1
94148,0,1,0.9909622,0
94149,0,0,0.05094091,1
94150,1,0,0.009994227,0
94151,1,1,0.9996561,1
94152,1,1,1.0,1
94153,1,0,0.0009146137,0
94154,0,1,0.880797,0
94155,1,1,0.9999999,1
94156,0,1,0.5528415,0
94157,0,0,0.2982358,1
94158,1,1,1.0,1
94159,0,1,0.9885804,0
94160,0,1,0.91625965,0
94161,1,1,1.0,1
94162,0,0,0.021594688,1
94163,1,1,0.9961903,1
94164,1,1,0.99342304,1
94165,1,1,1.0,1
94166,1,1,0.5189728,1
94167,0,1,0.9554855,0
94168,1,0,0.08336651,0
94169,1,0,0.33285233,0
94170,0,1,0.914977,0
94171,1,1,0.9545628,1
94172,1,1,0.8003801,1
94173,1,1,1.0,1
94174,1,0,0.099120855,0
94175,1,1,0.9999994,1
94176,1,0,0.104294725,0
94177,0,0,0.0051897867,1
94178,0,0,0.04324442,1
94179,1,1,0.99896574,1
94180,0,0,0.12522575,1
94181,0,0,0.08277145,1
94182,0,1,0.98262435,0
94183,0,0,0.05051767,1
94184,1,1,0.97212505,1
94185,0,0,0.12442563,1
94186,0,0,0.1698185,1
94187,1,1,0.78481424,1
94188,1,0,0.054148693,0
94189,0,0,0.16613355,1
94190,0,0,0.0808641,1
94191,0,0,0.085403666,1
94192,1,1,0.9999958,1
94193,0,0,0.12667711,1
94194,0,0,0.3443883,1
94195,0,0,0.08028533,1
94196,1,1,0.99993956,1
94197,0,1,0.8843393,0
94198,1,1,0.9928647,1
94199,0,1,0.99108386,0
94200,1,1,0.99999034,1
94201,1,1,0.99999523,1
94202,0,1,0.70176417,0
94203,0,1,0.9152803,0
94204,1,1,1.0,1
94205,0,0,0.091382094,1
94206,0,0,0.00030061635,1
94207,0,0,0.33813176,1
94208,1,1,1.0,1
94209,0,1,0.9890976,0
94210,1,1,0.99372226,1
94211,0,1,0.9999975,0
94212,1,1,0.99999917,1
94213,1,1,0.57606506,1
94214,1,1,1.0,1
94215,1,1,1.0,1
94216,0,1,0.9997546,0
94217,1,1,0.6512995,1
94218,0,1,0.9999989,0
94219,1,1,0.86036915,1
94220,1,0,0.11308892,0
94221,1,1,1.0,1
94222,1,1,0.9998529,1
94223,1,0,0.098512106,0
94224,1,1,0.99999976,1
94225,0,1,0.4065969,0
94226,0,1,0.99703634,0
94227,1,1,0.9999902,1
94228,1,1,0.92976,1
94229,1,1,0.7062411,1
94230,1,1,0.9999877,1
94231,1,0,0.043977574,0
94232,0,0,0.009430817,1
94233,1,1,1.0,1
94234,1,1,0.9999999,1
94235,1,1,1.0,1
94236,1,1,0.9999999,1
94237,1,1,0.93177354,1
94238,1,1,0.9987381,1
94239,1,0,0.034880888,0
94240,0,0,0.083965465,1
94241,1,1,0.99979097,1
94242,0,0,0.12635334,1
94243,1,0,0.2559941,0
94244,1,1,0.9999999,1
94245,1,0,0.039231926,0
94246,0,1,0.9956176,0
94247,0,1,0.53199965,0
94248,0,0,0.14336753,1
94249,1,1,1.0,1
94250,0,1,0.99424744,0
94251,1,1,0.98975134,1
94252,1,1,0.96644217,1
94253,1,0,0.10493506,0
94254,1,1,0.9999989,1
94255,1,1,0.98260766,1
94256,1,1,1.0,1
94257,0,0,0.16968088,1
94258,0,0,0.05198967,1
94259,1,0,0.03618598,0
94260,0,1,0.43284234,0
94261,1,1,0.7857199,1
94262,0,1,0.49508682,0
94263,1,1,1.0,1
94264,0,0,0.09929539,1
94265,1,1,1.0,1
94266,0,0,0.28927132,1
94267,1,1,0.9807473,1
94268,1,0,0.014227045,0
94269,1,1,0.999997,1
94270,1,1,0.99952435,1
94271,0,0,0.0818861,1
94272,1,1,0.9999999,1
94273,1,1,0.9999999,1
94274,0,0,0.11008789,1
94275,1,1,0.95911604,1
94276,0,1,0.57761455,0
94277,0,0,0.34119824,1
94278,1,0,0.054198727,0
94279,1,1,0.9999987,1
94280,1,1,1.0,1
94281,1,1,0.8659059,1
94282,1,1,0.99999666,1
94283,1,1,0.4116725,1
94284,0,1,0.6996137,0
94285,1,1,0.87568074,1
94286,0,0,0.14823206,1
94287,0,0,0.07592667,1
94288,1,1,1.0,1
94289,1,1,1.0,1
94290,1,1,0.5215321,1
94291,0,0,0.034553625,1
94292,1,1,1.0,1
94293,1,1,1.0,1
94294,0,0,0.020061804,1
94295,0,1,0.9982993,0
94296,1,1,0.7236513,1
94297,1,1,0.8990328,1
94298,1,0,0.029788304,0
94299,0,1,0.5130281,0
94300,0,0,0.05525965,1
94301,1,1,1.0,1
94302,1,1,0.9999999,1
94303,0,1,0.9999994,0
94304,0,0,0.08100938,1
94305,0,1,0.5907202,0
94306,0,0,0.012821213,1
94307,0,0,0.014392336,1
94308,0,1,0.9665054,0
94309,0,1,0.8957965,0
94310,1,1,0.9873262,1
94311,1,0,0.006326631,0
94312,0,1,0.36217928,0
94313,0,0,0.16694687,1
94314,0,1,0.98549646,0
94315,1,1,0.9797453,1
94316,0,0,0.007831049,1
94317,0,0,0.012407696,1
94318,1,1,0.9999858,1
94319,1,1,0.99306935,1
94320,0,1,0.573141,0
94321,1,1,0.98527133,1
94322,0,1,0.67217034,0
94323,1,1,0.997358,1
94324,0,0,0.021574067,1
94325,1,1,1.0,1
94326,0,1,0.9998989,0
94327,1,1,0.6552808,1
94328,1,1,0.9929472,1
94329,0,1,0.5444987,0
94330,0,1,0.63934207,0
94331,1,0,0.15584776,0
94332,1,1,0.99999607,1
94333,0,1,0.85342485,0
94334,1,1,0.86396646,1
94335,1,1,0.4803568,1
94336,1,1,0.89552265,1
94337,1,1,0.89688534,1
94338,0,1,0.5462541,0
94339,0,1,0.999884,0
94340,1,1,0.999841,1
94341,0,0,0.031114377,1
94342,1,1,0.9999958,1
94343,0,1,0.9995426,0
94344,1,1,0.95911604,1
94345,0,1,0.5535656,0
94346,0,1,0.9898892,0
94347,1,1,0.99996305,1
94348,0,1,1.0,0
94349,1,1,0.9997398,1
94350,1,1,0.9999964,1
94351,1,1,0.9686196,1
94352,0,0,0.33895183,1
94353,0,0,0.07276838,1
94354,1,1,1.0,1
94355,0,1,0.94127744,0
94356,0,0,0.15475886,1
94357,1,1,0.99991345,1
94358,1,1,0.9713201,1
94359,0,0,0.052086018,1
94360,0,1,0.73753643,0
94361,1,0,0.120490536,0
94362,0,0,0.08449276,1
94363,0,1,0.9976311,0
94364,1,1,0.99999106,1
94365,0,0,0.26350462,1
94366,1,0,0.07689149,0
94367,1,1,0.99823856,1
94368,0,0,0.253861,1
94369,0,1,0.9953181,0
94370,0,0,0.16371268,1
94371,0,1,0.84453726,0
94372,0,0,0.08701921,1
94373,1,1,0.9999999,1
94374,1,1,0.6433853,1
94375,0,0,0.10493506,1
94376,0,0,0.16311188,1
94377,0,0,0.04276215,1
94378,0,1,0.7318259,0
94379,1,1,1.0,1
94380,1,0,0.084040605,0
94381,1,1,0.93409514,1
94382,1,0,0.34493974,0
94383,0,0,0.15209518,1
94384,0,1,0.5279859,0
94385,0,1,0.438695,0
94386,1,1,0.9999981,1
94387,0,0,0.025662709,1
94388,1,1,1.0,1
94389,0,0,0.18750432,1
94390,1,1,0.38398772,1
94391,1,1,0.95443547,1
94392,0,1,0.9961681,0
94393,1,1,0.9999924,1
94394,0,0,0.01374232,1
94395,1,1,0.9898499,1
94396,1,1,0.99922514,1
94397,1,1,0.99976677,1
94398,0,0,0.037082024,1
94399,0,1,0.5794599,0
94400,0,0,0.059921406,1
94401,1,1,0.9838161,1
94402,0,0,0.112161726,1
94403,0,1,0.9992706,0
94404,0,1,0.71967924,0
94405,1,1,1.0,1
94406,1,1,0.99942636,1
94407,1,1,1.0,1
94408,0,0,0.023219766,1
94409,0,0,0.0570714,1
94410,0,0,0.2703839,1
94411,1,0,0.012722708,0
94412,0,0,0.010150015,1
94413,0,0,0.16059487,1
94414,1,1,0.999652,1
94415,0,0,0.025613915,1
94416,0,0,0.1603975,1
94417,0,0,0.35053256,1
94418,1,1,0.9999994,1
94419,0,0,0.068288535,1
94420,0,1,0.69549316,0
94421,0,1,0.971537,0
94422,1,1,1.0,1
94423,0,0,0.10087861,1
94424,0,0,0.05500529,1
94425,0,0,0.11981949,1
94426,0,1,0.615839,0
94427,1,1,0.99812514,1
94428,1,1,0.9653158,1
94429,0,1,0.5043944,0
94430,0,1,0.6790191,0
94431,0,0,0.11476479,1
94432,1,1,0.8974259,1
94433,1,1,0.99106663,1
94434,1,1,1.0,1
94435,0,1,1.0,0
94436,1,1,0.4527779,1
94437,1,0,0.29370826,0
94438,1,1,0.99999917,1
94439,1,1,0.9999981,1
94440,1,1,0.7966091,1
94441,0,1,0.5871148,0
94442,1,1,0.8373541,1
94443,1,1,0.99999964,1
94444,0,1,0.8386798,0
94445,0,0,0.02258604,1
94446,1,1,0.9999987,1
94447,0,1,0.60550755,0
94448,0,1,0.9999999,0
94449,0,1,0.65318227,0
94450,0,1,0.9932025,0
94451,1,0,0.061762713,0
94452,1,0,0.018072657,0
94453,1,1,0.99999976,1
94454,0,1,0.56799656,0
94455,0,1,0.96395,0
94456,0,0,0.15947905,1
94457,1,0,0.22772686,0
94458,1,1,1.0,1
94459,0,1,0.999998,0
94460,0,0,0.25757828,1
94461,1,1,0.99656373,1
94462,1,0,0.24211602,0
94463,1,0,0.018743115,0
94464,0,0,0.086554825,1
94465,0,0,0.09833879,1
94466,0,1,0.98739934,0
94467,1,1,0.9912548,1
94468,1,1,0.9998574,1
94469,0,1,0.89190525,0
94470,1,1,1.0,1
94471,1,0,0.010110846,0
94472,0,0,0.015365342,1
94473,1,1,0.999884,1
94474,0,0,0.079853736,1
94475,0,1,0.69755745,0
94476,0,0,0.17645861,1
94477,1,0,0.19736712,0
94478,1,1,1.0,1
94479,0,1,0.9978258,0
94480,0,0,0.325735,1
94481,1,1,1.0,1
94482,1,1,0.99998367,1
94483,1,1,0.50231934,1
94484,1,1,0.82615143,1
94485,0,0,0.32611045,1
94486,0,0,0.32917604,1
94487,0,1,0.9252299,0
94488,1,1,0.9951041,1
94489,0,0,0.031618766,1
94490,0,1,0.6413662,0
94491,1,0,0.013299493,0
94492,1,1,0.9999012,1
94493,1,0,0.20458016,0
94494,1,0,0.008140463,0
94495,0,0,0.04535258,1
94496,1,1,0.7744129,1
94497,0,1,0.8095773,0
94498,1,1,0.41602537,1
94499,1,0,0.060363002,0
94500,0,0,0.040883996,1
94501,1,1,1.0,1
94502,1,1,0.55615854,1
94503,1,0,0.11666332,0
94504,0,1,0.8449215,0
94505,1,1,0.98122096,1
94506,1,1,0.9999875,1
94507,1,0,0.1483554,0
94508,1,1,0.6099889,1
94509,0,1,0.99880517,0
94510,0,0,0.15215817,1
94511,1,0,0.06572467,0
94512,1,1,1.0,1
94513,0,0,2.9311537e-05,1
94514,1,1,0.9999349,1
94515,1,1,0.9999999,1
94516,1,1,0.99999976,1
94517,0,0,0.086400524,1
94518,0,0,0.0017207357,1
94519,1,1,0.99999726,1
94520,1,1,1.0,1
94521,1,0,0.013402403,0
94522,1,0,0.14572217,0
94523,0,0,0.14408864,1
94524,1,0,0.23722233,0
94525,1,1,0.99948967,1
94526,0,0,0.050470848,1
94527,1,1,0.99991715,1
94528,0,0,0.028490044,1
94529,0,1,0.9829874,0
94530,0,0,0.030792164,1
94531,1,1,0.9675945,1
94532,0,1,0.40804082,0
94533,0,0,0.18491466,1
94534,1,0,0.10275402,0
94535,1,1,0.8558512,1
94536,0,0,0.20995522,1
94537,1,1,1.0,1
94538,0,0,0.1203871,1
94539,1,0,0.22592856,0
94540,1,1,1.0,1
94541,1,1,1.0,1
94542,0,1,0.999998,0
94543,1,0,0.22962157,0
94544,1,1,0.9999988,1
94545,1,1,0.9953815,1
94546,1,0,0.00204675,0
94547,0,0,0.03541073,1
94548,0,0,0.2639787,1
94549,1,0,0.15616924,0
94550,1,1,0.99999964,1
94551,1,1,0.9999001,1
94552,1,1,0.999977,1
94553,1,1,1.0,1
94554,1,0,0.29017565,0
94555,0,1,0.83761996,0
94556,1,0,0.023219766,0
94557,0,0,0.05033063,1
94558,0,1,0.9302684,0
94559,1,1,1.0,1
94560,0,1,0.69008934,0
94561,1,0,0.0606962,0
94562,1,1,0.99790895,1
94563,0,1,0.96309197,0
94564,1,1,0.99788433,1
94565,0,0,0.15520647,1
94566,1,0,0.048271183,0
94567,0,0,0.086400524,1
94568,1,0,0.018159512,0
94569,1,1,1.0,1
94570,0,0,0.025226824,1
94571,1,1,1.0,1
94572,1,1,0.9930153,1
94573,1,1,0.8655653,1
94574,1,1,0.99889696,1
94575,1,1,1.0,1
94576,1,1,0.99999964,1
94577,1,1,1.0,1
94578,1,1,0.53594863,1
94579,1,1,0.97865146,1
94580,1,1,0.99931884,1
94581,1,0,0.004038592,0
94582,1,0,0.008594111,0
94583,0,0,0.048903175,1
94584,1,1,0.7599387,1
94585,0,1,0.8518296,0
94586,1,1,0.9985306,1
94587,0,0,0.05937366,1
94588,0,1,0.9905143,0
94589,1,1,1.0,1
94590,1,1,0.79755676,1
94591,1,0,0.27757087,0
94592,0,0,0.07878402,1
94593,0,1,0.3617282,0
94594,1,0,0.026081098,0
94595,0,0,0.30652702,1
94596,0,1,0.521593,0
94597,0,0,0.16995622,1
94598,1,1,0.9965771,1
94599,0,1,1.0,0
94600,0,1,0.9955142,0
94601,1,1,0.9999962,1
94602,0,1,0.92736334,0
94603,1,1,0.9999999,1
94604,1,1,0.9985506,1
94605,1,1,0.9990638,1
94606,0,1,0.943086,0
94607,1,1,0.967163,1
94608,1,1,0.9999924,1
94609,0,0,0.06966823,1
94610,0,0,0.043731883,1
94611,0,0,0.054600604,1
94612,1,1,1.0,1
94613,0,1,0.8168451,0
94614,0,1,0.881513,0
94615,1,1,0.99984765,1
94616,0,1,0.99957365,0
94617,0,1,0.9996718,0
94618,0,0,0.03138043,1
94619,0,1,0.37639388,0
94620,0,1,0.9998148,0
94621,0,1,0.9208609,0
94622,0,0,0.24626137,1
94623,0,0,0.06548521,1
94624,0,0,0.051177494,1
94625,1,1,1.0,1
94626,1,1,0.99999666,1
94627,1,1,0.9999988,1
94628,0,0,0.3173205,1
94629,1,1,0.9999994,1
94630,1,0,0.21044159,0
94631,1,1,1.0,1
94632,1,1,0.9999999,1
94633,1,1,1.0,1
94634,1,0,0.08953418,0
94635,1,1,1.0,1
94636,1,1,0.63956726,1
94637,0,0,0.06394842,1
94638,1,1,0.9999863,1
94639,0,1,0.90772206,0
94640,1,1,1.0,1
94641,0,1,0.99881905,0
94642,1,1,1.0,1
94643,1,1,0.973519,1
94644,1,1,1.0,1
94645,1,1,0.9715909,1
94646,1,1,0.99923575,1
94647,1,1,0.9988883,1
94648,1,1,1.0,1
94649,0,1,0.9999933,0
94650,1,1,0.999987,1
94651,0,0,0.24220563,1
94652,1,1,0.99987113,1
94653,1,1,0.9999994,1
94654,1,1,0.99693656,1
94655,1,1,0.7142794,1
94656,0,1,1.0,0
94657,1,0,0.25219983,0
94658,0,0,0.08850466,1
94659,0,0,0.009746104,1
94660,1,1,0.999969,1
94661,1,1,0.99998415,1
94662,0,1,0.9965166,0
94663,0,0,0.10511863,1
94664,1,1,0.99897385,1
94665,1,1,0.8630457,1
94666,0,1,0.36279985,0
94667,0,1,0.99999404,0
94668,0,1,0.96468914,0
94669,1,0,0.28165254,0
94670,0,0,0.030908957,1
94671,1,0,0.19482696,0
94672,1,1,0.9999912,1
94673,1,1,0.86060363,1
94674,1,0,0.20673384,0
94675,1,0,0.13887003,0
94676,1,1,0.42357725,1
94677,0,0,0.21783629,1
94678,1,1,0.998345,1
94679,1,1,0.8962514,1
94680,1,1,0.9856076,1
94681,0,1,0.99925333,0
94682,0,1,0.9999534,0
94683,0,0,0.06985836,1
94684,1,0,0.19132766,0
94685,1,0,0.08411581,0
94686,1,1,0.40433103,1
94687,1,0,0.23731071,0
94688,1,1,0.97852874,1
94689,0,0,0.17314835,1
94690,1,1,0.98722816,1
94691,0,1,1.0,0
94692,1,0,0.13454832,0
94693,0,0,0.099120855,1
94694,1,0,0.06872476,0
94695,1,1,0.96210754,1
94696,0,0,0.20729496,1
94697,1,1,0.9999995,1
94698,0,1,0.9886464,0
94699,1,0,0.13483287,0
94700,0,0,0.09799298,1
94701,0,1,0.95536083,0
94702,1,1,0.9932156,1
94703,0,1,0.9939261,0
94704,0,1,0.9716986,0
94705,1,1,0.9814534,1
94706,1,1,1.0,1
94707,1,1,0.9636776,1
94708,1,1,0.99999964,1
94709,1,1,0.9815067,1
94710,1,1,0.9906419,1
94711,0,0,0.1292378,1
94712,1,1,0.96891505,1
94713,1,1,1.0,1
94714,0,0,0.10185715,1
94715,0,1,0.8440237,0
94716,1,1,0.6947688,1
94717,0,1,0.9988531,0
94718,1,1,0.98096734,1
94719,0,0,0.011574994,1
94720,1,1,0.9956937,1
94721,0,1,0.9024378,0
94722,1,1,1.0,1
94723,1,1,1.0,1
94724,1,0,0.115411244,0
94725,0,1,0.90982693,0
94726,0,0,0.22084618,1
94727,1,1,0.9914391,1
94728,1,1,0.4878564,1
94729,1,1,1.0,1
94730,1,1,0.99771726,1
94731,1,1,0.9970765,1
94732,0,0,0.08419108,1
94733,1,0,0.34748176,0
94734,1,1,0.91413754,1
94735,1,1,0.89634216,1
94736,0,1,0.99998987,0
94737,0,1,0.9998523,0
94738,1,0,0.14336753,0
94739,1,0,0.103839464,0
94740,1,1,1.0,1
94741,1,1,0.999997,1
94742,1,1,1.0,1
94743,0,0,0.07329728,1
94744,0,0,0.34820172,1
94745,1,0,0.2012632,0
94746,0,0,0.1164622,1
94747,1,1,0.9998981,1
94748,1,1,1.0,1
94749,1,1,0.9293763,1
94750,0,0,0.089216255,1
94751,1,1,0.89256257,1
94752,0,0,0.056913942,1
94753,1,1,1.0,1
94754,1,1,0.999928,1
94755,1,1,0.9999987,1
94756,0,1,0.9274291,0
94757,1,1,0.9909272,1
94758,1,1,1.0,1
94759,1,1,0.971779,1
94760,1,0,0.24953869,0
94761,1,1,1.0,1
94762,0,0,0.18914637,1
94763,0,0,0.2033909,1
94764,1,1,1.0,1
94765,0,1,0.39665228,0
94766,1,1,0.8665848,1
94767,1,1,1.0,1
94768,1,1,0.93077356,1
94769,0,0,0.07043161,1
94770,0,0,0.14675854,1
94771,0,1,0.99999917,0
94772,1,1,0.8198933,1
94773,1,0,0.07892589,0
94774,0,0,0.21568096,1
94775,1,1,1.0,1
94776,0,1,0.9437636,0
94777,0,0,0.065365784,1
94778,1,0,0.16755892,0
94779,0,0,0.1696121,1
94780,1,1,1.0,1
94781,1,1,1.0,1
94782,0,1,0.8716935,0
94783,0,0,0.24274376,1
94784,0,0,0.3034737,1
94785,0,0,0.02945148,1
94786,0,0,0.08779819,1
94787,0,1,0.38496992,0
94788,0,0,0.033023555,1
94789,0,0,0.16885696,1
94790,1,1,0.9999981,1
94791,0,0,0.07878402,1
94792,0,0,0.12797923,1
94793,1,1,0.999987,1
94794,1,1,0.9958093,1
94795,1,1,0.99937373,1
94796,1,1,0.6003641,1
94797,1,0,0.01243165,0
94798,0,1,0.6311397,0
94799,0,1,0.99995244,0
94800,1,0,0.15021572,0
94801,1,0,0.28766775,0
94802,0,0,0.25450897,1
94803,0,0,0.031084953,1
94804,1,1,0.4288911,1
94805,0,1,0.5295067,0
94806,0,1,0.7669051,0
94807,1,0,0.043731883,0
94808,0,1,0.9574771,0
94809,1,1,0.99999976,1
94810,1,0,0.21206881,0
94811,1,1,0.99987364,1
94812,1,1,0.9999794,1
94813,0,1,0.6090592,0
94814,0,1,0.81946033,0
94815,1,0,0.20134169,0
94816,1,1,0.8607207,1
94817,0,1,0.9611345,0
94818,0,1,0.9889064,0
94819,1,1,0.99999607,1
94820,1,0,0.00012436225,0
94821,0,1,0.440379,0
94822,1,1,1.0,1
94823,0,0,0.025395468,1
94824,1,1,1.0,1
94825,0,1,0.9928509,0
94826,0,0,0.0962801,1
94827,0,0,0.09113915,1
94828,0,0,0.05198967,1
94829,1,1,0.9996941,1
94830,0,1,0.99999404,0
94831,0,0,0.054098696,1
94832,1,0,0.2982358,0
94833,1,0,0.034553625,0
94834,0,1,1.0,0
94835,1,0,0.1800346,0
94836,1,1,1.0,1
94837,1,0,0.030821325,0
94838,1,0,0.12673113,0
94839,1,1,0.9998313,1
94840,1,1,0.9999827,1
94841,0,0,0.013821962,1
94842,1,1,0.9573974,1
94843,1,1,0.6989977,1
94844,0,0,0.23283304,1
94845,0,0,0.1625129,1
94846,1,1,1.0,1
94847,1,1,0.9999981,1
94848,1,1,0.93183565,1
94849,0,1,0.4873684,0
94850,1,1,0.9934738,1
94851,0,0,0.09342957,1
94852,1,1,1.0,1
94853,0,0,0.01317195,1
94854,0,1,0.99881905,0
94855,1,1,0.99985456,1
94856,1,1,0.9995566,1
94857,1,1,1.0,1
94858,0,1,0.4610168,0
94859,1,1,0.94463825,1
94860,1,1,0.99735296,1
94861,0,1,0.9994715,0
94862,0,1,0.9088609,0
94863,0,1,0.6623052,0
94864,0,1,0.9840936,0
94865,1,1,0.9838472,1
94866,0,1,0.63595754,0
94867,1,1,1.0,1
94868,0,0,0.057123974,1
94869,1,1,0.566738,1
94870,1,0,0.021718834,0
94871,0,0,0.23431903,1
94872,1,0,0.11920292,0
94873,1,1,0.9999999,1
94874,1,1,1.0,1
94875,1,1,0.99996924,1
94876,1,1,0.631026,1
94877,1,1,0.99988806,1
94878,1,1,0.9999808,1
94879,0,1,0.9474297,0
94880,1,1,0.6285784,1
94881,0,0,0.07290027,1
94882,1,1,0.9995497,1
94883,1,0,0.000328866,0
94884,1,0,0.041075893,0
94885,1,1,0.99989486,1
94886,1,1,0.99943525,1
94887,0,0,0.021084841,1
94888,1,1,1.0,1
94889,1,0,0.32423538,0
94890,0,1,0.9724409,0
94891,1,1,0.991339,1
94892,1,0,0.092359796,0
94893,1,1,0.91436726,1
94894,0,0,0.17099196,1
94895,1,1,0.99906737,1
94896,1,1,0.9988213,1
94897,0,1,0.9890765,0
94898,1,1,0.98147124,1
94899,1,0,0.1364357,0
94900,0,0,0.037573304,1
94901,0,1,0.9976814,0
94902,1,0,0.16145241,0
94903,1,1,0.9999999,1
94904,1,1,0.99999976,1
94905,0,0,0.036356665,1
94906,0,1,0.7676028,0
94907,1,1,0.9405718,1
94908,0,1,0.81257004,0
94909,1,1,1.0,1
94910,0,1,0.57349926,0
94911,1,1,0.9927532,1
94912,1,1,1.0,1
94913,1,1,0.99679,1
94914,1,0,0.09342957,0
94915,0,0,0.18609506,1
94916,0,0,0.0061450917,1
94917,1,0,0.14694208,0
94918,1,1,1.0,1
94919,1,1,1.0,1
94920,0,1,0.90397453,0
94921,0,1,0.9993094,0
94922,1,1,0.86281466,1
94923,0,1,0.86669767,0
94924,1,0,0.07544843,0
94925,1,1,0.99995935,1
94926,1,0,0.082475364,0
94927,1,0,0.032589745,0
94928,1,1,0.9999999,1
94929,1,1,1.0,1
94930,1,1,0.909907,1
94931,0,1,0.51470524,0
94932,1,0,0.13753247,0
94933,0,0,0.06052939,1
94934,0,1,0.4489094,0
94935,0,0,0.10604083,1
94936,1,1,0.76082844,1
94937,0,1,0.99619776,0
94938,1,1,0.99619776,1
94939,1,1,0.97285664,1
94940,1,1,1.0,1
94941,1,0,0.21011725,0
94942,1,1,0.9989309,1
94943,0,0,0.039825134,1
94944,1,1,0.9999962,1
94945,0,0,0.02873432,1
94946,0,1,0.97180575,0
94947,0,0,0.23204899,1
94948,1,1,0.97573924,1
94949,1,1,0.9999999,1
94950,1,1,0.99999774,1
94951,0,1,0.570451,0
94952,0,0,0.16572809,1
94953,0,1,0.6939398,0
94954,0,0,0.1346052,1
94955,1,1,1.0,1
94956,1,1,0.91767234,1
94957,1,1,0.9992267,1
94958,0,0,0.22388572,1
94959,0,0,0.01569379,1
94960,1,1,0.9070655,1
94961,0,1,0.9246196,0
94962,1,1,0.8587186,1
94963,0,0,0.106597565,1
94964,1,1,0.9999999,1
94965,1,1,0.9999995,1
94966,1,1,0.9992706,1
94967,1,1,0.4902356,1
94968,0,1,0.9987331,0
94969,1,1,0.9932811,1
94970,0,1,0.99999726,0
94971,0,1,0.40500742,0
94972,1,1,0.9999994,1
94973,0,0,0.0035518843,1
94974,1,1,0.99999154,1
94975,1,0,0.20721471,0
94976,0,0,0.21068507,1
94977,1,1,0.7704648,1
94978,0,0,0.024283867,1
94979,0,1,0.98445636,0
94980,1,0,0.09560247,0
94981,0,1,0.8121234,0
94982,1,0,0.22051026,0
94983,0,0,0.3227394,1
94984,0,1,0.5943747,0
94985,1,1,1.0,1
94986,0,0,0.24963012,1
94987,1,1,0.99994326,1
94988,0,1,0.9990908,0
94989,1,1,1.0,1
94990,0,1,0.5126316,0
94991,0,0,0.16626887,1
94992,0,0,0.0703677,1
94993,1,1,1.0,1
94994,0,1,0.9869544,0
94995,1,1,0.99999905,1
94996,0,1,0.8838389,0
94997,0,0,0.056184534,1
94998,1,1,0.49688727,1
94999,0,1,0.5228113,0
95000,1,1,1.0,1
95001,0,1,0.39082456,0
95002,1,1,0.9999577,1
95003,1,0,0.09326426,0
95004,1,1,0.69123685,1
95005,0,0,0.049222115,1
95006,1,1,0.9999795,1
95007,1,1,0.7437268,1
95008,1,1,0.6987921,1
95009,1,1,0.9443824,1
95010,0,0,0.15947905,1
95011,0,0,0.3188562,1
95012,0,1,0.99999905,0
95013,0,1,0.48486793,0
95014,1,0,0.1821344,0
95015,1,1,1.0,1
95016,0,0,0.2767394,1
95017,1,1,0.38742954,1
95018,0,0,0.04115289,1
95019,0,0,0.0031912676,1
95020,1,1,0.42679933,1
95021,0,0,0.31373507,1
95022,1,0,0.121112876,0
95023,0,0,0.070751965,1
95024,0,0,0.03997477,1
95025,1,1,0.9606575,1
95026,0,1,0.6004813,0
95027,0,0,0.03810662,1
95028,0,0,0.07483763,1
95029,1,1,1.0,1
95030,0,0,0.011093566,1
95031,0,0,0.045268096,1
95032,1,0,0.1917057,0
95033,1,1,0.69040257,1
95034,0,1,0.9999999,0
95035,0,1,0.9040592,0
95036,1,1,0.99994755,1
95037,1,1,0.7970834,1
95038,1,1,1.0,1
95039,0,1,0.62309027,0
95040,1,1,0.9966365,1
95041,0,1,0.35521552,0
95042,0,0,0.04001227,1
95043,1,1,0.9234544,1
95044,1,1,0.9999982,1
95045,0,0,0.058185086,1
95046,1,1,0.9995883,1
95047,0,1,0.9999964,0
95048,1,1,1.0,1
95049,0,1,0.36755398,0
95050,0,1,0.39726597,0
95051,0,1,0.9989837,0
95052,1,1,1.0,1
95053,1,1,1.0,1
95054,1,1,0.9999496,1
95055,0,1,0.8143483,0
95056,1,1,0.9997408,1
95057,0,1,0.4428774,0
95058,1,1,0.9991239,1
95059,1,1,1.0,1
95060,0,1,1.0,0
95061,1,1,0.86281466,1
95062,1,1,0.999998,1
95063,1,1,1.0,1
95064,1,0,0.2211824,0
95065,1,1,0.99632144,1
95066,1,1,0.8330532,1
95067,0,0,0.21452682,1
95068,1,1,1.0,1
95069,1,1,0.7488577,1
95070,1,1,0.9999877,1
95071,1,1,0.5872924,1
95072,1,1,0.9997695,1
95073,1,1,0.99922514,1
95074,1,1,0.8008478,1
95075,0,0,0.10818896,1
95076,0,1,0.9999894,0
95077,1,0,0.038321972,0
95078,1,1,0.4214625,1
95079,1,1,0.9999534,1
95080,1,0,0.06153674,0
95081,1,1,0.8700462,1
95082,0,0,0.05218253,1
95083,0,0,0.004663655,1
95084,1,1,0.9999974,1
95085,1,1,0.9997378,1
95086,0,0,0.10194652,1
95087,0,0,0.3316607,1
95088,1,0,0.027091902,0
95089,0,0,0.061762713,1
95090,1,1,0.99998534,1
95091,0,1,0.70634234,0
95092,1,1,0.51000845,1
95093,1,1,0.9999949,1
95094,1,0,0.16762705,0
95095,1,1,1.0,1
95096,0,1,0.9999831,0
95097,0,0,0.04455598,1
95098,1,1,1.0,1
95099,1,0,0.30777398,0
95100,1,1,1.0,1
95101,1,1,0.8746137,1
95102,0,1,0.9999528,0
95103,1,1,0.8386798,1
95104,0,1,0.96538115,0
95105,1,0,0.017342346,0
95106,0,0,0.08441725,1
95107,1,1,1.0,1
95108,1,1,0.9999987,1
95109,1,0,0.2330948,0
95110,1,0,0.20087102,0
95111,1,1,0.8234704,1
95112,1,0,0.09534946,0
95113,1,1,0.96544635,1
95114,0,0,0.054098696,1
95115,0,1,0.99995303,0
95116,1,1,0.9966168,1
95117,1,0,0.17553806,0
95118,1,1,0.9830526,1
95119,0,1,0.9437636,0
95120,1,0,0.23572361,0
95121,0,1,0.99960107,0
95122,1,1,0.9995987,1
95123,0,0,0.03803509,1
95124,1,1,0.9982827,1
95125,0,0,0.1655931,1
95126,1,1,0.9999949,1
95127,1,0,0.24041773,0
95128,1,0,0.039787814,0
95129,0,0,0.069289416,1
95130,1,1,0.87652874,1
95131,0,0,0.03393996,1
95132,1,1,1.0,1
95133,0,1,0.99324185,0
95134,0,0,0.021677375,1
95135,1,1,1.0,1
95136,0,0,0.14675854,1
95137,0,0,0.29752097,1
95138,1,1,0.9999993,1
95139,1,0,0.16844618,0
95140,1,1,0.9999982,1
95141,0,1,0.5877065,0
95142,1,0,0.27644625,0
95143,1,1,0.99955493,1
95144,1,1,0.98041254,1
95145,1,0,0.06019705,0
95146,0,0,0.059155874,1
95147,1,0,0.28180072,0
95148,0,0,0.022999303,1
95149,1,0,0.07490528,0
95150,1,1,0.9996352,1
95151,1,1,0.99995446,1
95152,1,0,0.071332,0
95153,1,1,0.99993396,1
95154,1,1,0.99999905,1
95155,1,1,0.7777222,1
95156,0,0,0.11269772,1
95157,0,1,0.94810647,0
95158,1,0,0.19798663,0
95159,0,1,0.9858549,0
95160,1,1,1.0,1
95161,1,1,0.9389689,1
95162,1,1,0.99995124,1
95163,1,1,0.81859183,1
95164,0,1,0.99995947,0
95165,1,1,0.7854732,1
95166,0,1,0.9999988,0
95167,1,1,0.99999106,1
95168,1,1,0.9995703,1
95169,1,0,0.26879746,0
95170,0,0,0.1562336,1
95171,1,1,0.99983966,1
95172,1,1,0.9784877,1
95173,0,1,0.8305941,0
95174,0,0,0.056756895,1
95175,0,0,0.10402136,1
95176,1,0,0.06435884,0
95177,1,0,0.20063598,0
95178,1,1,0.604574,1
95179,1,1,0.7806625,1
95180,0,0,0.24680553,1
95181,0,1,0.9996352,0
95182,0,0,0.11348131,1
95183,1,0,0.27639747,0
95184,0,0,0.15520647,1
95185,0,0,0.21783629,1
95186,0,0,0.282691,1
95187,0,1,0.46675444,0
95188,1,0,0.17099196,0
95189,1,0,0.06064056,0
95190,0,1,0.9468429,0
95191,1,1,1.0,1
95192,0,0,0.16586316,1
95193,1,1,1.0,1
95194,0,1,0.99999857,0
95195,1,0,0.0570714,0
95196,0,1,0.46629873,0
95197,1,1,0.9988418,1
95198,0,1,0.9263037,0
95199,0,1,0.999969,0
95200,0,0,0.33111975,1
95201,0,0,0.04308309,1
95202,0,1,0.5988402,0
95203,1,1,0.99854493,1
95204,1,0,0.1274896,0
95205,1,1,0.9471371,1
95206,0,1,0.3588023,0
95207,1,1,1.0,1
95208,0,1,0.9998722,0
95209,0,0,0.14633106,1
95210,1,1,0.6149144,1
95211,0,1,0.99097973,0
95212,1,1,0.9996207,1
95213,0,0,0.04954302,1
95214,1,1,0.97280496,1
95215,0,0,0.24744149,1
95216,1,1,1.0,1
95217,1,1,0.9932288,1
95218,1,1,0.9999933,1
95219,1,1,0.9999831,1
95220,0,1,0.9158842,0
95221,1,1,0.9400236,1
95222,1,1,0.94699025,1
95223,1,1,0.99999976,1
95224,1,0,0.17766814,0
95225,0,0,0.03897507,1
95226,1,0,0.025443856,0
95227,1,1,0.99999976,1
95228,0,0,0.1765296,1
95229,0,0,0.2222778,1
95230,1,1,0.99994147,1
95231,1,0,0.1908748,0
95232,1,0,0.031529184,0
95233,0,0,0.013715874,1
95234,1,0,0.13881163,0
95235,0,1,0.6488558,0
95236,0,1,0.9999528,0
95237,0,1,0.36641967,0
95238,0,0,0.033971995,1
95239,0,1,0.9026955,0
95240,1,1,0.9998969,1
95241,1,1,0.9999993,1
95242,0,1,0.9998863,0
95243,1,0,0.15578353,0
95244,1,1,0.9677472,1
95245,0,0,0.09568695,1
95246,0,1,0.9999937,0
95247,1,1,0.9999496,1
95248,0,1,0.548613,0
95249,1,1,0.99978596,1
95250,1,1,0.9999924,1
95251,1,1,0.9999989,1
95252,1,1,0.61196184,1
95253,1,1,1.0,1
95254,1,1,0.9998332,1
95255,0,1,0.81242126,0
95256,1,1,0.99847525,1
95257,0,0,0.011530388,1
95258,0,1,0.97396845,0
95259,1,1,0.8818186,1
95260,1,1,0.9999999,1
95261,0,0,0.07544843,1
95262,1,1,1.0,1
95263,0,1,0.99995124,0
95264,0,0,0.1991522,1
95265,0,0,0.19155443,1
95266,1,1,0.9656413,1
95267,1,1,0.9999958,1
95268,1,1,0.9995883,1
95269,0,1,0.9999999,0
95270,1,1,0.42877147,1
95271,0,0,0.19299525,1
95272,0,0,0.2562732,1
95273,0,0,0.06325052,1
95274,1,0,0.08517511,0
95275,0,0,0.08616955,1
95276,1,1,0.9672869,1
95277,1,0,0.2961451,0
95278,0,1,0.47444853,0
95279,1,1,1.0,1
95280,0,0,0.0016484831,1
95281,1,1,0.99474937,1
95282,1,1,0.9999875,1
95283,1,1,0.98801583,1
95284,0,0,0.07992553,1
95285,0,0,0.012312325,1
95286,1,1,0.9984022,1
95287,1,0,0.28224567,0
95288,1,1,0.9999999,1
95289,1,0,0.08609269,0
95290,0,0,0.26312575,1
95291,0,0,0.07978202,1
95292,0,0,0.30393836,1
95293,0,0,0.054752033,1
95294,0,1,0.9405172,0
95295,1,1,0.9999975,1
95296,1,1,0.9992417,1
95297,1,1,0.5977253,1
95298,0,0,0.25823247,1
95299,1,0,0.089853115,0
95300,1,1,0.9999989,1
95301,1,1,0.9944988,1
95302,1,1,0.9962419,1
95303,0,0,0.18772759,1
95304,1,1,0.9969066,1
95305,0,1,0.99723166,0
95306,0,0,0.03216145,1
95307,1,1,0.42074835,1
95308,0,0,0.047602654,1
95309,1,1,0.99601597,1
95310,1,1,0.99729556,1
95311,1,1,0.982117,1
95312,1,1,0.40142378,1
95313,1,1,0.4923712,1
95314,1,0,0.12320729,0
95315,0,1,0.9760608,0
95316,1,1,0.98319834,1
95317,0,0,0.27401125,1
95318,0,1,0.43596154,0
95319,1,1,0.9998332,1
95320,0,0,0.0282746,1
95321,0,1,0.9923786,0
95322,1,1,0.9999347,1
95323,0,0,0.022435622,1
95324,1,1,0.99991107,1
95325,1,1,1.0,1
95326,1,1,0.9999988,1
95327,1,0,0.15443976,0
95328,1,0,0.06412401,0
95329,1,0,0.16451645,0
95330,1,0,0.23766439,0
95331,0,1,0.7876863,0
95332,0,1,0.7464164,0
95333,1,0,0.22499062,0
95334,0,0,0.032992378,1
95335,0,0,0.101144664,1
95336,0,0,0.051415116,1
95337,1,1,0.9567556,1
95338,0,1,0.9849274,0
95339,1,0,0.0245397,0
95340,0,0,0.23091978,1
95341,1,1,0.9911698,1
95342,1,0,0.19246344,0
95343,0,1,0.70247906,0
95344,1,1,0.7535573,1
95345,1,1,0.91062486,1
95346,1,0,0.17967446,0
95347,0,1,0.6316511,0
95348,0,0,0.34582293,1
95349,1,1,0.99999654,1
95350,0,1,0.3871399,0
95351,0,1,0.50640833,0
95352,0,1,0.6318783,0
95353,1,0,0.2852724,0
95354,0,0,0.03722176,1
95355,1,1,0.88363826,1
95356,1,1,0.9949886,1
95357,1,1,0.99771273,1
95358,1,0,0.18432663,0
95359,1,0,0.118946835,0
95360,0,0,0.056184534,1
95361,1,1,0.9999975,1
95362,1,1,0.99980515,1
95363,1,1,0.9999999,1
95364,1,1,1.0,1
95365,1,1,0.3872268,1
95366,0,1,0.9999994,0
95367,1,1,1.0,1
95368,1,1,0.95998776,1
95369,1,1,0.9997613,1
95370,1,1,0.98739934,1
95371,1,0,0.34405765,0
95372,1,1,0.97678024,1
95373,0,0,0.11586064,1
95374,0,0,0.124213,1
95375,1,0,0.070495576,0
95376,1,0,0.06014182,0
95377,1,1,0.9997367,1
95378,1,1,0.9737197,1
95379,0,1,0.9928647,0
95380,1,1,0.93397486,1
95381,0,0,0.13557507,1
95382,0,0,0.08277145,1
95383,0,1,0.9999999,0
95384,0,0,0.051893488,1
95385,1,1,0.99997973,1
95386,0,0,0.0050407024,1
95387,1,1,0.9993893,1
95388,0,1,0.66470355,0
95389,1,1,0.9999988,1
95390,0,1,0.99852777,0
95391,0,1,0.90998703,0
95392,1,1,0.50006104,1
95393,0,1,0.99460465,0
95394,0,0,0.15495054,1
95395,0,1,0.99193794,0
95396,1,1,0.99991965,1
95397,1,1,1.0,1
95398,1,1,0.6350527,1
95399,0,1,0.4523847,0
95400,1,0,0.058131598,0
95401,1,1,0.9970131,1
95402,0,1,0.8857304,0
95403,1,1,0.99879575,1
95404,0,1,1.0,0
95405,1,1,0.8952483,1
95406,0,0,0.13449147,1
95407,0,1,0.88363826,0
95408,0,0,0.21469142,1
95409,1,0,0.16620122,0
95410,1,1,0.9978636,1
95411,1,1,0.64751965,1
95412,1,1,0.7691669,1
95413,0,1,0.9977216,0
95414,0,0,0.09178833,1
95415,0,0,0.13898684,1
95416,0,1,0.48907644,0
95417,0,1,0.9456509,0
95418,0,0,0.33497,1
95419,0,1,0.9999999,0
95420,0,0,0.22516096,1
95421,0,0,0.12754393,1
95422,0,1,0.64293706,0
95423,1,1,0.9990226,1
95424,0,1,0.5192776,0
95425,1,1,1.0,1
95426,0,0,0.16344544,1
95427,0,1,0.961171,0
95428,1,1,0.99998903,1
95429,1,0,0.25720495,0
95430,1,1,0.5548323,1
95431,1,1,0.99999976,1
95432,1,1,0.9999999,1
95433,1,0,0.12640727,0
95434,0,1,0.82018155,0
95435,0,1,0.5252471,0
95436,0,1,0.98018634,0
95437,1,1,0.999966,1
95438,0,1,0.99723166,0
95439,1,1,0.9999702,1
95440,1,1,0.9732661,1
95441,1,0,0.03807084,0
95442,1,1,1.0,1
95443,0,0,0.1588256,1
95444,0,1,0.9999957,0
95445,1,1,0.95296955,1
95446,0,1,0.9999598,0
95447,0,0,0.06301948,1
95448,0,1,0.39744133,0
95449,1,0,0.033844035,0
95450,1,1,1.0,1
95451,0,1,0.3551037,0
95452,0,0,0.13724312,1
95453,1,1,1.0,1
95454,0,1,0.99999976,0
95455,1,1,0.6843695,1
95456,1,0,0.030763038,0
95457,1,1,0.92241246,1
95458,0,0,0.09947022,1
95459,1,1,0.38809612,1
95460,0,0,0.10557885,1
95461,0,1,0.9576358,0
95462,1,1,1.0,1
95463,1,1,0.43788356,1
95464,0,0,0.29168653,1
95465,1,1,1.0,1
95466,0,1,0.9999994,0
95467,1,0,0.019889742,0
95468,0,1,0.7449348,0
95469,1,1,0.99990654,1
95470,1,1,0.83031917,1
95471,1,1,0.9999988,1
95472,1,1,0.99998844,1
95473,1,1,0.9992606,1
95474,0,0,0.063773274,1
95475,0,1,0.49548352,0
95476,1,1,0.99766326,1
95477,1,1,0.9996935,1
95478,0,1,0.9999995,0
95479,1,1,0.77381516,1
95480,0,0,0.060086653,1
95481,0,1,0.99605453,0
95482,0,0,0.20173456,1
95483,1,1,0.9999654,1
95484,1,1,0.54710114,1
95485,1,0,0.33144423,0
95486,0,0,0.044597577,1
95487,1,1,0.8641959,1
95488,1,1,0.99989486,1
95489,1,1,1.0,1
95490,1,0,0.039453376,0
95491,1,1,0.9999757,1
95492,1,1,1.0,1
95493,1,1,1.0,1
95494,0,1,0.91543174,0
95495,1,1,0.9993475,1
95496,1,1,0.9998184,1
95497,0,0,0.18543036,1
95498,0,0,0.2180027,1
95499,1,1,1.0,1
95500,1,1,0.9984269,1
95501,1,1,0.8729984,1
95502,0,1,0.99983716,0
95503,1,1,0.9035498,1
95504,0,1,0.99584997,0
95505,0,0,0.0140636265,1
95506,0,1,0.9985104,0
95507,1,1,0.9999114,1
95508,0,0,0.028355207,1
95509,0,0,0.11299101,1
95510,1,0,0.2491731,0
95511,0,0,0.03760863,1
95512,0,0,0.22944888,1
95513,0,0,0.18705842,1
95514,1,0,0.2574849,0
95515,1,0,0.25851312,0
95516,1,1,0.9993575,1
95517,0,1,0.604107,0
95518,0,0,0.14841712,1
95519,0,1,0.9998996,0
95520,0,0,0.019756919,1
95521,1,1,0.99877685,1
95522,1,1,0.9994917,1
95523,0,1,0.9991239,0
95524,0,0,0.17610413,1
95525,1,1,0.9376119,1
95526,1,1,0.9933072,1
95527,1,1,0.9994418,1
95528,0,1,0.999998,0
95529,0,0,0.008968054,1
95530,0,0,0.042403832,1
95531,0,0,0.01083937,1
95532,1,0,0.0422455,0
95533,1,1,1.0,1
95534,0,0,0.31268474,1
95535,0,1,0.8398654,0
95536,0,0,0.30777398,1
95537,0,0,0.054349106,1
95538,0,1,0.6099308,0
95539,1,1,0.99964786,1
95540,0,1,0.55910957,0
95541,1,1,0.99991655,1
95542,1,0,0.23109324,0
95543,0,0,0.10132237,1
95544,1,0,0.16000333,0
95545,1,0,0.24490437,0
95546,0,1,0.82104415,0
95547,0,1,0.76951355,0
95548,1,0,0.23722233,0
95549,0,0,0.21518578,1
95550,1,0,0.083740406,0
95551,0,1,0.55959094,0
95552,1,1,0.9185534,1
95553,0,0,0.3222593,1
95554,0,0,0.118946835,1
95555,1,1,0.92241246,1
95556,0,1,0.93367314,0
95557,0,1,0.53673786,0
95558,1,1,1.0,1
95559,0,1,0.41229352,0
95560,1,1,0.9622852,1
95561,0,1,0.99997723,0
95562,0,0,0.15501449,1
95563,0,1,0.65262896,0
95564,1,1,1.0,1
95565,0,0,0.19413854,1
95566,1,1,0.9991623,1
95567,1,1,1.0,1
95568,1,1,0.999998,1
95569,0,0,0.21321328,1
95570,0,1,1.0,0
95571,0,0,0.031499382,1
95572,0,1,0.9999902,0
95573,1,0,0.11114469,0
95574,1,1,0.8467045,1
95575,1,1,0.9997378,1
95576,1,1,0.9931096,1
95577,1,1,0.9998416,1
95578,1,1,0.89947516,1
95579,1,1,0.9998996,1
95580,1,1,0.99999976,1
95581,0,1,0.9981863,0
95582,0,0,0.13591877,1
95583,0,0,0.16344544,1
95584,1,1,0.39358893,1
95585,0,1,0.45045003,0
95586,1,0,0.30357692,0
95587,0,0,0.042842172,1
95588,0,0,0.09276993,1
95589,0,0,0.00930395,1
95590,0,0,0.009955651,1
95591,1,1,0.9510968,1
95592,0,0,0.12152928,1
95593,1,1,0.99378294,1
95594,0,0,0.0124797,1
95595,0,0,0.047691282,1
95596,0,0,0.29375893,1
95597,1,1,1.0,1
95598,1,0,0.0773781,0
95599,1,1,0.99984276,1
95600,1,1,0.9999994,1
95601,0,1,0.9999155,0
95602,1,1,0.9999995,1
95603,0,0,0.10447732,1
95604,0,0,0.2914848,1
95605,0,1,0.9901972,0
95606,0,0,0.038430087,1
95607,1,1,0.47919905,1
95608,0,0,0.29249424,1
95609,0,0,0.13100637,1
95610,1,1,1.0,1
95611,1,1,0.99317604,1
95612,1,1,0.9999999,1
95613,0,0,0.118998006,1
95614,1,1,1.0,1
95615,1,1,0.47383982,1
95616,0,0,0.18017878,1
95617,0,1,0.49841312,0
95618,0,1,0.9999939,0
95619,0,1,0.95998776,0
95620,1,1,0.9835338,1
95621,0,0,0.008156249,1
95622,1,0,0.12522575,0
95623,0,0,0.16579561,1
95624,0,0,0.20426252,1
95625,1,1,0.86060363,1
95626,1,1,0.99969935,1
95627,1,0,0.2382842,0
95628,1,1,0.94509614,1
95629,1,1,0.98873377,1
95630,1,0,0.036908068,0
95631,1,1,0.7371582,1
95632,1,1,0.99937975,1
95633,0,1,0.9999083,0
95634,0,1,0.99306935,0
95635,0,0,0.15361264,1
95636,0,1,0.39934304,0
95637,0,0,0.17582092,1
95638,1,1,0.9999999,1
95639,1,1,0.97376966,1
95640,1,1,0.9920773,1
95641,1,1,0.9999982,1
95642,1,1,1.0,1
95643,0,0,0.062273983,1
95644,1,0,0.24972162,0
95645,1,1,0.970771,1
95646,1,1,0.9945095,1
95647,0,0,0.111821815,1
95648,0,0,0.12890846,1
95649,0,1,0.99998426,0
95650,0,1,0.9500878,0
95651,1,0,0.24023944,0
95652,1,1,0.9981541,1
95653,1,0,0.068975195,0
95654,1,1,0.9997749,1
95655,1,1,0.91781974,1
95656,0,0,0.14878777,1
95657,1,1,0.9716986,1
95658,1,1,1.0,1
95659,1,1,0.9999839,1
95660,1,1,0.66622543,1
95661,0,1,0.9996923,0
95662,0,0,0.03722176,1
95663,0,0,0.038466193,1
95664,0,1,0.909907,0
95665,1,1,0.9997347,1
95666,0,0,0.00671887,1
95667,0,1,1.0,0
95668,1,0,0.17245041,0
95669,1,1,1.0,1
95670,0,1,0.7366848,0
95671,1,0,0.08517511,0
95672,1,1,0.9999924,1
95673,1,0,0.0076658744,0
95674,0,1,0.89706576,0
95675,0,1,0.92944044,0
95676,1,1,0.9432954,1
95677,0,1,0.86001676,0
95678,0,0,0.13358468,1
95679,1,1,0.99999845,1
95680,1,1,0.7578839,1
95681,0,0,0.3316607,1
95682,1,0,0.11476479,0
95683,1,1,0.97726256,1
95684,0,0,0.011642225,1
95685,1,1,0.8250265,1
95686,0,1,0.81508535,0
95687,0,0,0.038430087,1
95688,1,1,0.99813604,1
95689,0,1,0.99999976,0
95690,1,0,0.17738298,0
95691,0,0,0.03207038,1
95692,0,0,0.27943504,1
95693,1,1,0.50262445,1
95694,1,1,1.0,1
95695,0,0,0.1991522,1
95696,0,1,0.99845123,0
95697,0,0,0.05218253,1
95698,1,1,0.9914556,1
95699,0,1,0.9122018,0
95700,0,1,0.9427707,0
95701,0,1,0.9474297,0
95702,1,0,0.12619172,0
95703,1,1,0.99995565,1
95704,0,0,0.2351962,1
95705,0,1,0.94796216,0
95706,1,1,0.99989235,1
95707,1,1,0.98947024,1
95708,0,0,0.2399722,1
95709,0,0,0.14110379,1
95710,0,0,0.028980628,1
95711,1,1,0.99999976,1
95712,0,1,0.99740905,0
95713,0,0,0.01214717,1
95714,0,1,0.67986983,0
95715,0,0,0.15140381,1
95716,0,0,0.06717857,1
95717,0,0,0.11392417,1
95718,1,0,0.032009803,0
95719,1,0,0.070751965,0
95720,0,1,0.9996935,0
95721,0,1,0.9962126,0
95722,1,1,0.73077047,1
95723,1,1,0.9999999,1
95724,1,1,1.0,1
95725,1,1,0.3643534,1
95726,1,0,0.11250255,0
95727,0,1,0.8057851,0
95728,0,0,0.051941562,1
95729,1,1,0.9999993,1
95730,1,0,0.057440385,0
95731,1,1,0.9857729,1
95732,1,1,0.9814889,1
95733,1,1,0.9999989,1
95734,0,0,0.09560247,1
95735,0,1,0.9972638,0
95736,0,0,0.24400252,1
95737,1,1,0.9998523,1
95738,1,1,1.0,1
95739,1,1,0.9012275,1
95740,1,1,0.9994653,1
95741,0,1,0.9992944,0
95742,1,1,0.99995553,1
95743,1,1,0.4955751,1
95744,1,1,0.4696419,1
95745,0,0,0.18520921,1
95746,1,1,0.95934516,1
95747,1,1,0.99986184,1
95748,1,0,0.044847906,0
95749,0,1,0.88710684,0
95750,1,0,0.025589554,0
95751,1,1,0.7711118,1
95752,1,1,0.9999094,1
95753,1,0,0.07211221,0
95754,1,0,0.105210535,0
95755,0,0,0.006823954,1
95756,1,1,0.95606345,1
95757,1,1,0.9997826,1
95758,1,1,0.9996673,1
95759,1,1,0.9999994,1
95760,0,0,0.2295352,1
95761,1,1,0.99983263,1
95762,1,1,0.9999999,1
95763,0,0,0.07250525,1
95764,1,1,0.7826625,1
95765,1,1,0.82810634,1
95766,1,0,0.15184349,0
95767,0,0,0.02335303,1
95768,0,1,0.99444515,0
95769,1,1,1.0,1
95770,0,0,0.08441725,1
95771,1,1,0.99971646,1
95772,0,1,0.99575186,0
95773,1,0,0.0793529,0
95774,0,0,0.34975484,1
95775,1,1,0.99999607,1
95776,0,0,0.13840355,1
95777,0,1,0.40359625,0
95778,1,0,0.11848707,0
95779,0,0,0.08570927,1
95780,1,1,0.9806919,1
95781,0,0,0.16178322,1
95782,1,0,0.09227797,0
95783,0,0,0.34786934,1
95784,1,0,0.14330755,0
95785,1,1,1.0,1
95786,0,0,0.111337796,1
95787,0,1,0.6458462,0
95788,1,1,0.99637127,1
95789,1,1,0.9443824,1
95790,0,0,0.021822825,1
95791,1,1,0.9736196,1
95792,0,1,0.8952483,0
95793,1,1,1.0,1
95794,0,1,0.8321002,0
95795,0,0,0.0768222,1
95796,1,1,0.9999999,1
95797,0,1,0.37301895,0
95798,0,1,0.97386926,0
95799,0,0,0.14145924,1
95800,1,1,0.9999958,1
95801,1,0,0.11018359,0
95802,1,1,0.8234704,1
95803,0,1,0.65880173,0
95804,0,0,0.19674903,1
95805,0,0,0.15184349,1
95806,0,0,0.14288844,1
95807,0,0,0.11095189,1
95808,1,1,1.0,1
95809,1,1,0.9993345,1
95810,1,0,0.051558185,0
95811,1,1,0.995037,1
95812,0,1,0.9964619,0
95813,0,1,0.85415626,0
95814,0,1,0.69227797,0
95815,1,0,0.090092994,0
95816,0,0,0.10608712,1
95817,1,1,0.9999995,1
95818,1,1,0.9706599,1
95819,0,0,0.12463858,1
95820,0,0,0.10511863,1
95821,0,0,0.036562506,1
95822,1,0,0.1613863,0
95823,0,1,0.77696157,0
95824,0,0,0.05075239,1
95825,0,0,0.134719,1
95826,1,1,0.9894499,1
95827,1,0,0.25977868,0
95828,0,1,0.35695085,0
95829,0,1,0.7291824,0
95830,0,0,0.09334689,1
95831,1,1,1.0,1
95832,0,1,0.7648477,0
95833,0,1,0.950457,0
95834,1,0,0.032497507,0
95835,0,0,0.10374862,1
95836,1,1,1.0,1
95837,0,1,0.9951325,0
95838,1,1,0.81449586,1
95839,0,1,0.9763331,0
95840,1,1,0.99999774,1
95841,1,1,0.44101086,1
95842,0,1,0.37831554,0
95843,1,1,1.0,1
95844,1,1,0.99957365,1
95845,1,1,0.9999932,1
95846,0,1,0.9999286,0
95847,0,0,0.07376295,1
95848,1,1,0.69601,1
95849,1,1,0.9994241,1
95850,0,1,0.39490083,0
95851,1,1,0.97436166,1
95852,1,1,0.9989818,1
95853,1,1,0.9986356,1
95854,0,0,0.0921145,1
95855,0,0,0.07971035,1
95856,0,0,0.15077755,1
95857,1,1,0.7719295,1
95858,1,1,0.9969187,1
95859,0,0,0.12934773,1
95860,1,1,0.99694854,1
95861,1,1,0.5660185,1
95862,0,0,0.08858347,1
95863,0,1,0.9997017,0
95864,1,0,0.022521457,0
95865,1,1,0.9600627,1
95866,0,0,0.19253935,1
95867,1,1,0.9139073,1
95868,1,1,1.0,1
95869,1,1,1.0,1
95870,1,1,1.0,1
95871,1,0,0.10203597,0
95872,1,1,1.0,1
95873,1,1,0.81271875,1
95874,1,1,0.9381806,1
95875,1,1,0.59419805,1
95876,1,1,0.6036398,1
95877,0,1,0.66039145,0
95878,0,1,0.75868946,0
95879,0,1,0.9931363,0
95880,0,1,0.5136685,0
95881,1,1,0.99999535,1
95882,1,1,0.9957684,1
95883,1,1,0.99991345,1
95884,0,1,0.9432954,0
95885,1,0,0.15520647,0
95886,1,1,0.9401336,1
95887,1,1,1.0,1
95888,0,0,0.16626887,1
95889,1,1,0.99952996,1
95890,1,1,0.999928,1
95891,0,0,0.06307716,1
95892,0,0,0.15431227,1
95893,1,1,0.9999957,1
95894,1,1,0.9999864,1
95895,0,1,0.6131787,0
95896,0,0,0.35078266,1
95897,0,1,0.99650973,0
95898,0,1,0.9831176,0
95899,0,0,0.003057458,1
95900,1,1,0.9995092,1
95901,1,1,0.95594025,1
95902,0,0,0.03471688,1
95903,1,1,0.99999964,1
95904,1,1,0.9906781,1
95905,1,1,1.0,1
95906,1,1,0.9997241,1
95907,1,0,0.19852991,0
95908,1,0,0.18162581,0
95909,1,1,1.0,1
95910,1,1,0.99851626,1
95911,0,1,0.89947516,0
95912,0,0,0.04560694,1
95913,1,1,0.99975175,1
95914,1,1,0.9999802,1
95915,0,0,0.19155443,1
95916,1,1,0.9975656,1
95917,1,1,0.9998671,1
95918,1,1,0.99998415,1
95919,0,1,0.98375374,0
95920,1,1,0.9999087,1
95921,1,1,1.0,1
95922,0,1,0.9997316,0
95923,1,1,0.914977,1
95924,0,0,0.2115797,1
95925,0,1,0.9984084,0
95926,1,0,0.31373507,0
95927,0,1,0.8784186,0
95928,0,1,0.9694112,0
95929,1,1,0.6399048,1
95930,0,1,0.4817586,0
95931,1,1,0.99999976,1
95932,1,0,0.010448626,0
95933,0,1,0.99329424,0
95934,1,1,1.0,1
95935,0,0,0.09999631,1
95936,0,0,0.04001227,1
95937,1,1,0.99999845,1
95938,0,0,0.30964962,1
95939,0,1,0.9914722,0
95940,1,1,0.99999964,1
95941,1,1,0.9916196,1
95942,0,1,0.96131647,0
95943,0,0,0.19628645,1
95944,0,0,0.016121825,1
95945,1,1,0.993255,1
95946,0,1,0.9999999,0
95947,1,1,0.4665114,1
95948,0,0,0.01539492,1
95949,1,1,1.0,1
95950,0,1,0.9997826,0
95951,0,0,0.06797852,1
95952,1,1,0.9742639,1
95953,0,1,0.54516464,0
95954,1,1,0.998662,1
95955,1,1,0.9999995,1
95956,1,0,0.019160708,0
95957,1,0,0.1648523,0
95958,1,1,0.97038054,1
95959,1,1,0.9999999,1
95960,1,1,1.0,1
95961,0,1,0.9999999,0
95962,0,1,0.90523857,0
95963,1,1,0.999652,1
95964,0,0,0.031232351,1
95965,1,1,0.8818186,1
95966,0,1,0.98262435,0
95967,1,0,0.03429395,0
95968,1,1,0.96777767,1
95969,0,1,0.9999862,0
95970,0,1,0.40700927,0
95971,1,1,0.9626381,1
95972,0,1,0.9996381,0
95973,0,0,0.06530615,1
95974,0,1,0.50430286,0
95975,1,1,0.99566853,1
95976,1,1,1.0,1
95977,1,1,0.99712723,1
95978,1,1,0.9975321,1
95979,1,1,1.0,1
95980,0,0,0.20705435,1
95981,0,1,0.84286314,0
95982,1,1,0.99975556,1
95983,1,1,0.9784466,1
95984,1,1,1.0,1
95985,0,0,0.1407491,1
95986,0,1,0.999998,0
95987,1,1,0.92563426,1
95988,1,1,0.9942697,1
95989,0,1,0.8250265,0
95990,1,1,0.99877685,1
95991,0,1,0.7078088,0
95992,0,1,0.94208187,0
95993,1,1,0.9937709,1
95994,1,1,0.9999999,1
95995,1,1,0.9999999,1
95996,0,1,0.48986956,0
95997,0,1,0.9306476,0
95998,0,0,0.13933781,1
95999,0,1,0.99945575,0
96000,1,1,0.9999949,1
96001,1,1,1.0,1
96002,1,0,0.29168653,0
96003,1,1,0.99999714,1
96004,0,0,0.112600096,1
96005,1,0,0.1673547,0
96006,1,1,0.99992967,1
96007,0,0,0.016403032,1
96008,0,0,0.16458358,1
96009,1,1,0.9999975,1
96010,1,0,0.21117273,0
96011,0,1,0.42292166,0
96012,1,1,0.99961627,1
96013,0,0,0.0570714,1
96014,1,1,0.9999999,1
96015,0,1,0.9231778,0
96016,0,1,0.9981578,0
96017,1,0,0.04813677,0
96018,1,0,0.068040416,0
96019,1,1,0.63798994,1
96020,1,0,0.018761085,0
96021,1,1,1.0,1
96022,1,1,0.61201984,1
96023,1,1,0.6542875,1
96024,0,0,0.182717,1
96025,0,1,0.999355,0
96026,0,1,0.9998894,0
96027,0,1,0.64360934,0
96028,1,1,0.9885804,1
96029,0,1,0.9999503,0
96030,0,0,0.04681203,1
96031,1,1,0.6365226,1
96032,1,0,0.021969227,0
96033,0,1,0.53424805,0
96034,0,1,0.533519,0
96035,1,1,1.0,1
96036,0,0,0.0068771075,1
96037,0,1,0.7149765,0
96038,0,0,0.013768816,1
96039,1,1,1.0,1
96040,1,1,0.9890765,1
96041,1,1,0.99975556,1
96042,0,1,0.8493474,0
96043,0,0,0.05261895,1
96044,1,0,0.058185086,0
96045,0,0,0.13741668,1
96046,1,1,1.0,1
96047,1,1,0.9999877,1
96048,0,0,0.00046826134,1
96049,0,0,0.016152835,1
96050,1,1,1.0,1
96051,1,0,0.06760824,0
96052,1,1,0.998319,1
96053,1,0,0.29660332,0
96054,0,0,0.23537192,1
96055,0,0,0.2604835,1
96056,0,1,0.9995963,0
96057,1,1,1.0,1
96058,0,1,1.0,0
96059,1,1,0.60492414,1
96060,0,0,0.021512313,1
96061,0,0,0.033494536,1
96062,0,0,0.09484525,1
96063,0,1,0.87726665,0
96064,1,0,0.31912136,0
96065,1,1,0.99999917,1
96066,1,1,0.99971753,1
96067,0,1,0.81938803,0
96068,0,0,0.03704717,1
96069,1,0,0.010308209,0
96070,0,0,0.07696085,1
96071,0,1,0.5826098,0
96072,0,0,0.2503167,1
96073,1,1,0.93403506,1
96074,0,0,0.30897155,1
96075,1,0,0.15234725,0
96076,1,0,0.074500255,0
96077,0,1,0.78473175,0
96078,1,0,0.06301948,0
96079,0,0,0.10951515,1
96080,1,1,1.0,1
96081,0,1,0.6308555,0
96082,1,0,0.16721867,0
96083,0,1,0.8318272,0
96084,0,1,0.9413314,0
96085,1,0,0.12126887,0
96086,0,0,0.17497346,1
96087,1,0,0.15694293,0
96088,0,1,0.99886864,0
96089,0,1,0.3603202,0
96090,1,1,0.99788433,1
96091,1,1,0.56499875,1
96092,1,1,0.44543907,1
96093,0,1,0.7013552,0
96094,1,0,0.056966383,0
96095,1,1,0.98942953,1
96096,1,1,0.99997497,1
96097,1,0,0.06153674,0
96098,0,0,0.1480472,1
96099,0,0,0.058614686,1
96100,0,1,0.9997414,0
96101,1,1,0.9673795,1
96102,0,1,0.83788544,0
96103,1,1,0.72700745,1
96104,1,1,0.8468312,1
96105,1,1,1.0,1
96106,1,1,0.99469805,1
96107,0,1,0.9931229,0
96108,0,1,0.99999285,0
96109,1,1,0.8446654,1
96110,1,1,1.0,1
96111,1,1,0.9967077,1
96112,1,1,0.8992984,1
96113,1,1,0.99933076,1
96114,0,0,0.04065485,1
96115,1,1,0.9875444,1
96116,1,1,0.99911696,1
96117,0,0,0.17224145,1
96118,1,0,0.0016743996,0
96119,0,0,0.021491766,1
96120,1,1,0.9999999,1
96121,1,1,0.42736682,1
96122,0,1,0.999974,0
96123,1,1,0.9877351,1
96124,0,1,0.99764496,0
96125,1,0,0.24871661,0
96126,0,0,0.03410043,1
96127,1,1,1.0,1
96128,1,1,0.9999937,1
96129,1,1,0.9970536,1
96130,0,1,0.608594,0
96131,0,1,0.8735388,0
96132,0,1,0.48788688,0
96133,0,0,0.03680407,1
96134,1,1,0.99165195,1
96135,0,0,0.10622612,1
96136,0,0,0.14264941,1
96137,1,1,0.8595459,1
96138,0,1,0.80609053,0
96139,0,0,0.13335878,1
96140,1,1,0.9997378,1
96141,0,0,0.17050801,1
96142,1,1,1.0,1
96143,1,0,0.18053968,0
96144,0,0,0.14294825,1
96145,1,1,0.9602495,1
96146,0,1,0.53376204,0
96147,0,1,0.63108295,0
96148,0,0,0.03971326,1
96149,0,0,0.1404541,1
96150,1,1,0.6470737,1
96151,1,1,0.9946672,1
96152,1,1,1.0,1
96153,0,0,0.016593179,1
96154,1,1,0.6302868,1
96155,1,1,0.9254324,1
96156,0,1,0.9996743,0
96157,0,1,0.9847083,0
96158,1,1,0.9007046,1
96159,0,0,0.31341976,1
96160,1,1,0.9776072,1
96161,1,1,0.9999999,1
96162,0,0,0.03919513,1
96163,0,0,0.095518075,1
96164,0,0,0.11671367,1
96165,0,0,0.33611313,1
96166,1,1,0.99040353,1
96167,1,0,0.13741668,0
96168,0,0,0.27048025,1
96169,0,0,0.090735495,1
96170,1,1,1.0,1
96171,0,1,0.35164496,0
96172,1,1,1.0,1
96173,0,0,0.20914644,1
96174,0,1,0.7727022,0
96175,0,1,0.66055566,0
96176,1,1,1.0,1
96177,0,1,0.92338526,0
96178,0,1,0.48474598,0
96179,0,0,0.16844618,1
96180,1,1,0.99739385,1
96181,1,1,0.99980444,1
96182,1,1,1.0,1
96183,0,0,0.02931223,1
96184,0,1,0.94664603,0
96185,1,1,0.97381955,1
96186,1,1,0.99268264,1
96187,0,1,0.9923786,0
96188,0,0,0.23326942,1
96189,0,1,0.73211324,0
96190,1,1,0.99992394,1
96191,0,1,0.99964094,0
96192,1,1,0.99936,1
96193,1,1,1.0,1
96194,1,1,0.98018634,1
96195,1,1,1.0,1
96196,1,1,0.9878996,1
96197,0,0,0.19238758,1
96198,1,1,0.7858021,1
96199,1,1,0.97678024,1
96200,1,1,0.99922216,1
96201,0,0,0.2976741,1
96202,1,0,0.06602512,0
96203,0,0,0.13857834,1
96204,1,1,1.0,1
96205,0,1,0.89152807,0
96206,0,1,0.75192153,0
96207,0,1,0.99942076,0
96208,1,1,0.9999999,1
96209,1,1,1.0,1
96210,1,1,0.99944395,1
96211,1,1,1.0,1
96212,1,1,0.9999931,1
96213,1,1,0.7325918,1
96214,0,0,0.10475175,1
96215,0,0,0.15367614,1
96216,0,0,0.3297693,1
96217,1,1,0.99999917,1
96218,1,1,0.98507166,1
96219,1,1,0.97009856,1
96220,0,0,0.064830884,1
96221,1,0,0.08240149,0
96222,0,1,0.9735694,0
96223,1,1,0.9776072,1
96224,0,1,0.56385833,0
96225,0,0,0.13939638,1
96226,0,0,0.05845324,1
96227,1,0,0.021471238,0
96228,1,0,0.2985425,0
96229,0,0,0.040692955,1
96230,0,1,0.99959475,0
96231,1,1,0.9900828,1
96232,1,1,0.5573635,1
96233,1,1,0.99999857,1
96234,1,0,0.019681409,0
96235,0,0,0.26702574,1
96236,1,1,1.0,1
96237,0,0,0.0842664,1
96238,0,1,0.8850366,0
96239,0,1,1.0,0
96240,1,1,0.99517965,1
96241,1,1,0.9999821,1
96242,0,1,0.9997241,0
96243,1,0,0.08359068,0
96244,1,1,0.39175493,1
96245,1,1,1.0,1
96246,0,1,0.805173,0
96247,1,1,0.9999999,1
96248,1,1,0.58788395,1
96249,1,1,0.9930962,1
96250,1,1,0.9802997,1
96251,1,1,0.9994735,1
96252,1,1,0.9999999,1
96253,0,1,0.9814,0
96254,1,1,0.9993773,1
96255,1,1,0.9999949,1
96256,1,0,0.047691282,0
96257,0,1,0.999997,0
96258,0,1,0.38557708,0
96259,0,1,0.446193,0
96260,1,1,0.99879336,1
96261,1,1,1.0,1
96262,0,1,0.9999962,0
96263,0,0,0.05754622,1
96264,0,0,0.037821285,1
96265,0,1,0.9860174,0
96266,0,0,0.24976736,1
96267,1,1,0.9999999,1
96268,0,1,0.52460784,0
96269,0,0,0.16105616,1
96270,0,0,0.25137195,1
96271,1,1,0.35131106,1
96272,1,1,1.0,1
96273,0,0,0.1488496,1
96274,1,1,0.99756086,1
96275,0,1,0.99999976,0
96276,0,1,0.97933435,0
96277,0,0,0.0842664,1
96278,0,1,0.96458924,0
96279,0,1,0.91359943,0
96280,0,0,0.060086653,1
96281,1,0,0.16586316,0
96282,1,0,0.107812636,0
96283,1,1,1.0,1
96284,0,0,0.1284158,1
96285,1,1,0.9948001,1
96286,1,1,1.0,1
96287,1,1,1.0,1
96288,1,1,0.9999907,1
96289,1,1,1.0,1
96290,1,1,0.98651993,1
96291,1,1,0.9999999,1
96292,1,0,0.06103112,0
96293,0,1,0.99996066,0
96294,0,1,0.99999046,0
96295,1,1,0.99998105,1
96296,1,1,0.99998605,1
96297,0,0,0.09721884,1
96298,1,0,0.24612544,0
96299,1,0,0.06822642,0
96300,0,0,0.05525965,1
96301,1,1,0.9368073,1
96302,1,1,1.0,1
96303,1,1,0.9999461,1
96304,1,1,0.99622726,1
96305,0,1,0.97068775,0
96306,1,1,1.0,1
96307,0,0,0.19559407,1
96308,1,1,0.9999933,1
96309,1,1,1.0,1
96310,0,1,0.868938,0
96311,1,0,0.0011095015,0
96312,1,1,1.0,1
96313,0,0,0.2931009,1
96314,1,1,0.99994755,1
96315,1,1,0.9940428,1
96316,0,0,0.19132766,1
96317,0,1,0.99929583,0
96318,0,1,0.9999943,0
96319,0,0,0.06388999,1
96320,1,1,0.36701503,1
96321,0,1,0.8248855,0
96322,0,1,0.7401274,0
96323,0,0,0.00478301,1
96324,1,1,0.9912209,1
96325,0,1,0.8897206,0
96326,1,1,0.6800824,1
96327,1,1,1.0,1
96328,1,1,0.9986929,1
96329,1,0,0.013875309,0
96330,0,0,0.042562727,1
96331,1,1,0.99945897,1
96332,1,1,0.99987614,1
96333,1,1,1.0,1
96334,0,0,0.3412531,1
96335,1,1,0.99851626,1
96336,0,1,0.36082682,0
96337,1,1,0.9999975,1
96338,1,1,0.98238933,1
96339,0,0,0.3058528,1
96340,1,1,0.93726826,1
96341,1,1,0.9922144,1
96342,1,1,0.9977216,1
96343,1,1,0.99999833,1
96344,1,0,0.06518703,0
96345,1,1,0.99896574,1
96346,1,1,1.0,1
96347,0,0,0.28155375,1
96348,1,1,0.9999999,1
96349,1,1,0.99999976,1
96350,1,0,0.019400762,0
96351,0,0,0.10669061,1
96352,1,1,0.9998505,1
96353,0,0,0.22000709,1
96354,0,0,0.161717,1
96355,0,0,0.017678348,1
96356,0,1,0.8624676,0
96357,0,1,0.84733725,0
96358,1,1,1.0,1
96359,0,0,0.10771874,1
96360,1,1,0.9999964,1
96361,0,1,0.5103745,0
96362,1,1,0.9300146,1
96363,0,0,0.2548797,1
96364,0,1,0.99407744,0
96365,1,0,0.32611045,0
96366,1,1,0.9999994,1
96367,0,1,0.9935243,0
96368,0,0,0.13167487,1
96369,1,1,0.99999976,1
96370,1,1,0.94544977,1
96371,0,0,0.10697014,1
96372,1,1,0.9650533,1
96373,1,1,0.99801993,1
96374,0,1,0.7776378,0
96375,1,1,0.81655276,1
96376,1,1,0.9999988,1
96377,1,0,0.077447854,0
96378,0,0,0.22798456,1
96379,1,1,1.0,1
96380,1,1,0.9977569,1
96381,0,0,0.06424133,1
96382,0,1,0.9995443,0
96383,1,1,0.9972584,1
96384,1,1,0.926237,1
96385,1,1,0.9991491,1
96386,1,1,1.0,1
96387,0,0,0.19452079,1
96388,0,0,0.025250848,1
96389,1,0,0.2184192,0
96390,1,1,1.0,1
96391,0,0,0.08225394,1
96392,1,0,0.29098085,0
96393,1,0,0.058830604,0
96394,1,1,0.999992,1
96395,1,1,0.9999975,1
96396,0,0,0.18817475,1
96397,1,1,0.86165464,1
96398,1,1,0.99999976,1
96399,0,0,0.076407686,1
96400,1,0,0.03442355,0
96401,0,0,0.06626642,1
96402,0,0,0.085479975,1
96403,1,1,0.9993081,1
96404,0,0,0.026006784,1
96405,0,0,0.08701921,1
96406,0,1,0.99991345,0
96407,0,1,0.85705173,0
96408,1,0,0.06966823,0
96409,1,0,0.19513355,0
96410,1,0,0.10141131,0
96411,1,0,0.12262824,0
96412,0,0,0.2580454,1
96413,0,0,0.177027,1
96414,1,1,0.99995637,1
96415,1,1,0.99984705,1
96416,1,1,1.0,1
96417,0,1,0.9688562,0
96418,1,1,1.0,1
96419,0,0,0.17960249,1
96420,0,0,0.26759952,1
96421,0,0,0.19034748,1
96422,1,0,0.050893724,0
96423,0,0,0.049267832,1
96424,1,1,0.99869555,1
96425,0,0,0.34687304,1
96426,1,0,0.090896755,0
96427,0,0,0.04616273,1
96428,0,0,0.031678624,1
96429,0,1,0.7328787,0
96430,1,1,0.9999443,1
96431,0,1,0.96544635,0
96432,0,0,0.009633653,1
96433,1,1,1.0,1
96434,1,1,1.0,1
96435,1,1,0.9999969,1
96436,0,1,0.999995,0
96437,1,1,0.9858549,1
96438,1,0,0.21060391,0
96439,1,1,0.9999964,1
96440,1,1,0.8275496,1
96441,1,1,0.77295935,1
96442,1,1,0.9994917,1
96443,1,1,0.9632651,1
96444,1,1,0.999949,1
96445,1,1,0.99998844,1
96446,1,1,1.0,1
96447,1,1,0.56859547,1
96448,1,1,0.9999001,1
96449,0,0,0.16572809,1
96450,0,0,0.12069768,1
96451,1,1,0.7589575,1
96452,0,0,0.044722572,1
96453,1,1,0.7980295,1
96454,1,1,0.9999852,1
96455,1,0,0.20378675,0
96456,1,1,0.99995077,1
96457,1,1,0.6970421,1
96458,0,0,0.33676717,1
96459,1,1,1.0,1
96460,1,1,0.9911355,1
96461,0,0,0.33437207,1
96462,0,0,0.023286304,1
96463,1,1,1.0,1
96464,1,1,1.0,1
96465,0,0,0.21436231,1
96466,0,1,0.8609547,0
96467,0,1,0.99209267,0
96468,0,0,0.041075893,1
96469,0,0,0.014145104,1
96470,0,1,0.38012594,0
96471,0,0,0.026759284,1
96472,1,1,0.9875444,1
96473,1,1,1.0,1
96474,1,1,0.99999976,1
96475,1,1,1.0,1
96476,0,0,0.16384642,1
96477,1,1,0.99545276,1
96478,1,1,0.99997246,1
96479,0,0,0.0085278,1
96480,0,1,0.9991135,0
96481,1,1,0.9999893,1
96482,1,1,0.3637034,1
96483,0,1,0.4321233,0
96484,0,0,0.04773565,1
96485,1,0,0.20938884,0
96486,0,0,0.017475989,1
96487,0,0,0.027091902,1
96488,0,1,0.6962166,0
96489,0,1,0.9999628,0
96490,1,1,1.0,1
96491,1,0,0.28007457,0
96492,1,1,0.99955314,1
96493,1,1,0.99935,1
96494,1,1,0.99999976,1
96495,0,1,0.9896718,0
96496,1,1,0.9998915,1
96497,1,0,0.046033904,0
96498,0,1,0.9998872,0
96499,1,1,0.9995566,1
96500,1,1,0.9946774,1
96501,1,1,0.40833575,1
96502,0,0,0.17938675,1
96503,1,1,0.9991541,1
96504,1,0,0.1737784,0
96505,0,1,1.0,0
96506,1,1,1.0,1
96507,0,0,0.16525607,1
96508,1,1,0.9978173,1
96509,0,1,0.77509457,0
96510,1,1,1.0,1
96511,1,1,1.0,1
96512,0,1,0.9998148,0
96513,1,1,0.99999857,1
96514,0,1,1.0,0
96515,1,1,0.99999917,1
96516,1,1,0.9999572,1
96517,1,1,0.9408984,1
96518,1,1,0.9999963,1
96519,1,1,0.9965771,1
96520,1,1,1.0,1
96521,1,1,0.9999528,1
96522,0,1,0.719827,0
96523,0,0,0.086323485,1
96524,0,0,0.15565515,1
96525,0,0,0.016029146,1
96526,1,1,1.0,1
96527,1,1,0.9744105,1
96528,0,1,0.997813,0
96529,1,1,0.70298904,1
96530,1,1,1.0,1
96531,0,0,0.052376077,1
96532,0,0,0.2331821,1
96533,1,1,1.0,1
96534,1,1,0.9999982,1
96535,1,1,0.99999976,1
96536,1,1,1.0,1
96537,1,1,0.9976859,1
96538,1,1,0.69528633,1
96539,1,1,0.99806577,1
96540,1,0,0.1534857,0
96541,1,1,1.0,1
96542,1,1,0.58752906,1
96543,0,0,0.107812636,1
96544,0,0,0.054752033,1
96545,0,0,0.14199378,1
96546,1,1,0.9999956,1
96547,1,0,0.15578353,0
96548,0,0,0.058507007,1
96549,1,1,0.9996288,1
96550,1,1,0.9994715,1
96551,1,1,1.0,1
96552,1,1,0.7308185,1
96553,1,1,0.99999154,1
96554,1,1,0.9994012,1
96555,1,1,0.8042522,1
96556,0,0,0.15810935,1
96557,1,1,0.70583576,1
96558,1,1,0.6432733,1
96559,0,1,0.493256,0
96560,1,1,0.99998474,1
96561,0,0,0.14891149,1
96562,0,1,0.38879207,0
96563,1,1,0.9383503,1
96564,0,0,0.12368283,1
96565,0,1,0.9698426,0
96566,1,1,0.6001298,1
96567,1,1,0.603523,1
96568,0,0,0.24889913,1
96569,1,1,0.9999976,1
96570,0,0,0.10402136,1
96571,1,1,0.99999034,1
96572,1,1,0.9431384,1
96573,0,0,0.03021459,1
96574,1,1,0.99999976,1
96575,1,0,0.089136936,0
96576,1,1,1.0,1
96577,0,1,1.0,0
96578,1,0,0.06742378,0
96579,1,1,0.9999716,1
96580,1,0,0.21609424,0
96581,1,1,0.98164797,1
96582,0,1,0.81047887,0
96583,0,0,0.06717857,1
96584,0,0,0.12874407,1
96585,0,0,0.12716407,1
96586,1,0,0.0126982,0
96587,1,1,1.0,1
96588,0,0,0.017883008,1
96589,1,1,1.0,1
96590,0,0,0.13139598,1
96591,1,1,1.0,1
96592,0,0,0.16988736,1
96593,1,0,0.34698373,0
96594,1,1,0.9999887,1
96595,0,1,0.89442116,0
96596,1,1,0.9999039,1
96597,0,0,0.15546273,1
96598,1,1,0.9999299,1
96599,0,1,0.96405166,0
96600,1,1,0.6863175,1
96601,0,1,0.8100285,0
96602,0,1,0.7726165,0
96603,1,1,0.9613528,1
96604,0,0,0.04488975,1
96605,0,1,0.37313312,0
96606,0,1,0.50775087,0
96607,1,0,0.12278593,0
96608,0,0,0.07470251,1
96609,1,1,0.9999039,1
96610,1,0,0.123577,0
96611,1,1,0.9790758,1
96612,1,1,0.9991066,1
96613,1,1,1.0,1
96614,0,0,0.2645483,1
96615,0,0,0.14823206,1
96616,0,0,0.049039625,1
96617,1,1,1.0,1
96618,0,1,0.88602656,0
96619,1,1,0.99956185,1
96620,1,0,0.10150035,0
96621,1,1,1.0,1
96622,1,1,0.99793327,1
96623,0,1,0.828523,0
96624,0,1,0.7003315,0
96625,1,1,0.9909272,1
96626,0,1,0.97962874,0
96627,0,1,0.99979013,0
96628,0,0,0.077447854,1
96629,1,1,0.9999987,1
96630,1,1,0.9999963,1
96631,1,1,0.9222726,1
96632,0,0,0.23704568,1
96633,1,1,0.9899282,1
96634,1,1,1.0,1
96635,0,0,0.26798248,1
96636,1,1,0.9995092,1
96637,1,1,1.0,1
96638,0,1,0.3597577,0
96639,1,1,0.99997723,1
96640,1,1,0.99999976,1
96641,1,1,0.90878,1
96642,1,0,0.032774985,0
96643,0,0,0.28477484,1
96644,0,1,0.99999857,0
96645,1,1,0.96975684,1
96646,0,0,0.04401865,1
96647,0,1,0.35181195,0
96648,1,1,0.9999995,1
96649,0,1,0.9345745,0
96650,0,1,0.85931,0
96651,0,0,0.023757325,1
96652,1,1,0.98685336,1
96653,0,1,0.99731135,0
96654,1,1,0.999824,1
96655,0,0,0.107437484,1
96656,1,1,0.9948001,1
96657,1,1,0.99999905,1
96658,0,1,0.9962346,0
96659,0,0,0.005544146,1
96660,1,1,0.5392259,1
96661,0,0,0.18337418,1
96662,0,0,0.085403666,1
96663,1,1,0.91062486,1
96664,1,1,1.0,1
96665,0,1,0.89552265,0
96666,1,0,0.018299334,0
96667,0,1,0.35672674,0
96668,0,1,0.35476828,0
96669,1,1,0.9900828,1
96670,1,0,0.02094421,0
96671,1,1,0.9999577,1
96672,0,0,0.055720285,1
96673,0,1,0.8597815,0
96674,0,0,0.15342228,1
96675,0,1,0.72889304,0
96676,1,1,1.0,1
96677,1,1,0.99999964,1
96678,1,1,0.77210134,1
96679,1,1,0.9997677,1
96680,1,1,0.9706043,1
96681,1,0,0.14104463,0
96682,0,1,0.99999964,0
96683,0,0,0.28716773,1
96684,0,0,0.09276993,1
96685,0,0,0.020844316,1
96686,1,1,0.99497885,1
96687,1,1,0.9999403,1
96688,0,1,0.83761996,0
96689,1,1,0.9999999,1
96690,0,1,0.6950794,0
96691,0,0,0.16471791,1
96692,0,1,0.87568074,0
96693,0,0,0.07362963,1
96694,1,1,0.9547741,1
96695,1,0,0.00047377843,0
96696,0,0,0.1464531,1
96697,0,1,0.9994611,0
96698,1,1,1.0,1
96699,0,1,0.9702681,0
96700,1,1,0.9999503,1
96701,0,1,0.9996118,0
96702,1,1,0.79613405,1
96703,0,1,0.8333246,0
96704,0,0,0.020665687,1
96705,1,0,0.2852724,0
96706,1,1,0.99968624,1
96707,0,1,0.68516004,0
96708,1,1,0.99999833,1
96709,1,1,0.77483904,1
96710,1,1,1.0,1
96711,0,0,0.16762705,1
96712,0,1,0.99813604,0
96713,1,0,0.0011313597,0
96714,0,0,0.10511863,1
96715,0,1,0.9909272,0
96716,0,1,0.92379886,0
96717,1,1,1.0,1
96718,1,0,0.084040605,0
96719,0,1,0.7684726,0
96720,0,1,0.35611072,0
96721,0,0,0.13234626,1
96722,0,1,0.6093498,0
96723,1,1,0.9885804,1
96724,0,0,0.0066411127,1
96725,1,1,1.0,1
96726,1,1,0.999539,1
96727,1,1,0.7074552,1
96728,1,0,0.10818896,0
96729,1,1,0.9739189,1
96730,0,1,0.9898107,0
96731,1,1,0.96411926,1
96732,1,1,0.99999547,1
96733,1,1,0.9884919,1
96734,1,1,1.0,1
96735,0,0,0.15578353,1
96736,0,1,1.0,0
96737,1,1,0.44803378,1
96738,0,0,0.03861093,1
96739,1,1,1.0,1
96740,1,1,0.5418938,1
96741,1,0,0.095940754,0
96742,1,1,0.9998155,1
96743,1,1,0.9999982,1
96744,1,0,0.02442309,0
96745,0,0,0.0768222,1
96746,0,1,0.99999976,0
96747,0,0,0.026130758,1
96748,1,1,0.8863221,1
96749,1,0,0.013584393,0
96750,0,1,0.99341017,0
96751,0,1,0.37507674,0
96752,1,1,0.99759394,1
96753,0,1,0.9916196,0
96754,1,1,0.7745834,1
96755,1,1,1.0,1
96756,1,0,0.18579942,0
96757,0,1,0.99495924,0
96758,0,1,0.85512674,0
96759,1,1,0.8866169,1
96760,1,1,1.0,1
96761,1,1,1.0,1
96762,0,1,0.9990283,0
96763,0,1,0.9084556,0
96764,0,1,0.94402224,0
96765,1,0,0.09929539,0
96766,1,1,0.98283976,1
96767,1,1,0.99279517,1
96768,0,0,0.2692295,1
96769,1,1,0.96858984,1
96770,0,0,0.030473188,1
96771,1,0,0.24771436,0
96772,1,0,0.009072807,0
96773,1,1,1.0,1
96774,1,1,1.0,1
96775,1,1,0.5757073,1
96776,1,1,0.9501803,1
96777,0,1,0.8704873,0
96778,0,1,0.9305845,0
96779,0,1,0.99999654,0
96780,0,0,0.16331196,1
96781,1,1,0.99999976,1
96782,1,1,0.99984217,1
96783,0,1,1.0,0
96784,1,1,0.9998385,1
96785,1,0,0.19993211,0
96786,1,1,0.73554665,1
96787,0,0,0.12962292,1
96788,1,0,0.02426074,0
96789,0,0,0.17511447,1
96790,1,1,0.9991013,1
96791,0,0,0.30673468,1
96792,0,0,0.14426938,1
96793,0,0,0.20228556,1
96794,1,1,0.9998523,1
96795,1,1,0.9581087,1
96796,1,0,0.26020142,0
96797,1,1,0.9999943,1
96798,0,0,0.14614818,1
96799,0,1,0.7314424,0
96800,1,0,0.07198163,0
96801,0,1,0.9820826,0
96802,1,1,1.0,1
96803,1,1,0.9998313,1
96804,0,0,0.01083937,1
96805,0,0,0.18184364,1
96806,0,0,0.2424746,1
96807,0,1,0.99858415,0
96808,1,1,0.9998141,1
96809,0,0,0.17539679,1
96810,1,1,0.99984217,1
96811,0,0,0.25082102,1
96812,1,1,0.352982,1
96813,1,1,0.99999297,1
96814,1,0,0.31106052,0
96815,1,1,0.99999917,1
96816,0,0,0.1834473,1
96817,0,1,0.8384153,0
96818,1,0,0.00640073,0
96819,0,0,0.04126865,1
96820,0,1,0.7330221,0
96821,1,1,0.59549254,1
96822,0,1,0.98552424,0
96823,1,1,0.9903476,1
96824,0,1,0.99998,0
96825,0,1,0.8539127,0
96826,1,1,1.0,1
96827,1,0,0.31174105,0
96828,1,1,0.9999999,1
96829,0,1,0.98792297,0
96830,1,0,0.089933,0
96831,0,0,0.06966823,1
96832,0,0,0.09947022,1
96833,0,1,0.99760795,0
96834,1,0,0.060031522,0
96835,0,0,0.2564594,1
96836,0,0,0.04418332,1
96837,1,1,0.99770385,1
96838,1,1,1.0,1
96839,0,0,0.17645861,1
96840,0,1,0.48172814,0
96841,1,1,0.9948102,1
96842,1,1,1.0,1
96843,0,0,0.040960647,1
96844,0,0,0.33936223,1
96845,1,1,0.9978002,1
96846,0,1,0.99700147,0
96847,0,0,0.028953163,1
96848,0,1,0.61259943,0
96849,1,0,0.1260303,0
96850,1,1,0.9999995,1
96851,0,1,0.8609547,0
96852,1,1,0.9999924,1
96853,1,1,1.0,1
96854,1,0,0.13927925,0
96855,0,0,0.049359404,1
96856,1,0,0.13415082,0
96857,1,1,1.0,1
96858,1,0,0.17938675,0
96859,1,1,1.0,1
96860,0,0,0.052765187,1
96861,1,1,0.8493474,1
96862,1,1,0.99999225,1
96863,1,1,0.9999659,1
96864,0,1,0.99952626,0
96865,1,1,0.84234506,1
96866,0,0,0.029256709,1
96867,1,0,0.32917604,0
96868,0,1,0.73511904,0
96869,0,1,0.63516587,0
96870,0,1,0.9285385,0
96871,1,1,0.9982351,1
96872,0,1,0.99273914,0
96873,0,1,0.4273967,0
96874,1,1,0.98840266,1
96875,0,0,0.050237365,1
96876,0,0,0.07389652,1
96877,0,0,0.079638734,1
96878,1,1,0.9989617,1
96879,1,1,0.5705108,1
96880,1,1,1.0,1
96881,0,0,0.04738177,1
96882,0,0,0.0385747,1
96883,1,1,0.99999976,1
96884,0,0,0.017883008,1
96885,0,0,0.27752194,1
96886,0,1,0.9654789,0
96887,1,1,0.9997974,1
96888,0,0,0.1256543,1
96889,1,0,0.17638768,0
96890,1,1,0.9583822,1
96891,1,1,0.5989575,1
96892,0,1,0.37519124,0
96893,0,0,0.04535258,1
96894,0,1,0.99966,0
96895,0,1,0.99644804,0
96896,0,0,0.07204689,1
96897,1,0,0.06632688,0
96898,0,1,0.99974984,0
96899,1,1,0.49462914,1
96900,1,1,0.91482496,1
96901,1,0,0.26180246,0
96902,1,1,1.0,1
96903,1,1,1.0,1
96904,1,1,0.80639565,1
96905,1,1,0.7589575,1
96906,0,1,0.9875444,0
96907,1,1,0.6402423,1
96908,1,0,0.05165378,0
96909,1,0,0.19806418,0
96910,0,0,0.11706649,1
96911,0,1,0.46083477,0
96912,0,1,0.999982,0
96913,0,1,0.8701566,0
96914,0,0,0.034261618,1
96915,1,0,0.30136207,0
96916,0,0,0.027402505,1
96917,1,1,0.9961681,1
96918,0,1,0.99998844,0
96919,1,1,0.9999869,1
96920,0,1,0.3811044,0
96921,1,1,0.9999933,1
96922,0,0,0.28204787,1
96923,0,1,0.8394709,0
96924,1,1,0.92529744,1
96925,1,0,0.28942192,0
96926,0,1,0.99979013,0
96927,0,0,0.28932148,1
96928,1,1,0.5737979,1
96929,0,0,0.2751784,1
96930,0,1,0.9185534,0
96931,0,1,1.0,0
96932,1,1,0.52786416,1
96933,1,1,0.99369794,1
96934,1,1,0.38491216,1
96935,0,1,0.999089,0
96936,1,1,0.9999969,1
96937,0,0,0.06941548,1
96938,1,1,0.9999659,1
96939,0,1,0.6096985,0
96940,0,0,0.11526177,1
96941,1,1,0.9969187,1
96942,0,0,0.080574244,1
96943,0,0,0.04455598,1
96944,1,1,0.9999939,1
96945,1,1,0.9916033,1
96946,0,0,0.014475689,1
96947,0,1,0.9999982,0
96948,1,1,0.99415743,1
96949,1,0,0.0047000605,0
96950,1,1,0.9941233,1
96951,0,0,0.19868535,1
96952,1,0,0.00022429059,0
96953,1,1,0.99983203,1
96954,1,1,1.0,1
96955,1,1,1.0,1
96956,0,0,0.11813051,1
96957,0,1,0.9995753,0
96958,1,0,0.07100922,0
96959,1,0,0.13857834,0
96960,0,1,0.39478415,0
96961,0,1,0.7157718,0
96962,1,1,1.0,1
96963,0,1,0.76795095,0
96964,0,0,0.22541662,1
96965,1,1,0.9999999,1
96966,0,0,0.010735163,1
96967,1,1,0.99986124,1
96968,0,1,0.7111301,0
96969,1,1,0.99987066,1
96970,1,1,0.9999988,1
96971,0,1,0.9987005,0
96972,1,1,0.6001298,1
96973,0,0,0.079638734,1
96974,1,1,0.99999917,1
96975,1,1,0.9999999,1
96976,1,1,1.0,1
96977,1,1,0.9794526,1
96978,0,1,0.9224824,0
96979,1,1,0.99941957,1
96980,1,1,0.8782099,1
96981,1,1,1.0,1
96982,0,1,0.99999845,0
96983,1,1,0.9552774,1
96984,0,0,0.3019792,1
96985,1,1,0.8709269,1
96986,1,1,0.36616468,1
96987,1,0,0.32815254,0
96988,0,1,0.9888204,0
96989,1,1,0.99993026,1
96990,1,1,0.6167627,1
96991,0,1,0.99999857,0
96992,1,1,0.40674415,1
96993,0,1,0.50799495,0
96994,0,1,1.0,0
96995,0,1,0.97828114,0
96996,0,1,0.44414282,0
96997,1,1,0.9999937,1
96998,1,1,0.8957053,1
96999,1,1,0.99999285,1
97000,0,0,0.15908672,1
97001,1,0,0.052960765,0
97002,1,1,1.0,1
97003,1,1,0.37011155,1
97004,0,0,0.19837458,1
97005,0,0,0.013376604,1
97006,1,0,0.33736724,0
97007,0,0,0.116864756,1
97008,0,1,0.9932156,0
97009,1,1,0.63324016,1
97010,0,1,0.3741902,0
97011,1,0,0.3276683,0
97012,1,1,1.0,1
97013,1,1,0.99992037,1
97014,0,1,0.58450836,0
97015,1,0,0.008677717,0
97016,1,1,0.9999999,1
97017,0,0,0.12940273,1
97018,1,1,0.9999976,1
97019,0,0,0.3134723,1
97020,0,1,0.5329721,0
97021,1,1,0.99999976,1
97022,1,1,0.9999708,1
97023,0,0,0.02630528,1
97024,0,1,0.8369547,0
97025,1,1,1.0,1
97026,0,0,0.021948252,1
97027,1,0,0.032961242,0
97028,1,1,1.0,1
97029,0,1,0.38905317,0
97030,1,0,0.106597565,0
97031,0,0,0.15578353,1
97032,1,1,0.3784591,1
97033,1,0,0.10604083,0
97034,0,1,0.9993,0
97035,0,1,0.52299404,0
97036,0,1,1.0,0
97037,1,1,0.99302894,1
97038,1,1,0.99970514,1
97039,1,0,0.12538631,0
97040,0,0,0.04590542,1
97041,0,0,0.0658447,1
97042,1,1,0.86223567,1
97043,0,1,0.503601,0
97044,1,1,0.9944343,1
97045,1,0,0.2830872,0
97046,0,1,0.6361836,0
97047,1,1,0.9999994,1
97048,0,1,1.0,0
97049,1,0,0.0006838353,0
97050,1,0,0.20737517,0
97051,0,1,0.99454135,0
97052,1,0,0.053255424,0
97053,1,1,0.9915707,1
97054,1,1,0.82275945,1
97055,1,1,0.99995565,1
97056,0,0,0.25330648,1
97057,1,0,0.2780607,0
97058,1,1,0.99944824,1
97059,0,0,0.080719054,1
97060,1,1,0.99999857,1
97061,0,1,0.973519,0
97062,1,1,1.0,1
97063,0,0,0.092196204,1
97064,1,0,0.024214549,0
97065,1,1,0.9274948,1
97066,0,0,0.010408314,1
97067,0,1,0.354936,0
97068,0,1,0.96080494,0
97069,0,1,0.489656,0
97070,1,1,0.99780875,1
97071,1,1,0.99995255,1
97072,0,0,0.07835981,1
97073,1,1,0.99996626,1
97074,1,1,1.0,1
97075,0,1,0.9999714,0
97076,1,1,0.9966102,1
97077,0,1,0.99994195,0
97078,0,1,0.7051256,0
97079,0,1,0.9994461,0
97080,1,1,1.0,1
97081,0,1,0.45544082,0
97082,1,1,1.0,1
97083,0,0,0.051558185,1
97084,1,1,0.99771726,1
97085,0,1,0.9425596,0
97086,0,1,1.0,0
97087,1,1,0.9125142,1
97088,1,1,0.9999999,1
97089,1,1,0.9999635,1
97090,1,1,0.40283254,1
97091,0,1,0.75815266,0
97092,0,1,0.9674718,0
97093,1,1,0.99999845,1
97094,1,1,0.9999763,1
97095,1,0,0.31520876,0
97096,1,1,0.99744415,1
97097,0,0,0.0060152626,1
97098,1,1,1.0,1
97099,0,0,0.16518871,1
97100,1,1,0.9999995,1
97101,1,1,1.0,1
97102,0,1,0.39469665,0
97103,0,0,0.34726036,1
97104,0,1,0.9999517,0
97105,1,1,0.9969426,1
97106,0,0,0.08173938,1
97107,0,0,0.24454337,1
97108,1,0,0.23669264,0
97109,0,1,0.5265253,0
97110,1,1,0.67260057,1
97111,1,1,1.0,1
97112,0,0,0.007861459,1
97113,1,1,0.75541157,1
97114,0,1,0.85633236,0
97115,1,1,1.0,1
97116,1,1,0.9574771,1
97117,1,1,1.0,1
97118,0,0,0.18877222,1
97119,0,1,0.995008,0
97120,0,1,0.36438167,0
97121,1,1,0.99852496,1
97122,0,0,0.07689149,1
97123,0,1,0.7981868,0
97124,0,1,0.91359943,0
97125,1,1,0.99999964,1
97126,0,0,0.017712299,1
97127,1,1,0.7647159,1
97128,1,1,1.0,1
97129,1,1,0.99877924,1
97130,0,1,0.4978638,0
97131,1,1,1.0,1
97132,1,1,0.99635005,1
97133,0,1,0.8392076,0
97134,1,1,1.0,1
97135,1,1,0.999723,1
97136,1,1,0.99956864,1
97137,1,1,0.9987649,1
97138,0,1,0.61306286,0
97139,0,1,0.991339,0
97140,1,1,1.0,1
97141,0,0,0.064830884,1
97142,1,1,0.9999999,1
97143,0,0,0.115960725,1
97144,0,1,0.9885583,0
97145,1,1,0.9982926,1
97146,1,1,0.9272316,1
97147,0,0,0.033117235,1
97148,0,0,0.048496004,1
97149,1,1,1.0,1
97150,1,1,1.0,1
97151,0,1,0.9999918,0
97152,0,1,0.7632191,0
97153,1,1,1.0,1
97154,0,0,0.113383114,1
97155,1,1,0.99939644,1
97156,0,0,0.18550415,1
97157,1,1,0.99998903,1
97158,1,0,0.096620515,0
97159,0,0,0.08929564,1
97160,0,0,0.2186694,1
97161,0,1,0.4412215,0
97162,1,1,0.99960643,1
97163,1,1,1.0,1
97164,0,1,0.955444,0
97165,1,1,0.99999785,1
97166,0,0,0.08269734,1
97167,1,0,0.22798456,0
97168,1,1,1.0,1
97169,1,0,0.15437602,0
97170,1,1,0.99999833,1
97171,1,1,0.9999819,1
97172,1,1,0.9999485,1
97173,1,1,0.97794676,1
97174,1,1,1.0,1
97175,0,0,0.057334732,1
97176,1,1,0.9999968,1
97177,0,1,0.9998969,0
97178,0,1,0.38410324,0
97179,0,1,0.9656736,0
97180,0,0,0.05424881,1
97181,0,0,0.026708465,1
97182,1,0,0.081154905,0
97183,1,1,0.9784466,1
97184,1,1,0.99998176,1
97185,1,0,0.16204827,0
97186,1,1,1.0,1
97187,1,1,0.9999869,1
97188,0,0,0.06910072,1
97189,1,1,1.0,1
97190,0,0,0.18315491,1
97191,1,1,1.0,1
97192,0,0,0.1098012,1
97193,1,1,0.9913892,1
97194,0,1,0.93171144,0
97195,1,1,1.0,1
97196,0,1,0.999998,0
97197,0,0,0.105210535,1
97198,1,1,0.9672869,1
97199,0,0,0.08014123,1
97200,0,1,0.9999982,0
97201,0,0,0.14282864,1
97202,0,1,0.9284088,0
97203,0,1,0.5431662,0
97204,1,1,0.9981933,1
97205,1,0,0.055874642,0
97206,1,1,0.67281556,1
97207,1,1,0.7966091,1
97208,1,0,0.11047115,0
97209,0,0,0.22151904,1
97210,1,1,0.99999845,1
97211,1,1,0.48151478,1
97212,0,0,0.0118005965,1
97213,0,0,0.004331502,1
97214,1,0,0.096195176,0
97215,0,0,0.006450608,1
97216,0,1,0.99996495,0
97217,1,1,0.9976949,1
97218,0,1,0.99947566,0
97219,1,1,0.9999999,1
97220,1,1,0.99998057,1
97221,0,0,0.20071429,1
97222,0,0,0.07538034,1
97223,0,0,0.08218025,1
97224,1,1,0.4251278,1
97225,1,1,1.0,1
97226,0,1,0.3932976,0
97227,1,1,0.99333304,1
97228,0,1,0.5312702,0
97229,1,1,0.9998894,1
97230,0,1,1.0,0
97231,1,1,0.9670388,1
97232,0,0,0.009358114,1
97233,0,1,0.6667681,0
97234,1,1,0.99999917,1
97235,1,1,0.8091252,1
97236,0,0,0.0008609261,1
97237,1,1,0.9999999,1
97238,1,0,0.050846573,0
97239,0,0,0.20753576,1
97240,1,1,0.9999782,1
97241,1,1,0.99999976,1
97242,0,0,0.1612542,1
97243,0,0,0.058185086,1
97244,1,1,0.43962702,1
97245,0,0,0.04455598,1
97246,1,0,0.03138043,0
97247,0,0,0.19049802,1
97248,1,1,0.99631435,1
97249,1,1,1.0,1
97250,1,0,0.33258134,0
97251,0,0,0.1289633,1
97252,1,1,0.9980354,1
97253,1,1,0.6933173,1
97254,1,0,0.066629894,0
97255,1,1,1.0,1
97256,1,1,1.0,1
97257,1,1,0.98667485,1
97258,1,1,0.9999931,1
97259,0,1,0.65273964,0
97260,1,0,0.029284457,0
97261,1,1,0.97726256,1
97262,0,0,0.045734633,1
97263,1,1,0.99999964,1
97264,1,0,0.0050899177,0
97265,1,1,1.0,1
97266,1,1,0.43632177,1
97267,0,0,0.14276889,1
97268,0,0,0.28422818,1
97269,1,1,0.99994457,1
97270,1,0,0.01717671,0
97271,0,0,0.06159316,1
97272,0,0,0.049497057,1
97273,0,1,0.99656373,0
97274,1,0,0.05261895,0
97275,1,1,0.9891187,1
97276,0,1,0.99085677,0
97277,0,0,0.26180246,1
97278,1,1,0.71477735,1
97279,0,0,0.05926467,1
97280,1,1,0.9999329,1
97281,0,0,0.34482944,1
97282,0,0,0.010071824,1
97283,0,0,0.07661468,1
97284,0,1,0.95679593,0
97285,0,1,0.79310596,0
97286,1,1,1.0,1
97287,1,1,0.9802997,1
97288,1,0,0.32193944,0
97289,1,1,0.99999905,1
97290,1,1,0.90982693,1
97291,1,1,0.5835,1
97292,1,1,0.99999356,1
97293,1,1,0.99995077,1
97294,1,1,1.0,1
97295,0,1,0.9971048,0
97296,1,1,1.0,1
97297,1,1,0.99499834,1
97298,0,1,0.3996359,0
97299,1,1,0.99970514,1
97300,1,1,1.0,1
97301,1,1,0.9473323,1
97302,0,1,0.99679,0
97303,1,1,1.0,1
97304,1,1,0.9973425,1
97305,0,1,0.5086051,0
97306,1,1,0.6987921,1
97307,1,0,0.027874898,0
97308,1,1,1.0,1
97309,0,1,0.9969066,0
97310,1,1,0.99961334,1
97311,0,1,0.67410415,0
97312,1,1,0.99998057,1
97313,0,0,0.21092878,1
97314,0,0,0.26393127,1
97315,1,1,1.0,1
97316,0,1,0.9999722,0
97317,1,1,1.0,1
97318,1,0,0.20071429,0
97319,1,0,0.3043,0
97320,1,1,1.0,1
97321,1,0,0.084341794,0
97322,1,0,0.13998318,0
97323,1,1,0.99999785,1
97324,1,1,0.9999994,1
97325,0,0,0.30772197,1
97326,0,1,0.80147004,0
97327,1,1,0.99216896,1
97328,1,1,0.99999976,1
97329,1,1,0.9999999,1
97330,1,1,0.96448904,1
97331,0,0,0.034197055,1
97332,0,1,0.882022,0
97333,0,1,0.9625677,0
97334,1,1,1.0,1
97335,1,0,0.061311536,0
97336,0,1,0.9999963,0
97337,1,1,1.0,1
97338,1,1,0.99989104,1
97339,1,1,0.879043,1
97340,1,1,0.9999893,1
97341,1,1,0.86838096,1
97342,0,0,0.32477057,1
97343,0,0,0.16803622,1
97344,0,0,0.14390808,1
97345,0,1,0.6992031,0
97346,1,1,0.99974483,1
97347,0,1,0.9999138,0
97348,1,1,0.99999213,1
97349,0,1,0.9988508,0
97350,1,0,0.02541965,0
97351,0,1,0.8326453,0
97352,1,1,0.9999999,1
97353,1,1,0.48425815,1
97354,1,1,1.0,1
97355,0,0,0.015921684,1
97356,0,0,0.083965465,1
97357,1,1,0.9960238,1
97358,0,0,0.29178745,1
97359,0,1,0.9874236,0
97360,1,0,0.13747455,0
97361,0,0,0.012895588,1
97362,1,0,0.111821815,0
97363,0,1,0.70309097,0
97364,1,0,0.20673384,0
97365,0,1,0.9999943,0
97366,1,1,0.9986462,1
97367,1,1,1.0,1
97368,0,1,0.86281466,0
97369,1,0,0.1200772,0
97370,1,1,0.99999547,1
97371,1,0,0.0012943681,0
97372,1,0,0.035779487,0
97373,1,1,0.7619816,1
97374,0,0,0.17989045,1
97375,1,1,0.99987066,1
97376,0,1,0.50811696,0
97377,1,1,0.99951684,1
97378,1,0,0.1965176,0
97379,1,0,0.26879746,0
97380,0,0,0.1229438,1
97381,1,1,0.99999905,1
97382,0,0,0.053353984,1
97383,1,0,0.27620217,0
97384,1,1,0.9983991,1
97385,0,1,0.42733696,0
97386,1,1,1.0,1
97387,0,0,0.14996658,1
97388,0,1,0.82768893,0
97389,0,1,0.49951172,0
97390,0,1,0.99576014,0
97391,0,1,0.4950563,0
97392,1,1,0.9999999,1
97393,1,0,0.3350788,0
97394,0,0,0.16830944,1
97395,1,1,0.3768811,1
97396,0,1,0.998319,0
97397,0,1,0.37279058,0
97398,1,1,0.9342753,1
97399,0,0,0.16721867,1
97400,1,0,0.099820666,0
97401,1,1,0.5642185,1
97402,1,1,0.99999857,1
97403,1,1,1.0,1
97404,0,1,0.40377256,0
97405,0,0,0.014009565,1
97406,0,1,0.61705124,0
97407,0,1,0.9890976,0
97408,1,1,0.962356,1
97409,0,0,0.056184534,1
97410,1,1,0.53995365,1
97411,1,1,0.98955137,1
97412,0,0,0.026480937,1
97413,0,1,0.9926542,0
97414,1,1,0.83615357,1
97415,1,1,0.999997,1
97416,1,1,1.0,1
97417,0,1,0.82893884,0
97418,1,1,0.9981792,1
97419,0,1,0.99977654,0
97420,1,0,0.03803509,0
97421,1,0,0.07376295,0
97422,1,1,1.0,1
97423,0,1,0.99995387,0
97424,0,1,0.48416668,0
97425,0,1,0.6730305,0
97426,0,0,0.14276889,1
97427,0,0,0.18293586,1
97428,1,1,0.908618,1
97429,1,1,0.99986124,1
97430,0,1,0.99999845,0
97431,1,0,0.16311188,0
97432,0,1,0.9968087,0
97433,1,1,0.99994147,1
97434,1,1,0.90105337,1
97435,1,0,0.0279544,0
97436,1,1,0.99968123,1
97437,1,1,0.96485513,1
97438,1,1,1.0,1
97439,0,1,0.999997,0
97440,1,0,0.24644268,0
97441,1,1,0.9503189,1
97442,1,1,0.9623913,1
97443,1,0,0.11299101,0
97444,0,0,0.17660058,1
97445,1,1,0.99994123,1
97446,0,1,0.99952257,0
97447,1,0,0.019400762,0
97448,1,1,0.5533846,1
97449,0,1,0.99983263,0
97450,1,1,0.99783844,1
97451,0,0,0.054449577,1
97452,0,0,0.08419108,1
97453,1,1,0.9999764,1
97454,0,0,0.27004686,1
97455,0,1,0.8451773,0
97456,0,1,0.9793738,0
97457,1,0,0.2989005,0
97458,1,1,0.91436726,1
97459,1,1,0.99995303,1
97460,0,0,0.29279748,1
97461,1,1,0.9994241,1
97462,0,0,0.16079244,1
97463,0,0,0.042048372,1
97464,1,0,0.29098085,0
97465,1,1,0.58053046,1
97466,1,1,0.99967945,1
97467,1,0,0.0017207357,0
97468,0,0,0.16444936,1
97469,1,1,1.0,1
97470,1,1,0.9999995,1
97471,1,1,0.9999999,1
97472,1,1,0.6909241,1
97473,0,1,0.38502777,0
97474,0,0,0.09017308,1
97475,1,1,0.96888566,1
97476,1,0,0.11471518,0
97477,1,0,0.13614833,0
97478,0,0,0.074500255,1
97479,0,0,0.07369626,1
97480,1,1,1.0,1
97481,1,1,0.5118386,1
97482,1,1,1.0,1
97483,0,0,0.19767669,1
97484,1,1,0.3742474,1
97485,1,1,0.9662516,1
97486,0,0,0.062904246,1
97487,1,1,1.0,1
97488,1,1,1.0,1
97489,1,0,0.32156652,0
97490,0,0,0.122996464,1
97491,0,1,0.9741658,0
97492,1,1,0.99967504,1
97493,1,1,1.0,1
97494,0,1,0.9848984,0
97495,1,1,0.99992275,1
97496,1,1,0.38583735,1
97497,1,1,0.9997398,1
97498,0,1,0.99999344,0
97499,0,0,0.13603349,1
97500,0,1,0.9773492,0
97501,1,1,1.0,1
97502,1,1,0.45550132,1
97503,1,1,0.9999925,1
97504,0,0,0.051558185,1
97505,1,0,0.22755517,0
97506,0,0,0.11742025,1
97507,0,1,0.9805993,0
97508,1,1,0.99988127,1
97509,1,0,0.24391246,0
97510,0,1,0.6572635,0
97511,0,1,0.83828294,0
97512,0,0,0.010052368,1
97513,1,1,0.42098635,1
97514,1,1,0.99923277,1
97515,0,1,0.9946774,0
97516,1,0,0.17802514,0
97517,0,1,0.38098922,0
97518,1,1,0.99999297,1
97519,1,0,0.011419615,0
97520,1,1,0.9878996,1
97521,0,1,1.0,0
97522,1,1,0.9999896,1
97523,1,1,0.99996436,1
97524,0,1,0.9848401,0
97525,0,0,0.34997696,1
97526,0,0,0.05749328,1
97527,0,1,0.84758973,0
97528,0,0,0.21052274,1
97529,1,0,0.00016603846,0
97530,1,0,0.055208687,0
97531,1,1,0.87546796,1
97532,1,1,0.9999999,1
97533,1,0,0.30502412,0
97534,0,0,0.09585608,1
97535,0,1,0.7601169,0
97536,0,1,0.99967813,0
97537,1,0,0.12678519,0
97538,0,1,0.49304244,0
97539,1,1,0.9999969,1
97540,1,1,0.9393595,1
97541,1,1,0.8050198,1
97542,1,0,0.09501305,0
97543,0,1,0.87810534,0
97544,0,1,0.99566,0
97545,1,0,0.042285025,0
97546,1,1,0.99997926,1
97547,0,1,0.99999654,0
97548,0,0,0.024609927,1
97549,1,0,0.25776508,0
97550,1,1,0.99227446,1
97551,0,0,0.08570927,1
97552,1,1,1.0,1
97553,1,1,0.98122096,1
97554,1,1,1.0,1
97555,1,1,1.0,1
97556,1,1,1.0,1
97557,1,1,0.8700462,1
97558,1,1,0.38821205,1
97559,0,1,0.93593454,0
97560,1,1,1.0,1
97561,0,1,0.9999678,0
97562,1,0,0.22499062,0
97563,0,1,0.831006,0
97564,1,1,1.0,1
97565,1,1,0.99447733,1
97566,0,1,0.45241496,0
97567,1,1,0.9417078,1
97568,0,1,0.9997826,0
97569,1,1,0.99948174,1
97570,0,0,0.0030994152,1
97571,1,1,1.0,1
97572,1,1,0.99679,1
97573,0,1,0.99999774,0
97574,1,1,0.8718026,1
97575,1,1,0.9999913,1
97576,1,1,1.0,1
97577,1,0,0.02344229,0
97578,1,1,0.9999987,1
97579,1,1,0.9505947,1
97580,1,1,0.9939261,1
97581,1,1,0.9999614,1
97582,1,1,1.0,1
97583,0,0,0.012920474,1
97584,1,1,1.0,1
97585,0,0,0.25063756,1
97586,1,1,0.8596637,1
97587,1,1,0.9999813,1
97588,1,1,0.805173,1
97589,1,1,0.9999577,1
97590,0,0,0.029535338,1
97591,0,1,0.99991655,0
97592,1,1,0.9967269,1
97593,1,1,1.0,1
97594,1,1,0.99999464,1
97595,1,1,0.99999416,1
97596,1,1,0.9974837,1
97597,1,0,0.09990845,0
97598,1,0,0.14934519,0
97599,1,1,0.99926203,1
97600,0,1,0.549278,0
97601,1,1,0.4145729,1
97602,0,0,0.22550188,1
97603,1,1,0.6863175,1
97604,0,1,0.7762839,0
97605,1,1,1.0,1
97606,1,1,0.99990606,1
97607,0,0,0.039937317,1
97608,1,1,0.9999981,1
97609,0,0,0.06614567,1
97610,1,1,0.83761996,1
97611,1,0,0.035344075,0
97612,1,1,0.99997044,1
97613,0,1,0.6403548,0
97614,0,1,0.39338502,0
97615,1,1,0.97877365,1
97616,0,0,0.21444456,1
97617,0,0,0.03213106,1
97618,1,1,1.0,1
97619,0,0,0.041930523,1
97620,1,1,0.9997893,1
97621,0,1,0.82685167,0
97622,1,1,1.0,1
97623,0,0,0.2018919,1
97624,1,1,0.9997347,1
97625,1,1,0.99554896,1
97626,1,1,0.9999231,1
97627,1,1,0.99988854,1
97628,0,1,0.44549936,0
97629,1,1,0.5435297,1
97630,0,0,0.070623666,1
97631,0,0,0.17816807,1
97632,1,1,1.0,1
97633,1,1,0.9822196,1
97634,1,0,0.021594688,0
97635,1,1,0.47192287,1
97636,0,1,0.5292026,0
97637,1,1,0.7593147,1
97638,1,1,0.9999999,1
97639,1,1,0.7880128,1
97640,1,1,1.0,1
97641,0,1,0.45577383,0
97642,1,0,0.00902028,0
97643,1,1,0.96538115,1
97644,1,1,0.42620218,1
97645,1,1,1.0,1
97646,0,1,0.49157792,0
97647,1,1,0.729905,1
97648,0,0,0.0224785,1
97649,0,1,0.99999654,0
97650,1,1,0.97249323,1
97651,0,0,0.025908018,1
97652,1,1,0.9963642,1
97653,1,1,0.8072328,1
97654,0,0,0.3068385,1
97655,1,1,0.99997365,1
97656,0,1,0.9263037,0
97657,1,1,0.97628796,1
97658,0,0,0.011755131,1
97659,0,1,0.6791255,0
97660,1,1,0.9352283,1
97661,1,1,0.9993563,1
97662,0,0,0.023802664,1
97663,0,1,0.82018155,0
97664,1,1,0.9912378,1
97665,1,1,0.99812883,1
97666,0,1,0.61022115,0
97667,0,1,0.35331663,0
97668,1,1,0.8524448,1
97669,1,1,0.7404091,1
97670,1,1,0.99999833,1
97671,0,1,0.9920312,0
97672,0,0,0.14134066,1
97673,1,1,0.99976224,1
97674,1,1,0.99980813,1
97675,1,1,0.9999989,1
97676,0,0,0.1908748,1
97677,0,1,0.9145963,0
97678,0,1,0.78703237,0
97679,0,0,0.118998006,1
97680,0,0,0.12064587,1
97681,1,1,0.9996026,1
97682,1,1,1.0,1
97683,0,1,1.0,0
97684,1,1,0.9996892,1
97685,0,0,0.12522575,1
97686,1,0,0.17078443,0
97687,0,1,0.76960015,0
97688,1,1,0.9993242,1
97689,1,0,0.12803373,0
97690,1,0,0.11230769,0
97691,0,1,0.82976806,0
97692,0,1,0.6040486,0
97693,1,1,0.59484553,1
97694,1,1,0.9961903,1
97695,0,1,0.9608783,0
97696,0,0,0.26284182,1
97697,0,1,0.44474563,0
97698,0,1,0.9967775,0
97699,1,1,1.0,1
97700,1,1,0.54613304,1
97701,1,1,0.77466863,1
97702,0,1,0.7320175,0
97703,0,1,0.9993424,0
97704,1,1,0.9999999,1
97705,1,0,0.051319942,0
97706,1,1,0.8373541,1
97707,0,1,0.99324185,0
97708,1,1,0.99767226,1
97709,1,1,0.99995935,1
97710,0,0,0.072177574,1
97711,1,1,0.9999329,1
97712,1,1,0.99724233,1
97713,1,1,0.9999752,1
97714,1,1,1.0,1
97715,0,0,0.3125798,1
97716,1,1,1.0,1
97717,1,1,0.96641046,1
97718,0,1,0.70957285,0
97719,1,1,0.999992,1
97720,1,0,0.2115797,0
97721,0,0,0.2084205,1
97722,0,0,0.27371997,1
97723,0,1,0.99225944,0
97724,0,1,0.72316283,0
97725,1,1,0.9095863,1
97726,1,1,0.9968702,1
97727,1,1,0.99999976,1
97728,1,1,0.65671337,1
97729,0,1,0.72947156,0
97730,0,0,0.10800066,1
97731,0,0,0.21535073,1
97732,1,1,0.9231778,1
97733,1,1,0.89947516,1
97734,1,1,0.9990226,1
97735,1,0,0.24229527,0
97736,0,0,0.0012994274,1
97737,1,1,0.9999999,1
97738,1,1,0.9999999,1
97739,1,0,0.19057333,0
97740,0,1,0.9095863,0
97741,1,1,0.9234544,1
97742,1,0,0.3045068,0
97743,1,0,0.09203286,0
97744,0,1,0.9971661,0
97745,0,0,0.11348131,1
97746,1,1,0.99967754,1
97747,1,1,0.9999831,1
97748,0,0,0.069289416,1
97749,0,1,0.5363736,0
97750,1,0,0.24274376,0
97751,0,0,0.0060152626,1
97752,1,1,0.99460465,1
97753,0,1,0.9354055,0
97754,1,1,0.9999151,1
97755,0,0,0.10105591,1
97756,1,0,0.24976736,0
97757,1,0,0.074567616,0
97758,1,1,0.99999416,1
97759,0,1,0.9996302,0
97760,1,1,0.89469755,1
97761,1,0,0.0025909792,0
97762,1,1,0.99998784,1
97763,1,1,0.64573455,1
97764,0,0,0.042842172,1
97765,1,1,0.88363826,1
97766,1,0,0.08866235,0
97767,1,1,0.99999714,1
97768,1,0,0.23091978,0
97769,1,1,1.0,1
97770,0,0,0.32167304,1
97771,0,0,0.08756384,1
97772,1,1,0.9900058,1
97773,0,1,0.50701857,0
97774,1,0,0.019531239,0
97775,1,1,0.5176928,1
97776,1,0,0.06760824,0
97777,0,0,0.32161978,1
97778,0,0,0.0770997,1
97779,0,1,0.9601001,0
97780,0,0,0.15077755,1
97781,1,1,0.8529355,1
97782,0,1,0.8958876,0
97783,0,1,0.9640178,0
97784,1,1,0.90934503,1
97785,0,0,0.30357692,1
97786,1,0,0.03317983,0
97787,0,1,0.99860877,0
97788,0,0,0.015875846,1
97789,1,1,0.6268098,1
97790,1,1,0.99999917,1
97791,0,0,0.11279541,1
97792,0,0,0.008627458,1
97793,1,0,0.025226824,0
97794,0,1,0.85717136,0
97795,1,1,1.0,1
97796,0,1,0.9999989,0
97797,1,0,0.005220126,0
97798,0,1,0.937726,0
97799,1,1,1.0,1
97800,1,1,0.97949183,1
97801,0,1,0.98076576,0
97802,1,1,0.76361597,1
97803,0,1,0.4618662,0
97804,0,0,0.023599295,1
97805,1,1,0.99998057,1
97806,0,0,0.34021112,1
97807,1,1,0.99999976,1
97808,0,1,0.70775825,0
97809,1,1,1.0,1
97810,1,1,1.0,1
97811,0,0,0.10411242,1
97812,1,0,0.11787642,0
97813,0,1,0.8393393,0
97814,0,1,0.9996309,0
97815,0,0,0.32130027,1
97816,0,0,0.19261529,1
97817,1,1,0.7370162,1
97818,1,1,0.9999821,1
97819,1,0,0.24041773,0
97820,1,1,0.9992848,1
97821,1,1,0.9805248,1
97822,1,1,0.99987614,1
97823,0,1,0.41466177,0
97824,1,1,0.9998596,1
97825,1,1,0.69071555,1
97826,1,1,0.81286734,1
97827,0,1,0.8162599,0
97828,1,1,0.46037987,1
97829,0,0,0.022759158,1
97830,1,1,0.9998579,1
97831,1,1,0.9167081,1
97832,0,0,0.05802475,1
97833,1,1,1.0,1
97834,1,0,0.074365705,0
97835,1,1,0.7934263,1
97836,1,1,0.35639066,1
97837,1,1,0.99671423,1
97838,0,0,0.0019043302,1
97839,1,0,0.09764823,0
97840,1,1,0.71442884,1
97841,0,0,0.17845424,1
97842,0,0,0.048092045,1
97843,1,1,1.0,1
97844,1,1,0.9998845,1
97845,1,1,1.0,1
97846,1,1,0.9774785,1
97847,1,1,0.37851653,1
97848,1,1,0.8932163,1
97849,1,1,0.8740772,1
97850,0,1,0.68747264,0
97851,0,1,0.66099346,0
97852,0,0,0.08449276,1
97853,1,1,0.5574238,1
97854,0,1,0.7662062,0
97855,1,1,1.0,1
97856,0,1,0.9959771,0
97857,0,0,0.08093672,1
97858,0,1,0.49438503,0
97859,0,0,0.0019117694,1
97860,1,0,0.20142023,0
97861,0,1,0.6157235,0
97862,0,1,0.9969426,0
97863,1,1,0.9999329,1
97864,1,1,1.0,1
97865,0,1,0.97889495,0
97866,0,0,0.32471702,1
97867,1,1,0.99842995,1
97868,1,1,0.9999976,1
97869,1,1,0.9999604,1
97870,0,0,0.0012594985,1
97871,1,1,0.99709344,1
97872,0,0,0.06296183,1
97873,0,0,0.029256709,1
97874,1,0,0.02143024,0
97875,0,1,0.72081065,0
97876,0,1,0.87037706,0
97877,0,0,0.3453812,1
97878,0,0,0.0019154998,1
97879,0,1,0.9998969,0
97880,0,1,0.99956685,0
97881,0,1,0.9854124,0
97882,0,1,0.5880614,0
97883,1,1,1.0,1
97884,0,1,0.99976677,0
97885,0,1,0.42617235,0
97886,1,0,0.2885691,0
97887,1,1,0.99025387,1
97888,0,0,0.12962292,1
97889,0,1,0.9715909,0
97890,0,1,0.9994547,0
97891,1,1,0.98965186,1
97892,0,1,0.77321637,0
97893,1,1,0.7937462,1
97894,1,0,0.016246215,0
97895,0,1,0.9882676,0
97896,0,1,0.72066325,0
97897,1,1,0.48886296,1
97898,0,1,0.93863225,0
97899,0,0,0.08079154,1
97900,1,1,0.6729231,1
97901,1,1,0.99995804,1
97902,1,1,1.0,1
97903,1,0,0.03330537,0
97904,0,0,0.09816574,1
97905,1,1,0.9996711,1
97906,1,0,0.23713401,0
97907,0,1,0.37307605,0
97908,1,1,1.0,1
97909,1,1,0.9719659,1
97910,0,0,0.13184245,1
97911,0,0,0.045734633,1
97912,1,0,0.09903369,0
97913,1,1,0.999997,1
97914,1,1,0.999997,1
97915,1,1,0.9996898,1
97916,1,0,0.101144664,0
97917,0,0,0.03897507,1
97918,0,1,0.75292206,0
97919,0,0,0.23988315,1
97920,0,1,0.45156837,0
97921,0,1,0.9408442,0
97922,0,0,0.051272422,1
97923,1,1,0.99999905,1
97924,0,1,0.3631386,0
97925,1,1,0.42793453,1
97926,1,1,0.40559587,1
97927,0,1,0.99416876,0
97928,0,0,0.2607658,1
97929,1,1,0.9786107,1
97930,0,0,0.08929564,1
97931,0,0,0.24059613,1
97932,1,0,0.054499876,0
97933,1,1,0.99844813,1
97934,0,1,0.99656373,0
97935,0,0,0.13341522,1
97936,0,1,0.9999883,0
97937,0,1,0.42152202,0
97938,1,1,0.91436726,1
97939,1,1,0.99993896,1
97940,1,1,0.9992505,1
97941,1,0,0.0658447,0
97942,1,1,0.99999464,1
97943,1,1,0.9915052,1
97944,1,1,0.99997306,1
97945,1,1,0.9315248,1
97946,0,0,0.26345724,1
97947,0,1,0.9916033,0
97948,1,1,0.5619361,1
97949,0,0,0.046855625,1
97950,1,1,0.93385434,1
97951,1,0,0.018959863,0
97952,0,1,0.8981429,0
97953,0,1,0.9224824,0
97954,0,0,0.015276946,1
97955,1,1,0.9999894,1
97956,0,0,0.16532342,1
97957,0,0,0.052960765,1
97958,0,1,0.78858316,0
97959,0,0,0.030415535,1
97960,1,1,0.9999989,1
97961,0,0,0.26369417,1
97962,1,1,0.7698598,1
97963,1,0,0.018003466,0
97964,1,1,0.53643435,1
97965,1,1,1.0,1
97966,0,0,0.1305069,1
97967,0,1,0.9895716,0
97968,1,1,0.9999839,1
97969,1,0,0.10079008,0
97970,0,1,0.94427973,0
97971,0,0,0.17823958,1
97972,1,1,0.95787287,1
97973,1,1,1.0,1
97974,1,1,0.99999046,1
97975,0,1,0.65836257,0
97976,1,1,0.9948704,1
97977,1,0,0.16092427,0
97978,1,0,0.069289416,0
97979,1,0,0.023576804,0
97980,0,0,0.20275874,1
97981,1,1,0.917746,1
97982,0,1,0.9630572,0
97983,0,0,0.11940814,1
97984,1,0,0.2860695,0
97985,1,1,1.0,1
97986,1,1,0.41964796,1
97987,0,1,0.84169555,0
97988,0,0,0.07626997,1
97989,1,1,0.9992099,1
97990,0,1,0.9662198,0
97991,0,1,0.98238933,0
97992,0,0,0.2548797,1
97993,0,0,0.12732674,1
97994,1,1,1.0,1
97995,0,1,0.9996178,0
97996,0,0,0.086632065,1
97997,1,1,0.9770007,1
97998,0,1,0.44074005,0
97999,0,1,1.0,0
98000,1,1,0.9954791,1
98001,1,0,0.12543987,0
98002,1,1,0.9999999,1
98003,0,0,0.024191484,1
98004,1,1,1.0,1
98005,1,1,0.99944395,1
98006,0,1,0.54722214,0
98007,0,1,0.91928095,0
98008,1,1,0.9999659,1
98009,1,1,0.9911868,1
98010,0,1,0.99996996,0
98011,0,1,0.42703825,0
98012,1,1,0.65869194,1
98013,0,1,0.5050047,0
98014,1,1,0.9896718,1
98015,1,1,0.97052056,1
98016,0,1,0.97396845,0
98017,1,1,0.95735765,1
98018,0,0,0.21239536,1
98019,0,0,0.100436606,1
98020,1,1,1.0,1
98021,0,0,0.23581159,1
98022,1,0,0.09017308,0
98023,1,1,0.7589128,1
98024,0,0,0.10167862,1
98025,1,0,0.13788034,0
98026,1,0,0.17245041,0
98027,1,1,0.9985923,1
98028,1,1,0.96688277,1
98029,0,0,0.029256709,1
98030,1,1,0.946051,1
98031,1,1,0.92529744,1
98032,1,1,0.99999964,1
98033,1,1,0.6546188,1
98034,0,0,0.0595922,1
98035,1,0,0.22236224,0
98036,1,1,0.6213686,1
98037,1,1,0.9999839,1
98038,0,1,0.9974342,0
98039,1,1,1.0,1
98040,0,0,0.25293726,1
98041,0,0,0.091058284,1
98042,0,1,0.85931,0
98043,1,0,0.024145423,0
98044,1,0,0.16871993,0
98045,1,1,0.52774245,1
98046,1,1,0.99999547,1
98047,0,1,0.5827285,0
98048,1,0,0.09833879,0
98049,0,1,0.83237296,0
98050,1,1,1.0,1
98051,1,1,0.98365986,1
98052,0,0,0.08570927,1
98053,0,0,0.052960765,1
98054,1,0,0.3045068,0
98055,0,0,0.013715874,1
98056,1,1,0.6346,1
98057,1,1,0.39823088,1
98058,0,0,0.024821786,1
98059,0,1,0.6866328,0
98060,0,1,0.8850366,0
98061,1,1,0.9946464,1
98062,0,1,0.6809316,0
98063,1,0,0.11240509,0
98064,0,0,0.080719054,1
98065,1,0,0.02640552,0
98066,1,1,0.8301815,1
98067,0,1,0.38349697,0
98068,1,1,0.9999802,1
98069,1,1,0.9999999,1
98070,0,1,0.43140453,0
98071,0,0,0.1612542,1
98072,0,1,0.9999689,0
98073,0,0,0.05103542,1
98074,1,0,0.016497836,0
98075,1,1,0.8996516,1
98076,1,1,0.99656373,1
98077,1,1,0.99390244,1
98078,0,0,0.07871317,1
98079,0,0,0.1309508,1
98080,0,0,0.049039625,1
98081,0,0,0.05975658,1
98082,1,1,0.99999785,1
98083,1,1,0.99943525,1
98084,1,0,0.24023944,0
98085,1,1,0.90337944,1
98086,1,1,0.41614398,1
98087,1,1,0.99982256,1
98088,0,0,0.15520647,1
98089,1,1,0.99999857,1
98090,1,1,0.9996178,1
98091,1,1,0.9278225,1
98092,1,1,0.999987,1
98093,1,1,0.99942636,1
98094,1,1,0.9999981,1
98095,1,1,0.999071,1
98096,1,1,1.0,1
98097,0,1,0.9998097,0
98098,0,1,0.35337245,0
98099,1,0,0.20955054,0
98100,0,0,0.22988081,1
98101,1,0,0.07765744,0
98102,1,1,0.95379424,1
98103,1,1,0.99999535,1
98104,0,0,0.060363002,1
98105,0,1,0.89858866,0
98106,1,1,0.40491918,1
98107,1,0,0.03007184,0
98108,1,1,0.9996673,1
98109,0,0,0.20220678,1
98110,0,1,0.9966365,0
98111,0,0,0.019234259,1
98112,0,0,0.3292839,1
98113,1,1,0.99948967,1
98114,1,1,0.9999707,1
98115,1,1,0.9976949,1
98116,1,1,0.929951,1
98117,0,1,0.98959166,0
98118,0,1,0.59796005,0
98119,0,0,0.16458358,1
98120,0,1,0.5920181,0
98121,1,1,0.6778473,1
98122,0,1,0.9876639,0
98123,0,0,0.16257937,1
98124,0,0,0.10158944,1
98125,1,0,0.0070801177,0
98126,1,1,0.56637836,1
98127,0,1,0.9730109,0
98128,1,1,1.0,1
98129,1,0,0.06430006,0
98130,0,0,0.023219766,1
98131,1,1,1.0,1
98132,0,0,0.15215817,1
98133,1,1,0.7168632,1
98134,1,1,1.0,1
98135,0,1,0.99944395,0
98136,0,1,0.95163894,0
98137,1,1,0.9985306,1
98138,0,0,0.14487322,1
98139,1,1,0.8394709,1
98140,1,1,0.99894744,1
98141,0,0,0.056756895,1
98142,0,0,0.035544395,1
98143,1,1,1.0,1
98144,0,1,0.9997584,0
98145,0,0,0.17996249,1
98146,1,1,0.9999707,1
98147,1,1,0.9939731,1
98148,0,1,0.9999851,0
98149,1,1,1.0,1
98150,1,0,0.2646433,0
98151,0,0,0.15367614,1
98152,0,0,0.038430087,1
98153,1,1,0.9999958,1
98154,0,1,0.9979966,0
98155,0,0,0.11075938,1
98156,1,1,0.91022676,1
98157,0,1,0.48114908,0
98158,1,1,1.0,1
98159,0,1,0.4493624,0
98160,1,1,0.99992156,1
98161,1,1,0.9261035,1
98162,0,0,0.022074388,1
98163,1,1,0.9996207,1
98164,1,1,0.9997695,1
98165,0,1,0.66969085,0
98166,0,1,0.9765577,0
98167,1,1,0.9982488,1
98168,0,1,0.86849254,0
98169,0,1,0.99971086,0
98170,0,0,0.14627008,1
98171,0,0,0.14990434,1
98172,1,1,0.99973875,1
98173,1,1,0.79534036,1
98174,0,0,0.20291662,1
98175,0,0,0.005865338,1
98176,1,1,0.7100758,1
98177,0,0,0.11656275,1
98178,0,0,0.31226513,1
98179,1,1,0.4444442,1
98180,1,1,0.9750835,1
98181,0,1,0.6766733,0
98182,1,1,0.531331,1
98183,1,1,0.9998776,1
98184,0,1,0.9996288,0
98185,0,0,0.20769641,1
98186,0,1,0.78365755,0
98187,0,1,0.39108613,0
98188,0,1,0.5795194,0
98189,1,1,0.9999999,1
98190,1,0,0.00033015275,0
98191,1,0,0.019419348,0
98192,1,0,0.044764314,0
98193,0,0,0.10447732,1
98194,1,1,0.99097973,1
98195,1,1,0.9594972,1
98196,1,1,0.9997695,1
98197,0,1,0.969814,0
98198,0,0,0.039564554,1
98199,0,1,0.999928,0
98200,1,1,1.0,1
98201,1,1,1.0,1
98202,0,1,0.9996594,0
98203,1,0,0.0026522598,0
98204,0,0,0.0343263,1
98205,1,1,0.999998,1
98206,0,0,0.012194132,1
98207,0,0,0.017442483,1
98208,0,0,0.014842417,1
98209,1,0,0.04845096,0
98210,1,1,0.9989778,1
98211,1,1,0.9999994,1
98212,1,0,0.045225907,0
98213,1,1,1.0,1
98214,1,1,0.9999999,1
98215,1,1,0.990892,1
98216,1,1,0.99700147,1
98217,1,0,0.124053754,0
98218,0,1,0.92617035,0
98219,1,1,0.7153743,1
98220,1,1,0.98623115,1
98221,0,0,0.013636835,1
98222,0,1,0.4087782,0
98223,1,0,0.119151674,0
98224,0,1,0.9992237,0
98225,1,0,0.0090903845,0
98226,1,1,0.9999187,1
98227,0,1,0.99998987,0
98228,1,1,0.9957353,1
98229,1,1,0.99518895,1
98230,1,1,0.9956937,1
98231,1,0,0.32971537,0
98232,0,1,0.3746763,0
98233,0,0,0.2150209,1
98234,1,1,0.99992716,1
98235,1,1,1.0,1
98236,0,1,0.9808576,0
98237,1,1,0.99987614,1
98238,1,1,0.99517965,1
98239,0,1,0.99861145,0
98240,1,1,0.9995703,1
98241,0,1,0.49609384,0
98242,1,1,0.9999999,1
98243,1,1,0.6021786,1
98244,1,1,0.87450653,1
98245,1,1,0.99995637,1
98246,0,1,0.9997508,0
98247,0,1,0.9436599,0
98248,1,0,0.091625646,0
98249,0,0,0.044389986,1
98250,0,0,0.2680783,1
98251,0,0,0.2893717,1
98252,1,1,0.996858,1
98253,1,1,0.5165345,1
98254,0,1,0.988514,0
98255,0,0,0.098946586,1
98256,0,1,0.5926077,0
98257,0,0,0.21068507,1
98258,0,0,0.06447655,1
98259,0,0,0.27250826,1
98260,1,1,0.9824568,1
98261,0,1,0.56547874,0
98262,0,0,0.27688602,1
98263,1,1,1.0,1
98264,0,1,0.9979007,0
98265,0,0,0.045991033,1
98266,1,1,0.99106663,1
98267,0,0,0.272218,1
98268,0,1,0.99342304,0
98269,0,0,0.13712755,1
98270,1,1,0.81242126,1
98271,0,0,0.093016796,1
98272,0,0,0.2877178,1
98273,0,1,0.9999763,0
98274,0,1,0.99444515,0
98275,1,1,0.9718593,1
98276,1,1,0.9854124,1
98277,1,1,0.9972584,1
98278,0,0,0.06267437,1
98279,0,1,0.8729984,0
98280,1,1,0.99999976,1
98281,1,1,0.9996338,1
98282,1,1,0.8410439,1
98283,1,1,0.9583432,1
98284,1,1,0.9889705,1
98285,0,0,0.2026798,1
98286,0,1,1.0,0
98287,1,1,0.8775817,1
98288,0,1,0.3829488,0
98289,1,1,0.9999993,1
98290,0,1,0.9999665,0
98291,1,1,0.97555363,1
98292,0,0,0.0059571536,1
98293,0,0,0.24903609,1
98294,1,1,0.7977145,1
98295,1,1,0.55266047,1
98296,0,1,0.9998005,0
98297,0,1,0.95536083,0
98298,0,0,0.0631349,1
98299,0,1,0.86048645,0
98300,1,0,0.024492992,0
98301,0,0,0.12215622,1
98302,1,0,0.083740406,0
98303,1,1,0.99304235,1
98304,1,1,0.7704648,1
98305,1,1,0.99999964,1
98306,0,0,0.2977251,1
98307,1,1,0.9774355,1
98308,1,0,0.11328496,0
98309,1,0,0.0076510315,0
98310,1,0,0.0068504806,0
98311,0,0,0.053601146,1
98312,1,1,0.9996705,1
98313,0,0,0.3386237,1
98314,1,0,0.16391331,0
98315,0,1,0.35150582,0
98316,1,1,0.99999297,1
98317,1,1,0.9999974,1
98318,1,1,1.0,1
98319,1,1,1.0,1
98320,1,1,1.0,1
98321,0,0,0.09186979,1
98322,0,0,0.15241031,1
98323,1,1,0.9962782,1
98324,1,1,0.99530905,1
98325,0,1,0.99921906,0
98326,1,1,0.9962999,1
98327,1,0,0.005060332,0
98328,0,0,0.34543642,1
98329,0,1,0.9623913,0
98330,1,1,0.9983125,1
98331,1,1,0.99890983,1
98332,0,1,0.9306476,0
98333,0,1,0.9994504,0
98334,0,1,0.99394965,0
98335,1,1,0.6400174,1
98336,0,0,0.044389986,1
98337,0,0,0.33611313,1
98338,0,0,0.3227394,1
98339,1,1,0.9905691,1
98340,1,1,0.9981141,1
98341,1,1,0.98752034,1
98342,1,1,0.6307418,1
98343,0,0,0.13753247,1
98344,1,0,0.21875282,0
98345,1,1,0.57892436,1
98346,0,0,0.025711589,1
98347,1,0,0.00039127708,0
98348,1,1,0.9405718,1
98349,1,1,0.95136863,1
98350,0,1,0.95226437,0
98351,1,1,0.99999654,1
98352,0,0,0.0048674173,1
98353,1,1,1.0,1
98354,1,1,0.9999682,1
98355,0,1,0.9894907,0
98356,1,1,1.0,1
98357,1,0,0.20545557,0
98358,1,1,0.99883956,1
98359,0,0,0.018635655,1
98360,0,1,0.99729556,0
98361,1,1,0.9509148,1
98362,0,0,0.031618766,1
98363,1,1,1.0,1
98364,0,1,0.94694114,0
98365,1,0,0.16231363,0
98366,1,1,0.9999963,1
98367,1,1,0.9999975,1
98368,1,1,0.72189033,1
98369,0,0,0.12874407,1
98370,0,0,0.050424065,1
98371,1,1,0.99999845,1
98372,1,1,0.6092336,1
98373,1,1,0.84273374,1
98374,1,1,0.99999213,1
98375,1,1,0.4400782,1
98376,0,1,0.88100195,0
98377,1,1,0.9967013,1
98378,0,1,0.99771273,0
98379,1,1,0.98638946,1
98380,1,0,0.047558397,0
98381,0,1,1.0,0
98382,1,1,0.9999988,1
98383,0,1,1.0,0
98384,1,0,0.0120770605,0
98385,1,1,0.9998529,1
98386,1,1,0.9999999,1
98387,1,1,1.0,1
98388,0,0,0.018923571,1
98389,1,1,0.9977787,1
98390,1,1,0.99880743,1
98391,0,0,0.07779745,1
98392,0,0,0.05754622,1
98393,1,1,0.99928755,1
98394,1,1,1.0,1
98395,1,1,0.7121821,1
98396,1,1,0.99999726,1
98397,1,1,0.9734181,1
98398,1,0,0.07992553,0
98399,1,1,0.95691687,1
98400,0,1,0.8748277,0
98401,1,0,0.28907058,0
98402,1,1,1.0,1
98403,1,1,0.99988496,1
98404,0,0,0.046855625,1
98405,1,0,0.09401018,0
98406,0,0,0.02798095,1
98407,1,1,0.999866,1
98408,0,1,0.74307483,0
98409,0,0,0.3438924,1
98410,0,1,0.5245164,0
98411,1,1,0.9999925,1
98412,0,0,0.05970174,1
98413,1,0,0.06489012,0
98414,1,1,0.99998987,1
98415,1,1,1.0,1
98416,1,1,0.9348725,1
98417,1,1,0.9462501,1
98418,0,1,0.9998859,0
98419,0,0,0.1727991,1
98420,1,1,0.5317565,1
98421,0,1,0.9999993,0
98422,1,1,0.8645393,1
98423,0,0,0.25330648,1
98424,0,0,0.16311188,1
98425,0,0,0.09509706,1
98426,1,1,1.0,1
98427,0,1,0.9825575,0
98428,0,1,0.5563996,0
98429,1,1,0.97953105,1
98430,0,0,0.029118354,1
98431,0,0,0.29128316,1
98432,1,1,0.99957365,1
98433,0,1,0.9830526,0
98434,1,0,0.0374323,0
98435,0,0,0.06383161,1
98436,1,1,0.9567152,1
98437,0,0,0.1538032,1
98438,0,0,0.23970512,1
98439,1,1,1.0,1
98440,0,0,0.06418264,1
98441,0,1,0.9999939,0
98442,1,0,0.052279223,0
98443,1,1,0.99999726,1
98444,0,0,0.13974822,1
98445,0,0,0.12085323,1
98446,1,1,0.9999999,1
98447,1,0,0.18286288,0
98448,0,1,0.99965537,0
98449,1,1,0.8957965,1
98450,1,1,0.9870546,1
98451,0,0,0.28537196,1
98452,0,1,0.98685336,0
98453,1,1,0.9938548,1
98454,0,1,0.9999877,0
98455,1,0,0.05728198,0
98456,1,1,0.99999905,1
98457,1,1,0.9999181,1
98458,1,1,0.9999912,1
98459,0,1,0.967101,0
98460,1,1,1.0,1
98461,1,1,0.99864095,1
98462,1,1,1.0,1
98463,1,0,0.18068421,0
98464,0,0,0.30970183,1
98465,1,1,0.35571894,1
98466,1,0,0.030329255,0
98467,0,0,0.054349106,1
98468,0,1,0.982591,0
98469,1,1,0.9274291,1
98470,1,1,0.621828,1
98471,0,0,0.10604083,1
98472,0,1,0.9584212,0
98473,1,0,0.09065494,0
98474,0,0,0.13245842,1
98475,1,1,0.8609547,1
98476,0,1,0.99344844,0
98477,0,0,0.019475216,1
98478,0,0,0.067546695,1
98479,0,1,0.45622808,0
98480,1,1,0.99999404,1
98481,0,0,0.01461567,1
98482,0,0,0.06973154,1
98483,1,1,0.99999964,1
98484,1,1,0.999984,1
98485,0,0,0.07204689,1
98486,1,1,1.0,1
98487,1,0,0.13724312,0
98488,1,0,0.17307846,0
98489,1,1,0.999998,1
98490,1,1,0.9998989,1
98491,1,0,0.056132775,0
98492,1,1,0.9999999,1
98493,0,1,0.87589324,0
98494,0,0,0.1821344,1
98495,1,1,0.7008436,1
98496,1,1,0.9999981,1
98497,1,1,0.99996436,1
98498,1,1,0.9935494,1
98499,1,1,0.99936384,1
98500,0,1,0.9996437,0
98501,0,0,0.059319146,1
98502,1,0,0.05500529,0
98503,0,1,0.99997497,0
98504,1,1,0.38734266,1
98505,0,1,0.99999344,0
98506,1,1,0.99985516,1
98507,0,1,0.3957762,0
98508,1,1,0.9849274,1
98509,0,1,0.42871168,0
98510,0,1,0.97836393,0
98511,0,1,0.89706576,0
98512,1,1,0.9999994,1
98513,0,0,0.1584346,1
98514,0,1,0.9503189,0
98515,0,1,0.9843062,0
98516,1,1,0.9151287,1
98517,1,1,0.99995387,1
98518,0,0,0.028980628,1
98519,0,1,0.9390807,0
98520,1,0,0.2032327,0
98521,0,0,0.21101007,1
98522,0,1,0.36506045,0
98523,1,1,0.9953815,1
98524,1,0,0.03207038,0
98525,0,0,0.11961366,1
98526,0,0,0.005730246,1
98527,1,1,0.99948967,1
98528,0,0,0.23353149,1
98529,0,0,0.12857984,1
98530,0,1,0.40456626,0
98531,1,1,0.86849254,1
98532,0,0,0.0035657368,1
98533,1,0,0.12262824,0
98534,1,0,0.111337796,0
98535,0,1,0.6064402,0
98536,1,1,0.7280238,1
98537,0,0,0.06766981,1
98538,0,0,0.12678519,1
98539,1,0,0.00035006856,0
98540,1,1,1.0,1
98541,1,0,0.0042069694,0
98542,1,1,1.0,1
98543,1,1,0.9999999,1
98544,1,1,1.0,1
98545,0,1,0.99900347,0
98546,0,0,0.017729297,1
98547,1,1,0.9998859,1
98548,0,0,0.034164816,1
98549,1,1,0.9997305,1
98550,0,0,0.035712164,1
98551,1,0,0.20228556,0
98552,1,1,0.99995184,1
98553,0,1,0.5853975,0
98554,0,0,0.1200772,1
98555,1,1,0.3800109,1
98556,0,0,0.028034119,1
98557,0,1,0.6503007,0
98558,1,0,0.08321738,0
98559,0,0,0.17030093,1
98560,1,0,0.035144847,0
98561,1,1,0.9989617,1
98562,1,1,0.89312315,1
98563,0,0,0.059101548,1
98564,0,0,0.04196977,1
98565,0,1,0.6978664,0
98566,1,0,0.022868007,0
98567,1,0,0.21908678,0
98568,0,1,0.995037,0
98569,0,0,0.3149453,1
98570,0,1,0.9980161,0
98571,1,1,0.9982212,1
98572,0,1,0.99998283,0
98573,1,0,0.16968088,0
98574,0,1,0.82796735,0
98575,1,1,1.0,1
98576,0,1,0.9766915,0
98577,1,1,0.9998902,1
98578,0,0,0.19977595,1
98579,0,1,0.47240964,0
98580,0,1,0.99860066,0
98581,0,0,0.021781173,1
98582,1,1,0.99993896,1
98583,1,0,0.033023555,0
98584,1,1,0.9750835,1
98585,1,0,0.17300858,0
98586,1,1,0.9989975,1
98587,1,1,0.3680933,1
98588,0,0,0.01510165,1
98589,0,1,0.9999331,0
98590,0,1,0.55910957,0
98591,1,1,0.42910036,1
98592,1,0,0.021718834,0
98593,0,1,0.84632385,0
98594,0,1,0.9999938,0
98595,0,1,0.99929726,0
98596,0,1,0.9219921,0
98597,0,0,0.061255362,1
98598,1,0,0.24635202,0
98599,1,0,0.10438599,0
98600,0,0,0.09178833,1
98601,0,1,0.9952448,0
98602,1,1,1.0,1
98603,0,0,0.15908672,1
98604,1,1,0.9999833,1
98605,1,1,1.0,1
98606,1,1,1.0,1
98607,0,1,0.85318035,0
98608,1,1,0.49249324,1
98609,0,1,0.5599519,0
98610,1,1,0.99615306,1
98611,0,1,0.99984825,0
98612,1,1,0.99999917,1
98613,1,0,0.25321415,0
98614,1,1,0.9990978,1
98615,0,1,0.98623115,0
98616,1,1,0.9948902,1
98617,1,1,0.9999994,1
98618,0,1,1.0,0
98619,1,0,0.111627996,0
98620,0,1,0.67720723,0
98621,1,1,1.0,1
98622,0,1,0.6694748,0
98623,0,0,0.31163633,1
98624,0,0,0.06030764,1
98625,1,0,0.08678673,0
98626,0,1,0.82290184,0
98627,1,1,1.0,1
98628,0,0,0.03715183,1
98629,0,0,0.07316472,1
98630,1,1,0.99993443,1
98631,1,1,0.99998224,1
98632,0,1,1.0,0
98633,0,1,0.9628132,0
98634,0,0,0.011115014,1
98635,0,0,0.073963374,1
98636,0,1,0.41558057,0
98637,0,0,0.102484226,1
98638,0,1,0.38078773,0
98639,0,1,0.8305941,0
98640,1,0,0.22996724,0
98641,1,0,0.14080818,0
98642,1,1,0.88393915,1
98643,0,1,0.689985,0
98644,1,1,0.99999917,1
98645,1,0,0.117016025,0
98646,0,0,0.33193132,1
98647,0,0,0.11481439,1
98648,1,1,0.9261035,1
98649,0,0,0.039937317,1
98650,1,1,1.0,1
98651,1,1,0.54116637,1
98652,1,1,0.999998,1
98653,1,1,1.0,1
98654,0,1,0.9991117,0
98655,1,1,1.0,1
98656,0,0,0.26038945,1
98657,1,0,0.002491968,0
98658,1,0,0.16586316,0
98659,1,1,0.9887771,1
98660,0,0,0.09451042,1
98661,1,0,0.15507846,0
98662,0,1,0.54855263,0
98663,1,1,0.9998785,1
98664,1,1,0.9946359,1
98665,0,0,0.34169233,1
98666,1,1,0.6545084,1
98667,0,0,0.15165491,1
98668,1,1,0.6200466,1
98669,0,1,0.56481874,0
98670,1,0,0.22772686,0
98671,0,1,0.52962834,0
98672,1,1,0.9999833,1
98673,0,1,0.69342107,0
98674,0,1,0.94544977,0
98675,1,1,0.9931229,1
98676,1,1,0.99991965,1
98677,1,1,0.9954791,1
98678,1,1,1.0,1
98679,1,1,1.0,1
98680,1,1,0.9510514,1
98681,0,0,0.020784607,1
98682,1,1,0.90515476,1
98683,1,1,0.9999993,1
98684,1,1,0.99975747,1
98685,0,0,0.10176784,1
98686,0,0,0.0836655,1
98687,0,0,0.09885954,1
98688,1,1,0.49548352,1
98689,1,1,0.45138696,1
98690,1,1,0.85705173,1
98691,0,0,0.24990462,1
98692,1,0,4.3398945e-06,0
98693,1,0,0.13770632,0
98694,0,0,0.13006428,1
98695,0,0,0.21908678,1
98696,1,1,0.99999714,1
98697,1,0,0.16762705,0
98698,1,1,0.99999917,1
98699,1,1,1.0,1
98700,1,1,0.999864,1
98701,0,0,0.09342957,1
98702,1,0,0.067056276,0
98703,1,1,0.99999905,1
98704,0,1,0.53266823,0
98705,0,0,0.015543648,1
98706,1,1,0.96814114,1
98707,1,1,0.87589324,1
98708,1,1,0.8267118,1
98709,1,1,1.0,1
98710,0,0,0.043325305,1
98711,0,1,0.9874236,0
98712,0,0,0.08858347,1
98713,1,1,0.99968565,1
98714,0,1,0.37883246,0
98715,0,0,0.18432663,1
98716,0,1,0.99532723,0
98717,1,0,0.056132775,0
98718,1,1,0.9999347,1
98719,1,1,0.4720446,1
98720,0,0,0.06518703,1
98721,0,1,0.9845606,0
98722,1,1,1.0,1
98723,1,0,0.044389986,0
98724,1,1,0.9999831,1
98725,1,1,0.9998253,1
98726,0,1,0.9343353,0
98727,0,0,0.16204827,1
98728,1,1,1.0,1
98729,1,1,0.6748545,1
98730,1,0,0.3475371,0
98731,1,1,1.0,1
98732,0,1,0.47901624,0
98733,1,1,0.99999964,1
98734,0,0,0.13805456,1
98735,1,1,0.9999043,1
98736,0,1,0.7142794,0
98737,0,0,0.004133968,1
98738,0,0,0.049313605,1
98739,1,0,0.08850466,0
98740,1,1,0.754282,1
98741,1,1,0.97953105,1
98742,1,0,0.0043568453,0
98743,1,1,1.0,1
98744,1,1,1.0,1
98745,0,0,0.2351084,1
98746,0,0,0.24671482,1
98747,1,1,1.0,1
98748,0,1,0.93941504,0
98749,0,0,0.23695739,1
98750,1,1,1.0,1
98751,0,0,0.08601587,1
98752,1,1,0.39568868,1
98753,1,1,1.0,1
98754,1,1,1.0,1
98755,0,1,0.9638481,0
98756,1,1,1.0,1
98757,1,1,1.0,1
98758,0,1,0.5072017,0
98759,1,0,0.008494837,0
98760,1,1,0.9999443,1
98761,0,1,0.99999845,0
98762,0,0,0.18572558,1
98763,0,0,0.21272227,1
98764,0,0,0.038647197,1
98765,1,1,0.8863221,1
98766,0,0,0.120957024,1
98767,1,0,0.03442355,0
98768,0,1,0.97331697,0
98769,1,0,0.27173457,0
98770,1,1,0.9999827,1
98771,0,0,0.025035424,1
98772,0,0,0.014985891,1
98773,1,1,0.81582016,1
98774,1,1,0.99992037,1
98775,0,1,0.9579909,0
98776,1,1,0.99993944,1
98777,1,1,0.90217954,1
98778,0,0,0.013875309,1
98779,1,1,0.52780336,1
98780,0,0,0.047249712,1
98781,1,1,1.0,1
98782,1,1,0.6802948,1
98783,0,0,0.10511863,1
98784,1,1,0.9999982,1
98785,1,0,0.20545557,0
98786,1,0,0.0076658744,0
98787,0,0,0.049451128,1
98788,1,1,0.9998416,1
98789,1,1,0.99957365,1
98790,0,0,0.12236581,1
98791,1,1,0.723456,1
98792,1,1,0.8386798,1
98793,0,1,0.9565125,0
98794,0,1,0.57242405,0
98795,1,1,0.9994735,1
98796,1,1,0.9998005,1
98797,1,1,0.99999917,1
98798,1,1,0.9999671,1
98799,1,1,0.9997478,1
98800,1,1,0.4333219,1
98801,1,1,0.71913713,1
98802,0,0,0.32375416,1
98803,0,1,0.7701192,0
98804,0,0,0.27825677,1
98805,1,1,0.99998355,1
98806,1,1,1.0,1
98807,1,1,1.0,1
98808,1,1,0.99999607,1
98809,1,1,0.9983675,1
98810,1,1,0.90044224,1
98811,1,1,1.0,1
98812,1,1,0.99895155,1
98813,0,0,0.2766905,1
98814,1,1,0.9999831,1
98815,0,0,0.02878888,1
98816,0,0,0.11656275,1
98817,1,1,0.87568074,1
98818,1,1,0.91274774,1
98819,0,0,0.23872763,1
98820,0,1,0.9831822,0
98821,1,0,0.103205055,0
98822,0,1,0.70876724,0
98823,0,0,0.10176784,1
98824,0,1,0.5742157,0
98825,1,1,0.9532315,1
98826,1,1,0.90473473,1
98827,1,1,0.7474317,1
98828,0,0,0.21592887,1
98829,1,1,0.99999595,1
98830,1,1,0.72676516,1
98831,1,0,0.09334689,0
98832,0,1,0.4829168,0
98833,0,1,1.0,0
98834,0,0,0.092196204,1
98835,1,1,0.98365986,1
98836,0,0,0.19705787,1
98837,0,1,0.989368,0
98838,0,0,0.15127839,1
98839,0,0,0.0066282395,1
98840,1,1,0.51330256,1
98841,0,1,0.87599933,0
98842,0,0,0.04328485,1
98843,0,1,0.35838112,0
98844,1,1,0.9998499,1
98845,1,0,0.061932698,0
98846,0,1,0.99916065,0
98847,1,1,1.0,1
98848,0,0,0.086632065,1
98849,0,0,0.15215817,1
98850,1,1,1.0,1
98851,0,0,0.08232769,1
98852,0,0,0.31394535,1
98853,0,1,0.8535469,0
98854,0,0,0.07349652,1
98855,1,1,0.69071555,1
98856,1,1,0.9999484,1
98857,0,0,0.019014433,1
98858,1,1,0.9997594,1
98859,0,0,0.1673547,1
98860,0,0,0.23651622,1
98861,1,1,0.3572311,1
98862,1,0,0.04885778,0
98863,0,0,0.06441766,1
98864,1,1,0.999984,1
98865,1,1,0.9655439,1
98866,0,0,0.04405976,1
98867,1,1,0.4792295,1
98868,0,1,0.53345823,0
98869,0,0,0.17064616,1
98870,0,0,0.03594832,1
98871,0,0,0.31541958,1
98872,0,0,0.17981844,1
98873,1,1,0.593786,1
98874,0,1,0.96062064,0
98875,1,0,0.104294725,0
98876,1,1,0.6774207,1
98877,0,1,0.9999976,0
98878,1,1,0.99999964,1
98879,1,1,0.9997731,1
98880,0,0,0.0013327986,1
98881,0,1,0.99758923,0
98882,0,1,1.0,0
98883,0,1,0.46733177,0
98884,1,0,0.07316472,0
98885,1,1,0.9999988,1
98886,0,1,0.9991991,0
98887,1,1,0.9916196,1
98888,1,1,0.8838389,1
98889,0,0,0.03704717,1
98890,1,1,1.0,1
98891,0,0,0.33682168,1
98892,0,0,0.08122775,1
98893,1,1,0.35465655,1
98894,0,1,0.4220877,0
98895,0,1,0.9835338,0
98896,0,1,0.9904406,0
98897,0,0,0.2594502,1
98898,0,0,0.25441635,1
98899,0,1,0.99568534,0
98900,0,1,0.9999976,0
98901,0,0,0.07765744,1
98902,1,1,1.0,1
98903,0,0,0.20197058,1
98904,1,1,0.9993575,1
98905,1,1,1.0,1
98906,0,0,0.16954333,1
98907,1,1,0.99999285,1
98908,1,1,0.9999664,1
98909,0,1,0.93409514,0
98910,0,1,0.43119493,0
98911,1,1,1.0,1
98912,0,1,0.38473874,0
98913,1,1,0.4337116,1
98914,1,1,1.0,1
98915,1,1,0.93663365,1
98916,0,1,0.66687655,0
98917,0,1,0.635279,0
98918,0,0,0.058560826,1
98919,1,1,0.9913054,1
98920,0,0,0.15726623,1
98921,1,1,0.44586128,1
98922,0,0,0.051319942,1
98923,1,1,0.9999994,1
98924,0,1,0.5136685,0
98925,1,1,0.69673264,1
98926,1,1,0.9992749,1
98927,1,1,0.6890441,1
98928,0,1,0.37903354,0
98929,1,1,0.3611084,1
98930,1,1,0.99942636,1
98931,1,0,0.039601684,0
98932,1,0,0.29244372,0
98933,0,1,0.9998155,0
98934,0,1,0.8806945,0
98935,0,1,0.99999523,0
98936,0,1,0.8264319,0
98937,0,0,0.080574244,1
98938,0,1,0.45750025,0
98939,1,0,0.07978202,0
98940,1,1,1.0,1
98941,0,1,0.72413933,0
98942,1,1,0.7323526,1
98943,1,1,1.0,1
98944,1,1,0.9183339,1
98945,0,1,0.99994636,0
98946,1,1,0.99999523,1
98947,1,1,1.0,1
98948,0,0,0.08464396,1
98949,1,0,0.21378726,0
98950,1,1,0.9999299,1
98951,0,0,0.025858779,1
98952,0,0,0.09178833,1
98953,1,1,0.9999994,1
98954,0,1,0.99997056,0
98955,1,0,0.12352412,0
98956,0,1,0.9763331,0
98957,0,1,0.9993893,0
98958,0,0,0.023825366,1
98959,1,1,0.772788,1
98960,1,1,0.9999863,1
98961,0,0,0.03393996,1
98962,1,1,0.92590266,1
98963,1,0,0.09434341,0
98964,1,1,1.0,1
98965,1,0,0.02505927,0
98966,1,0,0.037856847,0
98967,0,0,0.076132484,1
98968,0,1,0.8191712,0
98969,1,1,1.0,1
98970,1,1,0.57385755,1
98971,0,0,0.035444103,1
98972,1,1,0.995906,1
98973,1,1,0.56925416,1
98974,1,1,0.558327,1
98975,0,0,0.26189682,1
98976,1,1,0.5391045,1
98977,0,1,0.9983612,0
98978,0,0,0.037326884,1
98979,1,0,0.046335038,0
98980,0,0,0.106597565,1
98981,1,1,0.5108625,1
98982,1,1,1.0,1
98983,1,1,0.53199965,1
98984,0,0,0.09186979,1
98985,1,1,1.0,1
98986,0,1,0.72277164,0
98987,0,0,0.018725162,1
98988,1,1,0.99712163,1
98989,0,0,0.23048648,1
98990,1,1,0.79613405,1
98991,1,1,0.8874974,1
98992,1,1,1.0,1
98993,0,0,0.011222865,1
98994,1,0,0.26435834,0
98995,0,0,0.06430006,1
98996,0,1,0.7646281,0
98997,0,1,0.615839,0
98998,1,1,0.99991715,1
98999,1,1,0.98768765,1
99000,1,1,0.99783,1
99001,0,0,0.10275402,1
99002,1,1,0.99999976,1
99003,0,0,0.0085278,1
99004,0,0,0.0026368056,1
99005,1,1,0.99656373,1
99006,0,1,0.75387454,0
99007,0,0,0.0374323,1
99008,1,1,1.0,1
99009,1,1,1.0,1
99010,0,0,0.052960765,1
99011,0,0,0.122575715,1
99012,0,0,0.11095189,1
99013,1,0,0.089933,0
99014,0,0,0.32434243,1
99015,1,1,0.99999654,1
99016,0,1,0.93663365,0
99017,0,0,0.046205748,1
99018,1,1,1.0,1
99019,0,1,0.99978095,0
99020,0,1,0.9999951,0
99021,0,1,0.99997556,0
99022,1,1,0.9999982,1
99023,0,0,0.0085278,1
99024,0,1,1.0,0
99025,1,1,0.99580115,1
99026,1,1,1.0,1
99027,1,1,1.0,1
99028,0,0,0.21559837,1
99029,1,1,1.0,1
99030,1,0,0.002621441,0
99031,0,1,0.97678024,0
99032,1,1,0.502716,1
99033,1,1,0.96378,1
99034,0,1,0.9965503,0
99035,0,1,0.49694827,0
99036,0,1,0.38240087,0
99037,1,0,0.23370637,0
99038,1,1,0.9999999,1
99039,1,1,0.7079603,1
99040,0,0,0.035982177,1
99041,1,0,0.1621809,0
99042,0,1,0.95945925,0
99043,1,1,0.9947187,1
99044,1,0,0.17483254,0
99045,1,1,0.761893,1
99046,0,1,0.9969957,0
99047,1,0,0.047118004,0
99048,1,1,0.9970536,1
99049,0,1,0.9720721,0
99050,1,1,0.45619777,1
99051,1,1,0.8370879,1
99052,0,0,0.09276993,1
99053,0,0,0.08953418,1
99054,0,1,0.7278304,0
99055,1,1,0.999959,1
99056,1,1,0.80609053,1
99057,1,1,0.9999957,1
99058,1,0,0.1462091,0
99059,1,1,0.9817182,1
99060,0,1,0.9789755,0
99061,1,1,0.5067745,1
99062,1,1,0.9999993,1
99063,0,1,0.7277821,0
99064,1,1,0.96448904,1
99065,1,1,0.39291903,1
99066,0,0,0.047030386,1
99067,1,1,0.5179976,1
99068,0,0,0.22431023,1
99069,1,1,0.9999778,1
99070,1,0,0.0762012,0
99071,0,0,0.16424818,1
99072,0,1,0.74927074,0
99073,1,1,0.9341553,1
99074,0,0,0.042048372,1
99075,0,1,1.0,0
99076,1,0,0.31457675,0
99077,1,1,0.97953105,1
99078,0,0,0.07751766,1
99079,0,1,0.7546439,0
99080,1,1,0.9999542,1
99081,1,1,1.0,1
99082,1,1,0.3544331,1
99083,1,1,0.9999931,1
99084,0,1,0.50756776,0
99085,0,0,0.04054074,1
99086,1,1,0.7362584,1
99087,1,1,0.9993068,1
99088,1,1,0.3840455,1
99089,1,1,1.0,1
99090,1,1,0.9999994,1
99091,1,1,0.99992096,1
99092,0,1,0.95531917,0
99093,0,1,0.9984988,0
99094,0,0,0.031678624,1
99095,1,1,1.0,1
99096,0,0,0.21617696,1
99097,0,0,0.06903792,1
99098,0,0,0.22524613,1
99099,0,1,0.66882616,0
99100,1,0,0.054298937,0
99101,0,0,0.13828714,1
99102,1,1,0.95426536,1
99103,0,1,0.84260434,0
99104,1,1,0.99342304,1
99105,0,0,0.054954547,1
99106,1,0,0.031202815,0
99107,0,0,0.094176665,1
99108,0,1,0.99637836,0
99109,1,1,0.99989283,1
99110,0,0,0.075653054,1
99111,0,1,0.9237301,0
99112,0,0,0.094176665,1
99113,1,1,0.9968945,1
99114,0,0,0.30600834,1
99115,0,1,0.9977743,0
99116,1,0,0.08969352,0
99117,1,1,0.94772077,1
99118,0,0,0.08137364,1
99119,0,1,0.5009155,0
99120,0,0,0.008267596,1
99121,1,1,1.0,1
99122,1,1,1.0,1
99123,1,1,1.0,1
99124,0,0,0.013532148,1
99125,0,0,0.1404541,1
99126,0,1,0.71972847,0
99127,1,1,0.9951231,1
99128,0,0,0.2724115,1
99129,1,1,0.9999908,1
99130,1,1,0.99998665,1
99131,1,1,0.42193884,1
99132,0,0,0.20426252,1
99133,0,0,0.23466964,1
99134,0,1,0.87674,0
99135,1,1,0.9888204,1
99136,0,1,0.99999356,0
99137,0,0,0.17575018,1
99138,1,0,0.0026678042,0
99139,0,0,0.24789639,1
99140,1,1,0.998662,1
99141,1,1,0.9999478,1
99142,1,1,0.9763331,1
99143,0,1,0.99948776,0
99144,1,1,0.99999964,1
99145,0,0,0.07290027,1
99146,1,1,0.99999857,1
99147,0,0,0.01627746,1
99148,0,1,0.98574555,0
99149,1,1,0.98833525,1
99150,0,0,0.1683778,1
99151,0,1,0.99901307,0
99152,1,0,0.041075893,0
99153,0,0,0.19930798,1
99154,0,0,0.34975484,1
99155,0,0,0.18653922,1
99156,0,1,0.42360705,0
99157,1,1,0.9978594,1
99158,1,0,0.10818896,0
99159,1,1,0.99898773,1
99160,1,1,0.7876863,1
99161,1,0,0.09568695,0
99162,1,1,0.7673414,1
99163,1,0,0.042483207,0
99164,0,1,0.999982,0
99165,0,0,0.06566473,1
99166,0,1,0.9555686,0
99167,1,1,0.58385605,1
99168,1,1,0.99972516,1
99169,1,0,0.13712755,0
99170,1,1,0.38196856,1
99171,0,1,0.9761973,0
99172,1,1,0.99895763,1
99173,1,0,0.12533277,0
99174,0,1,0.9873262,0
99175,0,0,0.07198163,1
99176,1,1,1.0,1
99177,1,1,0.9999895,1
99178,0,0,0.21386933,1
99179,1,1,0.3566147,1
99180,0,1,0.8512122,0
99181,1,1,0.9559813,1
99182,1,0,0.2921912,0
99183,0,0,0.049865905,1
99184,1,1,1.0,1
99185,1,1,0.9885804,1
99186,1,1,1.0,1
99187,1,0,0.0118005965,0
99188,0,0,0.0871745,1
99189,0,0,0.050051305,1
99190,1,1,0.3749051,1
99191,0,0,0.05775844,1
99192,1,1,1.0,1
99193,1,0,0.07999737,0
99194,1,1,0.42823339,1
99195,1,1,0.9999999,1
99196,1,0,0.14134066,0
99197,0,0,0.28101084,1
99198,0,1,0.49057117,0
99199,1,1,0.55700207,1
99200,1,1,0.9998104,1
99201,1,1,1.0,1
99202,1,1,0.51464427,1
99203,1,1,0.9999634,1
99204,1,0,0.029901406,0
99205,0,0,0.03893851,1
99206,0,1,0.9695268,0
99207,0,0,0.30928442,1
99208,0,1,0.9257015,0
99209,1,1,0.95145893,1
99210,1,1,1.0,1
99211,0,0,0.05749328,1
99212,1,1,0.9998596,1
99213,0,1,0.53145254,0
99214,1,1,0.9933717,1
99215,1,1,0.9987696,1
99216,1,1,1.0,1
99217,0,0,0.05997644,1
99218,1,1,0.8610715,1
99219,1,0,0.08100938,0
99220,0,1,0.62240195,0
99221,0,1,0.36994082,0
99222,1,1,0.84695786,1
99223,1,1,0.99998426,1
99224,0,0,0.02970375,1
99225,1,1,1.0,1
99226,1,1,0.99420255,1
99227,1,1,1.0,1
99228,1,1,0.999998,1
99229,1,1,0.99989283,1
99230,1,1,0.67238545,1
99231,1,1,1.0,1
99232,1,0,0.102484226,0
99233,0,1,0.997285,0
99234,1,1,0.9343353,1
99235,1,0,0.030646773,0
99236,0,0,0.022011232,1
99237,0,1,0.9390807,0
99238,1,1,0.9576358,1
99239,1,0,0.09764823,0
99240,1,1,0.9970708,1
99241,1,1,1.0,1
99242,1,1,1.0,1
99243,0,1,0.96408546,0
99244,1,1,0.99998164,1
99245,1,1,0.9999101,1
99246,1,1,0.95731777,1
99247,1,1,1.0,1
99248,0,0,0.004962942,1
99249,1,1,0.99698395,1
99250,0,0,0.12940273,1
99251,1,1,0.99818975,1
99252,0,1,0.9858549,0
99253,1,1,0.99909425,1
99254,0,1,1.0,0
99255,0,0,0.100701615,1
99256,0,0,0.019437952,1
99257,0,1,0.92482364,0
99258,0,0,0.22644132,1
99259,0,0,0.08686416,1
99260,1,0,0.21272227,0
99261,1,1,0.99990654,1
99262,0,1,0.3589146,0
99263,1,1,0.9999993,1
99264,1,0,0.023043232,0
99265,1,1,0.9999789,1
99266,0,1,0.6732454,0
99267,0,1,0.5990747,0
99268,1,0,0.055668924,0
99269,0,0,0.2486254,1
99270,0,1,0.99816847,0
99271,0,1,0.9931629,0
99272,1,1,0.89733595,1
99273,0,1,0.9999999,0
99274,0,1,0.96858984,0
99275,0,1,0.9999914,0
99276,0,0,0.06296183,1
99277,1,0,0.054198727,0
99278,0,0,0.09790669,1
99279,0,1,0.3797521,0
99280,0,0,0.080069266,1
99281,0,0,0.065545,1
99282,0,0,0.013768816,1
99283,0,1,0.99735296,0
99284,1,1,0.9996252,1
99285,0,0,0.13793841,1
99286,1,1,0.9998876,1
99287,0,1,0.9811849,0
99288,1,1,0.99989235,1
99289,0,0,0.25664562,1
99290,0,1,0.44360042,0
99291,0,0,0.21983956,1
99292,1,1,1.0,1
99293,0,1,0.9999534,0
99294,0,0,0.2977251,1
99295,1,0,0.18690996,0
99296,0,0,0.025395468,1
99297,0,1,0.983327,0
99298,0,0,0.008745182,1
99299,1,1,0.9629877,1
99300,0,0,0.11636177,1
99301,1,1,0.86826926,1
99302,0,0,0.02961943,1
99303,0,0,0.019870713,1
99304,0,0,0.039121646,1
99305,0,0,0.09842541,1
99306,1,1,1.0,1
99307,1,1,0.99979264,1
99308,0,0,0.029008126,1
99309,0,1,0.41964796,0
99310,1,1,0.9992461,1
99311,1,1,0.84872156,1
99312,0,0,0.31473467,1
99313,0,1,0.9392481,0
99314,1,1,0.98370695,1
99315,1,1,0.9999001,1
99316,1,1,1.0,1
99317,1,1,0.89340246,1
99318,1,1,0.9999939,1
99319,0,1,0.4902356,0
99320,1,0,0.01374232,0
99321,0,1,1.0,0
99322,0,0,0.13234626,1
99323,1,1,1.0,1
99324,0,1,0.9991928,0
99325,1,1,0.9999685,1
99326,1,1,0.99864894,1
99327,1,1,0.9999999,1
99328,1,1,0.74789226,1
99329,1,1,0.9611345,1
99330,0,0,0.2045007,1
99331,1,1,0.9628132,1
99332,1,0,0.10753115,0
99333,1,1,0.99962664,1
99334,1,0,0.06797852,0
99335,0,1,0.9368073,0
99336,0,1,0.43317202,0
99337,0,1,0.46159315,0
99338,1,1,1.0,1
99339,1,0,0.030157411,0
99340,1,1,0.9999994,1
99341,0,0,0.16708273,1
99342,0,0,0.20055768,1
99343,1,0,0.1459046,0
99344,1,1,0.9999497,1
99345,1,1,0.9926684,1
99346,0,1,0.70866644,0
99347,0,1,0.7372528,0
99348,1,1,0.78596646,1
99349,1,1,1.0,1
99350,0,0,0.040692955,1
99351,0,1,0.3788612,0
99352,0,1,0.7548698,0
99353,0,1,0.89982784,0
99354,1,1,0.9250271,1
99355,0,0,0.30970183,1
99356,1,1,0.40789342,1
99357,0,1,0.9983418,0
99358,0,1,0.99948573,0
99359,1,1,0.99993217,1
99360,1,1,0.9999999,1
99361,1,1,1.0,1
99362,1,0,0.06681232,0
99363,1,0,0.16438228,0
99364,1,1,0.99999154,1
99365,1,1,1.0,1
99366,1,1,0.369571,1
99367,1,1,0.90623903,1
99368,1,1,0.99999905,1
99369,1,1,0.99984217,1
99370,0,1,0.98400164,0
99371,0,0,0.10411242,1
99372,1,0,0.34543642,0
99373,0,1,0.8174288,0
99374,0,1,0.8694931,0
99375,0,0,0.074500255,1
99376,0,0,0.16391331,1
99377,0,1,0.94018847,0
99378,1,1,0.9999511,1
99379,0,1,0.9078855,0
99380,1,1,0.9999901,1
99381,0,0,0.263789,1
99382,1,0,0.039787814,0
99383,0,1,0.9935993,0
99384,1,1,0.9999999,1
99385,1,1,0.99999785,1
99386,0,1,0.9574373,0
99387,1,1,0.9994777,1
99388,1,1,1.0,1
99389,1,1,0.9989329,1
99390,1,0,0.22695492,0
99391,0,0,0.07517641,1
99392,1,1,0.9999999,1
99393,1,1,0.8240375,1
99394,0,1,0.79597545,0
99395,0,0,0.09285216,1
99396,0,0,0.042802144,1
99397,0,1,0.90295243,0
99398,0,1,0.7451203,0
99399,1,1,0.6782737,1
99400,0,1,0.88612515,0
99401,1,1,0.9991768,1
99402,1,1,0.41309237,1
99403,0,1,0.8688268,0
99404,1,1,0.99999464,1
99405,0,0,0.1362632,1
99406,0,1,0.36043277,0
99407,1,1,0.9999999,1
99408,0,1,0.47484425,0
99409,1,1,1.0,1
99410,0,1,0.9991672,0
99411,1,1,0.8020134,1
99412,0,0,0.14915918,1
99413,0,0,0.07899691,1
99414,1,1,0.9919224,1
99415,0,1,0.54728264,0
99416,0,1,0.9839091,0
99417,0,1,0.58841616,0
99418,1,0,0.037082024,0
99419,1,1,0.7889086,1
99420,1,0,0.089057684,0
99421,1,1,0.9999999,1
99422,0,0,0.1404541,1
99423,1,0,0.14414886,0
99424,1,0,0.01668906,0
99425,1,0,0.17582092,0
99426,0,1,0.9999902,0
99427,1,1,0.99992096,1
99428,0,0,0.18892181,1
99429,1,0,0.064535476,0
99430,1,1,0.99998677,1
99431,1,0,0.015130728,0
99432,0,0,0.009878943,1
99433,1,0,0.22034244,0
99434,1,1,0.99999964,1
99435,1,1,0.90183425,1
99436,1,1,0.40751025,1
99437,1,1,1.0,1
99438,1,0,0.0794957,0
99439,0,0,0.107250325,1
99440,1,0,0.18817475,0
99441,1,1,1.0,1
99442,0,1,0.73852766,0
99443,1,0,0.109324835,0
99444,0,1,0.8578872,0
99445,1,0,0.09401018,0
99446,1,1,0.5195823,1
99447,0,1,0.4367722,0
99448,1,1,0.52415115,1
99449,0,1,0.95585793,0
99450,1,1,0.99444515,1
99451,0,1,0.9939261,0
99452,1,1,1.0,1
99453,1,1,0.99993896,1
99454,0,0,0.18668744,1
99455,1,1,0.38577956,1
99456,1,1,1.0,1
99457,1,1,0.39770445,1
99458,0,0,0.11397346,1
99459,1,1,0.9999335,1
99460,0,0,0.021781173,1
99461,1,1,1.0,1
99462,1,0,0.085403666,0
99463,1,1,1.0,1
99464,1,1,0.8900078,1
99465,0,1,0.6300592,0
99466,1,1,0.99997616,1
99467,1,1,0.99999774,1
99468,1,1,0.37771282,1
99469,1,1,0.9999999,1
99470,1,1,0.9810946,1
99471,1,1,0.99971026,1
99472,1,1,1.0,1
99473,1,1,0.9697854,1
99474,0,1,0.9977743,0
99475,0,0,0.08441725,1
99476,1,0,0.16626887,0
99477,1,1,0.9407897,1
99478,1,1,1.0,1
99479,1,1,0.998487,1
99480,1,0,0.057018865,0
99481,0,0,0.099382766,1
99482,1,1,0.9998293,1
99483,0,1,0.99999857,0
99484,1,1,0.99988854,1
99485,1,1,0.99953544,1
99486,1,0,0.21386933,0
99487,0,1,0.8190264,0
99488,0,1,0.9989183,0
99489,0,0,0.310433,1
99490,1,1,0.99965334,1
99491,0,0,0.34643072,1
99492,1,1,1.0,1
99493,1,1,0.53540206,1
99494,1,1,0.3551037,1
99495,0,0,0.28836867,1
99496,0,1,0.9998184,0
99497,1,1,0.54371136,1
99498,1,1,0.98242307,1
99499,1,1,0.83237296,1
99500,1,1,0.9999132,1
99501,1,1,0.99961334,1
99502,0,1,0.8849373,0
99503,1,1,0.99737346,1
99504,0,0,0.026759284,1
99505,0,0,0.08130065,1
99506,1,1,1.0,1
99507,1,0,0.2331821,0
99508,0,1,0.9993333,0
99509,1,1,0.59490436,1
99510,1,1,0.90582335,1
99511,1,1,0.5028076,1
99512,0,1,0.9836442,0
99513,1,0,0.02017732,0
99514,1,1,0.9999999,1
99515,0,0,0.12368283,1
99516,0,0,0.06136777,1
99517,1,1,0.99996686,1
99518,1,0,0.18817475,0
99519,1,1,0.999995,1
99520,1,1,0.9916196,1
99521,1,0,0.06518703,0
99522,1,1,0.9984145,1
99523,1,1,1.0,1
99524,1,1,0.9891187,1
99525,0,1,0.98873377,0
99526,1,1,0.98977125,1
99527,1,1,0.99998534,1
99528,0,0,0.026531339,1
99529,0,0,0.06153674,1
99530,1,1,0.5973143,1
99531,1,1,0.82893884,1
99532,0,1,0.9998981,0
99533,1,1,1.0,1
99534,1,0,0.0006424304,0
99535,1,1,0.9999995,1
99536,1,1,0.9916033,1
99537,0,0,0.17203271,1
99538,0,1,0.9992446,0
99539,0,1,0.9999988,0
99540,1,1,1.0,1
99541,1,1,0.4991455,1
99542,0,1,0.45910648,0
99543,1,0,0.2870678,0
99544,0,1,0.79565805,0
99545,1,1,0.76091725,1
99546,1,1,0.9999896,1
99547,0,0,0.08269734,1
99548,1,1,0.98303634,1
99549,1,1,0.9991441,1
99550,1,1,0.9804314,1
99551,0,1,0.94886994,0
99552,0,1,0.9999981,0
99553,1,0,0.020100236,0
99554,1,0,0.04689926,0
99555,1,0,0.019069158,0
99556,1,1,1.0,1
99557,1,1,0.5143393,1
99558,0,1,0.9999255,0
99559,1,0,0.246488,0
99560,0,1,0.651632,0
99561,0,1,0.7824132,0
99562,0,0,0.19860761,1
99563,0,0,0.070816204,1
99564,0,0,0.019624962,1
99565,1,1,0.9999999,1
99566,1,1,0.9999814,1
99567,1,1,0.9582261,1
99568,0,0,0.31784958,1
99569,0,1,0.68715787,0
99570,1,1,0.9280184,1
99571,1,0,0.017831627,0
99572,1,1,0.99997354,1
99573,0,0,0.02439983,1
99574,1,1,0.61693585,1
99575,0,0,0.29665428,1
99576,0,1,0.78133065,0
99577,1,0,0.068599865,0
99578,0,1,0.92617035,0
99579,0,0,0.2863688,1
99580,1,1,0.99968743,1
99581,0,0,0.029929746,1
99582,1,0,0.09585608,0
99583,1,1,0.9965436,1
99584,0,1,0.8253083,0
99585,0,0,0.026912306,1
99586,0,0,0.04822634,1
99587,1,1,1.0,1
99588,1,1,0.9974934,1
99589,0,1,0.90320885,0
99590,0,1,0.9011404,0
99591,0,0,0.07544843,1
99592,0,1,0.99972945,0
99593,1,0,0.045862667,0
99594,0,1,0.39589298,0
99595,1,1,0.99953544,1
99596,1,1,0.9987281,1
99597,1,1,1.0,1
99598,1,1,0.9999912,1
99599,1,1,0.9990872,1
99600,0,1,0.53995365,0
99601,0,0,0.2983891,1
99602,1,0,0.11119294,0
99603,1,1,1.0,1
99604,1,1,1.0,1
99605,0,1,0.9999567,0
99606,1,1,0.91618466,1
99607,1,1,0.99999905,1
99608,1,0,0.02260761,0
99609,1,1,0.99806195,1
99610,0,1,0.6404672,0
99611,0,1,0.97828114,0
99612,0,1,0.38485435,0
99613,0,0,0.23265864,1
99614,1,1,0.5179976,1
99615,0,0,0.31299964,1
99616,0,1,0.99390244,0
99617,1,1,1.0,1
99618,0,1,0.40910277,0
99619,0,1,0.99986064,0
99620,1,0,0.17709816,0
99621,1,1,0.9974491,1
99622,0,1,0.4128852,0
99623,0,1,0.99173236,0
99624,0,1,0.99847525,0
99625,1,1,0.9999974,1
99626,1,0,0.008950712,0
99627,1,1,1.0,1
99628,0,0,0.31568325,1
99629,0,0,0.099382766,1
99630,0,1,0.96021223,0
99631,0,1,0.9223426,0
99632,1,1,0.9998198,1
99633,1,1,0.6800824,1
99634,1,1,0.9792749,1
99635,1,0,0.29153523,0
99636,1,0,0.07661468,0
99637,0,0,0.036700353,1
99638,1,1,0.99995184,1
99639,0,1,0.4006321,0
99640,0,0,0.018923571,1
99641,1,1,1.0,1
99642,1,0,0.0010044163,0
99643,0,1,1.0,0
99644,1,1,0.91796696,1
99645,1,1,0.9999964,1
99646,1,1,0.9993162,1
99647,1,1,0.99921143,1
99648,1,1,1.0,1
99649,1,1,0.9796482,1
99650,1,1,0.60293865,1
99651,1,0,0.07204689,0
99652,0,1,0.35639066,0
99653,1,0,0.2943671,0
99654,0,0,0.07510853,1
99655,1,0,0.19155443,0
99656,1,1,0.969985,1
99657,1,1,0.9999999,1
99658,0,1,0.9956006,0
99659,0,0,0.059101548,1
99660,1,1,0.99999833,1
99661,1,1,0.9457512,1
99662,1,1,0.9999709,1
99663,1,1,0.99827254,1
99664,1,0,0.080574244,0
99665,0,1,0.97316426,0
99666,1,0,0.042324588,0
99667,1,0,0.043895524,0
99668,0,0,0.34516045,1
99669,1,0,0.09568695,0
99670,0,0,0.1917057,1
99671,0,1,0.95731777,0
99672,1,1,0.9442283,1
99673,0,1,0.5783291,0
99674,0,1,0.9863105,0
99675,1,1,1.0,1
99676,1,0,0.18982127,0
99677,1,1,0.637313,1
99678,1,1,0.9588471,1
99679,1,1,0.4104904,1
99680,0,1,0.41004735,0
99681,1,1,0.65141034,1
99682,0,1,0.99949265,0
99683,1,1,0.9999292,1
99684,1,1,0.9999479,1
99685,0,0,0.13892843,1
99686,0,0,0.0715912,1
99687,1,1,0.9999989,1
99688,1,1,0.9999999,1
99689,1,1,1.0,1
99690,1,1,0.997285,1
99691,1,1,0.9999503,1
99692,0,1,0.3515893,0
99693,1,1,1.0,1
99694,1,1,1.0,1
99695,1,0,0.05051767,0
99696,1,1,0.9083743,1
99697,0,0,0.04681203,1
99698,0,0,0.13150749,1
99699,0,1,0.9999882,0
99700,1,1,0.9007046,1
99701,1,0,0.168583,0
99702,1,1,1.0,1
99703,0,1,0.99769044,0
99704,0,1,0.9918121,0
99705,1,0,0.1474324,0
99706,1,0,0.09825224,0
99707,0,0,0.16749083,1
99708,1,1,0.9998148,1
99709,1,0,0.091220066,0
99710,1,1,0.9999999,1
99711,1,0,0.2767394,0
99712,0,1,0.966347,0
99713,1,1,0.9996911,1
99714,0,1,0.7774689,0
99715,1,0,0.08517511,0
99716,0,0,0.14614818,1
99717,0,0,0.014392336,1
99718,0,0,0.021512313,1
99719,1,1,0.6503007,1
99720,0,1,0.9999995,0
99721,1,1,0.6214835,1
99722,0,0,0.16552565,1
99723,1,1,0.99996233,1
99724,0,1,0.99999976,0
99725,1,1,0.9999784,1
99726,0,1,0.99195355,0
99727,0,0,0.21174264,1
99728,1,0,0.10141131,0
99729,1,1,0.50006104,1
99730,0,0,0.036254164,1
99731,1,1,0.9343353,1
99732,1,1,0.9998596,1
99733,1,1,1.0,1
99734,0,0,0.027298586,1
99735,0,1,0.9998727,0
99736,0,0,0.03722176,1
99737,0,1,0.9798805,0
99738,1,1,0.9999398,1
99739,0,1,0.5619962,0
99740,0,0,0.18498825,1
99741,0,0,0.08889936,1
99742,1,1,0.9999999,1
99743,1,1,1.0,1
99744,1,0,0.15393034,0
99745,1,1,0.91884506,1
99746,1,1,0.9879462,1
99747,0,1,0.4375531,0
99748,1,0,0.087954745,0
99749,0,1,0.9996437,0
99750,1,1,0.79842263,1
99751,1,1,0.8812066,1
99752,0,0,0.021024454,1
99753,0,1,0.49432397,0
99754,1,0,0.0269635,0
99755,1,1,0.99771273,1
99756,0,1,0.87997437,0
99757,1,1,1.0,1
99758,1,1,0.9436599,1
99759,0,1,0.9980354,0
99760,0,1,0.9970536,0
99761,1,1,0.63945466,1
99762,1,1,0.708868,1
99763,0,0,0.15393034,1
99764,1,1,0.88059187,1
99765,0,0,0.17553806,1
99766,1,1,0.6486333,1
99767,1,1,0.9180404,1
99768,0,1,0.9998785,0
99769,0,1,0.79998976,0
99770,1,1,0.99994373,1
99771,0,0,0.0524731,1
99772,1,1,1.0,1
99773,1,1,0.99987316,1
99774,0,0,0.093595125,1
99775,1,1,0.891811,1
99776,0,0,0.034456022,1
99777,1,1,0.99584997,1
99778,0,0,0.2589814,1
99779,0,0,0.10961043,1
99780,0,0,0.0046455576,1
99781,1,1,0.9678385,1
99782,1,1,0.9999863,1
99783,1,1,0.9999491,1
99784,0,0,0.14402843,1
99785,0,0,0.32087448,1
99786,1,1,1.0,1
99787,1,1,0.9563497,1
99788,1,1,0.53206044,1
99789,0,0,0.20938884,1
99790,1,0,0.09518112,0
99791,1,1,0.99999964,1
99792,0,1,0.9439706,0
99793,1,1,0.99999976,1
99794,0,1,0.9919224,0
99795,1,0,0.33835036,0
99796,1,1,0.99857855,1
99797,1,1,1.0,1
99798,0,0,0.11501305,1
99799,1,0,0.08756384,0
99800,1,1,1.0,1
99801,1,1,0.9998416,1
99802,1,0,0.062160026,0
99803,1,1,0.9999888,1
99804,0,1,0.37619334,0
99805,0,0,0.019756919,1
99806,1,1,0.7816641,1
99807,0,0,0.22584318,1
99808,0,1,0.99983656,0
99809,1,1,0.99997747,1
99810,0,1,0.9695268,0
99811,1,1,1.0,1
99812,0,0,0.042009052,1
99813,0,1,0.9839245,0
99814,0,1,0.9980276,0
99815,0,1,0.9999999,0
99816,0,1,0.9511422,0
99817,1,1,0.7641884,1
99818,1,1,0.39353067,1
99819,1,0,0.08284563,0
99820,1,1,0.9999999,1
99821,1,1,0.9997241,1
99822,0,1,0.8844391,0
99823,0,1,0.98617804,0
99824,0,1,0.407805,0
99825,0,0,0.16988736,1
99826,0,0,0.046551276,1
99827,1,1,0.99442345,1
99828,0,1,0.45165905,0
99829,1,1,0.99910307,1
99830,0,1,0.7966091,0
99831,1,1,0.99992776,1
99832,0,0,0.009821794,1
99833,1,1,0.9999999,1
99834,1,1,1.0,1
99835,1,1,0.95388025,1
99836,0,1,1.0,0
99837,1,1,0.85752964,1
99838,0,0,0.25183168,1
99839,0,1,0.39691526,0
99840,1,1,1.0,1
99841,1,1,0.99986494,1
99842,1,1,1.0,1
99843,0,0,0.00478301,1
99844,1,1,0.9981067,1
99845,0,0,0.00096975197,1
99846,0,0,0.07185127,1
99847,0,0,0.07030384,1
99848,0,0,0.09868569,1
99849,1,1,0.8513358,1
99850,0,1,0.6916536,0
99851,1,1,0.9999999,1
99852,0,0,0.104660206,1
99853,0,0,0.016137324,1
99854,1,1,0.99999046,1
99855,0,1,0.5143393,0
99856,0,0,0.09244169,1
99857,1,1,1.0,1
99858,1,1,1.0,1
99859,0,1,0.9991117,0
99860,0,1,0.76973,0
99861,0,0,0.11456651,1
99862,1,1,1.0,1
99863,1,0,0.022350112,0
99864,1,1,0.99989367,1
99865,1,0,0.13782232,0
99866,0,1,0.9999856,0
99867,0,1,0.9998702,0
99868,1,1,0.98761624,1
99869,0,0,0.00552265,1
99870,0,1,0.99959,0
99871,0,1,0.99014014,0
99872,1,1,0.93941504,1
99873,0,1,0.5248818,0
99874,0,0,0.055566337,1
99875,1,1,0.9966168,1
99876,1,1,1.0,1
99877,1,0,0.13892843,0
99878,1,1,0.99968374,1
99879,0,0,0.16525607,1
99880,1,1,0.93379396,1
99881,1,1,0.9999181,1
99882,0,0,0.11456651,1
99883,0,1,0.67720723,0
99884,1,1,1.0,1
99885,0,1,0.49450707,0
99886,1,0,0.05781161,0
99887,0,1,0.9999893,0
99888,1,1,0.9998499,1
99889,1,1,0.9379537,1
99890,1,1,0.9999999,1
99891,0,1,0.4210756,0
99892,1,1,0.9999927,1
99893,0,1,0.86188734,0
99894,0,1,0.99437994,0
99895,0,0,0.0094125895,1
99896,0,0,0.20946968,1
99897,1,1,0.39717826,1
99898,1,1,0.83828294,1
99899,0,0,0.078289315,1
99900,0,0,0.009232214,1
99901,1,1,0.999997,1
99902,1,1,1.0,1
99903,1,1,0.84504944,1
99904,0,0,0.19360435,1
99905,1,0,0.19110113,0
99906,0,0,0.16906263,1
99907,0,0,0.3440026,1
99908,1,1,0.9994568,1
99909,1,0,0.08419108,0
99910,0,0,0.13039611,1
99911,1,1,0.9993749,1
99912,0,0,0.19064869,1
99913,0,0,0.14984211,1
99914,0,1,0.4934086,0
99915,1,1,0.9407353,1
99916,0,1,0.68421125,0
99917,0,1,0.35281476,0
99918,0,0,0.19930798,1
99919,0,1,0.6869479,0
99920,1,1,0.82866174,1
99921,0,1,0.50195307,0
99922,1,1,0.999998,1
99923,1,1,0.9983386,1
99924,0,1,0.9996679,0
99925,1,1,0.97175217,1
99926,0,1,0.97280496,0
99927,1,0,0.08471965,0
99928,1,1,1.0,1
99929,0,1,0.35998267,0
99930,1,0,0.24077459,0
99931,1,1,0.99999964,1
99932,1,1,0.99922824,1
99933,1,1,0.9935993,1
99934,0,1,0.6409168,0
99935,1,0,0.027901374,0
99936,0,1,0.4645372,0
99937,0,0,0.10293422,1
99938,0,0,0.13223416,1
99939,1,0,0.04518376,0
99940,1,1,0.9999255,1
99941,0,0,0.14086723,1
99942,1,1,0.723749,1
99943,0,0,0.33785865,1
99944,1,1,0.35672674,1
99945,0,0,0.11797801,1
99946,0,1,0.87256473,0
99947,0,1,0.97917557,0
99948,0,0,0.28601968,1
99949,1,0,0.2625581,0
99950,1,1,0.999997,1
99951,0,1,0.99984336,0
99952,1,0,0.037186775,0
99953,1,1,0.99999964,1
99954,1,1,0.9948704,1
99955,1,0,0.008030813,0
99956,1,1,0.9999988,1
99957,0,0,0.09568695,1
99958,0,0,0.04845096,1
99959,1,1,1.0,1
99960,1,1,0.9782396,1
99961,0,0,0.20681395,1
99962,0,0,0.2271263,1
99963,1,0,0.18869746,0
99964,1,1,0.9146726,1
99965,1,1,0.99771273,1
99966,0,0,0.04885778,1
99967,1,1,0.52208036,1
99968,1,1,0.9615338,1
99969,1,1,0.8957053,1
99970,1,1,0.99653685,1
99971,0,1,0.9293122,0
99972,0,1,0.9881309,0
99973,1,0,0.047913536,0
99974,0,1,0.9904221,0
99975,0,1,0.9969187,0
99976,1,0,0.11397346,0
99977,0,1,0.9883128,0
99978,1,1,0.81960475,1
99979,0,1,0.3671568,0
99980,0,1,0.6830497,0
99981,0,1,0.99999976,0
99982,1,0,0.23283304,0
99983,0,1,0.46857783,0
99984,0,1,0.9470882,0
99985,1,1,0.9957188,1
99986,1,1,0.5994265,1
99987,1,1,0.9994105,1
99988,0,1,0.3955719,0
99989,0,1,0.9739189,0
99990,0,1,0.9924666,0
99991,1,1,0.99999547,1
99992,1,1,0.9891816,1
99993,1,0,0.33009318,0
99994,0,1,0.9999999,0
99995,1,1,0.9401336,1
99996,1,1,0.9999999,1
99997,1,1,0.99978596,1
99998,1,0,0.009974921,0
99999,1,1,1.0,1
100000,1,1,1.0,1
100001,1,1,0.95961094,1
100002,1,1,1.0,1
100003,1,1,0.9841851,1
100004,1,1,0.99029154,1
100005,0,0,0.024586499,1
100006,1,1,0.99999976,1
100007,0,0,0.03027187,1
100008,1,0,0.07835981,0
100009,0,1,0.87375444,0
100010,0,1,0.3545448,0
100011,1,1,1.0,1
100012,1,1,0.9999999,1
100013,0,0,0.07992553,1
100014,1,0,0.0118920505,0
100015,0,1,0.9988508,0
100016,0,1,0.9921233,0
100017,1,1,0.7687332,1
100018,0,0,0.029901406,1
100019,1,0,0.32100752,0
100020,0,1,0.9647889,0
100021,0,0,0.14891149,1
100022,0,1,0.9342753,0
100023,1,1,0.9999951,1
100024,0,0,0.22151904,1
100025,1,1,0.99999964,1
100026,0,0,0.09392703,1
100027,0,0,0.2004794,1
100028,0,1,0.97381955,0
100029,1,1,0.77089626,1
100030,1,1,1.0,1
100031,0,0,0.029844806,1
100032,1,1,0.56451863,1
100033,1,1,0.9999999,1
100034,0,0,0.2358996,1
100035,1,0,0.01461567,0
100036,1,1,1.0,1
100037,1,1,0.9999591,1
100038,1,1,0.9999988,1
100039,1,1,0.36766753,1
100040,1,1,0.712082,1
100041,1,1,0.47170994,1
100042,0,1,0.9982248,0
100043,1,1,0.9999988,1
100044,1,1,0.999987,1
100045,0,0,0.049176436,1
100046,1,1,0.9999987,1
100047,1,1,0.9946255,1
100048,1,0,0.095518075,0
100049,1,1,0.6121358,1
100050,1,1,0.9999305,1
100051,0,0,0.015906392,1
100052,1,1,0.99004436,1
100053,1,1,0.99925333,1
100054,0,1,0.9942697,0
100055,0,1,0.49163896,0
100056,1,0,0.26081288,0
100057,0,0,0.22261563,1
100058,1,0,0.085023046,0
100059,1,1,0.9999993,1
100060,1,0,0.30192775,0
100061,0,1,0.41335875,0
100062,1,1,1.0,1
100063,0,1,0.996271,0
100064,1,1,0.99999654,1
100065,1,1,0.99975175,1
100066,0,1,0.9960776,0
100067,0,0,0.06779314,1
100068,1,1,1.0,1
100069,0,1,0.99989843,0
100070,0,1,0.9999937,0
100071,1,1,0.9759694,1
100072,1,1,1.0,1
100073,1,1,1.0,1
100074,1,1,0.9943031,1
100075,0,1,0.38214144,0
100076,0,1,0.72632855,0
100077,1,1,1.0,1
100078,0,0,0.27019125,1
100079,0,0,0.05728198,1
100080,0,0,0.03504564,1
100081,1,1,0.99986124,1
100082,1,1,0.99999595,1
100083,1,1,0.7032948,1
100084,1,1,1.0,1
100085,0,0,0.16324526,1
100086,0,0,0.16505408,1
100087,1,1,0.98478174,1
100088,1,1,0.9773924,1
100089,0,1,0.9625677,0
100090,1,1,0.75752544,1
100091,1,0,0.07661468,0
100092,0,1,0.8431217,0
100093,0,1,0.65141034,0
100094,0,1,0.9975751,0
100095,0,0,0.058776554,1
100096,0,1,0.9999999,0
100097,1,1,0.98168314,1
100098,1,1,0.5408026,1
100099,1,1,0.9999937,1
100100,1,1,0.9999906,1
100101,0,1,0.99996984,0
100102,0,1,0.99999547,0
100103,0,0,0.06518703,1
100104,1,1,1.0,1
100105,1,1,0.9999999,1
100106,1,1,0.5178757,1
100107,1,1,0.7725306,1
100108,0,1,0.5115336,0
100109,0,1,0.9545628,0
100110,1,1,0.9999118,1
100111,0,1,0.8630457,0
100112,0,1,0.9961456,0
100113,1,1,0.999355,1
100114,0,0,0.048767094,1
100115,0,0,0.04773565,1
100116,1,0,0.25376853,0
100117,0,0,0.34742638,1
100118,0,1,0.9327602,0
100119,1,1,0.99997807,1
100120,1,1,1.0,1
100121,0,0,0.0553617,1
100122,1,1,1.0,1
100123,0,0,0.083291925,1
100124,0,1,0.9999951,0
100125,1,0,0.20418316,0
100126,0,1,0.70856565,0
100127,1,0,3.0006619e-05,0
100128,1,1,0.8697146,1
100129,0,1,0.59643316,0
100130,1,1,0.9526623,1
100131,1,1,0.99999547,1
100132,0,1,0.7916601,0
100133,0,0,0.03317983,1
100134,1,1,0.995523,1
100135,1,0,0.027454607,0
100136,1,1,0.42635146,1
100137,1,1,0.9966036,1
100138,0,0,0.04556445,1
100139,0,1,0.619759,0
100140,1,1,0.99999976,1
100141,1,1,0.9999999,1
100142,0,0,0.24725968,1
100143,0,1,0.98022413,0
100144,0,1,0.61097586,0
100145,1,1,0.99040353,1
100146,1,1,0.983597,1
100147,0,1,0.9038897,0
100148,0,0,0.031648684,1
100149,0,1,0.9941004,0
100150,1,1,1.0,1
100151,1,1,0.9993462,1
100152,0,1,0.53801244,0
100153,0,0,0.025908018,1
100154,1,1,0.3900982,1
100155,0,0,0.029507361,1
100156,0,0,0.15431227,1
100157,0,0,0.033023555,1
100158,1,1,0.86223567,1
100159,1,1,1.0,1
100160,1,1,0.9998785,1
100161,0,0,0.10941996,1
100162,0,0,0.27894375,1
100163,1,1,0.91920847,1
100164,1,1,0.9999993,1
100165,0,1,0.3874006,0
100166,1,1,0.9999726,1
100167,1,1,0.99966204,1
100168,1,1,0.99996233,1
100169,0,1,0.8112278,0
100170,0,0,0.15059009,1
100171,0,0,0.008219693,1
100172,1,1,0.97773504,1
100173,1,0,0.019345101,0
100174,0,0,0.03594832,1
100175,1,0,0.1435475,0
100176,1,1,0.9999999,1
100177,1,1,0.9991474,1
100178,1,1,0.5345518,1
100179,1,1,0.99999917,1
100180,1,1,0.9999976,1
100181,1,1,0.9940659,1
100182,1,1,0.9988883,1
100183,1,1,0.999566,1
100184,1,1,0.9997086,1
100185,1,0,0.1154611,0
100186,0,0,0.20721471,1
100187,1,1,1.0,1
100188,0,1,0.89991575,0
100189,0,0,0.03410043,1
100190,0,1,0.80332816,0
100191,0,0,0.23187502,1
100192,0,0,0.07765744,1
100193,0,0,0.3431766,1
100194,1,1,0.99999905,1
100195,1,1,0.9999994,1
100196,0,0,0.09276993,1
100197,0,1,0.72521096,0
100198,0,0,0.24580847,1
100199,0,1,0.9964342,0
100200,1,1,0.491761,1
100201,1,1,1.0,1
100202,0,1,0.95751673,0
100203,1,0,0.13724312,0
100204,0,1,0.9859904,0
100205,0,0,0.106597565,1
100206,0,0,0.052134257,1
100207,0,0,0.060363002,1
100208,0,0,0.13262686,1
100209,1,1,1.0,1
100210,1,1,0.99999976,1
100211,0,1,0.934813,0
100212,0,1,0.8236123,0
100213,1,1,0.9999856,1
100214,0,0,0.28836867,1
100215,1,1,1.0,1
100216,0,0,0.3339375,1
100217,0,1,0.464355,0
100218,0,0,0.019069158,1
100219,1,1,0.99984455,1
100220,0,1,0.45998564,0
100221,0,0,0.14798562,1
100222,1,1,0.9999521,1
100223,0,0,0.120749526,1
100224,1,1,0.99998724,1
100225,0,1,0.89143354,0
100226,1,1,0.99994564,1
100227,0,0,0.1727991,1
100228,0,1,0.55501324,0
100229,1,1,0.5822535,1
100230,0,0,0.015014747,1
100231,1,1,0.9999987,1
100232,1,1,0.8949732,1
100233,1,1,1.0,1
100234,0,1,0.9934738,0
100235,1,0,0.12002561,0
100236,1,0,0.013480104,0
100237,1,1,0.8190264,1
100238,0,1,0.9971495,0
100239,1,1,1.0,1
100240,1,1,1.0,1
100241,0,1,0.3794934,0
100242,0,0,0.069921836,1
100243,0,0,0.18032306,1
100244,1,1,0.9999987,1
100245,1,1,0.9308365,1
100246,1,0,0.074635044,0
100247,0,0,0.25823247,1
100248,1,1,0.9997459,1
100249,1,1,0.9936487,1
100250,1,1,0.8997397,1
100251,0,1,0.8431217,0
100252,0,1,1.0,0
100253,1,1,1.0,1
100254,1,0,0.047869008,0
100255,1,1,1.0,1
100256,1,1,0.9999987,1
100257,0,0,0.08969352,1
100258,1,1,0.9878996,1
100259,0,0,0.04831607,1
100260,1,1,1.0,1
100261,0,0,0.051319942,1
100262,0,1,0.38664764,0
100263,0,0,0.11047115,1
100264,1,0,0.3044551,0
100265,1,1,0.4979248,1
100266,1,1,1.0,1
100267,1,1,0.9999989,1
100268,0,1,0.8484707,0
100269,1,1,0.9999943,1
100270,1,1,1.0,1
100271,1,1,0.9702116,1
100272,1,1,0.99999976,1
100273,0,0,0.100967236,1
100274,1,0,0.3508105,0
100275,1,1,0.9999646,1
100276,0,0,0.18989639,1
100277,0,1,0.4406498,0
100278,0,0,0.09426001,1
100279,0,1,0.98549646,0
100280,0,1,0.52542967,0
100281,1,1,1.0,1
100282,0,1,0.3542655,0
100283,0,1,0.99992836,0
100284,1,1,0.9035498,1
100285,0,1,1.0,0
100286,1,1,0.9999999,1
100287,1,1,0.63420355,1
100288,1,0,0.06359858,0
100289,0,1,0.9645559,0
100290,1,0,0.03680407,0
100291,0,0,0.065784656,1
100292,0,0,0.08137364,1
100293,0,1,0.9749884,0
100294,0,1,0.9980882,0
100295,0,0,0.0808641,1
100296,1,1,0.7973991,1
100297,0,0,0.121425055,1
100298,0,1,0.9999982,0
100299,0,0,0.032620545,1
100300,1,1,0.99999726,1
100301,0,1,0.99996626,0
100302,1,1,0.92296976,1
100303,1,1,0.8435088,1
100304,0,1,0.53145254,0
100305,0,1,0.9955835,0
100306,0,0,0.15424858,1
100307,0,1,0.9987527,0
100308,0,0,0.0042069694,1
100309,0,0,0.02873432,1
100310,0,0,0.11377637,1
100311,1,1,1.0,1
100312,1,1,0.9989454,1
100313,0,0,0.056184534,1
100314,0,0,0.04488975,1
100315,1,1,0.9999999,1
100316,0,1,0.8296301,0
100317,1,1,0.9999894,1
100318,1,1,0.99657035,1
100319,1,1,0.57403666,1
100320,1,1,0.924347,1
100321,1,0,0.016914913,0
100322,1,1,0.35919553,1
100323,1,1,0.99999964,1
100324,1,0,0.17688479,0
100325,1,1,1.0,1
100326,1,1,0.9957684,1
100327,0,1,0.89634216,0
100328,0,0,0.010776726,1
100329,0,1,1.0,0
100330,0,0,0.18300883,1
100331,0,0,0.02774289,1
100332,0,1,0.99995863,0
100333,1,1,1.0,1
100334,0,0,0.13540348,1
100335,1,1,0.99997306,1
100336,1,0,0.079068,0
100337,0,1,0.99854493,0
100338,1,1,1.0,1
100339,1,1,0.9989617,1
100340,0,1,0.95036495,0
100341,1,1,1.0,1
100342,1,0,0.095265254,0
100343,1,1,1.0,1
100344,0,1,0.51135063,0
100345,1,1,0.999879,1
100346,0,1,0.99396133,0
100347,1,1,1.0,1
100348,0,1,0.9690618,0
100349,1,1,0.98215127,1
100350,0,1,0.9609151,0
100351,1,0,0.05122493,0
100352,1,1,0.9989329,1
100353,1,1,0.95150405,1
100354,1,1,0.9296323,1
100355,0,0,0.033621218,1
100356,0,1,0.5271948,0
100357,0,0,0.00046010586,1
100358,1,1,0.9999964,1
100359,0,1,0.99999905,0
100360,1,1,1.0,1
100361,0,1,0.9995092,0
100362,0,1,0.544983,0
100363,0,1,0.9987381,0
100364,1,1,1.0,1
100365,1,0,0.13892843,0
100366,1,1,0.99994004,1
100367,1,1,0.9997818,1
100368,1,1,0.9581087,1
100369,0,0,0.14366761,1
100370,0,0,0.14971778,1
100371,0,0,0.11486404,1
100372,1,1,0.9983158,1
100373,0,1,0.9729081,0
100374,1,0,0.07921033,0
100375,1,1,0.8975158,1
100376,0,1,1.0,0
100377,1,1,0.9999994,1
100378,0,1,0.94772077,0
100379,1,1,0.95296955,1
100380,0,0,0.07389652,1
100381,0,0,0.12836117,1
100382,1,0,0.3033705,0
100383,0,1,0.6241217,0
100384,1,1,0.9998702,1
100385,1,1,0.5926077,1
100386,0,1,0.97840524,0
100387,1,1,0.99989927,1
100388,1,0,0.068537496,0
100389,0,1,0.9997241,0
100390,1,1,0.99897385,1
100391,1,0,0.2829386,0
100392,1,0,0.059101548,0
100393,1,1,0.9461506,1
100394,1,1,0.71795213,1
100395,0,1,0.8665848,0
100396,1,0,0.25771838,0
100397,1,1,0.99987614,1
100398,1,1,0.99996793,1
100399,1,1,1.0,1
100400,1,1,0.666334,1
100401,1,1,0.8477158,1
100402,1,1,0.9999988,1
100403,1,1,0.99999964,1
100404,0,0,0.24337259,1
100405,0,0,0.34350687,1
100406,1,1,0.39481333,1
100407,0,1,0.9966102,0
100408,0,0,0.03541073,1
100409,1,1,0.99818975,1
100410,1,0,0.07113817,0
100411,0,1,0.9999999,0
100412,1,1,0.44860744,1
100413,0,0,0.15507846,1
100414,0,1,0.4336217,0
100415,1,1,0.9999658,1
100416,1,1,0.9999443,1
100417,1,1,0.9995035,1
100418,1,1,0.93564117,1
100419,0,0,0.07626997,1
100420,1,1,1.0,1
100421,0,1,0.689776,0
100422,1,1,0.59066117,1
100423,1,1,1.0,1
100424,1,1,0.99703634,1
100425,0,0,0.0631349,1
100426,1,1,0.85989916,1
100427,0,1,0.73115456,0
100428,0,0,0.009250096,1
100429,0,1,0.99994123,0
100430,0,1,0.99675864,0
100431,0,0,0.032222297,1
100432,1,1,0.42318982,1
100433,1,1,0.6370872,1
100434,1,1,0.9670076,1
100435,0,1,0.91565824,0
100436,0,0,0.20347002,1
100437,1,1,0.49017462,1
100438,0,0,0.019437952,1
100439,1,1,0.9999503,1
100440,1,1,0.9999442,1
100441,1,1,1.0,1
100442,0,0,0.33052522,1
100443,1,1,0.52409023,1
100444,1,0,0.029201293,0
100445,1,1,0.9999789,1
100446,1,1,0.9984542,1
100447,0,0,0.26616648,1
100448,0,0,0.16817279,1
100449,1,1,1.0,1
100450,0,1,0.3671001,0
100451,1,1,0.83534926,1
100452,1,1,0.99344844,1
100453,1,1,0.75851065,1
100454,0,1,0.9644221,0
100455,1,1,0.9320833,1
100456,1,0,0.15507846,0
100457,1,1,0.99999654,1
100458,1,1,0.6651387,1
100459,0,0,0.04001227,1
100460,0,0,0.009936419,1
100461,0,1,0.9969066,0
100462,0,0,0.012100385,1
100463,1,1,0.99959,1
100464,0,0,0.31184584,1
100465,0,0,0.010550081,1
100466,0,0,0.05981148,1
100467,0,1,0.9000915,0
100468,0,0,0.11308892,1
100469,0,1,0.9963994,0
100470,1,0,0.0836655,0
100471,1,1,0.99961925,1
100472,1,1,0.9999964,1
100473,1,1,1.0,1
100474,0,0,0.32557413,1
100475,1,1,0.61630094,1
100476,1,1,0.47764552,1
100477,0,0,0.11027936,1
100478,1,1,0.99557483,1
100479,0,1,0.9999629,0
100480,0,1,0.98190993,0
100481,0,1,0.58456767,0
100482,1,1,0.99951684,1
100483,1,0,0.11726853,0
100484,1,1,0.54722214,1
100485,1,1,1.0,1
100486,1,1,0.9999975,1
100487,1,1,0.9972904,1
100488,1,1,1.0,1
100489,1,1,0.9971717,1
100490,1,1,0.9999448,1
100491,0,1,0.36195374,0
100492,0,0,0.10856642,1
100493,0,1,0.9995883,0
100494,1,1,0.9994081,1
100495,0,0,0.31226513,1
100496,1,1,0.9915707,1
100497,0,1,0.8362874,0
100498,0,0,0.20275874,1
100499,1,1,0.9753666,1
100500,1,1,1.0,1
100501,1,1,0.9995584,1
100502,0,1,0.46107745,0
100503,1,1,0.97624266,1
100504,0,1,0.40706822,0
100505,0,0,0.10167862,1
100506,0,0,0.17231107,1
100507,1,1,0.9979412,1
100508,1,1,0.9988575,1
100509,0,1,0.974018,0
100510,1,1,0.86223567,1
100511,1,0,0.0830685,0
100512,0,0,0.26855758,1
100513,0,0,0.0279544,1
100514,0,0,0.17895591,1
100515,1,1,0.3930064,1
100516,1,1,1.0,1
100517,1,1,1.0,1
100518,0,0,0.039862495,1
100519,1,1,0.87674,1
100520,1,1,0.9999832,1
100521,1,1,0.99927205,1
100522,0,0,0.1596755,1
100523,0,1,0.438695,0
100524,0,0,0.2115797,1
100525,1,1,0.44426334,1
100526,1,1,0.9999491,1
100527,1,1,1.0,1
100528,1,1,0.9999702,1
100529,0,1,0.9955835,0
100530,1,1,1.0,1
100531,1,1,0.9972045,1
100532,1,1,0.99999905,1
100533,0,1,0.7531037,0
100534,0,1,0.38142115,0
100535,1,1,0.9998766,1
100536,0,0,0.12967801,1
100537,0,1,0.6433853,0
100538,0,0,0.032620545,1
100539,0,0,0.0051998803,1
100540,1,1,0.9999987,1
100541,0,1,0.9828892,0
100542,0,0,0.09186979,1
100543,0,1,0.6233195,0
100544,1,0,0.104660206,0
100545,1,1,0.9999999,1
100546,1,1,0.9999924,1
100547,1,1,0.99998486,1
100548,1,0,0.04451443,0
100549,0,0,0.12368283,1
100550,0,1,0.5791624,0
100551,1,0,0.050004896,0
100552,0,1,1.0,0
100553,1,1,0.9946568,1
100554,1,0,0.065545,0
100555,0,0,0.29209024,1
100556,1,1,0.9951703,1
100557,0,1,0.9673486,0
100558,1,0,0.15993772,0
100559,0,1,0.68494934,0
100560,1,1,1.0,1
100561,0,0,0.0385747,1
100562,1,1,0.99759394,1
100563,1,0,0.007710576,0
100564,0,0,0.21036048,1
100565,1,1,0.8493474,1
100566,1,1,0.999572,1
100567,0,0,0.056392044,1
100568,1,1,0.6397923,1
100569,1,1,0.38271803,1
100570,0,1,0.4066558,0
100571,1,1,0.98607117,1
100572,1,1,0.9995652,1
100573,0,0,0.013875309,1
100574,0,1,0.45731845,0
100575,1,1,0.9981578,1
100576,1,0,0.22516096,0
100577,1,1,0.9999316,1
100578,0,0,0.03390796,1
100579,0,0,0.06301948,1
100580,1,1,1.0,1
100581,0,1,0.88171685,0
100582,0,1,0.8480936,0
100583,1,1,0.9689444,1
100584,1,1,0.5649388,1
100585,0,0,0.14566138,1
100586,1,1,1.0,1
100587,1,1,0.99996376,1
100588,1,1,0.9995635,1
100589,0,1,0.61410475,0
100590,0,1,0.999982,0
100591,1,0,0.046942927,0
100592,1,1,0.98201376,1
100593,0,1,0.6501897,0
100594,1,1,0.8446654,1
100595,1,1,0.9449947,1
100596,0,0,0.02578508,1
100597,0,1,0.999134,0
100598,0,0,0.045862667,1
100599,1,1,0.9700135,1
100600,0,0,0.053255424,1
100601,0,0,0.31074667,1
100602,1,1,0.9999988,1
100603,0,1,0.9734181,0
100604,1,0,0.115810655,0
100605,1,1,0.9916842,1
100606,0,1,0.99881446,0
100607,0,1,0.9771756,0
100608,1,1,1.0,1
100609,1,1,0.99999964,1
100610,0,1,0.9974934,0
100611,0,0,0.02884354,1
100612,0,0,0.12716407,1
100613,0,1,0.7337381,0
100614,1,1,1.0,1
100615,0,1,0.99944395,0
100616,0,1,0.9902351,0
100617,0,0,0.017012626,1
100618,0,0,0.2833846,1
100619,0,0,0.31943977,1
100620,1,1,0.9999993,1
100621,0,0,0.19891867,1
100622,0,1,0.99818975,0
100623,1,1,0.97381955,1
100624,0,0,0.20601411,1
100625,1,0,0.054349106,0
100626,0,0,0.21076632,1
100627,0,1,0.9465473,0
100628,0,0,0.06935241,1
100629,1,1,0.5481293,1
100630,0,0,0.06365676,1
100631,0,0,0.13178657,1
100632,1,1,1.0,1
100633,1,1,1.0,1
100634,1,0,0.094594024,0
100635,1,1,0.7265227,1
100636,1,0,2.8744616e-05,0
100637,0,1,0.5254906,0
100638,0,0,0.030996837,1
100639,0,0,0.10456872,1
100640,1,1,0.9995461,1
100641,0,1,1.0,0
100642,1,1,1.0,1
100643,1,1,0.6748545,1
100644,1,0,0.29833803,0
100645,0,0,0.0649494,1
100646,0,0,0.10669061,1
100647,1,1,1.0,1
100648,1,0,0.111724876,0
100649,0,0,0.17342815,1
100650,1,1,0.57385755,1
100651,1,1,0.53443027,1
100652,1,0,0.12126887,0
100653,1,1,0.99594563,1
100654,0,1,0.99993813,0
100655,0,0,0.0066798786,1
100656,0,1,0.60562414,0
100657,1,1,0.9997775,1
100658,1,1,1.0,1
100659,1,1,0.9761973,1
100660,0,1,0.9999975,0
100661,1,1,0.8945133,1
100662,0,0,0.2799269,1
100663,1,1,1.0,1
100664,1,1,0.99564314,1
100665,0,0,0.12689333,1
100666,1,1,0.9989434,1
100667,0,1,0.3555511,0
100668,1,0,0.26180246,0
100669,0,1,1.0,0
100670,0,0,0.100701615,1
100671,1,1,0.9999993,1
100672,1,0,0.26208568,0
100673,1,0,0.04065485,0
100674,1,0,0.026056305,0
100675,0,0,0.018815093,1
100676,1,1,0.94905907,1
100677,1,1,0.99987805,1
100678,1,1,0.5931969,1
100679,1,1,0.78874594,1
100680,1,0,0.09687654,0
100681,1,0,0.2991052,0
100682,0,0,0.19969788,1
100683,0,0,0.23917161,1
100684,1,1,0.9999993,1
100685,1,1,0.9994504,1
100686,0,1,1.0,0
100687,1,0,0.31153157,0
100688,0,0,0.0570714,1
100689,1,0,0.046551276,0
100690,1,1,0.6147988,1
100691,1,0,0.037856847,0
100692,1,0,0.03044435,0
100693,1,1,0.36026394,1
100694,1,1,0.9994286,1
100695,0,1,0.5138514,0
100696,1,0,0.04054074,0
100697,1,1,1.0,1
100698,0,0,0.1584346,1
100699,1,1,0.9161096,1
100700,1,1,0.999652,1
100701,0,0,0.08678673,1
100702,0,1,0.89796406,0
100703,1,1,0.91266996,1
100704,1,0,0.016529558,0
100705,0,0,0.0548532,1
100706,1,1,0.99978346,1
100707,0,1,0.36353388,0
100708,0,1,0.9821684,0
100709,0,1,0.70166194,0
100710,0,1,0.99338466,0
100711,0,0,0.24382246,1
100712,0,0,0.19329962,1
100713,0,0,0.23161423,1
100714,0,1,0.6281223,0
100715,1,1,0.9999758,1
100716,1,1,0.49139488,1
100717,0,0,0.16118816,1
100718,1,1,0.5397111,1
100719,0,1,0.9604726,0
100720,0,0,0.077308424,1
100721,0,1,0.93177354,0
100722,1,0,0.076407686,0
100723,1,1,0.40756917,1
100724,0,1,0.5444987,0
100725,0,1,0.8010035,0
100726,1,1,0.8680457,1
100727,1,0,0.14823206,0
100728,1,1,1.0,1
100729,1,0,0.008267596,0
100730,1,1,0.5128146,1
100731,1,1,0.9975514,1
100732,1,1,0.97997653,1
100733,0,1,0.48462397,0
100734,0,0,0.07793769,1
100735,0,1,0.99999976,0
100736,0,1,0.73852766,0
100737,1,1,0.9794133,1
100738,0,1,0.98819935,0
100739,1,1,0.9999862,1
100740,1,1,1.0,1
100741,1,1,0.99158704,1
100742,1,1,0.99998295,1
100743,0,0,0.050051305,1
100744,1,1,0.99999607,1
100745,1,1,0.87191176,1
100746,1,1,0.99958676,1
100747,0,1,0.6003055,0
100748,0,0,0.16052906,1
100749,1,1,0.99999857,1
100750,0,0,0.11813051,1
100751,0,0,0.11747085,1
100752,0,1,0.6455111,0
100753,1,1,1.0,1
100754,1,1,1.0,1
100755,1,1,0.441071,1
100756,1,1,0.99999976,1
100757,1,1,0.35756752,1
100758,0,1,0.99936384,0
100759,1,0,0.046335038,0
100760,0,1,0.9954704,0
100761,1,1,0.36054534,1
100762,1,1,0.9999027,1
100763,1,1,0.9999964,1
100764,0,1,1.0,0
100765,1,1,0.9999937,1
100766,0,0,0.110855594,1
100767,0,0,0.075721376,1
100768,0,0,0.036631368,1
100769,1,0,0.026031531,0
100770,0,0,0.34323165,1
100771,0,1,0.98815376,0
100772,0,0,0.088978484,1
100773,0,1,0.99999547,0
100774,0,1,0.9999999,0
100775,0,1,0.7096735,0
100776,1,1,0.9999975,1
100777,1,0,0.19759926,0
100778,0,1,1.0,0
100779,0,0,0.22337706,1
100780,1,0,0.23300752,0
100781,1,1,1.0,1
100782,1,1,0.9988121,1
100783,0,0,0.29335386,1
100784,0,1,0.8897206,0
100785,0,0,0.008140463,1
100786,1,1,0.9996673,1
100787,1,1,0.99990237,1
100788,1,1,0.9999629,1
100789,1,1,0.9864938,1
100790,0,1,0.99974483,0
100791,1,1,0.99999917,1
100792,1,1,0.9955576,1
100793,1,1,0.9999999,1
100794,0,0,0.10697014,1
100795,0,0,0.035277545,1
100796,0,1,0.9747491,0
100797,1,1,0.9920466,1
100798,1,1,0.9999999,1
100799,0,1,0.9910493,0
100800,0,0,0.042722195,1
100801,1,1,0.9999994,1
100802,0,0,0.13128456,1
100803,0,0,0.089933,1
100804,1,1,0.9920002,1
100805,0,1,0.93158704,0
100806,0,1,0.99776125,0
100807,0,0,0.188548,1
100808,1,1,0.9113377,1
100809,1,1,0.9999974,1
100810,1,1,0.9999758,1
100811,1,1,1.0,1
100812,1,0,0.12533277,0
100813,1,1,0.9999994,1
100814,0,0,0.019512547,1
100815,0,0,0.120438814,1
100816,0,0,0.18787654,1
100817,1,1,1.0,1
100818,0,1,0.99942183,0
100819,1,1,0.9999944,1
100820,1,1,1.0,1
100821,1,1,1.0,1
100822,1,1,1.0,1
100823,0,1,0.99999917,0
100824,1,1,0.8539127,1
100825,0,0,0.013795365,1
100826,1,1,0.99999917,1
100827,1,1,0.9999995,1
100828,0,0,0.06822642,1
100829,0,0,0.08593914,1
100830,0,0,0.34825712,1
100831,1,1,0.99999964,1
100832,1,1,0.91157407,1
100833,1,1,0.99850464,1
100834,1,1,0.9413314,1
100835,0,0,0.025662709,1
100836,1,1,0.90174776,1
100837,0,1,0.3639294,0
100838,0,1,0.9989077,0
100839,1,1,0.99932945,1
100840,1,0,0.05037733,0
100841,0,1,0.53673786,0
100842,1,1,0.9999857,1
100843,0,1,0.99995077,0
100844,0,0,0.16599831,1
100845,1,1,1.0,1
100846,1,1,0.9995443,1
100847,0,1,0.5289592,0
100848,1,1,0.99996877,1
100849,0,1,0.6143362,0
100850,0,0,0.26511872,1
100851,1,1,0.7818308,1
100852,0,0,0.21436231,1
100853,1,1,0.99999094,1
100854,0,0,0.015043661,1
100855,1,1,0.3598139,1
100856,1,1,0.9993242,1
100857,1,1,0.99913234,1
100858,0,1,0.6722779,0
100859,1,1,0.8911497,1
100860,0,1,0.57451415,0
100861,1,1,1.0,1
100862,1,1,1.0,1
100863,0,0,0.2052962,1
100864,1,1,0.9999999,1
100865,1,1,0.99979013,1
100866,1,1,0.9750835,1
100867,0,1,0.6340336,0
100868,1,1,0.99999976,1
100869,0,1,0.9741658,0
100870,1,1,1.0,1
100871,0,1,0.9883802,0
100872,1,0,0.100348406,0
100873,1,1,0.9999957,1
100874,1,1,0.99529994,1
100875,1,1,0.7240418,1
100876,1,1,1.0,1
100877,0,0,0.2786492,1
100878,0,1,1.0,0
100879,0,0,0.011201213,1
100880,1,1,1.0,1
100881,0,0,0.14897339,1
100882,1,1,0.9999759,1
100883,0,0,0.020685462,1
100884,0,1,0.6648124,0
100885,0,1,0.9968149,0
100886,1,1,0.84286314,1
100887,0,1,0.9998005,0
100888,1,1,0.99908185,1
100889,0,1,0.9533619,0
100890,0,0,0.05490385,1
100891,0,0,0.06791668,1
100892,1,0,0.17960249,0
100893,1,0,0.21833587,0
100894,1,1,0.46432465,1
100895,1,0,0.09293445,0
100896,1,1,0.40406644,1
100897,1,1,1.0,1
100898,1,1,0.9996395,1
100899,0,0,0.15778463,1
100900,1,1,1.0,1
100901,1,1,0.99758923,1
100902,1,1,0.9868787,1
100903,1,1,0.9999987,1
100904,1,1,1.0,1
100905,0,1,0.99690056,0
100906,0,0,0.21816924,1
100907,1,0,0.29477292,0
100908,1,1,0.9704367,1
100909,0,0,0.2830872,1
100910,1,1,0.97513086,1
100911,0,1,0.9973786,0
100912,1,0,0.18293586,0
100913,0,1,1.0,0
100914,1,1,0.9906419,1
100915,1,0,0.31658053,0
100916,1,1,0.3748479,1
100917,1,1,0.9999552,1
100918,1,1,0.98272413,1
100919,1,0,0.15817434,0
100920,1,1,1.0,1
100921,1,0,0.11382563,0
100922,1,1,0.9999975,1
100923,1,1,0.7015597,1
100924,0,1,0.5301757,0
100925,1,1,0.87705624,1
100926,0,1,0.5974905,0
100927,1,1,1.0,1
100928,1,0,0.108283214,0
100929,1,1,0.6318783,1
100930,1,1,0.999841,1
100931,0,0,0.010509383,1
100932,0,1,0.4357214,0
100933,0,0,0.09492911,1
100934,0,1,0.93306583,0
100935,1,1,1.0,1
100936,1,0,0.1742697,0
100937,0,0,0.23704568,1
100938,1,1,0.5868188,1
100939,1,1,0.98582757,1
100940,0,0,0.03557789,1
100941,1,1,1.0,1
100942,0,1,0.99998724,0
100943,1,0,0.10989669,0
100944,0,1,0.9933589,0
100945,1,0,0.3125798,0
100946,0,0,0.31647485,1
100947,1,1,0.85705173,1
100948,0,1,0.99999964,0
100949,0,1,0.94980925,0
100950,0,1,0.95791227,0
100951,0,0,0.045862667,1
100952,1,1,0.9999995,1
100953,0,1,0.39248234,0
100954,0,1,0.35838112,0
100955,0,1,0.6742114,0
100956,0,1,0.5910153,0
100957,0,0,0.06019705,1
100958,1,0,0.13432106,0
100959,1,1,0.45093358,1
100960,0,0,0.015306354,1
100961,1,1,1.0,1
100962,1,1,0.9999995,1
100963,0,1,0.99832886,0
100964,1,1,0.99101454,1
100965,0,1,0.38291994,0
100966,1,1,0.9999968,1
100967,0,1,0.9999926,0
100968,0,0,0.05525965,1
100969,0,1,0.8831352,0
100970,0,1,1.0,0
100971,1,1,0.99279517,1
100972,1,1,0.9979292,1
100973,1,1,0.90303797,1
100974,1,1,1.0,1
100975,0,0,0.12945776,1
100976,1,0,0.05037733,0
100977,1,0,0.14928317,0
100978,0,0,0.08678673,1
100979,0,1,0.44878858,0
100980,0,1,0.79182106,0
100981,0,0,0.016561339,1
100982,1,1,0.9999987,1
100983,1,1,0.9998287,1
100984,1,1,1.0,1
100985,0,1,0.67678016,0
100986,1,1,1.0,1
100987,1,1,0.99971026,1
100988,1,1,0.94858485,1
100989,1,0,0.18937114,0
100990,0,1,0.9999609,0
100991,0,1,0.4926763,0
100992,1,1,1.0,1
100993,0,1,0.99938214,0
100994,1,1,0.9999558,1
100995,0,1,0.61254144,0
100996,1,0,0.07971035,0
100997,1,1,1.0,1
100998,1,1,0.9999738,1
100999,1,1,0.99999976,1
101000,0,0,0.33944437,1
101001,0,1,0.46830428,0
101002,1,1,0.6575934,1
101003,0,0,0.17016298,1
101004,0,1,0.4108154,0
101005,0,0,0.1431877,1
101006,0,0,0.021145396,1
101007,1,1,0.9999912,1
101008,1,0,0.055874642,0
101009,0,1,0.55953074,0
101010,0,0,0.048948623,1
101011,0,0,0.06608538,1
101012,1,1,0.9946774,1
101013,1,1,1.0,1
101014,0,1,0.7586,0
101015,1,1,0.7643643,1
101016,1,1,1.0,1
101017,1,1,0.8924688,1
101018,0,0,0.1939858,1
101019,1,0,0.11308892,0
101020,1,0,0.074432954,0
101021,0,0,0.15584776,1
101022,1,1,0.84504944,1
101023,1,1,0.9988121,1
101024,0,0,0.06681232,1
101025,0,1,0.9990073,0
101026,0,1,0.831006,0
101027,1,0,0.10365786,0
101028,1,1,0.9999875,1
101029,0,1,0.9999827,0
101030,1,1,0.75105524,1
101031,1,1,0.9999788,1
101032,0,1,0.99803144,0
101033,0,0,0.06506812,1
101034,1,1,0.99999976,1
101035,0,0,0.13614833,1
101036,0,1,0.8958876,0
101037,0,1,0.39198768,0
101038,1,1,0.9991358,1
101039,0,0,0.020351816,1
101040,1,1,0.99994326,1
101041,1,1,1.0,1
101042,0,0,0.18557791,1
101043,1,1,0.35695085,1
101044,1,1,0.99712723,1
101045,0,0,0.10941996,1
101046,1,1,1.0,1
101047,1,1,1.0,1
101048,1,1,1.0,1
101049,0,0,0.06430006,1
101050,1,0,0.116261385,0
101051,1,1,0.8283842,1
101052,1,0,0.05184547,0
101053,0,0,0.27014312,1
101054,0,1,0.9986356,0
101055,1,1,0.532729,1
101056,0,0,0.0551069,1
101057,0,0,0.0025708678,1
101058,1,1,0.9999813,1
101059,0,0,0.040313438,1
101060,0,0,0.018246775,1
101061,1,1,1.0,1
101062,0,0,0.1524734,1
101063,1,1,0.52822924,1
101064,0,0,0.03197956,1
101065,1,0,0.21304952,0
101066,1,1,0.99999857,1
101067,1,1,0.9821854,1
101068,1,1,0.9997398,1
101069,0,0,0.21975583,1
101070,1,1,0.9999968,1
101071,0,1,0.99825555,0
101072,1,1,0.87125593,1
101073,1,1,0.9869292,1
101074,0,1,0.4950563,0
101075,1,0,0.22884513,0
101076,0,0,0.017045315,1
101077,0,0,0.04169577,1
101078,0,0,0.24835183,1
101079,0,0,0.02371207,1
101080,1,1,0.99999917,1
101081,0,1,0.48364842,0
101082,0,1,1.0,0
101083,0,0,0.26393127,1
101084,1,0,0.2193375,0
101085,0,0,0.12168575,1
101086,1,1,0.9955403,1
101087,1,1,0.9973061,1
101088,1,1,0.9999994,1
101089,1,0,0.060975183,0
101090,1,1,0.8161134,1
101091,0,0,0.18967113,1
101092,1,1,1.0,1
101093,0,0,0.2351084,1
101094,1,1,0.9999747,1
101095,1,1,0.7186438,1
101096,1,0,0.22772686,0
101097,0,1,0.9983125,0
101098,1,1,0.95136863,1
101099,1,0,0.16444936,0
101100,0,1,0.9982658,0
101101,0,0,0.10856642,1
101102,1,1,0.9987649,1
101103,1,1,1.0,1
101104,1,0,0.3323375,0
101105,1,1,1.0,1
101106,0,1,0.943504,0
101107,1,1,0.99961627,1
101108,1,1,0.5398931,1
101109,0,1,0.8857304,0
101110,1,1,1.0,1
101111,1,1,0.97386926,1
101112,0,0,0.010986943,1
101113,0,1,0.35560703,0
101114,1,1,1.0,1
101115,0,0,0.21133544,1
101116,0,1,0.55048656,0
101117,0,1,0.9637117,0
101118,1,1,0.99615306,1
101119,1,1,1.0,1
101120,1,1,0.9999995,1
101121,0,0,0.011485951,1
101122,0,0,0.078078166,1
101123,0,1,0.99372226,0
101124,0,0,0.06656919,1
101125,1,1,0.9589241,1
101126,1,1,0.9999645,1
101127,0,1,0.4119682,0
101128,0,1,0.98955137,0
101129,1,0,0.108850285,0
101130,0,0,0.100967236,1
101131,1,1,0.9999974,1
101132,1,1,1.0,1
101133,0,0,0.29798043,1
101134,1,1,0.9999627,1
101135,0,1,0.9964825,0
101136,1,0,0.09434341,0
101137,0,1,1.0,0
101138,1,1,0.6955966,1
101139,0,1,0.9716986,0
101140,0,1,0.9877823,0
101141,1,0,0.025347177,0
101142,0,0,0.34015632,1
101143,1,1,0.9999995,1
101144,1,1,0.86815757,1
101145,0,0,0.09334689,1
101146,0,1,0.8748277,0
101147,1,1,0.9999999,1
101148,1,1,0.99866986,1
101149,0,1,0.6811438,0
101150,1,1,1.0,1
101151,1,1,0.43425137,1
101152,1,0,0.19852991,0
101153,0,1,0.66969085,0
101154,0,0,0.19567093,1
101155,0,0,0.017110892,1
101156,1,1,0.7251137,1
101157,1,0,0.19102567,0
101158,1,1,0.73829186,1
101159,1,1,0.5384372,1
101160,0,0,0.12776141,1
101161,1,1,0.9996886,1
101162,0,1,0.97175217,0
101163,1,1,0.9996941,1
101164,0,0,0.12874407,1
101165,1,0,0.022264916,0
101166,0,0,0.07172112,1
101167,1,1,0.99988806,1
101168,1,1,0.99999976,1
101169,0,1,0.7545535,0
101170,0,0,0.09384396,1
101171,0,0,0.22354652,1
101172,1,1,0.9999633,1
101173,0,0,0.06278921,1
101174,0,1,0.9573974,0
101175,0,1,0.9984421,0
101176,0,1,0.5978427,0
101177,0,1,0.99720997,0
101178,0,1,0.9336126,0
101179,1,1,1.0,1
101180,1,1,0.9999422,1
101181,1,1,0.99861693,1
101182,0,1,0.99921143,0
101183,0,0,0.3233801,1
101184,1,1,0.99991417,1
101185,0,0,0.03365296,1
101186,0,1,0.61097586,0
101187,1,1,0.9064049,1
101188,0,1,0.9841241,0
101189,0,0,0.1305069,1
101190,0,0,0.06103112,1
101191,1,1,0.9677472,1
101192,1,0,0.19337577,0
101193,0,1,0.99469805,0
101194,1,1,0.9999919,1
101195,0,0,0.22867283,1
101196,0,0,0.059646945,1
101197,0,1,1.0,0
101198,1,1,0.9994673,1
101199,1,1,0.9904221,1
101200,0,0,0.124532074,1
101201,1,1,1.0,1
101202,1,1,0.97889495,1
101203,1,0,0.08093672,0
101204,0,0,0.24023944,1
101205,1,1,0.9994418,1
101206,1,1,0.98155975,1
101207,0,1,0.7371109,0
101208,1,1,1.0,1
101209,1,1,0.9999958,1
101210,0,0,0.25673878,1
101211,1,1,1.0,1
101212,0,0,0.03378023,1
101213,1,1,0.99317604,1
101214,1,1,0.9999999,1
101215,1,1,0.99727964,1
101216,0,1,0.8937739,0
101217,1,1,0.9723622,1
101218,1,1,0.9622852,1
101219,0,0,0.034197055,1
101220,0,1,0.9773924,0
101221,1,1,0.9999907,1
101222,1,0,0.023153413,0
101223,1,1,1.0,1
101224,0,0,0.15869519,1
101225,1,1,0.9999999,1
101226,0,1,0.9979771,0
101227,1,1,1.0,1
101228,1,1,0.91078377,1
101229,1,0,0.10087861,0
101230,1,1,0.9538373,1
101231,0,0,0.15713686,1
101232,1,1,1.0,1
101233,1,1,0.44372094,1
101234,0,1,0.99990904,0
101235,0,1,0.99420255,0
101236,1,0,0.086323485,0
101237,0,0,0.0069576083,1
101238,0,1,0.43392152,0
101239,1,0,0.0658447,0
101240,0,1,0.8897206,0
101241,1,0,0.23616374,0
101242,1,0,0.30264863,0
101243,0,0,0.24580847,1
101244,0,0,0.02884354,1
101245,1,1,0.7351666,1
101246,0,1,0.99999976,0
101247,1,1,1.0,1
101248,0,0,0.18609506,1
101249,1,1,0.98819935,1
101250,1,1,0.9999999,1
101251,0,0,0.014871003,1
101252,1,1,0.99993813,1
101253,1,1,0.9999995,1
101254,0,1,0.72966427,0
101255,0,0,0.05179748,1
101256,1,1,0.9999913,1
101257,0,1,0.38560602,0
101258,1,1,0.9999894,1
101259,1,1,1.0,1
101260,0,1,0.99982125,0
101261,1,1,1.0,1
101262,0,1,0.9321451,0
101263,0,1,0.9090225,0
101264,0,1,0.9981433,0
101265,1,1,1.0,1
101266,1,1,1.0,1
101267,1,0,0.31294715,0
101268,0,1,0.83508044,0
101269,0,1,0.98977125,0
101270,1,1,1.0,1
101271,1,1,0.56859547,1
101272,1,1,0.9997478,1
101273,0,1,0.51391244,0
101274,0,1,0.89805347,0
101275,1,1,0.9994307,1
101276,0,1,0.704211,0
101277,1,1,0.9130584,1
101278,1,1,0.38144994,1
101279,1,0,0.04455598,0
101280,0,0,0.011072159,1
101281,1,1,0.9994307,1
101282,0,0,0.31426096,1
101283,0,1,0.99998856,0
101284,1,1,0.99996734,1
101285,1,1,0.85741025,1
101286,1,0,0.18249834,0
101287,0,1,0.8456877,0
101288,1,1,0.89199936,1
101289,1,0,0.05525965,0
101290,1,1,0.9999887,1
101291,1,1,0.9999696,1
101292,0,0,0.18772759,1
101293,0,0,0.18937114,1
101294,0,1,0.6241217,0
101295,0,1,1.0,0
101296,1,1,0.9999521,1
101297,1,1,0.9993881,1
101298,1,1,0.35381883,1
101299,0,1,0.6244653,0
101300,1,1,0.94024336,1
101301,1,1,0.92296976,1
101302,1,1,0.99999976,1
101303,1,1,0.9999083,1
101304,0,0,0.31615806,1
101305,1,1,0.9943909,1
101306,0,0,0.12863456,1
101307,1,0,0.038178273,0
101308,0,1,0.42304087,0
101309,1,0,0.17085357,0
101310,0,0,0.103839464,1
101311,0,1,0.3794934,0
101312,1,1,0.9992175,1
101313,0,0,0.08225394,1
101314,0,1,0.9999888,0
101315,1,1,0.9999994,1
101316,1,1,1.0,1
101317,0,0,0.013795365,1
101318,1,1,0.91383046,1
101319,0,1,0.93645954,0
101320,1,1,0.63493955,1
101321,1,1,0.68283814,1
101322,0,0,0.1437277,1
101323,1,1,1.0,1
101324,1,1,0.9999995,1
101325,0,0,0.17953056,1
101326,0,0,0.015483986,1
101327,1,1,1.0,1
101328,0,1,0.99999917,0
101329,0,0,0.1468197,1
101330,1,1,0.9032942,1
101331,1,1,0.9999968,1
101332,1,1,0.39887467,1
101333,1,1,0.9999999,1
101334,1,1,0.95995015,1
101335,0,0,0.124905184,1
101336,0,1,0.7745834,0
101337,0,1,0.9870046,0
101338,0,1,0.9576358,0
101339,0,1,0.64640445,0
101340,1,0,0.26435834,0
101341,1,1,0.6283504,1
101342,1,1,0.99999964,1
101343,1,1,0.999997,1
101344,0,0,0.07999737,1
101345,0,1,0.8510886,0
101346,1,1,0.9999572,1
101347,1,1,0.9995479,1
101348,0,0,0.06935241,1
101349,1,0,0.013222823,0
101350,0,0,0.03007184,1
101351,1,1,0.9999716,1
101352,1,1,1.0,1
101353,1,1,1.0,1
101354,0,1,0.9393039,0
101355,1,0,0.26774308,0
101356,0,0,0.075721376,1
101357,0,1,0.995037,0
101358,1,1,0.85919183,1
101359,1,1,1.0,1
101360,0,0,0.2784039,1
101361,0,0,0.09509706,1
101362,0,0,0.019069158,1
101363,0,1,0.98951083,0
101364,0,0,0.21109137,1
101365,0,0,0.32034272,1
101366,0,0,0.21092878,1
101367,0,1,0.99992657,0
101368,1,1,0.9701552,1
101369,0,1,0.42936954,0
101370,0,0,0.2799269,1
101371,1,0,0.1459046,0
101372,0,1,0.94261247,0
101373,1,1,0.96395,1
101374,1,1,0.99960417,1
101375,0,0,0.07329728,1
101376,1,0,0.100701615,0
101377,1,1,0.80837,1
101378,1,0,0.23126681,0
101379,0,1,0.9999722,0
101380,0,1,0.99998355,0
101381,0,0,0.14829372,1
101382,0,1,0.5799358,0
101383,0,1,0.49182203,0
101384,0,0,0.3427365,1
101385,0,0,0.015860597,1
101386,0,0,0.16667542,1
101387,0,0,0.015754245,1
101388,0,1,0.997399,0
101389,0,0,0.15165491,1
101390,1,1,0.9999347,1
101391,1,1,0.99914074,1
101392,1,1,0.99970514,1
101393,0,1,0.99804294,0
101394,0,0,0.13828714,1
101395,0,0,0.024492992,1
101396,0,0,0.010570489,1
101397,1,1,1.0,1
101398,0,0,0.08756384,1
101399,1,1,0.9983834,1
101400,0,1,0.9793738,0
101401,1,1,1.0,1
101402,1,1,0.9804314,1
101403,1,1,0.99758923,1
101404,1,0,0.34582293,0
101405,0,0,0.272218,1
101406,1,1,1.0,1
101407,0,1,0.8890481,0
101408,0,1,0.9997522,0
101409,1,0,0.08173938,0
101410,0,1,0.93726826,0
101411,1,1,0.99736834,1
101412,1,1,0.99999917,1
101413,1,1,0.9999379,1
101414,0,0,0.16224726,1
101415,0,0,0.07928158,1
101416,1,1,1.0,1
101417,1,1,0.7692537,1
101418,1,1,0.999729,1
101419,0,1,0.9999076,0
101420,0,0,0.055566337,1
101421,0,0,0.15726623,1
101422,1,1,1.0,1
101423,0,1,0.45910648,0
101424,1,1,0.988425,1
101425,1,1,0.99999964,1
101426,0,0,0.17016298,1
101427,0,0,0.21174264,1
101428,1,1,1.0,1
101429,1,1,1.0,1
101430,1,1,1.0,1
101431,1,1,0.9766915,1
101432,1,0,0.14163724,0
101433,1,1,0.99604684,1
101434,1,0,0.2548797,0
101435,0,0,0.023464657,1
101436,1,0,0.20473911,0
101437,1,1,0.98844737,1
101438,1,0,0.0038244838,0
101439,1,1,0.99999917,1
101440,1,1,1.0,1
101441,0,1,0.94910634,0
101442,1,1,0.9405172,1
101443,0,1,0.6409168,0
101444,1,0,0.13415082,0
101445,0,0,0.124213,1
101446,0,1,0.9804874,0
101447,1,1,0.99996233,1
101448,1,1,0.99998784,1
101449,0,0,0.035779487,1
101450,1,1,0.98771137,1
101451,1,0,0.06506812,0
101452,0,0,0.09687654,1
101453,0,0,0.039601684,1
101454,1,1,0.95976204,1
101455,1,1,0.9986462,1
101456,0,0,0.31975833,1
101457,0,0,0.11037522,1
101458,1,0,0.07250525,0
101459,1,1,0.99999857,1
101460,1,1,0.99943525,1
101461,1,1,0.7993641,1
101462,0,0,0.045310315,1
101463,1,1,0.99998,1
101464,0,0,0.04564947,1
101465,1,0,0.06301948,0
101466,1,1,0.99999917,1
101467,1,1,0.9909972,1
101468,0,1,0.8621197,0
101469,0,0,0.17078443,1
101470,1,1,0.99996483,1
101471,1,0,0.18780208,0
101472,0,0,0.12874407,1
101473,0,0,0.2305731,1
101474,1,1,0.9999999,1
101475,0,1,0.554772,0
101476,1,1,0.7059371,1
101477,0,1,0.9997942,0
101478,0,1,0.98625773,0
101479,0,0,0.07356305,1
101480,0,1,0.6191835,0
101481,0,1,0.9999995,0
101482,0,0,0.027220903,1
101483,1,1,0.9763331,1
101484,1,1,0.9999844,1
101485,1,1,0.5066524,1
101486,1,0,0.20537588,0
101487,1,1,1.0,1
101488,1,1,0.54225737,1
101489,1,1,1.0,1
101490,1,1,0.8900078,1
101491,0,1,0.540075,0
101492,1,1,0.9999982,1
101493,0,1,0.39361808,0
101494,1,1,1.0,1
101495,0,0,0.089136936,1
101496,0,1,0.99990976,0
101497,0,1,0.9999958,0
101498,0,0,0.17064616,1
101499,0,0,0.05037733,1
101500,1,0,0.08834723,0
101501,0,0,0.07850098,1
101502,1,1,0.99909604,1
101503,1,1,0.9999999,1
101504,1,1,0.9999995,1
101505,0,1,0.54970104,0
101506,1,1,1.0,1
101507,1,1,1.0,1
101508,0,0,0.11104826,1
101509,1,1,0.9983418,1
101510,0,0,0.34367207,1
101511,1,1,0.76304257,1
101512,1,1,0.99929035,1
101513,0,0,0.05802475,1
101514,0,0,0.09017308,1
101515,0,0,0.11656275,1
101516,0,0,0.072177574,1
101517,0,0,0.161717,1
101518,1,1,0.9998253,1
101519,1,1,0.8581252,1
101520,1,1,0.9999999,1
101521,1,1,1.0,1
101522,1,1,0.9999999,1
101523,0,0,0.2168396,1
101524,1,1,0.9999969,1
101525,1,1,0.44824514,1
101526,1,0,0.037714817,0
101527,1,0,0.07864238,0
101528,0,0,0.08803311,1
101529,1,0,0.0066928505,0
101530,0,0,0.03557789,1
101531,0,0,0.19620943,1
101532,0,1,0.9999999,0
101533,0,0,0.11666332,1
101534,0,0,0.052086018,1
101535,1,1,0.87375444,1
101536,0,0,0.08532742,1
101537,1,0,0.077727415,0
101538,0,0,0.11299101,1
101539,0,0,0.14639206,1
101540,0,0,0.06198946,1
101541,0,0,0.021512313,1
101542,1,1,1.0,1
101543,1,1,0.90320885,1
101544,0,1,0.999764,0
101545,1,1,1.0,1
101546,1,1,0.9999405,1
101547,0,0,0.1434875,1
101548,0,1,0.4211054,0
101549,1,1,0.9999969,1
101550,1,1,0.98478174,1
101551,1,1,0.99986446,1
101552,0,1,0.9996018,0
101553,1,0,0.032589745,0
101554,1,0,0.24499467,0
101555,1,0,0.08803311,0
101556,0,1,0.9999827,0
101557,0,1,0.6296038,0
101558,0,0,0.17859745,1
101559,1,1,0.9999912,1
101560,1,0,0.10961043,0
101561,0,0,0.10239443,1
101562,1,1,0.89423656,1
101563,1,1,0.9227612,1
101564,0,0,0.10158944,1
101565,0,1,0.9923638,0
101566,1,1,0.99789655,1
101567,0,0,0.04276215,1
101568,1,1,0.99996364,1
101569,1,1,0.7383862,1
101570,0,1,0.98535615,0
101571,1,1,0.9999993,1
101572,0,1,0.5446803,0
101573,1,1,0.71814984,1
101574,1,0,0.08042967,0
101575,1,1,0.9999995,1
101576,1,0,0.025858779,0
101577,0,1,0.99982184,0
101578,1,1,0.82318634,1
101579,1,1,0.999824,1
101580,1,1,0.9995092,1
101581,1,1,0.99776566,1
101582,0,0,0.19613242,1
101583,1,0,0.2705766,0
101584,0,0,0.08232769,1
101585,1,1,0.9996506,1
101586,1,1,0.9999924,1
101587,1,0,0.14786254,0
101588,1,0,0.07211221,0
101589,1,1,1.0,1
101590,1,1,0.99999917,1
101591,0,0,0.100701615,1
101592,1,1,1.0,1
101593,1,1,0.9999999,1
101594,0,1,0.9999974,0
101595,1,1,0.99695444,1
101596,0,1,0.5807088,0
101597,1,1,0.83642095,1
101598,1,1,0.99989605,1
101599,0,0,0.12721826,1
101600,1,1,0.9999993,1
101601,0,1,0.999213,0
101602,0,1,0.8020909,0
101603,0,1,0.99980515,0
101604,1,1,0.99994266,1
101605,1,0,0.21692254,0
101606,0,1,0.99983656,0
101607,0,0,0.01757688,1
101608,0,1,0.7833262,0
101609,0,0,0.009727272,1
101610,0,1,0.91796696,0
101611,1,1,0.9999962,1
101612,1,1,0.7716715,1
101613,0,1,0.99996173,0
101614,1,1,0.99998367,1
101615,1,1,0.9999993,1
101616,0,1,0.99952805,0
101617,1,1,0.99998593,1
101618,1,1,1.0,1
101619,1,1,0.35812852,1
101620,1,1,0.99995947,1
101621,0,1,0.97321534,0
101622,0,0,0.08130065,1
101623,1,1,0.46751407,1
101624,1,0,0.009559399,0
101625,0,1,0.9972531,0
101626,0,1,0.7324962,0
101627,0,0,0.3045068,1
101628,0,0,0.16525607,1
101629,0,0,0.12085323,1
101630,1,1,0.99983656,1
101631,0,1,0.7830775,0
101632,0,0,0.09577148,1
101633,1,1,1.0,1
101634,0,0,0.20513694,1
101635,1,1,1.0,1
101636,1,1,0.6164164,1
101637,1,0,0.2548797,0
101638,0,0,0.1504028,1
101639,0,0,0.0894546,1
101640,0,1,0.99999666,0
101641,0,0,0.008046387,1
101642,0,1,0.9999981,0
101643,0,1,0.9298237,0
101644,0,0,0.03861093,1
101645,1,0,0.14128143,0
101646,1,1,0.9999987,1
101647,1,1,1.0,1
101648,1,1,0.9885583,1
101649,1,1,0.999936,1
101650,0,0,0.21060391,1
101651,0,0,0.046855625,1
101652,0,1,0.9916842,0
101653,0,0,0.07356305,1
101654,0,0,0.019271135,1
101655,1,1,0.40344933,1
101656,1,1,1.0,1
101657,0,0,0.008644178,1
101658,1,1,0.9846051,1
101659,1,1,0.364099,1
101660,1,0,0.08740792,0
101661,1,1,0.9859093,1
101662,0,0,0.03971326,1
101663,0,1,0.7096735,0
101664,0,0,0.014785409,1
101665,0,1,0.39382204,0
101666,1,1,1.0,1
101667,0,0,0.10284408,1
101668,1,1,0.5699125,1
101669,1,1,0.9978594,1
101670,0,0,0.093016796,1
101671,0,0,0.047869008,1
101672,1,1,0.9999999,1
101673,1,1,0.95911604,1
101674,0,1,0.9984603,0
101675,1,1,0.99999774,1
101676,1,1,0.9999175,1
101677,0,1,0.83642095,0
101678,0,0,0.080719054,1
101679,1,1,0.35947657,1
101680,1,1,1.0,1
101681,1,1,0.9999993,1
101682,0,0,0.04455598,1
101683,1,1,0.9634375,1
101684,1,1,1.0,1
101685,0,1,0.999213,0
101686,0,1,0.52993244,0
101687,1,1,0.716169,1
101688,1,1,0.4622606,1
101689,1,1,1.0,1
101690,1,1,1.0,1
101691,0,0,0.33780402,1
101692,0,1,0.5274383,0
101693,0,0,0.1334717,1
101694,1,1,0.99998546,1
101695,1,1,0.9995479,1
101696,1,0,0.068288535,0
101697,1,1,0.5665582,1
101698,0,0,0.086323485,1
101699,0,1,0.99178034,0
101700,1,1,0.6685017,1
101701,0,1,0.6191835,0
101702,1,1,1.0,1
101703,0,1,0.48834443,0
101704,0,0,0.098079324,1
101705,0,1,0.7541915,0
101706,0,1,0.999998,0
101707,1,1,0.99999654,1
101708,0,1,0.8802834,0
101709,0,0,0.0015548134,1
101710,1,1,0.99897385,1
101711,0,1,0.48428863,0
101712,1,1,1.0,1
101713,1,1,0.99999905,1
101714,0,0,0.1265691,1
101715,1,1,0.5634981,1
101716,1,1,1.0,1
101717,1,1,1.0,1
101718,1,1,0.4620482,1
101719,0,0,0.025662709,1
101720,1,0,0.3477032,0
101721,1,1,0.9999999,1
101722,1,1,1.0,1
101723,1,0,0.017968968,0
101724,0,0,0.16899405,1
101725,1,1,0.9999988,1
101726,0,0,0.08173938,1
101727,0,1,0.99605453,0
101728,1,0,0.04560694,0
101729,1,0,0.0815929,0
101730,0,1,0.9988991,0
101731,1,1,1.0,1
101732,0,0,0.10715685,1
101733,0,1,0.74144006,0
101734,0,0,0.15437602,1
101735,0,0,0.111724876,1
101736,1,1,0.50872713,1
101737,0,1,0.60439897,0
101738,1,1,1.0,1
101739,1,0,0.07068779,0
101740,0,1,0.97794676,0
101741,1,1,0.7026831,1
101742,1,0,0.2656423,0
101743,1,1,1.0,1
101744,0,0,0.24598956,1
101745,1,1,1.0,1
101746,1,1,0.88413936,1
101747,1,1,0.60807055,1
101748,1,1,1.0,1
101749,1,1,1.0,1
101750,1,1,0.8255897,1
101751,1,1,0.97673583,1
101752,0,1,0.9720721,0
101753,0,0,0.060975183,1
101754,0,0,0.14258969,1
101755,1,1,1.0,1
101756,1,1,0.9404078,1
101757,1,1,0.9988305,1
101758,0,0,0.3396633,1
101759,0,0,0.1201288,1
101760,0,0,0.29533154,1
101761,1,1,0.5362522,1
101762,1,0,0.1274353,0
101763,0,0,0.067546695,1
101764,0,0,0.044806086,1
101765,1,1,0.99827933,1
101766,1,1,0.6834723,1
101767,1,1,0.9999175,1
101768,1,1,0.9191359,1
101769,0,0,0.075653054,1
101770,1,1,0.99827933,1
101771,0,1,0.99997425,0
101772,0,1,0.57821006,0
101773,0,0,0.31389278,1
101774,1,0,0.007403014,0
101775,0,1,0.705227,0
101776,1,1,0.9999999,1
101777,1,0,0.06159316,0
101778,0,1,0.8453051,0
101779,1,1,1.0,1
101780,0,0,0.028328313,1
101781,1,1,1.0,1
101782,0,0,0.28696787,1
101783,1,1,0.9993081,1
101784,0,1,0.94122344,0
101785,0,0,0.29583988,1
101786,0,0,0.068288535,1
101787,0,1,0.66252357,0
101788,1,1,0.6910284,1
101789,1,1,0.9940659,1
101790,1,0,0.09679113,0
101791,0,1,0.87705624,0
101792,0,0,0.00478301,1
101793,0,1,0.68516004,0
101794,1,1,0.7007413,1
101795,1,1,0.9999852,1
101796,1,1,0.999984,1
101797,0,1,0.9333701,0
101798,0,0,0.0374323,1
101799,1,1,1.0,1
101800,1,1,0.97984195,1
101801,1,0,0.027663978,0
101802,1,1,1.0,1
101803,0,0,0.081154905,1
101804,1,1,0.7297606,1
101805,1,1,1.0,1
101806,1,1,1.0,1
101807,1,1,0.9325147,1
101808,1,1,0.999974,1
101809,1,1,0.87212974,1
101810,0,1,0.9922444,0
101811,0,0,0.016882466,1
101812,1,1,0.9999987,1
101813,1,1,1.0,1
101814,1,1,0.8862236,1
101815,1,1,0.98292196,1
101816,0,1,0.79198205,0
101817,1,1,1.0,1
101818,1,1,1.0,1
101819,1,1,0.99528164,1
101820,1,0,0.27776676,0
101821,0,0,0.0009830882,1
101822,1,1,0.99756086,1
101823,1,1,0.37960833,1
101824,1,1,1.0,1
101825,1,1,0.99844813,1
101826,1,0,0.06766981,0
101827,1,1,0.9999746,1
101828,1,1,0.9970708,1
101829,1,1,0.8010035,1
101830,1,1,0.72749174,1
101831,1,1,0.9995073,1
101832,0,1,0.9534488,0
101833,0,0,0.14378779,1
101834,0,0,0.034553625,1
101835,1,1,0.99997663,1
101836,1,1,1.0,1
101837,1,1,1.0,1
101838,1,0,0.090896755,0
101839,1,1,0.9998827,1
101840,0,1,0.40503684,0
101841,0,1,0.8715842,0
101842,0,0,0.19238758,1
101843,1,1,0.9916842,1
101844,0,0,0.14798562,1
101845,0,0,0.050283972,1
101846,0,0,0.3429015,1
101847,1,0,0.0044079763,0
101848,0,1,0.3600389,0
101849,0,1,0.7947038,0
101850,1,1,0.99999964,1
101851,0,1,0.99396133,0
101852,1,1,0.9999994,1
101853,0,0,0.19961987,1
101854,1,1,0.76020586,1
101855,0,0,0.24229527,1
101856,1,0,0.15514244,0
101857,0,0,0.07843036,1
101858,1,1,0.77551985,1
101859,1,1,0.99986494,1
101860,1,1,0.9999896,1
101861,1,1,0.858837,1
101862,1,1,1.0,1
101863,1,1,0.99852496,1
101864,1,1,1.0,1
101865,1,1,1.0,1
101866,1,1,1.0,1
101867,1,1,0.9999912,1
101868,0,0,0.20882359,1
101869,0,1,0.41878605,0
101870,1,1,0.9208609,1
101871,1,0,0.0009946651,0
101872,0,0,0.09097748,1
101873,1,1,0.99999857,1
101874,1,0,0.13173069,0
101875,1,0,0.33960858,0
101876,1,0,0.021145396,0
101877,0,1,0.99792516,0
101878,0,1,0.46663293,0
101879,1,1,0.98416984,1
101880,1,0,0.13957219,0
101881,0,1,0.41478032,0
101882,0,1,0.9985923,0
101883,1,1,0.99830914,1
101884,1,1,0.9846051,1
101885,1,1,0.9216402,1
101886,0,0,0.11114469,1
101887,0,0,0.0004076526,1
101888,1,1,0.99966073,1
101889,1,1,0.75752544,1
101890,1,1,0.44025865,1
101891,1,1,0.99984455,1
101892,1,1,0.99999785,1
101893,1,1,0.9999465,1
101894,1,0,0.2941136,0
101895,0,1,0.9994797,0
101896,1,1,0.99977213,1
101897,0,0,0.02188545,1
101898,1,1,0.99999166,1
101899,0,0,0.02136889,1
101900,0,1,0.9999789,0
101901,0,1,0.9608783,0
101902,1,1,1.0,1
101903,1,1,0.99216896,1
101904,0,0,0.19178137,1
101905,1,1,0.7817474,1
101906,0,0,0.1625129,1
101907,1,1,0.90982693,1
101908,0,0,0.09842541,1
101909,0,1,0.9987356,0
101910,1,1,0.70309097,1
101911,1,0,0.057652235,0
101912,0,0,0.04418332,1
101913,1,0,0.044307213,0
101914,1,1,0.99965537,1
101915,0,0,0.016308766,1
101916,0,0,0.2211824,1
101917,0,1,0.6564931,0
101918,0,0,0.010268432,1
101919,0,1,0.93611,0
101920,1,1,1.0,1
101921,1,1,0.9999988,1
101922,1,1,1.0,1
101923,0,0,0.19891867,1
101924,1,1,0.61341023,1
101925,0,0,0.046421416,1
101926,1,1,0.8917168,1
101927,1,1,0.9999145,1
101928,1,0,0.31875017,0
101929,1,1,0.99988365,1
101930,0,1,0.56277734,0
101931,0,1,0.8769508,0
101932,1,1,0.9985758,1
101933,0,0,0.095940754,1
101934,0,1,0.49758914,0
101935,1,1,0.91030645,1
101936,1,0,0.036459446,0
101937,1,1,1.0,1
101938,1,1,0.61693585,1
101939,1,1,1.0,1
101940,1,0,0.10613344,0
101941,0,1,0.99735296,0
101942,1,1,0.999879,1
101943,1,1,1.0,1
101944,0,0,0.028816197,1
101945,0,1,0.93891287,0
101946,0,1,0.93558234,0
101947,0,0,0.087252244,1
101948,0,0,0.12458531,1
101949,1,1,0.4163813,1
101950,0,0,0.083740406,1
101951,1,1,0.99849594,1
101952,1,1,0.98313373,1
101953,0,0,0.05198967,1
101954,0,0,0.053255424,1
101955,0,0,0.06244529,1
101956,1,0,0.22541662,0
101957,1,1,0.9981505,1
101958,0,1,0.99209267,0
101959,0,0,0.23109324,1
101960,1,0,0.056288198,0
101961,0,0,0.026912306,1
101962,0,1,0.95880854,0
101963,1,1,0.3919295,1
101964,0,1,0.9992342,0
101965,1,1,0.9967269,1
101966,0,1,0.7824132,0
101967,1,1,0.6742114,1
101968,1,0,0.28224567,0
101969,1,1,0.969814,1
101970,1,1,0.4431485,1
101971,1,1,1.0,1
101972,1,1,0.8865187,1
101973,1,0,0.20601411,0
101974,0,1,0.9999424,0
101975,1,1,0.56529874,1
101976,0,0,0.022137716,1
101977,1,1,0.9999993,1
101978,0,0,0.023153413,1
101979,1,0,0.1309508,0
101980,1,1,0.9942139,1
101981,0,1,0.9357587,0
101982,1,1,0.9999417,1
101983,0,1,0.60754675,0
101984,0,1,0.9887771,0
101985,1,1,1.0,1
101986,0,1,0.99999714,0
101987,1,0,0.1419343,0
101988,1,1,0.98340684,1
101989,0,0,0.23274586,1
101990,0,0,0.049267832,1
101991,0,1,0.4487282,0
101992,1,1,1.0,1
101993,0,1,0.9999782,0
101994,1,1,0.9987696,1
101995,0,0,0.078078166,1
101996,1,1,0.9534054,1
101997,0,1,0.3748479,0
101998,0,1,0.9999802,0
101999,0,1,0.9794133,0
102000,0,0,0.07107367,1
102001,1,0,0.07126734,0
102002,1,1,1.0,1
102003,0,1,0.9999646,0
102004,1,1,0.96138906,1
102005,1,1,0.99999976,1
102006,0,0,0.1437277,1
102007,0,1,0.77304506,0
102008,0,1,0.44399214,0
102009,1,1,0.99903595,1
102010,1,0,0.0282746,0
102011,1,0,0.2507293,0
102012,1,1,0.9999981,1
102013,1,1,0.9353465,1
102014,0,0,0.11961366,1
102015,1,1,0.65781325,1
102016,1,0,0.23625182,0
102017,1,1,0.99999976,1
102018,1,1,0.9976311,1
102019,1,1,0.99906915,1
102020,0,0,0.18543036,1
102021,0,0,0.03393996,1
102022,1,1,0.9999534,1
102023,1,1,1.0,1
102024,1,0,0.014447853,0
102025,1,1,0.9999747,1
102026,0,0,0.05340333,1
102027,0,0,0.083740406,1
102028,1,0,0.049176436,0
102029,1,1,1.0,1
102030,1,0,0.014985891,0
102031,1,1,0.9999999,1
102032,1,1,0.9531443,1
102033,0,1,0.9980122,0
102034,1,1,0.9999999,1
102035,1,1,0.99999964,1
102036,0,0,0.13500383,1
102037,1,1,0.9600252,1
102038,0,1,0.99650973,0
102039,0,0,0.13551785,1
102040,1,0,0.24050692,0
102041,0,1,0.521593,0
102042,0,0,0.12002561,1
102043,0,1,0.9999949,0
102044,1,0,0.3283679,0
102045,1,1,0.9999957,1
102046,0,1,0.87234735,0
102047,0,1,0.9323302,0
102048,0,1,0.9537082,0
102049,0,1,0.9999789,0
102050,0,0,0.09885954,1
102051,0,0,0.20850107,1
102052,1,1,0.99999726,1
102053,0,1,0.999213,0
102054,1,1,0.98247355,1
102055,0,0,0.22017473,1
102056,1,0,0.1588256,0
102057,0,0,0.049176436,1
102058,1,1,0.9999988,1
102059,1,1,0.9999988,1
102060,0,0,0.053107906,1
102061,1,0,0.04881241,0
102062,1,0,0.06669065,0
102063,0,0,0.17996249,1
102064,0,0,0.1625129,1
102065,0,1,0.38850203,0
102066,0,1,0.8103289,0
102067,1,0,0.014199682,0
102068,1,1,1.0,1
102069,1,1,1.0,1
102070,1,1,1.0,1
102071,0,0,0.012845958,1
102072,1,1,0.99986863,1
102073,1,1,0.9999814,1
102074,0,1,0.43803382,0
102075,1,1,0.99983776,1
102076,1,1,0.39492998,1
102077,0,0,0.044764314,1
102078,1,1,0.9992693,1
102079,1,1,0.9964204,1
102080,1,1,1.0,1
102081,1,1,0.9914391,1
102082,1,1,1.0,1
102083,1,1,0.6005984,1
102084,1,1,0.99996805,1
102085,1,1,0.96879715,1
102086,1,0,0.046378206,0
102087,0,0,0.08517511,1
102088,1,1,0.99997413,1
102089,1,1,1.0,1
102090,0,1,0.97285664,0
102091,1,1,0.9998191,1
102092,0,1,0.6046908,0
102093,1,1,0.9708817,1
102094,1,1,1.0,1
102095,1,1,0.99999905,1
102096,1,1,0.99998426,1
102097,1,1,0.9873262,1
102098,1,1,0.9999403,1
102099,1,1,0.9539232,1
102100,1,1,0.9999988,1
102101,1,1,0.8155265,1
102102,0,0,0.017259333,1
102103,0,0,0.04535258,1
102104,0,1,0.73848057,0
102105,0,0,0.17009403,1
102106,1,1,1.0,1
102107,1,1,0.7337858,1
102108,1,1,0.57391727,1
102109,0,0,0.17974643,1
102110,0,1,0.35936415,0
102111,0,0,0.046942927,1
102112,0,1,0.72956795,0
102113,1,1,1.0,1
102114,0,0,0.105948284,1
102115,1,0,0.020764738,0
102116,1,1,0.99922216,1
102117,0,1,0.9805993,0
102118,0,0,0.08100938,1
102119,1,1,0.9999956,1
102120,1,1,0.6999214,1
102121,0,0,0.090735495,1
102122,1,1,0.9853843,1
102123,1,1,1.0,1
102124,1,1,0.9985421,1
102125,0,1,0.99995494,0
102126,1,1,0.9996118,1
102127,1,1,0.9360516,1
102128,0,1,0.71745753,0
102129,0,1,0.5709295,0
102130,0,0,0.19993211,1
102131,0,1,0.9015746,0
102132,1,1,0.88700897,1
102133,1,1,0.99474937,1
102134,1,1,0.9999999,1
102135,1,1,0.9999938,1
102136,1,1,0.9999132,1
102137,1,0,0.034749623,0
102138,1,1,0.99999964,1
102139,1,1,0.9999865,1
102140,1,1,0.66470355,1
102141,0,1,0.8700462,0
102142,0,1,0.9996947,0
102143,1,1,0.99582565,1
102144,1,1,0.99999344,1
102145,1,1,0.99351174,1
102146,1,1,0.9999994,1
102147,0,0,0.31142685,1
102148,0,1,0.9999714,0
102149,1,0,0.21182416,0
102150,0,0,0.032558974,1
102151,0,1,0.95873135,0
102152,1,1,0.9999888,1
102153,1,1,0.9998029,1
102154,0,1,0.99999905,0
102155,0,1,0.99991655,0
102156,1,1,0.9997739,1
102157,1,1,0.39059207,1
102158,0,1,0.9990073,0
102159,1,1,1.0,1
102160,1,1,0.98965186,1
102161,1,0,0.24812405,0
102162,0,0,0.05505607,1
102163,1,1,0.99980515,1
102164,0,0,0.08122775,1
102165,0,1,0.46945944,0
102166,1,1,0.99999297,1
102167,1,1,0.9999925,1
102168,0,1,0.78931487,0
102169,1,1,0.9999912,1
102170,0,1,0.9901211,0
102171,0,0,0.13466209,1
102172,0,1,0.5734396,0
102173,0,0,0.10132237,1
102174,1,1,0.9999707,1
102175,1,1,0.5874107,1
102176,1,1,1.0,1
102177,0,1,0.9999385,0
102178,0,0,0.15399395,1
102179,1,1,0.8872046,1
102180,0,0,0.10539455,1
102181,1,1,0.5832034,1
102182,0,0,0.09764823,1
102183,1,1,0.8479678,1
102184,1,0,0.020023443,0
102185,1,1,0.999577,1
102186,1,1,0.9999784,1
102187,1,0,0.32028955,0
102188,0,0,0.020547435,1
102189,1,1,0.99889696,1
102190,1,1,1.0,1
102191,0,1,0.9999882,0
102192,1,1,0.89715594,1
102193,1,0,0.32119378,0
102194,0,1,0.9983026,0
102195,1,1,0.99977833,1
102196,1,1,0.91618466,1
102197,1,0,0.0076510315,0
102198,1,0,0.09973295,0
102199,0,1,0.9486801,0
102200,0,0,0.059319146,1
102201,0,0,0.20118472,1
102202,1,0,0.21304952,0
102203,1,1,0.7685595,1
102204,0,1,0.8774768,0
102205,0,0,0.15418488,1
102206,0,0,0.3437271,1
102207,0,1,0.88769233,0
102208,1,1,0.9997154,1
102209,1,1,0.8565725,1
102210,1,1,0.99767226,1
102211,1,1,0.996108,1
102212,1,1,0.9999752,1
102213,1,1,0.9999181,1
102214,0,0,0.039048295,1
102215,1,1,0.943504,1
102216,0,0,0.17575018,1
102217,1,1,0.9698712,1
102218,0,1,0.9998385,0
102219,0,0,0.19406216,1
102220,1,1,1.0,1
102221,0,0,0.0393425,1
102222,0,1,1.0,0
102223,0,0,0.04142348,1
102224,0,0,0.09434341,1
102225,1,1,0.998912,1
102226,0,0,0.060418423,1
102227,0,1,0.98780584,0
102228,1,1,0.9999995,1
102229,0,1,0.9991848,0
102230,1,0,0.19269124,0
102231,0,1,0.9175246,0
102232,1,1,1.0,1
102233,1,1,1.0,1
102234,0,1,0.9896318,0
102235,1,1,0.9885804,1
102236,0,0,0.07765744,1
102237,0,0,0.20354918,1
102238,1,1,0.9643886,1
102239,1,0,0.054148693,0
102240,0,1,0.4099883,0
102241,0,1,0.99492985,0
102242,0,1,0.7778066,0
102243,0,0,0.09790669,1
102244,1,1,0.98549646,1
102245,1,1,1.0,1
102246,1,1,0.9999999,1
102247,1,1,0.9954615,1
102248,1,1,1.0,1
102249,0,1,0.43368167,0
102250,1,1,0.79534036,1
102251,0,0,0.28927132,1
102252,1,1,0.9999677,1
102253,1,1,0.8062431,1
102254,0,1,0.6508557,0
102255,1,0,0.07290027,0
102256,1,1,0.9998233,1
102257,1,1,0.9999999,1
102258,0,0,0.12646116,1
102259,0,0,0.10293422,1
102260,0,1,0.9987478,0
102261,0,1,0.6933173,0
102262,0,0,0.14092635,1
102263,1,1,0.99999785,1
102264,1,1,0.99992716,1
102265,1,1,0.999995,1
102266,1,1,0.99999976,1
102267,0,1,0.9890131,0
102268,1,1,0.9997631,1
102269,0,0,0.099120855,1
102270,1,0,0.14878777,0
102271,1,1,0.97877365,1
102272,0,1,0.9238675,0
102273,1,0,0.049130786,0
102274,0,0,0.051367506,1
102275,0,0,0.014145104,1
102276,0,0,0.09756222,1
102277,1,1,0.9999616,1
102278,1,1,0.8546422,1
102279,0,1,0.5895392,0
102280,1,0,0.30136207,0
102281,0,0,0.21354114,1
102282,1,1,0.9997284,1
102283,1,1,0.754915,1
102284,1,1,1.0,1
102285,1,1,0.89469755,1
102286,0,1,0.48203287,0
102287,1,1,0.908618,1
102288,0,1,0.99956864,0
102289,1,0,0.29209024,0
102290,0,1,0.9982692,0
102291,1,1,0.9992237,1
102292,0,1,0.94407386,0
102293,0,1,0.4216411,0
102294,1,0,0.15726623,0
102295,0,1,0.7602949,0
102296,1,1,1.0,1
102297,0,0,0.114665605,1
102298,0,1,0.99739385,0
102299,1,1,1.0,1
102300,1,1,0.9999534,1
102301,1,0,0.293607,0
102302,0,1,0.7049733,0
102303,1,0,4.917742e-06,0
102304,0,0,0.0048203436,1
102305,1,1,0.928668,1
102306,1,0,0.17924303,0
102307,0,1,0.9973322,0
102308,1,1,0.40474272,1
102309,1,1,1.0,1
102310,1,1,0.9954704,1
102311,1,1,1.0,1
102312,1,0,0.10989669,0
102313,1,1,0.83318895,1
102314,1,1,0.9988575,1
102315,1,1,0.98971164,1
102316,0,1,0.9437118,0
102317,0,0,0.15071502,1
102318,0,0,0.052376077,1
102319,1,1,0.99990976,1
102320,1,1,0.999995,1
102321,0,0,0.08291986,1
102322,0,1,0.9036349,0
102323,0,0,0.029340027,1
102324,0,1,0.8040984,0
102325,1,1,0.99955136,1
102326,1,1,0.9173767,1
102327,1,1,0.996108,1
102328,1,0,0.020725062,0
102329,1,1,0.878627,1
102330,1,1,0.9722835,1
102331,1,1,0.999998,1
102332,1,1,0.9770007,1
102333,0,0,0.05037733,1
102334,1,1,0.9999993,1
102335,1,1,0.87599933,1
102336,0,1,0.5936092,0
102337,0,1,0.47277474,0
102338,1,1,0.9999788,1
102339,1,1,0.99980813,1
102340,1,1,0.9754135,1
102341,0,0,0.28601968,1
102342,1,1,1.0,1
102343,0,0,0.24077459,1
102344,1,1,0.99999964,1
102345,0,0,0.04300264,1
102346,1,1,0.995488,1
102347,1,1,0.9001793,1
102348,1,1,1.0,1
102349,0,0,0.0882686,1
102350,1,0,0.0130707845,0
102351,1,1,0.99989367,1
102352,0,0,0.07323097,1
102353,1,1,0.9952632,1
102354,0,0,0.11526177,1
102355,0,0,0.057440385,1
102356,1,1,0.96631527,1
102357,1,0,0.011136501,0
102358,0,0,0.118385084,1
102359,0,1,0.8843393,0
102360,0,1,0.9248914,0
102361,0,0,0.33350322,1
102362,1,1,0.91949815,1
102363,1,1,0.964355,1
102364,0,0,0.28234458,1
102365,1,1,0.9999982,1
102366,1,1,1.0,1
102367,0,1,0.9576358,0
102368,0,1,0.99998224,0
102369,1,0,0.10347653,0
102370,0,1,0.92475563,0
102371,0,0,0.034553625,1
102372,0,0,0.06935241,1
102373,1,1,0.98389363,1
102374,0,1,0.9996057,0
102375,0,1,0.97280496,0
102376,1,1,1.0,1
102377,0,0,0.0489941,1
102378,0,0,0.2925953,1
102379,1,1,1.0,1
102380,0,1,0.87589324,0
102381,0,0,0.111627996,1
102382,1,1,0.9999999,1
102383,0,0,0.0038693908,1
102384,0,0,0.30471367,1
102385,1,1,0.98056203,1
102386,0,1,0.9987649,0
102387,0,0,0.09721884,1
102388,0,1,0.9998191,0
102389,1,0,0.111724876,0
102390,1,1,1.0,1
102391,0,1,0.39606816,0
102392,0,1,0.6050992,0
102393,1,0,0.08456833,0
102394,0,1,0.97550696,0
102395,0,0,0.23926048,1
102396,0,1,0.4874294,0
102397,1,1,1.0,1
102398,0,1,0.9894091,0
102399,1,1,0.999652,1
102400,1,0,0.0046095722,0
102401,0,0,0.06779314,1
102402,1,1,0.99999464,1
102403,1,1,0.9997478,1
102404,0,0,0.2903768,1
102405,0,1,0.36122105,0
102406,1,1,1.0,1
102407,0,1,0.72898954,0
102408,1,1,0.9999385,1
102409,0,1,0.66415924,0
102410,1,1,1.0,1
102411,0,1,0.51391244,0
102412,1,1,0.99999774,1
102413,1,1,0.99888176,1
102414,0,0,0.02384809,1
102415,1,0,0.31216028,0
102416,0,1,0.63199186,0
102417,0,1,0.9999478,0
102418,1,0,0.077727415,0
102419,1,1,1.0,1
102420,0,0,0.20497774,1
102421,0,1,0.8342719,0
102422,1,0,0.10818896,0
102423,0,0,0.071396716,1
102424,0,0,0.22644132,1
102425,1,1,1.0,1
102426,0,0,0.18315491,1
102427,1,0,0.22609939,0
102428,1,1,0.6122517,1
102429,0,1,0.99989724,0
102430,1,1,1.0,1
102431,1,1,1.0,1
102432,1,1,0.99999976,1
102433,1,1,1.0,1
102434,1,1,1.0,1
102435,1,1,0.99998736,1
102436,0,1,0.79755676,0
102437,0,0,0.2960433,1
102438,0,1,0.47341377,0
102439,1,1,0.99785525,1
102440,1,1,0.9999993,1
102441,1,1,0.99999964,1
102442,1,1,0.78091323,1
102443,0,1,0.8984105,0
102444,0,1,0.7704648,0
102445,1,1,1.0,1
102446,1,1,1.0,1
102447,0,0,0.24598956,1
102448,1,1,0.6005984,1
102449,0,1,0.9216402,0
102450,0,1,0.8694931,0
102451,0,0,0.06841291,1
102452,1,1,0.99999976,1
102453,1,0,0.024940254,0
102454,0,0,0.07800791,1
102455,1,1,0.99999976,1
102456,0,1,0.97029626,0
102457,1,1,0.99965465,1
102458,0,1,0.87310666,0
102459,0,1,0.70247906,0
102460,0,1,0.7889086,0
102461,0,1,0.878627,0
102462,1,1,0.5189728,1
102463,1,1,1.0,1
102464,0,0,0.108377546,1
102465,1,0,0.093016796,0
102466,0,0,0.10257407,1
102467,1,1,0.8964329,1
102468,0,0,0.12064587,1
102469,1,1,0.99997497,1
102470,1,1,0.73573655,1
102471,1,1,0.9997584,1
102472,1,1,0.9944126,1
102473,0,1,0.9999999,0
102474,1,1,1.0,1
102475,0,0,0.0024871177,1
102476,1,1,1.0,1
102477,1,1,1.0,1
102478,0,1,0.9997868,0
102479,0,1,0.99896777,0
102480,0,1,0.3894885,0
102481,1,1,0.5030212,1
102482,1,1,0.966156,1
102483,0,1,0.8183016,0
102484,1,1,0.99990046,1
102485,0,1,0.8349459,0
102486,0,0,0.07107367,1
102487,0,1,0.99999607,0
102488,1,1,0.99999905,1
102489,1,0,0.043731883,0
102490,1,0,0.022053316,0
102491,0,0,0.14535783,1
102492,0,0,0.28567076,1
102493,1,1,0.89606965,1
102494,1,0,0.015814932,0
102495,0,0,0.12147716,1
102496,1,1,0.9999342,1
102497,1,1,0.9999994,1
102498,0,0,0.100967236,1
102499,0,0,0.026480937,1
102500,0,1,1.0,0
102501,1,1,0.99996495,1
102502,1,1,0.9999311,1
102503,0,1,0.3801835,0
102504,0,0,0.14039516,1
102505,1,1,1.0,1
102506,1,1,0.77330196,1
102507,0,0,0.03330537,1
102508,1,1,1.0,1
102509,1,1,0.99920374,1
102510,1,1,0.9818926,1
102511,0,1,0.40792292,0
102512,1,0,0.1765296,0
102513,1,0,0.033336822,0
102514,0,1,0.8406518,0
102515,0,0,0.009727272,1
102516,1,1,1.0,1
102517,1,1,0.8596637,1
102518,1,1,0.99374664,1
102519,1,1,0.99999785,1
102520,1,0,0.057018865,0
102521,0,0,0.029063188,1
102522,0,1,0.9185534,0
102523,0,1,0.99999785,0
102524,1,1,0.99966204,1
102525,1,1,0.9984603,1
102526,0,0,0.06342434,1
102527,1,1,0.9510514,1
102528,0,1,0.8863221,0
102529,1,0,0.048002712,0
102530,0,1,0.9609883,0
102531,0,1,0.99999654,0
102532,1,1,1.0,1
102533,1,1,0.49926758,1
102534,1,0,0.0071352525,0
102535,1,0,0.039268754,0
102536,0,0,0.11308892,1
102537,1,0,0.24274376,0
102538,0,0,0.123365626,1
102539,0,0,0.24328268,1
102540,0,0,0.3283679,1
102541,1,1,0.99895966,1
102542,1,1,0.8795612,1
102543,0,1,0.50109863,0
102544,1,0,0.08277145,0
102545,0,0,0.04659464,1
102546,0,1,0.5687751,0
102547,1,1,0.9999845,1
102548,0,1,0.999824,0
102549,1,1,0.99999654,1
102550,1,1,0.9974738,1
102551,0,1,0.47003716,0
102552,1,0,0.15115306,0
102553,1,1,0.999987,1
102554,1,0,0.21101007,0
102555,1,1,0.9838627,1
102556,1,1,0.9989778,1
102557,1,1,0.99997926,1
102558,1,1,0.6819916,1
102559,0,0,0.017644463,1
102560,1,1,0.9999981,1
102561,1,1,0.99999857,1
102562,0,1,0.37162107,0
102563,0,0,0.02884354,1
102564,1,1,0.9996743,1
102565,0,1,0.98819935,0
102566,0,0,0.11981949,1
102567,0,1,0.959001,0
102568,0,1,0.37416163,0
102569,1,1,0.99588215,1
102570,1,1,0.6558322,1
102571,1,0,0.04689926,0
102572,1,1,1.0,1
102573,1,1,0.9999999,1
102574,1,1,0.99688846,1
102575,1,1,0.9995778,1
102576,1,0,0.1791712,0
102577,0,1,0.9665054,0
102578,0,0,0.2193375,1
102579,1,1,0.87234735,1
102580,1,0,0.22781274,0
102581,1,1,0.99999917,1
102582,1,1,0.9634375,1
102583,1,1,1.0,1
102584,1,1,0.99999917,1
102585,0,0,0.1067837,1
102586,1,1,0.99930537,1
102587,1,1,0.9882902,1
102588,1,1,1.0,1
102589,0,1,0.9756929,0
102590,0,0,0.060086653,1
102591,0,1,0.9999989,0
102592,1,1,0.9875923,1
102593,0,1,0.999984,0
102594,1,0,0.18469396,0
102595,1,0,0.116261385,0
102596,0,0,0.050893724,1
102597,0,0,0.09577148,1
102598,1,1,0.90632194,1
102599,1,0,0.048092045,0
102600,1,1,1.0,1
102601,0,0,0.007831049,1
102602,0,0,0.092196204,1
102603,1,1,0.9999999,1
102604,0,0,0.1256543,1
102605,0,1,0.9999696,0
102606,1,1,1.0,1
102607,0,1,0.63584447,0
102608,0,1,0.7999117,0
102609,1,1,0.99999976,1
102610,1,1,1.0,1
102611,0,0,0.03030055,1
102612,0,1,0.99992573,0
102613,1,1,1.0,1
102614,0,0,0.090896755,1
102615,1,1,0.7474317,1
102616,0,0,0.029647512,1
102617,1,1,0.84632385,1
102618,0,1,0.9563497,0
102619,1,1,0.9987031,1
102620,0,1,0.98125684,0
102621,1,0,0.021307707,0
102622,0,0,0.0029579026,1
102623,0,0,0.10365786,1
102624,1,0,0.068975195,0
102625,0,1,0.9798034,0
102626,0,1,0.99856466,0
102627,0,1,0.9552774,0
102628,0,1,0.81582016,0
102629,1,1,0.9999999,1
102630,0,1,0.9796482,0
102631,1,1,0.9989077,1
102632,0,1,0.39388034,0
102633,0,1,0.9980045,0
102634,1,1,1.0,1
102635,1,1,0.99897385,1
102636,0,1,0.9990564,0
102637,0,1,0.7550956,0
102638,1,0,0.011530388,0
102639,1,0,0.21576357,0
102640,1,1,0.99999213,1
102641,0,1,0.9069832,0
102642,0,0,0.061875977,1
102643,1,1,0.9999871,1
102644,0,1,0.99806577,0
102645,0,0,0.28412887,1
102646,1,1,0.9999335,1
102647,1,1,0.99776125,1
102648,1,1,0.97311324,1
102649,0,0,0.12215622,1
102650,0,0,0.1201288,1
102651,0,0,0.28567076,1
102652,0,1,0.9790157,0
102653,1,1,0.53376204,1
102654,1,1,0.9825575,1
102655,1,0,0.2600135,0
102656,0,0,0.101144664,1
102657,0,0,0.16694687,1
102658,0,1,0.46511415,0
102659,1,1,1.0,1
102660,0,0,0.10123348,1
102661,1,1,0.49371374,1
102662,1,1,0.99999976,1
102663,0,1,0.9999945,0
102664,0,0,0.033117235,1
102665,1,1,1.0,1
102666,1,1,0.9999999,1
102667,1,1,0.9997981,1
102668,1,1,0.5901298,1
102669,1,1,0.99826247,1
102670,0,0,0.33654907,1
102671,0,0,0.22558717,1
102672,0,0,0.039862495,1
102673,1,1,0.9999999,1
102674,1,1,0.37673777,1
102675,1,1,0.9990264,1
102676,1,1,0.96602803,1
102677,1,0,0.05165378,0
102678,1,0,0.068599865,0
102679,1,0,0.16284543,0
102680,0,0,0.35072708,1
102681,0,1,0.751557,0
102682,0,0,0.30373183,1
102683,1,0,0.07885492,0
102684,0,1,0.40612572,0
102685,1,0,0.052862898,0
102686,1,0,0.16721867,0
102687,0,1,0.6661168,0
102688,1,1,0.9999614,1
102689,1,1,0.79438496,1
102690,1,1,0.99953353,1
102691,1,1,0.52201945,1
102692,1,1,0.9999975,1
102693,0,1,0.98801583,0
102694,1,1,1.0,1
102695,1,1,0.9991239,1
102696,1,0,0.14891149,0
102697,1,1,1.0,1
102698,0,1,0.9579516,0
102699,1,1,0.5548323,1
102700,0,1,0.8407826,0
102701,0,1,0.8340017,0
102702,0,0,0.04577727,1
102703,0,0,0.032867983,1
102704,0,0,0.13017482,1
102705,0,1,0.6955966,0
102706,1,1,0.99948967,1
102707,1,1,0.9999933,1
102708,1,1,0.9999069,1
102709,0,0,0.013532148,1
102710,0,1,0.99995935,0
102711,1,1,0.38690823,1
102712,1,1,0.98544043,1
102713,1,1,0.943086,1
102714,0,0,0.17419945,1
102715,1,1,0.6476311,1
102716,1,1,0.35370722,1
102717,1,1,0.9999976,1
102718,1,1,0.93569994,1
102719,1,1,0.87450653,1
102720,1,1,0.9984812,1
102721,1,1,0.9999912,1
102722,0,1,0.6989977,0
102723,0,0,0.10212547,1
102724,1,1,0.6902982,1
102725,0,0,0.00946738,1
102726,1,0,0.16438228,0
102727,1,0,0.052376077,0
102728,1,0,0.093016796,0
102729,0,0,0.12956785,1
102730,0,0,0.2271263,1
102731,0,0,0.19269124,1
102732,1,1,0.99999106,1
102733,1,1,0.9996087,1
102734,0,1,0.9994917,0
102735,0,0,0.0068771075,1
102736,0,0,0.33600417,1
102737,1,1,0.99980897,1
102738,0,1,0.9644556,0
102739,1,1,0.91648406,1
102740,0,0,0.08411581,1
102741,0,0,0.071396716,1
102742,1,1,0.78116375,1
102743,0,0,0.23493281,1
102744,1,1,0.40289125,1
102745,1,1,0.9713201,1
102746,0,0,0.24490437,1
102747,1,0,0.30399004,0
102748,0,0,0.11230769,1
102749,1,1,0.39458,1
102750,1,1,0.99386686,1
102751,1,1,0.9999995,1
102752,1,1,0.9989267,1
102753,1,1,0.99989486,1
102754,0,0,0.056966383,1
102755,0,0,0.2193375,1
102756,1,0,0.093760945,0
102757,0,0,0.3172147,1
102758,0,0,0.05997644,1
102759,1,1,0.9733675,1
102760,0,0,0.12879884,1
102761,1,1,0.99999964,1
102762,1,1,0.9361684,1
102763,1,1,0.99724233,1
102764,0,0,0.14959349,1
102765,1,1,0.5615755,1
102766,1,1,1.0,1
102767,0,0,0.24211602,1
102768,1,0,0.12179017,0
102769,0,0,0.16431522,1
102770,1,1,0.9980882,1
102771,0,0,0.34059486,1
102772,0,1,0.99968255,0
102773,0,0,0.013982613,1
102774,0,1,0.9498557,0
102775,1,1,0.9999969,1
102776,1,1,0.9999995,1
102777,0,0,0.05033063,1
102778,0,0,0.20673384,1
102779,1,1,0.9999999,1
102780,0,1,0.64651597,0
102781,1,1,0.91985875,1
102782,1,1,0.8594279,1
102783,0,0,0.11348131,1
102784,0,1,0.9999964,0
102785,1,1,0.46007663,1
102786,1,1,1.0,1
102787,1,1,0.9998977,1
102788,1,1,0.9999999,1
102789,1,1,0.999985,1
102790,1,1,0.5907792,1
102791,0,0,0.25358367,1
102792,0,1,0.9999671,0
102793,0,0,0.009652304,1
102794,1,1,0.9999999,1
102795,1,1,0.9914391,1
102796,0,1,0.9976949,0
102797,1,1,0.9903476,1
102798,0,0,0.036254164,1
102799,1,1,0.43704244,1
102800,0,1,0.9999976,0
102801,1,1,1.0,1
102802,0,0,0.011115014,1
102803,1,1,1.0,1
102804,1,1,0.99952805,1
102805,1,0,0.1522842,0
102806,1,1,0.965152,1
102807,1,0,0.1092773,0
102808,1,1,1.0,1
102809,1,0,0.029788304,0
102810,0,0,0.20134169,1
102811,1,1,0.9983354,1
102812,1,1,1.0,1
102813,1,1,0.9382939,1
102814,0,1,0.67044646,0
102815,1,0,0.15947905,0
102816,1,1,0.99985516,1
102817,1,1,0.88059187,1
102818,1,1,0.9990601,1
102819,1,1,1.0,1
102820,1,1,0.9996506,1
102821,0,1,0.44260636,0
102822,1,0,0.11586064,0
102823,1,1,0.8993868,1
102824,1,0,0.23274586,0
102825,1,1,0.9997316,1
102826,1,1,0.9999714,1
102827,0,0,0.075721376,1
102828,0,0,0.07913913,1
102829,1,1,0.95873135,1
102830,0,0,0.1648523,1
102831,1,0,0.22160327,0
102832,1,0,0.17511447,0
102833,1,0,0.03274404,0
102834,1,1,0.99999964,1
102835,0,0,0.03739713,1
102836,1,1,0.99998605,1
102837,0,1,0.5801737,0
102838,0,1,0.999905,0
102839,1,1,0.8035595,1
102840,1,1,1.0,1
102841,1,1,0.98184055,1
102842,1,1,0.96021223,1
102843,0,0,0.069541745,1
102844,0,1,0.99999166,0
102845,0,1,0.9999999,0
102846,0,1,0.9798034,0
102847,1,1,0.9809125,1
102848,0,0,0.18579942,1
102849,0,1,0.98961186,0
102850,1,1,0.99866724,1
102851,0,0,0.034880888,1
102852,1,1,0.9999962,1
102853,0,0,0.17009403,1
102854,1,1,0.9999994,1
102855,1,1,1.0,1
102856,1,0,0.21485612,0
102857,0,1,0.39861125,0
102858,0,0,0.021307707,1
102859,0,0,0.16803622,1
102860,0,1,0.99907637,0
102861,0,1,0.99843305,0
102862,1,0,0.25395352,0
102863,0,1,0.9953904,0
102864,1,1,0.8831352,1
102865,1,1,0.8398654,1
102866,1,1,0.81449586,1
102867,1,1,0.77509457,1
102868,0,0,0.11056715,1
102869,1,1,0.9938788,1
102870,1,0,0.13828714,0
102871,1,1,0.9999938,1
102872,1,1,1.0,1
102873,0,0,0.040769264,1
102874,1,1,0.9999162,1
102875,0,0,0.014728614,1
102876,1,1,0.99999726,1
102877,1,1,1.0,1
102878,1,1,0.43788356,1
102879,1,1,0.9999964,1
102880,0,0,0.17931488,1
102881,1,1,1.0,1
102882,0,1,0.7053286,0
102883,1,1,1.0,1
102884,1,1,1.0,1
102885,1,1,1.0,1
102886,0,0,0.13167487,1
102887,1,1,0.9994937,1
102888,0,0,0.05970174,1
102889,1,1,1.0,1
102890,0,0,0.039268754,1
102891,0,0,0.044597577,1
102892,0,1,0.9999974,0
102893,1,1,0.79286546,1
102894,1,1,0.9999999,1
102895,0,0,0.0836655,1
102896,1,1,0.74558365,1
102897,0,1,0.8896248,0
102898,1,1,0.99999964,1
102899,1,0,0.23917161,0
102900,1,0,0.04564947,0
102901,0,1,0.38566384,0
102902,1,1,0.5706903,1
102903,0,0,0.10230471,1
102904,1,1,0.6342602,1
102905,1,1,0.999997,1
102906,1,1,0.99983203,1
102907,1,0,0.21436231,0
102908,1,0,0.29178745,0
102909,0,1,0.99187535,0
102910,1,1,0.9990434,1
102911,1,0,0.055208687,0
102912,0,1,0.94458723,0
102913,1,1,0.99993694,1
102914,1,1,1.0,1
102915,1,1,0.9231778,1
102916,0,0,0.024330191,1
102917,0,0,0.16640429,1
102918,1,1,0.99936134,1
102919,1,1,0.99813604,1
102920,0,0,0.015276946,1
102921,1,1,0.9995461,1
102922,0,1,0.4958497,0
102923,0,0,0.0050899177,1
102924,1,1,0.99978,1
102925,1,1,1.0,1
102926,0,1,0.8100285,0
102927,0,1,0.563438,0
102928,1,1,0.84156543,1
102929,0,1,0.82587075,0
102930,1,1,0.9999995,1
102931,0,1,0.9193534,0
102932,0,0,0.18039528,1
102933,1,1,0.99999857,1
102934,1,1,1.0,1
102935,0,0,0.20236439,1
102936,1,0,0.0011604195,0
102937,1,1,1.0,1
102938,0,0,0.045819946,1
102939,1,1,0.99999976,1
102940,0,0,0.079638734,1
102941,0,0,0.033971995,1
102942,0,0,0.14104463,1
102943,1,1,0.66524744,1
102944,0,1,0.9996526,0
102945,1,1,0.99999976,1
102946,1,1,0.9992735,1
102947,1,1,0.99998724,1
102948,0,1,0.9999999,0
102949,0,1,0.9953725,0
102950,1,1,0.99948967,1
102951,1,0,0.09476145,0
102952,1,1,1.0,1
102953,1,1,0.9184803,1
102954,0,0,0.106411695,1
102955,1,1,0.9886464,1
102956,0,1,0.9999889,0
102957,0,1,0.5312398,0
102958,0,1,0.998698,0
102959,0,1,0.65605253,0
102960,0,1,0.9999255,0
102961,1,1,0.9828562,1
102962,1,1,0.8813088,1
102963,1,0,0.12640727,0
102964,1,1,1.0,1
102965,1,0,0.10150035,0
102966,1,0,0.0145035805,0
102967,0,0,0.02761149,1
102968,1,1,0.9583822,1
102969,0,1,0.9984452,0
102970,1,1,0.9999995,1
102971,1,0,0.19269124,0
102972,1,1,0.7157221,1
102973,0,1,0.9114165,0
102974,1,1,1.0,1
102975,0,0,0.042922337,1
102976,0,1,0.9967077,0
102977,1,0,0.11436852,0
102978,0,0,0.19946387,1
102979,0,0,0.15115306,1
102980,0,1,0.9923044,0
102981,0,1,0.9999831,0
102982,1,1,0.96192914,1
102983,0,1,0.8224745,0
102984,0,1,0.35214606,0
102985,1,1,0.6801886,1
102986,0,1,0.67848676,0
102987,0,0,0.100436606,1
102988,0,0,0.30897155,1
102989,1,0,0.10961043,0
102990,0,0,0.31589425,1
102991,0,0,0.06650853,1
102992,1,1,1.0,1
102993,1,1,0.99999964,1
102994,0,0,0.037082024,1
102995,0,0,0.103295475,1
102996,1,0,0.03861093,0
102997,0,0,0.22422528,1
102998,1,1,0.974018,1
102999,0,0,0.30699432,1
103000,1,1,0.874292,1
103001,1,1,0.9999974,1
103002,0,1,0.9942363,0
103003,1,1,0.99827254,1
103004,0,0,0.34742638,1
103005,1,1,0.99589807,1
103006,0,1,0.7198762,0
103007,0,1,0.79198205,0
103008,1,1,0.9999988,1
103009,1,1,0.999894,1
103010,0,0,0.29472217,1
103011,0,1,0.9879695,0
103012,0,0,0.114665605,1
103013,1,1,0.988514,1
103014,1,1,0.99176437,1
103015,0,0,0.0042069694,1
103016,0,1,0.52427286,0
103017,0,0,0.0060386634,1
103018,0,1,0.56973296,0
103019,1,0,0.04023794,0
103020,0,0,0.05608106,1
103021,1,1,0.47237924,1
103022,1,1,0.99998176,1
103023,0,0,0.1813357,1
103024,1,1,0.8470844,1
103025,0,0,0.10941996,1
103026,1,0,0.29874703,0
103027,1,1,0.37150708,1
103028,0,0,0.16311188,1
103029,1,1,0.98955137,1
103030,1,0,0.17335817,0
103031,1,1,0.9999721,1
103032,1,1,1.0,1
103033,0,1,0.79270506,0
103034,1,0,0.0369428,0
103035,1,1,0.9997826,1
103036,1,1,0.991891,1
103037,0,1,0.858837,0
103038,0,1,1.0,0
103039,0,1,0.9996911,0
103040,1,0,0.13313322,0
103041,0,1,0.98588216,0
103042,0,0,0.013795365,1
103043,1,1,0.9999722,1
103044,1,0,0.1352892,0
103045,0,0,0.11446747,1
103046,1,1,0.71567243,1
103047,0,1,0.76611876,0
103048,0,0,0.07928158,1
103049,0,1,0.60807055,0
103050,0,1,0.5316349,0
103051,0,1,0.9686196,0
103052,1,1,1.0,1
103053,1,1,0.943086,1
103054,0,1,0.997537,0
103055,1,0,0.16132024,0
103056,0,0,0.33198544,1
103057,1,1,0.999944,1
103058,1,1,0.9999951,1
103059,0,0,0.1187934,1
103060,1,0,0.1339241,0
103061,1,1,0.9919848,1
103062,0,1,0.9810037,0
103063,1,1,0.9958175,1
103064,0,0,0.21617696,1
103065,0,0,0.15171777,1
103066,0,1,0.96138906,0
103067,0,1,0.9790558,0
103068,0,1,0.99887305,0
103069,0,1,0.9997868,0
103070,0,1,0.9235233,0
103071,1,1,1.0,1
103072,0,1,0.9888204,0
103073,1,1,0.97555363,1
103074,0,0,0.12776141,1
103075,0,0,0.14288844,1
103076,0,1,0.65118855,0
103077,0,1,0.9674718,0
103078,1,1,1.0,1
103079,0,1,0.8115267,0
103080,1,1,0.9999988,1
103081,1,1,1.0,1
103082,1,1,1.0,1
103083,1,1,0.7220373,1
103084,1,1,0.54782695,1
103085,0,1,0.9981324,0
103086,0,1,0.99999046,0
103087,0,0,0.25432372,1
103088,1,0,0.28368217,0
103089,1,1,0.9991943,1
103090,0,0,0.0030994152,1
103091,1,1,0.47944275,1
103092,0,0,0.033117235,1
103093,1,0,0.052037824,0
103094,1,1,0.99999905,1
103095,1,1,0.9999995,1
103096,0,1,0.5358879,0
103097,1,1,0.99999976,1
103098,0,1,0.99956864,0
103099,0,1,0.4022747,0
103100,0,1,0.6608841,0
103101,0,0,0.30233958,1
103102,1,1,0.5821941,1
103103,0,1,0.98238933,0
103104,0,0,0.34323165,1
103105,1,1,0.9999734,1
103106,1,1,0.9999999,1
103107,1,1,1.0,1
103108,1,1,0.9693242,1
103109,0,0,0.010570489,1
103110,1,1,0.99736834,1
103111,1,1,0.99983,1
103112,1,1,0.8040984,1
103113,1,1,0.9932681,1
103114,0,1,0.9509604,0
103115,0,1,0.9336126,0
103116,1,0,0.32156652,0
103117,1,1,1.0,1
103118,1,1,0.99842995,1
103119,0,1,0.99994504,0
103120,1,1,0.99956006,1
103121,0,1,0.9834387,0
103122,1,1,1.0,1
103123,1,1,1.0,1
103124,0,0,0.18111832,1
103125,0,0,0.2654042,1
103126,0,1,0.9343353,0
103127,1,0,0.3386237,0
103128,1,1,0.9997918,1
103129,1,1,1.0,1
103130,0,1,1.0,0
103131,0,1,0.6853707,0
103132,1,1,0.99998677,1
103133,1,1,1.0,1
103134,1,1,0.51092356,1
103135,1,1,0.9981614,1
103136,1,1,0.99998,1
103137,1,1,0.9971607,1
103138,1,1,0.9998691,1
103139,1,1,0.9998702,1
103140,0,1,0.99992216,0
103141,0,0,0.18300883,1
103142,1,1,0.9769568,1
103143,0,1,0.9980122,0
103144,1,1,1.0,1
103145,0,1,0.79350626,0
103146,0,0,0.054399315,1
103147,0,0,0.25302953,1
103148,0,0,0.091625646,1
103149,1,0,1.1982739e-05,0
103150,0,1,0.9998233,0
103151,0,1,0.66925865,0
103152,1,0,0.015130728,0
103153,0,0,0.0072608665,1
103154,0,0,0.0238936,1
103155,1,0,0.051941562,0
103156,0,0,0.17731173,1
103157,0,0,0.050004896,1
103158,1,1,0.97583157,1
103159,0,1,0.9723885,0
103160,1,1,0.9999999,1
103161,1,1,1.0,1
103162,1,1,1.0,1
103163,0,0,0.03893851,1
103164,1,1,0.9975032,1
103165,1,0,0.26588044,0
103166,1,1,0.9994568,1
103167,0,1,1.0,0
103168,1,0,0.027169233,0
103169,1,0,0.068537496,0
103170,0,1,0.62926215,0
103171,1,1,0.689776,1
103172,0,1,0.6132945,0
103173,1,1,0.9999999,1
103174,0,0,0.13307686,1
103175,1,1,1.0,1
103176,1,0,0.060418423,0
103177,0,0,0.02215887,1
103178,1,1,1.0,1
103179,0,1,0.99813604,0
103180,0,1,0.9941233,0
103181,1,1,0.98761624,1
103182,1,0,0.17133832,0
103183,1,1,0.9999994,1
103184,0,0,0.020332353,1
103185,0,0,0.16566059,1
103186,0,0,0.011552671,1
103187,1,1,0.999972,1
103188,1,1,0.411436,1
103189,0,1,0.9999995,0
103190,0,0,0.3280987,1
103191,1,1,0.9999999,1
103192,1,1,0.99967754,1
103193,0,1,0.68810177,0
103194,1,1,1.0,1
103195,0,0,0.063540444,1
103196,0,1,0.8451773,0
103197,1,1,0.9989454,1
103198,1,1,0.7662499,1
103199,1,1,0.9996686,1
103200,1,1,1.0,1
103201,0,1,0.4002218,0
103202,0,0,0.245085,1
103203,1,1,0.47350508,1
103204,1,1,0.9981933,1
103205,1,1,1.0,1
103206,0,1,0.4534736,0
103207,1,1,0.9456007,1
103208,0,1,0.9674718,0
103209,1,1,0.97887486,1
103210,0,1,0.91700584,0
103211,1,1,0.9897315,1
103212,1,0,0.17168525,0
103213,1,1,0.99999857,1
103214,0,1,0.9998697,0
103215,0,0,0.0127472645,1
103216,1,1,1.0,1
103217,1,0,0.041930523,0
103218,0,0,0.16525607,1
103219,1,0,0.12689333,0
103220,1,1,1.0,1
103221,1,0,0.27231473,0
103222,0,0,0.07517641,1
103223,1,0,0.28671816,0
103224,1,1,0.9659639,1
103225,1,0,0.16762705,0
103226,1,1,0.99939644,1
103227,1,1,0.99999917,1
103228,0,1,0.4337116,0
103229,0,1,0.49227968,0
103230,1,1,1.0,1
103231,0,0,0.009727272,1
103232,1,1,0.99990606,1
103233,0,1,0.99911696,0
103234,1,1,0.9309621,1
103235,0,0,0.20142023,1
103236,1,0,0.09990845,0
103237,0,0,0.1987631,1
103238,1,1,0.9590777,1
103239,1,1,0.9843062,1
103240,1,1,0.9994504,1
103241,1,1,0.99999964,1
103242,0,0,0.16599831,1
103243,1,1,0.9876401,1
103244,0,1,0.9716448,0
103245,0,0,0.02748069,1
103246,0,0,0.28567076,1
103247,1,1,0.9996941,1
103248,1,1,1.0,1
103249,0,1,0.6489671,0
103250,1,1,0.99999964,1
103251,0,0,0.010550081,1
103252,1,1,1.0,1
103253,0,1,0.9966234,0
103254,1,1,0.99709344,1
103255,0,0,0.14596547,1
103256,1,1,0.9999379,1
103257,1,1,0.99999774,1
103258,1,1,1.0,1
103259,0,1,0.9965837,0
103260,1,1,0.42173043,1
103261,1,1,0.9190633,1
103262,1,1,0.996183,1
103263,0,1,0.57439476,0
103264,0,0,0.041191436,1
103265,0,0,0.057229258,1
103266,1,0,0.024774551,0
103267,0,0,0.12554705,1
103268,1,1,0.9999976,1
103269,1,1,0.99764496,1
103270,0,1,0.46711907,0
103271,1,0,0.15804437,0
103272,0,1,0.9846347,0
103273,0,1,0.99492985,0
103274,1,1,0.999997,1
103275,0,1,0.99994993,0
103276,0,1,0.9969897,0
103277,1,1,0.99932146,1
103278,0,0,0.3416374,1
103279,0,0,0.025687134,1
103280,0,0,0.23988315,1
103281,0,0,0.1138749,1
103282,0,0,0.34742638,1
103283,0,0,0.108471945,1
103284,0,1,0.49957275,0
103285,1,1,0.36766753,1
103286,1,0,0.08670936,0
103287,1,1,0.99917847,1
103288,0,1,0.96560895,0
103289,0,0,0.13922074,1
103290,0,1,0.9974738,0
103291,0,0,0.10818896,1
103292,1,1,0.9877351,1
103293,1,1,1.0,1
103294,1,1,0.55814636,1
103295,0,1,0.99957615,0
103296,1,1,0.99858415,1
103297,0,1,0.9333701,0
103298,0,0,0.22850062,1
103299,1,1,1.0,1
103300,1,1,1.0,1
103301,0,0,0.1154611,1
103302,0,1,0.99997497,0
103303,0,1,0.99999654,0
103304,0,1,0.99997854,0
103305,0,0,0.062273983,1
103306,1,1,0.72066325,1
103307,1,0,0.00552265,0
103308,0,1,1.0,0
103309,0,0,0.10604083,1
103310,1,1,0.9990283,1
103311,1,1,0.99817204,1
103312,0,1,0.51878995,0
103313,1,0,0.20181322,0
103314,0,0,0.14669742,1
103315,1,1,0.9999968,1
103316,0,0,0.21858597,1
103317,1,0,0.25155574,0
103318,1,1,0.8502201,1
103319,0,1,0.92886186,0
103320,1,0,0.04115289,0
103321,1,1,0.99998856,1
103322,1,1,1.0,1
103323,1,1,0.7839885,1
103324,1,1,0.9999621,1
103325,0,1,0.9674411,0
103326,1,1,0.99999344,1
103327,1,0,0.078078166,0
103328,1,1,0.9999958,1
103329,1,1,0.9982248,1
103330,0,1,0.85403454,0
103331,0,0,0.23660442,1
103332,1,1,0.99999774,1
103333,0,0,0.12901814,1
103334,0,0,0.28922108,1
103335,0,1,0.52201945,0
103336,0,1,0.90414387,0
103337,1,1,0.7669051,1
103338,0,0,0.14984211,1
103339,0,0,0.05266766,1
103340,0,1,0.9623913,0
103341,1,1,0.9983991,1
103342,0,0,0.074164286,1
103343,0,1,0.9989637,0
103344,0,1,0.9991117,0
103345,0,1,0.9991672,0
103346,1,1,0.9999999,1
103347,0,1,0.9510514,0
103348,1,1,0.99983776,1
103349,0,0,0.032405518,1
103350,1,1,0.9906419,1
103351,1,1,0.99788433,1
103352,1,1,0.41022456,1
103353,1,1,0.99440175,1
103354,1,1,0.86223567,1
103355,1,1,0.49761966,1
103356,0,0,0.0008056567,1
103357,0,0,0.23988315,1
103358,1,1,1.0,1
103359,1,1,0.9999802,1
103360,0,1,0.36001077,0
103361,1,1,0.999979,1
103362,1,1,0.9625677,1
103363,0,0,0.1813357,1
103364,1,1,0.7010484,1
103365,1,1,0.89552265,1
103366,1,1,1.0,1
103367,0,1,0.6672019,0
103368,0,1,0.93195957,0
103369,0,0,0.17462131,1
103370,1,1,0.9998036,1
103371,0,0,0.021553464,1
103372,1,1,0.8053262,1
103373,0,0,0.22764099,1
103374,0,1,0.99942183,0
103375,0,0,0.08079154,1
103376,0,0,0.09756222,1
103377,1,1,0.9999931,1
103378,1,1,1.0,1
103379,1,1,0.9997868,1
103380,1,0,0.023939194,0
103381,0,0,0.045521997,1
103382,0,0,0.12814279,1
103383,1,0,0.06669065,0
103384,1,1,0.8433798,1
103385,0,0,0.17895591,1
103386,1,0,0.1694746,0
103387,1,1,0.9999789,1
103388,0,1,0.96644217,0
103389,1,1,0.99999535,1
103390,1,1,0.99999356,1
103391,0,0,0.1464531,1
103392,1,1,0.48593512,1
103393,1,0,0.050190784,0
103394,1,1,0.99999726,1
103395,1,1,1.0,1
103396,0,1,0.67217034,0
103397,1,0,0.30378342,0
103398,0,0,0.011353655,1
103399,1,0,0.16424818,0
103400,1,1,0.99998474,1
103401,1,0,0.23917161,0
103402,1,1,0.98020524,1
103403,0,0,0.22575781,1
103404,1,1,0.9998029,1
103405,1,1,0.9999925,1
103406,1,1,1.0,1
103407,0,1,0.98122096,0
103408,0,0,0.13279545,1
103409,1,1,0.99999213,1
103410,1,1,0.6555014,1
103411,1,1,1.0,1
103412,1,0,0.09097748,0
103413,1,1,0.91648406,1
103414,1,1,0.8134608,1
103415,1,0,0.3501991,0
103416,1,1,1.0,1
103417,0,0,0.0169963,1
103418,1,1,0.9999999,1
103419,1,1,0.9205043,1
103420,1,1,0.9933717,1
103421,1,0,0.058938842,0
103422,0,1,0.99999475,0
103423,1,1,0.99959713,1
103424,0,0,0.26879746,1
103425,0,0,0.35058814,1
103426,1,1,0.94980925,1
103427,0,1,0.5880022,0
103428,1,1,1.0,1
103429,1,1,0.9885361,1
103430,0,0,0.06841291,1
103431,0,1,0.97546023,0
103432,0,0,0.07382971,1
103433,0,0,0.02884354,1
103434,0,0,0.052376077,1
103435,0,0,0.22884513,1
103436,0,1,0.84260434,0
103437,0,0,0.1655931,1
103438,1,1,0.99999774,1
103439,0,1,0.9155828,0
103440,0,0,0.057334732,1
103441,0,1,0.9873018,0
103442,0,0,0.04410091,1
103443,0,0,0.34114337,1
103444,0,1,0.6802948,0
103445,1,1,0.5089102,1
103446,1,1,0.9999739,1
103447,0,1,0.9838627,0
103448,1,1,0.9988028,1
103449,0,1,0.9998822,0
103450,1,1,0.99980515,1
103451,1,1,1.0,1
103452,0,0,0.058776554,1
103453,1,1,1.0,1
103454,1,1,0.42685908,1
103455,1,1,1.0,1
103456,1,0,0.15090261,0
103457,0,0,0.028625505,1
103458,1,1,0.91482496,1
103459,0,0,0.15578353,1
103460,1,1,1.0,1
103461,1,1,0.99997556,1
103462,0,1,0.7185944,0
103463,1,1,0.99864095,1
103464,0,1,0.6983809,0
103465,1,1,1.0,1
103466,1,1,0.9964551,1
103467,1,1,0.99998736,1
103468,0,0,0.039787814,1
103469,0,0,0.20063598,1
103470,1,1,0.7384334,1
103471,1,0,0.07030384,0
103472,1,0,0.020468965,0
103473,1,1,0.99856466,1
103474,0,1,0.852813,0
103475,1,1,0.99999785,1
103476,1,0,0.025711589,0
103477,1,1,0.9992099,1
103478,1,1,1.0,1
103479,0,1,0.9998293,0
103480,0,0,0.01665704,1
103481,0,1,0.90747637,0
103482,1,1,0.49221867,1
103483,0,1,0.90747637,0
103484,0,1,0.99949265,0
103485,1,1,0.9728308,1
103486,1,1,0.99372226,1
103487,1,1,0.9999924,1
103488,1,1,0.99999595,1
103489,1,1,0.9999988,1
103490,0,1,0.7348337,0
103491,0,1,0.8388118,0
103492,0,0,0.020196635,1
103493,1,1,0.48669747,1
103494,1,1,1.0,1
103495,0,0,0.21011725,1
103496,1,1,1.0,1
103497,0,1,0.9999826,0
103498,1,1,1.0,1
103499,0,1,0.99190676,0
103500,0,0,0.1606607,1
103501,0,0,0.079853736,1
103502,1,0,0.03155902,0
103503,1,1,0.7547343,1
103504,1,1,0.99566,1
103505,1,1,0.99998486,1
103506,0,1,1.0,0
103507,1,1,0.92379886,1
103508,1,0,0.34598866,0
103509,1,0,0.045099564,0
103510,0,0,0.12458531,1
103511,0,0,0.007968815,1
103512,1,1,0.99999726,1
103513,1,1,0.9999994,1
103514,1,1,0.58130306,1
103515,1,1,0.59455127,1
103516,1,1,1.0,1
103517,0,1,0.9707155,0
103518,0,0,0.09285216,1
103519,0,0,0.096705794,1
103520,0,0,0.010611421,1
103521,1,0,0.11230769,0
103522,0,0,0.06447655,1
103523,1,1,0.9971384,1
103524,1,1,0.9999783,1
103525,0,0,0.2737685,1
103526,1,1,0.99999964,1
103527,1,1,0.9985952,1
103528,0,1,0.8472108,0
103529,1,1,0.99999547,1
103530,1,1,1.0,1
103531,1,0,2.0224537e-05,0
103532,1,1,0.99865156,1
103533,0,1,0.8010035,0
103534,0,1,0.9841241,0
103535,1,1,0.49987793,1
103536,0,1,0.97673583,0
103537,1,1,0.9999987,1
103538,1,1,0.99972945,1
103539,1,1,0.9981541,1
103540,0,0,0.05597775,1
103541,0,0,0.26549944,1
103542,0,0,0.21717146,1
103543,1,0,0.093512304,0
103544,1,1,0.99924314,1
103545,1,1,1.0,1
103546,0,0,0.3346438,1
103547,1,1,0.9999839,1
103548,0,1,0.97601515,0
103549,0,0,0.22210902,1
103550,0,1,0.99960107,0
103551,1,1,0.9998795,1
103552,1,1,0.9223426,1
103553,0,1,0.71273226,0
103554,1,0,0.29900283,0
103555,1,1,1.0,1
103556,0,0,0.07758752,1
103557,1,1,0.99990654,1
103558,1,1,1.0,1
103559,1,1,0.9999249,1
103560,0,1,0.9702116,0
103561,0,0,0.19444428,1
103562,1,1,1.0,1
103563,1,0,0.06602512,0
103564,0,0,0.20577459,1
103565,1,0,0.07585818,0
103566,0,1,0.4248295,0
103567,1,1,0.9999957,1
103568,0,0,0.09268777,1
103569,0,0,0.07999737,1
103570,0,0,0.20521656,1
103571,1,1,0.5926666,1
103572,1,1,0.59166425,1
103573,0,1,0.99999464,0
103574,0,0,0.21783629,1
103575,0,0,0.073963374,1
103576,1,1,0.8727817,1
103577,1,1,1.0,1
103578,1,1,1.0,1
103579,1,1,1.0,1
103580,1,1,0.96777767,1
103581,0,0,0.05122493,1
103582,0,0,0.005730246,1
103583,0,1,0.40901423,0
103584,1,1,0.9957848,1
103585,0,0,0.018797072,1
103586,0,0,0.310224,1
103587,1,1,0.9753666,1
103588,0,1,0.88353777,0
103589,1,1,0.9999442,1
103590,1,1,0.9689738,1
103591,0,0,0.08262328,1
103592,0,0,0.048092045,1
103593,0,1,0.9995372,0
103594,1,0,0.093760945,0
103595,1,1,0.99984586,1
103596,0,1,0.92736334,0
103597,1,0,0.011961098,0
103598,1,1,0.42841277,1
103599,1,1,0.4967957,1
103600,1,1,0.9951041,1
103601,0,1,0.9995802,0
103602,1,0,0.22042635,0
103603,0,0,0.21011725,1
103604,1,1,0.7272496,1
103605,1,1,0.9992944,1
103606,1,1,0.9985562,1
103607,1,1,0.78727776,1
103608,0,0,0.026912306,1
103609,1,1,0.9999989,1
103610,0,1,0.9300146,0
103611,1,1,0.99225944,1
103612,0,1,0.9858957,0
103613,1,1,0.99998486,1
103614,0,0,0.23678085,1
103615,0,1,0.5176318,0
103616,0,1,0.9999901,0
103617,1,1,0.9995408,1
103618,1,1,0.9930559,1
103619,1,1,0.9998952,1
103620,1,1,0.99922216,1
103621,1,1,0.9986904,1
103622,0,0,0.047958106,1
103623,1,0,0.2708658,0
103624,1,1,0.95226437,1
103625,1,1,1.0,1
103626,0,1,0.9999826,0
103627,1,1,0.6785932,1
103628,1,1,0.9999907,1
103629,1,1,1.0,1
103630,1,1,0.9999877,1
103631,1,1,0.9585377,1
103632,0,1,0.99999523,0
103633,0,0,0.15616924,1
103634,1,0,0.008779109,0
103635,1,1,0.879043,1
103636,1,1,0.9999969,1
103637,0,1,0.9026096,0
103638,1,1,0.44028875,1
103639,0,0,0.10212547,1
103640,0,0,0.12326005,1
103641,0,0,0.08028533,1
103642,1,1,0.9999795,1
103643,0,0,0.002673006,1
103644,0,1,0.41584742,0
103645,1,1,0.9964204,1
103646,1,1,0.9999187,1
103647,0,0,0.13506088,1
103648,1,1,0.96829146,1
103649,1,1,1.0,1
103650,1,1,0.36060163,1
103651,1,1,0.99999464,1
103652,0,1,0.8952483,0
103653,0,0,0.017951746,1
103654,1,1,0.99674594,1
103655,1,0,0.31278965,0
103656,1,0,0.051558185,0
103657,1,0,0.3205022,0
103658,0,0,0.052911807,1
103659,1,1,0.99749833,1
103660,1,1,0.38653186,1
103661,1,1,1.0,1
103662,1,0,0.23353149,0
103663,1,1,0.99338466,1
103664,0,0,0.20212801,1
103665,1,1,1.0,1
103666,1,1,1.0,1
103667,0,0,0.049222115,1
103668,0,1,0.9994461,0
103669,0,0,0.008813166,1
103670,0,0,0.31462938,1
103671,0,0,0.08064662,1
103672,0,0,0.001006378,1
103673,1,1,0.99545276,1
103674,1,1,0.6729231,1
103675,0,1,0.98792297,0
103676,0,1,0.8729984,0
103677,0,1,0.35919553,0
103678,0,1,0.57540905,0
103679,0,1,0.6313102,0
103680,0,0,0.009125638,1
103681,0,1,0.42685908,0
103682,0,0,0.11056715,1
103683,0,0,0.06638737,1
103684,1,1,0.9994937,1
103685,1,1,0.999997,1
103686,0,0,0.08953418,1
103687,0,1,0.9999745,0
103688,0,0,0.35036582,1
103689,1,0,0.11930549,0
103690,1,0,0.032009803,0
103691,1,1,0.5974318,1
103692,0,0,0.07113817,1
103693,1,1,0.99997723,1
103694,1,1,0.9263037,1
103695,1,1,0.99997604,1
103696,1,0,0.055874642,0
103697,0,0,0.117774926,1
103698,1,1,0.9985421,1
103699,0,0,0.19208428,1
103700,0,0,0.2875177,1
103701,0,0,0.037186775,1
103702,0,0,0.027246773,1
103703,0,0,0.15928277,1
103704,1,1,0.98752034,1
103705,0,1,0.9996886,0
103706,0,0,0.24059613,1
103707,1,1,0.9803562,1
103708,0,1,0.9999763,0
103709,0,0,0.28066567,1
103710,1,1,0.84859616,1
103711,1,1,0.97346866,1
103712,0,0,0.22772686,1
103713,1,1,0.99564314,1
103714,0,0,0.043325305,1
103715,1,1,0.72496766,1
103716,1,1,0.9903476,1
103717,0,1,0.8929365,0
103718,0,1,0.8518296,0
103719,1,0,0.23493281,0
103720,1,0,0.29512835,0
103721,0,0,0.0016842226,1
103722,0,1,0.6667681,0
103723,1,1,1.0,1
103724,1,1,0.5601925,1
103725,1,1,1.0,1
103726,1,0,0.2549725,0
103727,1,1,1.0,1
103728,0,0,0.03897507,1
103729,0,1,0.96606,0
103730,1,1,0.9999933,1
103731,1,1,0.9961755,1
103732,1,1,0.9582261,1
103733,1,1,0.60830325,1
103734,0,1,0.9875444,0
103735,0,1,0.85669243,0
103736,1,0,0.09518112,0
103737,1,1,0.72311395,1
103738,1,1,1.0,1
103739,1,0,0.1742697,0
103740,1,1,0.9470392,1
103741,1,0,0.16674323,0
103742,0,1,0.99944395,0
103743,0,0,0.024680348,1
103744,1,0,0.10771874,0
103745,1,0,0.050190784,0
103746,1,0,0.07928158,0
103747,0,0,0.032191858,1
103748,0,0,0.06985836,1
103749,1,1,0.99971205,1
103750,1,0,0.19744445,0
103751,1,1,0.9673795,1
103752,0,0,0.23651622,1
103753,1,0,0.059921406,0
103754,1,0,0.024727408,0
103755,1,1,1.0,1
103756,0,0,0.16871993,1
103757,1,1,1.0,1
103758,1,1,0.9999809,1
103759,1,1,0.9975321,1
103760,1,1,0.999892,1
103761,1,1,0.99776125,1
103762,1,1,0.99999964,1
103763,1,1,0.3996359,1
103764,1,1,0.9999819,1
103765,0,0,0.06424133,1
103766,0,0,0.020023443,1
103767,1,1,0.9231778,1
103768,0,1,0.9867517,0
103769,0,0,0.07349652,1
103770,0,1,0.52238494,0
103771,1,1,0.99951124,1
103772,0,0,0.18155324,1
103773,1,1,1.0,1
103774,1,0,0.05404875,0
103775,1,0,0.10150035,0
103776,1,1,0.88038635,1
103777,1,0,0.05899303,0
103778,1,1,0.9999994,1
103779,0,1,0.96989965,0
103780,1,1,0.94287604,1
103781,0,0,0.19012183,1
103782,0,1,0.86601925,0
103783,0,1,0.87514824,0
103784,0,0,0.13817081,1
103785,0,0,0.017712299,1
103786,1,1,0.5271644,1
103787,1,1,0.9933975,1
103788,0,0,0.041075893,1
103789,0,0,0.20737517,1
103790,1,0,0.020042615,0
103791,0,1,0.5939626,0
103792,1,1,0.99999976,1
103793,0,0,0.049313605,1
103794,1,0,0.10167862,0
103795,0,0,0.06872476,1
103796,0,0,0.022846196,1
103797,1,0,0.093595125,0
103798,0,0,0.1447523,1
103799,1,1,0.95683634,1
103800,0,1,0.99998534,0
103801,1,1,0.98735064,1
103802,1,1,0.57648236,1
103803,0,1,0.6883113,0
103804,0,0,0.06638737,1
103805,1,1,0.9745077,1
103806,1,0,0.2769838,0
103807,1,1,0.9836285,1
103808,1,1,0.93220687,1
103809,1,1,0.99994266,1
103810,0,1,0.99999726,0
103811,1,1,0.9339146,1
103812,0,0,0.06847518,1
103813,1,1,0.8705973,1
103814,1,1,1.0,1
103815,1,0,0.24853417,0
103816,1,1,0.99988675,1
103817,0,0,0.13678125,1
103818,0,1,0.50268555,0
103819,0,1,0.49331704,0
103820,0,1,0.77089626,0
103821,0,1,0.9554855,0
103822,1,1,0.9999831,1
103823,0,1,0.9916358,0
103824,0,1,0.9770445,0
103825,1,1,0.99999523,1
103826,0,0,0.13782232,1
103827,1,1,1.0,1
103828,0,0,0.04977345,1
103829,1,1,0.99884856,1
103830,1,1,1.0,1
103831,0,0,0.19605544,1
103832,1,1,1.0,1
103833,0,1,0.8987666,0
103834,1,1,0.9999994,1
103835,1,0,0.031232351,0
103836,0,0,0.07191642,1
103837,0,1,0.5616957,0
103838,1,1,0.9930962,1
103839,1,1,1.0,1
103840,0,0,0.25293726,1
103841,1,1,1.0,1
103842,1,1,0.9428234,1
103843,1,1,0.9999974,1
103844,1,1,1.0,1
103845,0,1,0.47134495,0
103846,1,0,0.21485612,0
103847,0,0,0.15077755,1
103848,0,1,0.9999521,0
103849,0,1,0.80363655,0
103850,0,0,0.19064869,1
103851,1,0,0.25982565,0
103852,0,0,0.031232351,1
103853,0,1,0.39776295,0
103854,0,0,0.034068275,1
103855,0,0,0.10123348,1
103856,0,1,0.43998796,0
103857,1,1,0.4302371,1
103858,0,1,0.62789416,0
103859,1,0,0.20489818,0
103860,0,1,0.6734602,0
103861,1,1,0.7627777,1
103862,1,1,0.4661165,1
103863,1,0,0.11904921,0
103864,0,0,0.092196204,1
103865,1,1,1.0,1
103866,0,0,0.2548797,1
103867,0,0,0.007331598,1
103868,1,1,1.0,1
103869,0,0,0.07992553,1
103870,1,1,1.0,1
103871,0,0,0.21027938,1
103872,0,1,0.90590656,0
103873,0,0,0.070880495,1
103874,1,1,0.7214489,1
103875,1,0,0.12890846,0
103876,0,1,0.9999689,0
103877,0,0,0.11636177,1
103878,0,0,0.13817081,1
103879,1,1,0.9866491,1
103880,0,1,0.9716448,0
103881,1,0,0.11981949,0
103882,1,1,0.86188734,1
103883,1,1,0.99696034,1
103884,0,0,0.10475175,1
103885,0,0,0.005899603,1
103886,0,0,0.083740406,1
103887,1,1,0.44131178,1
103888,0,1,0.99644804,0
103889,1,1,1.0,1
103890,0,1,0.9999894,0
103891,1,1,1.0,1
103892,1,1,0.9999194,1
103893,1,1,0.9845458,1
103894,1,0,0.3137876,0
103895,0,0,0.17667161,1
103896,1,1,0.967132,1
103897,0,1,0.99758923,0
103898,1,0,0.10539455,0
103899,0,0,0.02873432,1
103900,1,1,0.99980134,1
103901,0,0,0.035078675,1
103902,1,1,0.9999993,1
103903,1,1,0.9999918,1
103904,0,1,0.99964654,0
103905,1,1,0.9810037,1
103906,1,1,0.9999975,1
103907,1,1,0.9999789,1
103908,1,1,0.99919754,1
103909,1,1,0.59425694,1
103910,0,1,0.5184852,0
103911,1,1,0.9999951,1
103912,1,1,0.9954261,1
103913,0,1,0.9992592,0
103914,1,0,0.01712732,0
103915,1,1,0.99857306,1
103916,1,1,0.9999999,1
103917,1,1,0.99999297,1
103918,1,1,0.9999784,1
103919,1,1,0.44782245,1
103920,0,0,0.0279544,1
103921,1,0,0.22516096,0
103922,1,1,1.0,1
103923,1,1,0.99933976,1
103924,1,1,0.5549529,1
103925,1,1,0.9794133,1
103926,1,1,0.92788786,1
103927,1,0,0.0021322616,0
103928,0,0,0.02532306,1
103929,1,1,0.99974877,1
103930,0,1,0.98752034,0
103931,1,1,0.9989536,1
103932,1,1,0.54474086,1
103933,0,1,0.99411184,0
103934,1,0,0.06278921,0
103935,0,0,0.032283258,1
103936,1,1,0.99999046,1
103937,1,1,1.0,1
103938,0,1,0.9998529,0
103939,1,1,0.9804314,1
103940,1,1,0.99950445,1
103941,1,0,0.26874945,0
103942,1,1,0.99987173,1
103943,1,0,0.1193568,0
103944,1,0,0.2694217,0
103945,0,1,0.98977125,0
103946,0,1,0.4931645,0
103947,0,1,0.9049869,0
103948,0,0,0.09401018,1
103949,0,0,0.06884988,1
103950,0,1,0.99999225,0
103951,1,1,0.93686515,1
103952,1,1,0.9781563,1
103953,1,1,0.90540594,1
103954,1,0,0.049267832,0
103955,1,1,0.9999162,1
103956,0,1,0.9999664,0
103957,1,1,0.9999969,1
103958,1,1,0.9999627,1
103959,0,1,0.39158043,0
103960,1,1,0.9999914,1
103961,0,1,0.999949,0
103962,1,1,0.99922824,1
103963,1,1,0.7313465,1
103964,1,1,0.996597,1
103965,0,0,0.12304914,1
103966,1,1,0.99997604,1
103967,0,0,0.14021848,1
103968,0,1,0.98607117,0
103969,1,1,0.99996436,1
103970,0,1,0.99995804,0
103971,0,0,0.1625129,1
103972,0,0,0.10266401,1
103973,1,1,0.9999995,1
103974,0,1,1.0,0
103975,1,1,0.9999995,1
103976,0,1,0.9576754,0
103977,0,0,0.09747628,1
103978,1,1,0.99901307,1
103979,1,1,0.99459416,1
103980,1,1,0.99999845,1
103981,1,1,1.0,1
103982,0,1,0.37107965,0
103983,1,1,0.39855275,1
103984,0,1,0.99855906,0
103985,0,1,0.8891444,0
103986,0,1,0.9626028,0
103987,0,0,0.11027936,1
103988,1,1,0.81167597,1
103989,1,0,0.23792991,0
103990,1,1,0.9923934,1
103991,0,0,0.04115289,1
103992,1,0,0.00073936104,0
103993,1,1,0.99916553,1
103994,1,1,0.9999975,1
103995,0,1,0.5622366,0
103996,0,0,0.1653908,1
103997,1,1,1.0,1
103998,0,1,0.9982317,0
103999,1,1,1.0,1
104000,1,1,1.0,1
104001,0,1,0.384161,0
104002,0,0,0.0570714,1
104003,0,1,0.9219218,0
104004,0,0,0.17356819,1
104005,1,1,0.99999976,1
104006,1,0,0.077447854,0
104007,0,1,0.6232622,0
104008,0,1,0.9677472,0
104009,0,0,0.12918286,1
104010,0,0,0.17724052,1
104011,1,1,0.9729081,1
104012,0,0,0.085403666,1
104013,0,0,0.25312182,1
104014,0,1,0.50061035,0
104015,1,1,0.9997613,1
104016,1,1,0.71735847,1
104017,0,0,0.09342957,1
104018,1,0,0.21060391,0
104019,0,0,0.023870833,1
104020,1,1,0.99517965,1
104021,0,0,0.3304172,1
104022,1,1,0.99989235,1
104023,1,0,0.090253234,0
104024,0,1,0.8269914,0
104025,0,0,0.21092878,1
104026,0,1,0.99986553,0
104027,0,0,0.06359858,1
104028,1,0,0.106597565,0
104029,1,1,0.9999927,1
104030,0,0,0.077447854,1
104031,0,1,0.6853707,0
104032,1,0,0.0014721894,0
104033,0,1,0.99866986,0
104034,1,1,0.8827315,1
104035,1,1,0.5148272,1
104036,1,1,0.9168571,1
104037,1,1,0.98920244,1
104038,0,0,0.024798159,1
104039,0,1,0.99999344,0
104040,1,1,0.9741658,1
104041,1,0,0.28616926,0
104042,1,1,1.0,1
104043,1,0,0.13695431,0
104044,1,1,0.35812852,1
104045,1,0,0.27207288,0
104046,1,1,0.99998915,1
104047,1,1,0.99738365,1
104048,1,1,0.9999969,1
104049,1,1,0.9905509,1
104050,1,1,0.9999999,1
104051,0,0,0.30819023,1
104052,1,1,1.0,1
104053,1,1,0.9999962,1
104054,1,0,0.13898684,0
104055,0,0,0.070495576,1
104056,1,1,0.9626028,1
104057,1,1,0.88602656,1
104058,1,1,0.99997807,1
104059,0,1,0.99457306,0
104060,1,1,1.0,1
104061,1,1,0.9905691,1
104062,0,0,0.3374764,1
104063,1,0,0.096620515,0
104064,1,1,0.9999882,1
104065,1,1,0.9999696,1
104066,0,0,0.04751418,1
104067,0,0,0.064594455,1
104068,1,1,0.9959299,1
104069,1,1,0.9999535,1
104070,1,1,0.9883128,1
104071,0,0,0.17667161,1
104072,1,1,0.99998784,1
104073,0,1,0.99992883,0
104074,1,1,0.8149381,1
104075,0,0,0.31017175,1
104076,1,0,0.13279545,0
104077,0,0,0.11328496,1
104078,0,0,0.12857984,1
104079,1,1,0.94165415,1
104080,0,1,0.9877587,0
104081,0,0,0.2846257,1
104082,0,1,0.99279517,0
104083,1,1,0.9998776,1
104084,1,1,0.9925103,1
104085,0,1,0.98677725,0
104086,0,0,0.1362632,1
104087,0,0,0.18155324,1
104088,0,0,0.019032659,1
104089,0,1,0.72277164,0
104090,1,1,0.9999995,1
104091,0,0,0.09636511,1
104092,0,0,0.15450352,1
104093,1,0,0.2305731,0
104094,0,0,0.08929564,1
104095,1,1,0.9999993,1
104096,1,1,0.8340017,1
104097,1,1,0.9999738,1
104098,1,1,0.99371004,1
104099,1,1,0.99999726,1
104100,0,0,0.044389986,1
104101,1,0,0.011136501,0
104102,1,1,0.9807842,1
104103,0,1,0.448849,0
104104,0,0,0.0028449094,1
104105,1,1,0.9999994,1
104106,0,1,0.97869223,0
104107,1,0,0.107250325,0
104108,1,1,1.0,1
104109,1,1,0.97494066,1
104110,1,1,0.99773055,1
104111,1,1,0.7119819,1
104112,0,0,0.076132484,1
104113,1,0,0.24184734,0
104114,0,1,0.75137466,0
104115,1,0,0.07068779,0
104116,1,1,0.9999933,1
104117,1,0,0.091220066,0
104118,1,1,0.9943691,1
104119,0,0,0.33290654,1
104120,1,1,0.99983656,1
104121,0,1,0.46508378,0
104122,1,1,0.82544905,1
104123,0,1,0.99996173,0
104124,1,1,0.38618457,1
104125,0,0,0.04813677,1
104126,1,0,0.19064869,0
104127,1,1,0.99792105,1
104128,1,1,0.98662347,1
104129,0,1,1.0,0
104130,1,0,0.08240149,0
104131,0,0,0.26123667,1
104132,0,1,0.9999999,0
104133,0,0,0.25118822,1
104134,1,1,0.99994814,1
104135,1,1,1.0,1
104136,1,1,0.95150405,1
104137,1,1,0.99953353,1
104138,1,1,0.9999995,1
104139,0,0,0.2358996,1
104140,0,0,0.16052906,1
104141,0,0,0.12560067,1
104142,0,0,0.052765187,1
104143,1,1,0.99999964,1
104144,1,1,0.99979585,1
104145,1,1,0.9998332,1
104146,1,1,0.99999976,1
104147,1,1,0.99996674,1
104148,0,1,0.9875923,0
104149,0,1,0.99999976,0
104150,1,1,0.395747,1
104151,0,0,0.10302444,1
104152,0,1,0.99948967,0
104153,0,0,0.09392703,1
104154,1,1,1.0,1
104155,0,0,0.022911692,1
104156,1,0,0.19574778,0
104157,0,0,0.11676401,1
104158,0,1,0.99908185,0
104159,0,0,0.10284408,1
104160,0,1,0.496399,0
104161,0,0,0.1655931,1
104162,1,1,0.99999917,1
104163,0,0,0.06359858,1
104164,1,0,0.15804437,0
104165,1,0,0.20971236,0
104166,0,1,0.99999714,0
104167,1,1,0.8373541,1
104168,0,1,0.99996936,0
104169,0,1,0.46065283,0
104170,1,1,0.9965904,1
104171,0,0,0.09326426,1
104172,1,1,0.9998574,1
104173,0,0,0.06847518,1
104174,1,0,0.029647512,0
104175,0,1,0.9434519,0
104176,1,1,0.9837225,1
104177,0,0,0.26265267,1
104178,1,1,0.7736442,1
104179,1,1,0.9999702,1
104180,1,1,0.97254544,1
104181,1,1,1.0,1
104182,0,1,0.9457011,0
104183,1,1,0.999995,1
104184,0,0,0.014559519,1
104185,1,0,0.00010270021,0
104186,0,0,0.29538235,1
104187,0,1,0.8197491,0
104188,0,0,0.0354775,1
104189,1,1,0.97889495,1
104190,0,1,0.7324962,0
104191,1,1,0.9730109,1
104192,1,1,0.9945095,1
104193,1,1,1.0,1
104194,0,1,0.99995863,0
104195,0,1,0.9835654,0
104196,1,1,0.995793,1
104197,0,1,0.97953105,0
104198,0,1,0.8768454,0
104199,1,1,0.9999777,1
104200,0,0,0.03138043,1
104201,1,1,1.0,1
104202,1,1,0.48303872,1
104203,0,0,0.004943689,1
104204,1,1,0.9999982,1
104205,0,1,0.99999976,0
104206,1,1,0.84195566,1
104207,0,1,0.98840266,0
104208,0,0,0.04111437,1
104209,1,1,0.99948776,1
104210,1,0,0.047074176,0
104211,1,1,0.38549033,1
104212,0,0,0.09041373,1
104213,0,1,0.99995553,0
104214,0,0,0.036049988,1
104215,1,1,0.9998267,1
104216,1,0,0.030675802,0
104217,1,1,0.9999999,1
104218,1,1,1.0,1
104219,0,0,0.07198163,1
104220,0,0,0.069921836,1
104221,1,1,0.99771726,1
104222,0,1,0.995008,0
104223,0,1,0.84733725,0
104224,0,1,0.50555396,0
104225,1,1,0.85693204,1
104226,0,1,0.3903887,0
104227,0,0,0.2830872,1
104228,1,1,0.99998224,1
104229,1,0,0.17384852,0
104230,1,0,0.31515607,0
104231,1,0,0.32130027,0
104232,1,1,0.9999999,1
104233,0,1,0.9999957,0
104234,1,1,0.9993255,1
104235,0,0,0.01083937,1
104236,0,1,0.9994673,0
104237,0,0,0.19368058,1
104238,1,1,0.9899087,1
104239,1,1,0.9999981,1
104240,1,1,0.9995908,1
104241,0,1,0.99998903,0
104242,1,0,0.1284158,0
104243,0,0,0.18010665,1
104244,1,1,0.9999962,1
104245,1,1,0.9977569,1
104246,0,1,0.8923751,0
104247,1,1,1.0,1
104248,1,0,0.27664167,0
104249,0,1,0.876423,0
104250,0,1,0.9999374,0
104251,0,0,0.17596246,1
104252,1,0,0.01676938,0
104253,1,1,0.9812928,1
104254,0,1,0.66099346,0
104255,0,1,0.9999795,0
104256,1,1,1.0,1
104257,1,1,0.9999927,1
104258,0,1,0.39455083,0
104259,1,0,0.040922306,0
104260,1,0,0.31284216,0
104261,1,1,1.0,1
104262,0,0,0.04556445,1
104263,1,1,0.98780584,1
104264,0,0,0.05261895,1
104265,1,1,1.0,1
104266,0,1,0.38870504,0
104267,1,0,0.10061321,0
104268,1,1,0.99690056,1
104269,0,0,0.029563345,1
104270,1,1,0.9981828,1
104271,1,1,0.9803374,1
104272,0,1,0.56595856,0
104273,1,1,0.999764,1
104274,0,1,0.7415804,0
104275,0,0,0.05179748,1
104276,0,0,0.03173859,1
104277,1,1,0.99999976,1
104278,1,1,0.9681713,1
104279,0,1,0.9924521,0
104280,1,1,1.0,1
104281,1,1,0.9999802,1
104282,1,1,0.37493375,1
104283,0,1,0.9635062,0
104284,0,0,0.012845958,1
104285,1,1,0.99973875,1
104286,1,1,0.99894947,1
104287,1,1,1.0,1
104288,0,0,0.29380956,1
104289,1,1,0.93189764,1
104290,1,1,1.0,1
104291,0,0,0.056600258,1
104292,1,1,0.99999964,1
104293,1,1,0.99085677,1
104294,1,1,0.45447215,1
104295,1,1,0.9980882,1
104296,1,1,0.91796696,1
104297,0,1,0.99877197,0
104298,1,1,1.0,1
104299,1,1,0.9998517,1
104300,1,1,1.0,1
104301,0,1,0.9819619,0
104302,0,0,0.30084828,1
104303,1,1,0.9999989,1
104304,0,1,0.9999999,0
104305,1,0,0.02859836,0
104306,1,0,0.35092172,0
104307,1,1,0.8713654,1
104308,1,1,0.99530905,1
104309,1,0,0.24775985,0
104310,1,0,0.23731071,0
104311,0,1,0.9267028,0
104312,0,0,0.17575018,1
104313,1,1,0.9999331,1
104314,1,1,0.9999958,1
104315,1,1,1.0,1
104316,0,1,0.9612802,0
104317,0,0,0.035012625,1
104318,1,0,0.24999616,0
104319,0,1,0.94757545,0
104320,1,1,0.40256825,1
104321,1,1,0.7725306,1
104322,1,1,0.8299059,1
104323,0,1,0.5307838,0
104324,1,1,0.4618662,1
104325,1,0,0.27105868,0
104326,0,1,0.99983525,0
104327,0,1,0.97869223,0
104328,0,0,0.19767669,1
104329,0,1,0.9219921,0
104330,0,1,0.6476311,0
104331,1,1,0.4871549,1
104332,1,1,0.38934335,1
104333,1,1,0.7844842,1
104334,1,1,0.98518616,1
104335,1,1,0.41741988,1
104336,0,0,0.04054074,1
104337,0,1,0.9998746,0
104338,0,0,0.22354652,1
104339,1,1,0.97032446,1
104340,1,1,0.9856353,1
104341,0,0,0.0726367,1
104342,1,0,0.17036992,0
104343,0,1,0.9946774,0
104344,0,1,0.9994937,0
104345,0,1,0.89423656,0
104346,0,1,0.86635876,0
104347,1,1,0.99644804,1
104348,1,1,0.89368117,1
104349,1,1,0.99889696,1
104350,0,0,0.11201595,1
104351,0,0,0.13620575,1
104352,0,0,0.005458661,1
104353,1,1,1.0,1
104354,0,0,0.0042151595,1
104355,1,0,0.11289317,0
104356,0,0,0.064653486,1
104357,1,1,0.97869223,1
104358,0,1,0.9955662,0
104359,1,0,0.040087357,0
104360,0,0,0.092359796,1
104361,1,1,0.99999774,1
104362,1,1,0.99999976,1
104363,1,1,0.99960417,1
104364,1,1,0.9772191,1
104365,0,1,0.9512329,0
104366,1,1,0.9996743,1
104367,0,1,0.74558365,0
104368,0,1,0.9993845,0
104369,0,1,0.9786107,0
104370,0,0,0.017375663,1
104371,1,1,1.0,1
104372,1,1,0.79109573,1
104373,0,0,0.09293445,1
104374,0,0,0.27357438,1
104375,1,1,0.99999964,1
104376,1,1,0.56457865,1
104377,1,1,0.9957437,1
104378,0,0,0.020864256,1
104379,0,0,0.014643826,1
104380,1,0,0.28866935,0
104381,0,1,1.0,0
104382,1,1,1.0,1
104383,1,1,0.7081621,1
104384,1,1,0.72598875,1
104385,1,1,0.9786107,1
104386,1,1,0.39773372,1
104387,0,1,0.93732566,0
104388,1,1,0.920218,1
104389,1,1,0.99949765,1
104390,0,0,0.07316472,1
104391,0,1,0.8067765,0
104392,1,1,0.99635005,1
104393,1,0,0.020196635,0
104394,1,1,0.9954704,1
104395,0,1,0.42462072,0
104396,1,1,0.86373675,1
104397,1,1,1.0,1
104398,0,1,0.99979264,0
104399,0,1,0.996852,0
104400,1,0,0.09764823,0
104401,1,0,0.010408314,0
104402,0,1,0.8401279,0
104403,1,0,0.0763388,0
104404,0,1,0.98199654,0
104405,0,0,0.047293693,1
104406,1,1,1.0,1
104407,1,1,1.0,1
104408,1,1,1.0,1
104409,0,0,0.046076808,1
104410,0,1,0.89688534,0
104411,1,1,0.9999995,1
104412,0,1,0.9997713,0
104413,0,1,0.49530044,0
104414,1,1,0.99010193,1
104415,1,1,1.0,1
104416,0,1,0.3699124,0
104417,0,0,0.009878943,1
104418,0,0,0.017831627,1
104419,1,1,0.9999995,1
104420,1,1,0.9988213,1
104421,0,0,0.034068275,1
104422,1,0,0.12538631,0
104423,0,1,0.99985576,0
104424,0,1,0.9404078,0
104425,1,1,0.9583822,1
104426,1,1,1.0,1
104427,1,1,0.99999964,1
104428,1,1,1.0,1
104429,0,0,0.19482696,1
104430,0,1,0.9981828,0
104431,0,0,0.20362833,1
104432,0,1,0.4670279,0
104433,0,0,0.07107367,1
104434,1,1,0.9348725,1
104435,0,0,0.15463115,1
104436,0,0,0.11601078,1
104437,0,1,0.56739736,0
104438,0,0,0.14767805,1
104439,1,1,1.0,1
104440,1,1,0.54661715,1
104441,1,1,0.8857304,1
104442,1,0,0.2339688,0
104443,1,1,0.41111085,1
104444,1,0,0.25841954,0
104445,0,1,0.5343088,0
104446,0,1,0.99972516,0
104447,0,1,0.49743652,0
104448,1,0,0.28037,0
104449,1,1,0.9947187,1
104450,1,1,0.9981541,1
104451,1,1,0.67238545,1
104452,1,0,0.2305731,0
104453,1,1,0.99941623,1
104454,1,1,0.9999989,1
104455,1,1,0.56391835,1
104456,0,1,0.9241418,0
104457,1,1,0.9999994,1
104458,1,1,1.0,1
104459,1,1,0.99999785,1
104460,1,1,1.0,1
104461,1,1,0.97107434,1
104462,1,0,0.042722195,0
104463,1,1,1.0,1
104464,1,0,0.08609269,0
104465,1,1,0.8773717,1
104466,1,0,0.21337716,0
104467,1,1,0.79597545,1
104468,1,1,1.0,1
104469,0,0,0.037785765,1
104470,0,1,0.99979895,0
104471,0,1,0.8813088,0
104472,1,1,0.9917163,1
104473,1,0,0.076132484,0
104474,0,1,0.9999676,0
104475,0,1,1.0,0
104476,0,1,0.8178656,0
104477,0,1,0.9997974,0
104478,1,1,0.81655276,1
104479,1,0,0.19930798,0
104480,0,1,0.9986541,0
104481,0,1,1.0,0
104482,1,1,0.9999914,1
104483,0,1,0.88393915,0
104484,0,0,0.021024454,1
104485,1,1,0.9998752,1
104486,1,1,0.9999249,1
104487,1,1,0.9615338,1
104488,1,1,0.93749756,1
104489,1,1,0.9989034,1
104490,1,1,0.9859634,1
104491,0,0,0.08479541,1
104492,1,0,0.1308397,0
104493,0,0,0.07068779,1
104494,1,1,1.0,1
104495,1,1,0.9688562,1
104496,0,0,0.23326942,1
104497,0,1,0.94966936,0
104498,0,1,0.78464925,0
104499,0,0,0.19072402,1
104500,1,1,0.99996734,1
104501,0,0,0.010755925,1
104502,1,1,0.9984176,1
104503,1,1,0.8548847,1
104504,1,1,0.9876639,1
104505,0,1,0.99995697,0
104506,1,1,0.9809125,1
104507,1,1,0.9645224,1
104508,0,1,0.9327602,0
104509,0,1,0.9642206,0
104510,0,1,1.0,0
104511,1,1,0.9871044,1
104512,0,1,0.99999785,0
104513,1,1,1.0,1
104514,1,1,1.0,1
104515,1,1,0.5312094,1
104516,1,1,0.81508535,1
104517,0,1,0.65362453,0
104518,1,1,0.99892455,1
104519,0,0,0.11250255,1
104520,1,0,0.025516601,0
104521,1,1,0.99980515,1
104522,1,1,0.9981541,1
104523,1,1,0.9999299,1
104524,1,1,0.45640975,1
104525,0,0,0.03283696,1
104526,1,1,1.0,1
104527,1,1,0.65924066,1
104528,1,1,0.98961186,1
104529,1,1,0.99999976,1
104530,1,0,0.12597652,0
104531,1,0,0.09999631,0
104532,1,0,0.030559864,0
104533,1,1,0.9696707,1
104534,1,1,0.8250265,1
104535,1,0,0.067546695,0
104536,1,1,0.99991214,1
104537,1,1,0.9995819,1
104538,1,0,0.19930798,0
104539,1,1,0.9999999,1
104540,1,1,0.943919,1
104541,1,1,0.9999558,1
104542,0,0,0.11920292,1
104543,0,1,0.40157047,0
104544,1,1,0.9956091,1
104545,1,1,0.47469205,1
104546,1,1,0.5115336,1
104547,0,1,0.5132415,0
104548,1,0,0.009840806,0
104549,1,1,0.9996118,1
104550,0,1,0.995858,0
104551,1,1,0.662196,1
104552,0,1,0.98155975,0
104553,1,0,0.11114469,0
104554,0,1,0.4695811,0
104555,0,0,0.042403832,1
104556,0,1,0.9987081,0
104557,1,1,0.8802834,1
104558,1,1,0.77081,1
104559,1,1,0.9534921,1
104560,1,1,0.49502578,1
104561,1,1,0.99999976,1
104562,1,0,0.04659464,0
104563,0,0,0.06412401,1
104564,0,1,0.9999808,0
104565,1,1,0.9658996,1
104566,1,0,0.056652427,0
104567,1,0,0.0689125,0
104568,0,0,0.099382766,1
104569,0,0,0.0016581542,1
104570,1,1,0.88592786,1
104571,0,1,1.0,0
104572,1,0,0.3047654,0
104573,1,0,0.08819005,0
104574,0,0,0.08232769,1
104575,0,0,0.043650273,1
104576,0,1,0.60626537,0
104577,0,1,0.9990908,0
104578,1,0,0.00077936606,0
104579,0,1,0.76559335,0
104580,1,1,1.0,1
104581,0,1,0.8929365,0
104582,0,0,0.15140381,1
104583,0,0,0.048676565,1
104584,0,1,0.9911698,0
104585,1,1,0.99996364,1
104586,0,0,0.12581532,1
104587,0,0,0.057123974,1
104588,1,1,0.9998535,1
104589,0,1,0.38156515,0
104590,1,0,0.08014123,0
104591,1,1,1.0,1
104592,1,1,0.45011765,1
104593,1,0,0.060031522,0
104594,1,1,0.9999311,1
104595,1,1,0.9999999,1
104596,1,1,1.0,1
104597,1,1,1.0,1
104598,1,1,0.99705935,1
104599,1,1,0.99036634,1
104600,0,1,0.78365755,0
104601,1,0,0.3344264,0
104602,0,0,0.027350497,1
104603,0,1,0.8597815,0
104604,1,1,0.9999957,1
104605,0,1,0.56139517,0
104606,1,1,0.9997209,1
104607,0,1,0.4610471,0
104608,0,0,0.040922306,1
104609,1,1,0.9999107,1
104610,1,1,0.99966526,1
104611,1,1,0.9999913,1
104612,0,0,0.07356305,1
104613,1,1,0.9999994,1
104614,1,1,1.0,1
104615,0,1,0.39067924,0
104616,0,0,0.09636511,1
104617,0,1,0.9172285,0
104618,1,1,0.9996381,1
104619,1,1,1.0,1
104620,1,1,0.40086666,1
104621,0,0,0.0043738238,1
104622,1,1,0.9983059,1
104623,0,1,0.9043131,0
104624,0,1,0.98977125,0
104625,1,1,0.99998116,1
104626,1,1,0.85705173,1
104627,1,1,0.9999975,1
104628,1,0,0.020429844,0
104629,0,0,0.10484337,1
104630,0,1,0.9105454,0
104631,0,1,0.9790157,0
104632,1,1,0.99996734,1
104633,1,1,0.9999372,1
104634,1,1,0.9999747,1
104635,1,1,0.53582716,1
104636,0,1,0.7080612,0
104637,0,0,0.13251457,1
104638,1,1,0.9595731,1
104639,1,1,1.0,1
104640,0,1,0.75078124,0
104641,1,1,0.9465967,1
104642,1,1,1.0,1
104643,0,1,0.7373473,0
104644,0,0,0.03471688,1
104645,1,1,1.0,1
104646,1,1,0.99999213,1
104647,1,1,0.7390459,1
104648,1,1,0.9719659,1
104649,0,1,0.9599126,0
104650,1,1,0.99999213,1
104651,1,1,0.99921453,1
104652,1,1,0.99983907,1
104653,1,1,0.99351174,1
104654,1,1,1.0,1
104655,1,0,0.057918087,0
104656,1,1,0.99992454,1
104657,0,0,0.030502051,1
104658,0,1,0.9509604,0
104659,1,1,0.9865976,1
104660,0,1,0.9999995,0
104661,1,1,0.95857656,1
104662,1,0,0.023962023,0
104663,1,1,0.54461974,1
104664,0,0,0.011984204,1
104665,0,1,0.642152,0
104666,1,1,0.9649213,1
104667,1,1,0.99999964,1
104668,0,1,0.7804952,0
104669,1,1,0.9999101,1
104670,1,1,0.88759494,1
104671,0,0,0.15591201,1
104672,0,1,0.9764681,0
104673,1,1,0.99994993,1
104674,0,1,0.6307418,0
104675,0,0,0.098079324,1
104676,1,0,0.22278468,0
104677,0,0,0.06250249,1
104678,0,0,0.32066172,1
104679,1,1,0.99966,1
104680,1,1,1.0,1
104681,0,1,0.9997658,0
104682,0,1,0.44179344,0
104683,0,0,0.03173859,1
104684,0,0,0.3127372,1
104685,0,0,0.078571655,1
104686,1,1,0.5837967,1
104687,1,0,0.17189364,0
104688,0,1,0.87810534,0
104689,1,1,0.99996436,1
104690,0,0,0.016403032,1
104691,1,1,0.99999845,1
104692,1,1,0.5824317,1
104693,1,1,0.35242462,1
104694,1,1,0.99565166,1
104695,0,0,0.06872476,1
104696,1,0,0.18847331,0
104697,1,1,0.87568074,1
104698,0,0,0.00795339,1
104699,0,1,0.9986462,0
104700,0,1,0.544983,0
104701,1,1,0.9649544,1
104702,1,1,0.98771137,1
104703,0,0,0.18454698,1
104704,1,0,0.20110625,0
104705,0,0,0.054752033,1
104706,0,0,0.1272725,1
104707,0,1,0.9695268,0
104708,0,1,0.93349147,0
104709,1,1,0.9953725,1
104710,0,0,0.05500529,1
104711,1,0,0.11486404,0
104712,1,1,0.9851576,1
104713,1,1,0.63221896,1
104714,1,0,0.06760824,0
104715,1,1,0.6246942,1
104716,1,1,0.99960107,1
104717,1,0,0.051415116,0
104718,1,1,0.94154674,1
104719,0,0,0.08686416,1
104720,0,1,0.78695047,0
104721,0,1,0.9999957,0
104722,0,0,0.046855625,1
104723,1,1,0.45656118,1
104724,0,0,0.09885954,1
104725,1,0,0.011008185,0
104726,1,1,0.6559424,1
104727,0,0,0.03618598,1
104728,1,1,0.9998293,1
104729,1,1,0.99995375,1
104730,1,1,0.9997336,1
104731,1,1,1.0,1
104732,0,1,0.3559148,0
104733,0,0,0.014117893,1
104734,1,1,1.0,1
104735,0,0,0.013045614,1
104736,0,1,0.9998671,0
104737,1,1,0.99173236,1
104738,0,1,0.5788648,0
104739,1,1,0.9873262,1
104740,1,0,0.08144666,0
104741,0,1,0.98175323,0
104742,1,1,0.9999001,1
104743,0,1,0.4888019,0
104744,0,0,0.2012632,1
104745,1,1,0.9999995,1
104746,0,1,0.55796576,0
104747,1,1,0.9999987,1
104748,0,1,0.99945897,0
104749,0,1,0.9994461,0
104750,0,0,0.07329728,1
104751,1,1,1.0,1
104752,1,1,0.9810401,1
104753,0,0,0.028301448,1
104754,1,0,0.035745807,0
104755,0,1,0.4429979,0
104756,1,1,0.6343734,1
104757,0,1,0.43164405,0
104758,1,0,0.30959746,0
104759,0,1,0.99999046,0
104760,1,1,0.4471585,1
104761,1,0,0.0673624,0
104762,0,1,0.9538373,0
104763,0,0,0.015454242,1
104764,1,1,0.98792297,1
104765,1,1,1.0,1
104766,1,1,0.9999982,1
104767,1,1,0.99964786,1
104768,1,1,0.9488225,1
104769,1,1,0.6021201,1
104770,1,1,1.0,1
104771,0,1,0.9244834,0
104772,1,1,1.0,1
104773,0,1,0.9809125,0
104774,0,1,1.0,0
104775,1,1,1.0,1
104776,1,1,1.0,1
104777,1,1,0.5222022,1
104778,1,0,0.065604836,0
104779,1,1,0.64484036,1
104780,0,0,0.22644132,1
104781,1,0,0.31457675,0
104782,1,0,0.24517536,0
104783,1,1,1.0,1
104784,0,1,0.9999572,0
104785,0,1,0.80685264,0
104786,0,1,0.9916196,0
104787,1,1,0.6248088,1
104788,0,1,0.38488325,0
104789,1,1,0.99999607,1
104790,1,1,1.0,1
104791,1,1,0.93367314,1
104792,1,1,0.99984455,1
104793,0,1,0.99994755,0
104794,0,1,0.91046584,0
104795,1,1,0.98324674,1
104796,1,0,0.3330692,0
104797,1,1,0.9797647,1
104798,0,0,0.26626188,1
104799,1,1,0.93686515,1
104800,0,0,0.09170697,1
104801,1,1,0.9747971,1
104802,1,1,0.97009856,1
104803,1,1,0.95998776,1
104804,0,0,0.1588256,1
104805,0,1,0.8728902,0
104806,0,1,0.9801293,0
104807,0,0,0.016308766,1
104808,0,1,0.98780584,0
104809,0,1,0.9043975,0
104810,1,1,1.0,1
104811,1,1,1.0,1
104812,1,1,0.99999285,1
104813,1,1,0.9999949,1
104814,0,0,0.16566059,1
104815,1,1,0.787523,1
104816,1,1,0.41161335,1
104817,1,1,0.99988174,1
104818,1,1,1.0,1
104819,1,0,0.120490536,0
104820,0,1,0.9844862,0
104821,1,1,0.9989536,1
104822,0,0,0.24337259,1
104823,1,0,0.24762337,0
104824,1,1,0.8821236,1
104825,0,1,0.5363129,0
104826,0,1,0.48654503,0
104827,1,0,0.08601587,0
104828,0,1,0.7149765,0
104829,0,0,0.019756919,1
104830,1,1,1.0,1
104831,0,0,0.2645483,1
104832,1,1,1.0,1
104833,0,0,0.22126654,1
104834,1,1,0.92703366,1
104835,0,0,0.01461567,1
104836,0,1,0.9321451,0
104837,0,1,0.9999933,0
104838,1,1,0.9999995,1
104839,1,1,0.99829596,1
104840,0,1,0.99261135,0
104841,0,1,1.0,0
104842,1,1,1.0,1
104843,1,1,0.99995816,1
104844,0,1,0.61687815,0
104845,1,1,1.0,1
104846,1,1,0.78041154,1
104847,1,1,0.38601097,1
104848,0,1,0.9375548,0
104849,0,1,0.49652106,0
104850,1,1,0.84169555,1
104851,1,1,0.9306476,1
104852,0,0,0.07204689,1
104853,1,1,1.0,1
104854,0,0,0.12315456,1
104855,0,1,0.9836912,0
104856,1,1,0.9994956,1
104857,1,1,0.9998832,1
104858,1,1,0.47919905,1
104859,0,0,0.044307213,1
104860,0,1,0.9869795,0
104861,1,1,0.99999464,1
104862,1,1,1.0,1
104863,0,1,0.7460465,0
104864,1,1,0.5769592,1
104865,1,1,1.0,1
104866,0,0,0.2645483,1
104867,1,1,0.9999995,1
104868,0,1,0.63301337,0
104869,0,0,0.111627996,1
104870,1,1,1.0,1
104871,1,1,0.99740905,1
104872,1,1,0.9999243,1
104873,0,0,0.059646945,1
104874,0,0,0.05775844,1
104875,1,1,0.99999905,1
104876,1,1,0.9999882,1
104877,0,0,0.10687689,1
104878,0,0,0.12912793,1
104879,1,1,1.0,1
104880,1,1,0.9996402,1
104881,1,1,0.9305214,1
104882,0,1,0.6414785,0
104883,1,1,0.6159545,1
104884,1,1,0.9999999,1
104885,1,0,0.28373176,0
104886,1,1,0.9999981,1
104887,1,1,0.9667575,1
104888,1,0,0.0059571536,0
104889,1,0,0.3106944,0
104890,1,0,0.15823938,0
104891,1,1,0.9988883,1
104892,0,1,0.9829547,0
104893,1,1,0.99508506,1
104894,1,1,1.0,1
104895,0,1,0.84504944,0
104896,0,0,0.28096148,1
104897,1,1,0.9999995,1
104898,1,0,0.050283972,0
104899,1,0,0.04569203,0
104900,1,1,0.99983716,1
104901,1,0,0.058614686,0
104902,0,1,0.39571783,0
104903,0,1,0.99694854,0
104904,1,0,0.07204689,0
104905,1,1,0.47031087,1
104906,0,1,0.99959,0
104907,1,0,0.16708273,0
104908,1,1,1.0,1
104909,0,1,0.51391244,0
104910,1,0,0.09409338,0
104911,0,0,0.18293586,1
104912,1,0,0.032191858,0
104913,1,1,0.360067,1
104914,1,1,1.0,1
104915,1,1,1.0,1
104916,1,1,0.8311431,1
104917,0,1,0.71388066,0
104918,0,1,1.0,0
104919,1,1,0.4899611,1
104920,1,1,1.0,1
104921,0,0,0.04977345,1
104922,1,1,1.0,1
104923,0,1,0.9380673,0
104924,0,0,0.27275035,1
104925,0,0,0.35031024,1
104926,0,1,0.9250947,0
104927,0,1,0.5429844,0
104928,1,1,0.9999995,1
104929,0,0,0.14223188,1
104930,0,0,0.07146149,1
104931,1,1,0.99591404,1
104932,0,0,0.08834723,1
104933,0,0,0.22746935,1
104934,1,1,0.99967754,1
104935,1,1,1.0,1
104936,0,0,0.13811268,1
104937,1,0,0.07765744,0
104938,0,1,0.9999243,0
104939,0,1,0.62240195,0
104940,0,0,0.031469602,1
104941,1,1,0.9655115,1
104942,0,1,0.99366105,0
104943,1,1,0.78365755,1
104944,0,0,0.06159316,1
104945,1,1,0.9803374,1
104946,0,1,0.573141,0
104947,1,0,0.053353984,0
104948,0,1,0.9996983,0
104949,1,1,0.99994504,1
104950,0,1,0.99999714,0
104951,0,1,0.9713201,0
104952,1,1,0.9627783,1
104953,0,0,0.015754245,1
104954,0,0,0.25321415,1
104955,0,1,0.9320833,0
104956,1,1,0.9999987,1
104957,1,1,0.998912,1
104958,0,1,0.7874412,0
104959,0,0,0.1363207,1
104960,0,1,0.9495292,0
104961,1,1,0.4985352,1
104962,0,0,0.2881683,1
104963,0,0,0.11240509,1
104964,1,1,0.4879174,1
104965,1,1,0.9996718,1
104966,1,1,0.9999968,1
104967,0,1,0.9765577,0
104968,1,1,0.998345,1
104969,1,1,0.4901136,1
104970,1,1,1.0,1
104971,0,1,0.9995827,0
104972,0,1,0.98242307,0
104973,1,1,0.35868996,1
104974,0,1,0.41445437,0
104975,0,0,0.051462766,1
104976,1,1,0.9719659,1
104977,1,1,0.9998529,1
104978,1,1,0.99371004,1
104979,1,1,0.9763782,1
104980,0,0,0.03289904,1
104981,0,0,0.13145173,1
104982,1,0,0.297572,0
104983,0,1,0.80837,0
104984,1,1,0.9994837,1
104985,0,0,0.17802514,1
104986,0,1,0.99999774,0
104987,1,1,1.0,1
104988,0,0,0.047425874,1
104989,0,0,0.025540898,1
104990,0,1,0.99014014,0
104991,0,1,0.99986815,0
104992,1,1,1.0,1
104993,1,1,1.0,1
104994,1,1,0.9985896,1
104995,1,1,0.9998697,1
104996,1,1,0.99879575,1
104997,1,1,1.0,1
104998,1,1,1.0,1
104999,0,1,0.6984837,0
105000,1,1,1.0,1
105001,1,1,0.9999844,1
105002,0,0,0.06847518,1
105003,0,1,0.98574555,0
105004,1,1,0.99997056,1
105005,0,0,0.08779819,1
105006,0,0,0.0074173803,1
105007,1,1,0.9418684,1
105008,0,1,0.68883485,0
105009,1,1,0.84632385,1
105010,0,1,0.99491006,0
105011,1,1,0.9997439,1
105012,0,0,0.19597848,1
105013,0,1,0.82782817,0
105014,0,0,0.012383786,1
105015,0,1,0.9898107,0
105016,0,1,1.0,0
105017,0,0,0.02576056,1
105018,1,1,0.9339146,1
105019,0,0,0.052327625,1
105020,1,1,0.736211,1
105021,1,1,0.77210134,1
105022,1,1,1.0,1
105023,0,1,0.86826926,0
105024,1,0,0.049497057,0
105025,1,1,0.9985814,1
105026,1,1,0.9999999,1
105027,1,1,0.7108792,1
105028,0,1,0.99746394,0
105029,0,1,0.96425414,0
105030,0,0,0.27289566,1
105031,0,1,0.63798994,0
105032,0,1,0.94957596,0
105033,1,1,1.0,1
105034,1,1,0.43728274,1
105035,1,1,0.85573065,1
105036,0,1,0.37768415,0
105037,1,1,0.9999988,1
105038,1,1,0.99999833,1
105039,1,0,0.08889936,0
105040,0,0,0.20817894,1
105041,0,0,0.05122493,1
105042,1,0,0.12033541,0
105043,0,1,0.9948704,0
105044,1,1,1.0,1
105045,1,1,0.7582422,1
105046,0,1,0.9999995,0
105047,0,1,0.8077641,0
105048,0,1,0.8702668,0
105049,0,0,0.2656423,1
105050,1,1,0.999864,1
105051,1,1,0.53199965,1
105052,1,1,1.0,1
105053,1,1,0.8345418,1
105054,1,1,0.9999933,1
105055,1,0,0.02199022,0
105056,1,1,0.95494246,1
105057,1,1,1.0,1
105058,0,0,0.22901753,1
105059,0,0,0.14535783,1
105060,1,1,0.9997527,1
105061,0,0,0.16451645,1
105062,0,1,0.6127153,0
105063,1,1,1.0,1
105064,1,1,0.99459416,1
105065,1,1,0.7005364,1
105066,0,0,0.2562732,1
105067,1,1,0.91383046,1
105068,1,1,0.99999917,1
105069,0,1,1.0,0
105070,1,1,0.99945253,1
105071,0,1,0.99176437,0
105072,0,0,0.15533453,1
105073,0,0,0.021927299,1
105074,1,1,0.99963236,1
105075,1,1,1.0,1
105076,0,0,0.13620575,1
105077,0,0,0.07198163,1
105078,0,0,0.12543987,1
105079,1,1,1.0,1
105080,1,1,0.99038494,1
105081,0,1,0.9948902,0
105082,0,0,0.07647662,1
105083,1,1,1.0,1
105084,1,1,0.99690056,1
105085,1,1,0.90320885,1
105086,1,1,0.9999999,1
105087,0,0,0.042206,1
105088,1,1,1.0,1
105089,1,1,0.99308276,1
105090,0,0,0.101144664,1
105091,1,1,0.99984336,1
105092,0,1,0.9999924,0
105093,0,0,0.015998371,1
105094,0,0,0.024330191,1
105095,0,0,0.06766981,1
105096,0,0,0.051605962,1
105097,1,1,0.99979097,1
105098,1,0,0.081154905,0
105099,1,1,0.9999994,1
105100,1,1,0.99999106,1
105101,0,0,0.057229258,1
105102,0,0,0.08359068,1
105103,0,0,0.0021074724,1
105104,0,0,0.2295352,1
105105,0,1,0.98403233,0
105106,1,1,0.996183,1
105107,1,0,0.07146149,0
105108,1,1,0.9695556,1
105109,1,0,0.0007643034,0
105110,0,0,0.2026009,1
105111,1,1,0.9328214,1
105112,0,1,0.99985623,0
105113,0,1,0.9999337,0
105114,1,1,0.97752154,1
105115,0,1,0.47079742,0
105116,1,1,0.9999999,1
105117,0,1,0.9887771,0
105118,0,1,0.9130584,0
105119,1,1,0.51208264,1
105120,0,1,0.9756001,0
105121,1,1,0.9999999,1
105122,1,1,1.0,1
105123,0,1,0.9781563,0
105124,1,1,0.76838577,1
105125,1,1,0.99988854,1
105126,1,1,0.9892855,1
105127,0,1,0.99999225,0
105128,0,0,0.008267596,1
105129,0,1,0.99964094,0
105130,1,1,0.8992099,1
105131,1,1,1.0,1
105132,0,0,0.29254478,1
105133,0,1,0.87831426,0
105134,1,1,0.9999999,1
105135,0,0,0.0532062,1
105136,1,1,0.99861956,1
105137,1,0,0.009917223,0
105138,1,0,0.20561504,0
105139,0,0,0.14169659,1
105140,0,1,0.83894384,0
105141,0,0,0.13173069,1
105142,0,1,0.7844842,0
105143,1,1,0.99968004,1
105144,0,0,0.02878888,1
105145,0,1,0.71839684,0
105146,0,0,0.09696201,1
105147,0,1,0.99518895,0
105148,0,1,0.9997316,0
105149,0,1,0.9765577,0
105150,1,1,0.9997198,1
105151,1,0,0.00015416334,0
105152,1,0,0.118946835,0
105153,0,0,0.27899283,1
105154,0,1,0.39414266,0
105155,0,1,0.35577488,0
105156,0,1,0.84389514,0
105157,1,1,0.3952509,1
105158,1,1,0.5730812,1
105159,0,1,0.82318634,0
105160,1,1,0.9240733,1
105161,0,0,0.18982127,1
105162,1,1,0.9999999,1
105163,0,0,0.008796121,1
105164,1,1,0.9917163,1
105165,0,1,0.9364014,0
105166,0,0,0.03327394,1
105167,0,0,0.049681153,1
105168,1,0,0.037186775,0
105169,1,1,0.99977034,1
105170,1,1,0.9999999,1
105171,1,1,0.9951325,1
105172,1,0,0.16899405,0
105173,1,0,0.0548532,0
105174,0,1,0.9956006,0
105175,0,1,0.98313373,0
105176,1,1,1.0,1
105177,0,0,0.32670093,1
105178,1,0,0.017325716,0
105179,0,0,0.15610489,1
105180,0,1,0.79502225,0
105181,0,1,0.676887,0
105182,0,0,0.03504564,1
105183,1,1,0.9999428,1
105184,0,0,0.0046006194,1
105185,1,1,0.99271095,1
105186,0,1,0.967256,0
105187,0,1,0.39073735,0
105188,0,1,0.99256825,0
105189,1,1,1.0,1
105190,0,1,0.47307906,0
105191,0,0,0.0053744875,1
105192,0,0,0.12501197,1
105193,1,1,0.9976993,1
105194,0,0,0.049267832,1
105195,1,1,0.9996594,1
105196,1,1,0.9999969,1
105197,1,1,0.9999944,1
105198,1,1,0.9604354,1
105199,0,1,0.35192332,0
105200,0,0,0.11930549,1
105201,1,1,1.0,1
105202,0,1,0.99566,0
105203,1,1,0.9984988,1
105204,1,0,0.12673113,0
105205,1,1,1.0,1
105206,1,1,1.0,1
105207,0,1,0.9038049,0
105208,0,1,0.99935,0
105209,1,1,0.8969756,1
105210,0,0,0.14639206,1
105211,1,0,0.0052302782,0
105212,0,0,0.065904796,1
105213,1,1,0.9948303,1
105214,1,1,0.8978745,1
105215,1,0,0.103839464,0
105216,0,1,0.99994636,0
105217,1,1,0.8321002,1
105218,1,1,0.99999094,1
105219,0,1,0.9952632,0
105220,0,1,0.99783844,0
105221,1,1,0.9999372,1
105222,1,0,0.10961043,0
105223,0,0,0.24680553,1
105224,1,1,0.653514,1
105225,1,1,0.60696447,1
105226,1,1,0.90481883,1
105227,0,0,0.25655252,1
105228,1,1,0.61537683,1
105229,0,0,0.10790661,1
105230,1,1,0.4660861,1
105231,0,0,0.27474034,1
105232,1,1,1.0,1
105233,1,1,0.928668,1
105234,1,1,1.0,1
105235,1,1,0.9810765,1
105236,1,1,0.3740759,1
105237,1,1,0.9614977,1
105238,1,1,0.9997459,1
105239,1,0,0.042048372,0
105240,0,1,0.76109487,0
105241,1,0,0.0607519,0
105242,0,0,0.16749083,1
105243,1,1,0.9601001,1
105244,0,0,0.017831627,1
105245,1,0,0.17823958,0
105246,0,0,0.06447655,1
105247,0,0,0.08779819,1
105248,0,1,0.9999175,0
105249,1,1,0.9999999,1
105250,1,1,1.0,1
105251,1,1,0.7014575,1
105252,0,0,0.006241259,1
105253,0,0,0.30378342,1
105254,1,1,1.0,1
105255,0,0,0.0135061005,1
105256,0,1,0.9369228,0
105257,1,1,0.99085677,1
105258,1,1,1.0,1
105259,1,1,1.0,1
105260,1,1,0.99917847,1
105261,1,1,0.9999999,1
105262,1,0,0.04185214,0
105263,1,1,0.99998796,1
105264,1,0,0.1899715,0
105265,1,1,0.41667795,1
105266,0,1,0.6729231,0
105267,1,1,0.9999995,1
105268,1,1,0.7415804,1
105269,0,1,0.481271,0
105270,0,0,0.23970512,1
105271,0,1,0.3579041,0
105272,0,1,0.41670763,0
105273,1,1,1.0,1
105274,1,0,0.083890386,0
105275,1,0,0.032283258,0
105276,0,1,0.9802808,0
105277,1,1,0.9987864,1
105278,1,1,0.9979966,1
105279,1,1,1.0,1
105280,0,0,0.15405755,1
105281,0,1,0.9970421,0
105282,0,0,0.11747085,1
105283,0,0,0.16371268,1
105284,1,1,0.99997556,1
105285,0,1,0.6863175,0
105286,1,1,0.9811307,1
105287,1,1,0.5789839,1
105288,0,1,0.9363432,0
105289,0,1,0.9999958,0
105290,0,0,0.025932675,1
105291,0,0,0.24220563,1
105292,1,1,0.9994253,1
105293,0,0,0.09334689,1
105294,1,1,1.0,1
105295,1,1,0.6108598,1
105296,0,0,0.3054901,1
105297,0,0,0.051367506,1
105298,0,0,0.019681409,1
105299,1,1,0.99999404,1
105300,1,1,0.99995255,1
105301,1,1,0.99993944,1
105302,0,0,0.10502681,1
105303,1,1,1.0,1
105304,0,0,0.019437952,1
105305,0,0,0.11606085,1
105306,0,0,0.21992333,1
105307,1,1,1.0,1
105308,0,0,0.039527465,1
105309,0,0,0.010150015,1
105310,0,1,0.992349,0
105311,1,1,0.45716703,1
105312,0,1,0.9999968,0
105313,1,1,1.0,1
105314,0,0,0.021594688,1
105315,1,1,0.69735134,1
105316,0,1,0.87589324,0
105317,0,1,0.99889046,0
105318,1,1,0.9998872,1
105319,1,0,0.096195176,0
105320,1,1,0.9675945,1
105321,0,1,0.724578,0
105322,0,1,0.9996718,0
105323,0,0,0.09170697,1
105324,1,1,0.9999809,1
105325,1,1,0.7152749,1
105326,1,1,0.99998176,1
105327,1,1,0.9998273,1
105328,1,0,0.11848707,0
105329,0,1,0.73961055,0
105330,0,0,0.0032986512,1
105331,0,0,0.09721884,1
105332,0,1,0.9941347,0
105333,0,1,0.9468429,0
105334,1,1,0.99993575,1
105335,1,1,0.9999107,1
105336,0,0,0.046464663,1
105337,1,1,1.0,1
105338,1,1,0.999864,1
105339,1,0,0.027402505,0
105340,1,1,0.99983585,1
105341,0,1,0.87557435,0
105342,1,1,0.99999964,1
105343,1,1,0.99589807,1
105344,0,1,0.9979572,0
105345,1,1,1.0,1
105346,1,1,0.9979572,1
105347,0,0,0.17631677,1
105348,1,1,0.9824568,1
105349,1,1,0.9898107,1
105350,1,1,0.9975466,1
105351,1,0,0.12754393,0
105352,1,0,0.12732674,0
105353,1,1,0.9999994,1
105354,0,0,0.14940722,1
105355,1,1,0.9999604,1
105356,0,1,0.3522575,0
105357,0,0,0.11328496,1
105358,0,0,0.32257935,1
105359,0,1,0.9999958,0
105360,0,0,0.08601587,1
105361,0,1,0.56391835,0
105362,0,1,0.99991035,0
105363,1,1,0.99984765,1
105364,0,0,0.095940754,1
105365,0,1,0.929951,0
105366,0,0,0.24899045,1
105367,1,1,0.63267297,1
105368,1,1,1.0,1
105369,1,0,0.019870713,0
105370,1,1,0.9999877,1
105371,1,1,1.0,1
105372,1,0,0.0030160663,0
105373,1,1,0.9999715,1
105374,1,1,1.0,1
105375,0,1,0.87610537,0
105376,0,0,0.19938593,1
105377,1,1,0.8190264,1
105378,1,1,1.0,1
105379,0,1,0.95494246,0
105380,0,0,0.03739713,1
105381,1,1,0.99972945,1
105382,0,1,0.9999646,0
105383,1,1,0.5387405,1
105384,1,1,0.48529476,1
105385,1,0,0.24113183,0
105386,0,0,0.1897462,1
105387,1,1,0.9999932,1
105388,0,1,0.9999999,0
105389,1,0,0.3473157,0
105390,0,1,0.9927672,0
105391,1,1,0.9999995,1
105392,1,1,0.9333094,1
105393,0,0,0.051510453,1
105394,1,1,0.999985,1
105395,1,1,0.99999595,1
105396,1,1,0.58195657,1
105397,1,1,0.99999785,1
105398,0,1,0.6648124,0
105399,1,1,0.9514138,1
105400,1,0,0.076407686,0
105401,0,1,0.47207496,0
105402,1,1,0.99369794,1
105403,0,1,0.37096572,0
105404,0,0,0.03182875,1
105405,0,0,0.15071502,1
105406,1,1,0.99999964,1
105407,0,1,0.97786224,0
105408,1,1,1.0,1
105409,1,1,0.99791294,1
105410,0,1,0.43773338,0
105411,0,0,0.20793757,1
105412,0,1,1.0,0
105413,0,1,0.81249565,0
105414,0,0,0.2165081,1
105415,1,1,0.99723697,1
105416,0,0,0.06626642,1
105417,1,1,0.99999917,1
105418,0,0,0.11201595,1
105419,1,1,0.99611557,1
105420,1,1,1.0,1
105421,0,1,0.7744129,0
105422,1,1,0.99979895,1
105423,1,0,0.1603975,0
105424,0,0,0.22109832,1
105425,1,1,0.99592197,1
105426,1,1,0.9999883,1
105427,1,1,0.86083776,1
105428,1,1,0.99031025,1
105429,0,1,0.718051,0
105430,1,1,1.0,1
105431,0,0,0.29406288,1
105432,1,1,0.99999905,1
105433,0,0,0.014420068,1
105434,0,0,0.124798484,1
105435,0,0,0.16940589,1
105436,1,1,0.6580331,1
105437,1,1,0.9997757,1
105438,0,0,0.12995382,1
105439,0,0,0.08803311,1
105440,0,1,0.68768245,0
105441,1,1,1.0,1
105442,1,1,1.0,1
105443,0,1,0.8025555,0
105444,0,1,0.9983675,0
105445,0,1,0.84156543,0
105446,0,0,0.14922118,1
105447,1,1,0.99995935,1
105448,0,1,0.99999976,0
105449,1,1,0.9838472,1
105450,1,1,0.9998996,1
105451,1,0,0.061480366,0
105452,0,1,0.38263154,0
105453,1,0,0.08471965,0
105454,1,1,0.46596456,1
105455,1,0,0.0996453,0
105456,0,0,0.28422818,1
105457,1,1,0.9462003,1
105458,1,1,1.0,1
105459,0,0,0.106411695,1
105460,0,0,0.30383506,1
105461,1,1,0.99999964,1
105462,1,1,0.9999783,1
105463,1,1,0.91181,1
105464,1,1,0.7303861,1
105465,1,1,1.0,1
105466,1,1,0.98518616,1
105467,1,1,0.9999994,1
105468,1,1,0.82866174,1
105469,1,1,0.9990872,1
105470,0,1,0.9959849,0
105471,1,0,0.0016842226,0
105472,0,1,0.99642736,0
105473,1,1,0.9908744,1
105474,0,0,0.011115014,1
105475,0,1,1.0,0
105476,1,1,0.8039445,1
105477,1,0,0.3047654,0
105478,1,1,1.0,1
105479,0,1,0.9437118,0
105480,1,1,0.9999925,1
105481,1,1,0.99997115,1
105482,1,1,0.9537512,1
105483,1,1,0.70022905,1
105484,1,1,0.99989843,1
105485,1,0,0.14092635,0
105486,0,1,0.9979966,0
105487,1,0,0.021491766,0
105488,1,0,0.04972728,0
105489,1,1,0.9999969,1
105490,0,1,0.9999722,0
105491,0,1,0.99384296,0
105492,1,1,0.9953725,1
105493,1,1,0.9999893,1
105494,1,1,1.0,1
105495,0,0,0.048541088,1
105496,0,1,0.99173236,0
105497,1,0,0.13980691,0
105498,0,0,0.07126734,1
105499,0,0,0.34593338,1
105500,1,1,0.9368073,1
105501,1,1,0.9750835,1
105502,0,0,0.035544395,1
105503,0,1,0.99999416,0
105504,1,1,0.998345,1
105505,1,1,0.9997358,1
105506,1,1,0.9997367,1
105507,1,0,0.050470848,0
105508,0,0,0.08284563,1
105509,0,1,0.37324739,0
105510,1,1,1.0,1
105511,1,1,0.9991391,1
105512,1,0,0.08151975,0
105513,1,1,0.9999949,1
105514,0,0,0.29128316,1
105515,1,1,0.7396576,1
105516,0,0,0.17119972,1
105517,0,1,0.91062486,0
105518,1,1,0.9998859,1
105519,1,0,0.03919513,0
105520,1,1,0.92956835,1
105521,0,1,1.0,0
105522,0,0,0.13805456,1
105523,0,0,0.12033541,1
105524,1,1,0.99999785,1
105525,1,0,0.23493281,0
105526,1,1,0.9999993,1
105527,1,1,0.58231294,1
105528,0,1,0.82375413,0
105529,1,1,0.98197925,1
105530,0,0,0.2448141,1
105531,0,0,0.040999033,1
105532,1,1,0.9999949,1
105533,1,0,0.029367853,0
105534,0,1,0.99999404,0
105535,1,0,0.26095405,0
105536,1,0,0.10158944,0
105537,1,1,1.0,1
105538,1,0,0.079638734,0
105539,1,1,1.0,1
105540,1,0,0.26961398,0
105541,0,1,0.3774833,0
105542,0,1,0.9810946,0
105543,1,1,0.99999964,1
105544,0,0,0.05122493,1
105545,0,1,0.9996743,0
105546,0,1,0.99976856,0
105547,1,1,0.99999905,1
105548,0,1,0.86431044,0
105549,1,1,0.9972904,1
105550,1,1,0.9997247,1
105551,0,1,0.9935743,0
105552,0,0,0.13986565,1
105553,1,1,0.9999627,1
105554,0,0,0.31278965,1
105555,1,1,0.9957684,1
105556,0,0,0.25618014,1
105557,1,1,0.46389958,1
105558,0,1,0.9167827,0
105559,1,1,0.98337495,1
105560,1,1,1.0,1
105561,1,1,0.98141783,1
105562,0,0,0.25321415,1
105563,1,0,0.07323097,0
105564,1,1,0.9396923,1
105565,1,1,1.0,1
105566,0,1,0.9807842,0
105567,1,1,0.99999964,1
105568,0,0,0.16304526,1
105569,1,1,0.76100606,1
105570,1,1,0.985129,1
105571,0,0,0.22414035,1
105572,1,1,0.99824536,1
105573,1,1,0.9923786,1
105574,1,0,0.21617696,0
105575,0,1,0.9998574,0
105576,0,1,0.52908087,0
105577,1,1,0.72758853,1
105578,1,1,0.9921841,1
105579,1,1,0.9999994,1
105580,1,0,0.23757595,0
105581,1,1,1.0,1
105582,1,1,0.99293363,1
105583,1,1,0.9996381,1
105584,1,1,0.9999999,1
105585,1,1,0.9988028,1
105586,0,1,0.99974483,0
105587,1,1,0.99967873,1
105588,1,1,0.7352617,1
105589,0,1,0.9730621,0
105590,0,1,0.9130584,0
105591,0,0,0.17845424,1
105592,0,0,0.1256543,1
105593,1,1,0.9999999,1
105594,0,1,0.9400236,0
105595,1,1,0.9790958,1
105596,1,1,0.9976814,1
105597,0,0,0.07585818,1
105598,1,1,0.9999958,1
105599,1,0,0.11047115,0
105600,1,1,0.9958093,1
105601,0,0,0.12442563,1
105602,0,1,0.8130158,0
105603,1,1,1.0,1
105604,1,1,0.97583157,1
105605,0,1,0.9797453,0
105606,1,1,0.9999999,1
105607,0,1,0.9873262,0
105608,0,0,0.27096224,1
105609,0,0,0.08203305,1
105610,1,1,0.9999999,1
105611,1,1,0.99937123,1
105612,1,1,0.9948803,1
105613,1,1,0.99942744,1
105614,1,1,0.99888176,1
105615,1,1,0.4064202,1
105616,0,0,0.19360435,1
105617,1,1,0.6095823,1
105618,0,1,0.9310248,0
105619,1,0,0.28046855,0
105620,1,1,1.0,1
105621,0,1,0.9994956,0
105622,0,0,0.027376488,1
105623,1,1,0.9999999,1
105624,1,1,0.9403531,1
105625,0,1,0.611556,0
105626,0,0,0.33758557,1
105627,0,1,0.96835136,0
105628,1,1,0.9998416,1
105629,1,0,0.0527164,0
105630,0,1,1.0,0
105631,1,1,0.99988806,1
105632,1,1,0.98609793,1
105633,1,1,0.9999838,1
105634,1,1,0.9999951,1
105635,1,1,0.6143362,1
105636,1,1,0.8070808,1
105637,0,0,0.33856905,1
105638,0,1,0.4101655,0
105639,1,1,0.9881765,1
105640,0,0,0.08464396,1
105641,1,1,1.0,1
105642,1,1,1.0,1
105643,0,1,0.4447155,0
105644,0,1,0.9708817,0
105645,1,1,0.7641884,1
105646,0,0,0.19884089,1
105647,0,0,0.0054799085,1
105648,1,1,1.0,1
105649,0,1,0.63956726,0
105650,0,1,0.99389064,0
105651,0,0,0.055617616,1
105652,0,0,0.06080765,1
105653,1,1,0.99999964,1
105654,1,1,1.0,1
105655,1,1,0.55567634,1
105656,1,1,0.6579231,1
105657,1,1,0.99999166,1
105658,1,1,0.73862195,1
105659,1,1,1.0,1
105660,1,1,0.9999968,1
105661,0,1,0.9977349,0
105662,0,1,0.9729081,0
105663,0,1,0.615839,0
105664,0,0,0.15778463,1
105665,1,1,0.97331697,1
105666,0,0,0.088978484,1
105667,0,1,0.64751965,0
105668,0,1,0.9999964,0
105669,1,0,0.015365342,0
105670,1,1,0.86060363,1
105671,0,1,0.99999976,0
105672,1,1,0.9999999,1
105673,0,0,0.1501534,1
105674,0,0,0.17881243,1
105675,1,1,0.8322367,1
105676,0,0,0.21215041,1
105677,0,0,0.18847331,1
105678,1,0,0.15152933,0
105679,1,1,1.0,1
105680,1,1,0.67763406,1
105681,1,1,0.87525487,1
105682,1,1,1.0,1
105683,0,1,0.9841851,0
105684,1,1,0.9659639,1
105685,0,1,0.9941004,0
105686,0,1,0.9997775,0
105687,0,1,0.99993265,0
105688,1,1,1.0,1
105689,0,0,0.19140324,1
105690,1,1,0.7102265,1
105691,1,1,0.38044244,1
105692,1,1,0.99968064,1
105693,0,0,0.0058199596,1
105694,1,1,1.0,1
105695,1,1,0.8814109,1
105696,1,1,1.0,1
105697,1,1,1.0,1
105698,1,1,0.9537082,1
105699,1,0,0.10132237,0
105700,0,0,0.16667542,1
105701,0,0,0.27512974,1
105702,1,1,0.6390043,1
105703,0,0,0.07146149,1
105704,0,0,0.3346438,1
105705,0,0,0.019400762,1
105706,1,0,0.110855594,0
105707,0,1,0.99999976,0
105708,0,0,0.01798621,1
105709,0,0,0.042166542,1
105710,0,1,0.90044224,0
105711,1,0,0.05500529,0
105712,1,1,1.0,1
105713,1,1,1.0,1
105714,0,0,0.013415324,1
105715,0,1,0.4317938,0
105716,0,1,0.9032942,0
105717,0,1,0.75797355,0
105718,0,1,0.9994241,0
105719,1,1,1.0,1
105720,1,1,0.9429286,1
105721,1,1,0.9999392,1
105722,1,1,0.9999949,1
105723,0,0,0.32284617,1
105724,1,1,0.9999999,1
105725,1,0,0.1164622,0
105726,1,1,0.50506574,1
105727,1,0,0.07126734,0
105728,1,1,0.9999994,1
105729,1,1,0.999972,1
105730,1,0,0.18447348,0
105731,1,1,0.9999999,1
105732,0,1,0.90448195,0
105733,0,1,0.9951137,0
105734,0,1,0.9962419,0
105735,1,1,0.98302,1
105736,1,1,0.7441919,1
105737,1,1,0.84758973,1
105738,1,0,0.031678624,0
105739,0,1,0.9991221,0
105740,0,1,0.9920773,0
105741,1,1,0.99999905,1
105742,0,0,0.105210535,1
105743,1,1,0.9425596,1
105744,1,1,1.0,1
105745,0,1,0.9919224,0
105746,1,1,0.9997284,1
105747,0,0,0.21239536,1
105748,1,0,0.17924303,0
105749,1,1,0.9999994,1
105750,1,1,0.9999999,1
105751,0,0,0.05597775,1
105752,1,1,1.0,1
105753,0,1,0.999764,0
105754,0,1,0.98147124,0
105755,0,1,0.7205158,0
105756,1,1,0.99899954,1
105757,1,0,0.03061778,0
105758,1,1,0.9999999,1
105759,0,0,0.34449854,1
105760,1,1,0.4514172,1
105761,0,0,0.21239536,1
105762,1,1,0.9736196,1
105763,1,1,1.0,1
105764,0,1,0.35292625,0
105765,0,0,0.13609089,1
105766,1,1,0.9974885,1
105767,1,1,0.9999995,1
105768,0,1,0.6917577,0
105769,0,1,0.99999535,0
105770,1,1,0.9947084,1
105771,0,0,0.22051026,1
105772,1,1,0.9049869,1
105773,0,0,0.31473467,1
105774,1,1,0.9865458,1
105775,1,1,1.0,1
105776,1,1,0.99999976,1
105777,1,1,0.99999166,1
105778,0,1,0.65671337,0
105779,1,1,0.9999999,1
105780,0,0,0.30959746,1
105781,1,1,0.9690618,1
105782,1,1,0.6885208,1
105783,1,1,0.9941004,1
105784,1,1,0.99722075,1
105785,0,0,0.10539455,1
105786,1,1,0.89552265,1
105787,1,1,1.0,1
105788,1,1,0.999539,1
105789,1,1,0.9994956,1
105790,1,0,0.2944178,0
105791,0,0,0.27820778,1
105792,0,0,0.05500529,1
105793,1,0,0.16079244,0
105794,1,1,0.9405172,1
105795,1,1,0.999997,1
105796,1,0,0.041812986,0
105797,1,0,0.23065974,0
105798,1,1,1.0,1
105799,1,0,0.15993772,0
105800,1,0,0.014309456,0
105801,0,0,0.28279,1
105802,0,1,0.89561397,0
105803,1,1,0.9999943,1
105804,1,1,0.99816847,1
105805,1,0,0.14675854,0
105806,0,1,0.63062805,0
105807,1,1,0.9991573,1
105808,1,1,0.99999964,1
105809,0,1,0.3753057,0
105810,0,1,0.9971328,0
105811,0,1,1.0,0
105812,1,1,0.8601343,1
105813,0,0,0.20890425,1
105814,0,0,0.08487122,1
105815,0,1,0.99789655,0
105816,1,1,0.9999956,1
105817,1,1,0.9548163,1
105818,1,1,0.9997408,1
105819,1,1,0.60818696,1
105820,1,1,0.99994266,1
105821,0,1,0.9999503,0
105822,1,0,0.043691058,0
105823,1,1,0.9991768,1
105824,1,1,0.99995303,1
105825,1,1,0.9999937,1
105826,1,1,0.9999733,1
105827,1,1,0.99790895,1
105828,0,1,0.9999937,0
105829,1,1,1.0,1
105830,1,1,0.9999821,1
105831,0,1,0.996503,0
105832,1,1,0.41611433,1
105833,0,1,0.84273374,0
105834,1,1,0.99999976,1
105835,1,1,0.99990606,1
105836,1,0,0.19027226,0
105837,0,1,0.97285664,0
105838,0,0,0.099120855,1
105839,1,1,0.99974877,1
105840,0,0,0.08411581,1
105841,1,1,0.77081,1
105842,0,0,0.21667379,1
105843,0,1,0.38329497,0
105844,1,1,0.9293122,1
105845,0,0,0.14928317,1
105846,1,1,0.99928623,1
105847,1,1,0.99877197,1
105848,1,1,1.0,1
105849,0,0,0.11889567,1
105850,0,0,0.23908274,1
105851,1,1,0.42226636,1
105852,0,1,0.9783226,0
105853,1,0,0.2062538,0
105854,1,1,0.6045157,1
105855,1,1,0.99752253,1
105856,1,1,0.99998593,1
105857,0,0,0.068599865,1
105858,0,1,0.995906,0
105859,0,0,0.061255362,1
105860,1,1,0.9999999,1
105861,1,1,0.99998546,1
105862,0,1,0.8539127,0
105863,1,1,1.0,1
105864,1,1,1.0,1
105865,0,1,0.66806865,0
105866,1,1,0.5579055,1
105867,0,1,0.6472967,0
105868,1,1,0.9921841,1
105869,1,1,1.0,1
105870,0,0,0.30657893,1
105871,0,0,0.10141131,1
105872,1,1,1.0,1
105873,0,0,0.042364188,1
105874,1,1,1.0,1
105875,1,1,0.999974,1
105876,1,1,0.96354055,1
105877,0,0,0.338405,1
105878,1,1,0.99261135,1
105879,0,1,0.9982351,0
105880,1,1,0.3764512,1
105881,1,1,0.9999443,1
105882,1,1,0.88161486,1
105883,1,1,0.99999905,1
105884,1,1,0.99644804,1
105885,0,1,0.9991135,0
105886,1,1,0.44785267,1
105887,1,1,1.0,1
105888,1,1,0.48624003,1
105889,0,1,0.99880517,0
105890,1,0,0.02136889,0
105891,0,0,0.0020072423,1
105892,1,1,0.9986462,1
105893,0,0,0.26350462,1
105894,1,1,0.999995,1
105895,0,1,0.7277821,0
105896,0,1,0.45108467,0
105897,1,1,0.98574555,1
105898,0,0,0.06669065,1
105899,0,0,0.068599865,1
105900,1,0,0.07323097,0
105901,1,1,0.53181726,1
105902,1,1,1.0,1
105903,1,1,0.9060729,1
105904,0,0,0.21044159,1
105905,1,1,0.9991524,1
105906,1,1,0.9928509,1
105907,1,1,0.9985221,1
105908,0,1,0.8089743,0
105909,1,1,0.6474082,1
105910,1,1,1.0,1
105911,1,0,0.26903743,0
105912,1,1,0.99928623,1
105913,1,1,1.0,1
105914,0,0,0.06602512,1
105915,0,1,0.8502201,0
105916,1,1,0.69580334,1
105917,1,0,0.3227928,0
105918,1,1,0.95253,1
105919,1,0,0.32842174,0
105920,1,1,0.99898773,1
105921,1,0,0.1164622,0
105922,1,1,0.7148769,1
105923,1,0,0.19821933,0
105924,1,1,1.0,1
105925,0,1,0.66882616,0
105926,1,1,1.0,1
105927,0,0,0.083291925,1
105928,0,0,0.068288535,1
105929,0,0,0.25590113,1
105930,0,1,0.80185825,0
105931,1,0,0.022435622,0
105932,0,0,0.0882686,1
105933,1,1,0.99575186,1
105934,1,1,0.5980775,1
105935,0,0,0.056132775,1
105936,1,1,0.9999069,1
105937,0,1,0.60807055,0
105938,0,0,0.055874642,1
105939,1,1,0.99967563,1
105940,1,1,1.0,1
105941,0,1,0.97869223,0
105942,0,0,0.1908748,1
105943,0,1,0.97675806,0
105944,0,1,0.8518296,0
105945,0,1,0.496399,0
105946,1,1,0.99856466,1
105947,1,1,0.9999646,1
105948,1,1,1.0,1
105949,0,1,0.96432143,0
105950,0,0,0.037785765,1
105951,0,1,1.0,0
105952,0,0,0.020061804,1
105953,0,0,0.22084618,1
105954,0,0,0.070751965,1
105955,1,1,0.9844862,1
105956,0,1,0.8943289,0
105957,1,0,0.0631349,0
105958,0,0,0.031232351,1
105959,1,1,0.8680457,1
105960,0,1,0.9242787,0
105961,1,0,0.0002824081,0
105962,1,1,0.9993449,1
105963,1,1,0.99460465,1
105964,1,1,0.99978596,1
105965,1,1,0.9999883,1
105966,0,0,0.07606381,1
105967,1,1,0.99843603,1
105968,0,0,0.30409333,1
105969,1,1,0.9842457,1
105970,0,0,0.0245397,1
105971,0,1,0.99989605,0
105972,1,1,0.9996338,1
105973,0,1,0.3714786,0
105974,0,0,0.116864756,1
105975,0,1,0.99021614,0
105976,1,1,0.99995685,1
105977,0,1,0.9994012,0
105978,0,0,0.024030639,1
105979,1,1,0.99981695,1
105980,1,1,0.9990638,1
105981,0,1,0.7132818,0
105982,1,1,0.85342485,1
105983,0,1,0.83004373,0
105984,0,1,0.99898964,0
105985,1,1,0.9999577,1
105986,1,1,0.87037706,1
105987,0,0,0.0349467,1
105988,0,1,0.9922294,0
105989,0,1,0.99999166,0
105990,1,0,0.17788225,0
105991,0,0,0.008156249,1
105992,1,1,1.0,1
105993,0,0,0.07257096,1
105994,0,0,0.059866417,1
105995,1,1,0.8470844,1
105996,1,1,1.0,1
105997,1,1,0.99502736,1
105998,0,0,0.12368283,1
105999,1,1,1.0,1
106000,0,1,0.99999917,0
106001,0,1,0.42485932,0
106002,1,1,0.9999963,1
106003,0,1,0.9550264,0
106004,0,0,0.33796784,1
106005,0,1,0.74844426,0
106006,1,1,0.9997658,1
106007,1,0,0.0946777,0
106008,0,1,0.9906238,0
106009,0,0,0.3316607,1
106010,0,0,0.01374232,1
106011,0,0,0.06518703,1
106012,0,1,0.9998036,0
106013,1,1,0.9999577,1
106014,1,1,1.0,1
106015,1,1,0.99884856,1
106016,1,1,0.9895716,1
106017,1,1,0.99894124,1
106018,1,1,0.97313875,1
106019,1,1,0.9997092,1
106020,1,0,0.10212547,0
106021,0,0,0.3047654,1
106022,1,1,1.0,1
106023,0,0,0.10484337,1
106024,1,0,0.16933718,0
106025,1,1,0.98154205,1
106026,1,1,1.0,1
106027,1,0,0.12710989,0
106028,1,0,0.084947094,0
106029,1,1,0.99861956,1
106030,0,0,0.1154611,1
106031,0,0,0.037714817,1
106032,1,0,0.3241819,0
106033,1,1,0.8896248,1
106034,1,1,1.0,1
106035,1,1,0.36426857,1
106036,1,1,0.99647564,1
106037,1,1,1.0,1
106038,0,0,0.258326,1
106039,1,1,0.9999875,1
106040,1,1,0.9999987,1
106041,1,1,0.99720997,1
106042,1,1,0.9999981,1
106043,1,1,1.0,1
106044,1,1,0.72242916,1
106045,1,1,0.9999689,1
106046,1,0,0.34643072,0
106047,1,1,0.9999943,1
106048,0,0,0.028301448,1
106049,1,1,0.9965904,1
106050,1,1,0.7632191,1
106051,0,0,0.22346178,1
106052,1,1,0.9999515,1
106053,0,1,0.6836835,0
106054,1,0,0.17766814,0
106055,0,0,0.068975195,1
106056,1,0,0.082475364,0
106057,0,1,0.6611029,0
106058,1,1,0.9900058,1
106059,0,0,0.27115518,1
106060,1,1,0.99999774,1
106061,1,1,1.0,1
106062,1,1,0.99619776,1
106063,0,0,0.20705435,1
106064,1,1,1.0,1
106065,1,1,1.0,1
106066,1,1,0.9729081,1
106067,1,0,0.13603349,0
106068,1,1,0.4678484,1
106069,0,0,0.052570295,1
106070,1,1,1.0,1
106071,0,1,0.98187524,0
106072,0,0,0.04885778,1
106073,1,1,0.9992489,1
106074,1,0,0.1728689,0
106075,0,1,0.999652,0
106076,0,1,0.6971452,0
106077,1,0,0.19544049,0
106078,0,0,0.042882238,1
106079,1,1,1.0,1
106080,0,0,0.26095405,1
106081,0,1,0.9982827,0
106082,0,1,0.99984527,0
106083,1,1,0.70876724,1
106084,1,1,0.45768204,1
106085,1,1,0.62503767,1
106086,1,0,0.006971116,0
106087,1,1,1.0,1
106088,0,1,0.781914,0
106089,0,1,0.54292387,0
106090,0,1,0.9917163,0
106091,0,0,0.18877222,1
106092,0,0,0.029090757,1
106093,0,0,0.120438814,1
106094,1,1,0.9999995,1
106095,0,0,0.12179017,1
106096,0,0,0.032774985,1
106097,0,1,0.8369547,0
106098,1,0,0.05597775,0
106099,1,1,1.0,1
106100,0,0,0.073430054,1
106101,0,0,0.30316418,1
106102,0,0,0.15856485,1
106103,0,1,0.36940035,0
106104,1,1,0.99785525,1
106105,0,0,0.094176665,1
106106,0,0,0.111627996,1
106107,1,1,1.0,1
106108,1,1,0.95961094,1
106109,1,0,0.29482368,0
106110,0,0,0.029563345,1
106111,1,1,0.9999362,1
106112,0,1,0.9997241,0
106113,0,0,0.0876419,1
106114,1,0,0.08586245,0
106115,1,1,0.99892044,1
106116,0,1,0.88353777,0
106117,1,1,0.8080672,1
106118,0,1,0.9999708,0
106119,1,1,0.9992489,1
106120,0,0,0.15889087,1
106121,1,1,0.9870046,1
106122,1,1,0.9999888,1
106123,1,1,0.99886644,1
106124,1,1,1.0,1
106125,1,1,0.9961456,1
106126,1,1,0.9996965,1
106127,0,1,0.9293763,0
106128,0,1,0.98555213,0
106129,1,1,0.9183339,1
106130,1,1,1.0,1
106131,0,0,0.17196317,1
106132,1,0,0.019069158,0
106133,0,1,0.99308276,0
106134,0,1,0.65989846,0
106135,0,1,1.0,0
106136,0,0,0.061932698,1
106137,0,0,0.024656855,1
106138,0,1,0.80240077,0
106139,1,1,0.63301337,1
106140,1,1,0.999998,1
106141,1,1,1.0,1
106142,1,1,0.6886255,1
106143,1,0,0.32396796,0
106144,1,1,0.9999933,1
106145,0,1,0.99984825,0
106146,1,0,0.013584393,0
106147,1,1,0.66882616,1
106148,0,0,0.21223202,1
106149,0,0,0.11348131,1
106150,0,1,1.0,0
106151,0,1,0.9957104,0
106152,1,1,1.0,1
106153,0,1,0.99854773,0
106154,0,1,0.99977213,0
106155,0,0,0.29325265,1
106156,0,1,0.69342107,0
106157,1,1,1.0,1
106158,0,1,0.9999249,0
106159,0,0,0.035712164,1
106160,1,1,0.97966766,1
106161,1,1,0.99984276,1
106162,1,1,0.98138225,1
106163,1,1,1.0,1
106164,0,0,0.06153674,1
106165,1,1,1.0,1
106166,1,0,0.2163425,0
106167,1,1,0.9999243,1
106168,1,0,0.11299101,0
106169,1,1,0.9999845,1
106170,0,1,0.9518632,0
106171,0,1,0.96858984,0
106172,1,1,0.50262445,1
106173,0,0,0.025957359,1
106174,0,0,0.16844618,1
106175,0,0,0.061762713,1
106176,1,1,0.9994128,1
106177,1,1,0.79865825,1
106178,1,1,0.4283231,1
106179,0,0,0.2055353,1
106180,1,1,0.99998724,1
106181,1,1,1.0,1
106182,1,1,1.0,1
106183,0,1,0.9908035,0
106184,1,1,0.8440237,1
106185,0,0,0.29088014,1
106186,1,1,0.8806945,1
106187,0,0,0.14627008,1
106188,1,1,0.97601515,1
106189,1,0,0.005458661,0
106190,0,0,0.13568954,1
106191,0,0,0.0762012,1
106192,0,1,0.99978596,0
106193,0,0,0.011552671,1
106194,1,0,0.29178745,0
106195,1,1,0.9993135,1
106196,1,0,0.2846257,0
106197,0,0,0.017110892,1
106198,1,0,0.0031236487,0
106199,1,1,0.99999964,1
106200,1,1,0.9990471,1
106201,1,0,0.10894504,0
106202,0,1,0.7287483,0
106203,0,0,0.094426885,1
106204,0,0,0.12268078,1
106205,0,0,0.06142404,1
106206,1,1,1.0,1
106207,1,1,1.0,1
106208,1,1,1.0,1
106209,1,1,0.99583375,1
106210,1,1,0.9999927,1
106211,1,1,0.9309621,1
106212,0,0,0.036356665,1
106213,0,1,0.45060113,0
106214,1,1,0.9999869,1
106215,0,0,0.038178273,1
106216,0,0,0.014254464,1
106217,0,0,0.10604083,1
106218,1,1,0.38664764,1
106219,0,0,0.12879884,1
106220,1,1,0.9999994,1
106221,1,1,0.9992592,1
106222,0,0,0.29803148,1
106223,1,0,0.096705794,0
106224,0,1,0.9999994,0
106225,0,1,1.0,0
106226,1,1,0.928668,1
106227,1,1,0.40674415,1
106228,0,0,0.15713686,1
106229,0,1,0.4066558,0
106230,0,1,0.93963695,0
106231,1,0,0.03155902,0
106232,0,0,0.103205055,1
106233,1,1,1.0,1
106234,1,1,1.0,1
106235,0,0,0.2382842,1
106236,1,1,0.9988708,1
106237,1,1,0.882022,1
106238,0,0,0.11230769,1
106239,0,0,0.2339688,1
106240,1,1,0.9665687,1
106241,0,1,0.7899638,0
106242,0,1,0.3916386,0
106243,0,1,0.87716144,0
106244,1,1,0.94355595,1
106245,1,1,0.49038815,1
106246,0,0,0.05218253,1
106247,1,0,0.037892424,0
106248,0,1,0.99865156,0
106249,1,0,0.16512138,0
106250,0,1,0.54237854,0
106251,1,0,0.2220247,0
106252,0,1,0.99999547,0
106253,1,0,0.06296183,0
106254,0,1,0.9990582,0
106255,0,1,0.97889495,0
106256,0,1,0.6800824,0
106257,0,1,0.7330221,0
106258,0,0,0.10502681,1
106259,0,0,0.02143024,1
106260,1,0,0.13683893,0
106261,1,1,0.97678024,1
106262,1,1,0.99999845,1
106263,1,1,1.0,1
106264,1,1,0.9999958,1
106265,1,1,0.9999988,1
106266,0,1,0.35231322,0
106267,0,0,0.049819652,1
106268,1,1,0.9918121,1
106269,0,1,0.95719784,0
106270,0,0,0.050424065,1
106271,1,1,0.99999213,1
106272,0,1,0.9882902,0
106273,0,0,0.0882686,1
106274,0,1,0.99999964,0
106275,0,1,1.0,0
106276,1,0,0.3233801,0
106277,1,1,1.0,1
106278,1,1,0.99997926,1
106279,0,0,0.26232183,1
106280,1,1,1.0,1
106281,1,1,0.99999833,1
106282,0,0,0.034815192,1
106283,1,1,0.9999907,1
106284,1,1,0.9959849,1
106285,1,1,1.0,1
106286,0,1,0.7745834,0
106287,0,0,0.21321328,1
106288,1,1,0.6808256,1
106289,1,1,0.9761973,1
106290,1,1,0.95846003,1
106291,1,1,0.8308688,1
106292,1,1,0.99999964,1
106293,1,1,0.48157573,1
106294,1,0,0.22354652,0
106295,1,1,0.99998224,1
106296,1,1,0.762866,1
106297,0,0,0.028220985,1
106298,0,1,0.95159405,0
106299,1,1,1.0,1
106300,0,0,0.09842541,1
106301,1,1,0.9955142,1
106302,0,1,0.4632014,0
106303,0,0,0.124905184,1
106304,1,1,0.99760795,1
106305,1,1,0.99991345,1
106306,0,0,0.20946968,1
106307,1,1,0.99983454,1
106308,1,1,1.0,1
106309,1,1,0.9977525,1
106310,0,0,0.07510853,1
106311,1,0,0.06614567,0
106312,1,1,0.99999917,1
106313,1,1,0.9994461,1
106314,0,1,0.5663184,0
106315,0,1,0.9987232,0
106316,1,1,1.0,1
106317,0,1,0.39082456,0
106318,0,1,0.9997347,0
106319,0,1,0.9998574,0
106320,1,0,0.11828322,0
106321,1,1,0.9951609,1
106322,1,1,1.0,1
106323,0,1,0.9991048,0
106324,1,1,1.0,1
106325,0,0,0.1510278,1
106326,1,1,0.74400586,1
106327,0,1,0.44116133,0
106328,1,0,0.0689125,0
106329,1,0,0.2987982,0
106330,1,0,0.11075938,0
106331,0,0,0.12341844,1
106332,0,0,0.03971326,1
106333,0,0,0.048767094,1
106334,0,1,0.5042113,0
106335,1,1,0.41134733,1
106336,0,1,0.9634031,0
106337,0,0,0.21601154,1
106338,0,1,0.48706344,0
106339,0,1,0.99952257,0
106340,1,1,0.3833527,1
106341,1,1,1.0,1
106342,1,1,0.961642,1
106343,0,1,0.8059378,0
106344,1,1,0.980034,1
106345,1,1,0.9863631,1
106346,0,1,0.4233686,0
106347,0,0,0.16728666,1
106348,1,1,0.84619683,1
106349,0,0,0.1365508,1
106350,0,1,0.98213416,0
106351,1,1,0.9999962,1
106352,0,0,0.28846887,1
106353,0,0,0.04535258,1
106354,0,1,0.4018345,0
106355,1,0,0.15304215,0
106356,1,1,0.99805814,1
106357,0,1,0.99997544,0
106358,1,0,0.17203271,0
106359,0,1,0.9498557,0
106360,1,1,0.9999999,1
106361,1,1,0.9999999,1
106362,1,0,0.25580814,0
106363,1,0,0.28686795,0
106364,1,1,0.8250265,1
106365,1,1,0.99946946,1
106366,0,1,0.9998253,0
106367,0,1,0.9978002,0
106368,0,1,0.9999995,0
106369,1,1,0.41389167,1
106370,1,1,0.9985758,1
106371,0,1,0.998487,0
106372,0,1,0.91543174,0
106373,1,1,0.99998605,1
106374,1,0,0.044847906,0
106375,1,0,0.10502681,0
106376,1,1,1.0,1
106377,1,1,0.9300146,1
106378,0,1,0.9687676,0
106379,0,0,0.12549345,1
106380,1,1,0.99261135,1
106381,0,1,0.5454673,0
106382,0,0,0.0012327608,1
106383,1,0,0.025565214,0
106384,0,0,0.0091787735,1
106385,1,1,0.9421352,1
106386,1,1,1.0,1
106387,1,1,0.9882902,1
106388,0,0,0.26966205,1
106389,1,1,0.99931884,1
106390,0,1,0.9999403,0
106391,0,1,0.99999213,0
106392,1,1,0.6058573,1
106393,0,1,0.4327824,0
106394,0,1,0.9992706,0
106395,1,0,0.3420219,0
106396,0,1,0.5628374,0
106397,0,1,0.99613816,0
106398,0,1,0.9773492,0
106399,0,1,0.9828892,0
106400,0,0,0.3471774,1
106401,1,1,0.99996734,1
106402,0,1,0.7972413,0
106403,1,1,1.0,1
106404,0,0,0.11526177,1
106405,1,0,0.27884555,0
106406,1,0,0.018229289,0
106407,1,0,0.13341522,0
106408,1,1,0.99999976,1
106409,0,0,0.12792476,1
106410,0,1,0.51427835,0
106411,1,1,0.9960083,1
106412,0,1,0.9998702,0
106413,0,1,0.9999155,0
106414,0,1,0.6717398,0
106415,0,1,0.4984741,0
106416,1,1,0.99999774,1
106417,1,1,0.6836835,1
106418,1,1,1.0,1
106419,1,1,0.98623115,1
106420,0,1,0.74761593,0
106421,0,1,0.9672869,0
106422,0,1,1.0,0
106423,1,1,1.0,1
106424,1,1,0.9999734,1
106425,1,1,0.99921906,1
106426,1,1,0.99999976,1
106427,1,1,0.9993,1
106428,1,1,0.999892,1
106429,1,1,1.0,1
106430,0,0,0.10511863,1
106431,0,0,0.18772759,1
106432,1,1,0.99997497,1
106433,1,1,1.0,1
106434,0,1,0.7761991,0
106435,0,0,0.3350788,1
106436,1,1,0.9996567,1
106437,1,0,0.18937114,0
106438,1,1,0.8418256,1
106439,0,1,0.8109285,0
106440,0,1,0.8465777,0
106441,1,1,0.99999976,1
106442,0,1,0.5009155,0
106443,0,0,0.037892424,1
106444,0,0,0.09790669,1
106445,1,1,0.7303861,1
106446,0,0,0.16046326,1
106447,1,1,0.9966691,1
106448,0,0,0.31568325,1
106449,0,1,0.99973255,0
106450,0,0,0.06336634,1
106451,0,0,0.30876312,1
106452,0,0,0.022137716,1
106453,0,0,0.008494837,1
106454,1,1,0.9990434,1
106455,0,1,0.7966091,0
106456,1,1,0.8556101,1
106457,1,1,0.99608517,1
106458,0,0,0.27771777,1
106459,1,1,0.99915576,1
106460,0,1,0.6580331,0
106461,1,1,0.99997056,1
106462,1,1,0.993807,1
106463,0,1,1.0,0
106464,1,1,0.95735765,1
106465,0,1,0.90252376,0
106466,1,0,0.10194652,0
106467,1,1,0.9999976,1
106468,1,0,0.16000333,0
106469,1,1,1.0,1
106470,0,1,0.36945724,0
106471,1,1,1.0,1
106472,1,1,0.9870546,1
106473,0,1,0.9910493,0
106474,0,1,1.0,0
106475,0,0,0.1365508,1
106476,1,1,0.9999999,1
106477,0,1,0.36240488,0
106478,0,0,0.06717857,1
106479,1,1,0.9097468,1
106480,1,1,0.9966756,1
106481,1,0,0.0065388246,0
106482,0,0,0.13523209,1
106483,0,0,0.24328268,1
106484,1,1,1.0,1
106485,0,0,0.20157737,1
106486,0,0,0.052862898,1
106487,1,1,0.982031,1
106488,0,0,0.05014425,1
106489,1,1,0.9999932,1
106490,0,0,0.23890513,1
106491,1,1,0.9999918,1
106492,1,1,0.952882,1
106493,1,1,1.0,1
106494,0,0,0.012170629,1
106495,0,1,0.98947024,0
106496,1,1,1.0,1
106497,0,1,0.3960098,0
106498,0,0,0.26702574,1
106499,0,1,0.82204634,0
106500,0,0,0.07878402,1
106501,1,1,0.9870297,1
106502,1,1,1.0,1
106503,0,1,0.99791294,0
106504,1,1,0.60597396,1
106505,1,0,0.22270013,0
106506,0,0,0.059319146,1
106507,0,1,0.42453125,0
106508,0,1,0.9998499,0
106509,0,0,0.012624949,1
106510,1,1,0.99996424,1
106511,1,1,0.99999034,1
106512,1,1,0.99999654,1
106513,1,1,0.8967045,1
106514,0,0,0.04468087,1
106515,0,1,0.9992749,0
106516,1,0,0.14915918,0
106517,0,0,0.043042846,1
106518,0,1,0.7639243,0
106519,1,1,0.9239362,1
106520,1,0,0.2825425,0
106521,1,1,0.70043397,1
106522,0,0,0.20473911,1
106523,1,1,0.99999845,1
106524,0,1,0.99999976,0
106525,0,1,0.9987232,0
106526,1,0,0.1510904,0
106527,0,0,0.12147716,1
106528,0,0,0.15591201,1
106529,1,1,0.9999924,1
106530,1,1,0.49401885,1
106531,0,1,0.6484107,0
106532,0,0,0.045734633,1
106533,1,0,0.14749378,0
106534,0,0,0.28487432,1
106535,1,1,0.43626174,1
106536,0,1,0.83973396,0
106537,1,1,0.9902351,1
106538,1,1,0.9999454,1
106539,0,0,0.20291662,1
106540,1,1,1.0,1
106541,0,0,0.13432106,1
106542,1,1,0.69642305,1
106543,1,1,0.99400806,1
106544,0,1,0.9995016,0
106545,1,0,0.059428226,0
106546,1,1,0.82796735,1
106547,1,1,1.0,1
106548,0,1,0.9278225,0
106549,1,0,0.12651514,0
106550,0,1,0.60626537,0
106551,1,1,0.9999994,1
106552,1,1,0.9999443,1
106553,0,0,0.06841291,1
106554,1,1,0.9983418,1
106555,0,0,0.11362877,1
106556,1,1,1.0,1
106557,1,1,0.9999087,1
106558,0,0,0.0033700461,1
106559,0,0,0.1187934,1
106560,1,1,0.99565166,1
106561,0,1,0.45589495,0
106562,1,0,0.21958841,0
106563,1,1,0.99999475,1
106564,0,1,0.4571973,0
106565,1,1,0.5900707,1
106566,1,1,1.0,1
106567,1,1,0.99999964,1
106568,1,1,0.99999285,1
106569,0,0,0.017375663,1
106570,1,1,0.99996495,1
106571,1,1,0.9999987,1
106572,0,0,0.047558397,1
106573,1,1,0.999997,1
106574,0,1,0.99746394,0
106575,0,0,0.015603534,1
106576,0,1,0.99187535,0
106577,1,0,0.14523655,0
106578,1,1,0.9985979,1
106579,0,0,0.057652235,1
106580,0,0,0.011961098,1
106581,1,1,0.9998945,1
106582,1,1,0.99895966,1
106583,1,0,0.04577727,0
106584,1,0,0.20721471,0
106585,0,1,0.7666432,0
106586,1,1,0.91352236,1
106587,0,0,0.31205544,1
106588,1,1,0.9990619,1
106589,1,1,0.96381396,1
106590,0,1,0.92736334,0
106591,1,1,0.61120796,1
106592,0,0,0.09568695,1
106593,1,1,0.99816847,1
106594,1,1,0.99830914,1
106595,0,0,0.06681232,1
106596,1,1,1.0,1
106597,0,1,0.99368566,0
106598,0,0,0.043042846,1
106599,1,1,0.99634284,1
106600,0,0,0.066629894,1
106601,0,0,0.068102375,1
106602,1,1,0.9999987,1
106603,0,0,0.033526164,1
106604,1,1,0.9999926,1
106605,0,1,0.83894384,0
106606,1,0,0.15934816,0
106607,1,0,0.16072656,0
106608,1,1,0.5521171,1
106609,1,1,1.0,1
106610,0,1,0.9994956,0
106611,1,1,0.5452252,1
106612,1,1,0.8552477,1
106613,0,0,0.13822897,1
106614,1,1,0.99977034,1
106615,0,0,0.28736767,1
106616,1,1,0.6865277,1
106617,0,1,0.9851576,0
106618,0,0,0.040922306,1
106619,0,0,0.07237402,1
106620,0,1,0.6217706,0
106621,0,0,0.14971778,1
106622,1,1,0.9879695,1
106623,1,1,0.6673103,1
106624,0,1,0.98752034,0
106625,1,0,0.05839952,0
106626,0,0,0.22979435,1
106627,0,1,0.9696707,0
106628,0,1,0.9561454,0
106629,0,0,0.023464657,1
106630,1,1,0.85195273,1
106631,0,1,0.99991345,0
106632,1,0,0.28081354,0
106633,0,0,0.023241922,1
106634,1,1,0.6547292,1
106635,1,1,0.999969,1
106636,1,1,0.99997663,1
106637,0,0,0.16418117,1
106638,0,0,0.3473157,1
106639,0,0,0.048092045,1
106640,1,1,1.0,1
106641,0,0,0.0020111585,1
106642,0,1,0.53977174,0
106643,0,1,0.8134608,0
106644,1,1,0.99986017,1
106645,0,0,0.15215817,1
106646,0,1,0.41303316,0
106647,1,0,0.0077856546,0
106648,1,1,0.9003547,1
106649,1,0,0.17967446,0
106650,1,1,0.9999987,1
106651,1,1,0.51067954,1
106652,1,1,0.58385605,1
106653,1,0,0.0610871,0
106654,0,1,0.59066117,0
106655,1,1,0.9987696,1
106656,0,1,0.9997029,0
106657,1,1,0.9999999,1
106658,1,0,0.2574849,0
106659,1,1,0.9999957,1
106660,0,1,0.9820655,0
106661,0,0,0.04733772,1
106662,1,0,0.007606673,0
106663,0,1,0.96028674,0
106664,0,0,0.22329238,1
106665,0,1,0.8337311,0
106666,1,1,0.85427785,1
106667,1,1,1.0,1
106668,0,0,0.14786254,1
106669,0,1,0.9668201,0
106670,0,1,0.4813319,0
106671,1,1,0.9826576,1
106672,0,1,0.47925997,0
106673,1,0,0.29299974,0
106674,0,0,0.089375086,1
106675,1,1,0.9992606,1
106676,1,1,1.0,1
106677,1,1,0.99361163,1
106678,0,1,0.9626381,0
106679,0,1,0.9984207,0
106680,1,0,0.034618836,0
106681,0,1,0.999764,0
106682,0,0,0.1419343,1
106683,0,0,0.31310466,1
106684,1,1,0.7552762,1
106685,1,1,0.99996066,1
106686,1,1,0.99923277,1
106687,0,0,0.07793769,1
106688,1,1,1.0,1
106689,1,1,1.0,1
106690,1,1,0.94901186,1
106691,1,1,0.92290026,1
106692,0,1,0.92043275,0
106693,0,0,0.06530615,1
106694,1,1,0.9999987,1
106695,1,1,0.5005493,1
106696,1,1,0.59837085,1
106697,1,1,1.0,1
106698,0,1,0.41149512,0
106699,0,1,0.9669453,0
106700,0,0,0.06669065,1
106701,1,1,0.49481216,1
106702,0,1,0.99629277,0
106703,0,1,0.96912026,0
106704,1,0,0.06872476,0
106705,1,1,1.0,1
106706,1,0,0.07504072,0
106707,0,0,0.056809194,1
106708,1,1,1.0,1
106709,0,1,0.99029154,0
106710,1,1,0.9999528,1
106711,1,1,1.0,1
106712,1,1,0.9999987,1
106713,0,0,0.24580847,1
106714,0,0,0.09186979,1
106715,1,0,0.014742793,0
106716,1,0,0.1187934,0
106717,0,0,0.0808641,1
106718,1,1,1.0,1
106719,1,1,0.99999774,1
106720,1,1,0.9998907,1
106721,0,0,0.06632688,1
106722,1,1,0.7281688,1
106723,1,1,0.991032,1
106724,0,1,0.55459106,0
106725,0,1,0.8868131,0
106726,1,1,0.99998355,1
106727,0,1,0.7074552,0
106728,1,1,0.9997584,1
106729,1,1,1.0,1
106730,0,0,0.13262686,1
106731,1,1,0.3691445,1
106732,0,1,0.6072557,0
106733,0,0,0.06760824,1
106734,0,1,0.99991107,0
106735,0,1,0.52835095,0
106736,0,1,0.99999917,0
106737,0,1,0.47612292,0
106738,1,1,1.0,1
106739,1,1,0.99228936,1
106740,1,0,0.083740406,0
106741,1,1,0.9867005,1
106742,1,0,0.049085185,0
106743,0,1,0.66197747,0
106744,1,0,0.05424881,0
106745,1,1,0.9844862,1
106746,1,1,0.69206995,1
106747,1,1,0.9999844,1
106748,1,1,0.9505947,1
106749,0,0,0.10875559,1
106750,1,1,1.0,1
106751,0,1,0.9913223,0
106752,0,0,0.023375314,1
106753,0,0,0.012241274,1
106754,1,1,0.9993,1
106755,0,1,0.99999595,0
106756,1,1,0.412471,1
106757,0,0,0.22295383,1
106758,1,1,0.8550057,1
106759,1,1,0.9999964,1
106760,1,0,0.29103124,0
106761,1,1,0.99983,1
106762,0,0,0.19200854,1
106763,1,1,0.98342276,1
106764,1,1,0.99999094,1
106765,1,1,0.6142205,1
106766,1,1,0.87125593,1
106767,0,0,0.10203597,1
106768,0,1,0.5940215,0
106769,0,1,1.0,0
106770,0,0,0.12474515,1
106771,1,1,0.5374663,1
106772,0,1,0.97587764,0
106773,1,1,0.99349916,1
106774,1,1,0.99987066,1
106775,1,1,1.0,1
106776,1,1,0.99988043,1
106777,0,0,0.049912184,1
106778,0,1,0.61335236,0
106779,1,0,0.090494074,0
106780,0,1,0.7014575,0
106781,0,1,0.99983656,0
106782,1,1,1.0,1
106783,1,1,0.9998029,1
106784,1,1,0.9999906,1
106785,1,0,0.012053779,0
106786,0,0,0.062160026,1
106787,1,1,1.0,1
106788,1,1,0.992725,1
106789,1,0,0.07185127,0
106790,0,0,0.19806418,1
106791,1,1,0.99979585,1
106792,1,1,0.9999999,1
106793,1,1,0.9603239,1
106794,1,1,0.9999988,1
106795,1,1,0.9999881,1
106796,1,1,0.79597545,1
106797,1,1,0.78473175,1
106798,1,1,0.8709269,1
106799,1,1,0.99985623,1
106800,1,1,0.99999964,1
106801,0,1,0.99788433,0
106802,1,1,0.9992931,1
106803,1,1,1.0,1
106804,1,1,1.0,1
106805,1,1,0.9990245,1
106806,0,0,0.06348236,1
106807,1,0,0.12803373,0
106808,0,1,0.9167081,0
106809,0,0,0.25580814,1
106810,1,1,0.5122046,1
106811,0,0,0.014281933,1
106812,1,1,0.99835473,1
106813,0,1,0.99291986,0
106814,1,0,0.0393425,0
106815,1,1,0.5089712,1
106816,1,1,0.9366916,1
106817,1,1,0.99990976,1
106818,1,1,0.9999831,1
106819,0,0,0.17189364,1
106820,1,1,0.90723,1
106821,1,1,0.99999523,1
106822,1,0,0.27649513,0
106823,0,1,0.9773924,0
106824,0,1,0.9534921,0
106825,1,1,0.99999976,1
106826,1,1,0.9995566,1
106827,0,0,0.012407696,1
106828,0,1,0.62755185,0
106829,1,1,0.99300176,1
106830,1,1,1.0,1
106831,1,1,0.58130306,1
106832,0,0,0.29214072,1
106833,1,0,0.0072749583,0
106834,1,1,0.9999999,1
106835,0,1,0.98715407,0
106836,0,0,0.18454698,1
106837,1,1,0.9989778,1
106838,0,0,0.098079324,1
106839,0,1,0.9980696,0
106840,0,0,0.29482368,1
106841,0,0,0.07270252,1
106842,1,1,1.0,1
106843,0,0,0.23545979,1
106844,0,1,0.9893063,0
106845,0,0,0.00043563012,1
106846,0,1,0.8498466,0
106847,1,1,0.999892,1
106848,1,1,0.99898964,1
106849,1,1,0.99447733,1
106850,0,1,0.99974984,0
106851,1,1,0.62789416,1
106852,1,1,0.9999968,1
106853,1,1,1.0,1
106854,1,1,0.99987566,1
106855,1,1,0.8774768,1
106856,1,1,0.76550573,1
106857,1,1,0.99014014,1
106858,0,1,0.9997749,0
106859,0,0,0.2155158,1
106860,0,1,0.7551859,0
106861,1,1,1.0,1
106862,1,1,0.99731654,1
106863,0,1,0.6025294,0
106864,1,1,0.94224155,1
106865,1,1,0.8812066,1
106866,0,0,0.22575781,1
106867,1,1,1.0,1
106868,1,0,0.108377546,0
106869,0,1,0.9114953,0
106870,1,1,0.9964551,1
106871,1,1,1.0,1
106872,1,1,0.99986124,1
106873,1,1,0.9999999,1
106874,0,1,0.9430336,0
106875,0,1,0.55935025,0
106876,1,0,0.31896228,0
106877,0,0,0.18683577,1
106878,1,1,0.99999774,1
106879,1,1,1.0,1
106880,1,0,0.08479541,0
106881,0,1,0.99491006,0
106882,0,1,0.4923712,0
106883,1,0,0.16324526,0
106884,1,1,0.9999957,1
106885,1,1,0.97249323,1
106886,1,1,1.0,1
106887,1,1,0.93593454,1
106888,0,1,0.995523,0
106889,0,0,0.24023944,1
106890,0,1,0.35147798,0
106891,1,1,0.999997,1
106892,0,0,0.20087102,1
106893,0,0,0.12210386,1
106894,1,1,0.9999999,1
106895,1,1,0.9692369,1
106896,0,1,0.8162599,0
106897,0,1,0.6180315,0
106898,1,1,0.9859634,1
106899,0,1,0.97573924,0
106900,1,1,0.99999917,1
106901,1,0,0.0068637813,0
106902,1,1,0.99817204,1
106903,1,0,0.057440385,0
106904,0,1,0.91367656,0
106905,1,1,1.0,1
106906,0,0,0.1272725,1
106907,1,0,0.022222437,0
106908,1,1,1.0,1
106909,0,0,0.32589588,1
106910,0,0,0.10669061,1
106911,0,1,0.99995315,0
106912,0,0,0.19977595,1
106913,1,0,0.10079008,0
106914,0,0,0.124213,1
106915,1,0,0.20497774,0
106916,1,1,1.0,1
106917,1,1,0.83575183,1
106918,1,1,0.9887554,1
106919,1,1,1.0,1
106920,0,0,0.19459729,1
106921,1,1,0.99976677,1
106922,0,0,0.08866235,1
106923,0,0,0.026531339,1
106924,0,0,0.28821838,1
106925,0,1,0.5841525,0
106926,1,0,0.02143024,0
106927,0,0,0.2216875,1
106928,1,1,0.99998116,1
106929,1,1,0.9998832,1
106930,1,0,0.0042729364,0
106931,0,0,0.11018359,1
106932,0,0,0.052521676,1
106933,0,0,0.10989669,1
106934,1,1,0.99343574,1
106935,0,0,0.052911807,1
106936,1,1,0.9999974,1
106937,0,1,0.9583042,0
106938,1,0,0.25795195,0
106939,1,0,0.056756895,0
106940,0,1,0.46587345,0
106941,1,1,1.0,1
106942,0,1,0.87663436,0
106943,0,1,0.8750415,0
106944,0,0,0.23528405,1
106945,1,1,1.0,1
106946,1,1,0.8007699,1
106947,0,0,0.13415082,1
106948,0,0,0.15203224,1
106949,1,1,0.99908364,1
106950,1,0,0.0046006194,0
106951,0,1,0.83642095,0
106952,0,1,0.7353567,0
106953,0,1,0.9622852,0
106954,0,0,0.22034244,1
106955,0,1,0.7985012,0
106956,0,0,0.09097748,1
106957,1,1,1.0,1
106958,0,0,0.07899691,1
106959,1,1,0.999332,1
106960,0,0,0.07971035,1
106961,0,0,0.17716932,1
106962,1,1,0.9889705,1
106963,1,1,0.99952257,1
106964,1,1,1.0,1
106965,1,1,1.0,1
106966,1,1,0.9997826,1
106967,1,1,0.90540594,1
106968,1,1,0.9999478,1
106969,0,0,0.09721884,1
106970,0,0,0.21345916,1
106971,1,1,0.99903023,1
106972,0,1,0.8446654,0
106973,1,1,0.87674,1
106974,1,1,1.0,1
106975,1,1,1.0,1
106976,1,1,0.9841851,1
106977,0,0,0.024191484,1
106978,1,1,0.96102494,1
106979,1,1,1.0,1
106980,0,0,0.0073886756,1
106981,0,0,0.029647512,1
106982,1,0,0.25082102,0
106983,1,1,0.96882665,1
106984,0,0,0.09081609,1
106985,0,0,0.32060856,1
106986,1,1,0.9999802,1
106987,0,1,0.8975158,0
106988,1,0,0.0422455,0
106989,0,1,0.99601597,0
106990,1,1,0.999824,1
106991,1,1,1.0,1
106992,0,1,0.4525359,0
106993,0,1,0.9999956,0
106994,1,1,1.0,1
106995,0,0,0.06080765,1
106996,1,0,0.14481276,0
106997,1,1,0.9993081,1
106998,1,1,0.9835812,1
106999,0,1,0.9956262,0
107000,0,1,0.505615,0
107001,0,1,0.35409796,0
107002,0,0,0.3354053,1
107003,1,1,0.9999999,1
107004,1,1,0.99999917,1
107005,0,0,0.1304515,1
107006,0,0,0.002111584,1
107007,1,1,0.5842119,1
107008,1,0,0.2552508,0
107009,1,1,0.9070655,1
107010,0,1,0.99094474,0
107011,1,1,1.0,1
107012,1,0,0.10809477,0
107013,0,1,0.3840744,0
107014,1,1,0.7929457,1
107015,0,1,0.6735676,0
107016,0,1,0.99937856,0
107017,0,0,0.0894546,1
107018,1,0,0.047691282,0
107019,1,1,0.9999999,1
107020,0,1,0.9999838,0
107021,0,0,0.13290796,1
107022,0,0,0.009652304,1
107023,0,0,0.06903792,1
107024,1,1,0.9987257,1
107025,0,0,0.0049245106,1
107026,0,1,0.99999475,0
107027,0,0,0.14276889,1
107028,0,1,0.9374402,0
107029,1,0,0.039787814,0
107030,1,1,0.9953725,1
107031,1,1,0.9999989,1
107032,0,0,0.13666598,1
107033,1,0,0.01583014,0
107034,1,1,0.98089427,1
107035,0,0,0.27328336,1
107036,0,0,0.01533582,1
107037,1,1,0.99995804,1
107038,0,0,0.16331196,1
107039,1,1,0.99550545,1
107040,1,0,0.02176037,0
107041,0,1,0.4625034,0
107042,1,1,0.9999999,1
107043,1,1,1.0,1
107044,0,1,0.96069443,0
107045,0,0,0.039527465,1
107046,1,1,0.48364842,1
107047,1,0,0.27284724,0
107048,0,1,0.9999083,0
107049,1,1,0.9858549,1
107050,1,1,0.98638946,1
107051,1,1,1.0,1
107052,0,1,0.6794446,0
107053,0,1,1.0,0
107054,1,1,0.76568097,1
107055,0,0,0.028167473,1
107056,0,1,0.9999243,0
107057,1,0,0.031678624,0
107058,1,1,0.999159,1
107059,1,0,0.10894504,0
107060,1,1,1.0,1
107061,0,0,0.21239536,1
107062,0,0,0.32756075,1
107063,0,0,0.001032231,1
107064,0,1,1.0,0
107065,0,0,0.009340025,1
107066,0,1,0.99999714,0
107067,1,1,0.99959,1
107068,0,0,0.039048295,1
107069,0,1,0.97999567,0
107070,0,0,0.05374995,1
107071,1,0,0.09687654,0
107072,1,1,0.80069196,1
107073,1,1,0.99999905,1
107074,1,1,0.99865156,1
107075,1,1,0.9908744,1
107076,1,0,0.18032306,0
107077,0,0,0.0288983,1
107078,1,1,0.99999547,1
107079,1,1,0.99999344,1
107080,0,0,0.30761793,1
107081,1,1,0.8171371,1
107082,0,1,0.6412539,0
107083,0,1,0.45771235,0
107084,0,1,0.8315539,0
107085,0,0,0.06348236,1
107086,0,0,0.057652235,1
107087,0,1,0.68747264,0
107088,0,1,0.3544331,0
107089,1,1,1.0,1
107090,1,1,1.0,1
107091,1,1,0.9999982,1
107092,1,1,1.0,1
107093,0,0,0.10800066,1
107094,1,1,0.99624926,1
107095,1,1,1.0,1
107096,1,1,0.98215127,1
107097,1,0,0.069289416,0
107098,1,1,0.99971086,1
107099,0,0,0.12215622,1
107100,0,1,0.42140296,0
107101,1,1,1.0,1
107102,1,1,0.9932288,1
107103,1,1,0.6864226,1
107104,1,1,0.9996402,1
107105,0,0,0.044472914,1
107106,0,1,0.9999862,0
107107,1,1,0.99909246,1
107108,0,0,0.051510453,1
107109,1,1,1.0,1
107110,1,1,0.99165195,1
107111,1,0,0.09636511,0
107112,1,1,0.99709916,1
107113,1,1,1.0,1
107114,1,1,0.60375667,1
107115,0,0,0.02143024,1
107116,0,1,0.9999914,0
107117,1,1,0.9992986,1
107118,1,0,0.029423581,0
107119,1,1,0.53376204,1
107120,1,0,0.14651415,0
107121,1,1,0.9999999,1
107122,1,1,0.99975747,1
107123,0,0,0.024076486,1
107124,0,0,0.06506812,1
107125,0,1,0.82261705,0
107126,1,1,0.9946878,1
107127,1,1,1.0,1
107128,1,1,1.0,1
107129,0,0,0.22661243,1
107130,1,1,0.9394706,1
107131,0,1,0.86960393,0
107132,0,0,0.12278593,1
107133,0,0,0.29482368,1
107134,1,0,0.049085185,0
107135,0,1,0.89368117,0
107136,1,1,0.98272413,1
107137,1,1,1.0,1
107138,1,1,0.9999634,1
107139,0,0,0.32696947,1
107140,0,1,0.9999969,0
107141,1,1,0.99999976,1
107142,1,0,0.014785409,0
107143,1,1,0.9999691,1
107144,1,1,1.0,1
107145,1,1,0.9999944,1
107146,1,1,0.99998367,1
107147,1,1,0.999539,1
107148,1,0,0.06296183,0
107149,1,1,0.85415626,1
107150,1,1,0.7823301,1
107151,1,1,1.0,1
107152,0,1,0.9676251,0
107153,1,0,0.09623763,0
107154,1,1,0.99998903,1
107155,1,1,1.0,1
107156,1,1,0.62983155,1
107157,0,0,0.06244529,1
107158,1,1,0.4046251,1
107159,1,0,0.282691,0
107160,1,1,0.8709269,1
107161,1,1,0.41561025,1
107162,0,1,0.76038384,0
107163,0,0,0.09384396,1
107164,1,1,0.99999905,1
107165,1,1,0.53722346,1
107166,1,1,1.0,1
107167,1,1,1.0,1
107168,1,0,0.22000709,0
107169,0,1,0.9999999,0
107170,0,1,0.9427707,0
107171,0,0,0.0042069694,1
107172,0,0,0.12511882,1
107173,0,1,0.99964786,0
107174,1,1,1.0,1
107175,1,1,0.89552265,1
107176,0,1,0.9875444,0
107177,1,1,0.84273374,1
107178,1,1,0.9999999,1
107179,1,1,0.9674411,1
107180,0,1,0.99980587,0
107181,1,1,0.99999857,1
107182,0,0,0.23841718,1
107183,1,1,1.0,1
107184,1,1,0.7785651,1
107185,0,1,0.7440989,0
107186,1,1,0.99998295,1
107187,1,1,0.9867517,1
107188,1,1,0.99999976,1
107189,0,1,0.729905,0
107190,1,1,0.82866174,1
107191,0,1,0.36727026,0
107192,1,0,0.0020911063,0
107193,0,1,0.9622497,0
107194,1,0,0.12962292,0
107195,1,1,0.9932025,1
107196,0,0,0.16674323,1
107197,1,1,0.7443777,1
107198,0,0,0.053107906,1
107199,0,1,0.99998057,0
107200,0,0,0.08299413,1
107201,1,1,0.9997843,1
107202,1,1,0.999966,1
107203,0,0,0.057334732,1
107204,1,1,0.60818696,1
107205,1,1,0.99999416,1
107206,0,1,0.9999989,0
107207,1,1,1.0,1
107208,0,0,0.1979091,1
107209,1,1,0.9978719,1
107210,1,1,0.49212712,1
107211,0,0,0.088820286,1
107212,1,0,0.07382971,0
107213,1,1,1.0,1
107214,0,0,0.2126405,1
107215,0,1,0.42697853,0
107216,1,1,1.0,1
107217,0,0,0.13898684,1
107218,1,0,0.09560247,0
107219,1,0,0.0013250224,0
107220,0,1,0.99823856,0
107221,0,0,0.011664719,1
107222,0,1,0.98400164,0
107223,1,1,0.9969066,1
107224,1,1,0.9991817,1
107225,0,0,0.1991522,1
107226,1,1,1.0,1
107227,1,1,0.99999726,1
107228,1,1,0.9999398,1
107229,1,1,0.9999968,1
107230,1,1,0.99999404,1
107231,1,1,0.9996886,1
107232,1,1,0.99773055,1
107233,0,1,0.60515755,0
107234,1,1,0.99999964,1
107235,1,1,0.8882751,1
107236,1,1,0.9999994,1
107237,0,0,0.24382246,1
107238,0,1,0.96829146,0
107239,0,0,0.13273923,1
107240,1,1,0.9999783,1
107241,1,1,0.99999976,1
107242,0,1,0.480113,0
107243,1,0,0.059428226,0
107244,1,0,0.22875896,0
107245,0,1,0.91505283,0
107246,1,1,0.94791394,1
107247,1,1,0.99999964,1
107248,1,0,0.00946738,0
107249,0,0,0.2905781,1
107250,0,1,0.95565146,0
107251,0,0,0.016963702,1
107252,0,1,0.5233594,0
107253,1,1,0.5208924,1
107254,0,0,0.34021112,1
107255,1,1,0.56901467,1
107256,1,1,0.99998736,1
107257,1,1,0.81077874,1
107258,1,1,0.9955403,1
107259,0,1,0.9998989,0
107260,1,1,0.9988121,1
107261,0,1,0.9943909,0
107262,1,1,0.95531917,1
107263,0,1,0.99948174,0
107264,0,1,0.46471938,0
107265,0,1,0.42886117,0
107266,1,1,0.99999547,1
107267,0,0,0.13449147,1
107268,1,1,0.99999905,1
107269,0,1,0.9999825,0
107270,1,1,0.99998844,1
107271,1,0,0.0385747,0
107272,1,1,0.7761143,1
107273,1,1,0.9999783,1
107274,0,0,0.346486,1
107275,0,1,1.0,0
107276,0,0,0.003057458,1
107277,1,1,0.85705173,1
107278,0,1,0.38850203,0
107279,1,0,0.009878943,0
107280,1,0,0.010881333,0
107281,0,1,0.9935743,0
107282,1,1,0.7653304,1
107283,1,1,0.9999999,1
107284,1,1,0.55054694,1
107285,1,1,0.99980587,1
107286,0,1,0.79645085,0
107287,1,1,1.0,1
107288,0,0,0.045310315,1
107289,1,1,0.9434519,1
107290,1,0,0.18498825,0
107291,1,1,0.9951137,1
107292,0,0,0.042127114,1
107293,0,1,0.9998253,0
107294,0,0,0.069921836,1
107295,1,1,1.0,1
107296,1,1,0.99988854,1
107297,1,1,0.73115456,1
107298,1,1,0.9999994,1
107299,1,1,0.9999999,1
107300,1,1,0.9999976,1
107301,0,0,0.10061321,1
107302,1,1,0.9999993,1
107303,1,1,1.0,1
107304,0,0,0.14098547,1
107305,1,0,0.21133544,0
107306,1,1,0.9936487,1
107307,1,1,0.9995635,1
107308,1,1,0.9975177,1
107309,1,1,0.99998164,1
107310,0,0,0.022846196,1
107311,0,1,0.9804874,0
107312,0,1,1.0,0
107313,0,0,0.06394842,1
107314,1,1,0.99998105,1
107315,0,0,0.11221037,1
107316,1,1,0.99861956,1
107317,1,1,0.9999783,1
107318,0,0,0.1260303,1
107319,0,0,0.11606085,1
107320,1,1,0.9999263,1
107321,1,1,1.0,1
107322,0,0,0.081154905,1
107323,0,1,0.46663293,0
107324,0,1,0.741674,0
107325,0,1,0.9971607,0
107326,1,0,0.08284563,0
107327,1,1,0.89058006,1
107328,0,0,0.1510904,1
107329,1,0,0.057334732,0
107330,0,0,0.10185715,1
107331,1,1,0.9999969,1
107332,1,0,0.13822897,0
107333,1,1,0.98607117,1
107334,1,1,0.99931085,1
107335,0,0,0.07835981,1
107336,0,0,0.1266231,1
107337,1,0,0.14151855,0
107338,1,1,0.98873377,1
107339,1,1,1.0,1
107340,1,1,0.9998741,1
107341,1,1,0.43413138,1
107342,0,1,0.38375676,0
107343,1,1,0.97346866,1
107344,1,0,0.17175467,0
107345,0,0,0.093678005,1
107346,0,0,0.16728666,1
107347,0,0,0.069921836,1
107348,1,1,0.906156,1
107349,0,0,0.06136777,1
107350,0,0,0.033971995,1
107351,0,0,0.008445628,1
107352,1,1,0.9999846,1
107353,1,1,0.82810634,1
107354,1,1,1.0,1
107355,1,1,1.0,1
107356,1,1,1.0,1
107357,1,1,0.9999658,1
107358,1,1,0.998835,1
107359,0,0,0.13506088,1
107360,1,0,0.06058495,0
107361,0,0,0.2062538,1
107362,1,1,0.35432136,1
107363,1,1,0.9708264,1
107364,1,1,0.9993687,1
107365,0,0,0.13352816,1
107366,1,0,0.083142914,0
107367,1,1,1.0,1
107368,1,1,0.99990356,1
107369,0,0,0.051510453,1
107370,0,1,0.52366394,0
107371,1,0,0.024703868,0
107372,0,0,0.019179069,1
107373,0,0,0.015014747,1
107374,1,1,1.0,1
107375,0,1,0.7782283,0
107376,0,0,0.15895613,1
107377,1,1,0.9999567,1
107378,1,1,0.8734309,1
107379,0,1,0.8183016,0
107380,1,1,1.0,1
107381,1,1,0.99999976,1
107382,1,1,0.99990606,1
107383,1,0,0.025371311,0
107384,1,1,0.5312702,1
107385,1,1,0.9997974,1
107386,1,1,0.9773924,1
107387,1,0,0.12373573,0
107388,0,0,0.09868569,1
107389,0,0,0.0248928,1
107390,0,0,0.27815872,1
107391,0,1,0.5905431,0
107392,0,1,0.8183016,0
107393,1,1,0.9993094,1
107394,1,1,0.9999876,1
107395,1,1,0.5875882,1
107396,1,0,0.12189465,0
107397,0,1,0.9462997,0
107398,0,1,0.7649794,0
107399,0,1,0.79358625,0
107400,0,0,0.08218025,1
107401,0,0,0.101144664,1
107402,1,1,0.9957353,1
107403,0,0,0.0057525453,1
107404,1,1,0.820757,1
107405,1,1,1.0,1
107406,0,1,0.99999917,0
107407,1,0,0.09947022,0
107408,1,1,0.9894499,1
107409,1,1,1.0,1
107410,1,1,0.9998287,1
107411,0,1,0.7328309,0
107412,0,1,0.44954368,0
107413,1,1,0.9985306,1
107414,1,1,0.9999728,1
107415,1,1,1.0,1
107416,0,1,0.9997017,0
107417,0,1,0.61027926,0
107418,1,1,1.0,1
107419,0,0,0.06693421,1
107420,1,1,0.99864894,1
107421,1,1,0.99991035,1
107422,1,1,0.9997981,1
107423,1,1,0.9999883,1
107424,0,1,0.75319445,0
107425,0,1,0.7619816,0
107426,1,1,0.9926542,1
107427,0,1,0.7914184,0
107428,0,0,0.28318632,1
107429,0,0,0.030157411,1
107430,0,0,0.07329728,1
107431,1,1,0.9984207,1
107432,1,1,0.48474598,1
107433,1,1,0.96124375,1
107434,1,1,0.9410612,1
107435,0,1,0.9938788,0
107436,1,1,0.95190793,1
107437,1,1,1.0,1
107438,1,1,0.9019207,1
107439,1,1,1.0,1
107440,1,0,0.105486654,0
107441,0,1,0.54643565,0
107442,1,1,1.0,1
107443,1,0,0.11797801,0
107444,1,1,1.0,1
107445,1,1,0.69601,1
107446,1,1,0.99999964,1
107447,1,1,0.97885466,1
107448,0,0,0.28572062,1
107449,1,1,1.0,1
107450,0,0,0.0044857943,1
107451,1,1,1.0,1
107452,1,1,0.996557,1
107453,0,0,0.037256766,1
107454,1,1,0.9965233,1
107455,1,1,0.999998,1
107456,0,1,0.93863225,0
107457,0,1,0.9863631,0
107458,0,1,0.9746528,0
107459,1,0,0.32359383,0
107460,1,1,1.0,1
107461,1,1,0.9944988,1
107462,1,0,0.15190639,0
107463,0,0,0.17981844,1
107464,0,1,0.9992099,0
107465,0,0,0.029367853,1
107466,0,1,0.47332248,0
107467,0,1,0.8597815,0
107468,0,1,0.5364951,0
107469,1,0,0.13330236,0
107470,1,1,1.0,1
107471,0,1,0.4984741,0
107472,0,0,0.15928277,1
107473,0,1,0.85427785,0
107474,0,1,0.99997365,0
107475,1,0,0.040351234,0
107476,1,1,0.99664956,1
107477,0,0,0.30167052,1
107478,1,1,0.9999987,1
107479,0,1,0.99983585,0
107480,0,0,0.01461567,1
107481,0,1,0.99490017,0
107482,0,0,0.29941237,1
107483,1,1,0.8916225,1
107484,0,0,0.3341004,1
107485,0,0,0.16789973,1
107486,0,1,0.5983122,0
107487,1,1,0.3705385,1
107488,1,0,0.15090261,0
107489,1,0,0.04535258,0
107490,0,0,0.044389986,1
107491,1,0,0.035078675,0
107492,1,1,0.4018638,1
107493,0,0,0.17967446,1
107494,1,0,0.023576804,0
107495,1,1,0.9989956,1
107496,1,1,0.40589023,1
107497,0,0,0.18817475,1
107498,0,0,0.18824935,1
107499,1,1,0.9994307,1
107500,1,1,0.99894947,1
107501,0,1,0.8631611,0
107502,0,0,0.007831049,1
107503,1,0,0.086632065,0
107504,0,0,0.2989005,1
107505,1,0,0.29284802,0
107506,0,0,0.3508105,1
107507,0,0,0.047602654,1
107508,0,1,0.97836393,0
107509,0,1,0.39274436,0
107510,1,0,0.2983891,0
107511,1,1,0.9704926,1
107512,1,1,0.9997731,1
107513,0,0,0.23405632,1
107514,1,1,0.99999654,1
107515,1,1,0.45574355,1
107516,1,1,0.98439646,1
107517,1,1,1.0,1
107518,0,1,0.99973255,0
107519,0,1,0.88059187,0
107520,1,0,0.018511046,0
107521,1,0,0.116864756,0
107522,0,1,0.9315248,0
107523,1,1,1.0,1
107524,0,1,0.9999889,0
107525,0,0,0.05340333,1
107526,0,1,0.9180404,0
107527,1,1,1.0,1
107528,0,0,0.07198163,1
107529,1,1,0.9969897,1
107530,0,0,0.03182875,1
107531,0,0,0.037785765,1
107532,1,1,0.7215961,1
107533,1,1,1.0,1
107534,1,1,0.99649614,1
107535,1,0,0.16026603,0
107536,0,0,0.05937366,1
107537,0,0,0.025711589,1
107538,1,1,0.612947,1
107539,1,1,0.9999422,1
107540,1,1,1.0,1
107541,1,1,0.98955137,1
107542,0,0,0.033526164,1
107543,0,0,0.17342815,1
107544,1,1,1.0,1
107545,1,1,0.9151287,1
107546,1,1,0.99407744,1
107547,1,1,1.0,1
107548,1,1,1.0,1
107549,0,0,0.049039625,1
107550,0,0,0.07237402,1
107551,0,0,0.14004198,1
107552,1,1,0.99999714,1
107553,0,0,0.20858167,1
107554,1,1,0.99926347,1
107555,0,1,0.91920847,0
107556,1,1,0.70043397,1
107557,1,1,0.3959514,1
107558,1,1,0.9984573,1
107559,1,1,0.58403397,1
107560,0,0,0.2922417,1
107561,1,1,0.9111007,1
107562,0,1,0.9456007,0
107563,0,0,0.29951483,1
107564,0,0,0.049405243,1
107565,0,1,0.8587186,0
107566,1,1,0.99983525,1
107567,1,1,1.0,1
107568,1,1,0.9999994,1
107569,0,0,0.22996724,1
107570,1,1,0.9999883,1
107571,1,1,1.0,1
107572,0,0,0.14258969,1
107573,0,0,0.051367506,1
107574,0,1,0.82375413,0
107575,1,1,1.0,1
107576,0,0,0.20307463,1
107577,1,1,0.99999726,1
107578,0,1,0.5798168,0
107579,1,1,0.9222726,1
107580,1,1,0.60807055,1
107581,0,0,0.052037824,1
107582,0,0,0.009955651,1
107583,0,1,0.62515205,0
107584,1,1,1.0,1
107585,1,1,1.0,1
107586,1,0,0.19360435,0
107587,1,1,0.9998273,1
107588,1,1,0.9994286,1
107589,0,0,0.19907434,1
107590,1,0,0.12945776,0
107591,1,1,0.4368923,1
107592,0,1,0.63096917,0
107593,0,1,0.99972194,0
107594,0,0,0.10284408,1
107595,1,1,0.99609274,1
107596,0,0,0.13409412,1
107597,1,1,0.99679,1
107598,0,0,0.18742996,1
107599,0,1,0.9523531,0
107600,1,1,0.99960726,1
107601,1,1,0.9890343,1
107602,1,1,0.99996805,1
107603,0,1,0.7102767,0
107604,1,1,0.99983454,1
107605,1,1,0.9999994,1
107606,0,1,0.76646847,0
107607,0,1,0.4320035,0
107608,0,1,0.9948803,0
107609,1,1,1.0,1
107610,0,0,0.21992333,1
107611,0,1,0.51257056,0
107612,1,0,0.054651033,0
107613,0,1,0.97381955,0
107614,1,1,1.0,1
107615,1,1,0.9834546,1
107616,1,1,0.9455002,1
107617,1,1,0.98771137,1
107618,1,1,0.9999168,1
107619,0,0,0.13117322,1
107620,0,1,0.8030966,0
107621,1,1,0.99977213,1
107622,1,1,1.0,1
107623,1,0,0.1673547,0
107624,0,0,0.028060742,1
107625,1,1,0.9976404,1
107626,0,0,0.008494837,1
107627,0,0,0.30125925,1
107628,0,0,0.10604083,1
107629,1,0,0.0072749583,0
107630,1,1,0.3890242,1
107631,0,0,0.31310466,1
107632,0,1,0.98862445,0
107633,1,1,0.9999999,1
107634,1,1,0.999539,1
107635,1,1,0.4958497,1
107636,1,1,0.9997508,1
107637,1,1,0.995488,1
107638,0,1,0.35248032,0
107639,0,1,1.0,0
107640,0,0,0.09611029,1
107641,1,1,0.9709919,1
107642,1,1,0.99906737,1
107643,0,1,0.9997731,0
107644,1,1,0.9999225,1
107645,1,1,0.9999318,1
107646,1,1,0.99999917,1
107647,0,0,0.12907304,1
107648,1,1,1.0,1
107649,0,0,0.036083944,1
107650,1,1,0.9999682,1
107651,1,1,0.95594025,1
107652,0,1,0.92324704,0
107653,0,1,0.99996793,0
107654,1,0,0.017275905,0
107655,0,0,0.107437484,1
107656,1,1,0.5656587,1
107657,1,1,0.96232057,1
107658,1,0,0.014172365,0
107659,0,1,0.9999888,0
107660,0,0,0.05033063,1
107661,0,0,0.12907304,1
107662,0,0,0.0091787735,1
107663,1,1,0.99793327,1
107664,1,1,0.82460326,1
107665,0,0,0.103930384,1
107666,0,0,0.05728198,1
107667,1,1,0.9999999,1
107668,1,1,1.0,1
107669,0,0,0.05970174,1
107670,0,0,0.2906284,1
107671,1,0,0.2941136,0
107672,1,1,0.9999465,1
107673,0,1,0.9997069,0
107674,0,0,0.06566473,1
107675,1,1,0.9999907,1
107676,1,0,0.11318691,0
107677,1,1,0.9885583,1
107678,1,1,1.0,1
107679,1,0,0.33654907,0
107680,1,1,0.99996006,1
107681,1,1,0.985663,1
107682,1,1,0.91781974,1
107683,1,0,0.060031522,0
107684,1,1,0.92756045,1
107685,1,1,1.0,1
107686,1,1,0.9999914,1
107687,0,1,0.9796092,0
107688,1,1,0.9999956,1
107689,0,1,0.68177974,0
107690,0,1,0.95934516,0
107691,0,1,0.59854686,0
107692,1,1,0.99999964,1
107693,1,1,0.99988854,1
107694,1,1,0.99999714,1
107695,0,0,0.13546064,1
107696,0,1,0.3635904,0
107697,0,1,0.9999987,0
107698,1,0,0.020332353,0
107699,1,0,0.314682,0
107700,1,1,0.9708264,1
107701,1,1,0.9997241,1
107702,1,1,0.70896876,1
107703,0,0,0.078078166,1
107704,0,1,1.0,0
107705,1,1,0.99998224,1
107706,0,0,0.090896755,1
107707,1,1,0.9999995,1
107708,1,0,0.07316472,0
107709,0,0,0.13494682,1
107710,1,1,0.99999964,1
107711,1,1,0.9997439,1
107712,1,1,0.8908652,1
107713,1,1,0.6857917,1
107714,0,0,0.27532452,1
107715,0,1,0.99977916,0
107716,0,0,0.07303238,1
107717,1,1,0.9647556,1
107718,0,0,0.21526824,1
107719,0,0,0.16789973,1
107720,1,0,0.14414886,0
107721,0,1,0.99999976,0
107722,1,1,0.99960643,1
107723,0,0,0.010248602,1
107724,0,0,0.12121686,1
107725,0,1,0.99991655,0
107726,1,1,0.99613816,1
107727,0,0,0.29467145,1
107728,0,1,0.9909272,0
107729,0,1,0.9480103,0
107730,1,1,1.0,1
107731,0,1,0.73292655,0
107732,1,1,0.9922294,1
107733,1,1,0.5685356,1
107734,0,0,0.27644625,1
107735,1,1,0.99650973,1
107736,1,0,0.04733772,0
107737,0,0,0.19954187,1
107738,0,1,0.9647889,0
107739,1,1,0.38421875,1
107740,0,0,0.24744149,1
107741,0,0,0.013273888,1
107742,1,1,0.9999999,1
107743,0,0,0.1056711,1
107744,1,1,0.5301149,1
107745,1,1,1.0,1
107746,1,0,0.09203286,0
107747,0,1,0.9999999,0
107748,1,1,0.50164795,1
107749,1,1,0.99999714,1
107750,0,0,0.03216145,1
107751,1,1,0.9999801,1
107752,1,1,0.71118027,1
107753,0,0,0.3316607,1
107754,0,0,0.07871317,1
107755,1,0,0.2751784,0
107756,1,1,0.9926684,1
107757,0,0,0.22936255,1
107758,0,0,0.030043371,1
107759,0,1,0.38038486,0
107760,0,0,0.07723879,1
107761,1,1,0.9997209,1
107762,0,1,0.6857917,0
107763,0,0,0.2870678,1
107764,0,0,0.071786165,1
107765,0,0,0.19946387,1
107766,0,1,1.0,0
107767,1,1,0.99999356,1
107768,1,1,1.0,1
107769,1,1,1.0,1
107770,0,1,0.98337495,0
107771,1,1,0.9998795,1
107772,0,1,0.99979264,0
107773,0,0,0.14426938,1
107774,1,1,1.0,1
107775,1,1,0.39940163,1
107776,1,1,0.7366848,1
107777,1,1,0.9983834,1
107778,1,1,0.99504673,1
107779,1,1,0.8614217,1
107780,1,1,0.99977213,1
107781,1,0,0.034815192,0
107782,1,1,0.9997154,1
107783,0,0,0.16404721,1
107784,0,1,0.9994653,0
107785,1,0,0.0007194325,0
107786,1,1,0.99999845,1
107787,0,0,0.017610641,1
107788,1,1,0.7423751,1
107789,1,0,0.2795334,0
107790,0,1,0.99696034,0
107791,0,0,0.12538631,1
107792,0,0,0.07146149,1
107793,1,1,0.99993443,1
107794,0,0,0.31053752,1
107795,1,1,0.8221891,1
107796,1,1,0.9384633,1
107797,1,1,0.9878762,1
107798,0,0,0.03521114,1
107799,1,1,0.99083894,1
107800,1,1,0.37387583,1
107801,0,1,0.5684158,0
107802,0,0,0.13251457,1
107803,1,1,0.91700584,1
107804,1,1,0.99999523,1
107805,1,1,0.9996724,1
107806,0,1,0.6558322,0
107807,1,1,0.82275945,1
107808,1,1,0.99999344,1
107809,1,0,0.044722572,0
107810,0,1,0.974893,0
107811,1,1,0.9956091,1
107812,1,1,0.999998,1
107813,1,1,1.0,1
107814,1,0,0.11787642,0
107815,1,1,0.99999475,1
107816,1,0,0.025011595,0
107817,0,1,0.9737197,0
107818,1,1,0.7142794,1
107819,0,0,0.04782452,1
107820,1,1,0.99949765,1
107821,0,0,0.18184364,1
107822,0,0,0.15090261,1
107823,1,0,0.114665605,0
107824,1,0,0.10402136,0
107825,0,0,0.30383506,1
107826,0,0,0.066629894,1
107827,1,1,1.0,1
107828,1,1,0.6095823,1
107829,1,1,0.9999894,1
107830,0,0,0.17909941,1
107831,0,0,0.124159895,1
107832,1,1,1.0,1
107833,1,1,0.69259,1
107834,0,1,0.7851439,0
107835,0,0,0.0282746,1
107836,1,1,0.9959849,1
107837,1,1,0.99966204,1
107838,0,1,0.9274291,0
107839,1,1,0.9959693,1
107840,1,1,0.9999094,1
107841,0,1,0.5926666,0
107842,1,1,0.9997677,1
107843,0,0,0.2549725,1
107844,1,1,0.99182796,1
107845,1,1,0.84504944,1
107846,1,0,0.2564594,0
107847,0,0,0.2325715,1
107848,1,0,0.32268605,0
107849,1,1,0.9999691,1
107850,0,1,0.9968149,0
107851,0,0,0.03803509,1
107852,1,1,0.99998105,1
107853,0,0,0.1834473,1
107854,1,0,0.007331598,0
107855,1,1,0.9993424,1
107856,0,1,0.48093575,0
107857,0,1,0.6060322,0
107858,1,1,0.9999999,1
107859,1,0,0.12373573,0
107860,0,1,0.99999917,0
107861,1,0,0.05079946,0
107862,1,1,1.0,1
107863,1,1,0.49523938,1
107864,1,1,1.0,1
107865,0,0,0.10771874,1
107866,0,1,0.9999914,0
107867,0,0,0.16033176,1
107868,0,0,0.054600604,1
107869,1,0,0.0836655,0
107870,0,0,0.05717659,1
107871,0,1,0.86726075,0
107872,1,1,0.95814794,1
107873,1,1,0.99988174,1
107874,1,1,0.9999957,1
107875,1,1,0.99995816,1
107876,0,0,0.045099564,1
107877,1,1,0.8334602,1
107878,1,1,1.0,1
107879,0,0,0.17412922,1
107880,1,1,0.9992267,1
107881,0,1,0.90894175,0
107882,1,1,0.9995635,1
107883,1,1,0.99999547,1
107884,0,0,0.26170808,1
107885,1,1,0.4323929,1
107886,0,0,0.19383317,1
107887,1,1,0.9999999,1
107888,1,0,0.054399315,0
107889,1,1,1.0,1
107890,1,1,0.9999994,1
107891,0,1,0.95691687,0
107892,0,0,0.16046326,1
107893,1,1,0.999997,1
107894,0,1,0.45753056,0
107895,1,1,0.99999774,1
107896,0,0,0.19178137,1
107897,1,1,0.99996686,1
107898,1,1,0.9989141,1
107899,1,1,0.99961025,1
107900,0,0,0.074365705,1
107901,1,0,0.03117331,0
107902,0,1,0.7334519,0
107903,1,1,0.99956185,1
107904,0,1,0.8224745,0
107905,0,0,0.15272596,1
107906,0,0,0.03173859,1
107907,1,1,0.48480693,1
107908,1,1,0.63358027,1
107909,1,1,1.0,1
107910,1,1,0.9999901,1
107911,1,0,0.0015041126,0
107912,1,0,0.12989861,0
107913,1,1,0.99993694,1
107914,1,1,1.0,1
107915,0,1,0.575767,0
107916,1,1,0.99928063,1
107917,0,1,0.6116719,0
107918,0,1,0.52835095,0
107919,0,0,0.22824252,1
107920,1,1,0.9734181,1
107921,1,1,0.98888505,1
107922,0,1,0.6569335,0
107923,1,1,0.99992454,1
107924,1,1,0.9994947,1
107925,0,1,0.9656736,0
107926,0,0,0.049635064,1
107927,1,1,0.9999621,1
107928,1,1,0.9999777,1
107929,1,1,0.82190347,1
107930,0,0,0.24373244,1
107931,1,1,0.99999464,1
107932,1,0,0.043365803,0
107933,1,1,0.9987888,1
107934,0,0,0.26635727,1
107935,1,1,0.99997973,1
107936,1,0,0.019437952,0
107937,0,0,0.09097748,1
107938,1,1,0.5192776,1
107939,1,1,0.9967206,1
107940,0,0,0.019606182,1
107941,1,0,0.19314739,0
107942,0,0,0.1185891,1
107943,1,0,0.15272596,0
107944,1,0,0.30704626,0
107945,1,1,0.9996762,1
107946,1,1,0.999982,1
107947,1,0,0.047558397,0
107948,1,1,0.9999994,1
107949,1,1,1.0,1
107950,0,0,0.1437277,1
107951,1,1,0.9930559,1
107952,0,0,0.22371607,1
107953,1,1,1.0,1
107954,0,0,0.040807478,1
107955,0,0,0.0049245106,1
107956,1,1,0.97819793,1
107957,1,1,0.96521765,1
107958,0,0,0.068040416,1
107959,1,1,0.9998568,1
107960,1,1,0.5004883,1
107961,0,1,0.7599833,0
107962,0,0,0.18206167,1
107963,1,0,0.20275874,0
107964,1,0,0.018475594,0
107965,1,0,0.12241826,0
107966,0,1,0.8337311,0
107967,1,1,0.9999976,1
107968,0,0,0.08151975,1
107969,1,1,0.999936,1
107970,1,1,0.999985,1
107971,0,0,0.12619172,1
107972,0,1,0.9382373,0
107973,0,1,0.6944581,0
107974,0,0,0.1810459,1
107975,0,0,0.025298966,1
107976,1,1,0.9999616,1
107977,1,1,1.0,1
107978,0,0,0.12247072,1
107979,1,1,0.9999888,1
107980,1,1,0.947381,1
107981,1,1,0.99999475,1
107982,1,1,0.99984646,1
107983,1,1,1.0,1
107984,0,1,0.9970305,0
107985,1,0,0.1444503,0
107986,1,0,0.24184734,0
107987,0,0,0.34394744,1
107988,1,1,0.98282325,1
107989,1,0,0.11269772,0
107990,1,1,0.99997854,1
107991,0,0,0.029788304,1
107992,1,0,0.094594024,0
107993,0,1,0.99975175,0
107994,1,0,0.018107349,0
107995,1,0,0.009285965,0
107996,1,1,0.46933785,1
107997,0,1,0.9999999,0
107998,1,1,0.999433,1
107999,1,1,0.9999995,1
108000,1,1,0.9999739,1
108001,1,1,0.9999875,1
108002,0,1,0.7889899,0
108003,0,1,0.9992312,0
108004,0,0,0.040275678,1
108005,0,0,0.13324596,1
108006,0,0,0.23440666,1
108007,0,0,0.051941562,1
108008,1,0,0.19705787,0
108009,1,1,0.99394965,1
108010,1,1,1.0,1
108011,1,1,1.0,1
108012,1,1,1.0,1
108013,0,1,0.49084574,0
108014,1,1,0.97381955,1
108015,0,0,0.107437484,1
108016,1,0,0.15165491,0
108017,1,1,1.0,1
108018,1,1,0.45986438,1
108019,0,1,0.40303808,0
108020,0,1,0.9980732,0
108021,0,0,0.018941708,1
108022,1,1,1.0,1
108023,0,0,0.080213256,1
108024,1,1,0.9746045,1
108025,0,0,0.058884703,1
108026,0,1,0.5856937,0
108027,1,1,0.97819793,1
108028,1,1,0.89190525,1
108029,1,1,0.9140609,1
108030,1,1,0.9999937,1
108031,0,1,0.9598375,0
108032,1,1,0.8908652,1
108033,0,0,0.010169658,1
108034,1,0,0.038357977,0
108035,1,1,1.0,1
108036,0,0,0.122575715,1
108037,1,1,0.5439536,1
108038,1,1,0.99999523,1
108039,1,1,0.99998033,1
108040,1,0,0.13089524,0
108041,1,1,0.9999949,1
108042,0,1,0.99909425,0
108043,1,1,0.97933435,1
108044,1,1,1.0,1
108045,1,1,0.99999774,1
108046,1,1,1.0,1
108047,1,0,0.085479975,0
108048,1,0,0.16424818,0
108049,0,1,0.540075,0
108050,0,0,0.046421416,1
108051,1,1,0.9985134,1
108052,1,1,0.9999424,1
108053,1,1,0.9983707,1
108054,1,0,0.026455773,0
108055,0,1,0.99966526,0
108056,1,1,0.9994611,1
108057,1,1,1.0,1
108058,0,0,0.18484107,1
108059,0,0,0.18359362,1
108060,1,1,0.8238959,1
108061,1,1,0.9651191,1
108062,0,1,0.99907815,0
108063,0,1,0.9997843,0
108064,0,0,0.070816204,1
108065,1,1,0.99999475,1
108066,1,1,1.0,1
108067,1,1,0.99926203,1
108068,0,0,0.009196552,1
108069,1,1,0.99989283,1
108070,0,0,0.21101007,1
108071,0,1,0.8484707,0
108072,1,1,0.51013047,1
108073,1,1,0.99900144,1
108074,1,1,0.9999918,1
108075,0,1,0.9936365,0
108076,1,1,0.9987503,1
108077,0,1,0.36384463,0
108078,1,0,0.09476145,0
108079,0,0,0.095940754,1
108080,1,1,0.99939406,1
108081,1,1,0.9986904,1
108082,1,1,0.9999995,1
108083,1,0,0.20769641,0
108084,1,1,0.99492985,1
108085,0,1,0.4422751,0
108086,1,1,0.7876047,1
108087,1,1,0.82204634,1
108088,1,0,0.04065485,0
108089,1,1,1.0,1
108090,0,1,0.98157746,0
108091,0,0,0.18330103,1
108092,0,0,0.040999033,1
108093,1,1,1.0,1
108094,0,1,0.60492414,0
108095,1,0,0.078078166,0
108096,0,0,0.039048295,1
108097,0,0,0.0393425,1
108098,0,0,0.035277545,1
108099,1,0,0.21027938,0
108100,0,0,0.10203597,1
108101,1,1,0.9905509,1
108102,0,0,0.13875328,1
108103,0,0,0.010489091,1
108104,0,0,0.066751465,1
108105,1,1,0.99990356,1
108106,1,1,0.99962807,1
108107,1,1,0.98247355,1
108108,1,0,0.057018865,0
108109,1,1,0.98672616,1
108110,1,1,0.9997137,1
108111,1,1,0.9999845,1
108112,0,1,0.995858,0
108113,1,0,0.039231926,0
108114,1,0,0.09799298,0
108115,0,1,0.9118885,0
108116,0,1,0.98475236,0
108117,1,1,0.9969066,1
108118,1,1,0.99998724,1
108119,0,1,1.0,0
108120,0,1,0.9239362,0
108121,0,1,0.6348829,0
108122,0,0,0.04747001,1
108123,1,1,0.9897315,1
108124,0,1,0.94825053,0
108125,1,1,1.0,1
108126,0,1,0.60147655,0
108127,0,0,0.0076956474,1
108128,1,1,0.99968064,1
108129,0,1,0.92892635,0
108130,1,1,0.9999194,1
108131,1,1,0.9996679,1
108132,1,1,1.0,1
108133,1,1,0.4013945,1
108134,1,0,0.32311305,0
108135,1,0,0.124159895,0
108136,0,0,0.13398075,1
108137,0,0,0.18982127,1
108138,0,0,0.01214717,1
108139,1,1,0.50366205,1
108140,1,1,0.9994653,1
108141,0,0,0.04455598,1
108142,1,1,0.9999981,1
108143,1,1,0.840259,1
108144,0,0,0.06779314,1
108145,1,1,0.9999999,1
108146,0,0,0.0030043428,1
108147,0,1,0.99101454,0
108148,1,1,0.9466954,1
108149,1,1,1.0,1
108150,0,1,0.9810946,0
108151,1,1,1.0,1
108152,0,1,0.9958901,0
108153,0,0,0.31668618,1
108154,1,1,0.99997437,1
108155,1,1,0.6883113,1
108156,0,1,0.99584997,0
108157,0,0,0.06388999,1
108158,1,1,1.0,1
108159,1,1,0.9999716,1
108160,0,1,0.70831347,0
108161,0,1,0.6558322,0
108162,1,1,0.9400236,1
108163,1,0,0.08609269,0
108164,1,1,0.8976056,1
108165,1,0,0.34356195,0
108166,1,1,0.9999286,1
108167,1,1,0.999866,1
108168,1,1,0.99580115,1
108169,0,1,0.9997508,0
108170,0,0,0.16132024,1
108171,1,1,1.0,1
108172,0,0,0.040807478,1
108173,1,1,0.8680457,1
108174,0,1,0.9995635,0
108175,0,1,0.79109573,0
108176,1,1,0.9240048,1
108177,0,0,0.03915837,1
108178,1,1,0.7804952,1
108179,1,0,0.34620965,0
108180,1,0,0.14104463,0
108181,1,1,0.9449439,1
108182,1,1,0.9999763,1
108183,1,0,0.09645018,0
108184,0,1,0.72676516,0
108185,1,1,0.95296955,1
108186,1,1,1.0,1
108187,0,1,0.57134813,0
108188,0,0,0.05823863,1
108189,1,1,0.9999591,1
108190,1,0,0.18937114,0
108191,1,1,0.9999869,1
108192,0,0,0.040692955,1
108193,0,0,0.09730459,1
108194,0,0,0.263789,1
108195,1,1,0.99999714,1
108196,1,1,0.9936733,1
108197,0,0,0.0010944522,1
108198,0,1,1.0,0
108199,1,1,0.6889395,1
108200,1,0,0.13268304,0
108201,0,1,0.5703911,0
108202,1,1,0.99987996,1
108203,0,1,0.9963924,0
108204,1,0,0.052086018,0
108205,1,1,0.48194143,1
108206,0,1,0.44209448,0
108207,1,1,0.8523219,1
108208,1,1,0.9235233,1
108209,0,0,0.014899643,1
108210,0,1,0.99650973,0
108211,1,0,0.091544405,0
108212,1,1,0.65052277,1
108213,0,0,0.08225394,1
108214,0,0,0.08517511,1
108215,1,1,1.0,1
108216,1,1,0.93991333,1
108217,1,1,0.9998752,1
108218,1,1,0.9794526,1
108219,0,1,0.9716986,0
108220,1,0,0.047249712,0
108221,0,0,0.021348475,1
108222,0,1,0.47460073,0
108223,1,1,0.99958676,1
108224,0,1,0.93089926,0
108225,1,1,1.0,1
108226,1,1,0.99961555,1
108227,0,0,0.06394842,1
108228,1,0,0.3061639,0
108229,1,1,0.9994081,1
108230,1,1,1.0,1
108231,1,0,0.024987794,0
108232,0,0,0.015936995,1
108233,1,0,0.2330948,0
108234,1,0,0.22185604,0
108235,0,1,0.79581684,0
108236,0,1,0.9998827,0
108237,1,1,0.68336666,1
108238,1,1,1.0,1
108239,1,0,0.08819005,0
108240,0,0,0.051893488,1
108241,1,1,0.99997604,1
108242,0,1,0.4760316,0
108243,0,1,0.9988531,0
108244,0,0,0.29690903,1
108245,0,0,0.050004896,1
108246,0,1,0.42116487,0
108247,0,1,0.35117197,0
108248,0,1,0.99998224,0
108249,0,0,0.08359068,1
108250,0,1,0.36630633,0
108251,1,1,0.99999976,1
108252,1,1,0.99999964,1
108253,1,1,0.99990535,1
108254,1,1,0.9999914,1
108255,0,1,0.9995802,0
108256,0,0,0.10411242,1
108257,1,0,0.23757595,0
108258,0,0,0.08079154,1
108259,1,1,0.999997,1
108260,0,0,0.10302444,1
108261,1,1,0.8735388,1
108262,1,1,1.0,1
108263,0,1,0.7966882,0
108264,1,0,0.31827322,0
108265,0,0,0.27659285,1
108266,0,0,0.17667161,1
108267,1,1,0.9943691,1
108268,0,0,0.063540444,1
108269,1,1,0.98378503,1
108270,0,0,0.108850285,1
108271,1,1,0.9746045,1
108272,0,0,0.109039895,1
108273,1,1,0.9984723,1
108274,1,1,0.7588682,1
108275,0,0,0.24445318,1
108276,1,1,1.0,1
108277,1,1,0.99888617,1
108278,1,1,0.35627866,1
108279,0,0,0.04340633,1
108280,1,1,0.9999989,1
108281,0,0,0.30244258,1
108282,0,0,0.20024472,1
108283,0,0,0.0269635,1
108284,1,0,0.06742378,0
108285,0,0,0.034261618,1
108286,0,1,0.96989965,0
108287,1,1,0.99975556,1
108288,0,0,0.10356715,1
108289,1,1,1.0,1
108290,0,0,0.27386558,1
108291,0,0,0.019215846,1
108292,1,0,0.29153523,0
108293,1,1,1.0,1
108294,1,0,0.34301153,0
108295,0,0,0.108377546,1
108296,0,1,0.9961606,0
108297,1,0,0.037082024,0
108298,0,0,0.16566059,1
108299,1,0,0.046033904,0
108300,1,1,0.97813547,1
108301,0,0,0.004399413,1
108302,1,1,0.9926399,1
108303,1,1,0.9999958,1
108304,0,0,0.10356715,1
108305,0,0,0.13511792,1
108306,0,0,0.022846196,1
108307,1,0,0.091625646,0
108308,1,1,0.9999989,1
108309,1,1,1.0,1
108310,0,1,0.8976056,0
108311,0,0,0.25729823,1
108312,0,1,0.77864933,0
108313,1,1,0.99933076,1
108314,0,1,0.73928124,0
108315,0,1,0.988108,0
108316,1,1,0.9600252,1
108317,1,1,0.76554954,1
108318,0,0,0.25902826,1
108319,1,1,0.91978675,1
108320,0,1,0.36857614,0
108321,0,1,0.49841312,0
108322,1,1,0.48907644,1
108323,0,0,0.040922306,1
108324,1,1,1.0,1
108325,1,1,0.77534974,1
108326,1,0,0.14342749,0
108327,1,1,0.9999995,1
108328,1,0,0.14324762,0
108329,1,0,0.18824935,0
108330,0,1,0.98782945,0
108331,1,1,1.0,1
108332,0,1,0.8288003,0
108333,0,1,0.712082,0
108334,0,1,0.88612515,0
108335,0,0,0.17342815,1
108336,0,0,0.0343263,1
108337,0,1,0.53673786,0
108338,1,1,0.99090964,1
108339,0,1,0.80821866,0
108340,1,1,0.4411011,1
108341,1,1,1.0,1
108342,1,1,0.9999902,1
108343,0,1,0.99971145,0
108344,1,1,0.99986494,1
108345,1,1,0.99984455,1
108346,0,1,0.999795,0
108347,0,0,0.078571655,1
108348,1,0,0.18039528,0
108349,1,1,0.5628374,1
108350,0,1,0.99861693,0
108351,1,1,0.9994715,1
108352,0,1,0.9946359,0
108353,1,0,0.104660206,0
108354,1,1,0.8957053,1
108355,0,1,0.97664696,0
108356,1,1,0.95695716,1
108357,0,0,0.2271263,1
108358,0,1,0.9999975,0
108359,1,1,0.99999964,1
108360,0,0,0.17455095,1
108361,1,1,0.99920064,1
108362,1,1,0.9990073,1
108363,1,1,0.5500636,1
108364,0,0,0.31631646,1
108365,1,1,1.0,1
108366,1,1,0.39676917,1
108367,0,0,0.32793728,1
108368,0,0,0.24122119,1
108369,1,1,0.7246267,1
108370,1,1,1.0,1
108371,0,1,0.9979048,0
108372,0,0,0.3504214,1
108373,1,1,0.58498263,1
108374,1,1,0.9519527,1
108375,0,1,0.9999995,0
108376,0,1,0.99791294,0
108377,1,1,1.0,1
108378,0,1,0.99997616,0
108379,0,0,0.06471258,1
108380,0,1,0.37917724,0
108381,1,1,1.0,1
108382,0,0,0.18257123,1
108383,0,1,0.95036495,0
108384,1,0,0.31753206,0
108385,0,0,0.06866228,1
108386,0,0,0.06336634,1
108387,1,1,0.99789655,1
108388,0,1,0.99999976,0
108389,1,1,0.9998902,1
108390,1,1,0.99994814,1
108391,1,1,0.98623115,1
108392,0,0,0.12803373,1
108393,1,1,0.921499,1
108394,0,0,0.036734894,1
108395,1,1,1.0,1
108396,0,1,0.9904406,0
108397,1,0,0.06785488,0
108398,1,0,0.18082884,0
108399,0,0,0.04836099,1
108400,1,1,0.89077026,1
108401,0,0,0.010169658,1
108402,1,1,0.9999962,1
108403,0,0,0.052134257,1
108404,1,1,0.50756776,1
108405,1,0,0.021044565,0
108406,1,0,0.0035796424,0
108407,1,1,0.99986494,1
108408,0,1,0.6236634,0
108409,0,1,0.47359636,0
108410,1,1,0.89561397,1
108411,1,1,0.97752154,1
108412,1,1,0.99979895,1
108413,0,0,0.025035424,1
108414,0,1,0.999997,0
108415,0,1,0.9907141,0
108416,0,0,0.0026470982,1
108417,1,1,0.99566853,1
108418,0,0,0.048496004,1
108419,0,1,0.93045825,0
108420,1,1,1.0,1
108421,1,1,0.9669453,1
108422,1,1,0.40724498,1
108423,0,0,0.18162581,1
108424,1,1,0.9999945,1
108425,0,0,0.022307474,1
108426,0,1,0.9835338,0
108427,0,0,0.1834473,1
108428,1,1,0.9999999,1
108429,0,0,0.11037522,1
108430,1,1,1.0,1
108431,1,0,0.0010083434,0
108432,1,1,0.63595754,1
108433,1,1,0.99999917,1
108434,1,1,0.67613894,1
108435,1,1,0.98749614,1
108436,1,1,0.99928194,1
108437,1,1,0.9995408,1
108438,1,0,0.013454153,0
108439,0,0,0.13649327,1
108440,0,0,0.19375685,1
108441,1,0,0.1352892,0
108442,1,1,0.47073662,1
108443,1,1,0.95783347,1
108444,1,1,0.99031025,1
108445,0,1,0.9999982,0
108446,0,1,0.5688949,0
108447,1,1,0.99994373,1
108448,1,1,0.9999968,1
108449,1,1,1.0,1
108450,0,1,0.90829307,0
108451,0,1,0.98018634,0
108452,0,1,0.98667485,0
108453,1,1,0.9999994,1
108454,1,1,0.97546023,1
108455,1,1,0.6397923,1
108456,1,1,0.9997209,1
108457,1,1,0.90747637,1
108458,0,1,0.9611345,0
108459,1,1,0.9045662,1
108460,1,1,0.9999995,1
108461,0,1,0.9969663,0
108462,0,1,0.99766773,0
108463,1,1,0.99995756,1
108464,0,0,0.22456521,1
108465,1,1,0.6959067,1
108466,0,1,0.9999372,0
108467,1,1,0.99976856,1
108468,0,1,0.74558365,0
108469,1,1,1.0,1
108470,1,1,0.9834863,1
108471,1,1,0.99997675,1
108472,0,0,0.10266401,1
108473,0,0,0.2249055,1
108474,1,0,0.27629983,0
108475,1,1,0.97272736,1
108476,0,1,0.74195457,0
108477,1,0,0.17189364,0
108478,0,0,0.09081609,1
108479,1,0,0.056756895,0
108480,1,1,0.91352236,1
108481,1,0,0.08811155,0
108482,0,1,0.6142205,0
108483,1,1,0.9999968,1
108484,1,1,0.9999684,1
108485,1,1,0.729905,1
108486,1,1,1.0,1
108487,1,0,0.12126887,0
108488,0,0,0.023308529,1
108489,0,0,0.13318956,1
108490,1,1,0.98662347,1
108491,1,1,0.5528415,1
108492,1,1,0.9999398,1
108493,1,1,0.79549927,1
108494,0,0,0.1732882,1
108495,0,1,0.4208673,0
108496,0,0,0.31747916,1
108497,1,1,0.9187722,1
108498,0,0,0.06267437,1
108499,0,1,0.96203625,0
108500,0,0,0.12989861,1
108501,1,1,0.99953175,1
108502,1,0,0.014700298,0
108503,1,1,0.9922294,1
108504,1,1,0.97321534,1
108505,1,1,0.99999964,1
108506,1,0,0.04501553,0
108507,1,1,0.99843603,1
108508,1,0,0.22397058,0
108509,0,1,0.9979007,0
108510,0,1,0.8782099,0
108511,0,1,0.93263763,0
108512,1,1,1.0,1
108513,0,1,0.9960776,0
108514,1,1,1.0,1
108515,0,1,0.6644859,0
108516,1,1,0.593786,1
108517,1,1,0.9999999,1
108518,1,1,1.0,1
108519,1,1,0.9999567,1
108520,0,0,0.2018919,1
108521,0,0,0.2220247,1
108522,1,1,0.9999999,1
108523,0,0,0.01578456,1
108524,1,1,0.4128556,1
108525,0,1,0.71417975,0
108526,1,1,0.48383135,1
108527,1,1,0.70247906,1
108528,1,1,1.0,1
108529,0,0,0.2862191,1
108530,0,0,0.05170164,1
108531,1,1,0.99998724,1
108532,1,1,0.99750805,1
108533,0,1,0.99998593,0
108534,0,1,0.84479356,0
108535,0,0,0.33399183,1
108536,0,1,0.9991991,0
108537,0,0,0.074298516,1
108538,0,1,0.909907,0
108539,1,1,0.95873135,1
108540,1,1,0.9999988,1
108541,1,0,0.0139557095,0
108542,0,0,0.24059613,1
108543,0,1,0.9998907,0
108544,1,1,0.96518475,1
108545,1,1,0.9998697,1
108546,1,1,0.99704784,1
108547,0,0,0.012673735,1
108548,1,1,1.0,1
108549,0,0,0.103839464,1
108550,0,0,0.13341522,1
108551,1,1,0.99999964,1
108552,1,0,0.0683507,0
108553,0,1,0.411436,0
108554,0,1,0.36678818,0
108555,0,0,0.10762492,1
108556,1,1,0.9925103,1
108557,1,1,0.9820826,1
108558,1,1,1.0,1
108559,0,1,0.99998415,0
108560,0,0,0.11114469,1
108561,1,1,1.0,1
108562,0,0,0.10402136,1
108563,1,1,1.0,1
108564,0,0,0.20561504,1
108565,0,0,0.25973174,1
108566,1,1,0.9999906,1
108567,1,0,0.07470251,0
108568,0,1,0.585279,0
108569,0,0,0.07362963,1
108570,1,1,0.48267296,1
108571,0,0,0.03155902,1
108572,0,1,0.9973218,0
108573,1,1,0.8479678,1
108574,1,1,0.99999917,1
108575,0,0,0.27615336,1
108576,1,1,1.0,1
108577,1,1,0.5682362,1
108578,1,1,0.9999926,1
108579,1,0,0.24816959,0
108580,0,1,0.99374664,0
108581,0,0,0.23792991,1
108582,1,1,0.9152803,1
108583,1,1,0.8318272,1
108584,1,1,0.99999905,1
108585,1,1,1.0,1
108586,0,1,0.4512963,0
108587,1,1,0.99975747,1
108588,0,0,0.02344229,1
108589,1,0,0.031291503,0
108590,1,0,0.090735495,0
108591,0,1,0.41478032,0
108592,0,0,0.0074173803,1
108593,0,1,0.98432124,0
108594,0,1,0.36534345,0
108595,1,1,0.99879813,1
108596,0,0,0.07237402,1
108597,1,1,0.7552762,1
108598,0,0,0.07470251,1
108599,0,1,0.93651766,0
108600,1,1,0.9995073,1
108601,0,0,0.20995522,1
108602,0,1,0.79975533,0
108603,1,1,0.9817007,1
108604,0,0,0.08929564,1
108605,0,1,0.63934207,0
108606,1,1,0.8109285,1
108607,1,0,0.1185891,0
108608,0,1,0.93564117,0
108609,1,0,0.27727723,0
108610,0,0,0.022672437,1
108611,0,0,0.02580962,1
108612,1,0,0.04146227,0
108613,0,0,0.013376604,1
108614,0,1,0.99998593,0
108615,1,1,0.99972254,1
108616,0,0,0.14909723,1
108617,1,0,0.03919513,0
108618,0,1,0.7806625,0
108619,1,1,0.99871576,1
108620,1,1,0.9951137,1
108621,1,1,0.99986863,1
108622,1,1,1.0,1
108623,0,1,0.99752253,0
108624,1,1,0.60147655,1
108625,1,1,1.0,1
108626,0,0,0.0072047687,1
108627,1,1,0.9944343,1
108628,0,1,0.99999833,0
108629,1,1,0.9834863,1
108630,1,1,0.99773055,1
108631,1,1,0.48480693,1
108632,0,0,0.11716748,1
108633,1,1,0.99997485,1
108634,1,1,0.7926248,1
108635,0,1,0.6225167,0
108636,0,1,0.93651766,0
108637,0,0,0.20055768,1
108638,1,1,0.9970708,1
108639,1,0,0.16198196,0
108640,1,1,0.998884,1
108641,0,1,0.99010193,0
108642,1,1,0.9999939,1
108643,1,0,0.19185705,0
108644,0,0,0.09585608,1
108645,0,1,0.97321534,0
108646,0,1,0.97346866,0
108647,1,0,0.2163425,0
108648,1,0,0.22397058,0
108649,1,1,0.99876726,1
108650,1,1,0.99101454,1
108651,1,0,0.3198114,0
108652,0,0,0.056652427,1
108653,1,1,0.9991817,1
108654,1,1,1.0,1
108655,0,0,0.079068,1
108656,1,1,0.9999875,1
108657,1,1,0.99861956,1
108658,0,1,0.6564931,0
108659,0,1,0.9999937,0
108660,1,0,0.044472914,0
108661,1,1,0.9993228,1
108662,1,1,1.0,1
108663,0,1,0.71646667,0
108664,1,0,0.24926446,0
108665,1,1,0.9999995,1
108666,0,1,0.6766733,0
108667,0,0,0.18454698,1
108668,1,1,0.811452,1
108669,0,1,0.8283842,0
108670,0,1,0.8482194,0
108671,1,0,0.111724876,0
108672,1,1,0.99999523,1
108673,1,0,0.016979992,0
108674,0,0,0.21141684,1
108675,0,1,0.54292387,0
108676,1,1,0.87321484,1
108677,1,0,0.13251457,0
108678,0,1,0.99992,0
108679,1,0,0.10498092,0
108680,1,1,0.37799975,1
108681,0,0,0.13302054,1
108682,1,1,0.7477081,1
108683,1,1,0.9999745,1
108684,0,0,0.0245397,1
108685,0,1,0.9054896,0
108686,1,0,0.11402278,0
108687,0,0,0.14217234,1
108688,0,0,0.025011595,1
108689,0,0,0.12116486,1
108690,0,1,0.6484107,0
108691,1,1,0.9499023,1
108692,1,1,0.9716986,1
108693,0,0,0.21766995,1
108694,0,1,0.42411378,0
108695,0,0,0.30746198,1
108696,1,1,1.0,1
108697,0,1,0.997399,0
108698,0,0,0.055515114,1
108699,1,1,1.0,1
108700,1,1,0.9962638,1
108701,0,1,0.9999993,0
108702,1,1,1.0,1
108703,1,1,0.9999659,1
108704,0,1,0.8763172,0
108705,1,1,0.9999685,1
108706,1,1,1.0,1
108707,0,1,0.8384153,0
108708,1,1,0.999979,1
108709,1,1,0.4270084,1
108710,1,1,0.8431217,1
108711,1,1,0.99999726,1
108712,0,0,0.016340127,1
108713,1,1,0.99998665,1
108714,1,1,0.9999995,1
108715,0,1,0.9998574,0
108716,1,1,0.82768893,1
108717,1,1,1.0,1
108718,1,1,0.9648882,1
108719,1,1,1.0,1
108720,0,0,0.2552044,1
108721,0,1,0.7162682,0
108722,0,1,0.6071392,0
108723,1,1,0.71248233,1
108724,1,0,0.095518075,0
108725,1,0,0.10194652,0
108726,1,1,1.0,1
108727,1,1,0.8840393,1
108728,1,1,1.0,1
108729,0,0,0.048541088,1
108730,0,0,0.23100649,1
108731,1,1,0.99991107,1
108732,1,1,0.999998,1
108733,1,1,0.9999895,1
108734,1,1,0.98625773,1
108735,1,1,0.57427543,1
108736,1,1,0.9433476,1
108737,1,1,1.0,1
108738,1,0,0.051941562,0
108739,1,1,0.996858,1
108740,0,1,0.43017727,0
108741,0,0,0.0021322616,1
108742,1,1,0.9990508,1
108743,0,1,0.6017106,0
108744,1,0,0.013875309,0
108745,0,1,0.66175896,0
108746,1,1,1.0,1
108747,1,0,0.11807967,0
108748,1,1,0.9982759,1
108749,0,1,0.85989916,0
108750,0,0,0.010652511,1
108751,1,1,0.999652,1
108752,1,0,0.25229195,0
108753,0,1,0.9923934,0
108754,1,1,0.7407374,1
108755,1,0,0.018422542,0
108756,0,1,0.38745853,0
108757,0,1,0.93306583,0
108758,0,1,0.99987113,0
108759,1,1,1.0,1
108760,1,1,0.9998952,1
108761,1,1,0.840259,1
108762,1,1,0.9999629,1
108763,1,0,0.11104826,0
108764,1,1,0.36834887,1
108765,0,0,0.0689125,1
108766,1,1,0.9520419,1
108767,1,1,1.0,1
108768,0,0,0.12765263,1
108769,1,1,0.9999999,1
108770,0,0,0.025565214,1
108771,1,1,0.49108982,1
108772,1,1,0.9999962,1
108773,1,0,0.083965465,0
108774,1,1,1.0,1
108775,0,0,0.11153119,1
108776,0,1,0.9999896,0
108777,1,1,0.76330733,1
108778,1,1,0.99999976,1
108779,1,1,0.96912026,1
108780,1,1,0.9979888,1
108781,0,0,0.23722233,1
108782,1,1,0.8340017,1
108783,0,1,0.7923036,0
108784,0,1,0.5111676,0
108785,1,1,0.9987331,1
108786,0,0,0.054148693,1
108787,0,0,0.081154905,1
108788,0,1,0.82824534,0
108789,0,0,0.16317856,1
108790,0,1,0.9999968,0
108791,0,1,0.9722835,0
108792,1,1,0.9999999,1
108793,0,0,0.050051305,1
108794,0,0,0.04084572,1
108795,1,1,0.94853723,1
108796,0,1,0.9999653,0
108797,1,1,0.9999999,1
108798,1,1,0.7999117,1
108799,1,1,1.0,1
108800,0,1,0.9920466,0
108801,0,1,0.99995685,0
108802,1,1,1.0,1
108803,0,1,0.4910593,0
108804,0,0,0.03237491,1
108805,0,1,0.9999403,0
108806,1,0,0.2571583,0
108807,1,1,0.9035498,1
108808,1,1,1.0,1
108809,1,1,0.9999844,1
108810,1,1,0.6799761,1
108811,1,1,0.48148432,1
108812,1,1,0.99997795,1
108813,0,1,0.5162296,0
108814,0,1,0.99984944,0
108815,1,1,1.0,1
108816,0,1,0.78703237,0
108817,0,0,0.06278921,1
108818,1,1,0.9712657,1
108819,0,1,0.90723,0
108820,0,1,0.6930057,0
108821,0,0,0.23757595,1
108822,1,1,0.72282064,1
108823,0,1,0.9989329,0
108824,1,1,0.99998796,1
108825,0,1,0.61860764,0
108826,0,0,0.043609526,1
108827,0,1,0.9746045,0
108828,0,0,0.005685907,1
108829,0,1,0.75984967,0
108830,1,1,0.9109423,1
108831,0,0,0.028870905,1
108832,1,1,0.99901307,1
108833,1,1,0.93318766,1
108834,0,0,0.053009767,1
108835,0,1,0.58154076,0
108836,1,1,0.99999917,1
108837,0,0,0.18075651,1
108838,0,1,0.7550053,0
108839,0,0,0.016246215,1
108840,1,1,1.0,1
108841,1,1,1.0,1
108842,0,1,0.87536144,0
108843,0,0,0.03321117,1
108844,0,0,0.14860235,1
108845,0,0,0.2026009,1
108846,0,1,0.6144519,0
108847,0,1,0.99987566,0
108848,1,1,1.0,1
108849,1,1,0.97175217,1
108850,1,1,0.9999913,1
108851,1,0,0.07349652,0
108852,1,1,0.43980747,1
108853,1,0,0.02188545,0
108854,1,0,0.043895524,0
108855,1,1,0.9342153,1
108856,1,1,0.9999963,1
108857,0,1,0.5441353,0
108858,1,1,0.9999995,1
108859,1,0,0.1606607,0
108860,1,1,0.54201496,1
108861,0,0,0.02573606,1
108862,1,1,0.96347195,1
108863,1,1,1.0,1
108864,0,0,0.30996284,1
108865,0,1,0.9886901,0
108866,0,1,0.99631435,0
108867,1,0,0.020449394,0
108868,0,0,0.010986943,1
108869,1,0,0.012264914,0
108870,1,1,0.9999895,1
108871,1,1,0.99968064,1
108872,1,1,0.99737346,1
108873,1,1,0.7163675,1
108874,1,1,0.9184071,1
108875,0,1,0.99968183,0
108876,1,1,0.9999187,1
108877,1,1,0.9998752,1
108878,0,0,0.11318691,1
108879,0,0,0.03390796,1
108880,1,1,0.99743915,1
108881,0,0,0.20617388,1
108882,0,1,0.9997023,0
108883,0,1,0.83128005,0
108884,1,1,0.99368566,1
108885,1,1,0.9451974,1
108886,0,0,0.12033541,1
108887,1,1,0.9952632,1
108888,1,1,1.0,1
108889,0,1,0.99856466,0
108890,1,1,0.83999664,1
108891,1,1,0.7703784,1
108892,1,1,0.48968652,1
108893,1,0,0.15591201,0
108894,0,0,0.18535665,1
108895,1,0,0.04410091,0
108896,0,0,0.006363574,1
108897,1,1,0.9999795,1
108898,0,1,0.7332131,0
108899,1,1,0.9935369,1
108900,0,0,0.22017473,1
108901,1,0,0.089933,0
108902,0,0,0.033462938,1
108903,1,1,0.9945095,1
108904,1,0,0.047869008,0
108905,0,0,0.025858779,1
108906,1,1,0.8893368,1
108907,1,0,0.015983006,0
108908,0,0,0.03197956,1
108909,0,1,0.9992549,0
108910,0,0,0.015573563,1
108911,1,0,0.10132237,0
108912,0,1,0.99903405,0
108913,1,0,0.2205942,0
108914,0,0,0.19698064,1
108915,1,1,0.9999994,1
108916,0,1,0.8305941,0
108917,0,0,0.33884242,1
108918,0,0,0.21223202,1
108919,0,1,0.36356217,0
108920,0,0,0.20497774,1
108921,0,0,0.30059156,1
108922,0,1,0.98147124,0
108923,0,0,0.010228809,1
108924,1,1,0.87621135,1
108925,1,1,0.9999982,1
108926,1,0,0.2955348,0
108927,0,1,0.99931085,0
108928,0,1,0.9924666,0
108929,1,1,0.99952435,1
108930,1,1,0.9423477,1
108931,1,1,1.0,1
108932,0,1,1.0,0
108933,1,1,1.0,1
108934,0,0,0.1201288,1
108935,1,0,0.10530251,0
108936,0,1,0.9992461,0
108937,1,1,0.9811307,1
108938,1,1,0.37788498,1
108939,1,0,0.22936255,0
108940,1,0,0.051319942,0
108941,0,0,0.13403742,1
108942,1,1,0.99999714,1
108943,0,0,0.2982869,1
108944,0,1,0.3542655,0
108945,0,0,0.14039516,1
108946,1,1,0.97773504,1
108947,0,1,0.47231838,0
108948,1,1,0.9999845,1
108949,1,1,0.9961681,1
108950,1,1,0.99709344,1
108951,1,1,0.43962702,1
108952,0,0,0.10576342,1
108953,0,0,0.28368217,1
108954,0,1,0.9990908,0
108955,0,0,0.23335676,1
108956,1,1,0.9619649,1
108957,1,1,0.99901116,1
108958,0,0,0.0019342613,1
108959,0,1,0.5333367,0
108960,0,0,0.00047377843,1
108961,0,1,0.41967767,0
108962,1,1,0.99989843,1
108963,1,1,0.999998,1
108964,1,0,0.24535614,0
108965,1,1,0.99999976,1
108966,0,1,0.99999964,0
108967,1,1,0.9723885,1
108968,1,1,1.0,1
108969,0,1,0.8504686,0
108970,0,1,0.41427666,0
108971,1,1,0.9994286,1
108972,1,1,0.9999473,1
108973,0,0,0.19544049,1
108974,1,0,0.1304515,0
108975,1,0,0.0068107303,0
108976,1,1,1.0,1
108977,1,1,1.0,1
108978,1,1,0.99588215,1
108979,0,0,0.18119074,1
108980,1,1,0.44595176,1
108981,0,1,0.43242285,0
108982,0,0,0.11476479,1
108983,1,1,0.9999993,1
108984,1,1,0.77797526,1
108985,0,1,0.9998722,0
108986,1,0,0.20898496,0
108987,0,1,0.747155,0
108988,0,0,0.3202364,1
108989,1,1,0.99994147,1
108990,1,1,0.9999993,1
108991,0,1,0.3967107,0
108992,1,1,0.9722835,1
108993,1,1,1.0,1
108994,1,1,1.0,1
108995,0,0,0.116261385,1
108996,0,1,0.8565725,0
108997,0,0,0.08100938,1
108998,0,0,0.044472914,1
108999,1,1,0.9942139,1
109000,0,1,0.9999945,0
109001,0,0,0.093512304,1
109002,1,1,0.62165576,1
109003,0,0,0.3184851,1
109004,1,1,0.9999999,1
109005,1,1,0.99999976,1
109006,1,1,0.99999976,1
109007,1,1,0.99999213,1
109008,1,1,0.9999701,1
109009,0,0,0.003991728,1
109010,0,1,0.88885534,0
109011,0,1,0.9999974,0
109012,1,1,0.9999999,1
109013,0,1,0.97678024,0
109014,1,1,0.9987405,1
109015,0,1,0.99999547,0
109016,1,1,0.45531967,1
109017,0,0,0.0996453,1
109018,0,1,0.9988463,0
109019,1,1,0.4023334,1
109020,1,1,0.9999999,1
109021,0,0,0.16391331,1
109022,1,1,0.84286314,1
109023,1,1,0.99997675,1
109024,1,1,1.0,1
109025,0,0,0.01977584,1
109026,1,1,0.9999999,1
109027,1,1,0.99998105,1
109028,1,1,0.9934738,1
109029,0,1,0.43947667,0
109030,1,1,0.9944343,1
109031,1,1,0.9999895,1
109032,1,1,0.96900314,1
109033,0,1,0.5596511,0
109034,1,1,0.99806195,1
109035,1,1,0.5388012,1
109036,1,1,0.9993475,1
109037,0,1,0.6520753,0
109038,1,1,0.9863369,1
109039,0,1,0.99999905,0
109040,1,1,1.0,1
109041,0,1,0.9980994,0
109042,0,0,0.020547435,1
109043,0,1,0.9987005,0
109044,0,1,0.99883276,0
109045,0,1,0.9543506,0
109046,0,0,0.29971972,1
109047,0,1,0.9998198,0
109048,1,1,0.6392295,1
109049,1,1,0.99952066,1
109050,1,1,0.9999491,1
109051,1,1,0.9946568,1
109052,1,1,0.99999976,1
109053,1,1,0.9101469,1
109054,0,0,0.085023046,1
109055,0,1,0.64985645,0
109056,0,1,0.964355,0
109057,1,1,0.62515205,1
109058,1,1,0.99999976,1
109059,0,1,0.9708264,0
109060,0,1,0.99999297,0
109061,0,0,0.22499062,1
109062,0,1,0.9466954,0
109063,1,1,1.0,1
109064,0,0,0.12199923,1
109065,0,0,0.07758752,1
109066,1,1,1.0,1
109067,0,0,0.083515875,1
109068,1,1,0.998242,1
109069,1,1,0.99924314,1
109070,0,0,0.07257096,1
109071,1,1,1.0,1
109072,0,0,0.15285237,1
109073,1,1,0.9999871,1
109074,1,1,0.99999976,1
109075,1,1,0.9999999,1
109076,1,1,0.93564117,1
109077,1,1,0.5114726,1
109078,1,0,0.14247034,0
109079,1,1,0.9999995,1
109080,1,1,0.99999976,1
109081,1,1,0.94694114,1
109082,0,1,0.97879386,0
109083,1,1,0.7774689,1
109084,0,1,0.94796216,0
109085,1,1,0.9999975,1
109086,1,1,0.9918595,1
109087,1,1,0.99999964,1
109088,1,0,0.2607658,0
109089,1,1,1.0,1
109090,1,1,0.48340455,1
109091,1,1,0.99820733,1
109092,0,0,0.0354775,1
109093,1,1,0.99999785,1
109094,0,0,0.26683462,1
109095,1,1,0.6181467,1
109096,1,1,0.99999964,1
109097,0,1,0.9789353,0
109098,0,0,0.13477592,1
109099,1,1,0.99799275,1
109100,0,0,0.02442309,1
109101,1,0,0.007876707,0
109102,0,0,0.24256429,1
109103,1,1,0.62056416,1
109104,1,0,0.058776554,0
109105,1,0,0.0042646346,0
109106,1,1,0.5481293,1
109107,1,1,0.9999237,1
109108,0,1,0.9997098,0
109109,1,0,0.11037522,0
109110,0,0,0.02693789,1
109111,1,1,0.3682921,1
109112,0,0,0.044472914,1
109113,0,0,0.22524613,1
109114,0,0,0.25655252,1
109115,1,1,1.0,1
109116,0,1,0.9996057,0
109117,0,1,1.0,0
109118,0,1,0.90623903,0
109119,0,0,0.01335085,1
109120,1,1,0.9951041,1
109121,1,1,0.9732661,1
109122,0,0,0.04505753,1
109123,1,1,0.5959041,1
109124,0,1,0.7397986,0
109125,0,1,0.89358836,0
109126,0,0,0.054298937,1
109127,1,1,0.9995584,1
109128,1,0,0.0135061005,0
109129,1,1,0.4523847,1
109130,1,0,0.16762705,0
109131,0,1,0.8838389,0
109132,0,1,0.70997524,0
109133,0,0,0.05266766,1
109134,0,0,0.2656899,1
109135,0,0,0.07230849,1
109136,1,1,0.99999976,1
109137,0,1,0.93674946,0
109138,0,1,0.99999976,0
109139,0,1,0.36959946,0
109140,0,0,0.301722,1
109141,0,0,0.039787814,1
109142,1,0,0.016882466,0
109143,1,1,0.9538373,1
109144,1,0,0.30959746,0
109145,1,1,0.9999802,1
109146,1,1,0.9999999,1
109147,0,0,0.1435475,1
109148,1,1,1.0,1
109149,0,0,0.12624557,1
109150,1,1,0.99999774,1
109151,1,1,0.6854759,1
109152,0,0,0.052814018,1
109153,1,1,0.42226636,1
109154,1,1,1.0,1
109155,1,1,1.0,1
109156,1,1,0.9999541,1
109157,0,1,0.45931864,0
109158,0,0,0.021615336,1
109159,0,1,0.44323888,0
109160,0,1,0.9846051,0
109161,0,1,0.43455127,0
109162,1,1,1.0,1
109163,1,1,0.9640178,1
109164,0,1,0.9966949,0
109165,0,0,0.045862667,1
109166,1,1,0.99999475,1
109167,0,0,0.22042635,1
109168,0,1,0.9999999,0
109169,1,1,0.6297177,1
109170,1,1,0.9999329,1
109171,1,0,0.10302444,0
109172,1,0,0.11397346,0
109173,1,0,0.11802884,0
109174,0,1,0.9988213,0
109175,1,1,1.0,1
109176,0,1,0.99997604,0
109177,1,1,0.999666,1
109178,1,1,0.99986863,1
109179,1,1,0.95430803,1
109180,1,1,0.9995372,1
109181,0,0,0.28761774,1
109182,1,0,0.1447523,0
109183,1,1,0.9941801,1
109184,0,1,0.39843568,0
109185,1,1,0.99998844,1
109186,1,1,1.0,1
109187,0,0,0.06136777,1
109188,1,1,0.9943251,1
109189,1,1,0.99992883,1
109190,1,1,0.9999962,1
109191,1,1,1.0,1
109192,0,0,0.1587604,1
109193,1,0,0.10951515,0
109194,1,0,0.07696085,0
109195,1,1,0.89228123,1
109196,0,1,0.99999905,0
109197,1,1,0.9939143,1
109198,0,1,0.6232622,0
109199,1,1,0.6852653,1
109200,0,1,0.9997029,0
109201,1,1,0.999928,1
109202,1,0,0.26010746,0
109203,0,0,0.09227797,1
109204,0,0,0.068288535,1
109205,1,1,1.0,1
109206,1,1,1.0,1
109207,1,0,0.20283768,0
109208,0,0,0.05525965,1
109209,1,1,0.9999286,1
109210,1,1,1.0,1
109211,1,1,1.0,1
109212,1,1,0.99808073,1
109213,0,0,0.06080765,1
109214,0,1,0.9999993,0
109215,0,1,0.72090894,0
109216,1,0,0.16271237,0
109217,1,1,0.9966949,1
109218,0,0,0.2270406,1
109219,1,1,0.9999417,1
109220,1,1,0.99403125,1
109221,1,1,1.0,1
109222,1,1,0.9999465,1
109223,0,0,0.054600604,1
109224,0,1,0.81946033,0
109225,1,1,0.99948573,1
109226,0,0,0.06681232,1
109227,0,0,0.14891149,1
109228,0,1,1.0,0
109229,0,0,0.021024454,1
109230,1,1,0.9999912,1
109231,1,1,0.9914225,1
109232,1,1,0.9999999,1
109233,0,0,0.07126734,1
109234,1,1,0.99983585,1
109235,1,1,1.0,1
109236,1,1,0.988085,1
109237,1,1,0.99390244,1
109238,0,0,0.21428008,1
109239,0,1,0.9980392,0
109240,1,1,0.7157221,1
109241,1,0,0.04885778,0
109242,1,1,0.99995685,1
109243,1,1,1.0,1
109244,0,0,0.19969788,1
109245,0,1,0.8130158,0
109246,0,0,0.065784656,1
109247,1,1,0.9999069,1
109248,1,1,0.63096917,1
109249,1,0,0.1240007,0
109250,1,0,0.009107994,0
109251,0,0,0.035846926,1
109252,0,0,0.028087387,1
109253,1,1,0.99400806,1
109254,1,1,0.99999976,1
109255,1,0,0.006338922,0
109256,1,1,0.8008478,1
109257,1,1,0.99996305,1
109258,0,1,1.0,0
109259,0,0,0.2616138,1
109260,1,1,0.9990452,1
109261,1,1,0.57791233,1
109262,1,1,1.0,1
109263,1,1,0.9737197,1
109264,1,0,0.15817434,0
109265,0,1,0.5708697,0
109266,1,1,0.89469755,1
109267,0,0,0.0416178,1
109268,1,1,0.8746137,1
109269,0,0,0.08456833,1
109270,0,0,0.14098547,1
109271,1,1,1.0,1
109272,0,1,0.5452252,0
109273,0,1,1.0,0
109274,1,1,0.99697804,1
109275,0,0,0.04405976,1
109276,1,1,0.9997439,1
109277,1,1,0.999892,1
109278,0,0,0.0029235426,1
109279,1,1,0.9300782,1
109280,1,1,1.0,1
109281,0,0,0.255158,1
109282,1,1,0.9999982,1
109283,1,0,0.028816197,0
109284,1,0,0.28209728,0
109285,0,1,0.97803074,0
109286,1,1,0.9999912,1
109287,1,1,1.0,1
109288,0,1,0.47993022,0
109289,0,1,0.99999833,0
109290,1,1,0.9905874,1
109291,1,0,0.047425874,0
109292,1,1,0.355663,1
109293,1,1,0.4483357,1
109294,1,1,0.96544635,1
109295,1,0,0.20394525,0
109296,0,0,0.32257935,1
109297,1,1,1.0,1
109298,1,1,0.9951137,1
109299,0,0,0.2960942,1
109300,1,1,0.9999999,1
109301,0,1,0.9987576,0
109302,0,1,0.7423751,0
109303,1,1,0.5018921,1
109304,1,1,0.39896247,1
109305,1,1,0.999433,1
109306,1,1,0.999572,1
109307,1,1,0.36412725,1
109308,0,1,0.99361163,0
109309,0,0,0.1274896,1
109310,1,1,0.8632764,1
109311,0,1,0.41952905,0
109312,1,1,0.9965904,1
109313,1,0,0.34334174,0
109314,0,0,0.054752033,1
109315,0,0,0.11235639,1
109316,1,1,0.9999633,1
109317,1,0,0.16384642,0
109318,1,1,0.9999999,1
109319,0,1,0.6202192,0
109320,1,0,0.013532148,0
109321,1,1,0.9957353,1
109322,1,1,1.0,1
109323,1,1,1.0,1
109324,1,0,0.28229508,0
109325,0,0,0.21833587,1
109326,1,1,0.98720354,1
109327,0,0,0.18352044,1
109328,0,0,0.043609526,1
109329,1,1,0.9999634,1
109330,1,1,0.9999987,1
109331,1,0,0.10790661,0
109332,1,1,0.99999833,1
109333,1,1,0.4645979,1
109334,1,1,0.99900144,1
109335,1,1,0.98501414,1
109336,1,1,0.99852496,1
109337,0,1,0.9404625,0
109338,1,1,0.9594972,1
109339,1,1,0.99999666,1
109340,1,1,0.99983203,1
109341,1,1,0.9915216,1
109342,1,0,0.19269124,0
109343,1,1,0.9830526,1
109344,1,1,0.9998697,1
109345,1,0,0.07647662,0
109346,1,1,0.9998287,1
109347,1,1,1.0,1
109348,1,1,0.52415115,1
109349,0,0,0.076407686,1
109350,0,1,0.9885361,0
109351,0,1,0.99994004,0
109352,0,0,0.16749083,1
109353,0,0,0.1201288,1
109354,0,1,0.7833262,0
109355,0,1,0.9998771,0
109356,0,1,0.42635146,0
109357,0,0,0.05981148,1
109358,0,1,0.7818308,0
109359,1,1,1.0,1
109360,1,0,0.17189364,0
109361,1,1,0.91796696,1
109362,0,0,0.15533453,1
109363,0,0,0.018334452,1
109364,0,1,0.9928786,0
109365,0,0,0.1775255,1
109366,0,0,0.0762012,1
109367,0,0,0.33079538,1
109368,0,1,0.94728357,0
109369,1,1,0.9349913,1
109370,0,0,0.02094421,1
109371,0,1,0.9989267,0
109372,0,0,0.23274586,1
109373,0,0,0.0074317735,1
109374,0,1,0.99999547,0
109375,1,1,0.98977125,1
109376,0,1,0.45247543,0
109377,1,1,0.99584997,1
109378,1,1,0.99998593,1
109379,0,0,0.27405983,1
109380,1,1,0.99999905,1
109381,0,1,0.9989454,0
109382,0,0,0.11008789,1
109383,1,1,0.9999995,1
109384,0,1,0.8085212,0
109385,1,1,0.9999969,1
109386,0,0,0.118742295,1
109387,0,0,0.13381088,1
109388,1,1,0.9999987,1
109389,0,0,0.074432954,1
109390,1,1,0.99999964,1
109391,1,0,0.3024941,0
109392,0,1,0.9984269,0
109393,0,1,0.71646667,0
109394,1,1,1.0,1
109395,1,0,0.003642891,0
109396,1,1,0.5825504,1
109397,1,1,1.0,1
109398,0,0,0.05379964,1
109399,1,1,0.9998702,1
109400,0,1,0.9998863,0
109401,0,0,0.2129677,1
109402,1,1,0.9951137,1
109403,1,0,0.014475689,0
109404,1,1,0.9981792,1
109405,1,1,0.9999993,1
109406,0,0,0.03897507,1
109407,1,1,0.99682117,1
109408,0,1,0.39425924,0
109409,0,1,0.41019502,0
109410,1,1,1.0,1
109411,0,0,0.10061321,1
109412,0,1,0.91173136,0
109413,1,1,0.9989617,1
109414,1,1,0.95239735,1
109415,1,0,0.11279541,0
109416,0,0,0.07172112,1
109417,1,1,0.9486801,1
109418,0,1,0.9999999,0
109419,1,0,0.03117331,0
109420,0,1,0.9461506,0
109421,1,0,0.12732674,0
109422,0,1,0.3816228,0
109423,1,1,0.35521552,1
109424,1,1,0.9999999,1
109425,0,0,0.0586686,1
109426,1,1,0.9996904,1
109427,0,0,0.11008789,1
109428,0,0,0.16613355,1
109429,0,1,0.55700207,0
109430,0,1,0.9830526,0
109431,1,1,0.9999995,1
109432,0,0,0.07477004,1
109433,0,1,0.74544466,0
109434,0,1,0.59801877,0
109435,1,1,0.7060385,1
109436,0,0,0.11230769,1
109437,0,1,1.0,0
109438,0,1,0.9737197,0
109439,0,1,0.9997209,0
109440,1,1,0.99929583,1
109441,1,1,0.9272316,1
109442,1,1,0.9972531,1
109443,1,1,0.9989183,1
109444,1,1,0.99999905,1
109445,1,1,0.999977,1
109446,0,0,0.050846573,1
109447,0,0,0.06267437,1
109448,0,0,0.14199378,1
109449,1,1,0.9999995,1
109450,1,1,0.9999808,1
109451,0,0,0.025834186,1
109452,1,1,0.99999964,1
109453,0,0,0.01317195,1
109454,0,0,0.056288198,1
109455,1,1,0.9999999,1
109456,1,1,0.99999976,1
109457,0,1,0.98749614,0
109458,1,1,0.99955493,1
109459,1,1,1.0,1
109460,0,1,0.9773924,0
109461,0,1,0.9835022,0
109462,0,1,0.4960328,0
109463,1,1,0.93663365,1
109464,0,1,0.9999651,0
109465,1,0,0.011441684,0
109466,0,1,0.9818231,0
109467,1,1,1.0,1
109468,0,1,0.96521765,0
109469,1,1,0.9999577,1
109470,1,0,0.26616648,0
109471,1,0,0.033716537,0
109472,1,1,1.0,1
109473,0,1,0.4923712,0
109474,1,1,0.99997294,1
109475,0,1,0.49200508,0
109476,1,1,1.0,1
109477,1,0,0.082475364,0
109478,0,0,0.10356715,1
109479,0,0,0.21950476,1
109480,0,0,0.05340333,1
109481,0,1,0.75219464,0
109482,0,1,1.0,0
109483,1,1,0.6383282,1
109484,0,0,0.09990845,1
109485,0,1,0.99999094,0
109486,1,0,0.015218292,0
109487,1,1,1.0,1
109488,1,0,0.014475689,0
109489,1,0,0.16438228,0
109490,1,0,0.08151975,0
109491,0,0,0.022307474,1
109492,0,0,0.18425323,1
109493,1,1,0.99997616,1
109494,1,1,0.99970406,1
109495,1,1,0.990732,1
109496,1,1,0.9999857,1
109497,1,1,1.0,1
109498,1,0,0.015159859,0
109499,0,1,0.99928063,0
109500,0,1,0.99999535,0
109501,1,0,0.049635064,0
109502,1,1,0.47192287,1
109503,1,1,0.9999651,1
109504,0,1,0.9980882,0
109505,0,1,0.61410475,0
109506,0,1,0.8713654,0
109507,0,1,0.98018634,0
109508,0,1,0.9876639,0
109509,0,1,0.99983454,0
109510,0,0,0.21659093,1
109511,0,0,0.07165614,1
109512,0,0,0.034261618,1
109513,1,0,0.2552508,0
109514,1,1,0.9999901,1
109515,1,1,0.95585793,1
109516,0,0,0.21808594,1
109517,1,0,0.08232769,0
109518,0,0,0.07356305,1
109519,0,0,0.29330328,1
109520,0,0,0.03073393,1
109521,0,1,0.36082682,0
109522,1,0,0.20609397,0
109523,0,1,0.99999464,0
109524,0,1,0.988425,0
109525,0,1,0.9996244,0
109526,0,1,0.5254906,0
109527,0,0,0.076683804,1
109528,0,0,0.19117662,1
109529,0,1,0.38693717,0
109530,0,1,0.982524,0
109531,1,1,0.9518632,1
109532,1,1,0.9499023,1
109533,1,1,0.99983454,1
109534,1,1,0.99999297,1
109535,1,1,1.0,1
109536,0,1,0.91693145,0
109537,0,0,0.31447145,1
109538,0,0,0.18728127,1
109539,0,0,0.09833879,1
109540,0,0,0.049222115,1
109541,0,0,0.025662709,1
109542,0,0,0.34477428,1
109543,1,1,0.9999999,1
109544,0,1,0.8831352,0
109545,1,0,0.11392417,0
109546,1,1,0.9999993,1
109547,0,1,0.99986863,0
109548,1,1,0.9600252,1
109549,1,1,0.999969,1
109550,1,0,0.29665428,0
109551,0,0,0.037082024,1
109552,1,1,0.99979895,1
109553,1,1,0.9957353,1
109554,1,1,0.9999993,1
109555,1,1,0.9978594,1
109556,0,0,0.10150035,1
109557,0,0,0.13466209,1
109558,0,1,0.392104,0
109559,0,1,0.99968004,0
109560,0,0,0.05839952,1
109561,0,1,0.42826328,0
109562,1,1,0.9997826,1
109563,0,1,0.9997316,0
109564,0,0,0.07409726,1
109565,1,1,0.9530133,1
109566,1,1,0.9932811,1
109567,0,1,0.9998746,0
109568,1,1,0.7639243,1
109569,1,1,0.75626755,1
109570,0,1,0.92976,0
109571,1,1,0.98022413,1
109572,1,1,0.9999995,1
109573,1,1,0.99678373,1
109574,1,1,0.6210239,1
109575,1,1,0.99998593,1
109576,1,1,0.63686144,1
109577,0,0,0.12215622,1
109578,0,1,0.98998636,0
109579,1,1,1.0,1
109580,1,1,0.99992,1
109581,1,1,1.0,1
109582,1,1,1.0,1
109583,1,1,0.98067343,1
109584,1,1,0.5926666,1
109585,1,1,0.92988735,1
109586,0,1,0.38876304,0
109587,1,0,0.008916127,0
109588,1,1,0.9695556,1
109589,1,1,0.9999355,1
109590,1,0,0.0066540097,0
109591,1,1,1.0,1
109592,1,0,0.03615194,0
109593,0,0,0.1886227,1
109594,0,1,0.9958093,0
109595,1,1,1.0,1
109596,0,1,0.99945253,0
109597,0,0,0.31949285,1
109598,0,1,0.87396973,0
109599,1,1,0.9999945,1
109600,1,1,0.9999999,1
109601,1,1,0.99961406,1
109602,1,1,0.96528316,1
109603,0,0,0.19767669,1
109604,0,0,0.24644268,1
109605,0,1,0.9944666,0
109606,1,1,0.9999993,1
109607,0,1,0.98815376,0
109608,0,1,0.8529355,0
109609,1,1,0.9999876,1
109610,1,1,0.9998574,1
109611,1,1,0.99995124,1
109612,1,1,0.8054027,1
109613,0,1,0.501709,0
109614,0,1,0.9843062,0
109615,1,1,0.9999659,1
109616,0,0,0.12689333,1
109617,0,1,0.9186994,0
109618,1,1,0.9999926,1
109619,1,1,1.0,1
109620,1,1,0.99835473,1
109621,1,1,0.9999987,1
109622,1,1,0.9999927,1
109623,0,1,0.99698395,0
109624,0,0,0.008494837,1
109625,0,0,0.3398824,1
109626,1,1,0.96028674,1
109627,1,1,0.35337245,1
109628,0,1,0.999828,0
109629,1,1,0.92976,1
109630,0,1,0.61259943,0
109631,1,1,0.9999913,1
109632,1,1,0.99951494,1
109633,0,1,0.999134,0
109634,0,1,0.47365722,0
109635,1,1,0.98574555,1
109636,0,1,0.9976993,0
109637,1,1,0.62274617,1
109638,1,1,0.9935868,1
109639,1,1,0.9863105,1
109640,1,1,1.0,1
109641,1,1,0.5856937,1
109642,1,0,0.14027737,0
109643,0,0,0.068288535,1
109644,1,0,0.033812117,0
109645,1,1,1.0,1
109646,0,0,0.09476145,1
109647,0,1,0.98844737,0
109648,1,0,0.0034296038,0
109649,0,1,0.9999691,0
109650,1,0,0.24364243,0
109651,0,0,0.2549725,1
109652,0,1,0.58165956,0
109653,1,1,0.96528316,1
109654,0,0,0.029563345,1
109655,1,1,0.99958354,1
109656,0,0,0.05525965,1
109657,0,1,0.9791955,0
109658,1,1,0.9987306,1
109659,1,1,0.9999999,1
109660,0,0,0.26100117,1
109661,1,1,0.9999981,1
109662,0,0,0.08479541,1
109663,0,1,1.0,0
109664,1,1,0.9651191,1
109665,1,1,0.9979048,1
109666,0,1,0.8247444,0
109667,0,0,0.021145396,1
109668,1,1,0.99999547,1
109669,0,0,0.32402146,1
109670,0,0,0.33139017,1
109671,1,1,1.0,1
109672,0,0,0.0058881594,1
109673,1,1,0.9999999,1
109674,1,1,0.9975032,1
109675,0,0,0.009821794,1
109676,0,1,0.9801103,0
109677,1,1,1.0,1
109678,1,1,0.9991048,1
109679,0,1,0.98486924,0
109680,0,1,0.98192734,0
109681,1,1,1.0,1
109682,1,1,0.9999901,1
109683,0,1,0.4383644,0
109684,0,1,0.99894124,0
109685,1,1,0.9865976,1
109686,1,1,0.99998415,1
109687,0,0,0.010189338,1
109688,0,0,0.0894546,1
109689,0,1,0.86916035,0
109690,0,1,1.0,0
109691,1,1,0.9995426,1
109692,1,1,0.99879104,1
109693,1,1,1.0,1
109694,1,1,0.93505055,1
109695,0,0,0.20561504,1
109696,1,1,0.9784877,1
109697,1,0,0.06773144,0
109698,1,1,0.9950755,1
109699,1,1,0.42205793,1
109700,0,1,0.91086304,0
109701,1,1,0.9999181,1
109702,0,1,0.9944988,0
109703,0,1,0.35818467,0
109704,0,0,0.025613915,1
109705,1,1,0.99999917,1
109706,1,1,0.99962366,1
109707,0,0,0.12586902,1
109708,1,1,0.99999046,1
109709,1,1,0.6998189,1
109710,1,1,0.999926,1
109711,0,1,0.4830997,0
109712,0,0,0.03289904,1
109713,1,1,0.522324,1
109714,0,0,0.21060391,1
109715,1,1,0.9969663,1
109716,0,1,0.5647587,0
109717,0,0,0.029256709,1
109718,0,0,0.0060152626,1
109719,1,1,0.99992657,1
109720,0,1,0.99398476,0
109721,0,0,0.2902762,1
109722,1,1,0.9999994,1
109723,0,0,0.14116298,1
109724,1,1,0.99995756,1
109725,1,1,0.35471243,1
109726,1,1,0.37045312,1
109727,1,0,0.17238072,0
109728,0,1,0.99960023,0
109729,1,1,0.73885757,1
109730,0,1,0.58444905,0
109731,1,1,0.99999976,1
109732,1,0,0.14872593,0
109733,1,1,0.84834504,1
109734,0,0,0.033054754,1
109735,0,1,0.9999778,0
109736,0,1,0.9990996,0
109737,1,1,1.0,1
109738,1,1,0.7401744,1
109739,1,1,0.9985869,1
109740,0,1,0.9992237,0
109741,1,1,0.49285933,1
109742,0,0,0.002621441,1
109743,1,0,0.2062538,0
109744,1,1,0.99999976,1
109745,1,1,0.72090894,1
109746,1,1,0.99999917,1
109747,1,1,0.5921361,1
109748,0,0,0.22764099,1
109749,0,1,0.9958093,0
109750,0,1,0.9998957,0
109751,1,0,0.03807084,0
109752,1,1,0.97610646,1
109753,0,1,0.9591926,0
109754,1,1,1.0,1
109755,1,1,0.9999999,1
109756,0,0,0.0021869745,1
109757,1,1,0.9999387,1
109758,0,1,0.81873685,0
109759,0,1,0.6383282,0
109760,0,1,0.8344069,0
109761,1,1,0.45589495,1
109762,0,0,0.20040116,1
109763,1,1,0.99751294,1
109764,0,1,0.54788744,0
109765,0,1,0.805173,0
109766,0,0,0.32402146,1
109767,1,1,0.996597,1
109768,1,0,0.11348131,0
109769,0,1,0.8524448,0
109770,0,0,0.09178833,1
109771,0,1,0.38653186,0
109772,1,1,0.51318055,1
109773,0,0,0.161717,1
109774,0,0,0.31589425,1
109775,0,0,0.21206881,1
109776,0,1,0.9999635,0
109777,1,1,0.8818186,1
109778,1,1,0.94154674,1
109779,0,0,0.107250325,1
109780,0,0,0.062103122,1
109781,1,1,0.69817513,1
109782,0,0,0.04564947,1
109783,1,1,0.99999976,1
109784,0,1,0.6548396,0
109785,0,0,0.30270016,1
109786,0,0,0.12069768,1
109787,1,1,1.0,1
109788,0,1,0.79692537,0
109789,1,0,0.08756384,0
109790,1,1,0.99557483,1
109791,1,1,0.9987257,1
109792,1,1,0.9365757,1
109793,0,1,0.6283504,0
109794,0,0,0.017110892,1
109795,1,1,0.9026096,1
109796,0,0,0.02973191,1
109797,1,0,0.051749542,0
109798,1,1,0.9994766,1
109799,1,1,1.0,1
109800,1,0,0.3192275,0
109801,1,1,0.99998283,1
109802,1,1,0.9999101,1
109803,0,1,0.40165845,0
109804,0,1,0.9818579,0
109805,1,1,0.9637459,1
109806,1,0,0.14057204,0
109807,1,1,0.9999945,1
109808,1,1,0.9013143,1
109809,1,1,1.0,1
109810,0,1,0.9914722,0
109811,0,0,0.05470151,1
109812,1,1,0.99896777,1
109813,1,0,0.20134169,0
109814,1,0,0.076683804,0
109815,0,0,0.2549725,1
109816,1,1,0.9982759,1
109817,0,1,0.9987576,0
109818,0,0,0.040162582,1
109819,1,1,1.0,1
109820,0,0,0.021615336,1
109821,0,0,0.04822634,1
109822,0,1,0.49633795,0
109823,1,1,0.99999905,1
109824,1,1,0.42506814,1
109825,1,0,0.061255362,0
109826,0,1,0.8109285,0
109827,1,1,1.0,1
109828,1,0,0.18550415,0
109829,1,1,0.9999999,1
109830,1,1,0.95594025,1
109831,0,1,0.840521,0
109832,1,1,0.39831868,1
109833,1,0,0.026708465,0
109834,1,1,0.9999958,1
109835,0,0,0.24844302,1
109836,1,0,0.0422455,0
109837,0,1,0.89077026,0
109838,1,1,0.99959713,1
109839,1,1,1.0,1
109840,1,0,0.34665185,0
109841,1,0,0.031410128,0
109842,0,1,0.6099308,0
109843,1,0,0.21917033,0
109844,1,1,0.42844263,1
109845,1,1,0.99988496,1
109846,0,1,0.9997818,0
109847,1,0,0.10790661,0
109848,1,1,0.9982827,1
109849,0,0,0.052521676,1
109850,1,0,0.1587604,0
109851,0,1,0.91266996,0
109852,0,1,0.9993893,0
109853,0,1,0.79358625,0
109854,0,1,0.9160345,0
109855,0,0,0.009821794,1
109856,1,1,0.9316493,1
109857,0,1,0.80685264,0
109858,1,1,0.9183339,1
109859,1,1,1.0,1
109860,0,1,0.42620218,0
109861,1,1,0.9996424,1
109862,1,1,0.9802997,1
109863,0,0,0.07689149,1
109864,1,0,0.047913536,0
109865,1,1,0.5707501,1
109866,0,0,0.30182487,1
109867,1,1,0.8230441,1
109868,0,0,0.039231926,1
109869,1,1,0.9999995,1
109870,1,1,0.7524676,1
109871,1,0,0.10762492,0
109872,1,1,0.99694854,1
109873,0,1,0.9972531,0
109874,0,1,0.9934865,0
109875,1,1,0.4015998,1
109876,1,1,0.9999155,1
109877,1,1,0.9975561,1
109878,0,1,0.9722835,0
109879,1,1,0.9954791,1
109880,1,1,0.9999988,1
109881,1,1,0.9926684,1
109882,1,1,0.9516839,1
109883,1,1,0.9999676,1
109884,0,0,0.008898884,1
109885,1,1,0.9027811,1
109886,0,0,0.22755517,1
109887,0,0,0.014145104,1
109888,1,1,0.7105781,1
109889,1,1,0.9999993,1
109890,1,1,0.99690056,1
109891,0,0,0.1552705,1
109892,0,0,0.30455852,1
109893,1,1,1.0,1
109894,0,0,0.17300858,1
109895,0,1,0.9961004,0
109896,1,0,0.17085357,0
109897,0,0,0.01335085,1
109898,0,0,0.13517499,1
109899,0,1,0.3840744,0
109900,0,1,0.75851065,0
109901,1,1,0.46663293,1
109902,0,1,0.9999863,0
109903,1,1,1.0,1
109904,1,1,0.982031,1
109905,0,0,0.0018639287,1
109906,1,1,0.9999584,1
109907,1,0,0.16391331,0
109908,1,1,0.80115914,1
109909,0,1,0.7307224,0
109910,1,1,0.7719295,1
109911,1,1,0.9973477,1
109912,0,0,0.18017878,1
109913,0,0,0.25655252,1
109914,1,1,0.99938095,1
109915,1,0,0.18565173,0
109916,0,1,0.9996178,0
109917,1,1,0.99991286,1
109918,1,0,0.11910043,0
109919,1,1,0.99919754,1
109920,0,0,0.046638034,1
109921,1,1,1.0,1
109922,0,1,0.44700763,0
109923,1,1,0.99995863,1
109924,1,1,0.9741166,1
109925,1,0,0.19299525,0
109926,0,0,0.06471258,1
109927,0,1,0.69191384,0
109928,0,1,0.7551859,0
109929,1,1,0.99993265,1
109930,0,0,0.015276946,1
109931,0,0,0.022095477,1
109932,1,1,0.99999976,1
109933,0,0,0.18543036,1
109934,1,1,1.0,1
109935,1,1,0.98951083,1
109936,1,1,0.7594931,1
109937,1,1,0.99995446,1
109938,0,1,1.0,0
109939,1,1,0.9992387,1
109940,1,1,0.9740673,1
109941,0,0,0.0065515246,1
109942,1,1,0.9999993,1
109943,0,0,0.0524731,1
109944,0,0,0.059155874,1
109945,1,1,1.0,1
109946,0,1,0.54698014,0
109947,0,1,0.9961456,0
109948,1,1,1.0,1
109949,1,1,1.0,1
109950,0,0,0.025107034,1
109951,0,0,0.056756895,1
109952,1,0,0.04177388,0
109953,1,1,0.9984114,1
109954,0,0,0.018142106,1
109955,1,1,0.9996587,1
109956,0,0,0.12951279,1
109957,0,0,0.04863137,1
109958,0,1,0.3952217,0
109959,1,1,0.9984452,1
109960,0,0,0.07382971,1
109961,0,1,0.9990601,0
109962,0,0,0.12759827,1
109963,1,1,0.99915576,1
109964,0,0,0.3432867,1
109965,1,1,0.9995566,1
109966,1,1,0.6756041,1
109967,1,1,0.99384296,1
109968,0,0,0.103295475,1
109969,1,0,0.23917161,0
109970,0,1,0.9983386,0
109971,1,1,1.0,1
109972,0,0,0.01161977,1
109973,1,1,0.99898964,1
109974,1,0,0.26123667,0
109975,1,1,1.0,1
109976,0,1,0.9929061,0
109977,1,0,0.021491766,0
109978,0,1,0.93397486,0
109979,1,1,0.9999999,1
109980,0,0,0.14360754,1
109981,0,1,0.87418467,0
109982,0,0,0.04751418,1
109983,0,1,0.65362453,0
109984,0,1,0.9610981,0
109985,0,1,0.6734602,0
109986,1,1,1.0,1
109987,1,1,1.0,1
109988,1,1,0.99928063,1
109989,1,1,0.9999995,1
109990,1,1,0.42104587,1
109991,0,0,0.0021784669,1
109992,1,0,0.18929619,0
109993,1,0,0.077447854,0
109994,1,1,0.9999999,1
109995,0,1,0.7415804,0
109996,1,1,0.99996996,1
109997,1,0,0.26303107,0
109998,0,0,0.06935241,1
109999,0,0,0.028194217,1
110000,1,1,0.96521765,1
110001,0,1,0.99997413,0
110002,1,0,0.24944724,0
110003,1,1,0.99962664,1
110004,0,0,0.051367506,1
110005,0,1,0.9999342,0
110006,0,1,0.99871063,0
110007,1,1,0.9999926,1
110008,1,1,1.0,1
110009,1,1,0.9999999,1
110010,1,1,1.0,1
110011,1,1,1.0,1
110012,1,1,0.9999981,1
110013,0,0,0.010631946,1
110014,0,0,0.120749526,1
110015,1,1,0.98018634,1
110016,0,1,0.9999999,0
110017,1,1,0.9999318,1
110018,1,1,0.98722816,1
110019,0,1,0.74922484,0
110020,1,1,0.9994128,1
110021,1,1,0.99977213,1
110022,0,1,0.40330243,0
110023,0,0,0.070880495,1
110024,0,0,0.17441027,1
110025,1,1,0.99968624,1
110026,0,0,0.17050801,1
110027,1,1,0.79386604,1
110028,0,1,0.8008478,0
110029,0,0,0.2180027,1
110030,1,1,0.9990415,1
110031,1,1,0.9998822,1
110032,1,0,0.084947094,0
110033,1,1,1.0,1
110034,0,1,0.999926,0
110035,1,1,0.9999976,1
110036,0,1,0.96688277,0
110037,1,1,0.9993135,1
110038,1,1,0.56637836,1
110039,0,1,0.99999964,0
110040,1,0,0.17412922,0
110041,1,1,1.0,1
110042,1,1,0.7278788,1
110043,0,0,0.17009403,1
110044,0,0,0.04556445,1
110045,1,1,0.42327923,1
110046,0,0,0.23739909,1
110047,0,1,0.99949765,0
110048,1,1,0.99992096,1
110049,1,1,1.0,1
110050,1,1,0.99995375,1
110051,0,1,0.9890554,0
110052,0,1,0.5009155,0
110053,1,1,0.35203466,1
110054,1,0,0.02368947,0
110055,1,0,0.16512138,0
110056,0,0,0.0876419,1
110057,1,1,0.9556928,1
110058,0,1,0.5432874,0
110059,1,0,0.25036255,0
110060,1,1,1.0,1
110061,1,1,0.95976204,1
110062,1,1,0.69113266,1
110063,0,1,0.99977916,0
110064,0,0,0.034586217,1
110065,1,1,0.99999964,1
110066,1,1,0.7136811,1
110067,0,1,0.9871788,0
110068,0,1,0.9027811,0
110069,1,1,0.99999976,1
110070,1,1,0.98521465,1
110071,1,1,1.0,1
110072,1,1,1.0,1
110073,0,0,0.123577,1
110074,1,1,0.99999976,1
110075,1,0,0.031114377,0
110076,1,1,0.9984176,1
110077,1,1,0.94407386,1
110078,1,1,0.9999937,1
110079,1,0,0.08555635,0
110080,1,1,0.99999595,1
110081,1,1,1.0,1
110082,0,0,0.21816924,1
110083,0,1,0.7121821,0
110084,0,0,0.03989989,1
110085,1,1,0.9999994,1
110086,1,0,0.17902763,0
110087,1,1,0.9079672,1
110088,1,1,1.0,1
110089,0,1,0.5568816,0
110090,0,0,0.163579,1
110091,0,0,0.19185705,1
110092,0,1,0.48105764,0
110093,0,0,0.16398025,1
110094,0,0,0.052086018,1
110095,1,1,0.6370872,1
110096,0,0,0.017848738,1
110097,0,1,0.74148685,0
110098,1,1,0.9999995,1
110099,1,1,0.9999471,1
110100,0,1,0.89533985,0
110101,0,1,0.9926399,0
110102,1,0,0.023644341,0
110103,1,1,0.9999968,1
110104,0,1,0.8275496,0
110105,0,1,0.5720655,0
110106,1,0,0.17182414,0
110107,0,0,0.10800066,1
110108,1,1,0.9981828,1
110109,0,0,0.01461567,1
110110,1,1,0.99999964,1
110111,1,0,0.048405956,0
110112,0,0,0.033526164,1
110113,1,1,1.0,1
110114,0,1,0.37307605,0
110115,1,1,0.63810265,1
110116,0,0,0.048767094,1
110117,0,1,0.76383626,0
110118,1,1,0.99797314,1
110119,1,1,0.8784186,1
110120,1,1,0.99999726,1
110121,1,1,0.99999964,1
110122,1,0,0.009232214,0
110123,1,1,0.5480084,1
110124,1,1,1.0,1
110125,1,0,0.26702574,0
110126,0,1,0.6497453,0
110127,1,0,0.086477645,0
110128,0,1,0.99999976,0
110129,1,1,1.0,1
110130,1,0,0.013402403,0
110131,1,0,0.11456651,0
110132,1,1,0.9999989,1
110133,0,0,0.13477592,1
110134,1,1,0.38450763,1
110135,1,1,0.7634837,1
110136,0,1,0.99999607,0
110137,1,1,0.84376645,1
110138,0,1,0.9975561,0
110139,1,0,0.047074176,0
110140,0,1,0.83828294,0
110141,1,1,1.0,1
110142,1,1,1.0,1
110143,0,1,0.9913726,0
110144,0,1,0.51458323,0
110145,1,0,0.033431362,0
110146,0,1,0.57284224,0
110147,0,0,0.21592887,1
110148,0,0,0.18053968,1
110149,1,0,0.11742025,0
110150,0,0,0.1538032,1
110151,1,0,0.0362883,0
110152,0,0,0.20513694,1
110153,1,1,0.9999682,1
110154,0,0,0.03915837,1
110155,1,1,0.9960238,1
110156,1,1,1.0,1
110157,1,1,0.99983966,1
110158,0,0,0.06687324,1
110159,0,1,0.9726495,0
110160,0,0,0.053304683,1
110161,1,1,0.9999999,1
110162,1,1,0.9944343,1
110163,0,1,0.9999995,0
110164,1,1,0.99999714,1
110165,1,0,0.037963696,0
110166,1,1,0.6187228,1
110167,1,1,0.996682,1
110168,0,1,0.58859354,0
110169,1,1,0.9974738,1
110170,1,1,0.999879,1
110171,1,1,0.99014014,1
110172,1,1,0.99997413,1
110173,0,1,0.9606575,0
110174,1,1,1.0,1
110175,1,1,1.0,1
110176,1,0,0.016246215,0
110177,1,1,0.9996026,1
110178,0,0,0.024845434,1
110179,0,1,0.9889492,0
110180,1,1,1.0,1
110181,0,0,0.17953056,1
110182,1,1,0.9999453,1
110183,1,0,0.050564528,0
110184,0,0,0.05424881,1
110185,1,1,0.99396133,1
110186,0,1,0.8106289,0
110187,0,0,0.3235404,1
110188,0,1,0.9999778,0
110189,0,0,0.10338597,1
110190,1,1,0.9999635,1
110191,0,0,0.18447348,1
110192,1,1,0.99999964,1
110193,0,0,0.059866417,1
110194,0,1,0.9768687,0
110195,0,1,0.37782758,0
110196,1,1,0.99680245,1
110197,0,0,0.17272931,1
110198,1,1,0.9981792,1
110199,1,1,0.9567152,1
110200,1,1,0.9950659,1
110201,0,0,0.24871661,1
110202,1,1,0.9999237,1
110203,1,1,0.9994797,1
110204,1,0,0.050893724,0
110205,1,1,0.9999975,1
110206,0,0,0.006205023,1
110207,0,0,0.29685804,1
110208,1,1,0.99704784,1
110209,1,1,0.99980897,1
110210,0,0,0.32707694,1
110211,1,1,0.9999999,1
110212,0,1,0.9999999,0
110213,1,1,1.0,1
110214,0,1,0.9702681,0
110215,1,1,0.8981429,1
110216,1,1,0.9999249,1
110217,1,1,0.99880517,1
110218,1,1,0.9534921,1
110219,0,0,0.11250255,1
110220,0,0,0.25851312,1
110221,1,1,1.0,1
110222,1,1,0.99985576,1
110223,0,0,0.18039528,1
110224,1,1,1.0,1
110225,1,1,1.0,1
110226,1,1,0.9906961,1
110227,1,1,1.0,1
110228,1,1,0.9999994,1
110229,0,0,0.25266054,1
110230,0,1,0.8520759,0
110231,0,1,0.94644845,0
110232,0,1,0.9997142,0
110233,0,0,0.002070827,1
110234,1,1,1.0,1
110235,1,1,1.0,1
110236,1,1,1.0,1
110237,1,1,0.9999927,1
110238,1,1,0.9500415,1
110239,1,1,1.0,1
110240,1,1,1.0,1
110241,0,1,0.5784482,0
110242,0,0,0.083740406,1
110243,0,1,0.797478,0
110244,1,1,1.0,1
110245,0,1,0.9984573,0
110246,1,1,0.99990654,1
110247,1,1,1.0,1
110248,0,1,0.99983525,0
110249,1,1,0.8492224,1
110250,1,0,0.083965465,0
110251,1,1,0.99999976,1
110252,0,1,0.6500786,0
110253,0,0,0.046724956,1
110254,0,0,0.017712299,1
110255,1,1,0.9979849,1
110256,0,0,0.043895524,1
110257,1,1,0.9993988,1
110258,1,1,1.0,1
110259,0,1,0.772788,0
110260,1,0,0.06530615,0
110261,1,0,0.06301948,0
110262,0,1,0.78874594,0
110263,1,1,0.9217811,1
110264,1,1,0.99907815,1
110265,0,0,0.30373183,1
110266,1,1,0.9697854,1
110267,0,0,0.18892181,1
110268,1,1,0.9508236,1
110269,0,0,0.08874129,1
110270,0,0,0.047205772,1
110271,0,1,0.39155135,0
110272,0,1,1.0,0
110273,1,1,1.0,1
110274,1,1,1.0,1
110275,1,1,1.0,1
110276,0,0,0.1368966,1
110277,0,1,0.5769592,0
110278,0,0,0.04831607,1
110279,1,1,0.9999367,1
110280,0,1,0.5914873,0
110281,1,1,1.0,1
110282,0,0,0.102484226,1
110283,1,1,1.0,1
110284,0,1,0.9943031,0
110285,1,1,0.9756929,1
110286,0,0,0.21174264,1
110287,1,1,0.99999785,1
110288,1,0,0.077727415,0
110289,0,1,0.9114953,0
110290,1,1,0.77475387,1
110291,0,0,0.2516477,1
110292,1,1,1.0,1
110293,1,1,1.0,1
110294,1,1,0.9999807,1
110295,1,1,0.9999763,1
110296,0,1,0.92338526,0
110297,0,1,0.97869223,0
110298,0,0,0.09326426,1
110299,1,0,0.1655931,0
110300,1,0,0.14780103,0
110301,0,0,0.051272422,1
110302,1,1,0.99998045,1
110303,1,0,0.28766775,0
110304,0,0,0.2043419,1
110305,0,0,0.083142914,1
110306,1,1,0.9999819,1
110307,1,1,0.99002504,1
110308,0,0,0.13591877,1
110309,0,0,0.09492911,1
110310,1,1,0.51470524,1
110311,0,1,0.97285664,0
110312,1,1,0.6402423,1
110313,0,0,0.18609506,1
110314,1,1,1.0,1
110315,0,1,0.9998247,0
110316,1,1,0.9999181,1
110317,1,0,0.22337706,0
110318,1,0,0.12506539,0
110319,0,0,0.14300808,1
110320,0,1,0.97376966,0
110321,1,0,0.09170697,0
110322,0,1,0.9334308,0
110323,0,1,0.8829335,0
110324,1,1,0.4747834,1
110325,1,1,0.99999774,1
110326,1,1,0.9987257,1
110327,0,1,0.44161278,0
110328,1,1,0.99999535,1
110329,0,1,0.4529896,0
110330,0,0,0.054600604,1
110331,1,0,0.114616044,0
110332,0,0,0.14402843,1
110333,1,1,0.9789353,1
110334,1,1,0.9999999,1
110335,1,1,0.9719126,1
110336,1,0,0.059155874,0
110337,0,1,0.9874236,0
110338,0,0,0.066629894,1
110339,0,1,0.94924754,0
110340,0,0,0.10132237,1
110341,1,1,0.99999595,1
110342,0,1,0.999332,0
110343,1,1,0.9970879,1
110344,1,1,1.0,1
110345,0,0,0.2925953,1
110346,1,1,0.99491006,1
110347,1,1,0.9871044,1
110348,1,1,0.99541724,1
110349,0,1,0.65406656,0
110350,0,0,0.26189682,1
110351,0,1,0.9901592,0
110352,1,0,0.32002386,0
110353,1,1,0.95846003,1
110354,0,1,0.9761519,0
110355,1,1,0.4775237,1
110356,0,0,0.07303238,1
110357,1,1,0.9905509,1
110358,0,1,0.40277377,0
110359,0,1,0.46189657,0
110360,1,1,0.3684057,1
110361,1,0,0.09017308,0
110362,0,1,0.45365512,0
110363,0,0,0.10585582,1
110364,1,1,0.44966447,1
110365,1,0,0.017543187,0
110366,0,1,0.6736749,0
110367,0,0,0.038683496,1
110368,1,1,0.66622543,1
110369,0,0,0.23361893,1
110370,1,0,0.0016743996,0
110371,0,1,0.99998105,0
110372,1,1,0.9531443,1
110373,1,0,0.28826845,0
110374,1,1,0.9999989,1
110375,0,1,0.9870046,0
110376,0,1,0.9998074,0
110377,1,1,0.9926967,1
110378,1,1,1.0,1
110379,1,1,0.9999989,1
110380,0,0,0.007891985,1
110381,0,1,0.87726665,0
110382,1,1,0.9999932,1
110383,0,1,1.0,0
110384,0,1,0.9792154,0
110385,0,0,0.21642528,1
110386,1,0,0.31710896,0
110387,1,1,1.0,1
110388,0,1,0.99808455,0
110389,1,1,1.0,1
110390,1,1,0.99565166,1
110391,1,1,1.0,1
110392,0,0,0.13614833,1
110393,0,0,0.10293422,1
110394,1,0,0.24871661,0
110395,1,1,1.0,1
110396,1,1,1.0,1
110397,1,1,1.0,1
110398,0,0,0.15752526,1
110399,1,1,0.9999565,1
110400,0,1,0.99996436,0
110401,0,0,0.11910043,1
110402,0,1,0.3896046,0
110403,1,1,1.0,1
110404,0,1,0.9772191,0
110405,0,0,0.050893724,1
110406,1,1,0.99999905,1
110407,0,1,0.80942667,0
110408,0,0,0.0489941,1
110409,0,1,0.49438503,0
110410,0,1,1.0,0
110411,0,0,0.043568812,1
110412,1,1,1.0,1
110413,0,0,0.009633653,1
110414,0,1,0.96415305,0
110415,0,1,0.9670699,0
110416,0,1,0.99447733,0
110417,1,0,0.057599206,0
110418,0,0,0.16178322,1
110419,0,1,0.8688268,0
110420,1,1,0.9980045,1
110421,1,0,0.20809844,0
110422,1,1,0.7602949,1
110423,1,0,0.30321577,0
110424,0,1,0.9546474,0
110425,1,0,0.2914848,0
110426,0,0,0.09816574,1
110427,0,0,0.19528697,1
110428,1,1,0.86281466,1
110429,1,0,0.0012668908,0
110430,0,1,0.8490974,0
110431,1,0,0.038502328,0
110432,0,1,0.6545084,0
110433,1,1,0.99964786,1
110434,1,1,0.5669778,1
110435,1,1,1.0,1
110436,0,1,0.9722835,0
110437,1,0,0.24535614,0
110438,1,1,0.9999988,1
110439,1,1,1.0,1
110440,1,1,0.9997378,1
110441,0,1,0.73810315,0
110442,0,0,0.04773565,1
110443,1,0,0.12549345,0
110444,0,1,0.95938325,0
110445,1,1,1.0,1
110446,0,1,0.89209336,0
110447,1,1,0.9998511,1
110448,1,1,1.0,1
110449,1,1,0.99135584,1
110450,0,1,0.89274967,0
110451,0,1,0.8348113,0
110452,1,1,0.89256257,1
110453,0,0,0.031202815,1
110454,1,1,1.0,1
110455,1,1,0.99998283,1
110456,0,0,0.0023231627,1
110457,0,0,0.11289317,1
110458,1,1,1.0,1
110459,1,0,0.043731883,0
110460,1,1,1.0,1
110461,1,1,0.99889046,1
110462,1,0,0.02237146,0
110463,0,1,0.86396646,0
110464,1,0,0.06760824,0
110465,1,1,0.9999995,1
110466,0,1,0.9001793,0
110467,0,0,0.24265401,1
110468,1,1,0.9999945,1
110469,1,0,0.054298937,0
110470,0,0,0.02884354,1
110471,1,1,0.6036398,1
110472,0,0,0.0035936027,1
110473,0,1,0.46803072,0
110474,0,0,0.31557775,1
110475,0,0,0.17981844,1
110476,0,1,0.96432143,0
110477,0,1,0.99999905,0
110478,1,1,0.9997347,1
110479,1,1,1.0,1
110480,1,0,0.16304526,0
110481,1,1,0.9999907,1
110482,0,0,0.044973567,1
110483,1,1,0.9987356,1
110484,0,0,0.095518075,1
110485,0,1,0.6970421,0
110486,1,1,1.0,1
110487,1,1,0.9813107,1
110488,1,0,0.003642891,0
110489,0,0,0.06530615,1
110490,1,1,0.6887302,1
110491,1,1,0.99997795,1
110492,1,1,0.91204524,1
110493,0,1,0.99999905,0
110494,1,1,0.5054014,1
110495,0,1,0.99999356,0
110496,1,1,0.85693204,1
110497,1,1,1.0,1
110498,1,1,0.9999335,1
110499,1,1,0.9434519,1
110500,1,1,0.9999989,1
110501,0,1,0.82318634,0
110502,0,0,0.10669061,1
110503,0,1,0.957715,0
110504,1,1,0.9997546,1
110505,0,1,0.50756776,0
110506,1,1,0.99999726,1
110507,1,0,0.015906392,0
110508,1,1,0.9976357,1
110509,0,0,0.046942927,1
110510,1,1,1.0,1
110511,1,1,1.0,1
110512,1,1,1.0,1
110513,0,1,0.6344867,0
110514,0,1,0.40077868,0
110515,0,1,0.94138527,0
110516,1,1,0.9943251,1
110517,0,1,0.68315536,0
110518,0,1,0.64159083,0
110519,1,0,0.0640069,0
110520,1,1,0.9791357,1
110521,0,1,0.41994527,0
110522,0,1,0.5490362,0
110523,1,0,0.20291662,0
110524,1,1,0.99344844,1
110525,1,1,0.9996686,1
110526,1,0,0.15488662,0
110527,1,1,0.99999094,1
110528,1,1,0.98557997,1
110529,1,1,1.0,1
110530,1,1,0.99993956,1
110531,0,0,0.05686155,1
110532,1,1,1.0,1
110533,0,1,0.99971706,0
110534,1,1,0.99997604,1
110535,0,0,0.05170164,1
110536,0,0,0.08181271,1
110537,1,1,0.7844842,1
110538,1,0,0.024845434,0
110539,0,1,0.91730267,0
110540,1,1,0.99996364,1
110541,1,1,0.4502083,1
110542,0,1,0.9999999,0
110543,0,0,0.13857834,1
110544,0,0,0.2045007,1
110545,1,0,0.06841291,0
110546,0,1,0.9859634,0
110547,0,1,0.9936733,0
110548,1,1,0.5907792,1
110549,0,0,0.049635064,1
110550,0,0,0.12106091,1
110551,1,0,0.053353984,0
110552,1,0,0.0030219445,0
110553,0,1,0.999984,0
110554,1,1,1.0,1
110555,1,0,0.05470151,0
110556,1,1,0.43482122,1
110557,0,1,0.7670798,0
110558,0,1,0.99974984,0
110559,0,0,0.15329547,1
110560,1,1,0.9684709,1
110561,0,0,0.19698064,1
110562,1,1,0.9839708,1
110563,0,0,0.34975484,1
110564,0,1,0.57755494,0
110565,1,1,0.9999987,1
110566,1,1,0.9532751,1
110567,1,1,0.9999975,1
110568,0,0,0.041191436,1
110569,1,1,0.9915216,1
110570,1,0,0.30012983,0
110571,0,1,0.8903896,0
110572,1,0,0.008796121,0
110573,0,0,0.06530615,1
110574,1,0,0.084040605,0
110575,1,0,0.1501534,0
110576,1,1,0.8655653,1
110577,1,0,0.1368966,0
110578,1,1,1.0,1
110579,1,1,1.0,1
110580,1,1,0.9999875,1
110581,1,1,0.99999607,1
110582,0,1,0.8554893,0
110583,1,1,1.0,1
110584,1,1,1.0,1
110585,1,1,0.9977525,1
110586,1,1,0.53206044,1
110587,0,1,0.35594276,0
110588,1,1,0.94886994,1
110589,1,0,0.055566337,0
110590,1,1,0.99999976,1
110591,1,1,0.9999989,1
110592,1,0,0.31336722,0
110593,0,1,0.9810037,0
110594,1,1,0.99984026,1
110595,0,1,1.0,0
110596,1,1,0.99997723,1
110597,1,1,0.9991721,1
110598,0,1,0.9999995,0
110599,1,1,1.0,1
110600,1,0,0.012194132,0
110601,1,1,0.9999999,1
110602,0,0,0.037856847,1
110603,0,0,0.061762713,1
110604,1,1,0.9999999,1
110605,0,1,0.998242,0
110606,1,1,1.0,1
110607,0,1,0.68156785,0
110608,1,1,0.43401143,1
110609,1,1,0.99999547,1
110610,0,1,0.3892853,0
110611,1,1,0.94815457,1
110612,1,1,0.9988373,1
110613,0,1,0.74576885,0
110614,0,1,0.7796576,0
110615,1,0,0.05899303,0
110616,0,0,0.058722552,1
110617,1,1,0.99999905,1
110618,0,1,0.39256966,0
110619,1,1,0.9999881,1
110620,0,1,0.42226636,0
110621,1,1,0.99952805,1
110622,0,1,0.44764137,0
110623,1,1,0.52774245,1
110624,1,1,1.0,1
110625,0,1,0.9668514,0
110626,1,1,0.9999852,1
110627,1,0,0.16438228,0
110628,0,0,0.10511863,1
110629,0,1,0.6856864,0
110630,0,0,0.35097733,1
110631,1,1,0.9998952,1
110632,1,0,0.1256543,0
110633,0,0,0.04560694,1
110634,0,1,0.99999964,0
110635,0,1,0.99999845,0
110636,0,0,0.27076936,1
110637,0,0,0.22669801,1
110638,1,1,0.99999964,1
110639,0,0,0.12689333,1
110640,1,1,0.9999995,1
110641,1,0,0.033716537,0
110642,0,1,0.9999995,0
110643,0,0,0.19019702,1
110644,1,1,0.99998534,1
110645,1,1,1.0,1
110646,0,1,0.82261705,0
110647,1,1,0.9999118,1
110648,1,1,0.9999999,1
110649,0,1,0.99992514,0
110650,1,0,0.030763038,0
110651,1,1,0.9968273,1
110652,1,0,0.32241932,0
110653,1,1,0.9999808,1
110654,1,1,0.990892,1
110655,0,1,0.9284088,0
110656,1,1,0.97321534,1
110657,1,1,1.0,1
110658,0,0,0.028355207,1
110659,1,1,0.99998474,1
110660,0,1,0.99940467,0
110661,1,1,0.999979,1
110662,0,1,0.3702823,0
110663,0,0,0.11616108,1
110664,0,0,0.18454698,1
110665,1,1,0.99620515,1
110666,0,0,0.34032074,1
110667,1,1,0.97752154,1
110668,0,0,0.013222823,1
110669,1,1,0.9642206,1
110670,1,1,0.9992986,1
110671,0,0,0.001364362,1
110672,1,1,0.9999107,1
110673,0,1,0.95806944,0
110674,0,1,0.9959693,0
110675,0,0,0.05728198,1
110676,0,0,0.24472384,1
110677,0,0,0.05399884,1
110678,0,1,0.8200375,0
110679,0,1,0.5926077,0
110680,1,1,0.9999999,1
110681,1,1,0.9712657,1
110682,1,1,0.99999845,1
110683,1,1,0.9974738,1
110684,0,1,0.86373675,0
110685,1,0,0.018299334,0
110686,0,0,0.028571244,1
110687,1,0,0.032713126,0
110688,1,1,0.9999708,1
110689,1,0,0.021348475,0
110690,1,1,0.7942254,1
110691,1,0,0.05014425,0
110692,1,1,0.9999995,1
110693,1,1,0.37341872,1
110694,1,1,0.9979007,1
110695,1,1,0.9999994,1
110696,0,1,0.48477644,0
110697,1,1,0.9995566,1
110698,0,1,0.5963744,0
110699,1,1,0.98331094,1
110700,1,1,0.66860986,1
110701,1,0,0.047869008,0
110702,0,0,0.083441176,1
110703,0,1,0.9999981,0
110704,0,0,0.06681232,1
110705,1,1,0.9944988,1
110706,1,1,1.0,1
110707,1,0,0.075721376,0
110708,0,0,0.07592667,1
110709,0,1,0.63516587,0
110710,1,1,0.9999999,1
110711,0,1,0.9999999,0
110712,0,1,0.8413048,0
110713,1,1,0.9997546,1
110714,0,0,0.03061778,1
110715,0,1,0.99977654,0
110716,1,1,0.7588682,1
110717,1,1,0.59960234,1
110718,1,0,0.044806086,0
110719,0,1,0.9208609,0
110720,1,0,0.19736712,0
110721,0,0,0.080574244,1
110722,0,0,0.13335878,1
110723,0,0,0.22219339,1
110724,1,1,0.9744591,1
110725,0,1,0.51135063,0
110726,0,1,0.9678993,0
110727,0,1,0.37270498,0
110728,1,1,0.9999826,1
110729,1,1,0.99974185,1
110730,0,1,0.36060163,0
110731,0,0,0.18184364,1
110732,1,1,0.99879336,1
110733,0,0,0.037186775,1
110734,0,1,1.0,0
110735,1,1,0.99999964,1
110736,0,1,0.9559813,0
110737,1,1,0.9333701,1
110738,1,1,1.0,1
110739,1,1,0.99437994,1
110740,1,1,1.0,1
110741,0,0,0.0074317735,1
110742,1,1,1.0,1
110743,1,1,0.9756467,1
110744,0,0,0.001264422,1
110745,1,0,0.26937366,0
110746,1,1,0.61410475,1
110747,1,1,0.9487276,1
110748,0,0,0.08232769,1
110749,1,1,0.99723697,1
110750,1,1,0.9300782,1
110751,1,1,0.99999666,1
110752,0,0,0.0042646346,1
110753,1,1,0.999992,1
110754,1,1,0.99970406,1
110755,0,0,0.33009318,1
110756,1,1,1.0,1
110757,0,1,0.999995,0
110758,1,1,1.0,1
110759,0,1,0.97957015,0
110760,1,0,0.019345101,0
110761,1,0,0.0043568453,0
110762,1,1,0.99928194,1
110763,1,1,0.9346938,1
110764,0,0,0.30326733,1
110765,0,1,0.99996805,0
110766,1,1,0.99999976,1
110767,1,1,0.7270559,1
110768,1,1,0.961642,1
110769,1,1,0.60609055,1
110770,0,0,0.10484337,1
110771,1,1,0.39814314,1
110772,1,1,0.99987614,1
110773,1,1,0.9999924,1
110774,1,0,0.08858347,0
110775,1,1,0.49938965,1
110776,0,1,0.9999764,0
110777,1,1,0.99951315,1
110778,0,0,0.09041373,1
110779,0,0,0.30907583,1
110780,0,0,0.09252366,1
110781,0,1,0.70324385,0
110782,1,1,0.9994673,1
110783,1,1,0.98041254,1
110784,1,1,0.98617804,1
110785,0,0,0.036700353,1
110786,0,1,0.9421883,0
110787,1,0,0.25036255,0
110788,1,1,0.99998856,1
110789,0,0,0.2931009,1
110790,1,1,1.0,1
110791,1,1,0.9993845,1
110792,0,0,0.03030055,1
110793,0,1,0.97376966,0
110794,1,1,0.98862445,1
110795,1,1,0.99999917,1
110796,0,1,0.9845903,0
110797,1,1,0.9999943,1
110798,1,0,0.17300858,0
110799,1,1,0.99999976,1
110800,0,0,0.10951515,1
110801,1,0,0.17759682,0
110802,0,0,0.026480937,1
110803,0,1,0.7289413,0
110804,1,1,0.9999999,1
110805,1,0,0.1737083,0
110806,0,0,0.013532148,1
110807,1,1,0.9965166,1
110808,1,1,1.0,1
110809,1,1,1.0,1
110810,0,0,0.27835485,1
110811,0,1,0.40948644,0
110812,0,0,0.040616777,1
110813,0,1,0.87925047,0
110814,0,0,0.16783156,1
110815,1,1,0.99998295,1
110816,0,0,0.27299255,1
110817,1,1,0.9982003,1
110818,1,0,0.21027938,0
110819,0,1,0.78340906,0
110820,0,0,0.04038907,1
110821,1,1,0.7026831,1
110822,1,0,0.18111832,0
110823,1,1,0.99803144,1
110824,0,1,0.7897206,0
110825,0,0,0.16512138,1
110826,1,1,0.9999714,1
110827,1,1,0.9999989,1
110828,0,0,0.09704756,1
110829,0,0,0.10123348,1
110830,0,0,0.055515114,1
110831,0,0,0.061762713,1
110832,0,0,0.11767348,1
110833,1,1,0.99926645,1
110834,1,1,1.0,1
110835,0,1,0.49523938,0
110836,1,1,0.9997367,1
110837,1,1,0.60708094,1
110838,1,1,0.99998474,1
110839,1,0,0.30023238,0
110840,0,1,1.0,0
110841,0,0,0.020293487,1
110842,1,1,1.0,1
110843,0,0,0.29153523,1
110844,0,1,0.9235233,0
110845,0,0,0.065784656,1
110846,0,0,0.10818896,1
110847,1,1,0.99783427,1
110848,0,0,0.011915022,1
110849,0,1,0.4076576,0
110850,0,0,0.042127114,1
110851,1,1,1.0,1
110852,1,1,0.9997075,1
110853,0,0,0.11436852,1
110854,1,1,0.9999988,1
110855,1,0,0.22721201,0
110856,0,1,0.35342818,0
110857,0,1,0.8474635,0
110858,0,1,0.6914453,0
110859,1,1,0.99997544,1
110860,0,0,0.09309923,1
110861,0,1,0.6720627,0
110862,1,1,0.9996381,1
110863,1,1,0.4220877,1
110864,0,1,0.8283842,0
110865,0,1,0.51135063,0
110866,0,1,0.36948568,0
110867,1,1,0.9637117,1
110868,0,0,0.00349701,1
110869,0,1,0.99999535,0
110870,1,0,0.11201595,0
110871,1,1,0.999902,1
110872,1,0,0.049405243,0
110873,1,1,0.9996259,1
110874,1,1,0.99998486,1
110875,0,0,0.27620217,1
110876,0,1,0.9999999,0
110877,1,1,0.99999034,1
110878,0,1,0.9975321,0
110879,0,1,0.99999464,0
110880,1,1,1.0,1
110881,0,0,0.3380225,1
110882,1,1,0.9999995,1
110883,0,0,0.00040606395,1
110884,0,1,0.90998703,0
110885,1,1,1.0,1
110886,1,0,0.07409726,0
110887,0,0,0.041539967,1
110888,0,1,0.983597,0
110889,0,1,0.9237301,0
110890,1,1,0.9989936,1
110891,1,1,1.0,1
110892,1,1,0.9999914,1
110893,1,1,0.99982256,1
110894,0,1,0.97675806,0
110895,1,1,1.0,1
110896,1,0,0.040616777,0
110897,1,1,0.9964688,1
110898,0,1,0.44839606,0
110899,0,1,0.5744545,0
110900,1,1,0.9260366,1
110901,0,0,0.20008837,1
110902,1,1,1.0,1
110903,1,1,0.6733528,1
110904,1,1,1.0,1
110905,1,1,0.99998605,1
110906,1,0,0.079853736,0
110907,1,1,0.99998903,1
110908,1,1,0.9999999,1
110909,1,1,0.38476762,1
110910,0,0,0.030100336,1
110911,0,0,0.26659587,1
110912,0,1,0.38153633,0
110913,1,0,0.09611029,0
110914,0,0,0.29350573,1
110915,1,1,0.9635062,1
110916,0,0,0.021328082,1
110917,1,1,0.9963924,1
110918,0,1,0.99356186,0
110919,1,0,0.07237402,0
110920,0,0,0.17895591,1
110921,1,1,0.6183772,1
110922,0,0,0.32912216,1
110923,1,1,0.98147124,1
110924,0,1,0.91655886,0
110925,0,1,0.9668201,0
110926,1,1,1.0,1
110927,1,1,0.9985506,1
110928,1,1,0.45477483,1
110929,0,0,0.090896755,1
110930,0,0,0.34218672,1
110931,1,1,0.9967333,1
110932,0,1,0.9043975,0
110933,1,1,0.99965334,1
110934,1,1,1.0,1
110935,0,0,0.26999873,1
110936,0,1,0.8030194,0
110937,1,0,0.025908018,0
110938,0,1,0.9038049,0
110939,0,1,0.95803016,0
110940,1,1,0.9999999,1
110941,1,0,0.015306354,0
110942,0,0,0.06760824,1
110943,1,1,1.0,1
110944,0,0,0.015159859,1
110945,1,1,0.995523,1
110946,1,1,0.9998702,1
110947,0,0,0.25339884,1
110948,1,1,1.0,1
110949,0,1,0.9967775,0
110950,0,1,1.0,0
110951,0,1,0.9830851,0
110952,1,1,1.0,1
110953,0,0,0.11706649,1
110954,1,1,0.99999976,1
110955,0,1,0.86188734,0
110956,1,1,0.8003021,1
110957,0,1,0.62377805,0
110958,0,0,0.08509905,1
110959,1,1,0.9766024,1
110960,0,1,0.98959166,0
110961,0,1,0.7973991,0
110962,1,1,0.9996923,1
110963,0,1,0.4873684,0
110964,1,1,0.99649614,1
110965,0,0,0.14270914,1
110966,1,1,0.9990452,1
110967,0,1,0.9996437,0
110968,0,0,0.15297888,1
110969,0,1,0.5045165,0
110970,0,1,0.82810634,0
110971,0,0,0.31195062,1
110972,0,1,0.7218412,0
110973,0,0,0.122891165,1
110974,1,1,1.0,1
110975,1,1,1.0,1
110976,1,1,0.99999964,1
110977,1,1,0.9175984,1
110978,1,0,0.21060391,0
110979,1,1,0.9470882,1
110980,0,1,0.99999917,0
110981,0,1,0.97546023,0
110982,0,1,0.96062064,0
110983,0,1,0.76524264,0
110984,1,1,0.99975556,1
110985,1,1,1.0,1
110986,0,0,0.05470151,1
110987,1,0,0.13968952,0
110988,1,1,1.0,1
110989,0,1,0.8992099,0
110990,0,1,0.94853723,0
110991,1,1,0.9965904,1
110992,0,1,0.9999833,0
110993,0,0,0.0033309145,1
110994,1,1,0.98557997,1
110995,1,1,0.99997294,1
110996,1,1,0.99384296,1
110997,0,1,0.9993358,0
110998,1,1,0.8318272,1
110999,0,1,0.97828114,0
111000,0,0,0.10167862,1
111001,1,1,0.9909972,1
111002,0,1,0.99979335,0
111003,1,1,0.99996257,1
111004,1,1,0.9634375,1
111005,0,0,0.15393034,1
111006,1,0,0.13597612,0
111007,0,1,0.44700763,0
111008,1,1,0.9887988,1
111009,1,1,0.687997,1
111010,1,1,0.9827738,1
111011,1,1,0.9999125,1
111012,0,1,0.9759235,0
111013,1,0,0.14039516,0
111014,0,1,0.6108598,0
111015,1,1,1.0,1
111016,0,0,0.039490405,1
111017,0,1,0.64751965,0
111018,0,1,0.84453726,0
111019,1,1,0.9998191,1
111020,0,1,0.9999999,0
111021,0,0,0.24757788,1
111022,1,1,1.0,1
111023,0,0,0.052037824,1
111024,0,1,0.9999691,0
111025,1,1,0.99999976,1
111026,1,0,0.025638297,0
111027,1,1,1.0,1
111028,1,1,0.99825555,1
111029,1,1,1.0,1
111030,1,1,0.57427543,1
111031,1,0,0.10141131,0
111032,1,1,1.0,1
111033,1,0,0.15115306,0
111034,1,1,1.0,1
111035,1,0,0.33709443,0
111036,1,1,0.99999976,1
111037,0,0,0.18374003,1
111038,0,0,0.19482696,1
111039,1,1,0.99966526,1
111040,1,0,0.19767669,0
111041,1,1,0.999949,1
111042,1,1,0.9938309,1
111043,0,1,0.4480942,0
111044,1,1,0.9996388,1
111045,1,1,0.99999785,1
111046,0,0,0.09057448,1
111047,0,0,0.098946586,1
111048,1,1,0.7252596,1
111049,1,1,0.9998141,1
111050,1,0,0.09484525,0
111051,1,1,0.9487276,1
111052,0,0,0.2616138,1
111053,1,1,0.39041775,1
111054,1,1,1.0,1
111055,0,1,0.86601925,0
111056,1,1,0.9601375,1
111057,0,0,0.18624303,1
111058,0,1,0.9986904,0
111059,1,1,0.99980813,1
111060,0,0,0.08756384,1
111061,1,1,0.7481224,1
111062,1,1,0.9838161,1
111063,0,1,0.85931,0
111064,1,1,0.998606,1
111065,1,1,0.99999774,1
111066,0,1,0.9975656,0
111067,1,1,0.36065793,1
111068,1,1,0.99999976,1
111069,0,1,0.8908652,0
111070,1,1,1.0,1
111071,0,0,0.08336651,1
111072,1,0,0.10338597,0
111073,0,1,0.42844263,0
111074,1,1,0.9365757,1
111075,0,1,0.7890712,0
111076,0,0,0.18061194,1
111077,1,1,1.0,1
111078,1,1,0.9946774,1
111079,0,1,0.9960622,0
111080,1,0,0.059428226,0
111081,0,0,0.0762012,1
111082,1,1,1.0,1
111083,0,0,0.23784137,1
111084,1,1,0.9993424,1
111085,0,1,0.9994887,0
111086,1,1,1.0,1
111087,0,0,0.059537485,1
111088,1,0,0.044142097,0
111089,0,1,0.9868281,0
111090,1,1,1.0,1
111091,1,1,0.8053262,1
111092,0,1,0.99128854,0
111093,1,1,0.78686863,1
111094,0,1,0.7327353,0
111095,1,1,0.9999999,1
111096,0,0,0.058131598,1
111097,1,0,0.18359362,0
111098,0,0,0.2126405,1
111099,0,0,0.0145035805,1
111100,0,1,0.99984336,0
111101,1,1,0.99999976,1
111102,1,1,0.89048487,1
111103,1,1,0.9714829,1
111104,1,1,0.7236513,1
111105,1,1,1.0,1
111106,1,1,0.6783802,1
111107,0,0,0.05717659,1
111108,1,0,0.047293693,0
111109,1,1,0.9991221,1
111110,1,1,1.0,1
111111,0,0,0.28007457,1
111112,0,1,0.6446167,0
111113,0,1,0.9892441,0
111114,0,0,0.03642515,1
111115,0,1,0.99970573,0
111116,0,0,0.13672362,1
111117,1,1,1.0,1
111118,0,0,0.027663978,1
111119,0,0,0.16364582,1
111120,0,1,0.99967945,0
111121,1,1,1.0,1
111122,0,0,0.2613309,1
111123,0,1,0.9859364,0
111124,1,1,0.9999683,1
111125,0,1,0.43833435,0
111126,0,0,0.07349652,1
111127,0,1,0.9916196,0
111128,1,1,1.0,1
111129,1,1,1.0,1
111130,1,1,1.0,1
111131,0,0,0.027769245,1
111132,1,0,0.06052939,0
111133,0,1,0.9999738,0
111134,0,1,0.7316821,0
111135,0,0,0.0019877744,1
111136,1,1,0.8017807,1
111137,1,1,0.9405172,1
111138,0,0,0.0023051254,1
111139,0,1,0.99974686,0
111140,1,1,0.9989837,1
111141,0,0,0.25293726,1
111142,0,1,0.9999999,0
111143,1,1,0.6233195,1
111144,1,1,1.0,1
111145,0,0,0.05170164,1
111146,1,1,0.9999976,1
111147,1,1,0.9984238,1
111148,1,0,0.051272422,0
111149,1,1,0.92663634,1
111150,1,1,1.0,1
111151,0,0,0.034979645,1
111152,0,1,0.9687085,0
111153,0,0,0.06602512,1
111154,1,1,0.54782695,1
111155,1,1,1.0,1
111156,0,0,0.13223416,1
111157,0,0,0.32098094,1
111158,0,1,0.49017462,0
111159,1,0,0.08419108,0
111160,0,1,0.9825743,0
111161,1,1,0.999824,1
111162,1,0,0.1404541,0
111163,1,1,0.99998903,1
111164,0,1,0.98720354,0
111165,1,1,1.0,1
111166,1,1,0.77218723,1
111167,1,1,0.9999702,1
111168,0,1,0.9969187,0
111169,0,0,0.15361264,1
111170,0,1,0.9990073,0
111171,1,1,0.977132,1
111172,1,1,0.9240048,1
111173,0,1,0.55368626,0
111174,1,1,0.42042112,1
111175,0,0,0.15234725,1
111176,1,1,0.99664307,1
111177,1,1,0.9989637,1
111178,1,1,0.55627906,1
111179,1,1,0.94544977,1
111180,1,0,0.16926852,0
111181,1,0,0.040807478,0
111182,0,1,0.9547741,0
111183,1,0,0.008030813,0
111184,1,1,0.6161278,1
111185,0,0,0.07329728,1
111186,1,1,0.49646002,1
111187,0,1,0.4097226,0
111188,0,1,0.6555014,0
111189,1,1,1.0,1
111190,1,1,0.93963695,1
111191,0,1,0.72715276,0
111192,0,1,0.96826136,0
111193,0,1,0.998698,0
111194,0,0,0.014700298,1
111195,0,0,0.23493281,1
111196,0,1,0.99447733,0
111197,0,0,0.113383114,1
111198,1,1,1.0,1
111199,0,0,0.09534946,1
111200,1,1,0.9620006,1
111201,0,0,0.1727991,1
111202,1,1,0.9925827,1
111203,1,0,0.08509905,0
111204,0,0,0.054098696,1
111205,1,1,1.0,1
111206,0,0,0.038865484,1
111207,1,1,0.8244619,1
111208,0,1,0.941493,0
111209,1,0,0.15863001,0
111210,0,1,0.75617754,0
111211,0,0,0.2948745,1
111212,1,0,0.06014182,0
111213,1,0,0.14934519,0
111214,0,1,0.99179614,0
111215,1,1,1.0,1
111216,1,0,0.03336831,0
111217,1,1,0.9875923,1
111218,1,1,0.998784,1
111219,1,1,0.9999999,1
111220,1,1,0.9999989,1
111221,0,0,0.13415082,1
111222,1,1,1.0,1
111223,0,0,0.16844618,1
111224,0,0,0.16052906,1
111225,0,1,0.99999654,0
111226,0,0,0.14181541,1
111227,0,0,0.012673735,1
111228,1,1,0.9999999,1
111229,1,0,0.1501534,0
111230,1,0,0.052086018,0
111231,0,0,0.028436033,1
111232,0,1,0.573559,0
111233,1,1,0.49255425,1
111234,0,1,0.8984105,0
111235,1,1,0.998784,1
111236,1,1,0.9999995,1
111237,0,0,0.080574244,1
111238,0,1,0.6558322,0
111239,1,1,0.8594279,1
111240,1,1,0.9814356,1
111241,0,0,0.030357989,1
111242,1,1,0.98913974,1
111243,1,1,1.0,1
111244,0,0,0.21174264,1
111245,1,1,0.99987364,1
111246,1,1,0.9997631,1
111247,0,0,0.0083967,1
111248,0,0,0.02138932,1
111249,0,1,0.5078119,0
111250,1,0,0.12640727,0
111251,0,1,0.87966454,0
111252,0,1,0.47788918,0
111253,0,1,0.77814394,0
111254,1,1,1.0,1
111255,0,1,0.6584724,0
111256,0,0,0.20458016,1
111257,1,1,0.99998677,1
111258,0,1,0.9212869,0
111259,0,1,0.99999833,0
111260,0,1,0.9985506,0
111261,0,1,0.9990582,0
111262,0,1,0.97204566,0
111263,0,1,0.39530924,0
111264,1,1,0.9982759,1
111265,0,0,0.02350945,1
111266,1,0,0.08232769,0
111267,1,1,0.999966,1
111268,0,1,0.73630583,0
111269,1,1,0.9996402,1
111270,1,1,1.0,1
111271,0,0,0.015754245,1
111272,1,0,0.17823958,0
111273,0,1,0.57463354,0
111274,1,1,1.0,1
111275,0,0,0.07094482,1
111276,1,1,0.999984,1
111277,1,1,1.0,1
111278,1,1,1.0,1
111279,0,0,0.13974822,1
111280,1,1,0.89312315,1
111281,1,1,0.9939143,1
111282,1,1,0.9983059,1
111283,0,1,0.9993749,0
111284,1,1,0.99678373,1
111285,1,1,0.9999999,1
111286,1,1,0.9999906,1
111287,0,1,0.9763782,0
111288,1,1,0.8993868,1
111289,1,1,0.99650973,1
111290,1,0,0.024492992,0
111291,0,1,0.6489671,0
111292,1,0,0.0689125,0
111293,0,0,0.14300808,1
111294,1,1,0.9999999,1
111295,1,0,0.032009803,0
111296,0,1,0.8080672,0
111297,1,1,1.0,1
111298,0,0,0.17967446,1
111299,1,1,1.0,1
111300,1,1,1.0,1
111301,0,1,0.88563144,0
111302,0,1,0.99031025,0
111303,1,1,1.0,1
111304,0,0,0.17967446,1
111305,0,1,0.9999739,0
111306,0,0,0.09057448,1
111307,1,0,0.035544395,0
111308,1,0,0.21816924,0
111309,0,0,0.30059156,1
111310,1,0,0.012170629,0
111311,1,1,0.84247476,1
111312,0,0,0.0631349,1
111313,1,1,0.99999964,1
111314,0,1,0.9585377,0
111315,1,0,0.032713126,0
111316,1,1,0.4558041,1
111317,0,1,0.999949,0
111318,1,1,0.9983865,1
111319,1,1,0.9999956,1
111320,0,1,0.70380396,0
111321,0,1,0.46535707,0
111322,1,1,0.999723,1
111323,0,1,0.8554893,0
111324,1,1,0.99591404,1
111325,1,1,0.9943909,1
111326,1,1,0.9650863,1
111327,1,0,0.06153674,0
111328,0,1,0.89506495,0
111329,1,1,0.99549675,1
111330,0,1,0.4428774,0
111331,0,1,0.41537306,0
111332,0,1,0.9999249,0
111333,1,1,0.99002504,1
111334,0,1,1.0,0
111335,1,1,0.99987113,1
111336,1,0,0.14651415,0
111337,1,1,0.8578872,1
111338,1,1,0.9598375,1
111339,1,0,0.14817041,0
111340,1,1,0.99999976,1
111341,0,0,0.10604083,1
111342,0,1,0.94980925,0
111343,0,0,0.30652702,1
111344,0,0,0.14560063,1
111345,0,1,0.53376204,0
111346,0,0,0.30280325,1
111347,1,0,0.2600135,0
111348,1,1,0.99956006,1
111349,1,1,1.0,1
111350,1,0,0.15215817,0
111351,1,1,0.90337944,1
111352,1,1,0.8040984,1
111353,0,1,0.9995963,0
111354,1,1,0.9997209,1
111355,0,0,0.04560694,1
111356,0,0,0.105948284,1
111357,1,0,0.030646773,0
111358,0,1,0.566798,0
111359,0,1,0.8097278,0
111360,1,1,0.9951703,1
111361,1,1,0.424919,1
111362,1,1,1.0,1
111363,1,1,0.82161736,1
111364,1,1,0.99999535,1
111365,0,0,0.010448626,1
111366,1,0,0.06233104,0
111367,1,0,0.021307707,0
111368,1,1,0.9999603,1
111369,1,1,0.8161134,1
111370,1,1,0.9999889,1
111371,0,1,0.9999995,0
111372,0,1,0.37550607,0
111373,1,1,1.0,1
111374,1,1,0.48986956,1
111375,0,0,0.0034631435,1
111376,0,1,0.66066515,0
111377,1,0,0.11476479,0
111378,0,1,0.4571973,0
111379,0,0,0.092196204,1
111380,0,1,0.83359575,0
111381,0,0,0.15902139,1
111382,1,1,1.0,1
111383,0,0,0.1732882,1
111384,0,0,0.008283627,1
111385,1,1,0.6694748,1
111386,1,1,1.0,1
111387,1,1,1.0,1
111388,0,0,0.19329962,1
111389,1,1,0.9542227,1
111390,1,0,0.27105868,0
111391,1,1,0.6302868,1
111392,1,1,0.60247093,1
111393,0,0,0.30964962,1
111394,0,1,0.3824874,0
111395,1,0,0.30699432,0
111396,1,0,0.047558397,0
111397,1,1,0.7914184,1
111398,1,0,0.27250826,0
111399,0,0,0.21766995,1
111400,0,0,0.11656275,1
111401,0,1,0.5363736,0
111402,1,1,0.6346,1
111403,0,1,0.5131196,0
111404,1,1,0.9990508,1
111405,1,1,0.9281487,1
111406,1,1,0.9756467,1
111407,0,0,0.14823206,1
111408,1,1,0.99998105,1
111409,1,0,0.0014693211,0
111410,0,1,0.98574555,0
111411,0,1,0.999795,0
111412,1,1,1.0,1
111413,0,0,0.016215032,1
111414,1,1,1.0,1
111415,0,0,0.09293445,1
111416,1,1,0.99989843,1
111417,0,1,0.99999785,0
111418,0,1,0.9551521,0
111419,0,1,0.9999596,0
111420,0,1,0.8275496,0
111421,1,1,0.8365546,1
111422,0,0,0.019889742,1
111423,0,1,0.6538456,0
111424,1,0,0.15733096,0
111425,1,1,1.0,1
111426,0,0,0.045437217,1
111427,0,1,0.81508535,0
111428,1,0,0.032191858,0
111429,1,1,0.99433607,1
111430,1,1,0.99227446,1
111431,1,1,0.99992275,1
111432,1,1,0.67109346,1
111433,1,0,0.0703677,0
111434,1,1,0.9999856,1
111435,1,1,0.441673,1
111436,0,0,0.15662017,1
111437,0,1,0.6712012,0
111438,1,1,0.96602803,1
111439,0,0,0.07538034,1
111440,0,0,0.03330537,1
111441,1,1,0.8587186,1
111442,1,1,0.9951231,1
111443,1,1,0.9975514,1
111444,1,1,0.97931457,1
111445,0,0,0.083441176,1
111446,1,1,0.97877365,1
111447,0,1,0.8611883,0
111448,1,1,0.9999989,1
111449,1,1,0.99999976,1
111450,1,1,0.998884,1
111451,0,1,0.97877365,0
111452,1,1,0.80942667,1
111453,1,1,0.9985221,1
111454,0,1,0.97366965,0
111455,0,1,0.88856554,0
111456,1,0,0.01964376,0
111457,1,0,0.26265267,0
111458,1,1,0.9999294,1
111459,0,1,0.97865146,0
111460,1,1,0.99846625,1
111461,1,1,0.99268264,1
111462,1,1,1.0,1
111463,1,1,0.999905,1
111464,0,1,0.6500786,0
111465,0,0,0.013299493,1
111466,1,1,1.0,1
111467,1,1,0.9981792,1
111468,0,0,0.23248436,1
111469,1,1,0.9653485,1
111470,1,1,0.9998785,1
111471,0,1,1.0,0
111472,1,1,0.9951325,1
111473,1,1,0.99989283,1
111474,0,0,0.009340025,1
111475,0,1,0.9526182,0
111476,0,1,0.8702668,0
111477,1,1,0.9999937,1
111478,1,1,0.999572,1
111479,1,1,0.9994081,1
111480,0,0,0.2569252,1
111481,1,0,0.012123754,0
111482,1,1,0.999159,1
111483,1,1,0.8177201,1
111484,0,1,0.90397453,0
111485,0,0,0.035078675,1
111486,1,1,0.9999987,1
111487,0,1,0.9831176,0
111488,0,1,0.61941373,0
111489,1,1,0.99999917,1
111490,0,1,0.99968183,0
111491,1,1,1.0,1
111492,1,1,0.9999993,1
111493,1,0,0.005416411,0
111494,0,0,0.32231262,1
111495,1,0,0.048948623,0
111496,0,1,0.9631959,0
111497,1,1,0.99999785,1
111498,0,1,0.94664603,0
111499,1,1,0.9999888,1
111500,1,1,0.99999356,1
111501,1,1,0.66350543,1
111502,1,1,0.99567693,1
111503,0,0,0.245085,1
111504,0,0,0.28066567,1
111505,1,1,0.99999964,1
111506,0,0,0.30886734,1
111507,0,1,0.9999999,0
111508,1,1,0.47365722,1
111509,0,0,0.20963144,1
111510,0,1,0.9920466,0
111511,0,0,0.2705766,1
111512,1,0,0.26081288,0
111513,1,1,0.9986223,1
111514,1,1,0.99805814,1
111515,1,1,0.9995092,1
111516,0,0,0.16954333,1
111517,1,1,0.9999424,1
111518,0,1,0.9992342,0
111519,1,1,0.9999999,1
111520,1,1,0.99992454,1
111521,0,0,0.0224785,1
111522,1,0,0.22093019,0
111523,0,1,0.83196384,0
111524,1,0,0.24535614,0
111525,1,1,0.9994241,1
111526,0,0,0.041656762,1
111527,0,1,0.50317377,0
111528,1,1,0.99993265,1
111529,1,1,0.9966756,1
111530,1,1,0.9953635,1
111531,1,1,0.63324016,1
111532,0,1,0.37524846,0
111533,0,0,0.020964239,1
111534,0,0,0.015306354,1
111535,1,1,0.9999764,1
111536,0,0,0.2698063,1
111537,1,1,0.8900078,1
111538,0,1,0.95987505,0
111539,1,1,0.43530127,1
111540,0,1,0.99999106,0
111541,1,1,0.9835338,1
111542,0,0,0.08137364,1
111543,0,1,0.9656736,0
111544,1,0,0.04146227,0
111545,1,1,0.9971771,1
111546,0,0,0.245085,1
111547,1,1,0.9998932,1
111548,1,1,1.0,1
111549,1,1,0.41164294,1
111550,1,1,0.99770385,1
111551,1,1,0.9847231,1
111552,0,1,1.0,0
111553,1,1,0.99985397,1
111554,1,1,1.0,1
111555,1,1,0.99983966,1
111556,0,1,0.9953725,0
111557,0,0,0.32119378,1
111558,1,1,0.99298817,1
111559,0,0,0.27615336,1
111560,1,1,0.98942953,1
111561,0,0,0.018599968,1
111562,1,1,0.95610446,1
111563,1,0,0.14414886,0
111564,1,1,0.99986017,1
111565,1,1,0.9463493,1
111566,0,1,0.93071055,0
111567,0,1,0.9431384,0
111568,1,1,1.0,1
111569,0,0,0.25959095,1
111570,0,1,0.81286734,0
111571,1,0,0.0039607873,0
111572,0,0,0.020685462,1
111573,1,0,0.019456577,0
111574,1,1,0.99999714,1
111575,1,1,0.9953544,1
111576,0,0,0.090253234,1
111577,1,1,0.9994504,1
111578,1,1,0.85931,1
111579,1,1,0.9993449,1
111580,0,0,0.060863446,1
111581,1,1,0.99998105,1
111582,1,1,0.8168451,1
111583,1,1,0.66426814,1
111584,0,1,0.9746045,0
111585,0,1,0.9935993,0
111586,0,0,0.19713515,1
111587,1,1,0.8539127,1
111588,0,0,0.23819561,1
111589,0,0,0.019271135,1
111590,0,0,0.19837458,1
111591,1,1,0.99926203,1
111592,1,1,0.9999999,1
111593,1,1,0.99630713,1
111594,1,1,0.99973875,1
111595,1,1,0.6569335,1
111596,1,1,0.99999464,1
111597,1,1,0.99999785,1
111598,1,1,0.99999964,1
111599,1,1,0.99757034,1
111600,1,1,0.76838577,1
111601,1,1,0.9856353,1
111602,0,1,0.41715276,0
111603,1,0,0.06816438,0
111604,1,1,0.9999999,1
111605,0,1,0.9999994,0
111606,0,1,0.8369547,0
111607,1,1,0.7010484,1
111608,0,1,0.9969957,0
111609,0,1,0.9999962,0
111610,0,0,0.070623666,1
111611,1,1,0.7589575,1
111612,1,1,0.9998981,1
111613,1,1,0.9999932,1
111614,1,1,0.99999547,1
111615,0,1,0.39353067,0
111616,0,1,0.77670765,0
111617,0,0,0.0962801,1
111618,0,1,0.9959771,0
111619,0,0,0.34587818,1
111620,0,0,0.06418264,1
111621,0,1,0.80131465,0
111622,0,0,0.17490298,1
111623,1,1,1.0,1
111624,0,0,0.024214549,1
111625,1,0,0.054954547,0
111626,1,1,0.99333304,1
111627,1,1,0.99999595,1
111628,0,1,0.9978802,0
111629,0,1,0.9076402,0
111630,0,0,0.05014425,1
111631,0,0,0.012407696,1
111632,1,0,0.06572467,0
111633,1,1,0.6095242,1
111634,0,0,0.14199378,1
111635,1,0,0.06142404,0
111636,1,1,0.9920466,1
111637,1,1,1.0,1
111638,0,1,0.61929864,0
111639,0,0,0.10585582,1
111640,1,1,0.9993424,1
111641,1,0,0.1454185,0
111642,1,1,0.9956176,1
111643,1,1,0.98089427,1
111644,1,1,0.967132,1
111645,1,0,0.021698095,0
111646,1,1,1.0,1
111647,1,1,0.99983716,1
111648,1,1,0.9999993,1
111649,0,1,0.3808453,0
111650,1,1,0.6222872,1
111651,1,1,0.99959785,1
111652,1,0,0.049451128,0
111653,1,1,0.99999857,1
111654,1,1,0.67976356,1
111655,1,0,0.23039988,0
111656,1,1,0.9988883,1
111657,1,1,1.0,1
111658,0,0,0.023153413,1
111659,1,1,0.99999976,1
111660,1,1,0.999723,1
111661,0,0,0.2817019,1
111662,1,0,0.32114056,0
111663,0,0,0.017848738,1
111664,1,1,0.90950596,1
111665,1,1,0.9999974,1
111666,1,1,1.0,1
111667,0,1,0.9999807,0
111668,0,1,1.0,0
111669,0,0,0.030415535,1
111670,1,1,0.5181195,1
111671,1,1,0.99999917,1
111672,1,0,0.06632688,0
111673,1,0,0.042364188,0
111674,0,0,0.05970174,1
111675,1,1,0.99632144,1
111676,1,0,0.14229147,0
111677,1,0,0.11308892,0
111678,0,0,0.2295352,1
111679,0,1,0.9993424,0
111680,1,0,0.12683924,0
111681,1,0,0.06388999,0
111682,1,1,1.0,1
111683,1,1,1.0,1
111684,1,1,0.87191176,1
111685,1,1,1.0,1
111686,1,1,0.9998535,1
111687,1,0,0.30512765,0
111688,1,1,0.99999166,1
111689,0,0,0.29209024,1
111690,1,1,0.9952077,1
111691,1,1,1.0,1
111692,1,1,0.9999758,1
111693,1,1,0.9999993,1
111694,0,1,0.8943289,0
111695,1,1,0.7230651,1
111696,0,0,0.09384396,1
111697,1,1,0.82432055,1
111698,0,0,0.050051305,1
111699,1,1,0.9999999,1
111700,1,1,0.99999976,1
111701,0,0,0.054198727,1
111702,0,1,0.57934093,0
111703,0,1,0.8523219,0
111704,1,1,0.9999658,1
111705,1,1,0.9932025,1
111706,0,1,1.0,0
111707,0,0,0.14384791,1
111708,1,1,0.9999403,1
111709,1,1,1.0,1
111710,0,1,0.99318933,0
111711,0,0,0.042802144,1
111712,1,0,0.030357989,0
111713,1,1,0.99865675,1
111714,1,0,0.08756384,0
111715,1,1,0.937726,1
111716,0,1,0.40145314,0
111717,1,1,0.9999995,1
111718,0,0,0.026205411,1
111719,1,1,1.0,1
111720,0,0,0.3189092,1
111721,0,1,0.99999523,0
111722,0,1,0.9999031,0
111723,1,1,0.9999999,1
111724,0,0,0.05975658,1
111725,1,0,0.053700306,0
111726,1,1,0.99999046,1
111727,1,0,0.31769082,0
111728,0,1,0.9364014,0
111729,1,0,0.015936995,0
111730,1,1,0.915356,1
111731,1,1,0.9718593,1
111732,1,1,0.9999994,1
111733,0,0,0.0524731,1
111734,1,1,0.98735064,1
111735,0,0,0.01302049,1
111736,0,1,0.84594244,0
111737,1,1,1.0,1
111738,0,0,0.01750956,1
111739,1,1,0.79246426,1
111740,0,0,0.022457054,1
111741,0,0,0.002526185,1
111742,0,0,0.21182416,1
111743,1,1,0.9993135,1
111744,0,0,0.0946777,1
111745,1,1,0.36229205,1
111746,1,1,0.99999964,1
111747,0,1,0.9999417,0
111748,1,1,0.9999969,1
111749,1,1,0.99812144,1
111750,0,0,0.17217185,1
111751,0,1,0.4256649,0
111752,0,1,0.6898805,0
111753,0,1,0.5208619,0
111754,0,1,0.5597112,0
111755,1,1,1.0,1
111756,1,1,0.99986064,1
111757,1,0,0.039453376,0
111758,0,0,0.09409338,1
111759,1,1,0.9309621,1
111760,0,0,0.056756895,1
111761,1,1,1.0,1
111762,1,0,0.024007749,0
111763,0,1,0.57170683,0
111764,1,1,0.99999654,1
111765,1,1,0.37765542,1
111766,1,1,0.9987696,1
111767,1,1,1.0,1
111768,0,0,0.16545825,1
111769,1,0,0.0017926508,0
111770,1,1,0.9999299,1
111771,1,1,0.36766753,1
111772,0,0,0.098512106,1
111773,0,0,0.022889841,1
111774,1,0,0.31832618,0
111775,1,1,0.9999609,1
111776,1,0,0.19034748,0
111777,1,1,0.9998306,1
111778,1,1,1.0,1
111779,1,1,0.77509457,1
111780,0,1,0.99983263,0
111781,0,1,0.98337495,0
111782,1,1,0.97494066,1
111783,1,0,0.22465022,0
111784,1,1,0.6971452,1
111785,1,0,0.040692955,0
111786,0,0,0.023916386,1
111787,1,1,0.99985516,1
111788,1,0,0.13963085,0
111789,0,0,0.23239724,1
111790,1,1,0.99976856,1
111791,0,0,0.053899158,1
111792,0,0,0.040692955,1
111793,0,1,0.99996114,0
111794,1,1,1.0,1
111795,1,1,1.0,1
111796,0,0,0.08130065,1
111797,1,0,0.32412842,0
111798,0,1,0.4444442,0
111799,0,1,0.41558057,0
111800,1,1,0.9994653,1
111801,0,0,0.03825006,1
111802,1,1,0.9999305,1
111803,0,0,0.017831627,1
111804,1,1,1.0,1
111805,1,1,0.7118818,1
111806,1,1,0.5361308,1
111807,0,0,0.30290633,1
111808,0,0,0.071786165,1
111809,0,0,0.08203305,1
111810,1,1,0.99984884,1
111811,1,1,0.99907815,1
111812,1,1,1.0,1
111813,1,1,0.9999995,1
111814,1,1,1.0,1
111815,1,0,0.011869121,0
111816,0,1,0.5429844,0
111817,1,0,0.27430275,0
111818,1,1,0.9999901,1
111819,0,1,0.9993333,0
111820,1,1,0.9908744,1
111821,0,0,0.14755519,1
111822,0,0,0.20641372,1
111823,0,1,0.9972045,0
111824,0,1,0.9974241,0
111825,1,1,0.99999845,1
111826,0,0,0.18668744,1
111827,1,1,0.99910825,1
111828,1,1,1.0,1
111829,1,1,1.0,1
111830,1,1,0.99861956,1
111831,0,0,0.05937366,1
111832,1,1,0.89368117,1
111833,0,1,0.6848439,0
111834,1,1,1.0,1
111835,0,0,0.33873308,1
111836,1,1,0.99999833,1
111837,1,1,0.39802617,1
111838,0,0,0.18520921,1
111839,0,0,0.08532742,1
111840,1,0,0.049176436,0
111841,1,1,0.99999964,1
111842,1,1,0.59278446,1
111843,0,1,0.49121183,0
111844,0,0,0.11221037,1
111845,1,1,1.0,1
111846,0,0,0.16344544,1
111847,1,1,0.95735765,1
111848,0,0,0.17189364,1
111849,0,1,0.99036634,0
111850,0,0,0.21019831,1
111851,0,1,0.40512508,0
111852,0,1,0.56025267,0
111853,0,0,0.10311471,1
111854,1,1,0.99999857,1
111855,0,1,0.77218723,0
111856,0,0,0.2968071,1
111857,1,1,0.99999714,1
111858,0,1,0.96975684,0
111859,1,1,0.9980161,1
111860,1,1,1.0,1
111861,0,1,0.9961606,0
111862,0,0,0.05165378,1
111863,1,1,0.9999962,1
111864,1,1,1.0,1
111865,1,0,0.12368283,0
111866,1,1,0.9999999,1
111867,0,0,0.12028373,1
111868,1,1,0.38496992,1
111869,0,1,0.9998766,0
111870,1,1,0.9999633,1
111871,1,0,0.012600624,0
111872,1,1,1.0,1
111873,0,1,0.99938214,0
111874,1,1,0.7761143,1
111875,1,1,0.99002504,1
111876,1,1,0.9988004,1
111877,0,1,1.0,0
111878,1,1,1.0,1
111879,0,1,0.9675945,0
111880,1,1,0.9983675,1
111881,1,0,0.03143985,0
111882,0,1,0.98501414,0
111883,0,1,0.9973888,0
111884,0,1,0.79454446,0
111885,0,0,0.053849373,1
111886,0,0,0.091220066,1
111887,1,0,0.10284408,0
111888,0,0,0.10800066,1
111889,1,1,0.9114165,1
111890,0,0,0.07978202,1
111891,1,1,0.9999982,1
111892,0,0,0.032682236,1
111893,1,0,0.33567742,0
111894,0,1,0.9877823,0
111895,0,1,0.99993646,0
111896,1,1,0.9999918,1
111897,1,1,0.9999888,1
111898,0,0,0.07850098,1
111899,1,1,0.92879725,1
111900,1,1,0.99813604,1
111901,1,1,0.99999917,1
111902,0,0,0.038321972,1
111903,0,1,0.99996364,0
111904,0,0,0.09001297,1
111905,1,1,0.94699025,1
111906,0,0,0.19961987,1
111907,1,1,0.9997075,1
111908,0,1,0.9799574,0
111909,0,1,0.9906238,0
111910,1,0,0.105486654,0
111911,1,0,0.07885492,0
111912,0,0,0.036700353,1
111913,1,0,0.1480472,0
111914,1,1,0.59625685,1
111915,1,1,0.9856076,1
111916,1,1,0.9973374,1
111917,1,1,0.99987173,1
111918,0,0,0.22295383,1
111919,1,1,0.44899997,1
111920,0,0,0.11920292,1
111921,1,1,0.9999318,1
111922,1,1,0.93045825,1
111923,0,1,0.93385434,0
111924,1,1,0.9999937,1
111925,1,0,0.10913479,0
111926,1,1,0.9999976,1
111927,1,1,0.991339,1
111928,1,1,0.8157468,1
111929,1,1,0.9999999,1
111930,1,0,0.13817081,0
111931,1,0,0.2084205,0
111932,1,1,0.9969426,1
111933,1,1,0.99933076,1
111934,1,1,0.9823047,1
111935,1,1,0.9999999,1
111936,0,1,0.9255671,0
111937,0,0,0.22000709,1
111938,1,1,0.99999475,1
111939,0,0,0.30559373,1
111940,1,0,0.13483287,0
111941,0,0,0.2817019,1
111942,1,1,1.0,1
111943,0,0,0.2850733,1
111944,0,1,0.98739934,0
111945,1,1,1.0,1
111946,1,1,0.575767,1
111947,1,1,0.99677116,1
111948,1,0,0.08269734,0
111949,0,0,0.015633563,1
111950,1,1,0.9526623,1
111951,0,0,0.22185604,1
111952,0,1,0.4809662,0
111953,0,0,0.02753294,1
111954,1,0,0.12973315,0
111955,0,0,0.046033904,1
111956,1,1,1.0,1
111957,1,1,0.9999782,1
111958,0,1,0.7826625,0
111959,1,1,0.98920244,1
111960,1,1,1.0,1
111961,0,1,0.99751294,0
111962,1,0,0.08100938,0
111963,1,1,0.9907678,1
111964,1,1,0.9346938,1
111965,1,1,0.99990904,1
111966,0,1,0.9817182,0
111967,1,1,0.99963164,1
111968,0,0,0.17539679,1
111969,0,1,0.5431662,0
111970,0,1,0.76942694,0
111971,1,0,0.069226466,0
111972,1,0,0.0015247863,0
111973,1,1,0.99952066,1
111974,1,1,0.86849254,1
111975,1,1,0.9999989,1
111976,0,1,0.99999607,0
111977,0,1,0.9786719,0
111978,1,1,0.9997658,1
111979,1,1,0.98293835,1
111980,1,1,0.9797453,1
111981,1,1,0.71442884,1
111982,1,1,0.78727776,1
111983,1,1,1.0,1
111984,1,0,0.28402957,0
111985,1,1,0.9999999,1
111986,1,1,1.0,1
111987,0,0,0.13817081,1
111988,0,1,0.9999118,0
111989,1,1,0.9694112,1
111990,1,0,0.013848611,0
111991,0,1,0.9999877,0
111992,0,0,0.31447145,1
111993,0,0,0.033242542,1
111994,1,1,1.0,1
111995,0,0,0.07165614,1
111996,0,1,0.5589891,0
111997,1,1,0.9999975,1
111998,1,0,0.0002994447,0
111999,0,0,0.11417084,1
112000,1,1,1.0,1
112001,0,1,1.0,0
112002,1,1,0.999926,1
112003,1,1,0.9999975,1
112004,1,1,0.9999957,1
112005,1,1,0.9999999,1
112006,0,1,1.0,0
112007,0,0,0.05948283,1
112008,0,0,0.06785488,1
112009,0,0,0.17953056,1
112010,1,0,0.20833994,0
112011,0,1,0.9993228,0
112012,1,1,0.74516666,1
112013,0,0,0.024283867,1
112014,1,1,0.99999976,1
112015,1,0,0.026683092,0
112016,1,0,0.22278468,0
112017,0,0,0.11402278,1
112018,0,1,0.9969722,0
112019,0,1,0.8620035,0
112020,1,0,0.08291986,0
112021,0,1,0.99998534,0
112022,0,0,0.20633379,1
112023,0,1,0.9899671,0
112024,1,1,1.0,1
112025,0,0,0.06153674,1
112026,0,1,0.8454327,0
112027,0,0,0.29462072,1
112028,1,1,0.9982658,1
112029,1,1,0.9992505,1
112030,0,0,0.108471945,1
112031,0,0,0.13061775,1
112032,1,0,0.024237636,0
112033,1,1,0.99980587,1
112034,0,0,0.09764823,1
112035,0,0,0.09146322,1
112036,0,0,0.06524657,1
112037,0,0,0.020764738,1
112038,0,1,0.96777767,0
112039,1,1,0.35236892,1
112040,1,1,0.999577,1
112041,1,1,1.0,1
112042,0,1,0.9535353,0
112043,0,1,0.88038635,0
112044,0,1,0.38905317,0
112045,1,1,0.9957684,1
112046,1,1,0.999905,1
112047,0,0,0.3173205,1
112048,0,1,0.99999845,0
112049,1,1,0.95888567,1
112050,1,1,0.7923036,1
112051,1,0,0.054198727,0
112052,1,1,0.9999993,1
112053,1,1,1.0,1
112054,1,1,1.0,1
112055,0,1,0.99999917,0
112056,0,1,0.99888176,0
112057,1,0,0.092359796,0
112058,0,1,0.5426209,0
112059,1,1,0.99808073,1
112060,1,1,0.98192734,1
112061,0,1,0.9036349,0
112062,1,1,0.9980045,1
112063,1,1,0.381162,1
112064,1,1,0.99987113,1
112065,0,1,0.99960726,0
112066,1,0,0.01694742,0
112067,1,1,0.9999989,1
112068,0,1,0.9999114,0
112069,1,1,1.0,1
112070,1,1,0.9939143,1
112071,0,0,0.11153119,1
112072,1,0,0.25534368,0
112073,1,1,0.99998367,1
112074,1,1,0.5567009,1
112075,0,0,0.1504028,1
112076,1,1,0.99521697,1
112077,1,1,0.99998856,1
112078,1,1,1.0,1
112079,0,0,0.087252244,1
112080,1,0,0.24059613,0
112081,1,1,0.9987527,1
112082,1,1,0.998242,1
112083,1,1,1.0,1
112084,1,1,0.9999329,1
112085,0,0,0.2562732,1
112086,1,1,1.0,1
112087,1,1,0.6873677,1
112088,0,0,0.16398025,1
112089,1,0,0.32477057,0
112090,1,1,0.99997807,1
112091,1,0,0.0013147246,0
112092,1,1,0.99999857,1
112093,1,1,0.99876,1
112094,1,1,1.0,1
112095,0,1,0.99440175,0
112096,1,1,0.9996381,1
112097,1,1,0.992062,1
112098,0,1,0.97142875,0
112099,0,1,0.99586606,0
112100,1,1,0.9686196,1
112101,1,1,0.9998118,1
112102,1,1,0.9956346,1
112103,1,1,0.9970131,1
112104,1,1,1.0,1
112105,1,1,0.99999976,1
112106,1,0,0.16613355,0
112107,1,1,0.9980392,1
112108,0,1,0.99999726,0
112109,0,0,0.08850466,1
112110,0,0,0.11818139,1
112111,0,1,0.42205793,0
112112,0,1,0.9985104,0
112113,1,1,0.98782945,1
112114,1,1,0.40424284,1
112115,0,0,0.09568695,1
112116,1,1,0.9997305,1
112117,0,0,0.16331196,1
112118,0,0,0.05261895,1
112119,0,1,0.5943747,0
112120,1,1,0.9999832,1
112121,1,1,0.99998856,1
112122,0,0,0.15746048,1
112123,1,0,0.03897507,0
112124,1,1,1.0,1
112125,0,1,0.99999964,0
112126,1,1,0.9997527,1
112127,0,0,0.09534946,1
112128,1,1,0.99999464,1
112129,0,0,0.011353655,1
112130,1,0,0.3438924,0
112131,1,0,0.21255875,0
112132,1,0,0.2755194,0
112133,0,1,0.4558041,0
112134,0,0,0.112600096,1
112135,0,1,0.9966365,0
112136,1,1,0.9992342,1
112137,1,1,0.9991117,1
112138,1,1,0.99982256,1
112139,1,1,0.60270476,1
112140,1,0,0.0010464255,0
112141,0,1,0.99999857,0
112142,0,1,0.8895288,0
112143,1,1,0.9999969,1
112144,1,1,0.98932695,1
112145,1,1,0.9877587,1
112146,1,1,0.9999987,1
112147,1,1,1.0,1
112148,1,1,1.0,1
112149,1,1,0.8943289,1
112150,0,0,0.017392347,1
112151,0,1,0.9999747,0
112152,0,0,0.075995214,1
112153,1,1,0.9996026,1
112154,0,0,0.012407696,1
112155,0,0,0.14145924,1
112156,0,0,0.04050277,1
112157,1,1,0.9982827,1
112158,0,0,0.34964374,1
112159,1,1,0.7830775,1
112160,1,1,0.7465088,1
112161,1,1,1.0,1
112162,1,0,0.111337796,0
112163,1,1,1.0,1
112164,1,1,0.8299059,1
112165,1,1,0.972178,1
112166,1,1,0.999049,1
112167,1,1,1.0,1
112168,1,1,0.9863631,1
112169,1,1,0.9567152,1
112170,0,1,0.6238926,0
112171,0,1,0.5006714,0
112172,0,1,0.987375,0
112173,0,1,0.70089483,0
112174,0,0,0.15412119,1
112175,1,1,0.9999927,1
112176,0,0,0.124213,1
112177,1,1,0.5955514,1
112178,0,1,0.7157718,0
112179,0,1,0.99922514,0
112180,1,0,0.014985891,0
112181,1,1,0.9694112,1
112182,1,1,0.96354055,1
112183,0,0,0.13324596,1
112184,1,1,0.9986223,1
112185,0,0,0.0041662566,1
112186,0,1,0.40121853,0
112187,1,1,0.9997603,1
112188,0,0,0.11357959,1
112189,0,0,0.023197629,1
112190,1,1,0.999979,1
112191,0,0,0.23048648,1
112192,0,1,0.85989916,0
112193,1,1,0.99998915,1
112194,1,0,0.1584346,0
112195,1,1,0.7129322,1
112196,1,1,0.99999964,1
112197,1,1,0.9999783,1
112198,0,0,0.32161978,1
112199,0,0,0.0029008577,1
112200,1,1,1.0,1
112201,0,0,0.27664167,1
112202,0,0,0.105948284,1
112203,1,0,0.0830685,0
112204,1,1,0.9999503,1
112205,0,1,0.9729595,0
112206,1,1,0.9946878,1
112207,1,1,0.9987503,1
112208,0,1,0.41881573,0
112209,0,1,0.6266384,0
112210,1,1,0.9999995,1
112211,0,0,0.03465149,1
112212,1,1,0.98247355,1
112213,0,0,0.06730107,1
112214,0,0,0.10475175,1
112215,1,1,0.3833527,1
112216,1,0,0.34781396,0
112217,0,1,0.79881525,0
112218,1,0,0.16701478,0
112219,1,1,1.0,1
112220,1,1,0.99999774,1
112221,0,0,0.14517595,1
112222,0,1,0.6618682,0
112223,0,0,0.068040416,1
112224,1,1,0.9999778,1
112225,1,1,0.97953105,1
112226,1,1,0.9999722,1
112227,1,1,0.99999905,1
112228,1,0,0.22661243,0
112229,0,1,0.6221725,0
112230,1,1,0.99939644,1
112231,0,1,0.65506023,0
112232,0,1,0.9999969,0
112233,0,0,0.21750368,1
112234,0,1,0.99999034,0
112235,1,0,0.017627545,0
112236,0,1,0.9642878,0
112237,1,1,0.99999285,1
112238,1,1,0.49124238,1
112239,1,1,1.0,1
112240,1,1,0.393152,1
112241,1,1,0.97555363,1
112242,1,1,1.0,1
112243,1,1,0.99999714,1
112244,0,0,0.095265254,1
112245,0,1,0.78727776,0
112246,0,1,0.9765577,0
112247,1,1,1.0,1
112248,0,0,0.043813635,1
112249,1,1,0.9999999,1
112250,0,0,0.08532742,1
112251,1,1,0.9998517,1
112252,1,1,0.9708264,1
112253,0,0,0.08532742,1
112254,0,1,0.57666117,0
112255,1,1,0.99796116,1
112256,1,0,0.07011259,0
112257,0,0,0.16092427,1
112258,0,1,0.996557,0
112259,1,1,0.999928,1
112260,0,0,0.13028543,1
112261,1,1,0.9999887,1
112262,1,1,1.0,1
112263,1,1,1.0,1
112264,1,1,0.9992606,1
112265,0,1,0.9314625,0
112266,1,0,0.15830442,0
112267,1,1,0.999998,1
112268,0,1,0.7163675,0
112269,1,1,1.0,1
112270,1,1,1.0,1
112271,0,0,0.13403742,1
112272,1,1,0.999908,1
112273,1,1,0.74316806,1
112274,1,0,0.00705271,0
112275,1,1,1.0,1
112276,1,1,1.0,1
112277,0,1,0.83413684,0
112278,0,1,0.5302365,0
112279,1,1,0.9442283,1
112280,1,0,0.08130065,0
112281,0,1,0.99911517,0
112282,1,1,1.0,1
112283,0,1,0.50311273,0
112284,1,1,1.0,1
112285,0,1,0.50695753,0
112286,1,1,0.99998915,1
112287,0,0,0.0077705807,1
112288,0,0,0.009214366,1
112289,1,1,0.99999964,1
112290,1,1,1.0,1
112291,1,0,0.2928986,0
112292,0,1,0.61503005,0
112293,1,1,0.9991272,1
112294,0,1,0.99632144,0
112295,0,0,0.09885954,1
112296,0,1,0.8388118,0
112297,1,1,1.0,1
112298,1,1,0.9999125,1
112299,0,1,1.0,0
112300,1,0,0.21092878,0
112301,1,1,0.3522575,1
112302,0,0,0.27275035,1
112303,0,1,0.97223073,0
112304,0,0,0.1746917,1
112305,0,1,0.9999833,0
112306,1,1,0.9706322,1
112307,0,0,0.030559864,1
112308,1,1,1.0,1
112309,0,1,0.6449522,0
112310,0,0,0.11971655,1
112311,0,1,0.55730325,0
112312,1,1,0.8454327,1
112313,0,1,0.99930537,0
112314,0,1,0.9921841,0
112315,1,1,0.88100195,1
112316,1,1,0.9295044,1
112317,0,1,0.95426536,0
112318,1,1,0.99010193,1
112319,0,1,0.9314625,0
112320,0,0,0.094176665,1
112321,0,0,0.027402505,1
112322,1,1,0.9999993,1
112323,0,0,0.13649327,1
112324,1,0,0.01694742,0
112325,0,1,0.8315539,0
112326,0,1,0.9968335,0
112327,1,0,0.18300883,0
112328,1,0,0.06273176,0
112329,0,0,0.04556445,1
112330,0,1,0.70543,0
112331,1,0,0.22661243,0
112332,0,1,0.6403548,0
112333,1,1,1.0,1
112334,0,0,0.040692955,1
112335,0,0,0.03204008,1
112336,1,1,0.95806944,1
112337,0,0,0.31949285,1
112338,1,0,0.070816204,0
112339,1,1,0.9999999,1
112340,1,1,0.9997305,1
112341,0,1,0.9999505,0
112342,0,1,0.98685336,0
112343,1,0,0.113383114,0
112344,0,1,0.99999046,0
112345,1,1,0.69008934,1
112346,1,1,1.0,1
112347,1,1,0.9746045,1
112348,0,1,0.9727014,0
112349,1,1,0.9818231,1
112350,0,0,0.008429287,1
112351,0,1,0.83169055,0
112352,0,0,0.016593179,1
112353,0,1,0.980375,0
112354,1,1,0.41492844,1
112355,0,0,0.16184944,1
112356,1,1,0.53758764,1
112357,0,0,0.018055335,1
112358,1,1,0.9428234,1
112359,0,0,0.15739572,1
112360,0,1,0.99794525,0
112361,0,1,0.99400806,0
112362,1,1,0.99999917,1
112363,0,1,0.9999788,0
112364,0,0,0.24908175,1
112365,0,1,0.77072376,0
112366,1,0,0.10557885,0
112367,1,1,0.9956091,1
112368,1,0,0.2805178,0
112369,1,0,0.16667542,0
112370,0,0,0.21535073,1
112371,1,1,0.99999046,1
112372,0,0,0.13551785,1
112373,1,0,0.041075893,0
112374,0,0,0.24382246,1
112375,0,1,0.9804874,0
112376,0,0,0.25358367,1
112377,1,1,0.998835,1
112378,1,1,1.0,1
112379,1,1,0.9999994,1
112380,0,0,0.029063188,1
112381,1,1,0.86860406,1
112382,0,1,0.99765414,0
112383,0,0,0.108377546,1
112384,1,1,0.6530716,1
112385,1,1,0.9999864,1
112386,1,1,0.99999595,1
112387,1,1,0.9944559,1
112388,1,1,1.0,1
112389,0,0,0.07490528,1
112390,1,1,0.9833589,1
112391,1,1,0.7233095,1
112392,0,1,0.95577544,0
112393,1,0,0.004348381,0
112394,1,0,0.06307716,0
112395,1,1,0.9996026,1
112396,0,0,0.17511447,1
112397,0,0,0.26284182,1
112398,0,0,0.15241031,1
112399,1,1,0.99989605,1
112400,1,1,0.9999962,1
112401,1,1,1.0,1
112402,1,1,0.5050047,1
112403,0,0,0.09929539,1
112404,0,1,0.7282654,0
112405,0,1,0.99991286,0
112406,1,1,1.0,1
112407,1,1,0.9999969,1
112408,1,1,1.0,1
112409,1,0,0.04556445,0
112410,0,0,0.15488662,1
112411,0,0,0.11456651,1
112412,1,1,0.99886864,1
112413,1,0,0.027350497,0
112414,1,0,0.13223416,0
112415,1,1,1.0,1
112416,0,0,0.34825712,1
112417,0,1,0.9932025,0
112418,0,1,0.9950755,0
112419,0,0,0.21239536,1
112420,0,1,0.9999577,0
112421,1,1,0.99361163,1
112422,1,1,0.9950755,1
112423,0,1,0.9999994,0
112424,0,0,0.02580962,1
112425,0,1,0.9634375,0
112426,0,0,0.18440005,1
112427,0,1,0.96618783,0
112428,0,0,0.0037800951,1
112429,1,1,0.9291196,1
112430,0,1,0.99772614,0
112431,1,1,0.9999975,1
112432,0,0,0.19605544,1
112433,1,1,0.9999993,1
112434,1,0,0.28002533,0
112435,1,0,0.2977251,0
112436,1,1,0.99984884,1
112437,0,1,0.7500039,0
112438,1,1,0.9999995,1
112439,0,1,0.5696731,0
112440,1,0,0.12787029,0
112441,0,1,0.3786314,0
112442,0,0,0.0059340666,1
112443,0,0,0.1483554,1
112444,1,0,0.003135836,0
112445,1,1,0.6573735,1
112446,0,0,0.0065261493,1
112447,1,1,0.9999083,1
112448,1,1,0.90523857,1
112449,0,1,0.9291196,0
112450,0,0,0.023531878,1
112451,0,0,0.06816438,1
112452,1,1,0.98199654,1
112453,1,1,1.0,1
112454,0,1,0.9937709,0
112455,1,1,0.9999994,1
112456,1,1,0.93077356,1
112457,0,1,0.91321325,0
112458,0,1,0.6901938,0
112459,1,0,0.019889742,0
112460,1,1,0.9999999,1
112461,0,1,0.9272316,0
112462,0,1,0.46219996,0
112463,1,1,0.9997594,1
112464,1,1,1.0,1
112465,1,0,0.0606962,0
112466,1,0,0.15915205,0
112467,1,1,0.97782,1
112468,1,0,0.06278921,0
112469,1,1,0.88885534,1
112470,0,1,0.9943909,0
112471,0,0,0.3401015,1
112472,0,1,0.9999919,0
112473,1,1,0.9999956,1
112474,1,1,0.9999733,1
112475,1,0,0.05997644,0
112476,0,0,0.26759952,1
112477,1,1,0.9384068,1
112478,0,1,0.8943289,0
112479,0,1,0.56235677,0
112480,1,0,0.044764314,0
112481,1,1,1.0,1
112482,0,1,0.9999615,0
112483,0,1,0.5296892,0
112484,1,1,0.9999974,1
112485,0,0,0.09170697,1
112486,1,1,0.9998989,1
112487,0,1,0.45187068,0
112488,0,1,0.9998511,0
112489,1,0,0.08411581,0
112490,1,1,0.99956864,1
112491,1,0,0.3051794,0
112492,1,1,0.9999999,1
112493,1,1,0.99967504,1
112494,1,1,0.9999989,1
112495,1,1,0.47310945,1
112496,1,1,0.9919848,1
112497,0,0,0.18184364,1
112498,0,1,0.9946568,0
112499,0,1,0.95755655,0
112500,1,0,0.09885954,0
112501,0,0,0.10356715,1
112502,0,0,0.2012632,1
112503,1,1,0.9484895,1
112504,0,0,0.09065494,1
112505,1,1,0.7472472,1
112506,0,1,0.9183339,0
112507,1,1,0.9999999,1
112508,1,1,0.98122096,1
112509,1,1,0.9999918,1
112510,0,1,0.9081302,0
112511,1,0,0.19012183,0
112512,0,1,0.8708172,0
112513,1,1,1.0,1
112514,0,0,0.33448073,1
112515,1,1,0.99998415,1
112516,1,0,0.20721471,0
112517,0,0,0.26740813,1
112518,0,0,0.34565726,1
112519,0,1,1.0,0
112520,1,1,0.9860443,1
112521,0,0,0.286269,1
112522,1,0,0.0057974006,0
112523,1,1,0.99991584,1
112524,1,1,0.9971827,1
112525,0,1,0.62732357,0
112526,0,0,0.14651415,1
112527,0,0,0.028382123,1
112528,1,1,0.55404824,1
112529,0,0,0.047780067,1
112530,0,1,0.99999416,0
112531,1,1,0.9999747,1
112532,1,0,0.06711741,0
112533,0,0,0.012552117,1
112534,0,1,0.55374664,0
112535,0,0,0.16933718,1
112536,1,1,0.99808073,1
112537,0,1,0.99999964,0
112538,1,1,0.8802834,1
112539,0,1,0.5833814,0
112540,0,0,0.14977995,1
112541,1,1,0.9595352,1
112542,1,0,0.08203305,0
112543,0,1,0.9693822,0
112544,1,1,0.99946314,1
112545,1,0,0.0044423947,0
112546,1,0,0.00016474655,0
112547,0,1,0.99945253,0
112548,0,1,0.9947391,0
112549,0,0,0.22405545,1
112550,0,1,0.6028217,0
112551,0,0,0.04676847,1
112552,0,0,0.10365786,1
112553,0,1,0.9764232,0
112554,0,1,0.96472245,0
112555,1,1,0.96329963,1
112556,0,1,0.4682435,0
112557,1,1,0.83828294,1
112558,1,0,0.2986959,0
112559,1,0,0.14694208,0
112560,1,1,0.9999808,1
112561,1,0,0.051749542,0
112562,1,1,0.69196594,1
112563,1,1,0.99999464,1
112564,1,1,1.0,1
112565,1,1,0.9994093,1
112566,1,1,0.99974185,1
112567,1,1,0.9999645,1
112568,1,1,0.39837718,1
112569,1,0,0.28801808,0
112570,1,1,0.9958175,1
112571,0,1,0.91274774,0
112572,0,0,0.27561688,1
112573,1,0,0.14596547,0
112574,0,1,0.9991736,0
112575,1,1,0.99497885,1
112576,0,1,0.6783802,0
112577,0,0,0.055720285,1
112578,0,0,0.019681409,1
112579,1,1,0.9891816,1
112580,0,0,0.1274896,1
112581,1,1,0.99922824,1
112582,0,1,0.9985392,0
112583,1,1,1.0,1
112584,0,1,0.856092,0
112585,1,1,0.99999976,1
112586,1,1,0.9834387,1
112587,0,0,0.19667186,1
112588,0,0,0.024680348,1
112589,0,0,0.09097748,1
112590,0,0,0.09065494,1
112591,0,0,0.107250325,1
112592,1,1,0.9999999,1
112593,0,0,0.12560067,1
112594,0,1,0.6793383,0
112595,1,1,0.99998,1
112596,1,1,0.99999976,1
112597,0,1,0.99857855,0
112598,0,1,0.5924898,0
112599,1,0,0.043163683,0
112600,1,1,1.0,1
112601,1,1,1.0,1
112602,1,1,0.99997294,1
112603,1,1,0.99999905,1
112604,1,1,0.99968743,1
112605,0,1,0.6109178,0
112606,0,1,0.9909622,0
112607,1,1,0.9328826,1
112608,1,1,0.9999993,1
112609,0,0,0.06412401,1
112610,0,0,0.14639206,1
112611,0,1,0.9274948,0
112612,0,1,0.9955662,0
112613,1,0,0.31242245,0
112614,1,1,1.0,1
112615,0,1,0.5270731,0
112616,1,1,0.9999993,1
112617,1,1,0.9989309,1
112618,1,0,0.26554704,0
112619,1,1,0.83894384,1
112620,0,0,0.096195176,1
112621,0,0,0.019531239,1
112622,1,1,1.0,1
112623,1,0,0.26435834,0
112624,0,0,0.28388065,1
112625,0,1,0.84273374,0
112626,1,0,0.016882466,0
112627,1,1,0.9999999,1
112628,0,1,0.99591404,0
112629,1,1,0.94197524,1
112630,0,1,0.8255897,0
112631,0,1,0.8030966,0
112632,0,0,0.05728198,1
112633,0,1,0.9958093,0
112634,0,0,0.02774289,1
112635,0,0,0.0072749583,1
112636,1,0,0.06447655,0
112637,1,1,0.99997854,1
112638,1,1,1.0,1
112639,1,1,0.4215518,1
112640,1,1,0.9999944,1
112641,0,1,0.83682144,0
112642,1,1,0.99994373,1
112643,0,1,1.0,0
112644,1,0,0.009196552,0
112645,1,1,0.9999027,1
112646,1,0,0.09739039,0
112647,1,1,0.56025267,1
112648,1,0,0.007937994,0
112649,1,1,0.9898499,1
112650,0,1,0.9866491,0
112651,1,1,1.0,1
112652,1,1,0.99970406,1
112653,0,0,0.31705612,1
112654,0,1,0.99987173,0
112655,0,1,1.0,0
112656,0,1,0.6291482,0
112657,0,0,0.24698713,1
112658,0,1,0.44534862,0
112659,1,1,0.9147487,1
112660,0,0,0.04065485,1
112661,1,1,0.9946255,1
112662,1,0,0.11661302,0
112663,1,0,0.10493506,0
112664,1,1,1.0,1
112665,1,0,0.0374323,0
112666,0,1,0.37433314,0
112667,1,1,0.99979585,1
112668,1,1,0.9994673,1
112669,1,1,0.9999187,1
112670,1,1,0.48846638,1
112671,0,0,0.11757212,1
112672,1,1,0.99999857,1
112673,0,1,0.5549529,0
112674,0,0,0.012821213,1
112675,1,1,0.99999964,1
112676,1,1,0.9999999,1
112677,0,1,0.8559716,0
112678,1,1,0.97331697,1
112679,0,0,0.12619172,1
112680,0,1,0.38185325,0
112681,0,0,0.13375428,1
112682,0,1,0.8834373,0
112683,0,1,0.9972584,0
112684,1,1,0.9999989,1
112685,1,1,0.99991345,1
112686,1,1,0.9998957,1
112687,0,0,0.14493375,1
112688,1,1,0.9999999,1
112689,0,1,0.47186205,0
112690,0,0,0.2220247,1
112691,1,1,0.9884919,1
112692,0,1,0.66589963,0
112693,1,0,0.15077755,0
112694,1,1,0.59966093,1
112695,0,0,0.33856905,1
112696,1,1,0.9999815,1
112697,1,1,1.0,1
112698,1,1,0.9870046,1
112699,0,0,0.13296424,1
112700,0,1,0.41875634,0
112701,0,0,0.001032231,1
112702,1,1,0.9759694,1
112703,0,1,0.9548583,0
112704,1,0,0.09276993,0
112705,0,0,0.2162597,1
112706,0,1,1.0,0
112707,0,0,0.14134066,1
112708,1,1,1.0,1
112709,1,0,0.17838266,0
112710,1,1,1.0,1
112711,1,1,0.9213576,1
112712,0,1,0.99719363,0
112713,1,0,0.1579794,0
112714,0,0,0.015043661,1
112715,1,0,0.025687134,0
112716,0,1,0.6191259,0
112717,1,0,0.036049988,0
112718,0,1,0.83999664,0
112719,1,0,0.05770532,0
112720,0,1,0.96472245,0
112721,1,1,0.9999964,1
112722,1,1,0.9986249,1
112723,1,1,0.9955835,1
112724,0,1,0.61410475,0
112725,1,0,0.08487122,0
112726,0,0,0.12781584,1
112727,0,1,0.99624926,0
112728,1,1,0.99991715,1
112729,1,0,0.01757688,0
112730,0,0,0.014447853,1
112731,1,1,0.99889696,1
112732,1,1,0.9620006,1
112733,1,1,0.9240048,1
112734,0,1,0.9997137,0
112735,1,1,0.99085677,1
112736,0,1,0.9936241,0
112737,0,1,0.4623213,0
112738,0,1,0.38693717,0
112739,1,1,0.99802387,1
112740,0,1,0.3987576,0
112741,0,0,0.16721867,1
112742,1,0,0.044973567,0
112743,1,1,0.99992216,1
112744,1,0,0.036562506,0
112745,1,0,0.27639747,0
112746,0,0,0.09859886,1
112747,1,1,0.99968374,1
112748,1,1,1.0,1
112749,1,1,0.971537,1
112750,1,1,0.44791308,1
112751,1,1,0.9992461,1
112752,0,1,0.51141155,0
112753,0,1,0.83960253,0
112754,0,1,0.9993162,0
112755,1,1,0.8891444,1
112756,1,1,0.87674,1
112757,1,1,0.99729556,1
112758,0,0,0.059047263,1
112759,0,0,0.22253114,1
112760,1,1,0.94197524,1
112761,1,1,0.9999974,1
112762,0,1,1.0,0
112763,1,1,0.9999999,1
112764,1,0,0.04177388,0
112765,1,1,0.9828068,1
112766,0,1,0.98527133,0
112767,1,1,0.99984884,1
112768,1,0,0.04410091,0
112769,0,0,0.24571796,1
112770,1,1,0.994729,1
112771,0,1,0.9734181,0
112772,1,1,0.852199,1
112773,1,1,0.3840455,1
112774,0,1,0.99999833,0
112775,0,0,0.2757144,1
112776,1,1,0.9651191,1
112777,1,1,0.99999654,1
112778,1,0,0.14139993,0
112779,0,1,0.90200704,0
112780,1,1,0.99990535,1
112781,1,1,0.9999398,1
112782,0,1,1.0,0
112783,0,1,0.6699068,0
112784,0,0,0.12759827,1
112785,1,1,1.0,1
112786,1,1,1.0,1
112787,1,1,0.9234544,1
112788,0,1,0.6620321,0
112789,0,1,0.4370124,0
112790,1,1,0.99999785,1
112791,0,1,0.7210562,0
112792,0,0,0.22084618,1
112793,0,0,0.039601684,1
112794,1,0,0.07024005,0
112795,0,0,0.0921145,1
112796,0,0,0.10402136,1
112797,1,0,0.29777616,0
112798,1,1,0.967256,1
112799,1,1,0.9891606,1
112800,0,0,0.33198544,1
112801,1,1,0.5290201,1
112802,0,0,0.0021869745,1
112803,1,1,0.9876401,1
112804,1,1,1.0,1
112805,0,1,0.9997974,0
112806,1,1,0.8926561,1
112807,1,1,0.37625065,1
112808,1,1,0.96185756,1
112809,1,1,1.0,1
112810,0,0,0.023308529,1
112811,0,0,0.054399315,1
112812,0,0,0.16525607,1
112813,1,1,0.76268935,1
112814,1,0,0.05198967,0
112815,0,0,0.1513411,1
112816,0,0,0.24202642,1
112817,1,1,1.0,1
112818,1,1,0.9999695,1
112819,0,0,0.07524433,1
112820,1,1,0.9999994,1
112821,1,0,0.27747297,0
112822,0,1,0.3866766,0
112823,0,1,0.5822535,0
112824,1,1,0.87212974,1
112825,1,1,0.90747637,1
112826,0,0,0.17567943,1
112827,0,0,0.08850466,1
112828,1,1,0.7857199,1
112829,0,0,0.2580454,1
112830,1,1,0.5526,1
112831,0,1,0.94853723,0
112832,1,1,1.0,1
112833,0,0,0.053551625,1
112834,0,1,0.99910307,0
112835,0,0,0.069604956,1
112836,1,1,0.9999726,1
112837,0,1,0.96131647,0
112838,0,1,0.99960726,0
112839,1,0,0.18484107,0
112840,1,0,0.098079324,0
112841,1,0,0.3506993,0
112842,0,0,0.3227928,1
112843,0,0,0.059921406,1
112844,1,1,1.0,1
112845,1,0,0.28537196,0
112846,1,0,0.11757212,0
112847,1,1,0.9670699,1
112848,0,1,0.9997063,0
112849,1,1,0.9395816,1
112850,1,1,0.8899121,1
112851,1,1,0.9992792,1
112852,0,1,0.99992037,0
112853,1,0,0.08079154,0
112854,1,1,0.9998591,1
112855,1,1,0.97917557,1
112856,1,1,0.44420308,1
112857,1,1,0.99958676,1
112858,0,0,0.02876159,1
112859,0,0,0.27076936,1
112860,0,0,0.03179867,1
112861,1,1,0.45692468,1
112862,1,1,1.0,1
112863,1,0,0.046638034,0
112864,1,0,0.054399315,0
112865,0,0,0.014392336,1
112866,0,0,0.02824778,1
112867,1,1,0.8668104,1
112868,1,1,0.66492116,1
112869,1,1,0.9999443,1
112870,1,1,0.98337495,1
112871,1,0,0.32311305,0
112872,1,1,1.0,1
112873,1,1,0.8844391,1
112874,0,1,0.9992022,0
112875,1,0,0.13951358,0
112876,0,0,0.18550415,1
112877,0,0,0.032992378,1
112878,1,1,0.41602537,1
112879,0,1,0.35633466,0
112880,0,1,0.9962638,0
112881,1,0,0.007489624,0
112882,1,0,0.04328485,0
112883,1,0,0.10026027,0
112884,1,1,0.99999714,1
112885,0,0,0.23660442,1
112886,0,0,0.054600604,1
112887,0,0,0.029816542,1
112888,1,1,0.9999691,1
112889,1,0,0.083890386,0
112890,0,0,0.0035312066,1
112891,1,0,0.04146227,0
112892,1,1,0.4527779,1
112893,0,0,0.2642634,1
112894,1,1,0.9999924,1
112895,1,1,0.99999475,1
112896,0,0,0.027014792,1
112897,0,1,0.52768165,0
112898,1,1,0.95068645,1
112899,1,1,0.9676251,1
112900,0,1,0.6156079,0
112901,1,1,1.0,1
112902,0,0,0.32231262,1
112903,1,0,0.18097351,0
112904,0,1,0.9999733,0
112905,1,0,0.1813357,0
112906,1,1,0.9885804,1
112907,1,1,1.0,1
112908,1,1,0.4639603,1
112909,1,1,0.38139236,1
112910,1,1,0.9953725,1
112911,1,1,1.0,1
112912,0,0,0.08464396,1
112913,0,1,0.99998486,0
112914,1,1,0.9980544,1
112915,1,1,0.9999682,1
112916,1,0,0.1754674,0
112917,1,1,0.9999651,1
112918,0,0,0.20157737,1
112919,0,1,0.95150405,0
112920,0,0,0.011530388,1
112921,0,1,0.7253083,0
112922,1,1,0.9714829,1
112923,0,0,0.17009403,1
112924,1,1,0.9890765,1
112925,1,1,0.98279023,1
112926,0,0,0.31864414,1
112927,0,0,0.23431903,1
112928,1,1,0.9999988,1
112929,1,1,0.99940586,1
112930,1,0,0.031261913,0
112931,0,0,0.16257937,1
112932,1,1,0.9882222,1
112933,1,1,1.0,1
112934,1,1,0.9999919,1
112935,1,1,0.78464925,1
112936,0,0,0.034782395,1
112937,1,1,0.9843664,1
112938,1,1,0.70715195,1
112939,1,1,0.9705485,1
112940,0,1,0.62377805,0
112941,0,0,0.07592667,1
112942,1,1,0.99985576,1
112943,1,1,0.6733528,1
112944,1,1,0.99839276,1
112945,1,1,0.9999311,1
112946,0,0,0.05098815,1
112947,0,0,0.32305968,1
112948,0,1,0.7981081,0
112949,0,0,0.12967801,1
112950,1,1,0.99999475,1
112951,1,1,0.8478418,1
112952,0,0,0.0726367,1
112953,0,1,0.99999464,0
112954,1,1,0.9999999,1
112955,1,1,0.9999999,1
112956,1,1,0.99977654,1
112957,1,1,0.87450653,1
112958,0,0,0.077447854,1
112959,1,1,0.9894907,1
112960,1,1,1.0,1
112961,1,1,1.0,1
112962,0,0,0.08291986,1
112963,1,1,0.99860066,1
112964,1,1,0.75292206,1
112965,0,1,0.7687332,0
112966,1,1,0.53376204,1
112967,0,0,0.035544395,1
112968,1,1,0.9996561,1
112969,1,1,1.0,1
112970,0,0,0.24256429,1
112971,0,1,0.9014011,0
112972,1,1,1.0,1
112973,1,0,0.20874292,0
112974,1,1,0.9999584,1
112975,0,1,0.41403973,0
112976,1,1,0.99999845,1
112977,1,1,0.9986356,1
112978,1,1,0.9999995,1
112979,1,1,0.9923341,1
112980,0,1,0.56997234,0
112981,1,1,0.9999932,1
112982,1,1,1.0,1
112983,0,0,0.25711167,1
112984,0,0,0.17258981,1
112985,1,1,1.0,1
112986,1,1,0.961171,1
112987,1,1,0.6519645,1
112988,1,1,0.366023,1
112989,1,1,0.99976677,1
112990,0,1,0.9871044,0
112991,0,0,0.18713267,1
112992,1,1,0.7407374,1
112993,0,0,0.20481862,1
112994,1,1,0.999902,1
112995,1,1,0.9999863,1
112996,0,1,0.9999963,0
112997,0,0,0.26029545,1
112998,1,1,0.9999937,1
112999,1,1,0.71814984,1
113000,1,1,0.45392743,1
113001,0,0,0.08411581,1
113002,0,1,0.71775436,0
113003,1,1,0.99999964,1
113004,0,0,0.058185086,1
113005,0,1,0.9370381,0
113006,1,1,0.85318035,1
113007,0,1,0.46168417,0
113008,0,0,0.1098012,1
113009,1,1,0.99518895,1
113010,0,1,0.9733675,0
113011,0,1,0.95362186,0
113012,0,0,0.076683804,1
113013,1,1,1.0,1
113014,1,1,0.9959771,1
113015,0,1,0.93880075,0
113016,1,1,0.99999595,1
113017,0,1,0.9999956,0
113018,0,0,0.29589072,1
113019,1,1,1.0,1
113020,1,1,0.99852496,1
113021,0,1,0.97275317,0
113022,1,1,0.87439936,1
113023,0,1,0.71913713,0
113024,1,1,0.9999906,1
113025,1,1,0.7043636,1
113026,1,1,0.99988365,1
113027,1,1,0.9180404,1
113028,1,1,0.9447403,1
113029,0,1,0.45971277,0
113030,1,1,1.0,1
113031,1,1,0.5922539,1
113032,1,1,0.79613405,1
113033,0,0,0.035745807,1
113034,0,1,0.99999774,0
113035,1,1,0.99981767,1
113036,1,1,0.99509466,1
113037,1,0,0.027246773,0
113038,0,1,0.9993869,0
113039,0,1,0.9999975,0
113040,0,1,0.6910284,0
113041,0,0,0.27727723,1
113042,1,1,1.0,1
113043,1,1,0.8937739,1
113044,1,0,0.2608599,0
113045,0,0,0.34350687,1
113046,0,1,0.41099268,0
113047,0,0,0.041578867,1
113048,1,1,1.0,1
113049,0,1,0.5798763,0
113050,1,1,0.99997425,1
113051,1,1,0.82866174,1
113052,0,0,0.06742378,1
113053,0,1,0.9783226,0
113054,1,1,0.99897975,1
113055,0,0,0.26798248,1
113056,0,1,0.99979013,0
113057,0,0,0.066751465,1
113058,0,0,0.009072807,1
113059,1,1,0.42423308,1
113060,0,1,0.6930057,0
113061,1,1,1.0,1
113062,1,0,0.00030654366,0
113063,1,1,0.9999987,1
113064,0,0,0.31943977,1
113065,1,1,1.0,1
113066,1,1,0.8493474,1
113067,1,1,1.0,1
113068,1,1,0.49432397,1
113069,1,1,1.0,1
113070,1,1,0.8505928,1
113071,1,1,0.9920773,1
113072,0,1,0.78473175,0
113073,1,1,0.9999999,1
113074,0,1,0.9995479,0
113075,1,1,0.9861514,1
113076,1,1,0.7096735,1
113077,0,0,0.15002882,1
113078,1,1,1.0,1
113079,1,0,0.06365676,0
113080,0,1,0.99999976,0
113081,0,0,0.06255973,1
113082,0,0,0.11526177,1
113083,1,1,0.9999707,1
113084,0,1,0.82615143,0
113085,1,1,0.9999999,1
113086,0,1,0.9999999,0
113087,1,1,0.9700703,1
113088,0,1,0.94966936,0
113089,1,1,0.99936754,1
113090,1,1,0.47088867,1
113091,1,1,1.0,1
113092,1,1,0.35181195,1
113093,1,1,0.99818975,1
113094,1,1,0.6440572,1
113095,0,0,0.13150749,1
113096,1,1,1.0,1
113097,0,0,0.30663085,1
113098,1,1,1.0,1
113099,0,0,0.018352037,1
113100,0,1,0.9999933,0
113101,1,1,0.974893,1
113102,0,0,0.28056708,1
113103,1,1,0.99509466,1
113104,1,1,0.99999666,1
113105,1,1,1.0,1
113106,0,0,0.036254164,1
113107,1,1,1.0,1
113108,0,0,0.06489012,1
113109,0,0,0.2973679,1
113110,1,0,0.30657893,0
113111,1,0,0.12090512,0
113112,1,1,0.999984,1
113113,0,0,0.095433734,1
113114,0,1,0.8581252,0
113115,1,1,0.9999876,1
113116,0,0,0.12619172,1
113117,1,1,0.9999999,1
113118,0,0,0.17252009,1
113119,1,1,0.99999857,1
113120,1,1,0.8722386,1
113121,0,1,0.87525487,0
113122,1,1,0.938576,1
113123,0,1,0.97455615,0
113124,0,0,0.06572467,1
113125,0,0,0.3193336,1
113126,1,1,0.59136933,1
113127,1,1,0.9920773,1
113128,0,1,0.999866,0
113129,1,1,1.0,1
113130,0,0,0.016246215,1
113131,1,1,0.8342719,1
113132,0,0,0.037256766,1
113133,1,0,0.161717,0
113134,1,0,0.25118822,0
113135,1,0,0.0586686,0
113136,1,1,1.0,1
113137,0,1,0.35504776,0
113138,1,1,0.37433314,1
113139,1,1,1.0,1
113140,1,1,0.99995697,1
113141,1,1,0.99999714,1
113142,1,0,0.06170614,0
113143,1,1,0.9999479,1
113144,1,1,0.99977833,1
113145,1,0,0.09033343,0
113146,0,0,0.008594111,1
113147,1,0,0.05079946,0
113148,0,0,0.0094125895,1
113149,0,0,0.09696201,1
113150,1,1,0.99416876,1
113151,0,0,0.014475689,1
113152,0,1,0.8454327,0
113153,1,0,0.2043419,0
113154,0,0,0.16451645,1
113155,0,0,0.1377643,1
113156,0,1,0.70451605,0
113157,1,1,0.59649193,1
113158,0,0,0.19736712,1
113159,0,1,0.7204667,0
113160,1,1,0.99992394,1
113161,1,0,0.26095405,0
113162,0,0,0.25935638,1
113163,1,1,0.999979,1
113164,0,1,0.96888566,0
113165,1,1,0.96969944,1
113166,0,0,0.2948745,1
113167,0,0,0.16926852,1
113168,0,1,0.99808073,0
113169,0,0,0.091382094,1
113170,1,1,0.65118855,1
113171,1,1,0.9566747,1
113172,1,1,1.0,1
113173,1,1,0.9929061,1
113174,1,1,1.0,1
113175,1,1,0.9999974,1
113176,0,1,0.92064714,0
113177,1,1,0.6241217,1
113178,0,1,0.85693204,0
113179,1,1,0.9997527,1
113180,1,1,0.99419135,1
113181,1,0,0.061932698,0
113182,0,1,0.99975556,0
113183,1,0,0.30368015,0
113184,1,1,0.7289413,1
113185,0,0,0.23502058,1
113186,1,1,0.999884,1
113187,0,1,0.9998666,0
113188,1,1,0.99960726,1
113189,0,0,0.23633994,1
113190,0,1,0.35337245,0
113191,0,1,0.36158732,0
113192,1,1,0.9218515,1
113193,1,1,0.99998665,1
113194,1,1,1.0,1
113195,0,1,0.76506716,0
113196,0,1,0.5771975,0
113197,1,1,0.9781146,1
113198,1,1,1.0,1
113199,1,1,0.5542292,1
113200,0,0,0.18432663,1
113201,0,1,0.9189906,0
113202,1,1,0.9999974,1
113203,0,0,0.111724876,1
113204,0,1,0.817283,0
113205,0,0,0.05170164,1
113206,0,0,0.020784607,1
113207,0,0,0.08093672,1
113208,0,1,0.95945925,0
113209,0,0,0.083142914,1
113210,1,1,1.0,1
113211,0,0,0.09426001,1
113212,1,1,0.78274554,1
113213,0,0,0.19125213,1
113214,1,1,0.9999999,1
113215,1,1,0.99999344,1
113216,0,1,0.500885,0
113217,1,1,0.51604676,1
113218,1,1,0.9437636,1
113219,0,0,0.12890846,1
113220,1,1,0.71582144,1
113221,0,1,0.6070227,0
113222,1,1,0.9999999,1
113223,1,1,0.99999964,1
113224,1,0,0.09293445,0
113225,1,1,0.60929173,1
113226,1,1,0.9859093,1
113227,1,1,1.0,1
113228,0,1,0.99596137,0
113229,0,1,0.76454026,0
113230,1,1,0.9999138,1
113231,1,1,0.9996057,1
113232,1,0,0.22815649,0
113233,1,1,0.966156,1
113234,1,1,0.80882335,1
113235,1,1,1.0,1
113236,0,0,0.018387254,1
113237,0,0,0.035880692,1
113238,1,1,0.98749614,1
113239,0,1,0.7745834,0
113240,0,1,0.39989954,0
113241,0,0,0.22210902,1
113242,0,0,0.11910043,1
113243,0,1,0.9147487,0
113244,1,1,0.9939261,1
113245,0,1,0.99958676,0
113246,1,1,0.83359575,1
113247,1,1,0.9997843,1
113248,1,1,0.89010334,1
113249,1,1,0.5799952,1
113250,1,0,0.07978202,0
113251,0,1,0.99762183,0
113252,1,1,0.9983158,1
113253,1,1,0.9997851,1
113254,1,1,0.9429286,1
113255,0,1,0.9965837,0
113256,0,1,0.35460067,0
113257,1,1,0.8253083,1
113258,1,1,0.9999994,1
113259,0,0,0.01750956,1
113260,1,1,0.9328214,1
113261,1,0,0.26095405,0
113262,0,0,0.039084956,1
113263,1,1,0.9999367,1
113264,1,1,1.0,1
113265,1,1,0.9961306,1
113266,0,0,0.24238493,1
113267,0,1,0.4665114,0
113268,0,1,0.9967963,0
113269,1,0,0.07999737,0
113270,1,1,1.0,1
113271,1,0,0.14718705,0
113272,0,0,0.11250255,1
113273,0,0,0.12163357,1
113274,0,1,0.7505527,0
113275,0,1,0.37616467,0
113276,0,1,0.9161096,0
113277,1,1,1.0,1
113278,1,1,1.0,1
113279,1,1,0.99998724,1
113280,1,1,0.99584997,1
113281,1,1,1.0,1
113282,1,1,0.99869555,1
113283,0,0,0.06785488,1
113284,1,1,0.9999999,1
113285,0,1,0.3739044,0
113286,1,1,1.0,1
113287,0,0,0.18010665,1
113288,1,1,0.6178009,1
113289,1,1,0.99977916,1
113290,1,1,0.9982317,1
113291,1,1,0.9999982,1
113292,1,1,0.99995995,1
113293,1,1,0.46803072,1
113294,0,0,0.1261379,1
113295,0,1,0.99248135,0
113296,1,1,0.9993625,1
113297,1,1,1.0,1
113298,1,1,0.99884856,1
113299,1,1,0.99898773,1
113300,1,1,0.7049733,1
113301,1,1,1.0,1
113302,0,0,0.099820666,1
113303,1,0,0.32114056,0
113304,0,0,0.23961616,1
113305,0,0,0.17745425,1
113306,1,1,0.55760443,1
113307,1,1,0.9990434,1
113308,0,1,0.9913892,0
113309,0,1,0.481271,0
113310,0,0,0.009596454,1
113311,1,1,1.0,1
113312,0,1,0.9979652,0
113313,1,1,0.9999937,1
113314,0,1,0.99998975,0
113315,0,1,0.996503,0
113316,1,1,1.0,1
113317,0,0,0.082549304,1
113318,1,1,1.0,1
113319,1,0,0.022672437,0
113320,1,1,0.9999844,1
113321,0,0,0.04410091,1
113322,0,0,0.028571244,1
113323,1,1,0.9645559,1
113324,1,1,1.0,1
113325,1,1,0.99999523,1
113326,1,1,0.9974491,1
113327,1,1,0.7740714,1
113328,0,0,0.0017409836,1
113329,1,1,0.9999999,1
113330,0,0,0.058722552,1
113331,0,1,0.86703575,0
113332,1,1,0.7226738,1
113333,0,1,0.7614498,0
113334,1,1,0.96992815,1
113335,1,1,0.99998665,1
113336,0,1,0.79581684,0
113337,1,0,0.15863001,0
113338,1,0,0.17724052,0
113339,1,0,0.1375904,0
113340,0,1,0.9302051,0
113341,1,0,0.25590113,0
113342,1,1,0.99995375,1
113343,0,0,0.20721471,1
113344,0,1,0.8253083,0
113345,1,1,0.41655925,1
113346,0,1,0.9964825,0
113347,0,0,0.19329962,1
113348,0,1,0.55543524,0
113349,0,1,0.9993255,0
113350,1,1,0.9993411,1
113351,1,1,0.9996018,1
113352,1,1,1.0,1
113353,0,0,0.19868535,1
113354,1,1,0.99999857,1
113355,1,1,1.0,1
113356,0,0,0.027901374,1
113357,1,1,0.99994373,1
113358,1,1,0.9999696,1
113359,0,0,0.063714996,1
113360,1,1,1.0,1
113361,0,1,0.39913812,0
113362,1,1,0.99242276,1
113363,1,1,0.6215983,1
113364,0,0,0.11230769,1
113365,1,1,0.8828326,1
113366,1,1,0.99986756,1
113367,0,0,0.13189834,1
113368,1,1,0.99968314,1
113369,0,0,0.32885265,1
113370,0,1,0.82161736,0
113371,0,0,0.2986959,1
113372,1,1,0.5050047,1
113373,1,1,0.70937157,1
113374,0,0,0.036322463,1
113375,1,1,0.9999908,1
113376,1,1,0.99999464,1
113377,1,1,1.0,1
113378,1,1,0.9996983,1
113379,1,0,0.017325716,0
113380,1,1,0.9999999,1
113381,0,0,0.03330537,1
113382,1,1,1.0,1
113383,0,1,0.9926967,0
113384,1,1,0.9675024,1
113385,1,1,0.9999999,1
113386,0,0,0.02176037,1
113387,0,0,0.0038393948,1
113388,1,1,0.9995035,1
113389,1,1,0.3690308,1
113390,1,1,0.9998253,1
113391,1,1,0.9186264,1
113392,1,1,0.9999999,1
113393,1,0,0.20963144,0
113394,1,1,1.0,1
113395,1,1,0.8733229,1
113396,1,1,0.9999993,1
113397,1,1,0.9999654,1
113398,0,0,0.014117893,1
113399,0,1,0.7298087,0
113400,1,1,0.9998952,1
113401,0,0,0.24499467,1
113402,1,1,1.0,1
113403,1,0,0.023644341,0
113404,1,1,0.995523,1
113405,0,1,0.9810037,0
113406,0,0,0.14402843,1
113407,1,1,0.99996996,1
113408,1,1,0.998835,1
113409,1,1,0.4782547,1
113410,1,1,0.9999989,1
113411,0,0,0.2056948,1
113412,0,1,0.95606345,0
113413,1,0,0.12210386,0
113414,1,1,1.0,1
113415,0,1,0.9561454,0
113416,0,0,0.015998371,1
113417,0,0,0.16518871,1
113418,0,1,0.5024414,0
113419,1,1,0.99242276,1
113420,0,0,0.09097748,1
113421,0,1,0.99999845,0
113422,1,0,0.03897507,0
113423,1,1,0.9996953,1
113424,1,1,0.59302014,1
113425,1,0,0.0815929,0
113426,1,1,0.94433105,1
113427,1,1,1.0,1
113428,0,1,0.9989454,0
113429,0,0,0.023487044,1
113430,0,1,0.7530129,0
113431,0,1,0.99541724,0
113432,0,1,0.99999976,0
113433,0,0,0.022350112,1
113434,0,0,0.105210535,1
113435,0,0,0.25795195,1
113436,0,1,0.6091173,0
113437,0,1,0.9999994,0
113438,0,0,0.007190812,1
113439,1,1,0.9999676,1
113440,1,1,0.98102194,1
113441,0,1,0.99995077,0
113442,0,1,0.5122046,0
113443,0,1,0.63096917,0
113444,1,1,0.9970536,1
113445,0,1,0.6917577,0
113446,1,1,0.9424538,1
113447,0,0,0.042882238,1
113448,1,1,0.5560983,1
113449,0,0,0.09001297,1
113450,1,0,0.015875846,0
113451,1,1,0.9999987,1
113452,1,1,0.998784,1
113453,0,1,0.8701566,0
113454,0,0,0.22807053,1
113455,1,1,0.9999994,1
113456,0,1,0.6176856,0
113457,1,1,0.99999976,1
113458,0,0,0.05098815,1
113459,0,1,0.71992546,0
113460,0,0,0.11976799,1
113461,0,1,0.8680457,0
113462,1,1,0.54177254,1
113463,1,1,0.99920374,1
113464,0,1,0.72056496,0
113465,1,1,0.9999968,1
113466,1,1,0.9989077,1
113467,1,1,1.0,1
113468,1,1,1.0,1
113469,1,0,0.083441176,0
113470,1,1,1.0,1
113471,0,0,0.17419945,1
113472,1,1,0.99999213,1
113473,1,0,0.026081098,0
113474,1,1,0.9989936,1
113475,1,1,0.99916553,1
113476,0,0,0.20874292,1
113477,1,1,0.973519,1
113478,0,1,0.6432733,0
113479,1,0,0.20442131,0
113480,0,0,0.04518376,1
113481,0,0,0.029008126,1
113482,0,0,0.032682236,1
113483,1,1,0.9999993,1
113484,0,0,0.07316472,1
113485,1,0,0.07578975,0
113486,1,1,1.0,1
113487,0,0,0.2033909,1
113488,0,1,0.93880075,0
113489,0,1,0.99711037,0
113490,1,1,0.9999999,1
113491,1,1,0.9999962,1
113492,0,1,0.5094593,0
113493,0,0,0.065545,1
113494,0,1,0.37782758,0
113495,1,1,0.7370162,1
113496,1,1,0.9700419,1
113497,0,0,0.036873367,1
113498,1,0,0.14027737,0
113499,0,0,0.12754393,1
113500,1,1,0.9368073,1
113501,0,1,0.9026096,0
113502,0,1,0.57755494,0
113503,1,1,0.9999641,1
113504,1,0,0.033812117,0
113505,1,1,0.9994461,1
113506,1,0,0.011353655,0
113507,1,1,0.9263037,1
113508,0,1,0.8520759,0
113509,0,0,0.10818896,1
113510,1,1,0.982591,1
113511,1,1,0.99999976,1
113512,1,0,0.024307016,0
113513,0,0,0.021594688,1
113514,0,0,0.16708273,1
113515,1,1,0.99999976,1
113516,1,1,0.9999999,1
113517,1,1,0.99997675,1
113518,1,1,0.99999774,1
113519,1,1,0.88700897,1
113520,0,1,0.89823216,0
113521,1,1,0.99999976,1
113522,1,0,0.09484525,0
113523,0,0,0.30761793,1
113524,1,1,0.5868188,1
113525,0,0,0.06687324,1
113526,0,0,0.03521114,1
113527,1,1,1.0,1
113528,1,1,0.5251253,1
113529,0,1,0.5810654,0
113530,0,0,0.03378023,1
113531,1,1,0.4651749,1
113532,1,1,0.9993625,1
113533,0,0,0.008627458,1
113534,0,0,0.07349652,1
113535,0,1,0.9571178,0
113536,0,0,0.16606593,1
113537,0,0,0.24571796,1
113538,1,1,0.99999416,1
113539,1,0,0.037821285,0
113540,1,0,0.22084618,0
113541,1,0,0.063540444,0
113542,0,1,0.5126316,0
113543,0,1,0.96242666,0
113544,0,0,0.07531231,1
113545,1,0,0.32002386,0
113546,1,1,0.8039445,1
113547,0,0,0.03919513,1
113548,1,1,0.99999213,1
113549,0,0,0.050424065,1
113550,0,0,0.05970174,1
113551,1,0,0.036665846,0
113552,0,0,0.01533582,1
113553,1,0,0.04505753,0
113554,1,1,0.7586,1
113555,1,1,0.98844737,1
113556,0,1,0.9069832,0
113557,1,1,1.0,1
113558,1,1,0.9900636,1
113559,1,0,0.023984872,0
113560,1,1,0.99986064,1
113561,1,1,0.9999993,1
113562,1,1,0.99881446,1
113563,1,0,0.20244318,0
113564,0,0,0.16885696,1
113565,1,1,0.99999976,1
113566,1,1,0.997399,1
113567,0,0,0.0553617,1
113568,1,0,0.04611975,0
113569,1,1,0.9999932,1
113570,0,0,0.20577459,1
113571,0,1,0.9997063,0
113572,0,0,0.034979645,1
113573,1,0,0.3287449,0
113574,0,1,0.99972516,0
113575,0,0,0.29971972,1
113576,0,0,0.09679113,1
113577,0,1,0.9935993,0
113578,1,0,0.17709816,0
113579,1,1,0.6091173,1
113580,1,1,1.0,1
113581,0,1,0.9780727,0
113582,0,1,0.99856746,0
113583,1,1,0.99999917,1
113584,1,1,0.8576489,1
113585,1,1,1.0,1
113586,1,1,0.87418467,1
113587,0,0,0.25851312,1
113588,1,1,0.9908213,1
113589,1,1,0.99974686,1
113590,0,0,0.07779745,1
113591,1,0,0.00082153385,0
113592,0,0,0.2694217,1
113593,1,1,1.0,1
113594,1,1,0.94138527,1
113595,0,0,0.009596454,1
113596,0,0,0.081154905,1
113597,1,0,0.29665428,0
113598,1,1,0.7091702,1
113599,0,0,0.11018359,1
113600,1,1,0.999652,1
113601,0,0,0.11377637,1
113602,1,1,0.99991906,1
113603,0,0,0.32423538,1
113604,0,0,0.19238758,1
113605,1,1,0.9991672,1
113606,0,1,0.9915052,0
113607,1,1,0.9999294,1
113608,0,1,0.8797679,0
113609,1,1,0.999982,1
113610,0,0,0.23607564,1
113611,1,1,0.49865723,1
113612,1,1,0.99600047,1
113613,1,1,1.0,1
113614,1,1,1.0,1
113615,0,1,0.45810625,0
113616,1,0,0.18417984,0
113617,1,1,0.9995461,1
113618,1,1,0.96929514,1
113619,0,0,0.03173859,1
113620,1,0,0.19147882,0
113621,1,1,0.9871788,1
113622,1,1,1.0,1
113623,1,1,0.4141286,1
113624,1,1,0.99999976,1
113625,1,1,0.99998987,1
113626,0,0,0.27963173,1
113627,1,1,1.0,1
113628,0,0,0.011179601,1
113629,1,1,0.82796735,1
113630,1,1,0.9998752,1
113631,0,1,0.9032942,0
113632,1,1,0.9997398,1
113633,1,1,0.99984026,1
113634,0,1,0.99999154,0
113635,0,1,0.6079541,0
113636,1,1,1.0,1
113637,0,1,0.6071392,0
113638,1,0,0.084040605,0
113639,1,1,1.0,1
113640,0,1,0.974018,0
113641,1,0,0.25045422,0
113642,1,1,0.9999993,1
113643,1,1,0.6021786,1
113644,1,1,0.999995,1
113645,1,1,1.0,1
113646,0,0,0.15335886,1
113647,1,1,0.99744415,1
113648,0,1,0.8952483,0
113649,0,1,0.94772077,0
113650,1,1,0.99998856,1
113651,1,1,1.0,1
113652,1,1,0.9999926,1
113653,0,0,0.33290654,1
113654,1,1,0.81960475,1
113655,0,0,0.035444103,1
113656,0,0,0.020312909,1
113657,0,1,0.5974905,0
113658,1,1,0.9996437,1
113659,1,1,0.7876863,1
113660,1,1,0.99999225,1
113661,0,0,0.037644,1
113662,0,0,0.008061991,1
113663,0,0,0.3025456,1
113664,0,1,0.999998,0
113665,0,1,0.99991417,0
113666,0,1,0.99053264,0
113667,0,0,0.12469186,1
113668,1,1,0.9964342,1
113669,1,1,0.9739189,1
113670,1,0,0.006265534,0
113671,0,1,0.81582016,0
113672,0,1,0.43944663,0
113673,0,1,0.4634139,0
113674,0,0,0.15304215,1
113675,0,0,0.16810448,1
113676,1,0,0.006326631,0
113677,1,1,0.99999356,1
113678,0,0,0.3149453,1
113679,1,1,0.9891606,1
113680,1,1,0.9983321,1
113681,1,1,0.36959946,1
113682,1,1,0.99165195,1
113683,0,1,0.9981756,0
113684,1,0,0.14033626,0
113685,0,1,0.9988796,0
113686,1,1,1.0,1
113687,1,1,0.5730812,1
113688,1,1,0.4860266,1
113689,0,0,0.09903369,1
113690,0,1,0.5352199,0
113691,0,1,0.9465967,0
113692,0,1,0.879043,0
113693,1,0,0.102484226,0
113694,0,1,0.9999584,0
113695,1,1,0.9468921,1
113696,0,0,0.19884089,1
113697,1,1,0.9999292,1
113698,0,0,0.041539967,1
113699,1,1,0.99373454,1
113700,0,0,0.19284318,1
113701,1,1,0.9999652,1
113702,1,1,0.9994461,1
113703,0,1,0.52561235,0
113704,0,0,0.020984296,1
113705,0,1,0.985663,0
113706,1,1,0.99999344,1
113707,1,1,0.7117816,1
113708,1,1,1.0,1
113709,1,1,0.9999788,1
113710,0,1,0.96858984,0
113711,0,1,0.625724,0
113712,1,1,0.5402569,1
113713,0,1,0.5132415,0
113714,0,1,0.9890343,0
113715,0,1,0.9053223,0
113716,1,1,0.9841851,1
113717,0,1,0.7888273,0
113718,0,1,1.0,0
113719,0,1,0.99947566,0
113720,1,0,0.033812117,0
113721,0,0,0.010189338,1
113722,1,1,0.5691942,1
113723,1,0,0.25506523,0
113724,1,1,0.9995819,1
113725,1,1,0.9995753,1
113726,0,0,0.080574244,1
113727,1,0,0.34698373,0
113728,0,0,0.04822634,1
113729,1,0,0.1705771,0
113730,1,1,0.5162296,1
113731,1,1,0.9999707,1
113732,0,0,0.21345916,1
113733,1,1,0.98089427,1
113734,1,0,0.027874898,0
113735,0,1,0.7213999,0
113736,1,1,1.0,1
113737,0,1,0.65924066,0
113738,0,0,0.23801847,1
113739,0,0,0.021267017,1
113740,0,0,0.301722,1
113741,0,1,0.9729595,0
113742,1,0,0.00040685755,0
113743,0,1,0.9730109,0
113744,0,0,0.003794834,1
113745,0,0,0.07323097,1
113746,1,1,0.78497905,1
113747,1,1,0.999984,1
113748,0,0,0.19132766,1
113749,0,0,0.1616508,1
113750,0,1,0.6151456,0
113751,1,1,0.9993724,1
113752,0,0,0.19452079,1
113753,1,1,0.9793738,1
113754,1,1,0.7622471,1
113755,1,1,0.9999237,1
113756,0,1,0.70395666,0
113757,0,0,0.034782395,1
113758,1,0,0.010169658,0
113759,1,1,0.3692298,1
113760,1,1,0.99941504,1
113761,1,1,0.94994867,1
113762,1,1,0.45971277,1
113763,1,1,0.9494823,1
113764,1,0,0.33296075,0
113765,0,0,0.11367794,1
113766,1,0,0.009358114,0
113767,1,1,0.999964,1
113768,0,1,0.84389514,0
113769,0,0,0.013096004,1
113770,1,1,1.0,1
113771,0,1,0.36817852,0
113772,0,0,0.28229508,1
113773,1,1,1.0,1
113774,1,1,0.9999999,1
113775,1,1,0.9999995,1
113776,1,0,0.11516222,0
113777,0,0,0.33268967,1
113778,1,1,0.9999999,1
113779,0,0,0.2667391,1
113780,1,0,0.03410043,0
113781,0,0,0.02094421,1
113782,0,0,0.1377643,1
113783,1,1,0.94024336,1
113784,0,0,0.12028373,1
113785,0,0,0.25954404,1
113786,0,1,0.39960662,0
113787,1,1,0.44209448,1
113788,0,1,0.37413305,0
113789,1,1,0.95888567,1
113790,0,1,0.37794238,0
113791,1,1,0.9999546,1
113792,1,1,0.6062071,1
113793,1,1,0.99977654,1
113794,0,0,0.13240233,1
113795,0,1,0.9998074,0
113796,0,0,0.06500874,1
113797,1,1,0.9026955,1
113798,1,1,0.9999703,1
113799,1,1,0.99997854,1
113800,1,1,0.48681945,1
113801,1,0,0.011179601,0
113802,1,1,0.9336126,1
113803,1,1,0.99999833,1
113804,1,1,0.8054792,1
113805,0,0,0.11018359,1
113806,0,1,0.9994374,0
113807,1,1,0.99997663,1
113808,1,0,0.1464531,0
113809,0,0,0.08616955,1
113810,0,0,0.13017482,1
113811,0,0,0.1500911,1
113812,1,1,0.9999999,1
113813,0,1,0.99999976,0
113814,0,0,0.03393996,1
113815,0,1,0.9957104,0
113816,1,1,0.99983585,1
113817,1,1,0.9995054,1
113818,1,0,0.33824104,0
113819,0,1,0.99940693,0
113820,1,1,0.9946878,1
113821,1,1,1.0,1
113822,1,1,0.9982692,1
113823,0,0,0.18817475,1
113824,0,1,0.86522406,0
113825,0,1,0.99999547,0
113826,1,1,0.9999815,1
113827,0,0,0.3311738,1
113828,1,1,0.8645393,1
113829,0,1,0.39770445,0
113830,1,1,0.99887747,1
113831,0,0,0.012194132,1
113832,1,1,1.0,1
113833,0,0,0.05623634,1
113834,1,1,0.99999857,1
113835,0,1,0.9999703,0
113836,0,0,0.25823247,1
113837,1,0,0.109087326,0
113838,1,1,0.9999956,1
113839,0,0,0.22815649,1
113840,1,1,0.9999958,1
113841,0,0,0.20204929,1
113842,1,0,0.11318691,0
113843,0,0,0.0043399334,1
113844,0,0,0.23118003,1
113845,1,1,1.0,1
113846,0,0,0.01046884,1
113847,0,0,0.14633106,1
113848,1,1,0.9673486,1
113849,0,1,0.9753196,0
113850,0,1,0.4996338,0
113851,1,0,0.090735495,0
113852,0,1,0.98279023,0
113853,0,0,0.0073173977,1
113854,1,1,0.6478539,1
113855,1,1,0.59960234,1
113856,1,1,0.99970347,1
113857,0,1,0.52409023,0
113858,0,0,0.12619172,1
113859,0,1,0.9999925,0
113860,0,0,0.07043161,1
113861,0,1,0.8981429,0
113862,1,0,0.03442355,0
113863,0,0,0.0028063871,1
113864,0,1,0.47828513,0
113865,1,1,0.9999974,1
113866,1,0,0.20173456,0
113867,1,1,0.99984396,1
113868,0,0,0.24589899,1
113869,0,1,0.9958175,0
113870,0,1,0.7025811,0
113871,0,0,0.1565557,1
113872,0,1,0.9265699,0
113873,1,1,0.9981433,1
113874,1,1,0.9999219,1
113875,1,1,0.9972531,1
113876,1,1,0.37107965,1
113877,0,1,0.80123687,0
113878,1,1,0.64248854,1
113879,1,1,0.99999595,1
113880,1,1,0.99999654,1
113881,1,1,0.9998691,1
113882,1,1,0.9999925,1
113883,1,1,0.96017486,1
113884,1,1,0.35214606,1
113885,0,0,0.13788034,1
113886,0,1,0.47371808,0
113887,1,1,0.999666,1
113888,0,0,0.031114377,1
113889,1,1,0.99997973,1
113890,0,0,0.16118816,1
113891,0,1,0.3560547,0
113892,1,1,0.9996526,1
113893,1,1,0.9998148,1
113894,0,1,0.9993424,0
113895,1,1,0.8926561,1
113896,0,1,0.99999976,0
113897,0,0,0.304145,1
113898,0,1,0.8680457,0
113899,1,1,0.9998965,1
113900,0,1,0.69868934,0
113901,0,1,0.53552353,0
113902,0,0,0.014643826,1
113903,0,1,0.9571178,0
113904,1,1,0.999936,1
113905,1,0,0.029367853,0
113906,0,0,0.19574778,1
113907,1,1,1.0,1
113908,1,1,0.85034436,1
113909,0,1,0.9666631,0
113910,1,1,0.99976677,1
113911,0,0,0.10079008,1
113912,0,1,0.9988991,0
113913,1,0,0.06064056,0
113914,1,1,0.99128854,1
113915,1,1,0.9795506,1
113916,0,0,0.09929539,1
113917,0,1,0.9933201,0
113918,1,1,0.8554893,1
113919,0,0,0.08359068,1
113920,0,1,0.9946878,0
113921,1,1,0.41406935,1
113922,1,1,0.9999745,1
113923,1,1,0.99999964,1
113924,1,1,0.99613816,1
113925,0,1,0.9952077,0
113926,0,1,0.9997154,0
113927,1,1,0.9998776,1
113928,1,1,0.99657035,1
113929,0,0,0.018457891,1
113930,0,1,0.91543174,0
113931,0,0,0.086323485,1
113932,0,1,0.3725623,0
113933,0,0,0.012194132,1
113934,0,0,0.07504072,1
113935,1,1,1.0,1
113936,1,1,0.9999999,1
113937,0,0,0.18742996,1
113938,1,1,0.997414,1
113939,1,0,0.09081609,0
113940,1,1,0.99973255,1
113941,0,0,0.05770532,1
113942,1,1,0.99972993,1
113943,1,1,0.99999344,1
113944,1,1,0.9999709,1
113945,0,1,0.89506495,0
113946,1,1,0.99999976,1
113947,1,1,0.9999995,1
113948,1,1,0.9670699,1
113949,1,1,1.0,1
113950,1,1,0.99997926,1
113951,1,1,1.0,1
113952,0,0,0.012264914,1
113953,0,0,0.03715183,1
113954,1,1,1.0,1
113955,0,0,0.2746431,1
113956,0,1,0.48258147,0
113957,1,1,0.96073127,1
113958,0,0,0.11289317,1
113959,0,1,0.9784877,0
113960,0,0,0.14098547,1
113961,0,1,0.99317604,0
113962,1,1,0.9999999,1
113963,1,1,0.9999678,1
113964,0,1,0.99997294,0
113965,1,1,1.0,1
113966,1,1,1.0,1
113967,0,1,0.65052277,0
113968,0,0,0.19337577,1
113969,1,1,1.0,1
113970,0,0,0.13161905,1
113971,0,0,0.0127472645,1
113972,0,1,0.3652303,0
113973,0,1,0.52013075,0
113974,0,0,0.065545,1
113975,0,0,0.05340333,1
113976,1,0,0.061255362,0
113977,1,0,0.29734242,0
113978,1,1,1.0,1
113979,1,1,0.99929583,1
113980,0,1,0.85669243,0
113981,0,1,0.9997818,0
113982,1,0,0.2247353,0
113983,1,0,0.15947905,0
113984,1,1,0.99994004,1
113985,1,1,0.99999976,1
113986,0,0,0.25655252,1
113987,0,1,0.5585678,0
113988,1,0,0.06136777,0
113989,1,1,0.99991655,1
113990,0,1,0.6031724,0
113991,1,1,1.0,1
113992,1,0,0.0038096302,0
113993,1,1,0.89912134,1
113994,1,1,0.99980134,1
113995,0,1,0.5062863,0
113996,1,1,0.99999917,1
113997,1,1,1.0,1
113998,1,1,0.9708264,1
113999,0,1,0.93749756,0
114000,0,0,0.15272596,1
114001,1,1,0.9977525,1
114002,0,0,0.34367207,1
114003,1,1,0.9899087,1
114004,1,1,0.5099475,1
114005,1,1,0.8340017,1
114006,1,1,0.9999975,1
114007,1,1,1.0,1
114008,1,1,0.9720721,1
114009,1,1,0.9998623,1
114010,0,1,0.99999917,0
114011,1,1,1.0,1
114012,0,0,0.018546565,1
114013,0,0,0.06717857,1
114014,1,1,0.9999703,1
114015,0,1,0.9873018,0
114016,0,0,0.03618598,1
114017,0,1,0.99999905,0
114018,1,1,0.99976677,1
114019,0,1,0.99998593,0
114020,1,1,0.92563426,1
114021,1,0,0.04733772,0
114022,1,1,0.999826,1
114023,1,1,0.68283814,1
114024,1,1,0.9724409,1
114025,0,0,0.08173938,1
114026,1,1,0.9886464,1
114027,1,1,0.84389514,1
114028,0,0,0.07126734,1
114029,0,0,0.02945148,1
114030,0,1,0.99990904,0
114031,1,1,0.6998189,1
114032,0,1,0.97396845,0
114033,0,1,0.9999995,0
114034,0,0,0.09041373,1
114035,0,0,0.06973154,1
114036,0,1,0.99995077,0
114037,0,0,0.24229527,1
114038,0,0,0.3022366,1
114039,1,1,0.70755625,1
114040,0,0,0.32119378,1
114041,0,1,0.8778961,0
114042,0,1,0.4120865,0
114043,1,1,1.0,1
114044,1,1,0.9992505,1
114045,0,0,0.06766981,1
114046,0,0,0.023487044,1
114047,0,1,0.9999976,0
114048,0,0,0.094426885,1
114049,0,0,0.0035588038,1
114050,1,1,0.9999999,1
114051,0,0,0.029340027,1
114052,1,1,0.5271948,1
114053,0,0,0.09097748,1
114054,0,0,0.12431929,1
114055,1,1,0.99999976,1
114056,0,1,0.69435453,0
114057,1,1,0.92007446,1
114058,1,1,1.0,1
114059,1,1,0.9994715,1
114060,1,1,0.9996561,1
114061,1,1,0.9999999,1
114062,1,1,0.9999957,1
114063,0,0,0.10809477,1
114064,1,1,0.9999844,1
114065,1,0,0.13150749,0
114066,0,0,0.051462766,1
114067,0,0,0.057229258,1
114068,1,0,0.23952717,0
114069,1,1,0.5550735,1
114070,1,1,0.99999213,1
114071,0,1,0.9856353,0
114072,0,1,0.99999917,0
114073,1,0,0.011508149,0
114074,0,1,0.99885535,0
114075,0,1,0.99999976,0
114076,1,0,0.17349815,0
114077,0,0,0.19147882,1
114078,0,1,0.97828114,0
114079,1,1,0.9926399,1
114080,1,1,0.8524448,1
114081,1,1,0.9994547,1
114082,1,1,0.836688,1
114083,0,1,0.9996762,0
114084,0,0,0.06019705,1
114085,1,1,0.994292,1
114086,1,1,0.7411123,1
114087,0,0,0.05033063,1
114088,1,1,1.0,1
114089,1,1,0.99025387,1
114090,0,0,0.07230849,1
114091,0,1,0.4434498,0
114092,1,0,0.15771976,0
114093,1,0,0.011072159,0
114094,0,1,0.9999417,0
114095,1,1,0.9431908,1
114096,1,1,1.0,1
114097,0,0,0.3150507,1
114098,1,1,0.9592307,1
114099,0,1,0.99378294,0
114100,0,1,0.99918956,0
114101,1,1,0.9999999,1
114102,1,1,0.9993724,1
114103,0,1,0.5441353,0
114104,1,1,0.9974491,1
114105,1,1,0.99999976,1
114106,0,1,0.51208264,0
114107,1,1,0.97730595,1
114108,1,0,0.059921406,0
114109,1,1,0.9943031,1
114110,1,0,0.015189049,0
114111,1,0,0.006971116,0
114112,0,1,0.66426814,0
114113,0,1,1.0,0
114114,1,1,0.96062064,1
114115,0,1,0.52366394,0
114116,0,1,0.384161,0
114117,1,1,0.99979585,1
114118,0,1,0.9705485,0
114119,1,1,0.9992792,1
114120,1,1,0.99998116,1
114121,1,1,0.8847382,1
114122,1,1,0.7482603,1
114123,1,1,1.0,1
114124,1,1,0.9957437,1
114125,1,1,1.0,1
114126,0,1,0.99985576,0
114127,0,1,0.9841241,0
114128,1,1,0.99987113,1
114129,0,0,0.05170164,1
114130,1,1,0.9969897,1
114131,1,1,0.83788544,1
114132,1,1,0.9393039,1
114133,1,1,0.4181919,1
114134,1,1,0.9999987,1
114135,0,0,0.22884513,1
114136,0,0,0.07094482,1
114137,1,1,0.9998579,1
114138,1,1,1.0,1
114139,1,1,1.0,1
114140,0,0,0.025957359,1
114141,1,1,1.0,1
114142,1,1,0.97223073,1
114143,1,0,0.26764736,0
114144,0,1,0.3577358,0
114145,0,0,0.051415116,1
114146,1,1,0.9935243,1
114147,1,1,0.99914074,1
114148,1,1,0.9907678,1
114149,0,0,0.0111580305,1
114150,1,0,0.016753288,0
114151,0,0,0.13189834,1
114152,0,0,0.18388654,1
114153,1,1,1.0,1
114154,1,1,0.9999622,1
114155,1,1,0.99996376,1
114156,0,0,0.21166113,1
114157,1,1,0.5192166,1
114158,1,1,1.0,1
114159,1,1,1.0,1
114160,1,1,0.99980897,1
114161,1,1,1.0,1
114162,0,0,0.17384852,1
114163,0,1,0.9999999,0
114164,1,1,0.93564117,1
114165,1,1,0.9997565,1
114166,1,1,0.9999932,1
114167,1,1,0.99999964,1
114168,1,1,0.86499614,1
114169,0,0,0.07716922,1
114170,0,0,0.016121825,1
114171,0,1,0.99995935,0
114172,1,1,0.9999999,1
114173,0,1,0.37765542,0
114174,1,0,0.14300808,0
114175,1,1,1.0,1
114176,1,1,0.9999981,1
114177,1,1,0.930395,1
114178,0,1,0.81859183,0
114179,0,0,0.09170697,1
114180,1,1,0.9999603,1
114181,0,1,1.0,0
114182,1,1,0.9296323,1
114183,1,1,0.9998332,1
114184,0,0,0.26497605,1
114185,1,1,0.99929035,1
114186,0,0,0.054651033,1
114187,1,1,1.0,1
114188,1,1,0.88543355,1
114189,0,0,0.08411581,1
114190,0,1,0.9999057,0
114191,1,1,1.0,1
114192,0,0,0.024469672,1
114193,1,1,0.8248855,1
114194,1,1,0.99890983,1
114195,0,0,0.026480937,1
114196,1,1,0.7600278,1
114197,1,1,0.64918953,1
114198,0,0,0.033148516,1
114199,0,0,0.20617388,1
114200,1,1,1.0,1
114201,0,0,0.32917604,1
114202,1,1,0.99999964,1
114203,1,1,1.0,1
114204,0,1,0.45075223,0
114205,1,1,0.99693656,1
114206,1,1,1.0,1
114207,1,1,0.99924755,1
114208,0,0,0.064771704,1
114209,0,1,0.98922324,0
114210,1,1,1.0,1
114211,1,0,0.12640727,0
114212,0,1,0.9827572,0
114213,0,1,0.9997464,0
114214,1,0,0.17967446,0
114215,0,1,0.9970536,0
114216,1,1,0.9841851,1
114217,0,0,0.04038907,1
114218,0,0,0.02143024,1
114219,1,1,0.999159,1
114220,1,1,0.9999982,1
114221,0,1,0.9404078,0
114222,1,0,0.16384642,0
114223,0,0,0.14928317,1
114224,1,1,0.99736834,1
114225,0,1,0.35448894,0
114226,0,0,0.077727415,1
114227,0,1,0.9987503,0
114228,1,1,0.99999833,1
114229,1,1,0.9999708,1
114230,0,1,0.9054896,0
114231,1,1,0.387053,1
114232,1,0,0.1917057,0
114233,0,0,0.28866935,1
114234,0,1,0.77670765,0
114235,1,1,1.0,1
114236,0,1,0.99985623,0
114237,1,1,1.0,1
114238,1,0,0.28537196,0
114239,1,1,1.0,1
114240,1,1,0.66882616,1
114241,1,1,0.9911527,1
114242,1,1,0.99993527,1
114243,1,1,1.0,1
114244,0,0,0.30725408,1
114245,1,1,0.99996376,1
114246,1,1,0.9999784,1
114247,1,1,0.999998,1
114248,0,1,0.99988854,0
114249,1,1,0.99985397,1
114250,0,1,0.9572778,0
114251,1,1,0.4001339,1
114252,0,0,0.048721813,1
114253,0,1,0.83237296,0
114254,0,1,0.9999845,0
114255,0,1,0.99999917,0
114256,0,1,0.9976814,0
114257,1,1,1.0,1
114258,0,1,0.6948723,0
114259,1,1,0.8795612,1
114260,0,1,0.7914989,0
114261,1,1,0.99879813,1
114262,0,0,0.2703839,1
114263,1,1,0.9999709,1
114264,0,1,0.99712723,0
114265,1,1,0.9960699,1
114266,1,1,0.7437268,1
114267,0,1,0.40165845,0
114268,0,1,0.37799975,0
114269,1,1,1.0,1
114270,1,1,1.0,1
114271,0,1,0.9997408,0
114272,1,1,1.0,1
114273,1,1,0.9999187,1
114274,1,1,0.93397486,1
114275,0,0,0.09756222,1
114276,0,1,0.9999721,0
114277,1,1,0.9999739,1
114278,1,1,0.99476975,1
114279,1,1,0.69966495,1
114280,0,0,0.066751465,1
114281,0,0,0.22695492,1
114282,1,1,0.6418153,1
114283,0,0,0.04590542,1
114284,1,0,0.115411244,0
114285,1,1,1.0,1
114286,1,0,0.31510338,0
114287,0,0,0.1791712,1
114288,0,0,0.037963696,1
114289,1,0,0.011266296,0
114290,1,1,1.0,1
114291,1,1,0.9970073,1
114292,1,1,1.0,1
114293,1,1,0.53952914,1
114294,1,1,0.99999833,1
114295,1,1,0.99999964,1
114296,1,1,0.78809434,1
114297,0,1,0.6361836,0
114298,0,1,0.96805066,0
114299,0,0,0.1682411,1
114300,0,0,0.015424551,1
114301,0,1,0.7920624,0
114302,1,0,0.101144664,0
114303,0,0,0.08570927,1
114304,0,0,0.31679186,1
114305,0,1,0.9548163,0
114306,1,0,0.005001672,0
114307,0,1,0.9572378,0
114308,1,1,0.99999833,1
114309,1,1,0.9909972,1
114310,1,1,0.9999999,1
114311,1,1,0.9999517,1
114312,0,0,0.08670936,1
114313,1,0,0.24526574,0
114314,1,1,1.0,1
114315,0,0,0.04590542,1
114316,1,0,0.15272596,0
114317,1,1,0.94877505,1
114318,1,1,0.388473,1
114319,0,1,0.8580062,0
114320,1,1,0.53916526,1
114321,0,0,0.07191642,1
114322,0,0,0.091301054,1
114323,0,0,0.0489941,1
114324,0,1,0.9823047,0
114325,0,0,0.04659464,1
114326,1,1,0.9999107,1
114327,1,0,0.28096148,0
114328,0,0,0.061875977,1
114329,1,0,0.065604836,0
114330,1,0,0.13678125,0
114331,0,0,0.034456022,1
114332,1,1,0.9927672,1
114333,1,1,0.9999994,1
114334,1,1,0.49591073,1
114335,0,0,0.25256836,1
114336,0,0,0.014985891,1
114337,1,1,0.9808209,1
114338,1,1,0.5267688,1
114339,0,0,0.3100673,1
114340,0,0,0.024145423,1
114341,1,1,0.9996587,1
114342,1,1,0.6648124,1
114343,1,1,0.9982692,1
114344,1,1,1.0,1
114345,0,1,0.67869973,0
114346,1,1,1.0,1
114347,1,0,0.12179017,0
114348,1,1,1.0,1
114349,0,1,0.69259,0
114350,0,1,0.47764552,0
114351,1,0,0.14578295,0
114352,1,1,1.0,1
114353,0,0,0.01778039,1
114354,1,0,0.08811155,0
114355,1,1,1.0,1
114356,0,1,0.42009392,0
114357,1,1,0.4036844,1
114358,0,1,0.8869111,0
114359,0,0,0.026031531,1
114360,0,1,0.8733229,0
114361,0,0,0.03971326,1
114362,1,1,0.99509466,1
114363,0,1,0.908618,0
114364,0,0,0.034261618,1
114365,1,1,1.0,1
114366,1,1,0.99025387,1
114367,0,0,0.3485343,1
114368,0,0,0.052376077,1
114369,0,0,0.16337869,1
114370,0,1,0.61998916,0
114371,1,1,0.999824,1
114372,0,1,0.98761624,0
114373,0,1,0.4093979,0
114374,1,1,1.0,1
114375,1,1,0.6148566,1
114376,0,1,0.7672542,0
114377,0,0,0.3217796,1
114378,1,1,1.0,1
114379,1,1,0.9999988,1
114380,1,0,0.16085833,0
114381,1,0,0.32100752,0
114382,1,1,0.36477754,1
114383,0,0,0.00640073,1
114384,0,1,0.51257056,0
114385,1,1,0.98056203,1
114386,1,1,0.9976814,1
114387,1,1,0.9996935,1
114388,0,0,0.19698064,1
114389,1,1,0.9633686,1
114390,1,1,0.99941957,1
114391,0,1,0.9999616,0
114392,1,1,1.0,1
114393,0,1,0.88710684,0
114394,0,0,0.02176037,1
114395,1,1,1.0,1
114396,1,1,1.0,1
114397,1,1,0.94853723,1
114398,1,1,0.99999976,1
114399,1,0,0.1153614,0
114400,1,1,0.74706274,1
114401,0,0,0.23863891,1
114402,1,1,0.82866174,1
114403,1,1,1.0,1
114404,0,1,0.7078593,0
114405,1,1,0.99996424,1
114406,0,0,0.2769838,1
114407,1,1,1.0,1
114408,0,0,0.21477376,1
114409,1,1,0.99998474,1
114410,1,1,0.9704926,1
114411,0,0,0.12226098,1
114412,0,0,0.3106944,1
114413,0,1,0.45456296,0
114414,0,0,0.05242457,1
114415,1,0,0.16264586,0
114416,0,1,0.9985018,0
114417,0,0,0.22093019,1
114418,1,0,0.16721867,0
114419,0,1,0.9999994,0
114420,0,0,0.08586245,1
114421,1,1,0.98959166,1
114422,1,0,0.18579942,0
114423,1,1,0.8814109,1
114424,0,0,0.31695038,1
114425,1,1,0.9999982,1
114426,0,1,0.9999641,0
114427,0,1,0.9999949,0
114428,0,1,0.5886527,0
114429,1,0,0.057334732,0
114430,0,0,0.059921406,1
114431,1,1,0.99595356,1
114432,1,1,0.9999943,1
114433,0,0,0.32412842,1
114434,1,1,0.99999976,1
114435,1,0,0.056184534,0
114436,0,0,0.026105914,1
114437,1,1,0.9999962,1
114438,0,1,0.9998535,0
114439,1,0,0.2263558,0
114440,1,1,0.99998915,1
114441,1,1,0.99916553,1
114442,1,0,0.043813635,0
114443,1,1,1.0,1
114444,1,0,0.14847884,0
114445,0,1,0.4875514,0
114446,1,1,0.99986124,1
114447,0,1,0.6948723,0
114448,0,1,0.53497696,0
114449,1,1,0.9999114,1
114450,1,0,0.056704637,0
114451,1,0,0.28091216,0
114452,0,1,0.47076702,0
114453,0,0,0.013584393,1
114454,1,1,0.9999988,1
114455,0,1,0.772788,0
114456,0,0,0.074365705,1
114457,0,0,0.098079324,1
114458,1,1,0.4287416,1
114459,1,1,0.9998184,1
114460,0,1,0.99817204,0
114461,1,1,0.9998957,1
114462,1,0,0.007710576,0
114463,0,0,0.14866413,1
114464,1,0,0.27590942,0
114465,1,1,0.9999567,1
114466,0,0,0.085403666,1
114467,1,1,0.9999987,1
114468,1,1,0.9913223,1
114469,0,1,0.99210805,0
114470,0,1,0.820757,0
114471,1,1,0.9970247,1
114472,1,1,0.9594972,1
114473,1,1,0.99993443,1
114474,1,1,0.99999654,1
114475,0,0,0.168583,1
114476,0,1,0.7169128,0
114477,1,1,0.9999993,1
114478,0,1,0.9812749,0
114479,0,0,0.13398075,1
114480,0,1,0.989368,0
114481,1,0,0.069289416,0
114482,0,1,0.9999076,0
114483,0,0,0.3368762,1
114484,1,0,0.047030386,0
114485,0,0,0.002282775,1
114486,1,1,1.0,1
114487,1,1,0.99889696,1
114488,1,0,0.16013464,0
114489,1,0,0.1412222,0
114490,1,1,0.9999548,1
114491,1,1,0.9991721,1
114492,0,1,0.99457306,0
114493,1,1,0.99968004,1
114494,1,1,0.7001265,1
114495,1,1,1.0,1
114496,0,1,0.7980295,0
114497,0,1,0.9996613,0
114498,1,1,0.9999114,1
114499,0,1,0.65781325,0
114500,0,1,0.9997358,0
114501,1,1,1.0,1
114502,1,1,0.61306286,1
114503,1,1,0.99628556,1
114504,1,1,0.9999428,1
114505,0,1,0.75014114,0
114506,0,1,0.37236255,0
114507,1,1,0.99746895,1
114508,0,1,1.0,0
114509,1,1,0.7696867,1
114510,0,0,0.031708594,1
114511,1,1,0.5978427,1
114512,0,0,0.17133832,1
114513,1,1,0.9997347,1
114514,0,0,0.10017222,1
114515,0,0,0.17981844,1
114516,0,1,0.5184243,0
114517,1,1,0.8872046,1
114518,1,1,0.99995255,1
114519,1,1,0.9462501,1
114520,1,1,1.0,1
114521,1,1,0.9998579,1
114522,0,1,0.99999714,0
114523,1,1,0.9968702,1
114524,1,1,0.99979335,1
114525,1,1,1.0,1
114526,1,1,1.0,1
114527,0,1,1.0,0
114528,1,1,0.9999987,1
114529,0,1,0.9999956,0
114530,0,0,0.054198727,1
114531,1,1,1.0,1
114532,1,1,0.9890976,1
114533,0,1,0.999213,0
114534,0,1,0.9999845,0
114535,1,1,0.98965186,1
114536,1,1,0.9999337,1
114537,1,1,0.9766024,1
114538,0,0,0.2855712,1
114539,1,1,0.96124375,1
114540,1,1,0.99984026,1
114541,1,1,0.9999995,1
114542,1,1,1.0,1
114543,0,0,0.070176296,1
114544,0,0,0.044307213,1
114545,0,0,0.039305612,1
114546,1,1,1.0,1
114547,0,0,0.17709816,1
114548,1,1,0.9999999,1
114549,0,1,0.551936,0
114550,0,1,0.9814889,0
114551,1,1,0.9681713,1
114552,1,1,0.72691053,1
114553,0,1,0.99170023,0
114554,0,1,0.9997209,0
114555,1,1,0.99992037,1
114556,0,1,0.70288706,0
114557,0,0,0.07362963,1
114558,0,1,0.95230865,0
114559,1,1,0.63482636,1
114560,0,0,0.017883008,1
114561,0,1,0.98833525,0
114562,0,1,0.66502994,0
114563,0,1,0.48651448,0
114564,1,1,0.9859904,1
114565,0,0,0.05374995,1
114566,1,1,0.93195957,1
114567,0,1,0.99999964,0
114568,1,1,0.9999435,1
114569,0,1,0.99962664,0
114570,0,0,0.036769465,1
114571,0,1,0.952882,0
114572,0,1,0.38315073,0
114573,0,1,0.48395324,0
114574,0,1,0.9974934,0
114575,1,1,0.99986124,1
114576,1,1,0.99984765,1
114577,1,0,0.08203305,0
114578,0,0,0.0012843083,1
114579,1,1,0.70309097,1
114580,1,1,0.99993396,1
114581,1,1,0.99998784,1
114582,0,1,0.6522968,0
114583,1,1,0.96672606,1
114584,1,1,0.9998752,1
114585,1,1,0.99996793,1
114586,1,0,0.058131598,0
114587,0,0,0.30678657,1
114588,1,1,0.9611345,1
114589,1,1,0.99993527,1
114590,0,0,0.23837286,1
114591,1,1,0.39198768,1
114592,1,1,0.8326453,1
114593,1,1,1.0,1
114594,1,1,1.0,1
114595,1,0,0.24535614,0
114596,1,1,0.99999523,1
114597,0,1,0.6124835,0
114598,1,1,0.8106289,1
114599,0,0,0.118385084,1
114600,1,1,1.0,1
114601,1,1,0.98609793,1
114602,1,1,0.99999833,1
114603,1,1,0.9823216,1
114604,1,1,0.99951315,1
114605,1,1,1.0,1
114606,1,1,0.96528316,1
114607,1,1,0.83999664,1
114608,0,1,0.6735676,0
114609,1,1,1.0,1
114610,0,1,0.4120569,0
114611,0,0,0.15495054,1
114612,0,0,0.23757595,1
114613,0,0,0.0689125,1
114614,1,1,0.9973218,1
114615,1,1,0.99986815,1
114616,1,1,1.0,1
114617,1,1,0.37230548,1
114618,1,0,0.17596246,0
114619,1,1,0.99808455,1
114620,0,0,0.12368283,1
114621,1,0,0.10141131,0
114622,1,1,0.9997358,1
114623,0,1,1.0,0
114624,1,1,0.99999356,1
114625,0,0,0.19728975,1
114626,1,1,0.44736975,1
114627,0,1,0.9999795,0
114628,1,1,1.0,1
114629,0,0,0.16145241,1
114630,0,1,0.9131358,0
114631,0,1,0.9765577,0
114632,1,1,0.9999716,1
114633,1,1,0.9260366,1
114634,1,1,0.97494066,1
114635,0,0,0.22000709,1
114636,1,1,0.72598875,1
114637,0,0,0.0762012,1
114638,0,0,0.10257407,1
114639,0,0,0.09057448,1
114640,0,0,0.17838266,1
114641,0,0,0.06638737,1
114642,0,1,0.57104915,0
114643,1,1,0.96329963,1
114644,0,0,0.018923571,1
114645,1,0,0.21617696,0
114646,0,0,0.2613309,1
114647,1,1,0.9005298,1
114648,1,1,0.917746,1
114649,1,1,0.99632144,1
114650,1,1,0.99994004,1
114651,0,0,0.018617803,1
114652,0,1,0.98270744,0
114653,1,1,0.9904406,1
114654,1,1,0.9999889,1
114655,1,0,0.02094421,0
114656,1,0,0.14934519,0
114657,0,1,0.972178,0
114658,0,1,0.410904,0
114659,0,0,0.19759926,1
114660,1,1,0.9798805,1
114661,0,1,0.67720723,0
114662,0,1,0.99888617,0
114663,1,1,0.9992706,1
114664,1,1,0.99976224,1
114665,1,0,0.046291906,0
114666,0,0,0.16311188,1
114667,1,1,1.0,1
114668,1,1,0.9993893,1
114669,1,1,0.42990798,1
114670,0,1,0.999071,0
114671,0,1,0.99981624,0
114672,1,1,0.99628556,1
114673,1,1,0.77415687,1
114674,1,0,0.30918014,0
114675,0,1,0.86339164,0
114676,1,1,1.0,1
114677,0,0,0.012170629,1
114678,1,1,0.9978636,1
114679,0,0,0.13933781,1
114680,0,1,0.6581429,0
114681,1,1,0.9951984,1
114682,1,0,0.021532876,0
114683,1,0,0.09501305,0
114684,0,0,0.07675298,1
114685,1,1,1.0,1
114686,0,1,0.99529994,0
114687,0,1,0.99978846,0
114688,0,1,0.98300374,0
114689,1,0,0.096705794,0
114690,0,0,0.282691,1
114691,0,0,0.014475689,1
114692,1,1,0.8844391,1
114693,1,1,0.988085,1
114694,0,1,0.9980161,0
114695,1,1,0.9999981,1
114696,0,1,0.9352283,0
114697,0,1,0.9976172,0
114698,1,1,0.9980392,1
114699,1,1,1.0,1
114700,0,1,0.92441523,0
114701,1,1,0.99999976,1
114702,0,0,0.124213,1
114703,0,0,0.071786165,1
114704,0,0,0.042722195,1
114705,1,1,0.9999989,1
114706,0,0,0.14940722,1
114707,1,1,1.0,1
114708,0,0,0.21109137,1
114709,1,0,0.06359858,0
114710,1,1,0.9736196,1
114711,0,1,0.6504117,0
114712,0,0,0.06418264,1
114713,0,1,0.99999857,0
114714,1,1,0.99999964,1
114715,0,0,0.11221037,1
114716,0,1,0.9523531,0
114717,1,1,0.9687085,1
114718,0,0,0.04111437,1
114719,1,1,1.0,1
114720,1,1,0.9999964,1
114721,0,1,0.99989843,0
114722,1,0,0.23231015,0
114723,0,0,0.33584076,1
114724,0,1,0.8718026,0
114725,1,1,0.999984,1
114726,1,1,1.0,1
114727,0,0,0.15889087,1
114728,1,1,1.0,1
114729,0,0,0.07504072,1
114730,0,0,0.19728975,1
114731,0,1,0.653514,0
114732,0,1,0.79246426,0
114733,1,1,0.9999999,1
114734,0,1,0.49822998,0
114735,1,0,0.17667161,0
114736,1,1,0.99262565,1
114737,1,1,1.0,1
114738,1,1,0.99980587,1
114739,1,1,0.99994326,1
114740,0,1,0.6181467,0
114741,0,1,0.999984,0
114742,1,1,0.9994173,1
114743,0,0,0.008235631,1
114744,1,1,0.9265699,1
114745,1,1,0.95976204,1
114746,1,1,0.96602803,1
114747,1,1,0.9929061,1
114748,1,1,0.99968493,1
114749,1,1,1.0,1
114750,1,1,1.0,1
114751,1,1,1.0,1
114752,1,1,0.99797314,1
114753,1,1,0.9181873,1
114754,1,1,0.8933094,1
114755,0,0,0.030243218,1
114756,1,1,0.54710114,1
114757,1,1,0.99982125,1
114758,0,1,0.52774245,0
114759,0,1,0.53704137,0
114760,0,0,0.030157411,1
114761,0,0,0.027091902,1
114762,0,0,0.036977556,1
114763,1,1,0.7634837,1
114764,1,1,0.79358625,1
114765,1,1,0.94417685,1
114766,0,1,0.8843393,0
114767,1,1,0.99999845,1
114768,0,0,0.07723879,1
114769,1,1,0.5609743,1
114770,1,1,0.99958676,1
114771,1,1,1.0,1
114772,1,1,0.51952136,1
114773,0,1,0.98159516,0
114774,0,1,0.99999917,0
114775,1,0,0.024053553,0
114776,1,0,0.015952315,0
114777,0,1,0.9982351,0
114778,0,0,0.035177976,1
114779,1,1,1.0,1
114780,1,1,1.0,1
114781,1,0,0.09227797,0
114782,1,0,0.019326586,0
114783,1,1,0.8174288,1
114784,1,1,0.99999917,1
114785,0,0,0.30923226,1
114786,1,1,1.0,1
114787,0,1,0.9596487,0
114788,1,1,1.0,1
114789,1,1,0.7967673,1
114790,0,0,0.038502328,1
114791,1,1,0.9999856,1
114792,1,0,0.061875977,0
114793,0,0,0.11377637,1
114794,0,0,0.06359858,1
114795,1,1,0.747662,1
114796,1,1,0.8983214,1
114797,0,1,0.57636315,0
114798,0,0,0.02308724,1
114799,0,0,0.044224583,1
114800,0,0,0.14481276,1
114801,1,1,0.9036349,1
114802,1,1,1.0,1
114803,0,0,0.21436231,1
114804,0,1,0.87716144,0
114805,1,1,1.0,1
114806,1,1,0.99361163,1
114807,0,1,1.0,0
114808,0,0,0.08232769,1
114809,1,1,0.99999964,1
114810,0,1,0.99999714,0
114811,1,1,0.35964522,1
114812,0,1,0.9432431,0
114813,1,1,0.99983907,1
114814,1,1,0.99999166,1
114815,1,1,0.9999995,1
114816,1,1,1.0,1
114817,0,1,0.8198933,0
114818,0,1,0.9876401,0
114819,0,0,0.091382094,1
114820,1,0,0.16391331,0
114821,0,0,0.17610413,1
114822,1,1,0.9999999,1
114823,1,1,0.99999976,1
114824,0,0,0.07477004,1
114825,1,1,1.0,1
114826,0,1,1.0,0
114827,1,0,0.13974822,0
114828,1,0,0.2989005,0
114829,1,1,0.9999912,1
114830,1,1,0.9859634,1
114831,1,1,1.0,1
114832,0,1,0.68124986,0
114833,1,1,0.99997187,1
114834,1,1,0.98801583,1
114835,1,1,0.99999475,1
114836,0,1,1.0,0
114837,0,0,0.2983891,1
114838,1,1,0.99923277,1
114839,0,0,0.28378138,1
114840,1,1,1.0,1
114841,1,1,0.9999982,1
114842,1,1,1.0,1
114843,1,1,0.9999944,1
114844,1,1,0.9999857,1
114845,1,0,0.15974101,0
114846,1,1,0.9999999,1
114847,0,0,0.22405545,1
114848,1,1,1.0,1
114849,0,0,0.3267546,1
114850,1,1,0.99980515,1
114851,0,1,0.99293363,0
114852,1,1,0.99649614,1
114853,0,1,0.97249323,0
114854,0,1,1.0,0
114855,1,1,0.5519964,1
114856,0,1,0.58130306,0
114857,1,1,0.53855854,1
114858,1,1,1.0,1
114859,1,1,0.7666432,1
114860,1,1,1.0,1
114861,0,1,0.94728357,0
114862,1,0,0.24544656,0
114863,0,1,0.55615854,0
114864,0,0,0.1265691,1
114865,1,1,0.99979657,1
114866,0,0,0.02774289,1
114867,1,1,0.6466276,1
114868,1,1,0.9989759,1
114869,1,1,0.68621236,1
114870,1,0,0.013248331,0
114871,1,1,0.69134104,1
114872,0,0,0.06064056,1
114873,0,0,0.013558245,1
114874,0,1,0.9996499,0
114875,0,1,0.99932146,0
114876,1,0,0.33491564,0
114877,1,0,0.09585608,0
114878,0,1,0.99496907,0
114879,1,1,0.90473473,1
114880,0,1,0.9997187,0
114881,0,0,0.04185214,1
114882,0,0,0.32627144,1
114883,0,1,0.8456877,0
114884,1,1,0.9403531,1
114885,1,1,0.9998535,1
114886,1,1,1.0,1
114887,1,1,0.99830914,1
114888,1,1,0.7126323,1
114889,1,0,0.19421494,0
114890,1,1,0.999979,1
114891,1,1,0.585516,1
114892,1,1,0.9999132,1
114893,1,1,0.99411184,1
114894,1,1,0.99974686,1
114895,1,1,0.99603915,1
114896,1,1,0.5454673,1
114897,0,0,0.2798285,1
114898,1,1,0.9997594,1
114899,0,0,0.15539862,1
114900,1,1,0.8728902,1
114901,0,0,0.28348374,1
114902,1,1,1.0,1
114903,1,1,0.9994173,1
114904,0,1,0.9796092,0
114905,1,1,0.86083776,1
114906,1,1,0.9999907,1
114907,0,1,0.9985952,0
114908,1,1,1.0,1
114909,1,1,0.9999764,1
114910,0,1,0.9999008,0
114911,1,1,0.93409514,1
114912,1,1,0.42366663,1
114913,1,1,0.9999999,1
114914,0,0,0.0073600817,1
114915,1,0,0.06430006,0
114916,1,1,1.0,1
114917,0,0,0.09476145,1
114918,0,1,0.3968276,0
114919,0,1,0.8095773,0
114920,0,0,0.19775413,1
114921,0,1,0.7432612,0
114922,1,1,1.0,1
114923,1,1,0.95362186,1
114924,1,0,0.1627789,0
114925,1,0,0.10356715,0
114926,0,1,0.91482496,0
114927,1,1,1.0,1
114928,0,0,0.05797139,1
114929,0,1,0.87652874,0
114930,0,0,0.28972325,1
114931,0,0,0.17967446,1
114932,0,1,0.7078593,0
114933,0,0,0.15418488,1
114934,1,1,0.79454446,1
114935,1,1,0.9999957,1
114936,1,1,0.6017691,1
114937,1,1,0.9995035,1
114938,0,0,0.038357977,1
114939,1,1,1.0,1
114940,0,0,0.13916223,1
114941,1,1,0.9623913,1
114942,1,1,0.5291417,1
114943,0,0,0.06985836,1
114944,0,1,0.5239075,0
114945,0,1,0.9999937,0
114946,0,0,0.15482274,1
114947,0,1,0.96900314,0
114948,0,1,0.6499675,0
114949,0,1,0.98685336,0
114950,1,1,1.0,1
114951,0,0,0.13637818,1
114952,1,1,0.80730873,1
114953,0,1,0.6468507,0
114954,1,1,1.0,1
114955,0,1,0.6520753,0
114956,1,1,1.0,1
114957,0,0,0.015043661,1
114958,0,1,0.7155731,0
114959,1,1,0.9999989,1
114960,1,0,0.15437602,0
114961,0,0,0.001107339,1
114962,1,1,0.92775697,1
114963,0,1,0.58930284,0
114964,0,0,0.17624585,1
114965,0,1,0.6213686,0
114966,0,1,0.968111,0
114967,1,1,1.0,1
114968,1,1,0.95911604,1
114969,0,1,0.904903,0
114970,0,1,0.40942743,0
114971,1,1,1.0,1
114972,1,1,0.9999987,1
114973,1,1,0.99972624,1
114974,1,1,0.98375374,1
114975,0,0,0.049681153,1
114976,0,1,0.45541048,0
114977,0,1,0.9998517,0
114978,0,1,0.9986749,0
114979,1,1,0.99995863,1
114980,1,1,0.97259754,1
114981,0,0,0.028167473,1
114982,1,1,0.9999995,1
114983,1,1,0.68452775,1
114984,1,1,0.9979412,1
114985,0,0,0.10800066,1
114986,0,1,0.64640445,0
114987,0,0,0.2680783,1
114988,1,1,0.9923193,1
114989,1,1,0.999995,1
114990,1,1,1.0,1
114991,0,0,0.15361264,1
114992,0,0,0.09611029,1
114993,0,0,0.14523655,1
114994,0,0,0.17617498,1
114995,1,1,1.0,1
114996,1,1,0.99972993,1
114997,1,1,0.9999453,1
114998,1,1,0.9265699,1
114999,0,1,0.81582016,0
115000,1,1,0.9507779,1
115001,0,0,0.29168653,1
115002,1,1,1.0,1
115003,0,1,0.9999906,0
115004,1,1,0.98527133,1
115005,0,0,0.07369626,1
115006,0,1,0.58308464,0
115007,0,1,0.9999914,0
115008,0,0,0.07864238,1
115009,1,1,1.0,1
115010,1,0,0.097734325,0
115011,0,0,0.338405,1
115012,0,1,0.8855325,0
115013,0,0,0.0026368056,1
115014,0,1,0.9993345,0
115015,0,1,0.5736187,0
115016,0,0,0.11250255,1
115017,1,1,1.0,1
115018,0,0,0.22764099,1
115019,0,0,0.016850082,1
115020,1,1,0.9999958,1
115021,1,1,0.9999999,1
115022,1,1,0.9990746,1
115023,1,0,0.06435884,0
115024,0,1,0.52956754,0
115025,1,1,0.9999999,1
115026,0,1,0.4312548,0
115027,1,1,0.99999905,1
115028,0,1,0.54909664,0
115029,1,1,1.0,1
115030,0,0,0.03581319,1
115031,0,1,0.9786107,0
115032,0,0,0.0066153933,1
115033,1,0,0.06307716,0
115034,0,1,0.99999297,0
115035,0,0,0.21485612,1
115036,0,0,0.13150749,1
115037,1,1,0.68684286,1
115038,1,1,1.0,1
115039,0,0,0.09560247,1
115040,1,1,0.8594279,1
115041,1,1,0.45102426,1
115042,0,0,0.0047092056,1
115043,1,1,0.9923786,1
115044,1,1,0.99999714,1
115045,1,1,0.99967504,1
115046,1,1,0.98975134,1
115047,1,1,0.9999995,1
115048,0,0,0.014447853,1
115049,1,1,0.9999503,1
115050,1,1,0.91618466,1
115051,0,1,0.9316493,0
115052,0,1,0.68357795,0
115053,0,0,0.2399722,1
115054,1,1,0.99998295,1
115055,0,1,0.6830497,0
115056,1,0,0.06255973,0
115057,0,1,0.48389226,0
115058,1,1,0.999658,1
115059,1,1,1.0,1
115060,1,1,0.99998736,1
115061,1,1,0.99996495,1
115062,0,1,0.8814109,0
115063,1,0,0.34356195,0
115064,0,0,0.040922306,1
115065,1,1,0.9992944,1
115066,0,0,0.023109278,1
115067,0,0,0.10230471,1
115068,1,0,0.2648334,0
115069,0,1,0.90747637,0
115070,1,1,0.719827,1
115071,0,0,0.07349652,1
115072,0,1,0.9999865,0
115073,1,1,0.7789017,1
115074,1,0,0.027220903,0
115075,1,1,1.0,1
115076,0,0,0.27512974,1
115077,1,1,1.0,1
115078,1,1,0.9999896,1
115079,1,1,0.45856082,1
115080,1,1,0.9999999,1
115081,1,1,0.9999995,1
115082,0,1,0.9474297,0
115083,1,1,1.0,1
115084,0,0,0.17356819,1
115085,0,1,0.9603984,0
115086,0,0,0.0532062,1
115087,1,1,0.6180315,1
115088,0,0,0.14229147,1
115089,1,1,0.99656373,1
115090,1,1,1.0,1
115091,1,1,0.9643886,1
115092,1,1,0.8984105,1
115093,1,0,0.037361998,0
115094,0,1,0.93409514,0
115095,0,0,0.31415576,1
115096,0,1,0.9982212,0
115097,1,1,0.37153557,1
115098,1,0,0.09713317,0
115099,0,0,0.02371207,1
115100,1,1,0.985663,1
115101,1,1,0.5614553,1
115102,1,1,0.99999845,1
115103,0,1,0.8746137,0
115104,1,1,0.9971439,1
115105,0,0,0.25720495,1
115106,1,1,1.0,1
115107,1,1,0.9999993,1
115108,0,1,0.99958676,0
115109,0,1,0.52774245,0
115110,1,1,0.95719784,1
115111,0,0,0.04564947,1
115112,1,1,0.99999976,1
115113,1,1,1.0,1
115114,0,1,0.9977216,0
115115,1,1,0.99969995,1
115116,0,0,0.033148516,1
115117,1,1,0.980053,1
115118,1,1,0.5290201,1
115119,0,1,0.9978884,0
115120,0,1,0.64349735,0
115121,1,0,0.10604083,0
115122,1,1,0.997783,1
115123,0,0,0.035712164,1
115124,0,1,0.9828892,0
115125,1,1,0.81946033,1
115126,0,1,0.9987306,0
115127,1,1,1.0,1
115128,0,0,0.006363574,1
115129,0,0,0.18082884,1
115130,1,0,0.042206,0
115131,0,0,0.23528405,1
115132,1,1,0.828523,1
115133,0,0,0.17245041,1
115134,0,1,0.9766915,0
115135,0,0,0.06681232,1
115136,0,1,0.98365986,0
115137,1,1,1.0,1
115138,0,0,0.028679863,1
115139,0,0,0.21419789,1
115140,0,0,0.052279223,1
115141,0,1,1.0,0
115142,0,0,0.15278916,1
115143,1,1,0.99956685,1
115144,0,1,0.957715,0
115145,0,1,0.9984145,0
115146,1,0,0.17412922,0
115147,1,0,0.04813677,0
115148,0,0,0.04111437,1
115149,0,0,0.045268096,1
115150,0,0,0.059866417,1
115151,0,1,0.74115914,0
115152,1,1,0.9993893,1
115153,1,1,0.6440572,1
115154,1,1,0.99995124,1
115155,0,0,0.018797072,1
115156,0,1,0.9965301,0
115157,1,1,0.9789353,1
115158,1,1,0.9999994,1
115159,0,0,0.11124121,1
115160,1,1,0.99867237,1
115161,0,0,0.025443856,1
115162,1,1,0.96669465,1
115163,1,0,0.055617616,0
115164,0,0,0.09203286,1
115165,1,1,1.0,1
115166,1,1,1.0,1
115167,1,1,0.96969944,1
115168,0,0,0.114072114,1
115169,0,0,0.058507007,1
115170,0,0,0.047602654,1
115171,1,1,0.99632865,1
115172,1,0,0.011961098,0
115173,1,1,0.3635904,1
115174,0,0,0.06998537,1
115175,0,1,0.60480744,0
115176,1,1,0.9928647,1
115177,0,0,0.07477004,1
115178,1,1,0.99999976,1
115179,1,1,0.99997425,1
115180,1,1,0.9255671,1
115181,1,1,0.9999621,1
115182,0,0,0.091220066,1
115183,1,1,0.99985623,1
115184,1,1,0.9999231,1
115185,0,0,0.19482696,1
115186,1,1,0.9466954,1
115187,1,1,0.99999726,1
115188,1,1,0.9494355,1
115189,1,1,0.9999883,1
115190,1,1,1.0,1
115191,0,0,0.0818861,1
115192,1,1,0.9999999,1
115193,1,1,0.99999964,1
115194,0,0,0.105486654,1
115195,0,0,0.17064616,1
115196,1,0,0.30964962,0
115197,1,1,0.9508692,1
115198,0,0,0.07779745,1
115199,0,1,0.99973255,0
115200,0,0,0.07382971,1
115201,1,0,0.2680783,0
115202,0,0,0.05926467,1
115203,0,1,0.99951684,0
115204,0,1,0.77475387,0
115205,0,1,0.9954791,0
115206,0,1,0.35153365,0
115207,0,0,0.0139288595,1
115208,1,0,0.031648684,0
115209,0,1,0.99977654,0
115210,1,0,0.021125194,0
115211,1,1,0.9999764,1
115212,1,1,0.97726256,1
115213,0,1,0.7709825,0
115214,1,1,0.5726033,1
115215,0,1,0.8338664,0
115216,0,0,0.005458661,1
115217,1,1,0.9996513,1
115218,1,1,0.99544394,1
115219,1,1,0.9946359,1
115220,0,0,0.33014718,1
115221,1,1,0.99664307,1
115222,0,1,0.6132945,0
115223,1,1,0.9989267,1
115224,1,1,0.9999999,1
115225,1,1,0.9988305,1
115226,0,1,0.998835,0
115227,0,1,0.51391244,0
115228,0,1,0.6397923,0
115229,0,0,0.21354114,1
115230,0,1,0.999577,0
115231,1,0,0.2569252,0
115232,0,0,0.20745546,1
115233,0,1,0.9687381,0
115234,0,0,0.18352044,1
115235,0,1,0.56895477,0
115236,0,1,0.95362186,0
115237,0,0,0.18155324,1
115238,1,0,0.012624949,0
115239,0,0,0.13251457,1
115240,1,0,0.11848707,0
115241,0,1,0.39108613,0
115242,0,1,0.8933094,0
115243,0,1,0.9997098,0
115244,0,0,0.2429682,1
115245,0,1,0.70977414,0
115246,1,0,0.054600604,0
115247,1,1,0.5363129,1
115248,1,1,1.0,1
115249,0,1,0.9999577,0
115250,0,1,0.49194407,0
115251,1,1,0.5622966,1
115252,0,1,0.99941957,0
115253,0,0,0.1930713,1
115254,1,1,0.9981324,1
115255,0,0,0.09203286,1
115256,1,1,0.99704784,1
115257,1,0,0.028436033,0
115258,0,1,0.9999877,0
115259,1,1,0.99942636,1
115260,1,1,1.0,1
115261,1,1,1.0,1
115262,1,0,0.28552133,0
115263,1,1,1.0,1
115264,1,1,1.0,1
115265,1,1,1.0,1
115266,1,1,0.9975032,1
115267,1,1,1.0,1
115268,0,1,0.4572276,0
115269,0,0,0.06935241,1
115270,1,1,1.0,1
115271,0,0,0.03701235,1
115272,0,0,0.32729194,1
115273,0,1,0.9049869,0
115274,1,1,0.999966,1
115275,1,0,0.18952107,0
115276,0,1,0.99890125,0
115277,1,0,0.025371311,0
115278,1,1,1.0,1
115279,0,1,0.81859183,0
115280,1,1,0.9999999,1
115281,1,1,0.7762839,1
115282,0,1,0.9214283,0
115283,0,1,0.9999502,0
115284,0,0,0.034068275,1
115285,0,1,0.9974342,0
115286,1,1,1.0,1
115287,0,1,0.99880743,0
115288,0,1,0.99361163,0
115289,0,0,0.03073393,1
115290,0,0,0.23704568,1
115291,1,1,1.0,1
115292,1,1,0.99968493,1
115293,0,1,0.7352141,0
115294,0,0,0.08122775,1
115295,0,1,0.9999994,0
115296,0,0,0.024964014,1
115297,0,0,0.012100385,1
115298,0,0,0.03274404,1
115299,0,0,0.3276683,1
115300,1,1,0.82573026,1
115301,1,1,0.9998155,1
115302,1,0,0.13706978,0
115303,0,1,0.9978258,0
115304,1,1,1.0,1
115305,1,0,0.19821933,0
115306,1,1,0.9741658,1
115307,1,0,0.0343263,0
115308,1,1,1.0,1
115309,0,1,0.9711565,0
115310,0,1,0.99999964,0
115311,0,1,0.9999999,0
115312,1,1,0.99949956,1
115313,0,1,0.9999999,0
115314,0,0,0.34086904,1
115315,1,1,1.0,1
115316,0,0,0.09611029,1
115317,1,1,0.9720191,1
115318,1,0,0.1459046,0
115319,0,0,0.24211602,1
115320,1,1,0.9363432,1
115321,1,1,0.99999976,1
115322,1,1,0.92683524,1
115323,1,1,0.9950177,1
115324,0,0,0.123577,1
115325,0,1,0.5194604,0
115326,0,1,0.9705485,0
115327,0,0,0.20705435,1
115328,0,0,0.10447732,1
115329,1,1,0.3665047,1
115330,1,1,0.90623903,1
115331,1,0,0.05345272,0
115332,1,1,0.83128005,1
115333,1,1,1.0,1
115334,1,1,1.0,1
115335,1,1,1.0,1
115336,0,0,0.042087723,1
115337,1,1,1.0,1
115338,0,0,0.14181541,1
115339,0,1,0.4023334,0
115340,1,1,1.0,1
115341,0,0,0.20402455,1
115342,1,1,0.36681652,1
115343,1,1,1.0,1
115344,0,1,0.9990415,0
115345,1,1,0.9727014,1
115346,1,1,0.9995995,1
115347,1,1,0.9999962,1
115348,0,1,0.9996513,0
115349,1,1,0.9970708,1
115350,1,1,0.9999151,1
115351,0,1,0.37983838,0
115352,0,0,0.12121686,1
115353,1,0,0.18989639,0
115354,1,1,0.787523,1
115355,1,1,0.9999982,1
115356,0,1,0.968111,0
115357,1,0,0.16491956,0
115358,1,0,0.27835485,0
115359,0,0,0.04146227,1
115360,1,1,0.9979007,1
115361,1,1,0.40042695,1
115362,1,1,0.99965405,1
115363,0,0,0.29533154,1
115364,0,1,0.99990606,0
115365,1,1,1.0,1
115366,1,1,0.9998832,1
115367,0,1,0.99756086,0
115368,1,0,0.116261385,0
115369,1,0,0.16132024,0
115370,1,1,0.9999858,1
115371,1,1,0.98314995,1
115372,1,1,0.8969756,1
115373,1,1,0.8763172,1
115374,0,1,1.0,0
115375,1,1,0.88778967,1
115376,1,1,1.0,1
115377,0,1,0.99135584,0
115378,1,1,0.9999666,1
115379,0,1,0.950411,0
115380,1,1,0.91157407,1
115381,0,1,0.98844737,0
115382,1,1,0.99997294,1
115383,1,0,0.03471688,0
115384,1,0,0.09929539,0
115385,1,1,0.99999726,1
115386,1,1,0.99826247,1
115387,0,1,0.9740673,0
115388,1,1,0.99964714,1
115389,1,1,0.99996746,1
115390,0,1,0.9996486,0
115391,1,0,0.22422528,0
115392,0,0,0.15694293,1
115393,0,1,0.9829055,0
115394,1,1,1.0,1
115395,1,1,0.9999958,1
115396,1,1,0.9184071,1
115397,1,1,0.7635719,1
115398,1,1,0.90894175,1
115399,1,1,0.6426007,1
115400,1,1,0.99981624,1
115401,1,0,0.047958106,0
115402,1,0,0.089136936,0
115403,1,1,1.0,1
115404,0,1,0.9969187,0
115405,0,0,0.13500383,1
115406,0,1,0.8624676,0
115407,1,1,0.99998677,1
115408,0,1,0.99911517,0
115409,1,0,0.065784656,0
115410,1,1,0.7155731,1
115411,1,1,0.9969722,1
115412,0,0,0.347205,1
115413,0,0,0.17624585,1
115414,0,1,0.9993228,0
115415,1,1,0.9999424,1
115416,1,1,1.0,1
115417,0,0,0.2018919,1
115418,0,1,0.5262819,0
115419,1,0,0.304145,0
115420,0,0,0.3448846,1
115421,1,1,0.9999995,1
115422,1,0,0.21559837,0
115423,1,1,0.99966466,1
115424,0,0,0.14063105,1
115425,1,1,0.99999034,1
115426,1,0,0.21011725,0
115427,1,1,0.9999839,1
115428,1,1,0.995858,1
115429,0,1,0.9794133,0
115430,1,1,0.9997775,1
115431,0,0,0.33845967,1
115432,1,1,1.0,1
115433,0,0,0.12836117,1
115434,1,1,0.9635062,1
115435,1,1,0.93385434,1
115436,1,1,0.99999285,1
115437,0,1,0.62732357,0
115438,1,1,0.9527942,1
115439,0,1,0.36772424,0
115440,1,1,0.9959771,1
115441,1,0,0.0793529,0
115442,0,0,0.061480366,1
115443,0,1,0.99962735,0
115444,1,0,0.1894461,0
115445,0,0,0.17938675,1
115446,1,1,0.9999999,1
115447,1,1,0.76585615,1
115448,1,1,1.0,1
115449,1,1,0.38551924,1
115450,1,1,0.9546897,1
115451,1,1,1.0,1
115452,0,1,0.9999589,0
115453,1,1,1.0,1
115454,0,0,0.013636835,1
115455,1,1,0.8119744,1
115456,1,1,0.7765382,1
115457,0,0,0.33139017,1
115458,1,1,0.99999976,1
115459,0,1,0.88612515,0
115460,0,1,0.787523,0
115461,0,0,0.05103542,1
115462,1,1,0.99999046,1
115463,1,0,0.025932675,0
115464,1,0,0.15889087,0
115465,1,1,0.99996877,1
115466,0,0,0.10697014,1
115467,1,1,0.5243338,1
115468,1,1,0.7698598,1
115469,1,1,0.8238959,1
115470,1,1,0.9999999,1
115471,1,1,0.9612074,1
115472,1,1,0.99545276,1
115473,0,0,0.3284756,1
115474,0,1,0.99999726,0
115475,0,0,0.098079324,1
115476,0,0,0.014700298,1
115477,0,0,0.031261913,1
115478,0,0,0.05394898,1
115479,1,1,0.47052372,1
115480,0,1,0.7722732,0
115481,0,0,0.09178833,1
115482,0,1,0.84389514,0
115483,0,1,0.9999944,0
115484,0,0,0.008203787,1
115485,1,1,0.8244619,1
115486,1,1,0.99591404,1
115487,1,1,1.0,1
115488,0,0,0.19536372,1
115489,0,1,0.7537387,0
115490,1,1,0.99980813,1
115491,1,0,0.10365786,0
115492,1,0,0.13369773,0
115493,0,0,0.28761774,1
115494,0,0,0.23739909,1
115495,1,0,0.24662407,0
115496,0,0,0.03915837,1
115497,1,0,0.18832397,0
115498,1,1,0.6183772,1
115499,0,0,0.027927876,1
115500,0,0,0.048903175,1
115501,0,1,0.8952483,0
115502,0,1,0.91700584,0
115503,0,0,0.12814279,1
115504,1,0,0.124053754,0
115505,0,0,0.23118003,1
115506,1,1,0.9971771,1
115507,1,1,0.99885976,1
115508,1,1,0.9927812,1
115509,0,0,0.036631368,1
115510,1,1,0.648188,1
115511,1,0,0.09929539,0
115512,0,0,0.10706346,1
115513,1,1,0.95814794,1
115514,0,0,0.12700155,1
115515,0,0,0.2150209,1
115516,0,1,0.37062395,0
115517,0,0,0.16721867,1
115518,1,1,1.0,1
115519,1,1,1.0,1
115520,1,1,0.86373675,1
115521,0,1,0.99532723,0
115522,0,0,0.11436852,1
115523,0,0,0.031708594,1
115524,1,1,0.99999917,1
115525,0,1,0.7979507,0
115526,1,1,0.99998903,1
115527,1,0,0.20331182,0
115528,1,1,1.0,1
115529,1,0,0.07899691,0
115530,1,0,0.002247463,0
115531,0,1,0.94905907,0
115532,1,1,0.96076804,1
115533,0,0,0.14953136,1
115534,1,1,0.9851576,1
115535,1,1,0.7338335,1
115536,0,0,0.15127839,1
115537,0,0,0.12759827,1
115538,1,1,0.853669,1
115539,1,1,0.99953175,1
115540,1,1,0.9622497,1
115541,0,1,0.4669671,0
115542,1,1,0.9999858,1
115543,1,1,0.99999905,1
115544,1,1,0.9514138,1
115545,1,0,0.031678624,0
115546,1,1,0.5579055,1
115547,0,0,0.116261385,1
115548,0,0,0.34059486,1
115549,0,0,0.051130094,1
115550,0,1,0.49029663,0
115551,0,0,0.12373573,1
115552,1,1,0.99518895,1
115553,0,0,0.07606381,1
115554,0,1,0.4845325,0
115555,0,0,0.1635122,1
115556,0,0,0.34246156,1
115557,0,0,0.010673115,1
115558,1,1,1.0,1
115559,1,0,0.15869519,0
115560,0,1,0.56973296,0
115561,1,1,0.8406518,1
115562,1,0,0.050283972,0
115563,1,0,0.26331514,0
115564,1,1,0.973519,1
115565,1,0,0.18286288,0
115566,1,1,0.9999999,1
115567,0,0,0.18982127,1
115568,1,1,0.9999982,1
115569,0,1,0.95610446,0
115570,1,1,0.99999964,1
115571,1,1,0.99999976,1
115572,0,1,0.5039672,0
115573,0,1,0.9857729,0
115574,1,1,0.91891783,1
115575,1,1,1.0,1
115576,0,1,0.7547343,0
115577,1,0,0.3031126,0
115578,1,0,0.029507361,0
115579,0,1,0.55229825,0
115580,0,1,0.57975733,0
115581,1,1,0.76942694,1
115582,0,1,0.71107996,0
115583,1,1,0.99999917,1
115584,1,1,1.0,1
115585,0,0,0.089375086,1
115586,1,1,0.97869223,1
115587,1,1,0.9941004,1
115588,1,1,0.99998975,1
115589,1,1,0.9994286,1
115590,0,0,0.08277145,1
115591,0,0,0.12158143,1
115592,1,0,0.01627746,0
115593,1,1,0.82118756,1
115594,1,0,0.3192275,0
115595,1,1,0.7794058,1
115596,0,0,0.04344689,1
115597,1,0,0.16647205,0
115598,0,1,0.63346696,0
115599,1,0,0.008015269,0
115600,1,1,0.99964654,1
115601,0,1,0.9205757,0
115602,1,1,1.0,1
115603,0,1,0.7065449,0
115604,1,1,0.9999732,1
115605,1,0,0.0016776674,0
115606,1,0,0.009002837,0
115607,0,0,0.1363207,1
115608,0,1,0.42877147,0
115609,0,1,0.9991474,0
115610,0,1,0.97107434,0
115611,1,1,1.0,1
115612,1,0,0.15361264,0
115613,1,1,0.9995122,1
115614,0,0,0.016561339,1
115615,1,1,1.0,1
115616,1,0,0.01042845,0
115617,0,1,0.9872528,0
115618,1,0,0.274789,0
115619,1,1,0.9071478,1
115620,1,1,0.63176465,1
115621,1,1,0.5979014,1
115622,0,1,0.8183016,0
115623,1,1,0.9999448,1
115624,1,1,1.0,1
115625,1,1,0.9997998,1
115626,0,1,0.8409133,0
115627,0,0,0.069289416,1
115628,1,1,1.0,1
115629,1,1,0.99998724,1
115630,0,1,0.9986436,0
115631,1,1,1.0,1
115632,1,1,0.9999999,1
115633,1,1,0.3830353,1
115634,1,0,0.07369626,0
115635,1,1,0.76242405,1
115636,0,0,0.2150209,1
115637,0,1,0.6865277,0
115638,0,0,0.022264916,1
115639,0,0,0.088425905,1
115640,0,1,0.7410655,0
115641,0,1,0.9727014,0
115642,1,0,0.047293693,0
115643,0,0,0.02663241,1
115644,1,1,0.42530686,1
115645,1,1,0.9931229,1
115646,0,1,0.99386686,0
115647,1,1,0.9999094,1
115648,1,1,0.99996674,1
115649,1,1,0.9999999,1
115650,0,0,0.025202822,1
115651,1,1,0.9999542,1
115652,0,1,0.99998367,0
115653,1,1,0.9998141,1
115654,0,0,0.093016796,1
115655,0,0,0.116261385,1
115656,0,1,0.99002504,0
115657,0,1,0.9360516,0
115658,0,0,0.004564981,1
115659,1,1,0.988108,1
115660,0,0,0.113383114,1
115661,1,1,0.99999976,1
115662,0,0,0.28150436,1
115663,1,1,0.9999012,1
115664,1,1,0.84195566,1
115665,1,0,0.11221037,0
115666,0,1,0.36296922,0
115667,1,1,0.7339766,1
115668,0,1,0.9920773,0
115669,0,0,0.09696201,1
115670,1,1,0.9999995,1
115671,0,0,0.2723631,1
115672,1,1,0.9998702,1
115673,0,1,0.48349598,0
115674,0,1,0.99999976,0
115675,0,0,0.06047389,1
115676,0,1,0.9999907,0
115677,0,1,0.46857783,0
115678,1,0,0.12023207,0
115679,0,1,0.99996924,0
115680,0,1,0.36034834,0
115681,1,1,1.0,1
115682,1,0,0.039231926,0
115683,0,1,0.6962166,0
115684,0,0,0.14027737,1
115685,1,1,0.9589241,1
115686,0,0,0.13974822,1
115687,0,0,0.29512835,1
115688,0,0,0.0046545975,1
115689,1,1,0.9695556,1
115690,1,1,0.8072328,1
115691,1,0,0.06841291,0
115692,1,1,0.6953898,1
115693,0,0,0.018176932,1
115694,1,0,0.3263251,0
115695,1,1,1.0,1
115696,0,0,0.04611975,1
115697,1,1,1.0,1
115698,0,0,0.017934537,1
115699,0,1,0.49206612,0
115700,0,0,0.0018350842,1
115701,0,1,0.99469805,0
115702,1,1,1.0,1
115703,0,1,0.8016254,0
115704,0,1,0.9999924,0
115705,0,0,0.17567943,1
115706,1,1,1.0,1
115707,1,0,0.3150507,0
115708,0,0,0.04569203,1
115709,1,1,0.99996936,1
115710,1,1,1.0,1
115711,1,1,1.0,1
115712,1,1,0.99999964,1
115713,0,1,0.83031917,0
115714,1,1,1.0,1
115715,0,0,0.23152734,1
115716,1,1,1.0,1
115717,0,1,0.46845627,0
115718,1,0,0.04813677,0
115719,0,1,0.40771657,0
115720,0,0,0.3238076,1
115721,0,1,0.99739385,0
115722,1,1,0.99455196,1
115723,1,1,0.99998116,1
115724,1,1,0.9976265,1
115725,0,0,0.17866908,1
115726,1,0,0.20149878,0
115727,1,1,0.53035814,1
115728,0,1,0.9996743,0
115729,1,1,1.0,1
115730,1,1,0.50057983,1
115731,1,1,0.7327353,1
115732,1,1,0.5075068,1
115733,0,0,0.06650853,1
115734,0,0,0.10697014,1
115735,1,1,0.5437719,1
115736,1,1,0.9992505,1
115737,1,1,0.597373,1
115738,1,1,0.99994457,1
115739,1,0,0.15778463,0
115740,0,0,0.17252009,1
115741,0,1,0.9594972,0
115742,1,1,0.9888419,1
115743,1,1,0.58533823,1
115744,0,0,0.019662574,1
115745,0,0,0.23239724,1
115746,1,1,0.9999974,1
115747,1,1,0.59131026,1
115748,1,0,0.2043419,0
115749,1,1,0.9998141,1
115750,0,1,0.9854124,0
115751,0,1,0.9987453,0
115752,0,1,0.70952255,0
115753,0,1,0.3566707,0
115754,1,1,0.9999937,1
115755,1,1,1.0,1
115756,0,0,0.0362883,1
115757,0,0,0.0007962779,1
115758,1,1,0.99374664,1
115759,1,1,0.9997241,1
115760,0,1,0.7593147,0
115761,1,1,0.38986588,1
115762,1,1,0.9999969,1
115763,1,1,0.9857318,1
115764,1,1,1.0,1
115765,1,1,0.502716,1
115766,1,1,0.99952435,1
115767,1,1,0.8773717,1
115768,0,0,0.0374323,1
115769,1,0,0.048271183,0
115770,0,0,0.091220066,1
115771,0,1,0.9471371,0
115772,0,0,0.23126681,1
115773,1,1,0.99991107,1
115774,1,0,0.10484337,0
115775,1,1,0.9999999,1
115776,1,1,1.0,1
115777,0,0,0.18624303,1
115778,1,1,0.9999696,1
115779,0,0,0.22592856,1
115780,0,1,0.4472792,0
115781,0,1,0.99937123,0
115782,0,1,0.99966466,0
115783,1,1,0.99984646,1
115784,1,1,0.73786706,1
115785,0,0,0.15152933,1
115786,1,0,0.11289317,0
115787,0,0,0.02655657,1
115788,1,1,0.99999714,1
115789,1,0,0.073430054,0
115790,0,1,0.52409023,0
115791,1,1,0.5607338,1
115792,0,1,0.60818696,0
115793,1,1,0.99985576,1
115794,1,1,0.78249633,1
115795,1,1,0.8479678,1
115796,1,1,0.9819619,1
115797,1,1,0.6039902,1
115798,1,0,0.034132607,0
115799,1,1,0.99915576,1
115800,1,0,0.084341794,0
115801,1,1,0.9999958,1
115802,1,1,0.99572706,1
115803,1,1,0.98184055,1
115804,0,0,0.089136936,1
115805,1,1,0.98588216,1
115806,0,0,0.17667161,1
115807,1,1,0.42357725,1
115808,1,1,0.999764,1
115809,0,0,0.1462091,1
115810,1,1,0.9982351,1
115811,1,1,0.9999145,1
115812,1,1,0.9987281,1
115813,0,1,0.9973322,0
115814,0,1,0.984063,0
115815,0,0,0.05404875,1
115816,0,0,0.038466193,1
115817,0,0,0.30991066,1
115818,1,1,1.0,1
115819,0,0,0.044722572,1
115820,0,1,0.9781563,0
115821,0,0,0.24944724,1
115822,1,0,0.2821962,0
115823,1,0,0.28982374,0
115824,1,1,1.0,1
115825,1,1,0.68378913,1
115826,1,1,0.9905143,1
115827,1,1,1.0,1
115828,0,0,0.17773949,1
115829,0,1,0.98866826,0
115830,1,0,0.16620122,0
115831,1,1,0.41955876,1
115832,1,1,0.9830526,1
115833,1,1,0.37668043,1
115834,0,0,0.29706192,1
115835,1,1,0.9999995,1
115836,0,0,0.11153119,1
115837,0,1,0.9600252,0
115838,1,1,1.0,1
115839,0,1,0.99936,0
115840,0,1,0.9989936,0
115841,1,1,0.9999782,1
115842,1,1,0.9984812,1
115843,1,1,0.9999249,1
115844,0,1,0.9995566,0
115845,0,0,0.18728127,1
115846,0,1,0.96160597,0
115847,0,1,0.4120865,0
115848,0,1,0.9999212,0
115849,0,1,0.8451773,0
115850,1,1,0.8406518,1
115851,1,1,0.998092,1
115852,1,0,0.34301153,0
115853,1,1,0.99999964,1
115854,1,0,0.13916223,0
115855,1,1,0.9997241,1
115856,1,1,0.99999547,1
115857,1,1,1.0,1
115858,1,1,0.9995054,1
115859,0,0,0.1579794,1
115860,1,1,0.99997175,1
115861,1,0,0.15393034,0
115862,0,1,0.99677116,0
115863,0,0,0.20426252,1
115864,0,0,0.110855594,1
115865,1,1,1.0,1
115866,0,0,0.12028373,1
115867,0,1,0.99720997,0
115868,0,0,0.015072628,1
115869,0,1,0.99712723,0
115870,1,0,0.1685146,0
115871,0,0,0.18624303,1
115872,0,1,0.9933589,0
115873,0,1,0.99944717,0
115874,1,1,0.9993026,1
115875,1,1,1.0,1
115876,0,0,0.014172365,1
115877,0,0,0.052960765,1
115878,1,1,1.0,1
115879,0,1,0.9600627,0
115880,0,1,0.9920312,0
115881,1,1,0.93177354,1
115882,0,0,0.020606475,1
115883,1,1,0.9961004,1
115884,1,0,0.017814532,0
115885,1,1,0.99999964,1
115886,0,1,0.99993944,0
115887,1,0,0.11446747,0
115888,1,1,1.0,1
115889,1,1,0.5752898,1
115890,1,1,0.59854686,1
115891,0,0,0.1668111,1
115892,0,0,0.24908175,1
115893,0,1,0.9999995,0
115894,1,0,0.0050899177,0
115895,1,1,0.9670699,1
115896,1,0,0.08419108,0
115897,1,1,0.7421415,1
115898,0,1,0.99999607,0
115899,1,1,0.9770445,1
115900,1,1,0.87705624,1
115901,0,0,0.09081609,1
115902,0,1,0.99637836,0
115903,1,1,0.9999012,1
115904,1,1,0.996858,1
115905,0,1,0.5189728,0
115906,1,1,0.9987306,1
115907,0,1,1.0,0
115908,1,0,0.19884089,0
115909,1,1,0.98394,1
115910,1,0,0.038466193,0
115911,0,0,0.116110966,1
115912,1,1,0.9999995,1
115913,0,1,0.9974541,0
115914,0,1,0.9823386,0
115915,1,1,0.95275027,1
115916,1,1,0.9994547,1
115917,0,1,0.99999917,0
115918,1,1,0.66524744,1
115919,1,1,0.999995,1
115920,0,1,0.96253246,0
115921,1,1,0.9532751,1
115922,1,1,0.9996338,1
115923,0,0,0.051605962,1
115924,0,0,0.040692955,1
115925,1,1,0.9999995,1
115926,1,1,0.99932015,1
115927,1,1,0.9999666,1
115928,1,1,0.9956091,1
115929,1,1,1.0,1
115930,1,0,0.0729663,0
115931,0,1,0.99155444,0
115932,0,0,0.34336928,1
115933,0,1,0.85729086,0
115934,1,1,1.0,1
115935,0,1,0.9999976,0
115936,0,0,0.03746751,1
115937,0,1,0.89152807,0
115938,1,1,0.99998546,1
115939,0,1,0.6653562,0
115940,0,1,0.9976126,0
115941,1,1,0.99502736,1
115942,1,1,0.6426007,1
115943,0,1,0.85512674,0
115944,1,1,1.0,1
115945,1,1,0.99477994,1
115946,1,1,0.9999392,1
115947,0,0,0.2797301,1
115948,1,1,0.9920002,1
115949,1,1,1.0,1
115950,1,1,1.0,1
115951,0,1,0.77089626,0
115952,0,1,0.9749884,0
115953,1,1,0.99477994,1
115954,1,1,0.99968064,1
115955,0,1,0.99948967,0
115956,1,1,0.9998957,1
115957,0,1,0.35476828,0
115958,1,1,0.99922824,1
115959,1,1,0.999824,1
115960,0,0,0.024869107,1
115961,1,0,0.12315456,0
115962,1,1,0.9999906,1
115963,1,1,0.99996924,1
115964,0,0,0.02344229,1
115965,1,1,0.8997397,1
115966,0,1,0.99999833,0
115967,1,1,0.9999392,1
115968,1,1,0.5032348,1
115969,1,1,0.79944235,1
115970,0,0,0.042842172,1
115971,0,1,0.9999521,0
115972,0,0,0.2830872,1
115973,0,1,0.99948776,0
115974,0,1,0.8601343,0
115975,1,1,0.99317604,1
115976,1,1,0.9999999,1
115977,0,1,0.9790157,0
115978,1,1,0.99999976,1
115979,0,0,0.01200735,1
115980,1,0,0.20609397,0
115981,1,1,0.99158704,1
115982,0,0,9.06337e-05,1
115983,1,1,0.8804891,1
115984,1,1,0.8490974,1
115985,0,0,0.005353647,1
115986,1,1,1.0,1
115987,1,1,1.0,1
115988,0,1,0.98722816,0
115989,0,0,0.18952107,1
115990,1,0,0.32782966,0
115991,1,1,0.9781146,1
115992,1,1,0.8728902,1
115993,1,1,0.61236763,1
115994,1,0,0.055926174,0
115995,0,1,0.8814109,0
115996,1,0,0.043813635,0
115997,1,0,0.11889567,0
115998,0,0,0.025834186,1
115999,0,1,0.98780584,0
116000,0,0,0.00080095365,1
116001,1,0,0.11757212,0
116002,1,1,0.98240626,1
116003,0,0,0.14384791,1
116004,1,1,0.82544905,1
116005,0,1,0.9107044,0
116006,1,0,0.16505408,0
116007,1,1,0.99999976,1
116008,0,0,0.25608712,1
116009,0,0,0.1067837,1
116010,0,1,0.5115336,0
116011,0,1,0.9233162,0
116012,1,1,0.9985018,1
116013,0,1,0.5118996,0
116014,1,1,0.9999862,1
116015,1,1,0.9937709,1
116016,1,1,0.9990264,1
116017,1,1,0.85452086,1
116018,0,1,0.93674946,0
116019,0,1,0.99329424,0
116020,0,1,0.3918713,0
116021,1,1,0.7672542,1
116022,0,1,0.46025857,0
116023,0,0,0.0606962,1
116024,0,0,0.07043161,1
116025,1,1,1.0,1
116026,0,0,0.108850285,1
116027,0,0,0.0061929906,1
116028,1,1,0.99999917,1
116029,0,1,0.98735064,0
116030,1,1,1.0,1
116031,1,1,1.0,1
116032,1,0,0.09113915,0
116033,0,1,0.9999949,0
116034,0,1,0.48114908,0
116035,1,1,0.73225695,1
116036,0,0,0.09057448,1
116037,0,1,1.0,0
116038,0,0,0.32204607,1
116039,0,1,0.9951984,0
116040,0,0,0.16118816,1
116041,1,0,0.10158944,0
116042,1,0,0.14258969,0
116043,0,1,0.60270476,0
116044,1,1,0.98623115,1
116045,0,1,0.999213,0
116046,1,1,0.99986553,1
116047,1,1,0.9999995,1
116048,0,1,0.8059378,0
116049,1,1,0.9999839,1
116050,0,1,0.46490157,0
116051,0,0,0.0143232355,1
116052,1,1,0.5110456,1
116053,1,1,0.97790456,1
116054,1,1,0.999577,1
116055,1,0,0.11904921,0
116056,1,1,1.0,1
116057,1,1,1.0,1
116058,1,1,1.0,1
116059,0,0,0.034979645,1
116060,1,1,0.9999225,1
116061,1,1,0.9999875,1
116062,1,1,0.9999918,1
116063,0,0,0.12814279,1
116064,1,1,0.97852874,1
116065,1,0,0.32332665,0
116066,1,1,0.6808256,1
116067,1,1,0.9996295,1
116068,0,0,0.058131598,1
116069,1,1,0.91928095,1
116070,1,0,0.28577045,0
116071,1,1,0.99999344,1
116072,1,1,0.9441254,1
116073,1,0,0.043487497,0
116074,1,1,0.9815244,1
116075,1,1,0.9999963,1
116076,0,1,0.7591808,0
116077,0,0,0.19759926,1
116078,0,1,0.8112278,0
116079,1,1,0.97110176,1
116080,0,0,0.16132024,1
116081,0,0,0.09426001,1
116082,1,1,0.6932134,1
116083,0,1,0.7255514,0
116084,1,1,1.0,1
116085,0,0,0.048903175,1
116086,0,1,0.9999999,0
116087,1,1,0.9563497,1
116088,1,1,1.0,1
116089,1,1,0.9989956,1
116090,1,1,0.9999933,1
116091,1,1,0.8857304,1
116092,1,1,0.40212795,1
116093,1,1,0.72535694,1
116094,1,1,0.3690308,1
116095,1,0,0.06471258,0
116096,0,1,0.49154744,0
116097,0,0,0.08291986,1
116098,0,1,0.999944,0
116099,1,1,0.9999914,1
116100,0,0,0.0070938617,1
116101,1,1,0.9999943,1
116102,1,1,1.0,1
116103,0,0,0.031114377,1
116104,0,1,0.5227504,0
116105,0,1,0.59484553,0
116106,0,0,0.030415535,1
116107,0,0,0.12934773,1
116108,0,0,0.069921836,1
116109,1,1,0.9999918,1
116110,0,1,0.993807,0
116111,0,1,0.6608841,0
116112,0,0,0.06548521,1
116113,1,1,0.99946314,1
116114,1,0,0.06142404,0
116115,1,1,0.9999286,1
116116,0,1,0.37307605,0
116117,1,1,0.99998665,1
116118,1,0,0.08525123,0
116119,1,1,0.43509126,1
116120,0,1,0.9996026,0
116121,0,1,0.8959786,0
116122,1,1,0.5409239,1
116123,0,1,0.80193585,0
116124,1,1,0.9999778,1
116125,0,1,0.99999857,0
116126,1,0,0.012771868,0
116127,0,1,0.99995446,0
116128,1,1,0.9999869,1
116129,1,0,0.20641372,0
116130,1,1,0.9859634,1
116131,0,1,0.69549316,0
116132,1,1,1.0,1
116133,0,1,0.9901211,0
116134,1,1,1.0,1
116135,1,1,0.88263035,1
116136,1,1,0.99415743,1
116137,1,1,0.5126316,1
116138,0,0,0.087096825,1
116139,0,1,0.9972584,0
116140,1,1,0.61144,1
116141,0,0,0.120438814,1
116142,0,0,0.13000904,1
116143,1,1,1.0,1
116144,0,1,0.5455884,0
116145,1,0,0.06650853,0
116146,1,1,1.0,1
116147,0,1,0.6989977,0
116148,1,1,0.8398654,1
116149,0,0,0.21436231,1
116150,0,0,0.1504028,1
116151,1,0,0.2905781,0
116152,0,0,0.08889936,1
116153,1,1,1.0,1
116154,1,1,0.9988575,1
116155,1,1,1.0,1
116156,1,0,0.023153413,0
116157,0,1,0.95257413,0
116158,1,1,0.8850366,1
116159,0,0,0.11889567,1
116160,1,1,1.0,1
116161,1,1,0.9996381,1
116162,1,1,0.99999356,1
116163,1,1,0.9975177,1
116164,0,1,0.4548656,0
116165,1,1,0.5190947,1
116166,0,0,0.08100938,1
116167,0,1,0.4253367,0
116168,1,1,0.99997044,1
116169,0,1,0.84606963,0
116170,0,1,0.8943289,0
116171,1,0,0.051941562,0
116172,1,1,1.0,1
116173,1,1,1.0,1
116174,1,1,1.0,1
116175,0,1,0.9771538,0
116176,1,1,1.0,1
116177,1,1,0.8159668,1
116178,1,1,0.9600627,1
116179,0,0,0.024376595,1
116180,1,1,0.9675024,1
116181,0,1,0.999985,0
116182,1,1,0.99971753,1
116183,0,1,0.91781974,0
116184,1,1,0.38777727,1
116185,1,1,0.72564864,1
116186,1,0,0.013096004,0
116187,0,1,0.99999714,0
116188,1,1,0.9861247,1
116189,0,0,0.20497774,1
116190,0,0,0.033242542,1
116191,1,1,0.85427785,1
116192,1,0,0.091544405,0
116193,1,1,0.9993917,1
116194,1,0,0.016882466,0
116195,1,1,1.0,1
116196,1,0,0.074567616,0
116197,1,1,0.6220002,1
116198,0,1,0.9056566,0
116199,0,1,0.8976056,0
116200,0,1,0.8275496,0
116201,0,1,0.37142158,0
116202,1,1,0.9404078,1
116203,1,1,1.0,1
116204,1,1,0.9999945,1
116205,1,1,0.9999988,1
116206,1,1,0.9652504,1
116207,1,0,0.07243961,0
116208,1,0,0.30533472,0
116209,0,1,0.9971495,0
116210,1,1,0.99393785,1
116211,1,1,0.9201462,1
116212,0,1,0.79270506,0
116213,0,1,0.8894329,0
116214,0,0,0.21362315,1
116215,1,1,0.388618,1
116216,1,0,0.2243952,0
116217,1,1,1.0,1
116218,0,1,0.72491896,0
116219,1,1,0.9999999,1
116220,1,1,0.9987207,1
116221,1,1,0.9959849,1
116222,0,0,0.33193132,1
116223,1,1,1.0,1
116224,1,1,0.9994173,1
116225,1,1,1.0,1
116226,0,1,0.69693893,0
116227,1,0,0.11666332,0
116228,0,1,0.75770473,0
116229,0,1,0.9324533,0
116230,1,0,0.30954528,0
116231,1,1,0.42101607,1
116232,1,1,0.91550726,1
116233,1,0,0.10105591,0
116234,1,1,1.0,1
116235,1,1,0.9853279,1
116236,1,1,0.9890765,1
116237,0,1,0.98932695,0
116238,0,1,0.99248135,0
116239,0,0,0.03393996,1
116240,0,0,0.11813051,1
116241,1,1,0.85573065,1
116242,1,0,0.068975195,0
116243,1,0,0.1466363,0
116244,1,1,0.996123,1
116245,0,0,0.03618598,1
116246,1,1,1.0,1
116247,1,1,1.0,1
116248,1,1,1.0,1
116249,1,1,0.59472775,1
116250,1,1,0.9499951,1
116251,0,0,0.34251657,1
116252,1,0,0.055515114,0
116253,0,1,0.82949203,0
116254,1,1,0.81699115,1
116255,1,1,0.63414687,1
116256,1,1,0.9745077,1
116257,1,1,0.40833575,1
116258,1,1,1.0,1
116259,1,1,0.96653706,1
116260,1,0,0.019124035,0
116261,0,0,0.09653531,1
116262,1,1,0.99999976,1
116263,0,0,0.19079942,1
116264,1,0,0.17342815,0
116265,1,1,0.93874466,1
116266,1,0,0.34152758,0
116267,1,0,0.1899715,0
116268,1,1,1.0,1
116269,1,1,0.99999976,1
116270,1,1,1.0,1
116271,0,1,0.6021201,0
116272,1,1,0.9999993,1
116273,0,0,0.031678624,1
116274,1,1,0.9999714,1
116275,0,0,0.020824393,1
116276,1,0,0.3213535,0
116277,1,0,0.10687689,0
116278,1,1,0.9797647,1
116279,0,1,0.6811968,0
116280,1,1,1.0,1
116281,1,1,0.99820733,1
116282,0,1,0.95400894,0
116283,0,1,0.6916536,0
116284,1,0,0.3245564,0
116285,1,1,0.9999956,1
116286,0,1,0.9977743,0
116287,1,1,0.99998224,1
116288,0,0,0.22329238,1
116289,1,1,0.993807,1
116290,0,0,0.04624881,1
116291,0,0,0.18892181,1
116292,0,1,0.7584211,0
116293,1,0,0.17307846,0
116294,1,1,0.9839708,1
116295,1,1,0.9999999,1
116296,0,1,0.9995753,0
116297,1,1,0.99603915,1
116298,0,0,0.0551069,1
116299,0,0,0.10631887,1
116300,1,1,0.99999785,1
116301,1,1,0.481271,1
116302,0,0,0.25460163,1
116303,1,0,0.02017732,0
116304,0,1,0.9913892,0
116305,1,1,0.9935743,1
116306,1,0,0.022350112,0
116307,1,1,0.82810634,1
116308,0,1,0.99920374,0
116309,0,1,0.9972904,0
116310,1,1,0.6929018,1
116311,0,1,0.99719363,0
116312,1,1,0.9999101,1
116313,0,0,0.16257937,1
116314,0,1,0.6264099,0
116315,1,0,0.3245564,0
116316,1,1,0.7433543,1
116317,1,1,0.99991035,1
116318,1,1,0.9427707,1
116319,0,1,0.7871142,0
116320,1,1,0.99999976,1
116321,0,0,0.33437207,1
116322,1,1,0.96189344,1
116323,1,1,0.9091032,1
116324,1,1,0.9906961,1
116325,0,0,0.109324835,1
116326,1,1,0.99999964,1
116327,1,1,0.9944559,1
116328,0,0,0.31869712,1
116329,1,0,0.0123360995,0
116330,0,1,0.85427785,0
116331,1,1,0.80837,1
116332,1,1,0.5062863,1
116333,0,1,0.5178757,0
116334,0,1,0.9928786,0
116335,1,1,0.9559813,1
116336,0,0,0.07835981,1
116337,1,0,0.282493,0
116338,1,1,0.9909972,1
116339,0,0,0.30787802,1
116340,1,0,0.009143315,0
116341,1,1,0.9964134,1
116342,1,0,0.08889936,0
116343,0,1,0.53892255,0
116344,0,0,0.020429844,1
116345,0,0,0.2686535,1
116346,1,1,0.99999964,1
116347,1,0,0.17504396,0
116348,0,0,0.3022881,1
116349,1,1,0.4906017,1
116350,0,0,0.07654563,1
116351,0,1,0.98953116,0
116352,0,1,0.96448904,0
116353,0,1,0.99942964,0
116354,0,1,0.78199726,0
116355,0,1,0.35913932,0
116356,1,1,1.0,1
116357,1,0,0.0055119335,0
116358,0,1,0.67410415,0
116359,0,0,0.1308397,1
116360,1,1,0.9999976,1
116361,0,1,0.81888175,0
116362,1,1,0.8477158,1
116363,0,1,0.45701554,0
116364,1,1,0.9801483,1
116365,1,1,0.99999976,1
116366,1,1,0.9993869,1
116367,1,1,0.41869688,1
116368,0,0,0.072243005,1
116369,0,0,0.15739572,1
116370,0,0,0.0053122053,1
116371,0,1,0.9944666,0
116372,1,1,0.9999424,1
116373,1,0,0.3504214,0
116374,1,1,1.0,1
116375,0,1,0.9794526,0
116376,1,1,0.9999919,1
116377,1,1,0.9999969,1
116378,1,1,0.9999987,1
116379,1,1,0.9996594,1
116380,0,0,0.09268777,1
116381,1,0,0.06142404,0
116382,0,1,0.4681219,0
116383,1,1,0.9999931,1
116384,1,1,0.8773717,1
116385,1,1,0.39744133,1
116386,0,0,0.34820172,1
116387,1,0,0.06412401,0
116388,1,1,0.98873377,1
116389,1,1,0.99559206,1
116390,1,1,0.8362874,1
116391,1,1,0.8115267,1
116392,1,1,0.9785493,1
116393,1,1,0.9998517,1
116394,0,1,0.5239075,0
116395,1,1,0.9918121,1
116396,0,0,0.0066928505,1
116397,1,0,0.08525123,0
116398,0,0,0.114963345,1
116399,1,1,1.0,1
116400,1,1,0.9971717,1
116401,1,1,0.976513,1
116402,1,1,0.99999917,1
116403,1,1,0.99999845,1
116404,1,0,0.1292378,0
116405,0,1,0.8115267,0
116406,1,1,1.0,1
116407,0,0,0.032805953,1
116408,0,0,0.32670093,1
116409,1,1,0.4303568,1
116410,0,0,0.20275874,1
116411,0,1,0.43749303,0
116412,1,1,0.99999166,1
116413,0,1,0.9763331,0
116414,1,0,0.03652812,0
116415,1,1,0.99999976,1
116416,1,1,0.9970765,1
116417,0,0,0.10631887,1
116418,0,0,0.009840806,1
116419,1,1,0.9985306,1
116420,0,1,0.91359943,0
116421,0,1,0.99991906,0
116422,0,0,0.09955772,1
116423,1,1,1.0,1
116424,0,1,0.96050966,0
116425,0,0,0.07329728,1
116426,0,0,0.049222115,1
116427,0,1,0.4631407,0
116428,0,1,0.9899671,0
116429,1,1,0.99998,1
116430,1,1,0.99997604,1
116431,1,0,0.032100704,0
116432,0,1,0.9155828,0
116433,1,1,0.99983525,1
116434,1,1,1.0,1
116435,0,0,0.02344229,1
116436,1,0,0.20963144,0
116437,1,1,0.7192358,1
116438,0,0,0.14675854,1
116439,1,1,0.6653562,1
116440,1,1,0.9999999,1
116441,1,1,0.9921841,1
116442,0,1,0.9999999,0
116443,0,1,0.998103,0
116444,1,1,0.9999225,1
116445,0,0,0.0808641,1
116446,0,1,0.92421025,0
116447,1,1,0.99999905,1
116448,0,0,0.15065254,1
116449,0,1,0.9991013,0
116450,1,1,0.99999845,1
116451,1,1,1.0,1
116452,1,1,0.99929035,1
116453,0,1,0.8529355,0
116454,1,1,0.9999664,1
116455,0,0,0.020844316,1
116456,0,0,0.2520157,1
116457,1,1,0.47822425,1
116458,0,0,0.19775413,1
116459,1,1,0.9984603,1
116460,1,1,0.9827738,1
116461,1,0,0.26635727,0
116462,1,1,0.9999385,1
116463,0,0,0.25767168,1
116464,0,0,0.23187502,1
116465,1,1,0.99999845,1
116466,1,1,0.999997,1
116467,1,1,0.98442644,1
116468,1,1,0.93587595,1
116469,0,0,0.043204032,1
116470,0,1,0.572663,0
116471,1,1,0.99958426,1
116472,0,0,0.058614686,1
116473,1,1,0.9990226,1
116474,0,1,0.49029663,0
116475,1,1,0.99997103,1
116476,0,0,0.07303238,1
116477,1,0,0.32156652,0
116478,0,1,0.65296096,0
116479,1,1,1.0,1
116480,0,0,0.08479541,1
116481,0,1,0.87779135,0
116482,0,0,0.02041031,1
116483,0,1,0.9999633,0
116484,0,0,0.03642515,1
116485,1,1,0.9999999,1
116486,1,1,1.0,1
116487,0,0,0.090896755,1
116488,1,1,1.0,1
116489,1,0,0.33867836,0
116490,0,1,0.52476,0
116491,0,1,0.44101086,0
116492,0,0,0.021532876,1
116493,1,1,0.99964786,1
116494,1,1,0.9967013,1
116495,1,1,0.71963,1
116496,0,0,0.14163724,1
116497,1,1,0.92310846,1
116498,0,1,0.52171487,0
116499,1,0,0.03213106,0
116500,0,1,0.4606225,0
116501,0,0,0.13811268,1
116502,1,0,0.023464657,0
116503,0,1,0.74312145,0
116504,1,1,0.70115066,1
116505,0,0,0.20212801,1
116506,0,0,0.29685804,1
116507,1,1,0.99995995,1
116508,1,1,0.99400806,1
116509,1,0,0.04023794,0
116510,0,1,0.57385755,0
116511,0,1,0.6220576,0
116512,0,1,0.90087914,0
116513,0,0,0.14596547,1
116514,1,0,0.037361998,0
116515,0,1,0.93189764,0
116516,1,1,0.995793,1
116517,1,0,0.11501305,0
116518,1,0,0.13067321,0
116519,1,1,0.87396973,1
116520,0,1,0.68621236,0
116521,1,1,0.7151754,1
116522,1,1,0.99995303,1
116523,1,1,0.99999905,1
116524,1,0,0.33361176,0
116525,0,1,0.99984586,0
116526,0,0,0.05033063,1
116527,0,0,0.0020507437,1
116528,0,1,0.7349764,0
116529,1,1,1.0,1
116530,1,1,0.6142205,1
116531,0,0,0.013689475,1
116532,1,1,0.65924066,1
116533,0,0,0.005011402,1
116534,1,1,0.99999416,1
116535,0,0,0.19452079,1
116536,1,1,0.9999999,1
116537,1,0,0.10008423,0
116538,0,1,0.99783427,0
116539,0,1,0.95945925,0
116540,1,1,0.99999917,1
116541,1,0,0.13128456,0
116542,0,0,0.045479592,1
116543,0,0,0.26966205,1
116544,1,0,0.34185708,0
116545,0,1,0.6226315,0
116546,0,1,0.61687815,0
116547,0,1,0.38052872,0
116548,1,1,0.9984812,1
116549,0,1,0.36727026,0
116550,0,0,0.057018865,1
116551,1,1,0.7977932,1
116552,0,1,0.7072531,0
116553,0,1,0.92988735,0
116554,1,1,0.8348113,1
116555,0,0,0.32788348,1
116556,1,1,0.51305854,1
116557,0,1,0.95154905,0
116558,1,1,0.9968945,1
116559,0,1,0.8808996,0
116560,1,1,0.9999987,1
116561,0,0,0.2244802,1
116562,1,1,0.9999999,1
116563,0,0,0.29209024,1
116564,1,1,0.57821006,1
116565,1,1,0.9872773,1
116566,1,1,0.9999585,1
116567,0,1,0.9981141,0
116568,1,1,0.59508085,1
116569,1,1,0.6420398,1
116570,1,0,0.31426096,0
116571,0,1,0.99509466,0
116572,1,1,0.41054946,1
116573,0,0,0.05075239,1
116574,1,1,1.0,1
116575,0,0,0.095940754,1
116576,1,0,0.045734633,0
116577,0,1,0.68956697,0
116578,1,0,4.7664394e-06,0
116579,1,1,0.999985,1
116580,1,1,0.9999993,1
116581,1,1,0.9999982,1
116582,1,1,0.85693204,1
116583,0,0,0.13128456,1
116584,0,0,0.19954187,1
116585,0,1,0.9418149,0
116586,0,1,0.8987666,0
116587,1,1,0.70380396,1
116588,0,0,0.088820286,1
116589,0,0,0.10017222,1
116590,1,1,0.99977034,1
116591,0,1,0.999992,0
116592,1,0,0.09825224,0
116593,1,1,0.68841606,1
116594,1,1,0.41700438,1
116595,1,1,0.93546456,1
116596,0,0,0.048092045,1
116597,0,0,0.08014123,1
116598,1,0,0.18249834,0
116599,1,1,0.9998517,1
116600,0,0,0.29762304,1
116601,1,1,0.6766733,1
116602,1,1,0.9999988,1
116603,1,1,0.999997,1
116604,1,1,0.996682,1
116605,1,1,0.99991715,1
116606,0,1,0.9998977,0
116607,1,1,0.99182796,1
116608,1,1,0.53212124,1
116609,1,1,0.99341017,1
116610,0,0,0.019813737,1
116611,0,0,0.07885492,1
116612,1,1,0.99530905,1
116613,0,0,0.10297931,1
116614,1,1,0.98662347,1
116615,1,1,0.9999993,1
116616,0,0,0.09057448,1
116617,0,0,0.12776141,1
116618,1,1,0.9999738,1
116619,1,1,0.99248135,1
116620,1,1,0.6342602,1
116621,0,0,0.083441176,1
116622,0,0,0.16505408,1
116623,0,0,0.16844618,1
116624,1,1,0.9732661,1
116625,0,0,0.10613344,1
116626,1,0,0.21109137,0
116627,1,0,0.17895591,0
116628,0,1,0.5009155,0
116629,1,1,0.99919754,1
116630,0,0,0.15934816,1
116631,1,0,0.029986508,0
116632,1,1,0.5131196,1
116633,1,1,0.5801142,1
116634,1,0,0.30399004,0
116635,1,0,0.08593914,0
116636,1,1,0.99999976,1
116637,1,1,0.9998932,1
116638,0,0,0.21584621,1
116639,0,1,0.73177797,0
116640,0,1,0.9956176,0
116641,0,1,0.9996567,0
116642,0,0,0.04556445,1
116643,0,0,0.023219766,1
116644,0,0,0.21223202,1
116645,0,0,0.14414886,1
116646,1,1,0.84606963,1
116647,1,1,1.0,1
116648,1,1,0.93863225,1
116649,1,1,1.0,1
116650,1,1,0.9999995,1
116651,0,1,0.9860174,0
116652,1,1,0.99999666,1
116653,0,1,0.7937462,0
116654,0,1,0.9907141,0
116655,1,1,0.9566342,1
116656,0,0,0.28982374,1
116657,0,1,0.9997594,0
116658,0,1,0.9761519,0
116659,1,1,0.9459513,1
116660,0,1,0.66698503,0
116661,0,0,0.21667379,1
116662,1,1,0.9999999,1
116663,1,0,0.29088014,0
116664,1,0,0.039379433,0
116665,0,1,0.6045157,0
116666,0,1,0.9996892,0
116667,1,0,0.026056305,0
116668,1,1,0.938124,1
116669,1,1,0.99992657,1
116670,0,1,0.88543355,0
116671,0,1,0.7623356,0
116672,1,0,0.009285965,0
116673,0,0,0.037963696,1
116674,1,1,0.99973875,1
116675,0,0,0.17064616,1
116676,1,1,0.9766024,1
116677,0,0,0.09326426,1
116678,0,1,0.9976859,0
116679,1,1,1.0,1
116680,1,1,1.0,1
116681,1,1,0.9976993,1
116682,1,1,0.99992454,1
116683,1,1,1.0,1
116684,0,0,0.33851433,1
116685,0,1,0.943919,0
116686,1,1,0.99456257,1
116687,1,1,0.5619962,1
116688,0,0,0.16398025,1
116689,1,0,0.09476145,0
116690,1,1,0.9999782,1
116691,1,1,0.99979264,1
116692,0,0,0.16674323,1
116693,1,0,0.1588256,0
116694,1,0,0.034553625,0
116695,0,1,0.45792443,0
116696,0,1,0.99398476,0
116697,0,1,0.8626991,0
116698,0,1,0.82161736,0
116699,1,1,0.8900078,1
116700,1,0,0.024307016,0
116701,1,1,0.9999763,1
116702,1,0,0.18967113,0
116703,0,1,0.99620515,0
116704,0,1,0.89460546,0
116705,1,0,0.042285025,0
116706,1,1,0.81449586,1
116707,1,1,0.99403125,1
116708,1,1,0.9999945,1
116709,0,0,0.017226238,1
116710,1,1,0.952131,1
116711,1,1,0.5939037,1
116712,0,1,0.8135349,0
116713,1,0,0.058131598,0
116714,0,1,0.96992815,0
116715,1,1,0.9913054,1
116716,1,1,0.8533026,1
116717,1,1,0.98197925,1
116718,0,0,0.029008126,1
116719,0,0,0.032682236,1
116720,0,0,0.014785409,1
116721,1,1,1.0,1
116722,1,1,0.9921233,1
116723,0,1,0.99760795,0
116724,0,1,0.8698252,0
116725,1,1,0.9986541,1
116726,1,1,0.9999039,1
116727,1,1,1.0,1
116728,1,0,0.06872476,0
116729,1,1,0.99843913,1
116730,1,1,1.0,1
116731,1,1,0.9995932,1
116732,1,0,0.13706978,0
116733,1,0,0.024330191,0
116734,1,1,1.0,1
116735,0,0,0.09704756,1
116736,1,1,0.99999976,1
116737,0,1,0.96295285,0
116738,1,1,0.9848984,1
116739,1,0,0.15084006,0
116740,1,1,0.98282325,1
116741,1,1,0.9999548,1
116742,0,1,0.45740935,0
116743,1,1,1.0,1
116744,1,1,0.4043898,1
116745,1,1,1.0,1
116746,1,1,0.6778473,1
116747,1,1,0.97682446,1
116748,1,0,0.23899394,0
116749,1,1,0.9991736,1
116750,1,1,0.91884506,1
116751,1,1,0.99997556,1
116752,0,1,0.43368167,0
116753,1,1,0.9861514,1
116754,1,1,0.98932695,1
116755,1,1,0.82290184,1
116756,0,0,0.03989989,1
116757,0,0,0.004133968,1
116758,0,0,0.03188899,1
116759,1,1,0.99850756,1
116760,1,1,0.999723,1
116761,1,1,0.9999001,1
116762,1,1,1.0,1
116763,0,1,0.77449816,0
116764,0,1,0.6234342,0
116765,1,0,0.044764314,0
116766,0,0,0.045099564,1
116767,1,0,0.08787644,0
116768,0,1,0.99361163,0
116769,0,0,0.33807713,1
116770,0,0,0.047293693,1
116771,1,0,0.025565214,0
116772,0,0,0.06267437,1
116773,0,0,0.030243218,1
116774,0,1,0.99936384,0
116775,1,1,1.0,1
116776,1,0,0.12389466,0
116777,0,1,0.9999974,0
116778,1,1,0.99967873,1
116779,0,0,0.2691815,1
116780,0,1,0.9991474,0
116781,1,1,0.9986827,1
116782,0,0,0.018707229,1
116783,1,1,0.9278225,1
116784,1,1,0.48419714,1
116785,1,1,0.9213576,1
116786,0,0,0.1466363,1
116787,1,1,0.99999285,1
116788,0,1,0.36880344,0
116789,0,0,0.045268096,1
116790,1,1,0.6350527,1
116791,1,1,0.9992489,1
116792,1,1,0.97624266,1
116793,0,0,0.08381536,1
116794,1,1,0.80639565,1
116795,0,0,0.028625505,1
116796,1,0,0.11250255,0
116797,1,0,0.055208687,0
116798,0,0,0.20769641,1
116799,0,1,0.9983418,0
116800,1,1,0.9999981,1
116801,0,0,0.0524731,1
116802,0,0,0.16020033,1
116803,1,0,0.07356305,0
116804,0,0,0.057440385,1
116805,1,1,0.9992735,1
116806,1,1,0.9480585,1
116807,1,1,1.0,1
116808,1,1,0.9997414,1
116809,0,0,0.32944563,1
116810,0,1,0.3826027,0
116811,1,1,0.6534034,1
116812,1,1,1.0,1
116813,0,0,0.12002561,1
116814,0,1,0.47201416,0
116815,1,1,0.98466414,1
116816,1,0,0.04324442,0
116817,0,1,0.99550545,0
116818,1,1,1.0,1
116819,1,1,0.99907637,1
116820,0,0,0.20963144,1
116821,1,1,0.66557366,1
116822,1,1,0.6699068,1
116823,1,1,0.999997,1
116824,1,1,1.0,1
116825,1,1,1.0,1
116826,0,0,0.096195176,1
116827,1,1,1.0,1
116828,1,1,0.9739189,1
116829,0,0,0.15046519,1
116830,0,1,0.9957353,0
116831,1,1,0.3881251,1
116832,1,1,0.9996499,1
116833,1,1,0.9985306,1
116834,0,0,0.14572217,1
116835,0,0,0.14602636,1
116836,0,1,0.5675172,0
116837,1,1,0.891811,1
116838,1,1,0.97142875,1
116839,0,1,0.81405276,0
116840,1,1,0.99724776,1
116841,0,0,0.04836099,1
116842,0,1,0.9887554,0
116843,0,0,0.20149878,1
116844,0,0,0.10734387,1
116845,0,0,0.13134027,1
116846,0,1,0.9295044,0
116847,1,0,0.24328268,0
116848,1,1,0.99974686,1
116849,1,1,1.0,1
116850,0,0,0.035344075,1
116851,0,1,0.8769508,0
116852,1,1,0.9353465,1
116853,1,1,0.37227693,1
116854,0,1,0.99966526,0
116855,1,0,0.12907304,0
116856,0,1,0.618262,0
116857,1,1,0.9640178,1
116858,0,0,0.17888416,1
116859,0,1,0.99053264,0
116860,1,1,0.99922514,1
116861,1,1,0.4356614,1
116862,0,0,0.049589023,1
116863,1,1,0.9972584,1
116864,1,1,0.92255217,1
116865,1,1,0.9999993,1
116866,1,1,0.98125684,1
116867,1,1,1.0,1
116868,1,1,0.49755862,1
116869,0,1,0.9891816,0
116870,0,0,0.039416388,1
116871,1,1,0.8957965,1
116872,0,0,0.2004794,1
116873,1,1,0.40854222,1
116874,0,0,0.049313605,1
116875,1,1,0.9999995,1
116876,1,0,0.054550216,0
116877,1,0,0.25571522,0
116878,1,1,0.9999999,1
116879,0,0,0.010881333,1
116880,1,1,0.99986815,1
116881,0,0,0.033431362,1
116882,0,0,0.0060739345,1
116883,0,0,0.11279541,1
116884,1,1,0.94644845,1
116885,0,0,0.2830872,1
116886,0,0,0.22405545,1
116887,0,0,0.14946929,1
116888,1,1,0.9999999,1
116889,0,1,0.58646363,0
116890,1,0,0.06153674,0
116891,1,0,0.11797801,0
116892,1,1,0.9999994,1
116893,0,0,0.33769476,1
116894,0,1,0.5353414,0
116895,0,0,0.00019185213,1
116896,1,0,0.03027187,0
116897,1,0,0.25650594,0
116898,1,1,1.0,1
116899,0,0,0.090735495,1
116900,1,0,0.23135361,0
116901,0,0,0.11230769,1
116902,1,1,1.0,1
116903,1,1,1.0,1
116904,0,1,0.5024414,0
116905,1,0,0.029479409,0
116906,0,0,0.22652687,1
116907,1,1,0.9999968,1
116908,1,1,1.0,1
116909,1,1,0.99999917,1
116910,0,0,0.30819023,1
116911,0,0,0.007922628,1
116912,1,1,0.99379504,1
116913,0,0,0.083441176,1
116914,1,1,0.99999833,1
116915,0,1,0.99920374,0
116916,1,1,0.6735676,1
116917,1,1,0.55543524,1
116918,1,1,1.0,1
116919,1,1,0.891055,1
116920,1,1,0.9994307,1
116921,1,1,0.39902103,1
116922,1,1,0.6994084,1
116923,1,1,0.9875923,1
116924,0,0,0.24662407,1
116925,0,0,0.062273983,1
116926,0,1,0.9989759,0
116927,1,0,0.091382094,0
116928,1,0,0.28209728,0
116929,1,1,1.0,1
116930,0,0,0.09484525,1
116931,0,0,0.17245041,1
116932,1,1,0.9999945,1
116933,1,0,0.17133832,0
116934,1,1,0.99999964,1
116935,1,1,0.9999733,1
116936,1,1,0.9999999,1
116937,1,1,0.9999999,1
116938,0,0,0.23554772,1
116939,0,1,0.6396798,0
116940,1,1,0.9999925,1
116941,0,0,0.06626642,1
116942,1,0,0.080213256,0
116943,0,1,0.72812045,0
116944,1,1,0.99864894,1
116945,0,1,0.83169055,0
116946,1,1,0.9993869,1
116947,0,0,0.10087861,1
116948,0,0,0.1800346,1
116949,1,0,0.27357438,0
116950,1,1,1.0,1
116951,0,0,0.031261913,1
116952,0,0,0.14651415,1
116953,1,1,0.87800074,1
116954,0,1,0.35972953,0
116955,0,0,0.10484337,1
116956,1,0,0.03739713,0
116957,0,1,0.63493955,0
116958,0,0,0.24889913,1
116959,1,1,0.9382373,1
116960,1,0,0.023576804,0
116961,1,0,0.12179017,0
116962,1,1,0.99998367,1
116963,1,1,0.9999871,1
116964,1,1,0.49450707,1
116965,0,1,0.891339,0
116966,0,1,0.39027253,0
116967,0,1,0.6400174,0
116968,0,0,0.05094091,1
116969,0,0,0.13330236,1
116970,0,0,0.21858597,1
116971,0,1,0.47122324,0
116972,0,1,0.4971314,0
116973,1,1,0.9987081,1
116974,0,1,0.58498263,0
116975,1,0,0.16789973,0
116976,0,1,0.99845123,0
116977,1,0,0.09645018,0
116978,1,0,0.00015416334,0
116979,1,1,0.9999995,1
116980,0,0,0.03541073,1
116981,1,1,0.9998902,1
116982,1,1,0.9974934,1
116983,1,1,0.8178656,1
116984,0,1,0.99801993,0
116985,1,1,0.97803074,1
116986,1,1,0.99998105,1
116987,1,1,0.848847,1
116988,0,1,0.77864933,0
116989,1,0,0.20979328,0
116990,1,1,0.7308185,1
116991,0,0,0.07723879,1
116992,0,0,0.043895524,1
116993,1,1,0.97877365,1
116994,1,0,0.025908018,0
116995,0,0,0.30440342,1
116996,1,0,0.32648614,0
116997,0,0,0.05500529,1
116998,1,1,0.96771675,1
116999,1,1,0.95626813,1
117000,1,1,0.9946568,1
117001,0,1,0.9014011,0
117002,0,0,0.0109234555,1
117003,1,1,0.9999956,1
117004,1,1,0.63000226,1
117005,1,1,0.9996983,1
117006,1,1,0.99999964,1
117007,0,1,0.9998293,0
117008,0,1,0.9334308,0
117009,0,1,0.9595731,0
117010,1,1,0.99999535,1
117011,1,1,0.99736315,1
117012,0,0,0.2211824,1
117013,1,1,0.9999995,1
117014,0,0,0.011266296,1
117015,0,0,0.010228809,1
117016,1,1,0.5219585,1
117017,0,0,0.006277706,1
117018,0,0,0.033589505,1
117019,0,1,0.5032043,0
117020,0,0,0.07592667,1
117021,1,1,0.9999999,1
117022,1,1,0.995008,1
117023,0,1,0.7032948,0
117024,0,0,0.31578872,1
117025,1,1,0.8857304,1
117026,1,1,0.99567693,1
117027,1,1,0.9999151,1
117028,1,0,0.08321738,0
117029,1,0,0.0005884088,0
117030,0,0,0.018743115,1
117031,1,0,0.09782047,0
117032,1,1,0.99400806,1
117033,1,1,0.9999914,1
117034,0,0,0.18191628,1
117035,1,1,0.9999995,1
117036,1,0,0.16505408,0
117037,1,1,0.9849274,1
117038,1,1,0.94957596,1
117039,1,1,0.9999802,1
117040,1,1,0.99984765,1
117041,1,1,0.9999839,1
117042,1,1,0.9999945,1
117043,0,0,0.26340985,1
117044,0,1,0.99996865,0
117045,0,0,0.24166831,1
117046,1,1,0.99999106,1
117047,0,0,0.06500874,1
117048,0,0,0.019700259,1
117049,0,0,0.052570295,1
117050,1,1,0.99384296,1
117051,1,0,0.16817279,0
117052,0,1,0.9987031,0
117053,1,0,0.29188833,0
117054,1,1,0.9999887,1
117055,1,1,0.992837,1
117056,1,1,0.99999857,1
117057,0,0,0.09764823,1
117058,0,0,0.06884988,1
117059,1,1,1.0,1
117060,0,0,0.14940722,1
117061,1,1,0.3894885,1
117062,0,0,0.017442483,1
117063,0,0,0.19767669,1
117064,0,0,0.025035424,1
117065,1,1,1.0,1
117066,0,1,0.999213,0
117067,0,0,0.10687689,1
117068,1,0,0.14235108,0
117069,1,1,0.8171371,1
117070,1,1,1.0,1
117071,0,0,0.26798248,1
117072,1,1,0.9352874,1
117073,0,1,0.999926,0
117074,1,1,0.992725,1
117075,1,1,0.63017297,1
117076,1,1,0.96768624,1
117077,1,1,1.0,1
117078,1,1,0.9999999,1
117079,1,1,0.97583157,1
117080,0,1,0.6556117,0
117081,1,1,1.0,1
117082,1,1,1.0,1
117083,0,1,0.50299066,0
117084,1,1,1.0,1
117085,0,0,0.18772759,1
117086,1,0,0.24707794,0
117087,0,1,0.6439453,0
117088,0,1,0.5599519,0
117089,0,0,0.14499424,1
117090,1,1,1.0,1
117091,1,1,0.44101086,1
117092,0,0,0.23065974,1
117093,1,1,1.0,1
117094,1,1,0.99996936,1
117095,1,1,0.9999995,1
117096,0,0,0.014531521,1
117097,0,1,0.6446167,0
117098,1,0,0.20071429,0
117099,1,0,0.10511863,0
117100,0,0,0.022264916,1
117101,0,0,0.008235631,1
117102,1,1,0.9999933,1
117103,1,1,0.920218,1
117104,1,0,0.13466209,0
117105,0,0,0.10293422,1
117106,0,0,0.061875977,1
117107,1,1,0.75192153,1
117108,1,1,0.99995315,1
117109,1,0,0.11506276,0
117110,1,1,0.9999896,1
117111,0,1,0.89199936,0
117112,1,0,0.06296183,0
117113,1,1,1.0,1
117114,0,0,0.050283972,1
117115,0,0,0.0570714,1
117116,0,0,0.29355633,1
117117,0,0,0.055463932,1
117118,0,1,0.99415743,0
117119,0,0,0.08701921,1
117120,1,1,0.9574771,1
117121,1,1,1.0,1
117122,0,0,0.10576342,1
117123,1,1,0.7167641,1
117124,1,1,1.0,1
117125,0,1,0.9992084,0
117126,1,1,0.9990471,1
117127,0,1,0.99771273,0
117128,1,1,0.99997556,1
117129,0,0,0.070816204,1
117130,1,1,0.9999895,1
117131,1,1,0.6490783,1
117132,1,1,1.0,1
117133,1,1,0.99999833,1
117134,1,1,1.0,1
117135,1,0,0.1689255,0
117136,0,1,0.9858549,0
117137,1,1,1.0,1
117138,1,1,0.990892,1
117139,1,1,1.0,1
117140,1,1,0.39388034,1
117141,0,1,0.9999385,0
117142,0,1,0.9995932,0
117143,1,1,0.99491996,1
117144,0,0,0.012576347,1
117145,1,1,0.99989283,1
117146,1,1,1.0,1
117147,0,1,0.43683225,0
117148,1,1,0.93698055,1
117149,1,1,0.9998306,1
117150,1,1,0.98087597,1
117151,1,1,0.9999999,1
117152,0,0,0.26104826,1
117153,1,1,0.99532723,1
117154,1,1,1.0,1
117155,1,1,0.5476455,1
117156,0,0,0.09041373,1
117157,0,0,0.13206616,1
117158,1,1,0.99974877,1
117159,0,1,0.9999999,0
117160,0,1,0.99944824,0
117161,1,1,0.9999604,1
117162,0,1,0.99776995,0
117163,1,0,0.038719833,0
117164,0,1,0.80131465,0
117165,0,0,0.08035747,1
117166,1,1,1.0,1
117167,1,1,1.0,1
117168,1,1,0.98324674,1
117169,1,0,0.25729823,0
117170,1,0,0.30373183,0
117171,0,0,0.052037824,1
117172,1,1,1.0,1
117173,0,1,0.92290026,0
117174,0,1,0.99881446,0
117175,1,0,0.14608724,0
117176,0,1,0.48258147,0
117177,0,1,0.61987406,0
117178,1,1,0.9999999,1
117179,0,0,0.26435834,1
117180,1,1,1.0,1
117181,1,1,0.9999807,1
117182,0,1,0.5821941,0
117183,1,0,0.16231363,0
117184,0,0,0.09859886,1
117185,0,0,0.03825006,1
117186,0,1,0.63663554,0
117187,1,1,0.99720997,1
117188,0,0,0.04146227,1
117189,1,1,0.8843393,1
117190,1,1,1.0,1
117191,1,1,0.9794133,1
117192,1,0,0.26015443,0
117193,1,1,0.9997428,1
117194,1,0,0.02917362,0
117195,1,1,0.9012275,1
117196,1,1,0.45292914,1
117197,1,1,0.9999751,1
117198,0,0,0.32305968,1
117199,0,0,0.0532062,1
117200,1,0,0.01566365,0
117201,1,1,0.41344756,1
117202,1,1,0.98466414,1
117203,1,1,0.99984455,1
117204,1,1,0.9999999,1
117205,1,0,0.25423115,0
117206,0,0,0.21444456,1
117207,0,1,0.6863175,0
117208,1,1,0.9999999,1
117209,1,1,0.9999989,1
117210,1,0,0.12700155,0
117211,1,0,0.13212214,0
117212,1,1,1.0,1
117213,1,1,0.89634216,1
117214,0,1,0.8342719,0
117215,1,1,0.992725,1
117216,1,1,0.6442811,1
117217,1,1,0.9990188,1
117218,0,1,0.99621993,0
117219,0,0,0.1562336,1
117220,1,0,0.06233104,0
117221,1,0,0.02945148,0
117222,0,0,0.08359068,1
117223,1,0,0.103295475,0
117224,0,0,0.09001297,1
117225,1,1,0.9999975,1
117226,1,1,1.0,1
117227,0,1,0.96929514,0
117228,0,1,0.352982,0
117229,1,0,0.26034245,0
117230,1,1,0.65902126,1
117231,1,1,0.6386663,1
117232,0,1,0.8917168,0
117233,1,1,0.9999999,1
117234,1,0,0.024330191,0
117235,0,1,0.39213315,0
117236,1,1,1.0,1
117237,0,1,0.99802387,0
117238,0,1,0.9999999,0
117239,1,1,0.9999654,1
117240,1,0,0.03355782,0
117241,1,1,0.9928924,1
117242,0,1,0.9996111,0
117243,1,1,0.7436803,1
117244,1,1,1.0,1
117245,0,1,0.4473094,0
117246,0,1,0.67976356,0
117247,1,0,0.33753103,0
117248,0,0,0.17788225,1
117249,0,1,0.9859904,0
117250,1,1,0.8356178,1
117251,1,1,0.9999999,1
117252,1,1,0.99999964,1
117253,0,0,0.08953418,1
117254,1,1,0.9999964,1
117255,1,1,1.0,1
117256,1,1,0.969985,1
117257,1,1,1.0,1
117258,1,1,1.0,1
117259,0,1,0.99401975,0
117260,1,1,0.99378294,1
117261,0,1,0.4882529,0
117262,1,1,0.8333246,1
117263,1,1,0.9300782,1
117264,0,0,0.2200909,1
117265,1,1,0.93089926,1
117266,1,1,1.0,1
117267,0,0,0.22143486,1
117268,0,1,0.99999905,0
117269,0,0,0.06330841,1
117270,0,0,0.32621777,1
117271,0,1,0.984516,0
117272,1,1,0.9999974,1
117273,1,1,0.99999976,1
117274,0,1,0.9733675,0
117275,0,1,0.5294459,0
117276,1,1,0.96080494,1
117277,0,0,0.30131063,1
117278,0,1,0.9997565,0
117279,1,1,1.0,1
117280,1,1,1.0,1
117281,0,0,0.019215846,1
117282,1,1,0.9999753,1
117283,1,1,1.0,1
117284,1,1,0.99994636,1
117285,1,1,0.9907856,1
117286,0,0,0.13811268,1
117287,1,1,0.9999666,1
117288,0,1,0.9865976,0
117289,0,0,0.13189834,1
117290,0,0,0.1419343,1
117291,1,1,0.99936,1
117292,0,0,0.1274353,1
117293,1,1,0.9999982,1
117294,1,0,0.2305731,0
117295,1,1,1.0,1
117296,1,1,0.9999484,1
117297,0,0,0.047646955,1
117298,1,1,0.89368117,1
117299,1,1,0.9999342,1
117300,1,1,0.99820733,1
117301,1,0,0.17773949,0
117302,1,1,1.0,1
117303,0,1,0.60147655,0
117304,1,1,0.9999995,1
117305,1,1,0.98314995,1
117306,1,1,0.99880517,1
117307,1,0,0.21044159,0
117308,0,0,0.03915837,1
117309,1,1,0.9999964,1
117310,1,1,0.66350543,1
117311,1,1,1.0,1
117312,0,0,0.05754622,1
117313,0,0,0.0830685,1
117314,1,1,0.45892456,1
117315,0,0,0.012123754,1
117316,0,1,0.4395368,0
117317,1,1,0.94417685,1
117318,1,0,0.06785488,0
117319,0,0,0.037963696,1
117320,1,1,0.99999976,1
117321,1,0,0.003976228,0
117322,0,0,0.10105591,1
117323,1,1,0.99999976,1
117324,1,0,0.14051308,0
117325,1,1,0.9999851,1
117326,1,1,1.0,1
117327,1,1,0.9999958,1
117328,1,0,0.16238002,0
117329,1,1,0.99888617,1
117330,0,0,0.27659285,1
117331,0,0,0.06935241,1
117332,0,0,0.02199022,1
117333,0,1,0.478011,0
117334,0,0,0.19574778,1
117335,1,0,0.046076808,0
117336,1,1,0.9996971,1
117337,1,1,0.8530579,1
117338,1,1,1.0,1
117339,0,1,0.66502994,0
117340,0,0,0.3034221,1
117341,0,0,0.16525607,1
117342,0,1,0.9990854,0
117343,1,1,1.0,1
117344,1,1,0.9999999,1
117345,1,1,0.9999865,1
117346,1,1,0.9996499,1
117347,1,1,0.9999596,1
117348,0,1,0.6997163,0
117349,0,0,0.004433765,1
117350,1,1,0.99999416,1
117351,1,1,0.9999993,1
117352,1,1,0.9999962,1
117353,1,1,0.9146726,1
117354,0,0,0.024168443,1
117355,0,1,0.98662347,0
117356,1,1,0.9094255,1
117357,1,1,0.9999801,1
117358,1,1,0.99996996,1
117359,1,1,0.9999888,1
117360,0,1,0.9291838,0
117361,1,1,1.0,1
117362,1,0,0.13782232,0
117363,1,0,0.01200735,0
117364,1,1,1.0,1
117365,0,1,0.99743915,0
117366,0,0,0.02640552,1
117367,0,1,0.999985,0
117368,1,1,0.99999976,1
117369,0,1,0.60818696,0
117370,0,1,0.9995932,0
117371,1,1,1.0,1
117372,0,1,0.45338285,0
117373,1,1,1.0,1
117374,0,0,0.023219766,1
117375,0,0,0.21345916,1
117376,0,1,0.5946689,0
117377,1,1,0.9617859,1
117378,0,0,0.010881333,1
117379,0,0,0.06412401,1
117380,1,1,1.0,1
117381,1,0,0.3380225,0
117382,1,1,0.99980897,1
117383,1,1,0.9999999,1
117384,1,1,0.85717136,1
117385,0,1,0.43965712,0
117386,1,0,0.27076936,0
117387,1,1,0.9423477,1
117388,1,1,0.9999578,1
117389,1,1,1.0,1
117390,0,0,0.15418488,1
117391,1,1,0.9999862,1
117392,1,1,0.9994319,1
117393,1,1,0.99999917,1
117394,1,1,0.540742,1
117395,1,0,0.05094091,0
117396,1,1,0.99338466,1
117397,0,0,0.03321117,1
117398,0,1,0.5007324,0
117399,1,0,0.22936255,0
117400,0,0,0.08479541,1
117401,1,1,0.9554855,1
117402,1,0,0.069541745,0
117403,0,1,0.71943295,0
117404,0,0,0.07592667,1
117405,0,1,0.6664425,0
117406,0,1,0.4352713,0
117407,0,0,0.11940814,1
117408,0,0,0.104294725,1
117409,1,1,0.97366965,1
117410,0,1,0.35420966,0
117411,0,0,0.2899745,1
117412,1,1,1.0,1
117413,0,0,0.050004896,1
117414,1,1,0.996271,1
117415,0,0,0.08232769,1
117416,1,1,0.86635876,1
117417,1,1,0.9967206,1
117418,1,1,0.7449348,1
117419,1,1,0.99261135,1
117420,0,0,0.31457675,1
117421,0,0,0.12710989,1
117422,0,1,0.8679338,0
117423,1,1,0.9871293,1
117424,0,1,0.97527254,0
117425,1,1,1.0,1
117426,1,1,0.9981541,1
117427,0,0,0.3323104,1
117428,1,1,1.0,1
117429,1,1,1.0,1
117430,1,1,0.99297464,1
117431,0,1,0.88171685,0
117432,1,1,0.87810534,1
117433,1,0,0.31195062,0
117434,0,0,0.11491369,1
117435,0,0,0.14996658,1
117436,1,1,0.9999398,1
117437,1,1,0.97865146,1
117438,0,1,0.9977482,0
117439,0,0,0.21717146,1
117440,1,1,1.0,1
117441,1,1,1.0,1
117442,1,0,0.2903265,0
117443,1,0,0.030100336,0
117444,0,0,0.32300627,1
117445,1,1,0.99999857,1
117446,0,1,0.7270559,0
117447,0,1,0.8054792,0
117448,0,1,0.9687085,0
117449,1,1,0.9484895,1
117450,1,1,0.9997017,1
117451,1,1,0.99907637,1
117452,1,1,0.9997508,1
117453,1,1,0.9988213,1
117454,0,1,0.99999857,0
117455,1,1,0.98007214,1
117456,0,1,0.8895288,0
117457,0,1,0.9979652,0
117458,1,0,0.0070117945,0
117459,1,0,0.10669061,0
117460,1,1,0.995858,1
117461,1,1,0.4046251,1
117462,0,0,0.108850285,1
117463,1,1,0.99983585,1
117464,1,1,0.53728414,1
117465,1,0,0.038719833,0
117466,0,0,0.066751465,1
117467,0,1,0.99106663,0
117468,0,1,1.0,0
117469,0,0,0.28155375,1
117470,0,0,0.112942085,1
117471,0,1,0.7603393,0
117472,0,0,0.09057448,1
117473,1,1,0.98947024,1
117474,0,1,0.92359227,0
117475,0,0,0.109039895,1
117476,1,1,0.99946314,1
117477,1,1,1.0,1
117478,1,0,0.07751766,0
117479,1,1,0.99179614,1
117480,1,1,0.99970573,1
117481,1,1,0.9747011,1
117482,1,1,0.98481095,1
117483,1,1,0.8868131,1
117484,1,0,0.052765187,0
117485,1,1,0.765418,1
117486,1,1,1.0,1
117487,0,1,0.7851439,0
117488,1,0,0.14086723,0
117489,1,1,0.9999387,1
117490,1,1,0.999433,1
117491,0,1,0.5270122,0
117492,1,1,0.99999857,1
117493,1,1,0.9776072,1
117494,0,1,0.9996295,0
117495,1,1,1.0,1
117496,1,1,0.93985814,1
117497,1,1,0.6401298,1
117498,0,0,0.2055353,1
117499,1,1,0.7404091,1
117500,1,1,0.6018861,1
117501,0,0,0.030530943,1
117502,1,1,1.0,1
117503,1,1,1.0,1
117504,0,1,0.9970305,0
117505,0,1,0.99797314,0
117506,0,0,0.033431362,1
117507,1,1,0.9990854,1
117508,1,1,0.9999938,1
117509,0,0,0.0047459654,1
117510,1,1,0.99999607,1
117511,0,1,0.99935,0
117512,1,1,1.0,1
117513,1,0,0.31289464,0
117514,0,0,0.01214717,1
117515,0,0,0.05975658,1
117516,0,1,0.9962346,0
117517,0,1,0.99997604,0
117518,1,1,0.53449106,1
117519,1,1,1.0,1
117520,0,0,0.1647851,1
117521,0,1,0.999992,0
117522,0,0,0.12885365,1
117523,0,0,0.270095,1
117524,1,0,0.14928317,0
117525,1,1,0.6530716,1
117526,0,1,0.9996458,0
117527,0,0,0.22901753,1
117528,0,1,0.611556,0
117529,0,1,0.60305554,0
117530,1,1,0.97110176,1
117531,0,1,0.9998273,0
117532,1,0,0.23792991,0
117533,1,1,0.9999943,1
117534,1,1,0.80115914,1
117535,1,1,1.0,1
117536,1,1,0.98324674,1
117537,0,0,0.11696559,1
117538,1,1,0.388473,1
117539,1,0,0.061649624,0
117540,1,1,0.99999714,1
117541,1,1,1.0,1
117542,1,1,0.99907815,1
117543,1,1,1.0,1
117544,0,0,0.06430006,1
117545,1,1,0.63595754,1
117546,0,1,0.99988806,0
117547,0,0,0.117774926,1
117548,0,1,0.9999988,0
117549,0,1,0.9986223,0
117550,0,0,0.01124456,1
117551,0,1,0.99894744,0
117552,1,1,1.0,1
117553,1,1,0.99999833,1
117554,1,0,0.08811155,0
117555,0,1,0.45413926,0
117556,1,0,0.055720285,0
117557,1,1,0.9976814,1
117558,0,1,0.49829102,0
117559,1,1,0.9999914,1
117560,1,1,0.8104039,1
117561,0,1,0.9923044,0
117562,1,1,0.9893885,1
117563,1,1,0.43722266,1
117564,0,1,0.9519973,0
117565,0,0,0.1603975,1
117566,1,1,0.9998505,1
117567,1,1,0.99998844,1
117568,1,1,0.9999999,1
117569,0,0,0.107812636,1
117570,0,0,0.06941548,1
117571,1,1,0.996271,1
117572,1,0,0.07885492,0
117573,1,0,0.016466172,0
117574,0,0,0.05975658,1
117575,0,0,0.05033063,1
117576,1,0,0.03882902,0
117577,1,1,0.99963236,1
117578,1,1,0.99783844,1
117579,0,0,0.15928277,1
117580,1,1,0.9999541,1
117581,0,1,0.599192,0
117582,1,0,0.004390866,0
117583,0,0,0.12331283,1
117584,0,1,0.41976687,0
117585,0,0,0.07211221,1
117586,1,1,0.97917557,1
117587,1,1,0.9990746,1
117588,1,1,0.99998844,1
117589,0,1,0.99855906,0
117590,0,1,0.9993749,0
117591,1,1,0.99783427,1
117592,1,1,0.9999999,1
117593,1,0,0.11104826,0
117594,0,1,0.9808576,0
117595,1,0,0.05997644,0
117596,1,0,0.30704626,0
117597,0,0,0.1737784,1
117598,0,1,0.9985758,0
117599,0,1,0.985129,0
117600,1,1,0.91550726,1
117601,0,1,0.7423751,0
117602,1,0,0.17610413,0
117603,0,0,0.027298586,1
117604,1,1,1.0,1
117605,0,1,0.9838472,0
117606,1,0,0.04050277,0
117607,0,0,0.22867283,1
117608,1,1,0.7839885,1
117609,1,1,1.0,1
117610,1,1,0.99014014,1
117611,1,0,0.032344334,0
117612,1,0,0.0763388,0
117613,0,0,0.046033904,1
117614,1,0,0.28472516,0
117615,0,0,0.0006918905,1
117616,0,1,0.8110782,0
117617,1,0,0.031768616,0
117618,1,0,0.056809194,0
117619,0,0,0.031858858,1
117620,0,1,0.49835202,0
117621,0,1,0.99997437,0
117622,0,0,0.14487322,1
117623,0,0,0.14033626,1
117624,1,1,1.0,1
117625,1,1,1.0,1
117626,0,0,0.13106197,1
117627,1,1,0.9998623,1
117628,1,1,1.0,1
117629,1,1,0.9999949,1
117630,0,0,0.31195062,1
117631,0,0,0.12683924,1
117632,1,1,0.86726075,1
117633,1,1,0.9999875,1
117634,0,0,0.037785765,1
117635,1,1,0.8996516,1
117636,0,1,0.89048487,0
117637,0,0,0.14300808,1
117638,1,1,1.0,1
117639,1,1,0.8045595,1
117640,0,1,0.70043397,0
117641,0,0,0.022780884,1
117642,0,0,0.1377643,1
117643,1,1,0.9727791,1
117644,1,1,0.9906961,1
117645,0,1,0.99999845,0
117646,1,0,0.08262328,0
117647,0,0,0.022053316,1
117648,1,1,0.97610646,1
117649,1,1,0.9605466,1
117650,1,1,0.9999894,1
117651,1,1,0.9999999,1
117652,0,1,0.7897206,0
117653,0,0,0.10961043,1
117654,0,1,0.9999993,0
117655,0,1,0.9989698,0
117656,1,1,0.35689482,1
117657,0,1,0.38390112,0
117658,1,0,0.058131598,0
117659,1,1,0.99999964,1
117660,0,0,0.30741,1
117661,1,1,1.0,1
117662,0,0,0.117724195,1
117663,1,1,0.6632874,1
117664,0,0,0.21215041,1
117665,1,1,0.9997098,1
117666,1,1,0.71646667,1
117667,0,1,0.38254502,0
117668,1,0,0.070495576,0
117669,0,1,0.4505407,0
117670,0,1,0.7538293,0
117671,1,1,0.9998746,1
117672,0,0,0.13660839,1
117673,0,1,0.9261035,0
117674,1,0,0.01678549,0
117675,1,1,0.904903,1
117676,0,1,0.43089557,0
117677,1,1,0.99999964,1
117678,0,1,0.79310596,0
117679,0,0,0.10875559,1
117680,1,1,1.0,1
117681,0,0,0.10922978,1
117682,0,1,0.91046584,0
117683,0,0,0.022694087,1
117684,0,0,0.02917362,1
117685,0,0,0.17716932,1
117686,1,0,0.12495856,0
117687,0,0,0.1297883,1
117688,1,1,1.0,1
117689,0,0,0.1685146,1
117690,1,1,0.99434716,1
117691,1,1,0.5495198,1
117692,0,1,0.51135063,0
117693,1,1,1.0,1
117694,1,1,0.9851576,1
117695,1,1,0.962356,1
117696,1,0,0.27815872,0
117697,1,1,1.0,1
117698,0,1,0.5555558,0
117699,1,1,0.9999387,1
117700,1,1,0.62948996,1
117701,1,0,0.012845958,0
117702,0,1,0.7765382,0
117703,0,1,0.99978596,0
117704,0,0,0.1880256,1
117705,1,1,0.9999057,1
117706,0,0,0.06394842,1
117707,0,0,0.17610413,1
117708,1,1,1.0,1
117709,0,1,0.4085717,0
117710,1,1,0.99999976,1
117711,1,1,0.9995566,1
117712,0,1,0.87831426,0
117713,1,1,0.9999715,1
117714,0,1,0.9991491,0
117715,0,1,0.86960393,0
117716,0,1,0.8337311,0
117717,1,1,0.999902,1
117718,0,1,0.7235049,0
117719,0,1,0.3979092,0
117720,1,1,0.9999999,1
117721,1,1,1.0,1
117722,0,0,0.16244647,1
117723,0,1,0.5606135,0
117724,0,1,0.97436166,0
117725,1,1,0.7524676,1
117726,1,1,1.0,1
117727,1,0,0.09097748,0
117728,1,1,0.99760324,1
117729,0,1,0.9899476,0
117730,0,0,0.009633653,1
117731,1,0,0.23731071,0
117732,1,1,1.0,1
117733,0,0,0.3429015,1
117734,0,1,0.8345418,0
117735,1,0,0.1619157,0
117736,0,0,0.028382123,1
117737,0,0,0.16184944,1
117738,1,1,1.0,1
117739,1,1,0.99846625,1
117740,1,1,0.59707934,1
117741,1,1,0.99998784,1
117742,0,0,0.021615336,1
117743,1,1,1.0,1
117744,0,1,0.9974788,0
117745,0,0,0.31843218,1
117746,1,1,0.9999981,1
117747,1,1,0.9899087,1
117748,1,1,0.9999883,1
117749,1,1,1.0,1
117750,0,0,0.1866133,1
117751,1,1,0.46690637,1
117752,0,0,0.015543648,1
117753,0,1,0.5832034,0
117754,1,0,0.11666332,0
117755,1,1,0.98007214,1
117756,1,1,0.9996561,1
117757,0,0,0.021409774,1
117758,1,1,1.0,1
117759,1,1,0.99760324,1
117760,0,1,0.9634375,0
117761,1,1,0.96606,1
117762,0,0,0.27474034,1
117763,1,1,1.0,1
117764,0,0,0.33084944,1
117765,0,1,0.9996923,0
117766,0,0,0.053601146,1
117767,0,1,0.745491,0
117768,1,0,0.04698664,0
117769,1,0,0.16687897,0
117770,1,1,0.6778473,1
117771,0,0,0.109039895,1
117772,1,0,0.23462579,0
117773,0,0,0.22575781,1
117774,1,1,1.0,1
117775,1,0,0.021781173,0
117776,0,0,0.26779094,1
117777,1,1,0.9999999,1
117778,1,1,0.7720154,1
117779,1,1,0.9994023,1
117780,1,1,0.94905907,1
117781,0,0,0.05122493,1
117782,1,1,0.8047131,1
117783,1,1,0.997399,1
117784,0,0,0.06711741,1
117785,1,1,0.53035814,1
117786,1,1,0.49212712,1
117787,1,1,0.9990452,1
117788,0,1,0.4362017,0
117789,0,1,0.87472075,0
117790,1,1,0.7818308,1
117791,1,1,1.0,1
117792,1,1,0.58604914,1
117793,0,0,0.04324442,1
117794,1,0,0.28552133,0
117795,1,1,1.0,1
117796,1,1,0.99784684,1
117797,1,0,0.027874898,0
117798,1,1,0.7472472,1
117799,1,1,0.99942183,1
117800,1,1,1.0,1
117801,0,1,0.5520568,0
117802,1,1,0.9999932,1
117803,0,0,0.16304526,1
117804,1,1,0.9404625,1
117805,1,1,0.8345418,1
117806,0,0,0.06596493,1
117807,0,0,0.083740406,1
117808,0,0,0.03989989,1
117809,1,1,0.9999987,1
117810,1,0,0.01720971,0
117811,1,1,0.99997485,1
117812,1,0,0.24355245,0
117813,0,0,0.12262824,1
117814,0,1,0.9998989,0
117815,1,1,0.3824874,1
117816,1,0,0.081959546,0
117817,1,1,0.9999505,1
117818,1,1,0.99999547,1
117819,1,0,0.1470033,0
117820,1,1,0.9999907,1
117821,0,0,0.055566337,1
117822,0,0,0.09929539,1
117823,1,1,0.99885535,1
117824,0,0,0.17624585,1
117825,0,0,0.076683804,1
117826,0,1,0.6829439,0
117827,0,1,0.997813,0
117828,0,1,0.9122018,0
117829,0,1,0.9931629,0
117830,1,0,0.083965465,0
117831,1,0,0.064594455,0
117832,0,1,0.71587116,0
117833,0,1,0.99736315,0
117834,1,1,0.49285933,1
117835,0,1,0.3967107,0
117836,0,0,0.18550415,1
117837,0,0,0.20609397,1
117838,1,0,0.08889936,0
117839,1,1,0.70217276,1
117840,1,1,0.820757,1
117841,0,1,0.8957965,0
117842,0,0,0.24653336,1
117843,1,1,0.99832886,1
117844,0,1,0.7308185,0
117845,1,0,0.17258981,0
117846,0,1,0.8233284,0
117847,0,0,0.018653521,1
117848,1,0,0.059101548,0
117849,1,1,0.83237296,1
117850,1,1,1.0,1
117851,1,1,0.99981624,1
117852,0,0,0.0532062,1
117853,0,0,0.16844618,1
117854,1,1,0.9999993,1
117855,0,1,0.8701566,0
117856,1,1,0.8529355,1
117857,1,1,0.9999734,1
117858,1,0,0.06058495,0
117859,1,1,0.8863221,1
117860,1,1,1.0,1
117861,0,0,0.010652511,1
117862,0,0,0.017442483,1
117863,1,1,0.99991715,1
117864,1,1,0.9999999,1
117865,0,0,0.25795195,1
117866,1,0,0.022802634,0
117867,0,0,0.15771976,1
117868,0,1,0.6210239,0
117869,1,1,0.99986446,1
117870,0,0,0.105486654,1
117871,0,1,0.35181195,0
117872,0,0,0.021512313,1
117873,1,1,0.9999385,1
117874,1,1,0.9999999,1
117875,1,1,1.0,1
117876,1,1,0.9987527,1
117877,1,1,0.99932015,1
117878,0,0,0.1328517,1
117879,0,0,0.2989005,1
117880,1,1,0.9140609,1
117881,1,1,0.96765566,1
117882,0,1,0.99403125,0
117883,1,1,0.9999999,1
117884,0,0,0.15046519,1
117885,0,1,0.99491006,0
117886,1,1,0.8586,1
117887,0,0,0.023131333,1
117888,0,0,0.06330841,1
117889,0,0,0.3034737,1
117890,1,1,0.9999713,1
117891,0,1,0.9456509,0
117892,1,1,1.0,1
117893,1,1,0.98498523,1
117894,0,1,0.93257624,0
117895,1,1,1.0,1
117896,1,0,0.23899394,0
117897,0,0,0.045948204,1
117898,1,1,0.99999785,1
117899,1,1,0.9999995,1
117900,1,1,0.9931496,1
117901,0,0,0.02505927,1
117902,1,1,0.9990656,1
117903,0,1,0.9998596,0
117904,1,1,0.99999297,1
117905,1,1,0.9995635,1
117906,1,1,0.50714064,1
117907,1,0,0.03132112,0
117908,1,1,0.49511734,1
117909,1,1,0.99992776,1
117910,1,0,0.001034247,0
117911,1,1,0.96926606,1
117912,1,1,1.0,1
117913,1,1,1.0,1
117914,1,1,0.9999995,1
117915,1,1,0.8899121,1
117916,1,1,0.97730595,1
117917,1,1,0.9999982,1
117918,0,0,0.043568812,1
117919,1,1,0.5292634,1
117920,0,0,0.27786472,1
117921,1,1,0.9999995,1
117922,1,1,1.0,1
117923,1,0,0.10631887,0
117924,1,1,0.437463,1
117925,1,1,0.67184746,1
117926,1,1,0.8899121,1
117927,1,1,0.9999758,1
117928,1,1,1.0,1
117929,1,1,0.93033177,1
117930,1,1,0.9496227,1
117931,1,1,0.9999975,1
117932,1,1,1.0,1
117933,0,0,0.29512835,1
117934,1,1,0.99666256,1
117935,0,0,0.04050277,1
117936,1,1,0.64271283,1
117937,0,0,0.10194652,1
117938,1,1,0.75036985,1
117939,1,1,0.9999379,1
117940,1,1,0.9999896,1
117941,0,1,0.5028076,0
117942,1,1,0.99984705,1
117943,0,0,0.117724195,1
117944,1,1,1.0,1
117945,0,0,0.13852006,1
117946,0,1,0.9916842,0
117947,0,1,0.5795789,0
117948,0,0,0.07043161,1
117949,1,1,0.99999607,1
117950,0,0,0.1362632,1
117951,1,1,0.99999917,1
117952,0,1,0.55036575,0
117953,1,1,0.9989975,1
117954,1,1,0.47609246,1
117955,1,0,0.1603975,0
117956,1,1,0.99999034,1
117957,1,1,0.9999993,1
117958,1,0,0.1404541,0
117959,0,0,0.1442091,1
117960,1,1,0.99988174,1
117961,1,1,1.0,1
117962,1,1,0.99999785,1
117963,0,1,0.96131647,0
117964,1,1,1.0,1
117965,0,1,1.0,0
117966,0,1,0.7623356,0
117967,0,1,0.81167597,0
117968,1,1,0.99998975,1
117969,1,1,0.41961822,1
117970,0,0,0.29158568,1
117971,0,1,0.99999714,0
117972,1,1,0.98046875,1
117973,0,1,0.9999039,0
117974,0,0,0.29355633,1
117975,0,1,0.95659363,0
117976,1,1,0.999998,1
117977,1,1,0.96138906,1
117978,1,0,0.050611433,0
117979,0,1,0.9999796,0
117980,1,1,0.9999907,1
117981,0,1,0.9931096,0
117982,0,0,0.19767669,1
117983,1,1,0.91078377,1
117984,1,1,0.9992563,1
117985,1,1,0.9989818,1
117986,1,1,0.9527942,1
117987,1,0,0.18869746,0
117988,0,1,0.87191176,0
117989,1,1,0.99999917,1
117990,1,1,1.0,1
117991,1,1,0.40115985,1
117992,0,1,0.8679338,0
117993,0,1,0.50799495,0
117994,1,0,0.10613344,0
117995,0,0,0.021969227,1
117996,1,1,0.9972154,1
117997,0,0,0.06388999,1
117998,1,1,1.0,1
117999,0,0,0.013848611,1
118000,0,1,0.49426293,0
118001,0,0,0.008728267,1
118002,1,1,0.9974291,1
118003,1,1,0.99979335,1
118004,1,1,0.6095242,1
118005,1,1,1.0,1
118006,1,1,1.0,1
118007,1,1,0.9823216,1
118008,0,1,0.9999883,0
118009,1,1,0.9999999,1
118010,0,0,0.10475175,1
118011,0,0,0.07336364,1
118012,1,0,0.02753294,0
118013,1,1,0.78809434,1
118014,1,1,0.9531443,1
118015,1,1,0.9999994,1
118016,1,1,0.9994461,1
118017,1,0,0.34191206,0
118018,1,0,0.12581532,0
118019,1,1,0.99983585,1
118020,0,1,0.632446,0
118021,0,1,0.8005361,0
118022,0,1,0.99849296,0
118023,1,1,0.99977833,1
118024,0,1,0.7701624,0
118025,1,1,0.9999927,1
118026,0,1,0.7817474,0
118027,0,0,0.009504083,1
118028,1,1,0.9999316,1
118029,0,1,0.5622366,0
118030,1,0,0.0061331755,0
118031,1,1,0.9999981,1
118032,0,1,0.3716496,0
118033,1,1,0.99832565,1
118034,0,0,0.12592277,1
118035,0,1,0.9999362,0
118036,1,1,0.9999999,1
118037,1,1,0.9999999,1
118038,0,1,0.9999839,0
118039,0,1,0.4363518,0
118040,1,1,0.94197524,1
118041,1,1,1.0,1
118042,1,1,0.6950794,1
118043,1,1,1.0,1
118044,1,0,0.00092538475,0
118045,1,1,0.9999999,1
118046,1,1,1.0,1
118047,1,0,0.035712164,0
118048,0,1,0.999998,0
118049,1,1,0.6396798,1
118050,1,1,0.6281223,1
118051,0,0,0.19231172,1
118052,0,0,0.01709447,1
118053,0,0,0.17175467,1
118054,0,0,0.3043,1
118055,1,1,0.99999845,1
118056,0,1,0.8077641,0
118057,1,1,1.0,1
118058,0,1,0.9999491,0
118059,1,1,0.99999917,1
118060,0,0,0.06626642,1
118061,1,1,1.0,1
118062,1,0,0.25183168,0
118063,1,0,0.27076936,0
118064,0,0,0.13793841,1
118065,1,1,1.0,1
118066,0,0,0.2244802,1
118067,1,1,0.9981104,1
118068,1,1,0.676032,1
118069,1,0,0.11676401,0
118070,0,1,0.671309,0
118071,1,0,0.1689255,0
118072,1,0,0.073963374,0
118073,0,0,0.06296183,1
118074,1,1,1.0,1
118075,0,0,0.25358367,1
118076,1,1,0.9999988,1
118077,0,1,0.9999622,0
118078,1,1,0.85848147,1
118079,0,0,0.1134322,1
118080,1,1,0.99997735,1
118081,1,1,0.9964204,1
118082,0,1,0.5851011,0
118083,0,1,0.99174845,0
118084,1,1,0.48288634,1
118085,0,1,0.99997675,0
118086,0,0,0.0029752331,1
118087,0,1,0.99949765,0
118088,0,0,0.13420753,1
118089,1,0,0.103839464,0
118090,1,1,0.87610537,1
118091,1,1,1.0,1
118092,1,1,0.9999994,1
118093,1,1,0.999992,1
118094,0,1,0.71562284,0
118095,0,0,0.063714996,1
118096,1,0,0.29254478,0
118097,1,1,0.9999478,1
118098,1,1,0.98955137,1
118099,1,1,0.958654,1
118100,1,0,0.23005375,0
118101,0,0,0.17539679,1
118102,0,0,0.010288301,1
118103,1,1,0.61080176,1
118104,1,1,0.9885583,1
118105,1,1,0.9992944,1
118106,1,1,0.7400804,1
118107,0,0,0.15915205,1
118108,1,1,0.9312127,1
118109,0,1,0.9617859,0
118110,1,1,0.9999634,1
118111,1,1,0.99306935,1
118112,0,1,0.6291482,0
118113,0,1,0.37754068,0
118114,0,0,0.13609089,1
118115,0,1,0.9999982,0
118116,0,0,0.12879884,1
118117,1,1,0.99827933,1
118118,0,0,0.1552705,1
118119,0,0,0.3477032,1
118120,1,1,0.9999999,1
118121,1,1,0.999977,1
118122,1,1,1.0,1
118123,1,1,0.99999774,1
118124,1,1,0.9999999,1
118125,1,1,0.98199654,1
118126,1,0,0.06244529,0
118127,0,1,0.9888419,0
118128,0,0,0.12765263,1
118129,1,1,0.840521,1
118130,0,0,0.07276838,1
118131,0,0,0.015189049,1
118132,0,0,0.29946357,1
118133,1,0,0.061255362,0
118134,0,1,0.92310846,0
118135,1,1,0.9999974,1
118136,1,0,0.2232077,0
118137,1,0,0.068288535,0
118138,0,1,0.68558115,0
118139,1,1,0.9954261,1
118140,1,1,0.9998247,1
118141,1,1,0.9999857,1
118142,1,1,0.98557997,1
118143,1,0,0.00161665,0
118144,1,1,1.0,1
118145,0,0,0.02800752,1
118146,1,1,0.99541724,1
118147,0,1,0.87525487,0
118148,1,1,0.99994695,1
118149,0,1,0.49871826,0
118150,1,0,0.15354916,0
118151,1,1,0.5122046,1
118152,0,1,0.99999785,0
118153,1,1,0.9993081,1
118154,1,1,1.0,1
118155,1,1,1.0,1
118156,1,0,0.019662574,0
118157,0,0,0.08670936,1
118158,0,0,0.19884089,1
118159,0,0,0.2631731,1
118160,0,0,0.14451066,1
118161,1,1,0.99926347,1
118162,1,1,0.86545163,1
118163,1,1,0.9989392,1
118164,0,0,0.07068779,1
118165,0,0,0.051367506,1
118166,0,1,0.7947038,0
118167,1,1,0.99948263,1
118168,0,0,0.009143315,1
118169,0,1,0.9789755,0
118170,1,0,0.31478733,0
118171,0,1,0.9463493,0
118172,1,1,0.89823216,1
118173,0,1,0.9954791,0
118174,1,1,0.9999908,1
118175,0,1,0.9985702,0
118176,0,1,0.82118756,0
118177,1,1,0.9999988,1
118178,0,1,0.9996567,0
118179,1,1,1.0,1
118180,1,1,0.9999974,1
118181,1,1,0.9584989,1
118182,1,0,0.05686155,0
118183,0,0,0.3401015,1
118184,1,1,0.9997851,1
118185,1,1,0.78654087,1
118186,1,1,0.9999821,1
118187,1,1,1.0,1
118188,1,1,0.9999721,1
118189,1,0,0.06080765,0
118190,1,1,0.8886622,1
118191,0,1,0.9998523,0
118192,1,0,0.027040472,0
118193,1,1,0.9999969,1
118194,0,0,0.05525965,1
118195,0,0,0.107812636,1
118196,0,1,0.59066117,0
118197,1,1,0.9919224,1
118198,1,1,0.9996118,1
118199,0,0,0.052521676,1
118200,1,1,1.0,1
118201,1,1,0.9995426,1
118202,1,1,0.6545084,1
118203,1,0,0.02188545,0
118204,1,1,0.9574373,1
118205,0,1,0.72036827,0
118206,0,0,0.13672362,1
118207,1,1,0.6910284,1
118208,1,1,0.99886644,1
118209,1,1,1.0,1
118210,1,1,0.9999995,1
118211,0,0,0.26535663,1
118212,0,1,0.75635755,0
118213,1,1,0.9274948,1
118214,1,1,1.0,1
118215,0,0,0.002526185,1
118216,1,1,0.49182203,1
118217,1,1,0.99999785,1
118218,0,1,0.62937605,0
118219,0,1,0.5194604,0
118220,1,1,0.35846534,1
118221,0,0,0.006797531,1
118222,1,0,0.16092427,0
118223,1,1,0.99979264,1
118224,1,1,1.0,1
118225,0,0,0.29168653,1
118226,1,1,0.99530905,1
118227,1,1,0.9999999,1
118228,1,1,0.9999999,1
118229,1,1,0.98819935,1
118230,0,1,0.40927982,0
118231,1,1,0.6801886,1
118232,1,1,0.9973008,1
118233,0,0,0.051749542,1
118234,1,1,0.9811488,1
118235,1,0,0.06244529,0
118236,0,1,0.99293363,0
118237,1,1,0.9289907,1
118238,0,1,0.8878869,0
118239,1,1,0.92324704,1
118240,0,1,0.40051487,0
118241,0,1,0.5049437,0
118242,1,1,0.9998574,1
118243,1,1,0.9811488,1
118244,1,1,0.980053,1
118245,1,1,0.99979585,1
118246,1,1,0.7689067,1
118247,0,0,0.24355245,1
118248,0,0,0.003469891,1
118249,0,1,0.5993092,0
118250,0,0,0.08411581,1
118251,1,1,1.0,1
118252,0,1,0.78833884,0
118253,0,0,0.22884513,1
118254,0,0,0.34792474,1
118255,1,1,0.9999999,1
118256,0,1,0.9999565,0
118257,1,1,0.9999902,1
118258,1,1,0.99991035,1
118259,0,0,0.05500529,1
118260,0,1,0.7816641,0
118261,0,1,0.35711896,0
118262,1,1,0.99990976,1
118263,1,0,0.050611433,0
118264,1,1,0.6361836,1
118265,0,0,0.07978202,1
118266,1,1,0.98977125,1
118267,0,0,0.025274899,1
118268,0,1,0.8726732,0
118269,0,1,0.60818696,0
118270,0,1,0.7614498,0
118271,1,0,0.015906392,0
118272,0,0,0.093760945,1
118273,0,0,0.06524657,1
118274,0,0,0.07647662,1
118275,0,0,0.06394842,1
118276,1,1,1.0,1
118277,0,1,0.9999999,0
118278,0,0,0.0004181313,1
118279,1,1,0.99533635,1
118280,1,1,0.9998517,1
118281,0,1,0.8940517,0
118282,0,0,0.018635655,1
118283,1,1,0.7160201,1
118284,0,1,0.9996388,0
118285,1,1,0.9993135,1
118286,1,0,0.32204607,0
118287,1,1,0.98272413,1
118288,0,0,0.08889936,1
118289,0,0,0.14934519,1
118290,0,1,0.48852742,0
118291,0,1,0.9947901,0
118292,0,0,0.14730969,1
118293,0,0,0.04142348,1
118294,1,1,0.8352149,1
118295,1,1,1.0,1
118296,0,0,0.27202454,1
118297,1,1,1.0,1
118298,1,1,0.99776566,1
118299,1,1,0.41700438,1
118300,1,1,0.642152,1
118301,1,0,0.1655931,0
118302,1,0,0.22278468,0
118303,0,1,0.9995915,0
118304,0,1,0.973519,0
118305,0,0,0.017045315,1
118306,1,1,0.9999999,1
118307,1,1,0.9999801,1
118308,1,1,0.9999995,1
118309,1,1,1.0,1
118310,1,1,0.8398654,1
118311,0,0,0.3323646,1
118312,1,0,0.12147716,0
118313,0,1,0.62062156,0
118314,0,1,0.99972516,0
118315,0,1,0.9830851,0
118316,1,1,0.7717575,1
118317,1,1,0.99999046,1
118318,1,1,1.0,1
118319,1,1,0.7150262,1
118320,1,1,0.99999964,1
118321,1,1,1.0,1
118322,0,0,0.07765744,1
118323,1,1,0.96580297,1
118324,0,0,0.2524762,1
118325,1,1,0.84363765,1
118326,0,1,0.92262185,0
118327,0,1,0.9980392,0
118328,0,1,0.87386215,0
118329,1,1,0.9999999,1
118330,1,1,0.99999774,1
118331,1,1,1.0,1
118332,0,1,0.43515128,0
118333,1,1,1.0,1
118334,0,1,0.99980205,0
118335,0,1,0.9975514,0
118336,1,0,0.0037874577,0
118337,1,1,1.0,1
118338,1,1,0.9998932,1
118339,1,1,0.6297177,1
118340,0,1,0.5673374,0
118341,0,0,0.15980656,1
118342,0,0,0.024330191,1
118343,0,1,0.78695047,0
118344,0,0,0.034164816,1
118345,0,1,0.79565805,0
118346,0,1,0.87375444,0
118347,1,0,0.09679113,0
118348,0,0,0.019271135,1
118349,1,1,0.99994004,1
118350,0,1,0.9959299,0
118351,0,0,0.28358296,1
118352,1,0,0.08670936,0
118353,0,1,0.73048216,0
118354,1,0,0.047030386,0
118355,1,0,0.16118816,0
118356,1,1,1.0,1
118357,1,1,0.9994307,1
118358,1,1,0.99996436,1
118359,0,1,0.99727964,0
118360,1,1,0.55730325,1
118361,0,0,0.008847356,1
118362,1,1,0.99973255,1
118363,1,1,0.36223567,1
118364,1,1,0.945349,1
118365,0,1,0.9993724,0
118366,0,1,0.9971384,0
118367,1,1,0.85195273,1
118368,1,1,0.99633574,1
118369,1,1,0.99990606,1
118370,1,1,1.0,1
118371,1,0,0.30512765,0
118372,1,1,0.8736466,1
118373,0,1,0.5750512,0
118374,0,1,0.9240733,0
118375,1,1,0.99994636,1
118376,0,0,0.24472384,1
118377,1,1,0.9998889,1
118378,1,1,0.94834626,1
118379,0,1,0.99908364,0
118380,0,1,0.7287001,0
118381,0,0,0.10557885,1
118382,1,0,0.06255973,0
118383,0,0,0.15329547,1
118384,1,1,0.9999616,1
118385,1,1,1.0,1
118386,0,1,0.99980134,0
118387,1,1,0.9951325,1
118388,1,1,0.99778724,1
118389,1,0,0.15304215,0
118390,1,1,0.99981767,1
118391,0,0,0.10790661,1
118392,0,0,0.20617388,1
118393,0,1,0.99979013,0
118394,0,1,0.8864204,0
118395,1,0,0.07470251,0
118396,0,1,1.0,0
118397,1,1,0.9890765,1
118398,1,1,0.99740905,1
118399,0,1,0.999666,0
118400,1,1,0.9775644,1
118401,1,1,1.0,1
118402,1,1,0.9999752,1
118403,1,1,0.6794446,1
118404,0,1,0.9966168,0
118405,0,1,0.9874236,0
118406,1,1,1.0,1
118407,1,1,0.9999993,1
118408,0,0,0.110855594,1
118409,1,1,1.0,1
118410,0,0,0.029090757,1
118411,1,1,0.6008911,1
118412,1,0,0.019946933,0
118413,1,1,0.99821776,1
118414,0,1,0.9798805,0
118415,1,1,0.6440572,1
118416,1,1,1.0,1
118417,1,0,0.041384716,0
118418,1,0,0.2698063,0
118419,1,0,0.24373244,0
118420,1,1,0.994146,1
118421,0,1,0.6825208,0
118422,1,0,0.045099564,0
118423,0,0,0.29254478,1
118424,1,0,0.21109137,0
118425,0,0,0.23484507,1
118426,1,1,0.9999969,1
118427,1,1,0.59690315,1
118428,0,0,0.059101548,1
118429,1,1,0.94068086,1
118430,1,0,0.24274376,0
118431,1,1,0.9999999,1
118432,1,1,1.0,1
118433,0,0,0.06052939,1
118434,0,1,0.8624676,0
118435,0,0,0.011530388,1
118436,0,1,0.9999925,0
118437,1,1,0.84834504,1
118438,0,1,0.98571813,0
118439,1,1,1.0,1
118440,1,1,0.9997826,1
118441,0,0,0.06301948,1
118442,1,1,0.8518296,1
118443,1,1,0.999433,1
118444,0,1,0.9996513,0
118445,0,0,0.004564981,1
118446,1,1,0.99999535,1
118447,1,1,0.99999213,1
118448,0,1,0.97917557,0
118449,1,1,0.8041754,1
118450,1,1,0.99997234,1
118451,0,1,0.86726075,0
118452,0,0,0.21223202,1
118453,1,0,0.044973567,0
118454,0,0,0.15791446,1
118455,0,0,0.053899158,1
118456,0,1,0.99997807,0
118457,1,1,0.99603915,1
118458,0,0,0.3350788,1
118459,0,0,0.07329728,1
118460,0,0,0.05926467,1
118461,1,1,0.9991721,1
118462,0,1,0.8646537,0
118463,0,1,0.94994867,0
118464,1,1,0.9999993,1
118465,1,1,0.98041254,1
118466,0,0,0.061932698,1
118467,1,1,0.9998499,1
118468,0,0,0.048767094,1
118469,1,1,0.3655699,1
118470,0,0,0.1603975,1
118471,1,1,1.0,1
118472,0,0,0.23361893,1
118473,1,0,0.1649868,0
118474,1,1,0.9931096,1
118475,0,1,0.9996424,0
118476,0,0,0.19620943,1
118477,0,0,0.11767348,1
118478,0,1,0.6757111,0
118479,1,1,0.97346866,1
118480,0,1,0.9351099,0
118481,1,1,1.0,1
118482,0,0,0.1668111,1
118483,1,1,0.7078593,1
118484,0,1,0.9989392,0
118485,1,1,0.99903786,1
118486,0,0,0.084040605,1
118487,1,1,0.9979888,1
118488,1,1,0.9999989,1
118489,1,0,0.08299413,0
118490,1,1,0.9999999,1
118491,1,1,0.98819935,1
118492,1,0,0.25376853,0
118493,1,1,0.9740426,1
118494,0,1,0.999997,0
118495,0,1,0.99497885,0
118496,0,0,0.083740406,1
118497,1,1,0.99951124,1
118498,0,1,0.79085356,0
118499,0,0,0.21900325,1
118500,1,1,0.96829146,1
118501,0,0,0.07172112,1
118502,1,1,1.0,1
118503,0,0,0.026280278,1
118504,0,0,0.10123348,1
118505,1,1,0.9693532,1
118506,1,1,0.9913054,1
118507,1,1,0.5552544,1
118508,1,1,0.87589324,1
118509,1,1,0.9999945,1
118510,1,0,0.007606673,0
118511,0,0,0.08570927,1
118512,0,0,0.24220563,1
118513,1,1,0.9999039,1
118514,0,0,0.091544405,1
118515,1,1,0.6729231,1
118516,1,1,0.99999034,1
118517,0,1,0.99863297,0
118518,1,1,0.5900707,1
118519,0,1,0.8734309,0
118520,1,1,0.95506835,1
118521,1,1,0.84376645,1
118522,1,1,1.0,1
118523,1,0,0.10150035,0
118524,0,0,0.020429844,1
118525,0,0,0.108377546,1
118526,1,1,1.0,1
118527,0,1,0.7079603,0
118528,1,1,0.94699025,1
118529,0,0,0.24220563,1
118530,1,1,0.47886392,1
118531,0,1,0.9999745,0
118532,1,1,0.8983214,1
118533,0,1,0.44866785,0
118534,1,1,0.9958175,1
118535,1,1,0.9994611,1
118536,0,1,0.7394224,0
118537,1,1,0.99999607,1
118538,1,1,0.9988305,1
118539,1,1,0.9842306,1
118540,1,1,0.96333414,1
118541,0,1,0.9615699,0
118542,1,1,0.99974185,1
118543,1,1,0.7051763,1
118544,0,1,0.78041154,0
118545,0,0,0.08733005,1
118546,1,1,0.9961903,1
118547,0,1,0.99951875,0
118548,1,0,0.14175598,0
118549,1,1,0.9869795,1
118550,1,1,0.5488548,1
118551,0,0,0.026708465,1
118552,0,0,0.044597577,1
118553,1,1,0.9981828,1
118554,0,1,0.79246426,0
118555,0,0,0.1579794,1
118556,0,0,0.07270252,1
118557,1,0,0.035914496,0
118558,1,1,0.9999962,1
118559,0,0,0.18832397,1
118560,0,0,0.033336822,1
118561,0,0,0.16491956,1
118562,1,1,1.0,1
118563,0,1,0.6025879,0
118564,0,1,0.99195355,0
118565,1,1,0.90804875,1
118566,1,0,0.09268777,0
118567,1,0,0.17009403,0
118568,1,1,0.4429377,1
118569,1,1,0.9999999,1
118570,1,1,0.9999696,1
118571,0,0,0.124798484,1
118572,0,0,0.044224583,1
118573,0,0,0.047425874,1
118574,1,1,0.9999968,1
118575,0,1,0.99823856,0
118576,0,1,0.99999547,0
118577,0,0,0.080213256,1
118578,1,1,0.99990237,1
118579,1,1,0.45048025,1
118580,0,1,1.0,0
118581,0,0,0.14792407,1
118582,0,1,0.99999964,0
118583,1,1,1.0,1
118584,1,1,0.9950659,1
118585,0,1,0.51561993,0
118586,1,1,0.5362522,1
118587,1,1,0.66969085,1
118588,1,1,0.97587764,1
118589,1,1,0.99910307,1
118590,0,1,0.7031929,0
118591,1,1,1.0,1
118592,1,1,1.0,1
118593,1,1,0.9975514,1
118594,1,1,0.99568534,1
118595,1,1,0.9747011,1
118596,1,0,0.2184192,0
118597,0,0,0.09476145,1
118598,1,1,0.986904,1
118599,0,1,0.7205158,0
118600,1,0,0.31216028,0
118601,0,0,0.078571655,1
118602,0,0,0.078078166,1
118603,0,1,1.0,0
118604,1,1,0.46751407,1
118605,1,1,0.9913892,1
118606,0,0,0.007922628,1
118607,0,0,0.3420219,1
118608,0,0,0.0703677,1
118609,1,1,0.84428066,1
118610,0,1,1.0,0
118611,0,0,0.010818448,1
118612,1,0,0.062273983,0
118613,0,0,0.25664562,1
118614,1,1,1.0,1
118615,0,1,0.98283976,0
118616,1,0,0.14841712,0
118617,0,0,0.08411581,1
118618,1,1,0.9999939,1
118619,0,1,0.96084166,0
118620,1,1,1.0,1
118621,0,0,0.027195055,1
118622,0,1,0.9038897,0
118623,0,0,0.091544405,1
118624,1,1,1.0,1
118625,0,1,0.9999918,0
118626,0,0,0.21444456,1
118627,0,1,0.8292156,0
118628,0,1,0.8709269,0
118629,1,1,0.61503005,1
118630,1,1,1.0,1
118631,0,0,0.052521676,1
118632,1,1,0.4464042,1
118633,0,1,0.9999752,0
118634,1,1,0.99998,1
118635,1,0,0.015306354,0
118636,1,0,0.28348374,0
118637,0,0,0.26654816,1
118638,1,0,0.110855594,0
118639,1,1,0.61201984,1
118640,0,1,0.9240048,0
118641,0,0,0.30528295,1
118642,0,0,0.048903175,1
118643,1,1,0.7530129,1
118644,1,1,0.99966335,1
118645,1,0,0.0586686,0
118646,1,0,0.15674922,0
118647,0,1,0.9935369,0
118648,1,1,0.9999974,1
118649,1,1,0.8484707,1
118650,1,1,0.99999964,1
118651,0,0,0.086554825,1
118652,0,0,0.10212547,1
118653,1,1,0.9905874,1
118654,0,0,0.085632786,1
118655,1,1,0.99632865,1
118656,0,0,0.016308766,1
118657,1,1,0.97752154,1
118658,0,0,0.10176784,1
118659,1,1,0.9999957,1
118660,0,0,0.08555635,1
118661,0,0,0.0043653254,1
118662,1,1,0.99999547,1
118663,1,1,0.9999802,1
118664,0,1,0.99664307,0
118665,1,1,0.99021614,1
118666,1,1,0.8701566,1
118667,1,1,0.9999993,1
118668,1,0,0.10221505,0
118669,1,1,0.9982212,1
118670,0,0,0.12951279,1
118671,1,1,0.7759446,1
118672,1,1,0.9971551,1
118673,0,0,0.18624303,1
118674,0,0,0.20955054,1
118675,1,1,0.9998184,1
118676,1,1,0.99965465,1
118677,0,1,0.79246426,0
118678,1,0,0.22558717,0
118679,0,1,0.6620867,0
118680,0,0,0.13318956,1
118681,1,1,0.99999917,1
118682,1,1,0.99849,1
118683,1,1,0.99999774,1
118684,1,1,1.0,1
118685,0,1,1.0,0
118686,1,0,0.33469814,0
118687,1,1,0.99999714,1
118688,1,1,0.9999931,1
118689,1,1,0.99999917,1
118690,1,0,0.044224583,0
118691,1,1,0.9998691,1
118692,1,1,0.9976404,1
118693,0,0,0.11211313,1
118694,1,1,0.4902356,1
118695,1,1,1.0,1
118696,1,0,0.09476145,0
118697,0,1,0.9999999,0
118698,0,1,0.9964412,0
118699,1,1,0.9999924,1
118700,1,1,0.7224781,1
118701,0,0,0.050424065,1
118702,1,1,0.9988236,1
118703,0,1,0.58118427,0
118704,0,1,0.99993646,0
118705,0,0,0.06884988,1
118706,0,1,0.9856076,0
118707,0,1,1.0,0
118708,1,1,0.68177974,1
118709,0,1,0.9763331,0
118710,0,0,0.06910072,1
118711,1,1,0.99999547,1
118712,1,1,1.0,1
118713,0,0,0.0062291576,1
118714,0,0,0.28180072,1
118715,1,1,1.0,1
118716,1,1,0.79390603,1
118717,0,0,0.1587604,1
118718,0,1,0.46323177,0
118719,1,1,1.0,1
118720,1,1,0.3797809,1
118721,0,1,1.0,0
118722,0,0,0.18227991,1
118723,1,1,0.9994797,1
118724,1,1,1.0,1
118725,1,1,1.0,1
118726,1,0,0.074635044,0
118727,1,1,0.9999994,1
118728,0,1,0.9528382,0
118729,1,1,1.0,1
118730,1,1,0.9714829,1
118731,1,1,0.93738294,1
118732,0,0,0.0126982,1
118733,1,1,0.9997428,1
118734,0,1,0.99968004,0
118735,1,1,0.39224952,1
118736,1,0,0.039638843,0
118737,1,1,0.9736196,1
118738,1,1,0.9998273,1
118739,0,1,0.96853036,0
118740,1,1,0.9906961,1
118741,1,1,0.8785229,1
118742,0,1,0.41454327,0
118743,0,1,0.99968183,0
118744,0,1,0.9992749,0
118745,1,1,0.9991541,1
118746,0,0,0.16878845,1
118747,1,1,0.99846625,1
118748,0,0,0.2574849,1
118749,0,0,0.1648523,1
118750,1,1,0.9998634,1
118751,0,0,0.13793841,1
118752,0,1,0.95679593,0
118753,0,1,0.9233162,0
118754,1,0,0.10576342,0
118755,0,0,0.21288587,1
118756,0,1,0.39361808,0
118757,1,1,0.60807055,1
118758,0,1,0.8775817,0
118759,1,1,0.99999905,1
118760,0,0,0.08748585,1
118761,1,1,0.9325147,1
118762,0,1,0.9999701,0
118763,1,1,0.5428633,1
118764,1,1,0.37756935,1
118765,1,1,0.9999243,1
118766,0,1,0.43608162,0
118767,1,0,0.25266054,0
118768,1,1,0.99981695,1
118769,1,1,0.4047133,1
118770,1,1,0.9999794,1
118771,0,1,0.94776917,0
118772,1,1,0.79390603,1
118773,1,1,0.9999999,1
118774,0,0,0.108850285,1
118775,1,1,0.6999214,1
118776,1,1,0.99999976,1
118777,0,1,0.99909246,0
118778,0,1,0.99970406,0
118779,0,0,0.083142914,1
118780,1,1,0.99999964,1
118781,1,1,1.0,1
118782,1,1,0.95409465,1
118783,1,1,0.9998267,1
118784,1,1,0.9999342,1
118785,0,1,0.45853055,0
118786,1,1,1.0,1
118787,1,1,0.99999344,1
118788,1,1,0.99994993,1
118789,0,0,0.22456521,1
118790,1,1,1.0,1
118791,0,1,0.92892635,0
118792,0,1,0.9036349,0
118793,1,0,0.011419615,0
118794,0,0,0.18440005,1
118795,1,1,0.98720354,1
118796,1,1,0.8494724,1
118797,1,0,0.105948284,0
118798,1,1,0.7435406,1
118799,1,1,0.99986553,1
118800,1,1,0.9999932,1
118801,1,1,0.9962565,1
118802,1,0,0.1742697,0
118803,1,1,1.0,1
118804,1,1,0.86960393,1
118805,0,0,0.051605962,1
118806,1,0,0.10734387,0
118807,0,0,0.085785836,1
118808,1,1,0.75123775,1
118809,0,1,0.914977,0
118810,1,1,0.99983394,1
118811,0,0,0.14181541,1
118812,1,1,0.99999774,1
118813,1,0,0.044142097,0
118814,0,0,0.0768222,1
118815,1,1,0.9984207,1
118816,1,1,0.92366123,1
118817,0,0,0.11392417,1
118818,0,1,0.8974259,0
118819,0,1,0.66655105,0
118820,1,1,1.0,1
118821,1,1,1.0,1
118822,1,1,0.9976769,1
118823,0,1,0.6339203,0
118824,0,0,0.15034041,1
118825,1,1,0.99999857,1
118826,1,1,0.9999995,1
118827,0,0,0.0921145,1
118828,1,1,0.998844,1
118829,0,1,0.64573455,0
118830,1,1,0.9999981,1
118831,0,0,0.14432967,1
118832,0,0,0.062103122,1
118833,1,1,1.0,1
118834,1,1,0.9091839,1
118835,1,1,0.9999796,1
118836,0,0,0.16264586,1
118837,1,1,1.0,1
118838,0,1,0.5301757,0
118839,1,1,1.0,1
118840,0,1,0.55012405,0
118841,1,0,0.28746766,0
118842,1,1,1.0,1
118843,0,1,0.544983,0
118844,1,1,0.9999987,1
118845,1,1,0.99946314,1
118846,1,1,1.0,1
118847,1,1,0.9874479,1
118848,1,1,0.99999976,1
118849,0,1,0.86281466,0
118850,1,1,0.9443824,1
118851,0,0,0.24680553,1
118852,1,1,0.47557488,1
118853,0,0,0.21255875,1
118854,1,0,0.2594033,0
118855,1,1,0.999828,1
118856,0,0,0.21060391,1
118857,0,1,0.6065567,0
118858,1,1,0.7851439,1
118859,1,1,0.9994418,1
118860,1,1,1.0,1
118861,1,1,0.99999976,1
118862,0,0,0.07230849,1
118863,1,1,0.9999292,1
118864,0,1,0.9999924,0
118865,1,1,0.9998416,1
118866,0,0,0.087720014,1
118867,1,0,0.24807851,0
118868,1,1,0.74274844,1
118869,1,1,0.4594096,1
118870,1,1,0.99999774,1
118871,0,0,0.11348131,1
118872,1,1,0.9997613,1
118873,1,1,0.99952066,1
118874,0,0,0.04556445,1
118875,0,0,0.00027372167,1
118876,1,0,0.06103112,0
118877,1,1,0.682415,1
118878,1,0,0.05802475,0
118879,1,1,1.0,1
118880,1,1,0.9705485,1
118881,0,1,0.9995932,0
118882,0,1,0.99693066,0
118883,1,0,0.019512547,0
118884,1,1,0.99999917,1
118885,1,1,0.9978258,1
118886,1,1,0.68421125,1
118887,1,0,0.026255298,0
118888,0,0,0.07531231,1
118889,0,0,0.24400252,1
118890,0,0,0.009161027,1
118891,0,0,0.21526824,1
118892,1,1,1.0,1
118893,0,0,0.32723817,1
118894,0,1,0.84221536,0
118895,0,1,0.92924803,0
118896,0,0,0.058185086,1
118897,0,1,0.87212974,0
118898,0,1,0.71893984,0
118899,0,0,0.12426614,1
118900,0,1,0.9998067,0
118901,0,0,0.33497,1
118902,0,1,0.84632385,0
118903,0,1,0.9937709,0
118904,1,1,0.99994266,1
118905,0,1,0.9999641,0
118906,1,1,1.0,1
118907,0,1,1.0,0
118908,1,1,1.0,1
118909,1,1,1.0,1
118910,0,1,0.9349913,0
118911,1,0,0.095265254,0
118912,0,0,0.14829372,1
118913,1,1,0.9999925,1
118914,0,0,0.12241826,1
118915,0,1,0.8580062,0
118916,1,1,0.99999225,1
118917,1,1,0.6323325,1
118918,1,0,0.11818139,0
118919,1,0,0.034586217,0
118920,0,0,0.029367853,1
118921,0,1,0.99960417,0
118922,0,1,0.94815457,0
118923,1,1,0.9970247,1
118924,0,0,0.01046884,1
118925,1,1,0.9991991,1
118926,1,1,0.615839,1
118927,1,1,1.0,1
118928,0,0,0.08464396,1
118929,0,0,0.054298937,1
118930,0,0,0.24580847,1
118931,1,1,0.9998827,1
118932,1,1,1.0,1
118933,1,1,0.95715785,1
118934,1,0,0.1775255,0
118935,1,1,1.0,1
118936,1,1,1.0,1
118937,0,0,0.24490437,1
118938,1,1,0.9999994,1
118939,1,1,0.99622726,1
118940,1,1,0.99998856,1
118941,1,1,0.9999993,1
118942,1,1,0.5980775,1
118943,0,1,0.5369807,0
118944,1,0,0.07606381,0
118945,1,1,1.0,1
118946,1,1,0.9999999,1
118947,1,1,0.9658352,1
118948,0,1,0.6056824,0
118949,1,1,0.9820655,1
118950,1,1,0.9999863,1
118951,0,0,0.059428226,1
118952,0,1,0.94266534,0
118953,1,1,0.92827886,1
118954,0,1,0.97386926,0
118955,1,1,0.9709644,1
118956,1,1,0.9988949,1
118957,0,1,1.0,0
118958,1,1,1.0,1
118959,0,0,0.08969352,1
118960,0,0,0.024774551,1
118961,0,1,1.0,0
118962,0,0,0.11616108,1
118963,1,1,0.98302,1
118964,0,1,0.3582969,0
118965,1,1,0.4162033,1
118966,0,1,0.75689703,0
118967,1,1,1.0,1
118968,1,0,1.8999217e-05,0
118969,0,0,0.059319146,1
118970,1,1,0.97794676,1
118971,0,1,0.5292634,0
118972,0,0,0.11486404,1
118973,0,1,0.99834836,0
118974,0,1,0.9869292,0
118975,0,0,0.14438999,1
118976,1,1,0.9999994,1
118977,1,0,0.24409263,0
118978,0,0,0.10402136,1
118979,0,0,0.09426001,1
118980,1,1,0.9998293,1
118981,1,1,1.0,1
118982,0,0,0.0052302782,1
118983,1,0,0.31679186,0
118984,1,1,0.999902,1
118985,0,1,0.9981067,0
118986,0,0,0.21141684,1
118987,0,1,0.99671423,0
118988,1,1,1.0,1
118989,1,1,0.44245577,1
118990,1,1,0.5138514,1
118991,1,1,1.0,1
118992,0,1,0.8213309,0
118993,1,1,0.888372,1
118994,0,1,0.92043275,0
118995,0,1,0.99999964,0
118996,1,1,0.9999999,1
118997,1,1,1.0,1
118998,0,1,0.9810037,0
118999,1,0,0.2588877,0
119000,1,0,0.24409263,0
119001,1,0,0.2885691,0
119002,1,1,1.0,1
119003,0,0,0.03601607,1
119004,1,0,0.0023141266,0
119005,0,1,0.9812928,0
119006,1,1,0.99843603,1
119007,1,0,0.33693078,0
119008,1,0,0.015633563,0
119009,1,1,1.0,1
119010,1,0,0.06542547,0
119011,0,0,0.065545,1
119012,1,0,0.17384852,0
119013,1,1,0.8678218,1
119014,1,1,0.99999976,1
119015,0,1,0.5744545,0
119016,0,1,0.9878996,0
119017,1,1,0.9999862,1
119018,1,1,0.99999845,1
119019,0,1,0.99999833,0
119020,0,1,0.53315437,0
119021,0,0,0.123577,1
119022,1,1,0.99993813,1
119023,1,1,0.9161096,1
119024,0,0,0.1488496,1
119025,1,1,0.9418149,1
119026,0,0,0.17245041,1
119027,1,0,0.23135361,0
119028,0,0,0.2973169,1
119029,1,1,0.9972584,1
119030,1,1,0.9999894,1
119031,1,0,0.020984296,0
119032,1,1,0.83413684,1
119033,0,1,0.6472967,0
119034,1,1,1.0,1
119035,1,1,0.77141327,1
119036,0,0,0.03179867,1
119037,0,0,0.124851815,1
119038,0,0,0.16244647,1
119039,0,1,0.96586746,0
119040,0,0,0.026105914,1
119041,0,0,0.11211313,1
119042,1,1,0.99227446,1
119043,0,1,0.91030645,0
119044,0,0,0.30156767,1
119045,1,1,0.9513234,1
119046,0,0,0.16411416,1
119047,0,1,0.9054896,0
119048,1,1,1.0,1
119049,0,0,0.059210252,1
119050,1,0,0.021948252,0
119051,1,0,0.15046519,0
119052,1,1,0.36099574,1
119053,1,1,0.9999913,1
119054,0,1,0.9431908,0
119055,0,1,0.6259527,0
119056,1,1,0.91796696,1
119057,1,1,0.99987805,1
119058,0,0,0.1649868,1
119059,1,1,1.0,1
119060,0,0,0.0028118584,1
119061,1,1,1.0,1
119062,0,0,0.25063756,1
119063,1,1,0.9991474,1
119064,1,1,0.3963894,1
119065,1,1,0.9766024,1
119066,1,1,0.4541998,1
119067,0,1,0.90950596,0
119068,1,1,0.9999999,1
119069,0,1,0.99453074,0
119070,1,1,0.99999154,1
119071,0,1,0.73578405,0
119072,1,1,1.0,1
119073,1,0,0.039121646,0
119074,0,1,0.99866986,0
119075,1,1,1.0,1
119076,1,0,0.049819652,0
119077,0,0,0.03594832,1
119078,1,1,0.99998736,1
119079,1,1,1.0,1
119080,1,1,0.99999833,1
119081,0,1,0.9997942,0
119082,1,1,0.9770007,1
119083,1,1,0.7676898,1
119084,1,1,0.8077641,1
119085,1,0,0.2177531,0
119086,0,0,0.058614686,1
119087,1,1,0.9999981,1
119088,1,1,0.98242307,1
119089,1,1,0.91030645,1
119090,0,0,0.03971326,1
119091,0,0,0.29895166,1
119092,0,0,0.08100938,1
119093,1,0,0.16158465,0
119094,1,1,1.0,1
119095,1,1,0.39855275,1
119096,0,0,0.0073886756,1
119097,0,1,0.9877351,0
119098,1,0,0.039121646,0
119099,0,0,0.3034737,1
119100,1,1,0.99999976,1
119101,0,1,0.99864095,0
119102,1,1,0.9999465,1
119103,0,1,0.36299744,0
119104,1,1,1.0,1
119105,1,1,0.80069196,1
119106,0,0,0.088425905,1
119107,0,0,0.08479541,1
119108,1,1,0.9996941,1
119109,1,1,0.9999999,1
119110,0,1,0.81859183,0
119111,0,0,0.039564554,1
119112,0,1,0.97991896,0
119113,1,1,0.99999976,1
119114,0,1,0.891811,0
119115,1,1,0.9999945,1
119116,1,1,0.99999595,1
119117,1,1,0.7614498,1
119118,0,1,0.9999974,0
119119,1,1,0.8906752,1
119120,0,0,0.046855625,1
119121,1,1,1.0,1
119122,1,1,0.9749884,1
119123,0,1,0.4874904,0
119124,0,0,0.29446852,1
119125,0,0,0.069604956,1
119126,0,0,0.23493281,1
119127,0,1,0.9615699,0
119128,1,0,0.033023555,0
119129,0,0,0.27474034,1
119130,0,1,0.8692713,0
119131,0,0,0.04616273,1
119132,0,1,0.84619683,0
119133,0,1,0.99879104,0
119134,0,1,0.81420064,0
119135,1,1,0.98803884,1
119136,0,1,0.9687085,0
119137,1,1,0.92709976,1
119138,0,1,0.48620954,0
119139,0,0,0.13279545,1
119140,0,0,0.12765263,1
119141,1,1,0.999995,1
119142,0,0,0.04716187,1
119143,0,0,0.042882238,1
119144,1,1,1.0,1
119145,0,1,0.73862195,0
119146,1,1,0.7569869,1
119147,0,1,0.357848,0
119148,1,1,0.9999988,1
119149,0,1,0.998606,0
119150,0,0,0.06500874,1
119151,0,0,0.18315491,1
119152,1,1,0.99999917,1
119153,1,0,0.058722552,0
119154,0,0,0.06878729,1
119155,0,0,0.052570295,1
119156,0,0,0.104660206,1
119157,1,1,0.9998671,1
119158,1,1,0.99992776,1
119159,1,0,0.16974968,0
119160,0,1,0.99983716,0
119161,0,1,0.6978664,0
119162,1,1,0.9998511,1
119163,1,0,0.21190566,0
119164,0,0,0.02176037,1
119165,1,1,0.6530716,1
119166,1,1,0.7256,1
119167,1,0,0.1673547,0
119168,0,1,0.39565948,0
119169,1,1,0.9999981,1
119170,0,1,0.73885757,0
119171,1,1,0.9951137,1
119172,1,0,0.15297888,0
119173,1,1,0.9874236,1
119174,1,1,0.99807703,1
119175,1,1,1.0,1
119176,0,0,0.071202725,1
119177,0,0,0.24274376,1
119178,1,1,0.9242787,1
119179,0,1,0.7743275,0
119180,1,1,0.76777697,1
119181,0,0,0.031499382,1
119182,1,1,0.5228113,1
119183,0,0,0.038178273,1
119184,1,1,0.9999993,1
119185,0,1,0.52171487,0
119186,0,1,0.3817092,0
119187,0,1,0.44709817,0
119188,1,0,0.2928986,0
119189,0,0,0.088820286,1
119190,1,1,0.99998844,1
119191,0,0,0.06052939,1
119192,1,1,0.9975986,1
119193,1,1,1.0,1
119194,1,1,0.8410439,1
119195,0,0,0.029675618,1
119196,1,1,0.8983214,1
119197,0,1,0.89152807,0
119198,1,1,0.9992944,1
119199,1,1,0.9999999,1
119200,1,1,1.0,1
119201,0,1,0.99128854,0
119202,0,0,0.0288983,1
119203,1,1,0.99998426,1
119204,0,1,0.982524,0
119205,1,1,0.5518153,1
119206,1,0,0.039787814,0
119207,0,1,0.58385605,0
119208,0,0,0.13551785,1
119209,0,1,0.39344326,0
119210,1,1,0.8974259,1
119211,1,1,1.0,1
119212,1,1,0.99948967,1
119213,1,1,0.9999511,1
119214,1,1,0.9287327,1
119215,1,1,0.99528164,1
119216,1,1,1.0,1
119217,0,0,0.041812986,1
119218,1,1,0.8711464,1
119219,0,1,0.5265253,0
119220,0,1,0.99953544,0
119221,0,1,0.6858969,0
119222,1,1,1.0,1
119223,1,1,1.0,1
119224,0,0,0.00381705,1
119225,1,0,0.027690258,0
119226,1,0,0.3471497,0
119227,0,0,0.02774289,1
119228,1,1,0.9981433,1
119229,1,0,0.13398075,0
119230,1,1,1.0,1
119231,1,1,0.9851003,1
119232,0,1,0.37937838,0
119233,1,0,0.09947022,0
119234,1,1,1.0,1
119235,1,1,0.9999895,1
119236,1,0,0.00189692,0
119237,0,1,0.9808209,0
119238,1,1,1.0,1
119239,0,0,0.1186912,1
119240,0,0,0.0023596606,1
119241,1,1,0.9960699,1
119242,1,1,0.9999944,1
119243,0,1,0.41932094,0
119244,0,0,0.029367853,1
119245,1,1,0.9989183,1
119246,1,0,0.33845967,0
119247,1,1,0.99999297,1
119248,1,1,0.98361266,1
119249,0,0,0.10650459,1
119250,1,1,0.99997556,1
119251,1,0,0.25293726,0
119252,1,1,0.9371533,1
119253,1,1,0.9987503,1
119254,0,0,0.09146322,1
119255,0,1,0.78825736,0
119256,0,1,0.99992514,0
119257,1,1,0.99999654,1
119258,1,1,0.9999716,1
119259,1,0,0.12797923,0
119260,1,1,1.0,1
119261,0,1,0.5861676,0
119262,0,0,0.045991033,1
119263,1,1,0.99843913,1
119264,0,0,0.1850619,1
119265,0,0,0.14922118,1
119266,1,1,1.0,1
119267,1,1,0.99999857,1
119268,0,1,0.989368,0
119269,0,1,0.88453895,0
119270,0,0,0.000120066616,1
119271,1,1,1.0,1
119272,0,1,1.0,0
119273,1,1,0.9999696,1
119274,1,1,1.0,1
119275,1,1,1.0,1
119276,1,1,1.0,1
119277,1,1,1.0,1
119278,1,1,0.9999999,1
119279,1,1,0.99998915,1
119280,1,1,1.0,1
119281,1,1,0.9993869,1
119282,1,1,0.9999237,1
119283,0,1,0.99998474,0
119284,0,1,0.91565824,0
119285,0,0,0.13730095,1
119286,1,1,0.6727081,1
119287,1,1,0.74789226,1
119288,1,1,0.99998534,1
119289,1,1,1.0,1
119290,0,1,0.3522018,0
119291,1,0,0.07956719,0
119292,1,1,1.0,1
119293,1,1,0.9999999,1
119294,0,0,0.23616374,1
119295,0,0,0.029367853,1
119296,1,1,0.99997115,1
119297,0,1,0.99812144,0
119298,1,1,0.66361445,1
119299,1,1,0.9999535,1
119300,0,0,0.13957219,1
119301,0,0,0.054499876,1
119302,1,1,0.96989965,1
119303,1,1,1.0,1
119304,0,1,0.8554893,0
119305,0,1,0.9994777,0
119306,0,1,0.9943251,0
119307,0,1,0.9747491,0
119308,1,0,0.18053968,0
119309,1,0,0.18432663,0
119310,0,1,0.6930057,0
119311,1,0,0.080574244,0
119312,0,0,0.04115289,1
119313,1,1,0.99971205,1
119314,1,1,1.0,1
119315,0,1,0.59131026,0
119316,1,1,0.9997075,1
119317,0,1,0.48303872,0
119318,1,1,0.5630776,1
119319,1,1,0.99675864,1
119320,1,1,0.7905303,1
119321,1,0,0.043365803,0
119322,0,0,0.114665605,1
119323,1,0,0.108283214,0
119324,1,1,1.0,1
119325,1,0,0.12116486,0
119326,0,1,0.848847,0
119327,0,1,0.9684709,0
119328,1,1,0.99992967,1
119329,0,1,0.9957188,0
119330,1,0,0.13117322,0
119331,1,0,0.33014718,0
119332,1,0,0.17974643,0
119333,0,0,0.10989669,1
119334,0,1,0.99843603,0
119335,0,1,0.9927672,0
119336,0,1,0.86488205,0
119337,1,1,0.74101865,1
119338,1,1,0.6073721,1
119339,0,1,0.9566342,0
119340,0,0,0.05597775,1
119341,0,1,0.85693204,0
119342,1,1,0.9999448,1
119343,1,0,0.01798621,0
119344,0,1,0.9428234,0
119345,1,1,0.999159,1
119346,1,1,0.9174507,1
119347,1,1,1.0,1
119348,0,0,0.34587818,1
119349,0,0,0.15597628,1
119350,1,1,0.99999666,1
119351,0,0,0.010550081,1
119352,0,0,0.08977329,1
119353,0,1,0.9896318,0
119354,1,0,0.13637818,0
119355,1,1,0.9659959,1
119356,0,0,0.052862898,1
119357,1,1,0.9999995,1
119358,1,1,1.0,1
119359,1,1,0.39495912,1
119360,1,0,0.05686155,0
119361,0,1,0.9999479,0
119362,0,0,0.1305623,1
119363,1,1,0.99998486,1
119364,0,1,0.39606816,0
119365,1,0,0.030243218,0
119366,1,1,0.9920312,1
119367,1,0,0.15297888,0
119368,1,1,0.9863631,1
119369,1,0,0.15121572,0
119370,1,1,1.0,1
119371,1,1,1.0,1
119372,0,0,0.050705362,1
119373,1,1,0.8113773,1
119374,1,1,1.0,1
119375,0,0,0.06572467,1
119376,1,0,0.31242245,0
119377,0,1,0.7159704,0
119378,1,0,0.023554333,0
119379,0,0,0.077447854,1
119380,1,1,0.9982039,1
119381,1,0,0.12431929,0
119382,0,1,0.35655868,0
119383,1,1,0.99898964,1
119384,0,0,0.1504028,1
119385,1,0,0.13240233,0
119386,1,1,0.97836393,1
119387,1,1,0.8113773,1
119388,1,1,0.9998074,1
119389,1,1,0.99999964,1
119390,0,0,0.33139017,1
119391,0,0,0.039937317,1
119392,1,1,0.9999981,1
119393,1,1,0.99996114,1
119394,1,1,0.9982488,1
119395,0,0,0.047249712,1
119396,1,1,0.9772191,1
119397,1,1,0.9816127,1
119398,0,1,0.78041154,0
119399,1,1,0.9804314,1
119400,1,1,0.9951231,1
119401,1,1,0.9999989,1
119402,0,0,0.09326426,1
119403,1,1,0.52835095,1
119404,0,0,0.05198967,1
119405,1,1,0.61398906,1
119406,1,1,1.0,1
119407,0,1,0.37459052,0
119408,1,1,0.99986124,1
119409,1,0,0.04689926,0
119410,1,0,0.104294725,0
119411,1,1,0.38702404,1
119412,0,1,0.37410447,0
119413,0,0,0.05602938,1
119414,0,0,0.3268083,1
119415,1,1,0.98292196,1
119416,0,0,0.053700306,1
119417,1,1,0.38398772,1
119418,0,1,1.0,0
119419,1,1,0.9999963,1
119420,0,0,0.09611029,1
119421,0,0,0.09947022,1
119422,0,1,0.53212124,0
119423,1,1,0.99996984,1
119424,0,0,0.21329524,1
119425,1,1,1.0,1
119426,0,0,0.0129954135,1
119427,1,1,0.9988883,1
119428,0,0,0.21027938,1
119429,1,0,0.0050407024,0
119430,0,0,0.111627996,1
119431,0,0,0.13234626,1
119432,1,1,0.9999989,1
119433,1,1,0.9987207,1
119434,1,1,0.8993868,1
119435,0,0,0.07389652,1
119436,0,1,0.9980392,0
119437,1,1,0.9987331,1
119438,1,1,0.90632194,1
119439,0,0,0.2244802,1
119440,0,1,0.998345,0
119441,0,1,0.3737615,0
119442,0,0,0.10239443,1
119443,1,0,5.133655e-06,0
119444,1,1,0.9942697,1
119445,0,1,0.7639243,0
119446,0,0,0.012576347,1
119447,1,1,0.99999845,1
119448,0,0,0.052911807,1
119449,0,0,0.10650459,1
119450,0,0,0.21967211,1
119451,1,0,0.15954451,0
119452,1,1,0.999998,1
119453,1,0,0.027376488,0
119454,1,1,0.99952066,1
119455,0,0,0.10753115,1
119456,1,1,0.9985191,1
119457,0,1,0.9167827,0
119458,1,1,0.999658,1
119459,1,0,0.03893851,0
119460,0,1,0.99545276,0
119461,0,1,0.7505527,0
119462,1,1,1.0,1
119463,1,1,1.0,1
119464,0,0,0.07538034,1
119465,0,0,0.15662017,1
119466,0,0,0.021024454,1
119467,1,1,0.9999995,1
119468,1,1,0.80232334,1
119469,1,0,0.031114377,0
119470,0,1,0.8830344,0
119471,0,1,0.7594039,0
119472,0,0,0.057334732,1
119473,0,0,0.16579561,1
119474,0,1,0.8609547,0
119475,1,1,0.9890131,1
119476,0,1,0.46596456,0
119477,0,0,0.14253002,1
119478,1,1,0.8962514,1
119479,0,1,0.5023804,0
119480,0,0,0.08269734,1
119481,0,1,0.9732661,0
119482,1,1,1.0,1
119483,0,1,0.99588215,0
119484,1,1,0.9076402,1
119485,0,0,0.07878402,1
119486,1,1,0.9999974,1
119487,0,1,0.9998574,0
119488,1,1,0.98680264,1
119489,1,0,0.28917095,0
119490,1,1,0.9999877,1
119491,0,1,0.63267297,0
119492,0,0,0.32659352,1
119493,0,0,0.13712755,1
119494,0,0,0.013902058,1
119495,0,0,0.050004896,1
119496,1,1,0.70583576,1
119497,1,1,1.0,1
119498,1,0,0.21592887,0
119499,1,1,1.0,1
119500,0,0,0.09990845,1
119501,1,1,1.0,1
119502,1,1,1.0,1
119503,0,1,0.9978677,0
119504,1,1,1.0,1
119505,1,1,0.39469665,1
119506,0,0,0.2758119,1
119507,1,1,0.9999976,1
119508,0,1,0.947186,0
119509,0,0,0.22729777,1
119510,1,0,0.07329728,0
119511,1,1,1.0,1
119512,0,0,0.23440666,1
119513,1,1,0.98201376,1
119514,1,1,0.99085677,1
119515,0,1,0.4192615,0
119516,1,1,0.9998876,1
119517,0,0,0.23537192,1
119518,1,1,0.9689444,1
119519,1,0,0.19042274,0
119520,0,0,0.14792407,1
119521,1,1,1.0,1
119522,0,1,0.99996376,0
119523,1,1,0.9999964,1
119524,1,0,0.036873367,0
119525,0,1,0.99918324,0
119526,1,1,0.99970055,1
119527,0,1,0.9095863,0
119528,0,0,0.09476145,1
119529,0,1,0.9999945,0
119530,0,0,0.06608538,1
119531,1,1,0.99862766,1
119532,1,1,0.99999416,1
119533,1,1,0.9995566,1
119534,0,0,0.14229147,1
119535,1,1,1.0,1
119536,0,0,0.11571067,1
119537,1,1,0.9999999,1
119538,1,1,0.8468312,1
119539,0,1,0.6597889,0
119540,0,1,0.9657707,0
119541,0,1,0.38254502,0
119542,1,1,0.9993988,1
119543,0,0,0.042882238,1
119544,1,1,0.99783427,1
119545,0,0,0.33057922,1
119546,1,1,0.998835,1
119547,1,1,0.98518616,1
119548,1,1,0.99999976,1
119549,1,1,0.9999999,1
119550,1,1,0.5837373,1
119551,0,0,0.21206881,1
119552,0,1,0.8794577,0
119553,0,0,0.03541073,1
119554,0,0,0.19110113,1
119555,0,1,0.39729518,0
119556,1,1,0.99975556,1
119557,1,1,0.9999989,1
119558,0,1,0.8976056,0
119559,0,0,0.054802597,1
119560,1,1,0.99982053,1
119561,1,0,0.25860673,0
119562,1,1,0.60340613,1
119563,0,0,0.33982763,1
119564,1,1,1.0,1
119565,1,1,0.9994777,1
119566,1,1,1.0,1
119567,1,1,0.9998385,1
119568,0,1,0.99453074,0
119569,1,1,1.0,1
119570,0,1,0.9999925,0
119571,0,0,0.027585285,1
119572,0,0,0.021004366,1
119573,1,1,0.9999999,1
119574,0,1,0.7916601,0
119575,0,1,0.82190347,0
119576,0,0,0.19027226,1
119577,0,1,0.99390244,0
119578,0,0,0.025347177,1
119579,1,1,1.0,1
119580,1,1,1.0,1
119581,0,0,0.1949802,1
119582,1,0,0.29711294,0
119583,0,0,0.028980628,1
119584,1,1,0.96580297,1
119585,1,1,0.9872773,1
119586,1,1,0.9999876,1
119587,1,1,0.9998863,1
119588,0,0,0.044389986,1
119589,1,1,0.99025387,1
119590,1,1,0.99756086,1
119591,0,1,0.4211054,0
119592,1,1,0.6466276,1
119593,0,1,0.3943759,0
119594,0,0,0.20394525,1
119595,1,1,1.0,1
119596,0,1,1.0,0
119597,1,0,0.12901814,0
119598,1,1,0.39431757,1
119599,0,0,0.1728689,1
119600,1,1,0.9233162,1
119601,0,0,0.09696201,1
119602,0,0,0.1338675,1
119603,0,0,0.100436606,1
119604,0,1,0.99983263,0
119605,1,1,1.0,1
119606,1,1,1.0,1
119607,0,0,0.037999377,1
119608,0,0,0.11471518,1
119609,1,1,0.9993525,1
119610,1,1,1.0,1
119611,1,1,0.9997658,1
119612,0,0,0.03652812,1
119613,1,1,0.89312315,1
119614,0,0,0.099120855,1
119615,0,0,0.039305612,1
119616,0,0,0.089057684,1
119617,0,1,0.5341873,0
119618,1,0,0.050051305,0
119619,0,1,0.9975418,0
119620,1,1,0.95253,1
119621,0,0,0.09929539,1
119622,0,1,0.5733799,0
119623,1,0,0.049912184,0
119624,0,0,0.29401222,1
119625,0,1,0.660008,0
119626,1,1,0.38641608,1
119627,1,0,0.20212801,0
119628,1,1,0.7033967,1
119629,1,1,0.84619683,1
119630,1,1,1.0,1
119631,0,1,0.71092945,0
119632,1,1,0.99956685,1
119633,1,0,0.020685462,0
119634,0,0,0.21592887,1
119635,1,1,1.0,1
119636,1,1,0.9999987,1
119637,1,1,0.99999976,1
119638,1,1,0.47432682,1
119639,1,0,0.19613242,0
119640,0,0,0.10622612,1
119641,0,1,0.99994195,0
119642,1,0,0.09276993,0
119643,0,1,0.9073943,0
119644,1,1,1.0,1
119645,1,1,0.999998,1
119646,0,0,0.20922722,1
119647,0,1,0.5978427,0
119648,1,1,1.0,1
119649,1,1,0.9999993,1
119650,0,0,0.032313783,1
119651,0,0,0.08740792,1
119652,1,1,0.9999902,1
119653,1,1,0.99990904,1
119654,1,1,0.9999969,1
119655,1,0,0.21477376,0
119656,1,1,1.0,1
119657,0,1,0.9325147,0
119658,1,0,0.08411581,0
119659,0,0,0.019363642,1
119660,0,1,0.5226286,0
119661,0,1,0.99900913,0
119662,1,1,0.77713084,1
119663,0,1,0.9189906,0
119664,1,1,0.42647088,1
119665,1,1,0.9999999,1
119666,0,0,0.039121646,1
119667,1,1,0.99999654,1
119668,1,0,0.11308892,0
119669,1,0,0.020725062,0
119670,0,1,0.5097644,0
119671,0,0,0.24006127,1
119672,0,1,0.9999517,0
119673,1,1,0.9993625,1
119674,1,1,1.0,1
119675,1,1,0.9985018,1
119676,0,0,0.10851917,1
119677,1,1,0.9731898,1
119678,0,0,0.17002513,1
119679,1,0,0.037892424,0
119680,0,1,0.56277734,0
119681,0,0,0.1627789,1
119682,1,1,0.9666002,1
119683,1,1,0.82032555,1
119684,0,1,0.93158704,0
119685,1,1,0.9759694,1
119686,0,1,0.8587186,0
119687,1,1,0.9999511,1
119688,0,1,0.5918412,0
119689,0,0,0.28096148,1
119690,0,1,0.4283231,0
119691,1,0,0.31541958,0
119692,1,1,0.7565375,1
119693,0,0,0.1305069,1
119694,0,1,0.9555271,0
119695,1,1,0.9083743,1
119696,0,0,0.2573916,1
119697,0,0,0.017712299,1
119698,1,1,0.99999976,1
119699,0,0,0.049405243,1
119700,1,1,0.9999598,1
119701,1,1,0.84758973,1
119702,0,0,0.12116486,1
119703,1,1,0.9999993,1
119704,1,1,0.9875923,1
119705,1,1,0.999987,1
119706,0,0,0.16418117,1
119707,0,1,1.0,0
119708,1,1,0.96771675,1
119709,1,1,0.3963602,1
119710,1,0,0.13852006,0
119711,1,1,0.93991333,1
119712,0,1,0.9913054,0
119713,1,1,0.9996711,1
119714,1,1,0.9999652,1
119715,0,0,0.06103112,1
119716,0,1,0.99491996,0
119717,0,1,0.9999914,0
119718,0,1,0.9994461,0
119719,1,0,0.26913345,0
119720,1,1,1.0,1
119721,0,0,0.050097767,1
119722,0,0,0.30756596,1
119723,1,1,0.99999475,1
119724,0,1,1.0,0
119725,1,1,1.0,1
119726,1,1,0.99999833,1
119727,1,1,1.0,1
119728,0,1,0.9989778,0
119729,1,1,0.99999666,1
119730,1,1,0.7697732,1
119731,1,1,0.9351691,1
119732,0,1,0.8992984,0
119733,1,1,0.99999833,1
119734,0,0,0.010091316,1
119735,1,1,0.9999101,1
119736,1,1,0.7526495,1
119737,1,1,0.7933462,1
119738,0,1,0.9623913,0
119739,0,1,0.9958418,0
119740,1,1,0.40347868,1
119741,0,0,0.029367853,1
119742,1,0,0.12463858,0
119743,1,1,0.98478174,1
119744,1,1,0.9252299,1
119745,0,1,0.44338953,0
119746,0,1,0.75913614,0
119747,1,1,1.0,1
119748,0,0,0.22194035,1
119749,1,0,0.08225394,0
119750,0,0,0.14116298,1
119751,0,1,0.99995494,0
119752,0,1,0.99999285,0
119753,1,0,0.054198727,0
119754,1,1,1.0,1
119755,1,1,0.99993646,1
119756,0,0,0.25349125,1
119757,1,1,0.99801993,1
119758,0,0,0.052230857,1
119759,0,1,0.7530129,0
119760,1,1,1.0,1
119761,0,1,0.52993244,0
119762,0,0,0.3127372,1
119763,0,1,0.5591697,0
119764,0,1,0.515315,0
119765,1,1,0.96323055,1
119766,1,1,0.9962419,1
119767,0,0,0.048903175,1
119768,0,1,0.9999889,0
119769,0,1,0.5562188,0
119770,0,1,0.97573924,0
119771,0,0,0.019927852,1
119772,1,0,0.06884988,0
119773,0,0,0.2639787,1
119774,1,0,0.27532452,0
119775,1,1,0.9997739,1
119776,0,0,0.23458193,1
119777,0,1,0.99998116,0
119778,1,1,0.46538746,1
119779,1,1,0.9954791,1
119780,1,0,0.07835981,0
119781,0,0,0.070816204,1
119782,1,1,0.65273964,1
119783,1,1,0.7914989,1
119784,0,1,0.81449586,0
119785,0,1,0.51330256,0
119786,0,1,1.0,0
119787,0,0,0.11696559,1
119788,0,1,0.7225759,0
119789,1,1,1.0,1
119790,1,1,1.0,1
119791,0,0,0.019738017,1
119792,1,1,1.0,1
119793,0,0,0.09653531,1
119794,1,1,1.0,1
119795,1,1,0.9943909,1
119796,0,1,0.76568097,0
119797,0,0,0.27435136,1
119798,0,1,0.9205757,0
119799,0,0,0.28368217,1
119800,1,1,0.9999832,1
119801,0,1,0.9999622,0
119802,0,0,0.023576804,1
119803,1,1,0.9999999,1
119804,1,1,0.99999225,1
119805,0,1,0.99178034,0
119806,0,0,0.30059156,1
119807,0,0,0.31106052,1
119808,1,1,1.0,1
119809,1,1,0.9999974,1
119810,0,0,0.01124456,1
119811,1,1,0.9998568,1
119812,0,1,0.5073237,0
119813,1,1,1.0,1
119814,1,1,0.99883956,1
119815,1,1,0.9997187,1
119816,1,1,0.9977569,1
119817,1,1,0.9999964,1
119818,1,1,1.0,1
119819,0,1,0.97038054,0
119820,0,1,0.3919004,0
119821,0,0,0.088820286,1
119822,0,1,0.6869479,0
119823,0,1,0.9946774,0
119824,1,1,0.99999976,1
119825,1,1,0.9471371,1
119826,0,1,0.9938309,0
119827,0,0,0.1203871,1
119828,1,1,0.9999856,1
119829,0,1,0.9871044,0
119830,1,1,0.9715909,1
119831,1,1,1.0,1
119832,0,1,1.0,0
119833,1,0,0.23921603,0
119834,1,1,0.9999819,1
119835,1,1,0.92617035,1
119836,0,1,0.45217305,0
119837,1,1,1.0,1
119838,1,1,0.99824536,1
119839,0,0,0.066206016,1
119840,0,0,0.23361893,1
119841,1,1,1.0,1
119842,1,1,0.99979264,1
119843,1,1,0.37662312,1
119844,1,0,0.1404541,0
119845,1,1,0.8095773,1
119846,0,0,0.013902058,1
119847,1,1,0.9999976,1
119848,1,1,0.99907815,1
119849,1,1,0.9996574,1
119850,1,1,1.0,1
119851,0,0,0.24789639,1
119852,1,1,0.99306935,1
119853,0,1,0.99999857,0
119854,1,0,0.14258969,0
119855,1,1,0.56559867,1
119856,1,1,0.9993869,1
119857,0,1,0.76519877,0
119858,0,1,0.99900347,0
119859,1,1,1.0,1
119860,0,1,0.94901186,0
119861,0,0,0.25926262,1
119862,1,0,0.042048372,0
119863,1,1,0.7979507,1
119864,1,1,0.99893504,1
119865,1,1,0.53692,1
119866,0,0,0.017883008,1
119867,1,1,0.8693822,1
119868,1,1,1.0,1
119869,1,1,1.0,1
119870,0,1,0.6719551,0
119871,1,0,0.2026009,0
119872,0,0,0.014172365,1
119873,0,0,0.034848027,1
119874,0,0,0.284576,1
119875,0,0,0.06699522,1
119876,1,1,0.9999964,1
119877,1,1,0.9999994,1
119878,1,1,0.8912444,1
119879,1,1,0.99527246,1
119880,0,0,0.12847047,1
119881,0,1,1.0,0
119882,1,1,0.9999645,1
119883,1,1,0.999159,1
119884,0,0,0.03390796,1
119885,0,0,0.011846234,1
119886,0,0,0.033148516,1
119887,1,1,0.9999541,1
119888,1,0,0.18075651,0
119889,1,0,0.2249055,0
119890,1,1,0.99999976,1
119891,0,0,0.06687324,1
119892,0,0,0.019400762,1
119893,0,0,0.080069266,1
119894,0,1,0.47423548,0
119895,1,1,0.9539661,1
119896,0,0,0.054198727,1
119897,1,1,0.72277164,1
119898,0,0,0.1666076,1
119899,1,1,0.54691964,1
119900,1,1,0.99996495,1
119901,1,1,0.99999976,1
119902,0,0,0.17412922,1
119903,0,0,0.09859886,1
119904,1,1,1.0,1
119905,0,0,0.043609526,1
119906,1,0,0.061143138,0
119907,1,0,0.025662709,0
119908,0,1,0.431165,0
119909,0,1,0.96969944,0
119910,0,1,0.996852,0
119911,1,1,1.0,1
119912,0,0,0.27664167,1
119913,1,1,1.0,1
119914,1,1,0.8482194,1
119915,1,1,0.64573455,1
119916,0,0,0.06699522,1
119917,1,1,0.78133065,1
119918,1,1,1.0,1
119919,1,0,0.18315491,0
119920,0,1,0.9980732,0
119921,1,1,0.5848641,1
119922,1,1,0.84221536,1
119923,0,1,0.99999166,0
119924,0,0,0.21493848,1
119925,1,0,0.091382094,0
119926,0,1,0.36738378,0
119927,0,0,0.2220247,1
119928,1,0,0.14033626,0
119929,1,1,0.9967649,1
119930,0,1,0.992961,0
119931,0,1,0.99968314,0
119932,0,0,0.10809477,1
119933,0,1,0.90422857,0
119934,1,0,0.0012570441,0
119935,0,0,0.033971995,1
119936,1,1,0.99958354,1
119937,1,0,0.13134027,0
119938,0,0,0.13887003,1
119939,0,0,0.06941548,1
119940,0,1,0.9645559,0
119941,0,0,0.11056715,1
119942,1,1,0.99999964,1
119943,1,1,0.99979097,1
119944,0,1,0.91625965,0
119945,0,1,0.88513595,0
119946,1,1,1.0,1
119947,1,0,0.21833587,0
119948,1,1,0.9998932,1
119949,1,0,0.03237491,0
119950,0,0,0.26812616,1
119951,1,1,1.0,1
119952,1,1,0.37384725,1
119953,1,1,0.68925333,1
119954,1,1,0.9962419,1
119955,1,1,1.0,1
119956,0,1,0.47993022,0
119957,1,1,0.99999905,1
119958,1,1,0.82587075,1
119959,0,0,0.10989669,1
119960,0,0,0.038430087,1
119961,1,1,0.999992,1
119962,1,0,0.061199225,0
119963,1,1,0.99999976,1
119964,1,1,0.99999356,1
119965,1,1,0.78116375,1
119966,0,0,0.3094931,1
119967,1,1,1.0,1
119968,1,0,0.00010889691,0
119969,1,0,0.041075893,0
119970,0,0,0.3443332,1
119971,1,0,0.047691282,0
119972,1,1,0.99955136,1
119973,0,1,0.9999957,0
119974,1,1,0.4371626,1
119975,0,1,0.9926399,0
119976,0,0,0.05242457,1
119977,0,1,0.9983897,0
119978,1,1,0.9992372,1
119979,1,1,0.99683964,1
119980,1,1,0.99981767,1
119981,1,1,1.0,1
119982,0,1,0.60323083,0
119983,0,1,0.76383626,0
119984,0,1,0.8818186,0
119985,0,1,0.7604728,0
119986,1,0,0.021105006,0
119987,0,1,0.7013552,0
119988,0,0,0.02426074,1
119989,1,0,0.035982177,0
119990,1,1,0.7884203,1
119991,0,1,0.9999958,0
119992,0,1,0.6520753,0
119993,1,0,0.11971655,0
119994,0,1,0.9981067,0
119995,0,1,0.9955835,0
119996,1,1,0.5842712,1
119997,0,1,0.9988213,0
119998,0,0,0.24680553,1
119999,1,1,0.9947391,1
120000,0,0,0.2936576,1
120001,1,1,0.9797453,1
120002,1,1,0.99998736,1
120003,0,1,0.6470737,0
120004,0,0,0.29294914,1
120005,0,0,0.103295475,1
120006,1,1,0.9999274,1
120007,1,1,0.9976769,1
120008,0,0,0.07316472,1
120009,1,0,0.19728975,0
120010,1,1,0.99933976,1
120011,1,1,1.0,1
120012,1,1,0.99999905,1
120013,0,1,0.9999833,0
120014,1,1,0.99999976,1
120015,1,1,0.99952435,1
120016,0,0,0.23074637,1
120017,0,1,0.95888567,0
120018,1,1,1.0,1
120019,1,1,0.99999917,1
120020,0,0,0.045862667,1
120021,0,1,0.92729753,0
120022,0,0,0.15960999,1
120023,0,1,0.99442345,0
120024,0,1,0.9014879,0
120025,0,1,0.9999999,0
120026,1,1,0.9999999,1
120027,1,0,0.016215032,0
120028,1,1,0.9980994,1
120029,0,0,0.022328783,1
120030,1,0,2.3923509e-05,0
120031,0,1,0.99592197,0
120032,0,1,0.666334,0
120033,0,0,0.16059487,1
120034,1,1,0.9999933,1
120035,0,0,0.034848027,1
120036,0,1,0.99961555,0
120037,1,1,0.99999964,1
120038,1,1,0.5274383,1
120039,0,0,0.10800066,1
120040,1,1,0.9981756,1
120041,1,1,0.99989486,1
120042,1,1,1.0,1
120043,0,1,0.9737197,0
120044,1,0,0.287968,0
120045,0,0,0.049359404,1
120046,1,0,0.2903265,0
120047,1,0,0.2520157,0
120048,0,1,0.54310566,0
120049,1,0,0.28537196,0
120050,1,1,1.0,1
120051,1,1,0.9563497,1
120052,0,1,0.9422947,0
120053,1,0,0.15412119,0
120054,1,1,0.9999914,1
120055,1,1,0.9998596,1
120056,1,1,0.99983,1
120057,0,0,0.048767094,1
120058,1,1,0.99997973,1
120059,0,1,0.9621787,0
120060,1,1,0.9824568,1
120061,1,1,1.0,1
120062,1,1,0.3617282,1
120063,1,1,1.0,1
120064,1,1,0.68156785,1
120065,1,1,0.9055731,1
120066,0,0,0.16118816,1
120067,1,1,0.99999344,1
120068,0,1,0.39222044,0
120069,1,1,1.0,1
120070,0,1,0.6005398,0
120071,1,1,0.99999034,1
120072,1,1,0.9084556,1
120073,0,0,0.023021257,1
120074,0,0,0.10284408,1
120075,0,0,0.09285216,1
120076,0,1,0.35919553,0
120077,1,1,0.77607185,1
120078,0,0,0.008046387,1
120079,1,1,1.0,1
120080,1,1,1.0,1
120081,1,1,0.99545276,1
120082,1,1,0.99554896,1
120083,1,1,0.99978596,1
120084,1,0,0.14390808,0
120085,0,1,0.8879841,0
120086,0,0,0.258326,1
120087,0,0,0.043042846,1
120088,0,1,0.4198263,0
120089,0,0,0.20914644,1
120090,1,1,0.9993475,1
120091,1,1,1.0,1
120092,0,1,0.8508408,0
120093,0,1,0.4690034,0
120094,1,1,0.99999905,1
120095,1,1,1.0,1
120096,0,0,0.24953869,1
120097,0,1,0.9999708,0
120098,0,1,0.6496342,0
120099,1,1,0.9999993,1
120100,0,0,0.15203224,1
120101,1,1,0.958654,1
120102,1,1,0.99293363,1
120103,1,1,1.0,1
120104,0,0,0.19559407,1
120105,0,1,0.9653158,0
120106,1,1,0.99955493,1
120107,1,0,0.32831407,0
120108,0,1,0.9997749,0
120109,1,0,0.042048372,0
120110,1,1,0.99999857,1
120111,0,1,0.7816641,0
120112,0,0,0.037256766,1
120113,1,0,0.052230857,0
120114,1,0,0.046421416,0
120115,1,1,0.99987113,1
120116,1,1,0.99997187,1
120117,0,0,0.124851815,1
120118,0,1,0.59060216,0
120119,1,1,0.99987173,1
120120,1,0,0.19946387,0
120121,0,1,0.9702681,0
120122,0,1,0.6788062,0
120123,1,1,1.0,1
120124,1,1,1.0,1
120125,1,1,0.9609883,1
120126,0,0,0.2589814,1
120127,0,0,0.032558974,1
120128,0,0,0.095433734,1
120129,1,1,0.9999993,1
120130,1,0,0.28368217,0
120131,1,1,0.3690308,1
120132,0,1,0.48922896,0
120133,0,0,0.3041967,1
120134,1,1,0.9999999,1
120135,1,1,0.99999976,1
120136,0,0,0.09764823,1
120137,1,0,0.10604083,0
120138,0,0,0.25036255,1
120139,1,1,0.99737346,1
120140,0,1,0.853669,0
120141,1,1,0.99849,1
120142,1,1,0.99999976,1
120143,1,0,0.06979493,0
120144,0,1,0.7902877,0
120145,1,1,0.9999995,1
120146,0,1,0.9876639,0
120147,1,1,0.99998415,1
120148,1,1,0.9999987,1
120149,0,0,0.20291662,1
120150,0,1,0.4025389,0
120151,1,1,0.9994937,1
120152,1,1,1.0,1
120153,1,1,1.0,1
120154,0,1,0.9992749,0
120155,0,1,0.9913223,0
120156,1,1,0.9999877,1
120157,1,1,0.6036398,1
120158,0,0,0.09687654,1
120159,1,0,0.036356665,0
120160,1,1,0.99984646,1
120161,0,1,0.8198933,0
120162,0,0,0.18242553,1
120163,1,0,0.10697014,0
120164,1,1,0.9999591,1
120165,0,1,0.97151,0
120166,1,1,0.37519124,1
120167,1,0,0.2150209,0
120168,1,1,0.9137535,1
120169,0,0,0.10017222,1
120170,0,1,0.99896574,0
120171,0,0,0.017110892,1
120172,1,0,0.20963144,0
120173,0,0,0.26189682,1
120174,0,0,0.017078074,1
120175,0,0,0.034586217,1
120176,1,1,1.0,1
120177,1,1,0.9214283,1
120178,1,1,0.99999964,1
120179,0,1,0.9999831,0
120180,1,1,0.9898107,1
120181,1,1,0.9999976,1
120182,0,0,0.1274896,1
120183,1,1,0.9999999,1
120184,0,1,0.9242787,0
120185,0,1,0.95136863,0
120186,0,0,0.28671816,1
120187,0,0,0.22456521,1
120188,0,0,0.3100673,1
120189,0,1,0.999879,0
120190,0,0,0.23493281,1
120191,1,0,0.29665428,0
120192,0,0,0.07899691,1
120193,0,1,0.533519,0
120194,0,0,0.092359796,1
120195,1,0,0.047205772,0
120196,0,0,0.26874945,1
120197,1,1,0.99693656,1
120198,0,1,0.9613528,0
120199,1,1,0.42685908,1
120200,1,1,0.9997546,1
120201,0,1,0.70298904,0
120202,1,0,0.01709447,0
120203,1,1,1.0,1
120204,0,1,0.45295936,0
120205,0,0,0.27884555,1
120206,1,0,0.06047389,0
120207,1,1,0.49301192,1
120208,1,1,0.99390244,1
120209,1,1,1.0,1
120210,1,1,0.9999763,1
120211,0,1,0.4262619,0
120212,0,0,0.013428254,1
120213,1,1,0.9999999,1
120214,0,0,0.2230384,1
120215,1,1,0.99995613,1
120216,1,1,0.9983834,1
120217,1,1,1.0,1
120218,0,1,0.961171,0
120219,1,1,0.7889899,1
120220,0,0,0.029395703,1
120221,1,1,0.99993396,1
120222,1,1,0.9451974,1
120223,0,0,0.19783162,1
120224,0,0,0.11037522,1
120225,0,1,0.44643435,0
120226,1,1,0.9455505,1
120227,1,1,0.7751796,1
120228,0,1,0.9999031,0
120229,1,1,0.99963665,1
120230,1,0,0.00206277,0
120231,1,1,0.74003345,1
120232,0,0,0.045099564,1
120233,1,0,0.2303133,0
120234,0,0,0.17845424,1
120235,0,1,0.9999957,0
120236,1,1,0.84221536,1
120237,0,1,0.52476,0
120238,1,0,0.103295475,0
120239,0,1,0.38931432,0
120240,0,0,0.14276889,1
120241,1,1,1.0,1
120242,1,1,0.9999988,1
120243,0,0,0.08803311,1
120244,1,0,0.012053779,0
120245,0,1,0.6438333,0
120246,0,0,0.31085128,1
120247,1,1,0.99992275,1
120248,0,0,0.004062229,1
120249,0,0,0.16291203,1
120250,1,1,1.0,1
120251,0,1,0.8728902,0
120252,1,1,1.0,1
120253,0,0,0.12765263,1
120254,0,0,0.059210252,1
120255,0,0,0.081154905,1
120256,1,1,0.9747971,1
120257,1,1,0.9128255,1
120258,1,1,1.0,1
120259,0,1,0.95305705,0
120260,0,1,0.69580334,0
120261,0,1,0.7643204,0
120262,1,1,1.0,1
120263,1,1,0.92709976,1
120264,1,1,0.99996734,1
120265,0,0,0.14627008,1
120266,0,1,0.99448806,0
120267,1,1,0.99950254,1
120268,1,1,0.99776125,1
120269,0,1,0.50225824,0
120270,1,0,0.021574067,0
120271,1,1,0.9999993,1
120272,0,0,0.31394535,1
120273,1,1,0.99709916,1
120274,1,1,0.9999825,1
120275,0,0,9.1701964e-05,1
120276,1,1,0.66904247,1
120277,0,0,0.27076936,1
120278,0,0,0.11018359,1
120279,0,0,0.28086287,1
120280,1,1,0.99477994,1
120281,1,0,0.07276838,0
120282,0,1,0.78613067,0
120283,0,0,0.11787642,1
120284,1,1,0.9999994,1
120285,1,1,0.9999989,1
120286,0,1,0.6127153,0
120287,0,0,0.10734387,1
120288,1,1,0.9999995,1
120289,1,1,0.9999976,1
120290,0,1,0.9997981,0
120291,1,1,0.36017954,1
120292,1,1,0.99999833,1
120293,0,1,0.4154916,0
120294,0,1,0.9652504,0
120295,0,1,0.7157718,0
120296,1,0,0.19337577,0
120297,1,1,0.9123581,1
120298,0,0,0.0763388,1
120299,1,1,0.9999974,1
120300,1,1,1.0,1
120301,1,1,0.98403233,1
120302,0,1,0.67399687,0
120303,0,1,0.94886994,0
120304,1,1,1.0,1
120305,0,1,0.86993575,0
120306,0,0,0.066751465,1
120307,1,0,0.083291925,0
120308,0,1,0.99999475,0
120309,0,0,0.09636511,1
120310,0,0,0.10026027,1
120311,1,1,0.72603726,1
120312,1,0,0.0793529,0
120313,0,1,0.7480763,0
120314,1,1,0.99959785,1
120315,1,1,0.6361836,1
120316,0,1,1.0,0
120317,0,1,0.65880173,0
120318,0,0,0.2325715,1
120319,0,0,0.03551094,1
120320,0,1,0.99999833,0
120321,0,1,0.4262619,0
120322,1,0,0.18543036,0
120323,0,0,0.15713686,1
120324,1,0,0.29294914,0
120325,1,1,1.0,1
120326,0,0,0.020061804,1
120327,1,1,0.4337116,1
120328,0,0,0.064535476,1
120329,1,1,0.9564718,1
120330,0,1,0.9996711,0
120331,0,1,0.97664696,0
120332,0,1,0.41647026,0
120333,0,0,0.058938842,1
120334,0,1,0.8823265,0
120335,1,1,0.9613528,1
120336,1,1,1.0,1
120337,1,0,0.010189338,0
120338,1,1,0.9999981,1
120339,1,0,0.04831607,0
120340,0,0,0.029844806,1
120341,1,1,1.0,1
120342,0,0,0.010860332,1
120343,0,0,0.070176296,1
120344,1,1,0.8480936,1
120345,1,1,0.8174288,1
120346,1,1,0.75904685,1
120347,1,1,1.0,1
120348,1,1,0.9899282,1
120349,0,0,0.13945496,1
120350,1,0,0.029035643,0
120351,0,0,0.02371207,1
120352,0,1,0.94266534,0
120353,1,1,0.9993893,1
120354,0,0,0.06153674,1
120355,0,0,0.08225394,1
120356,1,0,0.0039224476,0
120357,0,1,0.858244,0
120358,0,1,0.49078473,0
120359,1,1,0.97925514,1
120360,1,1,0.9999125,1
120361,0,0,0.3019792,1
120362,0,0,0.0015792594,1
120363,1,1,1.0,1
120364,0,1,0.9667575,0
120365,1,1,1.0,1
120366,0,1,0.99887747,0
120367,1,1,0.84247476,1
120368,0,1,0.83413684,0
120369,0,0,0.059537485,1
120370,1,1,0.9223426,1
120371,1,1,1.0,1
120372,1,1,1.0,1
120373,0,1,0.98803884,0
120374,1,0,0.16518871,0
120375,1,0,0.028707078,0
120376,0,1,0.7417676,0
120377,1,1,0.99999857,1
120378,1,1,0.99268264,1
120379,1,0,0.11328496,0
120380,1,1,0.9999012,1
120381,1,1,0.9999963,1
120382,0,0,0.16264586,1
120383,0,1,0.9975986,0
120384,0,1,0.84363765,0
120385,1,1,0.35779187,1
120386,0,0,0.3467072,1
120387,0,0,0.06250249,1
120388,0,1,0.99559206,0
120389,0,1,0.9999465,0
120390,1,1,0.9994837,1
120391,1,1,0.9999995,1
120392,1,1,0.9999926,1
120393,0,0,0.28907058,1
120394,1,1,0.66524744,1
120395,1,1,0.99999905,1
120396,1,1,0.99961334,1
120397,1,1,0.9942363,1
120398,1,1,0.99999845,1
120399,1,1,1.0,1
120400,1,1,1.0,1
120401,1,1,0.9602495,1
120402,1,1,0.99999726,1
120403,0,0,0.042443503,1
120404,0,0,0.055566337,1
120405,1,1,0.99892455,1
120406,1,1,0.9295044,1
120407,1,1,1.0,1
120408,1,0,0.23642808,0
120409,1,1,0.99999464,1
120410,1,1,0.9999988,1
120411,0,0,0.19907434,1
120412,1,0,0.14247034,0
120413,0,0,0.07230849,1
120414,1,1,0.99978596,1
120415,1,1,0.99991214,1
120416,0,1,0.6272094,0
120417,0,1,0.9948803,0
120418,1,0,0.32578862,0
120419,0,0,0.052765187,1
120420,1,1,0.997065,1
120421,1,1,1.0,1
120422,0,1,0.87375444,0
120423,1,1,0.99999964,1
120424,0,0,0.054550216,1
120425,1,1,0.9653485,1
120426,1,0,0.11367794,0
120427,0,1,0.9088609,0
120428,0,1,0.99999976,0
120429,1,0,0.20817894,0
120430,0,1,0.98400164,0
120431,1,0,0.062103122,0
120432,1,1,0.9999999,1
120433,1,1,0.9999963,1
120434,0,0,0.02350945,1
120435,0,1,0.9874479,0
120436,1,1,0.97664696,1
120437,0,0,0.08269734,1
120438,1,0,0.31163633,0
120439,1,1,0.8893368,1
120440,0,0,0.028679863,1
120441,1,1,0.9999999,1
120442,0,1,0.999998,0
120443,1,0,0.19821933,0
120444,0,0,0.17023194,1
120445,1,1,1.0,1
120446,1,1,0.9999988,1
120447,1,1,1.0,1
120448,0,0,0.054349106,1
120449,1,1,0.99999905,1
120450,1,1,0.99992776,1
120451,0,0,0.26879746,1
120452,1,1,0.9999957,1
120453,0,0,0.0061212815,1
120454,1,1,0.6800824,1
120455,1,1,0.9837382,1
120456,0,0,0.01524759,1
120457,0,0,0.18417984,1
120458,1,0,0.21092878,0
120459,1,1,0.95857656,1
120460,0,0,0.11051915,1
120461,1,1,0.99999833,1
120462,0,1,0.8578872,0
120463,0,0,0.2960942,1
120464,1,1,1.0,1
120465,1,1,0.8961605,1
120466,1,1,0.9999994,1
120467,0,1,0.635279,0
120468,1,0,0.18126321,0
120469,1,1,1.0,1
120470,0,0,0.049130786,1
120471,1,1,0.99983966,1
120472,1,1,0.9999076,1
120473,0,0,0.008762129,1
120474,1,1,0.61630094,1
120475,1,1,0.99496907,1
120476,0,1,1.0,0
120477,1,0,0.13591877,0
120478,0,0,0.15720153,1
120479,1,1,0.9997408,1
120480,1,1,0.99999416,1
120481,1,0,0.07510853,0
120482,1,1,0.9999355,1
120483,0,1,0.43728274,0
120484,1,1,0.9999975,1
120485,1,1,0.99997175,1
120486,0,0,0.3154723,1
120487,0,0,0.19329962,1
120488,0,1,0.7921428,0
120489,1,0,0.10530251,0
120490,1,1,0.7013552,1
120491,0,0,0.10961043,1
120492,0,0,0.07323097,1
120493,1,1,1.0,1
120494,1,1,0.9984176,1
120495,0,1,0.7480763,0
120496,0,0,0.06233104,1
120497,1,0,0.22652687,0
120498,1,1,0.94208187,1
120499,0,0,0.2188363,1
120500,1,1,0.9997613,1
120501,0,1,0.5089102,0
120502,0,0,0.057387535,1
120503,0,1,0.48297778,0
120504,1,1,0.9999982,1
120505,1,0,0.05770532,0
120506,1,1,0.9999993,1
120507,1,0,0.09568695,0
120508,0,1,0.4084537,0
120509,0,1,0.9907141,0
120510,1,1,0.99877924,1
120511,1,1,0.9123581,1
120512,0,0,0.18068421,1
120513,1,1,1.0,1
120514,1,1,0.99998975,1
120515,0,1,0.8773717,0
120516,1,1,0.45032915,1
120517,0,0,0.16304526,1
120518,0,1,0.99615306,0
120519,1,1,0.91204524,1
120520,1,1,0.9636434,1
120521,0,0,0.062904246,1
120522,0,1,0.9984633,0
120523,1,1,0.99804676,1
120524,1,0,0.13828714,0
120525,0,1,0.98549646,0
120526,0,1,0.6694748,0
120527,1,1,0.9999999,1
120528,1,1,0.88018054,1
120529,1,0,0.21493848,0
120530,0,0,0.010110846,1
120531,1,0,0.020004287,0
120532,0,1,0.99903405,0
120533,1,1,0.9996111,1
120534,1,1,0.99995446,1
120535,0,0,0.03652812,1
120536,1,1,0.9997613,1
120537,0,0,0.08953418,1
120538,0,1,0.5706305,0
120539,1,1,0.48974752,1
120540,1,1,0.44800362,1
120541,0,0,0.16198196,1
120542,1,1,0.9995461,1
120543,1,0,0.000506292,0
120544,0,0,0.1124538,1
120545,0,0,0.021864556,1
120546,0,0,0.22414035,1
120547,1,1,0.99495924,1
120548,1,0,0.13178657,0
120549,1,1,0.9999162,1
120550,1,0,0.04038907,0
120551,1,1,1.0,1
120552,0,0,0.32161978,1
120553,0,1,0.9222025,0
120554,1,1,0.99980444,1
120555,1,1,1.0,1
120556,1,1,1.0,1
120557,1,1,1.0,1
120558,1,0,0.19034748,0
120559,0,1,0.99799275,0
120560,0,0,0.32772207,1
120561,1,1,1.0,1
120562,1,0,0.32777587,0
120563,1,1,1.0,1
120564,1,1,0.9999633,1
120565,0,0,0.07068779,1
120566,0,1,1.0,0
120567,1,1,0.99918324,1
120568,1,1,0.79502225,1
120569,0,0,0.0658447,1
120570,1,1,0.9987005,1
120571,0,0,0.035012625,1
120572,1,1,0.99860877,1
120573,1,1,0.79061115,1
120574,1,0,0.12549345,0
120575,1,1,1.0,1
120576,1,1,0.98667485,1
120577,1,1,0.9989371,1
120578,1,1,0.9999949,1
120579,1,1,0.64360934,1
120580,0,1,0.9452985,0
120581,0,1,0.9980392,0
120582,0,0,0.12474515,1
120583,1,1,0.99882597,1
120584,1,1,1.0,1
120585,1,0,0.18742996,0
120586,0,0,0.06518703,1
120587,1,1,0.47298777,1
120588,1,1,0.99459416,1
120589,1,1,0.91700584,1
120590,1,1,0.9998585,1
120591,0,1,0.42978832,0
120592,1,1,0.99992394,1
120593,0,0,0.103839464,1
120594,0,1,0.9989556,0
120595,1,1,0.97803074,1
120596,0,1,0.97513086,0
120597,1,1,0.6885208,1
120598,1,1,0.99993765,1
120599,1,1,0.9999889,1
120600,1,1,0.89340246,1
120601,0,0,0.034456022,1
120602,1,1,0.99998045,1
120603,1,0,0.12803373,0
120604,1,1,1.0,1
120605,1,0,0.070816204,0
120606,1,1,0.8614217,1
120607,1,1,0.9999125,1
120608,1,1,1.0,1
120609,0,1,0.4220877,0
120610,0,1,0.99996424,0
120611,1,0,0.015424551,0
120612,0,1,0.8864204,0
120613,1,0,0.21304952,0
120614,1,1,0.6467392,1
120615,1,1,1.0,1
120616,1,1,0.9999467,1
120617,0,1,0.95998776,0
120618,1,1,1.0,1
120619,1,1,0.9999999,1
120620,0,0,0.25395352,1
120621,1,1,0.8715842,1
120622,0,0,0.021864556,1
120623,1,1,1.0,1
120624,1,1,0.9145963,1
120625,1,1,0.9999999,1
120626,1,0,0.13701203,0
120627,0,0,0.0836655,1
120628,1,1,0.9996018,1
120629,0,0,0.21526824,1
120630,1,1,0.98860246,1
120631,0,0,0.0090377545,1
120632,1,1,0.94463825,1
120633,0,1,0.8611883,0
120634,1,0,0.13106197,0
120635,0,0,0.100524865,1
120636,0,0,0.079638734,1
120637,1,1,1.0,1
120638,0,0,0.30259714,1
120639,1,1,1.0,1
120640,1,1,1.0,1
120641,1,1,0.6702306,1
120642,1,1,0.93463427,1
120643,1,1,0.9428234,1
120644,0,0,0.17674264,1
120645,0,1,0.6367485,0
120646,1,1,0.92775697,1
120647,0,0,0.16059487,1
120648,1,1,1.0,1
120649,0,1,0.89312315,0
120650,0,0,0.258326,1
120651,1,1,0.99173236,1
120652,0,0,0.05728198,1
120653,1,1,0.9999999,1
120654,0,1,0.9999175,0
120655,1,1,0.99996483,1
120656,1,1,0.9999646,1
120657,1,0,0.026180506,0
120658,1,1,0.9989183,1
120659,0,1,0.9999596,0
120660,0,0,0.21428008,1
120661,1,1,0.9887554,1
120662,0,1,0.9702116,0
120663,0,0,0.02138932,1
120664,1,1,1.0,1
120665,1,1,0.39785066,1
120666,0,0,0.16599831,1
120667,0,1,0.9998273,0
120668,1,1,0.9999999,1
120669,1,1,1.0,1
120670,1,1,1.0,1
120671,1,0,0.16085833,0
120672,0,0,0.12179017,1
120673,0,1,0.9796871,0
120674,1,1,0.99986446,1
120675,0,1,0.99988496,0
120676,0,0,0.068599865,1
120677,1,1,0.9989778,1
120678,0,1,0.9623913,0
120679,1,1,0.9999925,1
120680,1,1,0.9994286,1
120681,0,1,0.5807682,0
120682,1,1,1.0,1
120683,1,1,0.99990165,1
120684,1,1,0.93851966,1
120685,1,1,0.99094474,1
120686,1,1,0.9069832,1
120687,1,0,0.037538007,0
120688,1,1,0.9985758,1
120689,1,1,1.0,1
120690,0,1,0.7919015,0
120691,1,0,0.24589899,0
120692,0,0,0.13741668,1
120693,1,0,0.19667186,0
120694,1,1,0.99447733,1
120695,1,1,0.91490096,1
120696,0,0,0.09885954,1
120697,0,1,0.9685601,0
120698,1,1,0.6691506,1
120699,1,1,0.58082765,1
120700,1,1,0.99999976,1
120701,1,1,0.9971661,1
120702,0,1,0.45883363,0
120703,1,1,0.9988708,1
120704,1,1,0.9999927,1
120705,0,0,0.17532618,1
120706,0,1,0.9999981,0
120707,1,0,0.011961098,0
120708,1,1,0.9394706,1
120709,0,0,0.06296183,1
120710,0,1,0.41831073,0
120711,0,0,0.07835981,1
120712,0,0,0.09518112,1
120713,0,1,0.98475236,0
120714,1,1,0.9999876,1
120715,0,1,0.50555396,0
120716,1,1,0.9943581,1
120717,1,1,1.0,1
120718,1,1,1.0,1
120719,1,1,1.0,1
120720,0,0,0.03393996,1
120721,0,1,0.9974241,0
120722,1,1,1.0,1
120723,1,1,0.99961334,1
120724,0,0,0.30059156,1
120725,1,1,1.0,1
120726,0,0,0.019719128,1
120727,1,1,0.9873018,1
120728,1,1,0.99987173,1
120729,0,0,0.13563229,1
120730,0,1,0.8989441,0
120731,1,1,1.0,1
120732,1,1,0.99957615,1
120733,0,1,0.4707062,0
120734,1,0,0.09534946,0
120735,1,1,1.0,1
120736,1,1,0.99196917,1
120737,1,1,0.9984603,1
120738,1,1,0.9996309,1
120739,1,1,0.43737286,1
120740,0,0,0.028114056,1
120741,0,0,0.04977345,1
120742,1,1,0.9970073,1
120743,1,0,0.20649374,0
120744,0,0,0.20938884,1
120745,0,0,0.08419108,1
120746,0,1,0.9139073,0
120747,0,0,0.2913336,1
120748,1,1,1.0,1
120749,1,1,0.9999974,1
120750,1,1,0.9775644,1
120751,1,1,0.7981081,1
120752,1,1,0.9999999,1
120753,1,1,0.8050198,1
120754,1,1,0.9670076,1
120755,1,1,0.99963665,1
120756,1,1,0.9990854,1
120757,1,0,0.252845,0
120758,1,1,0.99998474,1
120759,0,0,0.18602112,1
120760,1,0,0.10079008,0
120761,0,1,0.46465865,0
120762,1,0,0.10734387,0
120763,1,1,1.0,1
120764,1,0,0.17596246,0
120765,0,0,0.029760094,1
120766,0,0,0.028355207,1
120767,1,1,1.0,1
120768,0,0,0.017292492,1
120769,0,0,0.15514244,1
120770,0,0,0.014728614,1
120771,1,1,1.0,1
120772,1,1,0.99993944,1
120773,1,1,1.0,1
120774,0,1,0.9980957,0
120775,1,1,0.99991345,1
120776,1,1,0.4698547,1
120777,1,1,0.79565805,1
120778,0,1,0.9998313,0
120779,1,1,0.9999982,1
120780,1,1,0.6466276,1
120781,1,0,0.14566138,0
120782,1,1,0.9958741,1
120783,0,1,0.99996555,0
120784,0,1,0.5941392,0
120785,0,1,0.7456762,0
120786,0,1,0.9999999,0
120787,0,1,0.40092528,0
120788,0,1,0.8722386,0
120789,1,1,0.99999976,1
120790,1,1,0.99999774,1
120791,1,1,1.0,1
120792,1,1,0.9994547,1
120793,1,1,0.97494066,1
120794,1,1,0.5527208,1
120795,1,1,0.9744591,1
120796,0,1,0.9998741,0
120797,1,1,0.9994286,1
120798,1,1,0.9996244,1
120799,1,1,1.0,1
120800,1,1,0.9999982,1
120801,0,0,0.19253935,1
120802,0,1,0.9695556,0
120803,0,1,0.5841525,0
120804,0,1,0.99653685,0
120805,1,1,0.9999989,1
120806,1,1,0.53704137,1
120807,1,1,0.9981141,1
120808,1,0,0.014700298,0
120809,0,1,0.98965186,0
120810,0,1,0.9620719,0
120811,1,0,0.008380454,0
120812,1,1,0.99999964,1
120813,1,1,0.99981695,1
120814,0,1,0.5795194,0
120815,1,1,0.47749326,1
120816,0,1,0.9998313,0
120817,0,1,0.6732454,0
120818,0,1,0.97029626,0
120819,1,1,0.44278708,1
120820,1,1,1.0,1
120821,1,1,0.9999924,1
120822,1,1,0.9999627,1
120823,0,0,0.23091978,1
120824,1,1,1.0,1
120825,1,0,0.17603327,0
120826,0,0,0.11716748,1
120827,0,1,0.7155731,0
120828,0,0,0.010902374,1
120829,1,1,0.99038494,1
120830,0,1,0.8057851,0
120831,1,1,0.99970514,1
120832,1,0,0.032713126,0
120833,0,0,0.3051794,1
120834,1,1,0.997065,1
120835,0,0,0.23563562,1
120836,0,1,0.99477994,0
120837,1,1,1.0,1
120838,1,1,0.91482496,1
120839,0,0,0.2858701,1
120840,1,1,0.9251624,1
120841,0,0,0.029563345,1
120842,0,0,0.13189834,1
120843,1,0,0.26817408,0
120844,1,1,0.9995802,1
120845,0,1,0.9999939,0
120846,1,1,0.9919848,1
120847,0,1,0.9994568,0
120848,1,1,1.0,1
120849,0,1,0.41685596,0
120850,1,1,0.9985421,1
120851,1,1,0.8965235,1
120852,0,0,0.04451443,1
120853,0,1,0.4873074,0
120854,1,1,0.9596487,1
120855,0,1,0.8152325,0
120856,1,1,0.9818056,1
120857,1,1,0.9999685,1
120858,0,0,0.20055768,1
120859,1,1,0.9465473,1
120860,1,1,0.9999598,1
120861,0,1,0.5265253,0
120862,0,0,0.01170984,1
120863,0,0,0.21535073,1
120864,1,1,0.99771273,1
120865,0,0,0.1509652,1
120866,1,1,0.64237636,1
120867,1,1,0.9999001,1
120868,0,0,0.034880888,1
120869,0,1,0.7962924,0
120870,0,0,0.065604836,1
120871,1,1,1.0,1
120872,1,1,0.78727776,1
120873,1,1,0.98803884,1
120874,0,1,0.99999905,0
120875,0,1,0.6156079,0
120876,0,0,0.12995382,1
120877,1,1,0.6077796,1
120878,0,0,0.20777677,1
120879,0,1,0.5063778,0
120880,0,1,0.99111825,0
120881,0,1,0.3819397,0
120882,0,1,0.37811458,0
120883,1,1,0.9678082,1
120884,1,1,0.65869194,1
120885,1,1,0.9251624,1
120886,1,1,0.9911868,1
120887,1,1,0.99827933,1
120888,1,0,0.084947094,0
120889,0,0,0.09568695,1
120890,1,1,0.8498466,1
120891,1,1,0.9997677,1
120892,0,0,0.03038675,1
120893,1,1,0.9999999,1
120894,0,1,0.4270681,0
120895,0,1,0.89506495,0
120896,1,1,0.9999944,1
120897,1,1,0.99437994,1
120898,1,1,0.56313777,1
120899,1,1,0.99999976,1
120900,1,0,0.04189131,0
120901,1,0,0.26855758,0
120902,0,1,0.5559175,0
120903,0,0,0.025492331,1
120904,0,0,0.016403032,1
120905,1,1,1.0,1
120906,0,0,0.042166542,1
120907,0,0,0.1437277,1
120908,0,0,0.046033904,1
120909,1,1,0.9014011,1
120910,1,1,1.0,1
120911,0,0,0.023802664,1
120912,1,1,0.7787335,1
120913,1,1,0.9999869,1
120914,1,1,0.9995932,1
120915,1,1,1.0,1
120916,0,1,0.99999976,0
120917,1,0,0.28279,0
120918,1,1,0.99825555,1
120919,0,1,0.99999595,0
120920,0,1,0.9991358,0
120921,1,0,0.070751965,0
120922,1,1,1.0,1
120923,1,1,0.553445,1
120924,1,1,1.0,1
120925,0,0,0.05394898,1
120926,0,1,0.9321451,0
120927,0,0,0.103205055,1
120928,0,1,0.9907499,0
120929,1,1,0.46125945,1
120930,1,1,1.0,1
120931,1,1,1.0,1
120932,0,1,0.75446296,0
120933,0,1,0.5221413,0
120934,0,0,0.17023194,1
120935,1,1,0.9998795,1
120936,0,1,0.7718435,0
120937,1,1,0.99940586,1
120938,1,1,0.9821684,1
120939,0,0,0.14128143,1
120940,0,0,0.28701782,1
120941,1,1,0.9996381,1
120942,1,1,1.0,1
120943,1,1,0.40927982,1
120944,1,1,0.9999856,1
120945,0,0,0.00032376905,1
120946,1,0,0.26697794,0
120947,0,1,0.6452876,0
120948,1,1,0.9999968,1
120949,1,1,0.9995092,1
120950,1,0,0.17252009,0
120951,0,0,0.2742056,1
120952,0,0,0.33676717,1
120953,0,0,0.10017222,1
120954,0,0,0.12776141,1
120955,1,1,0.99997425,1
120956,0,0,0.25474066,1
120957,0,1,0.8614217,0
120958,1,1,1.0,1
120959,0,1,0.99686414,0
120960,1,0,0.026506122,0
120961,1,0,0.21808594,0
120962,1,1,0.9501803,1
120963,1,0,0.051941562,0
120964,0,0,0.20426252,1
120965,0,1,0.86826926,0
120966,1,1,1.0,1
120967,1,1,0.77864933,1
120968,0,0,0.23855019,1
120969,0,1,0.999795,0
120970,0,1,1.0,0
120971,1,1,0.9999974,1
120972,1,0,0.022264916,0
120973,1,1,0.99998164,1
120974,0,1,0.38502777,0
120975,0,0,0.19375685,1
120976,1,0,0.3386237,0
120977,1,1,0.9815244,1
120978,1,1,0.80829436,1
120979,0,0,0.070495576,1
120980,1,1,0.64349735,1
120981,1,1,1.0,1
120982,1,0,0.33426338,0
120983,1,0,0.2062538,0
120984,1,1,0.99974984,1
120985,0,1,0.70451605,0
120986,0,1,0.99106663,0
120987,1,1,0.99972624,1
120988,0,1,0.99998343,0
120989,1,1,0.9960622,1
120990,1,1,1.0,1
120991,1,1,0.53837657,1
120992,0,1,0.999972,0
120993,1,1,0.9676251,1
120994,1,0,0.03138043,0
120995,1,1,0.99179614,1
120996,0,1,0.68820655,0
120997,0,1,0.9999491,0
120998,0,1,0.99999976,0
120999,1,1,0.99633574,1
121000,1,1,1.0,1
121001,1,1,0.99978,1
121002,1,1,0.9999976,1
121003,0,0,0.10293422,1
121004,1,1,0.99998426,1
121005,1,1,0.9993162,1
121006,0,0,0.2875177,1
121007,1,1,1.0,1
121008,0,1,0.67986983,0
121009,1,1,0.9999974,1
121010,0,1,0.9998952,0
121011,0,0,0.10105591,1
121012,1,1,1.0,1
121013,1,1,0.9941347,1
121014,1,0,0.041384716,0
121015,1,1,0.99996424,1
121016,1,0,0.010189338,0
121017,0,1,0.9999788,0
121018,0,1,0.961171,0
121019,0,1,0.9510514,0
121020,0,0,0.019832712,1
121021,1,1,0.88161486,1
121022,0,1,0.8283842,0
121023,1,1,0.9975321,1
121024,1,1,0.9999567,1
121025,1,1,0.99951684,1
121026,0,1,0.43113506,0
121027,0,1,0.9992778,0
121028,1,1,0.8525676,1
121029,1,1,0.74279505,1
121030,1,1,0.9999999,1
121031,1,1,0.9999999,1
121032,0,0,0.09560247,1
121033,1,1,0.9899671,1
121034,1,1,0.9999999,1
121035,1,1,1.0,1
121036,1,1,1.0,1
121037,0,0,0.20753576,1
121038,0,1,0.48508134,0
121039,1,1,0.9998247,1
121040,0,0,0.05340333,1
121041,1,1,0.9999845,1
121042,1,0,0.18565173,0
121043,0,0,0.018815093,1
121044,0,0,0.058884703,1
121045,1,1,0.96472245,1
121046,1,1,0.9999465,1
121047,1,1,1.0,1
121048,0,1,0.99999225,0
121049,1,1,0.99999964,1
121050,0,0,0.031084953,1
121051,1,0,0.30270016,0
121052,0,0,0.2814056,1
121053,0,0,0.0882686,1
121054,1,1,0.98442644,1
121055,0,1,0.8502201,0
121056,0,0,0.06699522,1
121057,0,1,0.741674,0
121058,1,1,0.9999999,1
121059,0,0,0.03919513,1
121060,1,1,0.7242856,1
121061,0,0,0.31305215,1
121062,1,1,0.8903896,1
121063,0,1,0.5341873,0
121064,0,1,0.48084435,0
121065,0,1,0.7567173,0
121066,1,1,0.995037,1
121067,0,1,0.41593638,0
121068,0,1,0.8701566,0
121069,0,0,0.012970385,1
121070,1,1,0.42420328,1
121071,1,1,0.40730393,1
121072,1,1,0.999997,1
121073,1,0,0.0996453,0
121074,0,0,0.1579794,1
121075,1,1,1.0,1
121076,0,0,0.028980628,1
121077,1,1,0.995793,1
121078,1,0,0.046638034,0
121079,0,0,0.26588044,1
121080,0,1,0.99965405,0
121081,0,0,0.03551094,1
121082,1,1,0.9254324,1
121083,1,1,1.0,1
121084,0,0,0.15071502,1
121085,1,1,0.9999927,1
121086,0,1,0.9996118,0
121087,1,1,0.96391606,1
121088,0,0,0.14306794,1
121089,0,0,0.26913345,1
121090,0,1,0.3930355,0
121091,1,1,0.999998,1
121092,1,1,0.97032446,1
121093,0,1,0.9999305,0
121094,1,1,1.0,1
121095,1,0,0.08670936,0
121096,1,1,0.9916033,1
121097,1,1,0.9999912,1
121098,1,0,0.25358367,0
121099,1,1,1.0,1
121100,1,1,0.9974738,1
121101,0,0,0.11636177,1
121102,1,1,0.9999778,1
121103,0,1,0.7427017,0
121104,1,0,0.29118237,0
121105,0,0,0.14724834,1
121106,0,0,0.029228985,1
121107,1,1,0.9985814,1
121108,1,0,0.12189465,0
121109,1,1,0.87536144,1
121110,1,1,0.9998981,1
121111,1,1,0.9131358,1
121112,0,1,0.9994504,0
121113,0,1,0.999998,0
121114,1,1,0.99818975,1
121115,0,0,0.1579794,1
121116,0,1,0.9991623,0
121117,1,0,0.0135061005,0
121118,0,0,0.014700298,1
121119,0,1,0.99739385,0
121120,0,1,0.99999416,0
121121,1,1,0.9967333,1
121122,1,0,0.1056711,0
121123,0,0,0.22533137,1
121124,1,1,1.0,1
121125,1,1,1.0,1
121126,1,0,0.32643247,0
121127,1,1,0.99998856,1
121128,1,1,1.0,1
121129,1,1,0.8886622,1
121130,1,1,0.70309097,1
121131,0,0,0.022201227,1
121132,1,0,0.25534368,0
121133,0,1,0.9999896,0
121134,0,1,0.43794367,0
121135,1,1,0.9095863,1
121136,1,0,0.12819736,0
121137,1,0,0.05218253,0
121138,0,0,0.0072187525,1
121139,0,1,0.75586236,0
121140,0,0,0.0027202787,1
121141,0,1,0.38433427,0
121142,0,1,0.994729,0
121143,0,0,0.086632065,1
121144,0,1,0.9988508,0
121145,0,0,0.14749378,1
121146,1,1,0.9999964,1
121147,1,0,0.01161977,0
121148,1,1,0.9997603,1
121149,1,0,0.046033904,0
121150,0,0,0.0362883,1
121151,1,1,1.0,1
121152,1,0,0.049267832,0
121153,0,0,0.1459046,1
121154,1,0,0.05051767,0
121155,1,1,0.99982256,1
121156,1,0,0.061819322,0
121157,0,1,0.40215728,0
121158,1,1,1.0,1
121159,1,1,0.58029264,1
121160,0,1,0.8693822,0
121161,0,0,0.091382094,1
121162,0,0,0.044806086,1
121163,1,0,0.06760824,0
121164,0,0,0.20866227,1
121165,1,1,0.77304506,1
121166,0,1,0.7914989,0
121167,0,0,0.05033063,1
121168,1,1,0.99990606,1
121169,1,0,0.0019839033,0
121170,1,1,1.0,1
121171,0,1,0.5377697,0
121172,1,1,1.0,1
121173,1,1,0.97828114,1
121174,1,1,1.0,1
121175,0,0,0.22126654,1
121176,1,0,0.17866908,0
121177,1,1,0.5801142,1
121178,1,0,0.28766775,0
121179,1,1,0.99491006,1
121180,1,1,0.8881781,1
121181,0,1,0.80022407,0
121182,1,1,0.9999999,1
121183,1,1,0.99999285,1
121184,0,0,0.29573816,1
121185,0,1,0.4337116,0
121186,1,1,0.99945897,1
121187,1,1,0.9999963,1
121188,1,1,0.9997241,1
121189,1,1,0.3742188,1
121190,1,0,0.32428887,0
121191,1,0,0.14633106,0
121192,1,0,0.25729823,0
121193,0,0,0.034132607,1
121194,0,1,0.9604726,0
121195,1,0,0.014587567,0
121196,0,1,0.4375231,0
121197,1,1,0.99997413,1
121198,1,1,0.6044573,1
121199,1,1,1.0,1
121200,0,0,0.13257071,1
121201,1,0,0.13011953,0
121202,1,1,1.0,1
121203,1,1,0.9999999,1
121204,1,1,0.9598375,1
121205,0,1,0.99998,0
121206,0,1,0.7544178,0
121207,0,1,0.99936503,0
121208,0,1,0.8879841,0
121209,0,1,0.9938309,0
121210,1,1,0.6561627,1
121211,1,0,0.15165491,0
121212,0,1,0.6742114,0
121213,1,0,0.083515875,0
121214,1,1,0.5637983,1
121215,1,0,0.20063598,0
121216,0,0,0.015573563,1
121217,1,1,1.0,1
121218,0,1,0.9999924,0
121219,0,1,0.67260057,0
121220,0,1,0.6902982,0
121221,1,1,0.9761519,1
121222,1,1,0.8983214,1
121223,0,1,0.99999964,0
121224,1,1,0.43041664,1
121225,1,0,0.26038945,0
121226,1,1,1.0,1
121227,0,0,0.02442309,1
121228,0,0,0.24698713,1
121229,1,1,0.999984,1
121230,1,1,1.0,1
121231,0,0,0.14737104,1
121232,0,0,0.015130728,1
121233,1,1,0.6183772,1
121234,0,0,0.304145,1
121235,0,1,0.379091,0
121236,0,0,0.0044423947,1
121237,1,1,0.99700147,1
121238,1,0,0.06307716,0
121239,0,0,0.23979414,1
121240,1,0,0.16052906,0
121241,1,1,0.40424284,1
121242,1,1,0.99630713,1
121243,1,1,0.9999963,1
121244,0,0,0.14823206,1
121245,0,0,0.034132607,1
121246,0,1,0.86431044,0
121247,0,1,0.9438154,0
121248,1,0,0.068102375,0
121249,0,0,0.03897507,1
121250,0,1,0.7806625,0
121251,1,1,0.99999976,1
121252,1,1,1.0,1
121253,1,0,0.14755519,0
121254,1,0,0.1320102,0
121255,1,1,1.0,1
121256,1,1,0.9230392,1
121257,1,1,0.8614217,1
121258,0,1,0.9974541,0
121259,0,0,0.10475175,1
121260,1,1,0.99987614,1
121261,1,1,0.37085178,1
121262,0,0,0.10221505,1
121263,1,1,0.9631613,1
121264,1,0,0.06542547,0
121265,0,0,0.3029579,1
121266,0,0,0.20040116,1
121267,1,1,1.0,1
121268,0,1,0.9986223,0
121269,0,0,0.016403032,1
121270,0,1,0.9959378,0
121271,1,0,0.10123348,0
121272,1,1,0.9943691,1
121273,1,1,0.98617804,1
121274,1,1,0.9998702,1
121275,0,0,0.03073393,1
121276,1,0,0.055926174,0
121277,1,0,0.08733005,0
121278,0,0,0.27367145,1
121279,0,1,0.7010484,0
121280,1,1,0.9851576,1
121281,0,0,0.13268304,1
121282,1,1,1.0,1
121283,1,0,0.12549345,0
121284,0,0,0.06941548,1
121285,1,1,0.90540594,1
121286,1,1,0.4518102,1
121287,1,0,0.09602549,0
121288,1,0,0.15140381,0
121289,1,1,0.6708779,1
121290,1,1,0.99757034,1
121291,0,0,0.27299255,1
121292,0,0,0.30954528,1
121293,1,1,0.716169,1
121294,1,1,0.7230651,1
121295,1,1,0.9497627,1
121296,0,0,0.06019705,1
121297,0,1,0.9811849,0
121298,0,0,0.2939109,1
121299,1,1,0.9913054,1
121300,1,1,0.52533835,1
121301,1,1,1.0,1
121302,1,1,0.7426084,1
121303,1,1,1.0,1
121304,1,1,0.9995566,1
121305,1,1,0.9999999,1
121306,1,1,0.97836393,1
121307,0,1,1.0,0
121308,1,1,0.99999547,1
121309,1,0,0.30033502,0
121310,0,1,0.99988365,0
121311,1,0,0.07716922,0
121312,1,1,0.99999154,1
121313,1,1,0.9996395,1
121314,1,0,0.13764834,0
121315,0,0,0.02368947,1
121316,1,0,0.13273923,0
121317,0,0,0.10158944,1
121318,0,0,0.16000333,1
121319,1,1,0.90295243,1
121320,1,0,0.11426965,0
121321,0,0,0.091301054,1
121322,0,0,0.13318956,1
121323,1,1,0.8864204,1
121324,0,0,0.2702394,1
121325,0,0,0.007190812,1
121326,1,1,0.9999448,1
121327,1,1,0.9860174,1
121328,1,0,0.11828322,0
121329,0,1,0.88100195,0
121330,0,0,0.051558185,1
121331,1,1,0.99766773,1
121332,1,1,1.0,1
121333,0,1,0.6993057,0
121334,1,0,0.17009403,0
121335,0,1,0.999998,0
121336,0,1,0.9766024,0
121337,0,1,0.93651766,0
121338,0,1,0.99886644,0
121339,0,1,0.7641884,0
121340,1,1,0.99999964,1
121341,0,0,0.031678624,1
121342,1,1,0.99997663,1
121343,0,1,0.5574238,0
121344,1,1,0.99999547,1
121345,1,0,0.08299413,0
121346,1,1,0.9999975,1
121347,0,1,0.37725383,0
121348,1,1,0.9999753,1
121349,0,1,0.9997316,0
121350,1,1,0.99999976,1
121351,1,1,0.9995635,1
121352,1,0,0.3122127,0
121353,0,0,0.19284318,1
121354,0,0,0.058507007,1
121355,0,0,0.0282746,1
121356,0,0,0.03173859,1
121357,1,1,1.0,1
121358,0,0,0.08850466,1
121359,1,1,0.9961456,1
121360,1,1,0.9999975,1
121361,1,1,0.9994797,1
121362,1,0,0.022392828,0
121363,1,1,0.7127823,1
121364,1,0,0.009746104,0
121365,0,1,0.48340455,0
121366,1,1,0.9900058,1
121367,0,1,0.9585377,0
121368,0,1,0.6312534,0
121369,1,1,0.99988854,1
121370,1,1,0.82275945,1
121371,0,1,0.73115456,0
121372,0,0,0.08517511,1
121373,1,1,0.99999976,1
121374,1,1,1.0,1
121375,0,0,0.13986565,1
121376,0,0,0.025687134,1
121377,1,1,0.99999464,1
121378,0,1,0.9323918,0
121379,0,1,0.99968684,0
121380,1,0,0.09017308,0
121381,1,0,0.050564528,0
121382,0,0,0.0073743653,1
121383,1,1,0.99921143,1
121384,0,1,0.62452257,0
121385,0,1,0.94024336,0
121386,1,1,1.0,1
121387,0,1,0.5008545,0
121388,0,1,0.8693822,0
121389,0,0,0.021718834,1
121390,1,1,1.0,1
121391,1,1,0.9999646,1
121392,1,0,0.30440342,0
121393,0,1,0.9999924,0
121394,1,1,1.0,1
121395,1,1,0.9856076,1
121396,0,0,0.1524734,1
121397,1,1,1.0,1
121398,0,0,0.046855625,1
121399,0,0,0.048496004,1
121400,1,1,0.98899186,1
121401,1,1,0.99997497,1
121402,0,1,0.9621432,0
121403,1,1,0.9999155,1
121404,1,1,1.0,1
121405,1,0,0.004007289,0
121406,0,0,0.118742295,1
121407,1,0,1.6731827e-06,0
121408,0,1,0.51000845,0
121409,0,1,0.9622852,0
121410,1,1,0.6963198,1
121411,1,1,0.9869795,1
121412,1,1,0.9993242,1
121413,0,1,0.84117436,0
121414,1,1,0.8146434,1
121415,1,1,1.0,1
121416,1,1,0.9999696,1
121417,1,0,0.089375086,0
121418,0,1,0.999969,0
121419,1,1,0.99999964,1
121420,1,1,1.0,1
121421,1,1,0.8868131,1
121422,1,1,0.945349,1
121423,0,1,0.39245322,0
121424,0,0,0.20165595,1
121425,0,0,0.023576804,1
121426,0,0,0.30084828,1
121427,1,1,0.9999999,1
121428,0,0,0.030908957,1
121429,0,0,0.23065974,1
121430,1,1,0.99999964,1
121431,1,1,1.0,1
121432,0,1,0.99993265,0
121433,0,0,0.1754674,1
121434,1,1,0.5270731,1
121435,0,1,1.0,0
121436,0,0,0.039121646,1
121437,0,0,0.161717,1
121438,1,1,0.99554896,1
121439,1,1,0.9997305,1
121440,0,0,0.04813677,1
121441,0,1,0.8581252,0
121442,1,1,0.99999976,1
121443,0,0,0.07654563,1
121444,1,0,0.122838534,0
121445,0,0,0.09868569,1
121446,0,1,0.99960417,0
121447,1,1,1.0,1
121448,1,1,0.9999851,1
121449,0,0,0.244363,1
121450,1,1,0.9977569,1
121451,1,1,0.9877351,1
121452,1,1,1.0,1
121453,1,1,1.0,1
121454,1,1,1.0,1
121455,1,1,0.99996424,1
121456,0,1,0.9510514,0
121457,1,1,0.666334,1
121458,1,0,0.021927299,0
121459,1,1,0.9999738,1
121460,0,0,0.05975658,1
121461,1,1,1.0,1
121462,1,1,0.93263763,1
121463,0,1,0.7933462,0
121464,0,0,0.17617498,1
121465,1,1,0.9989718,1
121466,1,0,0.013428254,0
121467,0,1,0.99963737,0
121468,0,1,0.96560895,0
121469,1,1,0.7248703,1
121470,1,1,0.99648935,1
121471,1,1,0.99970573,1
121472,1,0,0.21206881,0
121473,1,1,0.47310945,1
121474,1,1,0.99999976,1
121475,0,0,0.29645056,1
121476,1,1,0.997917,1
121477,1,1,0.8441522,1
121478,0,0,0.019531239,1
121479,0,0,0.07165614,1
121480,1,1,0.96381396,1
121481,1,1,0.66437703,1
121482,0,0,0.10456872,1
121483,1,1,0.99999857,1
121484,1,1,0.9500415,1
121485,0,0,0.08479541,1
121486,1,0,0.12121686,0
121487,0,1,0.9549844,0
121488,1,1,1.0,1
121489,1,1,0.9988121,1
121490,1,0,0.020254692,0
121491,1,1,1.0,1
121492,0,1,0.99948967,0
121493,1,1,0.9993462,1
121494,1,1,0.6997163,1
121495,0,1,0.37499097,0
121496,1,1,0.999995,1
121497,0,1,0.9863105,0
121498,0,0,0.10669061,1
121499,1,1,0.9999542,1
121500,0,1,0.9962346,0
121501,1,1,0.7720154,1
121502,1,0,0.099120855,0
121503,0,0,0.093760945,1
121504,1,1,0.9999379,1
121505,0,0,0.05242457,1
121506,1,1,0.48508134,1
121507,0,0,0.02748069,1
121508,1,1,1.0,1
121509,0,0,0.24735057,1
121510,1,0,0.3222593,0
121511,0,0,0.018653521,1
121512,0,0,0.06530615,1
121513,0,1,0.99780875,0
121514,1,1,0.9999974,1
121515,1,1,0.99957854,1
121516,1,1,0.65074474,1
121517,0,1,0.4873074,0
121518,0,1,0.73587894,0
121519,0,1,0.35409796,0
121520,1,0,0.034848027,0
121521,0,0,0.08064662,1
121522,0,1,0.99998224,0
121523,0,1,0.7351666,0
121524,1,1,0.98947024,1
121525,1,0,0.33736724,0
121526,0,0,0.11357959,1
121527,0,0,0.05948283,1
121528,0,0,0.02876159,1
121529,1,1,0.99732697,1
121530,1,0,0.20465964,0
121531,1,1,0.99428093,1
121532,1,1,1.0,1
121533,1,1,0.9999738,1
121534,1,1,0.99853635,1
121535,1,1,0.9060729,1
121536,1,1,0.9998148,1
121537,0,0,0.2654042,1
121538,0,1,0.9638821,0
121539,1,1,1.0,1
121540,0,0,0.09636511,1
121541,1,1,0.49182203,1
121542,1,1,0.96378,1
121543,0,1,0.93033177,0
121544,0,0,0.21174264,1
121545,1,1,0.82810634,1
121546,1,1,0.9999541,1
121547,1,1,0.99318933,1
121548,0,0,0.105486654,1
121549,0,0,0.018761085,1
121550,0,1,0.65296096,0
121551,1,1,1.0,1
121552,1,0,0.14306794,0
121553,1,0,0.19253935,0
121554,0,1,0.82275945,0
121555,1,1,1.0,1
121556,1,1,1.0,1
121557,0,1,0.39755824,0
121558,0,1,0.49206612,0
121559,0,1,0.51738805,0
121560,0,1,0.9779888,0
121561,0,1,0.9336126,0
121562,1,1,0.97877365,1
121563,1,1,0.99794525,1
121564,1,1,0.9999665,1
121565,0,1,0.99789655,0
121566,1,1,1.0,1
121567,1,1,0.99999917,1
121568,0,1,0.41952905,0
121569,0,1,0.99894947,0
121570,1,0,0.27328336,0
121571,1,1,0.99999964,1
121572,1,1,0.9999964,1
121573,1,0,0.14773951,0
121574,0,0,0.30730605,1
121575,1,1,0.8548847,1
121576,1,0,0.009250096,0
121577,1,1,0.9985018,1
121578,1,1,0.99999785,1
121579,1,1,0.9998872,1
121580,1,1,0.9947187,1
121581,1,1,0.9970305,1
121582,1,1,0.99998367,1
121583,1,1,0.49133387,1
121584,1,0,0.17272931,0
121585,0,0,0.08225394,1
121586,0,0,0.089216255,1
121587,0,0,0.17106119,1
121588,0,0,0.015799738,1
121589,1,1,0.9999895,1
121590,1,1,0.9999448,1
121591,1,1,0.6509667,1
121592,0,1,0.8662457,0
121593,1,1,1.0,1
121594,1,0,0.08122775,0
121595,0,1,0.67528296,0
121596,1,1,0.99903595,1
121597,1,1,1.0,1
121598,1,1,0.624179,1
121599,1,1,0.9997658,1
121600,0,0,0.3463202,1
121601,0,0,0.007710576,1
121602,1,0,0.10650459,0
121603,1,0,0.29706192,0
121604,0,0,0.09636511,1
121605,0,1,0.98860246,0
121606,1,1,0.5720655,1
121607,1,1,1.0,1
121608,1,0,0.22160327,0
121609,1,1,0.99999917,1
121610,1,1,0.9693242,1
121611,0,0,0.037291814,1
121612,1,1,0.99900913,1
121613,1,0,0.12738101,0
121614,1,1,0.9654789,1
121615,1,1,0.88373864,1
121616,1,1,0.9999999,1
121617,0,0,0.3226327,1
121618,1,1,0.9999968,1
121619,0,1,0.9653158,0
121620,1,1,1.0,1
121621,0,1,0.9897315,0
121622,1,1,0.99980897,1
121623,1,1,1.0,1
121624,1,1,1.0,1
121625,1,1,0.5585678,1
121626,0,1,0.9999453,0
121627,0,1,0.99998486,0
121628,0,1,0.99894947,0
121629,0,0,0.08262328,1
121630,1,1,0.9999708,1
121631,1,0,0.025468081,0
121632,1,1,1.0,1
121633,1,1,0.36158732,1
121634,0,1,0.40712714,0
121635,1,1,1.0,1
121636,1,0,0.08218025,0
121637,0,1,0.95305705,0
121638,1,0,0.15759008,0
121639,1,1,0.9999094,1
121640,0,1,0.9205757,0
121641,0,0,0.07068779,1
121642,1,0,0.13240233,0
121643,1,1,1.0,1
121644,0,1,0.7437268,0
121645,1,1,1.0,1
121646,0,1,0.91006696,0
121647,1,1,0.99999976,1
121648,0,1,0.91490096,0
121649,1,1,0.8168451,1
121650,0,0,0.3440026,1
121651,0,0,0.043528132,1
121652,1,0,0.0027362213,0
121653,1,1,0.43356168,1
121654,1,1,0.9999982,1
121655,1,1,1.0,1
121656,0,0,0.13863662,1
121657,0,1,0.9935743,0
121658,0,0,0.09203286,1
121659,1,1,0.4467059,1
121660,0,0,0.2589814,1
121661,1,1,0.8101787,1
121662,0,0,0.013982613,1
121663,0,0,0.08969352,1
121664,1,1,0.99300176,1
121665,1,1,0.99997926,1
121666,1,1,0.99920064,1
121667,1,0,0.042403832,0
121668,1,1,0.9901211,1
121669,0,0,0.33149835,1
121670,1,1,0.99997985,1
121671,0,1,0.99804676,0
121672,0,1,0.8017807,0
121673,1,1,0.99979585,1
121674,1,1,0.52993244,1
121675,1,1,0.9999995,1
121676,1,1,1.0,1
121677,1,1,0.99932945,1
121678,1,1,0.9999969,1
121679,1,1,0.99918646,1
121680,1,1,0.9999995,1
121681,1,0,0.021064695,0
121682,1,0,0.06884988,0
121683,1,1,0.9998574,1
121684,1,1,0.99318933,1
121685,0,1,0.41706368,0
121686,0,1,0.63096917,0
121687,1,1,0.98168314,1
121688,0,0,0.00930395,1
121689,1,1,0.99951494,1
121690,1,1,0.99647564,1
121691,0,1,0.68820655,0
121692,0,0,0.26779094,1
121693,0,1,0.8539127,0
121694,0,1,0.9995819,0
121695,1,1,0.9833908,1
121696,0,0,0.052814018,1
121697,1,1,0.46128976,1
121698,1,1,0.9999974,1
121699,1,0,0.24608012,0
121700,0,0,0.19993211,1
121701,1,0,0.07696085,0
121702,0,0,0.050705362,1
121703,1,1,0.9999832,1
121704,1,1,0.998319,1
121705,1,1,0.83828294,1
121706,0,0,0.12554705,1
121707,1,1,0.9060729,1
121708,0,1,0.97957015,0
121709,0,0,0.17182414,1
121710,1,0,0.10343124,0
121711,1,0,0.050658382,0
121712,1,1,0.6001298,1
121713,1,1,1.0,1
121714,1,1,1.0,1
121715,1,1,0.999928,1
121716,1,1,0.94539934,1
121717,1,1,0.39128965,1
121718,0,0,0.14187485,1
121719,1,1,0.53831583,1
121720,1,1,0.9999999,1
121721,1,1,1.0,1
121722,0,1,0.9994797,0
121723,0,1,0.41697466,0
121724,0,0,0.009746104,1
121725,1,1,0.9990508,1
121726,1,0,0.003135836,0
121727,1,1,1.0,1
121728,1,0,0.2590751,0
121729,0,0,0.082475364,1
121730,1,0,0.13117322,0
121731,0,1,0.36494726,0
121732,1,1,1.0,1
121733,1,0,0.09636511,0
121734,1,1,0.9773492,1
121735,0,1,0.4252173,0
121736,0,1,0.6631784,0
121737,1,1,0.9999957,1
121738,1,1,0.9561864,1
121739,0,0,0.15361264,1
121740,1,1,0.99304235,1
121741,1,1,0.99476975,1
121742,0,1,0.93980294,0
121743,1,1,1.0,1
121744,0,1,0.6644859,0
121745,1,0,0.33524203,0
121746,0,0,0.07477004,1
121747,1,1,0.999992,1
121748,1,0,0.03030055,0
121749,0,0,0.0012497095,1
121750,0,0,0.32799113,1
121751,1,1,1.0,1
121752,0,0,0.0921145,1
121753,1,1,0.40683255,1
121754,0,1,0.6128312,0
121755,1,1,1.0,1
121756,1,1,0.9982003,1
121757,0,0,0.082549304,1
121758,0,1,1.0,0
121759,0,1,0.8884688,0
121760,0,1,0.9027811,0
121761,0,1,0.4623213,0
121762,1,1,1.0,1
121763,1,1,0.81047887,1
121764,1,0,0.11436852,0
121765,1,0,0.12320729,0
121766,0,0,0.030473188,1
121767,0,1,0.9952077,0
121768,0,1,0.99712723,0
121769,1,0,0.049085185,0
121770,1,1,0.9931363,1
121771,0,0,0.017627545,1
121772,1,0,0.11656275,0
121773,1,1,0.89956343,1
121774,1,1,1.0,1
121775,1,1,0.98662347,1
121776,1,1,0.995858,1
121777,0,1,0.56799656,0
121778,1,1,0.9999999,1
121779,0,1,0.50823903,0
121780,1,1,0.9922444,1
121781,1,1,0.9862046,1
121782,1,1,1.0,1
121783,0,1,0.4809053,0
121784,0,1,0.99861145,0
121785,0,0,0.112600096,1
121786,1,1,0.52530795,1
121787,1,1,0.92924803,1
121788,0,0,0.14384791,1
121789,1,1,0.9991474,1
121790,0,0,0.088425905,1
121791,0,1,0.9999999,0
121792,0,0,0.295789,1
121793,0,1,0.99993134,0
121794,1,0,0.34676248,0
121795,1,1,0.59989536,1
121796,0,1,0.97249323,0
121797,0,0,0.04405976,1
121798,1,1,0.9999999,1
121799,0,0,0.008830244,1
121800,1,0,0.066206016,0
121801,0,0,0.26654816,1
121802,0,1,0.9999896,0
121803,1,1,0.92847365,1
121804,0,0,0.34032074,1
121805,1,1,0.99998975,1
121806,1,0,0.12054232,0
121807,1,0,0.035310794,0
121808,1,1,0.999964,1
121809,0,1,0.9807103,0
121810,0,0,0.2860695,1
121811,0,1,0.99240804,0
121812,1,1,0.996271,1
121813,1,1,1.0,1
121814,0,0,0.03814243,1
121815,0,1,0.78199726,0
121816,0,1,0.9948403,0
121817,1,1,1.0,1
121818,0,1,0.50482166,0
121819,1,1,0.9970765,1
121820,1,1,0.99999964,1
121821,0,1,0.60492414,0
121822,1,1,0.9924374,1
121823,1,1,0.9981933,1
121824,1,1,0.38196856,1
121825,1,1,0.8899121,1
121826,1,1,0.6117299,1
121827,1,1,0.90174776,1
121828,1,1,1.0,1
121829,1,1,1.0,1
121830,0,0,0.045521997,1
121831,0,0,0.057918087,1
121832,0,0,0.048541088,1
121833,1,0,0.089136936,0
121834,0,1,0.6709857,0
121835,1,1,0.7102767,1
121836,0,0,0.07510853,1
121837,0,0,0.07211221,1
121838,1,1,1.0,1
121839,0,1,0.96021223,0
121840,0,1,0.79310596,0
121841,1,1,0.9999989,1
121842,1,1,0.9999939,1
121843,1,1,0.9999995,1
121844,1,1,1.0,1
121845,0,0,0.12347128,1
121846,0,1,0.9971161,0
121847,1,1,0.9999968,1
121848,1,1,0.9844862,1
121849,1,0,0.090253234,0
121850,0,0,0.018334452,1
121851,0,1,0.91648406,0
121852,0,1,0.98340684,0
121853,1,1,0.9999999,1
121854,0,0,0.06136777,1
121855,1,0,0.049313605,0
121856,1,1,0.9882902,1
121857,0,1,0.99025387,0
121858,1,0,0.052086018,0
121859,1,0,0.049589023,0
121860,1,1,0.98220253,1
121861,0,1,0.8833366,0
121862,0,1,0.99998224,0
121863,0,0,0.031618766,1
121864,0,0,0.33198544,1
121865,0,1,0.82118756,0
121866,1,1,0.9916681,1
121867,1,1,0.9999964,1
121868,0,0,0.10266401,1
121869,0,1,1.0,0
121870,1,0,0.15272596,0
121871,0,1,0.9563905,0
121872,1,1,0.64237636,1
121873,1,1,0.99999344,1
121874,1,1,1.0,1
121875,1,1,1.0,1
121876,1,1,0.99999976,1
121877,1,0,0.21601154,0
121878,0,0,0.09334689,1
121879,1,1,0.4454089,1
121880,0,1,0.9982692,0
121881,0,1,0.82190347,0
121882,1,1,0.9820826,1
121883,0,0,0.1519693,1
121884,1,1,0.99989605,1
121885,0,0,0.06412401,1
121886,1,1,0.4883139,1
121887,1,1,0.99999404,1
121888,0,1,0.65373504,0
121889,1,1,0.9736196,1
121890,1,1,1.0,1
121891,1,1,0.8938666,1
121892,0,0,0.016044557,1
121893,1,1,0.89077026,1
121894,0,0,0.05374995,1
121895,1,1,1.0,1
121896,1,1,0.99996686,1
121897,1,1,1.0,1
121898,1,1,0.8718026,1
121899,0,1,0.99994373,0
121900,0,1,0.99980813,0
121901,0,1,0.8680457,0
121902,0,1,0.80232334,0
121903,0,1,0.60515755,0
121904,1,0,0.0018172832,0
121905,1,1,0.9999758,1
121906,1,0,0.18300883,0
121907,1,1,0.9394706,1
121908,1,0,0.087096825,0
121909,0,0,0.3299852,1
121910,0,0,0.09017308,1
121911,0,1,0.99586606,0
121912,1,1,0.99158704,1
121913,0,1,0.57648236,0
121914,1,1,0.86165464,1
121915,1,0,0.03330537,0
121916,1,1,0.9997631,1
121917,0,1,0.99915075,0
121918,1,1,0.9994937,1
121919,1,1,0.6546188,1
121920,1,0,0.19276717,0
121921,1,1,1.0,1
121922,1,1,0.6028217,1
121923,0,1,1.0,0
121924,1,1,1.0,1
121925,0,0,0.018815093,1
121926,1,0,0.050846573,0
121927,0,0,0.14928317,1
121928,1,1,1.0,1
121929,1,1,0.9999987,1
121930,1,1,1.0,1
121931,0,1,0.9999933,0
121932,1,1,0.9964342,1
121933,1,1,1.0,1
121934,1,1,1.0,1
121935,1,1,0.99766326,1
121936,1,1,0.999979,1
121937,0,1,0.9976949,0
121938,0,0,0.013376604,1
121939,1,1,0.71417975,1
121940,1,1,0.9999821,1
121941,1,1,1.0,1
121942,1,1,0.99999774,1
121943,0,1,0.9985952,0
121944,1,1,0.9219218,1
121945,0,0,0.006971116,1
121946,1,1,0.59302014,1
121947,1,1,1.0,1
121948,1,0,0.013848611,0
121949,0,1,0.9668514,0
121950,0,1,0.46138078,0
121951,1,1,0.9036349,1
121952,0,0,0.03594832,1
121953,1,1,0.99997497,1
121954,0,1,0.50817794,0
121955,1,0,0.14051308,0
121956,0,1,0.99892455,0
121957,0,1,0.6283504,0
121958,0,0,0.023286304,1
121959,1,1,0.62503767,1
121960,0,0,0.2893717,1
121961,1,1,0.99998295,1
121962,0,0,0.033148516,1
121963,1,1,0.99997926,1
121964,1,1,0.9999865,1
121965,1,1,1.0,1
121966,1,1,0.5690745,1
121967,1,1,0.9999951,1
121968,1,1,0.9790758,1
121969,0,0,0.18484107,1
121970,0,1,0.89010334,0
121971,0,1,0.42211747,0
121972,1,1,0.9904591,1
121973,1,1,0.7488118,1
121974,1,1,0.9991689,1
121975,1,1,0.9998134,1
121976,0,0,0.050564528,1
121977,1,1,1.0,1
121978,1,1,0.99999964,1
121979,0,1,0.5448619,0
121980,0,1,0.3782294,0
121981,1,1,0.962462,1
121982,0,1,0.53528064,0
121983,1,1,1.0,1
121984,1,1,0.7799929,1
121985,0,0,0.057440385,1
121986,0,0,0.22618484,1
121987,1,1,0.9999939,1
121988,0,0,0.0054692742,1
121989,0,0,0.024987794,1
121990,1,1,1.0,1
121991,0,1,0.718545,0
121992,1,1,0.9999491,1
121993,0,0,0.10311471,1
121994,1,1,0.7375837,1
121995,1,1,0.9999918,1
121996,0,1,0.52116656,0
121997,1,1,1.0,1
121998,1,1,0.99784267,1
121999,0,1,0.66252357,0
122000,0,0,0.06941548,1
122001,1,1,0.9999528,1
122002,1,1,1.0,1
122003,1,1,0.99999654,1
122004,1,1,0.9902351,1
122005,0,0,0.0063021216,1
122006,1,1,0.99256825,1
122007,0,0,0.03085051,1
122008,1,1,0.999964,1
122009,0,0,0.3198114,1
122010,1,1,0.99923575,1
122011,0,0,0.036977556,1
122012,1,0,0.30574915,0
122013,0,1,0.9987281,0
122014,0,0,0.024821786,1
122015,1,1,0.9315248,1
122016,1,1,0.35599878,1
122017,1,1,0.9999919,1
122018,1,1,0.9999968,1
122019,1,1,1.0,1
122020,0,0,0.26246354,1
122021,0,0,0.081959546,1
122022,0,0,0.050658382,1
122023,1,1,0.7923036,1
122024,1,1,0.9999913,1
122025,0,0,0.3100673,1
122026,0,0,0.15272596,1
122027,0,1,0.99366105,0
122028,1,1,0.99999964,1
122029,0,0,0.023757325,1
122030,1,1,1.0,1
122031,0,1,0.3950175,0
122032,1,0,0.0017821962,0
122033,0,0,0.047646955,1
122034,0,0,0.027454607,1
122035,0,0,0.20197058,1
122036,0,0,0.12635334,1
122037,0,1,0.69832945,0
122038,0,0,0.01977584,1
122039,0,0,0.13857834,1
122040,1,1,1.0,1
122041,1,1,0.99997354,1
122042,1,1,0.7557272,1
122043,1,0,0.03680407,0
122044,0,1,0.9999999,0
122045,0,0,0.24963012,1
122046,1,1,0.99999774,1
122047,0,1,0.7135813,0
122048,1,1,0.9323302,1
122049,1,1,0.9992679,1
122050,0,0,0.15495054,1
122051,0,1,0.86838096,0
122052,1,1,0.8130158,1
122053,1,1,1.0,1
122054,1,1,0.39152226,1
122055,1,1,0.9999999,1
122056,0,1,0.991891,0
122057,1,1,1.0,1
122058,1,0,0.29874703,0
122059,1,1,0.63346696,1
122060,0,1,0.66011757,0
122061,1,1,0.76960015,1
122062,0,1,0.56241685,0
122063,0,0,0.06699522,1
122064,1,1,0.7412996,1
122065,1,1,0.86385167,1
122066,0,0,0.074030295,1
122067,1,1,1.0,1
122068,0,0,0.091058284,1
122069,1,1,0.99984884,1
122070,1,1,0.99999964,1
122071,0,1,0.58207536,0
122072,0,0,0.022737447,1
122073,0,1,0.87987113,0
122074,1,1,0.99883276,1
122075,0,1,0.94649786,0
122076,0,1,0.7829945,0
122077,1,1,1.0,1
122078,0,0,0.20008837,1
122079,1,1,0.7890712,1
122080,1,1,0.9335521,1
122081,1,1,0.85752964,1
122082,1,1,0.99830914,1
122083,1,1,0.99999976,1
122084,0,0,0.05644403,1
122085,0,0,0.16291203,1
122086,0,1,0.87610537,0
122087,1,1,0.99947566,1
122088,0,1,0.36364692,0
122089,1,1,0.61607003,1
122090,0,0,0.14959349,1
122091,1,1,0.99941504,1
122092,0,1,0.9983059,0
122093,0,1,0.42712787,0
122094,0,0,0.10833037,1
122095,0,1,0.9999685,0
122096,0,1,0.3721058,0
122097,1,1,1.0,1
122098,1,0,0.09704756,0
122099,1,1,1.0,1
122100,1,1,0.9997942,1
122101,0,0,0.18053968,1
122102,0,0,0.30182487,1
122103,1,0,0.15373966,0
122104,0,1,0.99997747,0
122105,0,0,0.14457104,1
122106,1,1,1.0,1
122107,1,0,0.021267017,0
122108,0,1,0.95626813,0
122109,1,1,0.9999465,1
122110,1,1,0.9999738,1
122111,1,1,0.63278645,1
122112,1,1,0.9999993,1
122113,1,1,0.6116719,1
122114,1,1,0.99999964,1
122115,0,1,0.5801142,0
122116,1,1,1.0,1
122117,0,1,0.9999957,0
122118,1,1,1.0,1
122119,1,0,0.03143985,0
122120,1,1,0.71943295,1
122121,0,1,0.96458924,0
122122,0,1,0.49438503,0
122123,1,1,0.9989454,1
122124,0,1,0.51141155,0
122125,1,1,1.0,1
122126,0,1,0.45002702,0
122127,1,1,0.98421544,1
122128,1,1,0.99999404,1
122129,0,1,0.93732566,0
122130,1,1,0.8808996,1
122131,0,0,0.065784656,1
122132,1,1,0.99787605,1
122133,0,0,0.24400252,1
122134,1,1,1.0,1
122135,1,1,0.99943525,1
122136,1,1,0.9325147,1
122137,0,0,0.255158,1
122138,0,1,0.999765,0
122139,0,0,0.059047263,1
122140,0,0,0.036665846,1
122141,1,1,0.99992037,1
122142,1,1,0.99999547,1
122143,0,0,0.05399884,1
122144,1,1,0.9837225,1
122145,1,1,0.99984765,1
122146,0,1,0.99998796,0
122147,0,1,0.5412876,0
122148,1,1,0.9986904,1
122149,1,0,0.30918014,0
122150,1,0,0.024680348,0
122151,1,1,0.9999988,1
122152,0,0,0.028301448,1
122153,0,1,0.7101763,0
122154,1,1,0.9813107,1
122155,1,1,0.95068645,1
122156,1,1,0.99453074,1
122157,0,1,0.7525585,0
122158,0,1,0.9856353,0
122159,0,0,0.07290027,1
122160,0,0,0.33036318,1
122161,1,1,0.99682117,1
122162,0,0,0.13881163,1
122163,0,0,0.15501449,1
122164,0,1,0.9987696,0
122165,1,1,0.9999697,1
122166,1,1,0.9994374,1
122167,1,1,1.0,1
122168,0,0,0.009540926,1
122169,0,0,0.11576064,1
122170,1,1,0.59136933,1
122171,1,0,0.32311305,0
122172,1,1,0.90174776,1
122173,0,0,0.06506812,1
122174,1,1,0.999992,1
122175,1,1,0.9999865,1
122176,0,0,0.16694687,1
122177,0,0,0.21617696,1
122178,1,1,0.9996345,1
122179,0,0,0.255158,1
122180,1,0,0.30461022,0
122181,0,0,0.02748069,1
122182,1,0,0.0524731,0
122183,0,1,0.8559716,0
122184,1,1,1.0,1
122185,1,1,0.9999999,1
122186,1,0,0.18162581,0
122187,0,1,0.35627866,0
122188,1,1,0.89302987,1
122189,0,0,0.15649123,1
122190,1,1,0.94639885,1
122191,1,0,0.0962801,0
122192,1,1,0.9994012,1
122193,1,1,1.0,1
122194,1,1,0.99871063,1
122195,0,1,0.99896777,0
122196,0,1,0.56355816,0
122197,0,1,0.9989936,0
122198,1,1,0.99998796,1
122199,0,0,0.1363207,1
122200,1,0,0.12215622,0
122201,0,1,0.52670795,0
122202,0,1,0.35387465,0
122203,0,1,0.9953904,0
122204,1,1,0.9890343,1
122205,1,1,0.7142794,1
122206,1,1,0.99999845,1
122207,1,1,0.99998736,1
122208,0,1,0.99988365,0
122209,1,1,0.9999969,1
122210,1,0,0.15629797,0
122211,1,1,0.9989141,1
122212,0,1,0.7905303,0
122213,1,1,0.9999999,1
122214,0,0,0.10185715,1
122215,0,0,0.11910043,1
122216,1,1,0.9582261,1
122217,0,0,0.048496004,1
122218,0,1,0.95987505,0
122219,1,1,0.9993162,1
122220,0,1,0.7479843,0
122221,0,1,0.72628,0
122222,1,1,0.9999887,1
122223,1,1,0.9999995,1
122224,1,1,0.9382939,1
122225,0,0,0.029201293,1
122226,1,1,0.9993893,1
122227,0,0,0.09342957,1
122228,0,0,0.20173456,1
122229,1,1,0.9849563,1
122230,0,0,0.17412922,1
122231,1,1,0.85633236,1
122232,0,1,0.9060729,0
122233,0,0,0.06935241,1
122234,1,1,0.924347,1
122235,0,1,1.0,0
122236,0,0,0.007937994,1
122237,1,1,0.99960726,1
122238,1,1,0.7324005,1
122239,0,0,0.0238936,1
122240,0,0,0.020390792,1
122241,0,0,0.07004896,1
122242,0,1,0.8022459,0
122243,0,0,0.07198163,1
122244,0,0,0.21808594,1
122245,0,0,0.10275402,1
122246,1,1,0.99613816,1
122247,1,0,0.10790661,0
122248,1,0,0.19837458,0
122249,1,1,0.88393915,1
122250,0,0,0.2694217,1
122251,1,1,0.99948174,1
122252,1,1,0.9975514,1
122253,1,1,0.99993074,1
122254,1,1,0.9594213,1
122255,1,1,0.90894175,1
122256,1,1,0.9941233,1
122257,0,1,0.9956176,0
122258,0,0,0.08173938,1
122259,1,1,0.5916053,1
122260,1,1,0.97691274,1
122261,1,1,0.99261135,1
122262,0,1,0.99750805,0
122263,0,0,0.050283972,1
122264,1,1,0.99999964,1
122265,1,0,0.05505607,0
122266,1,0,0.21601154,0
122267,1,1,0.9997086,1
122268,1,0,0.042642392,0
122269,1,1,0.9980506,1
122270,0,0,0.1404541,1
122271,0,0,0.0024678102,1
122272,1,1,1.0,1
122273,1,0,0.12179017,0
122274,1,1,0.9999995,1
122275,0,0,0.15209518,1
122276,0,0,0.03814243,1
122277,1,1,0.99999845,1
122278,1,0,0.047913536,0
122279,0,1,0.90632194,0
122280,0,0,0.20040116,1
122281,0,1,0.89796406,0
122282,0,1,0.9994937,0
122283,1,1,0.99997556,1
122284,1,1,0.9944343,1
122285,0,0,0.09704756,1
122286,1,1,1.0,1
122287,1,1,0.4036844,1
122288,1,1,0.9999808,1
122289,0,1,0.99999595,0
122290,1,1,0.99999976,1
122291,0,1,0.45489588,0
122292,0,1,0.4735355,0
122293,1,1,0.9999999,1
122294,1,1,0.9825743,1
122295,0,0,0.06418264,1
122296,0,1,0.99998677,0
122297,0,0,0.12173796,1
122298,1,1,0.99998426,1
122299,1,1,0.97110176,1
122300,1,1,0.87935406,1
122301,0,0,0.27537322,1
122302,1,1,0.99635005,1
122303,1,1,0.9999107,1
122304,1,1,0.9974885,1
122305,0,1,0.9999274,0
122306,1,1,0.7105781,1
122307,0,0,0.041075893,1
122308,1,0,0.1919328,0
122309,1,1,0.99994564,1
122310,0,0,0.11616108,1
122311,1,0,0.054550216,0
122312,0,0,0.22177176,1
122313,1,1,0.9999906,1
122314,1,0,0.051177494,0
122315,0,0,0.18184364,1
122316,1,0,0.01200735,0
122317,0,1,0.9996049,0
122318,0,1,0.9997209,0
122319,0,0,0.06566473,1
122320,1,1,1.0,1
122321,0,1,0.9996886,0
122322,0,0,0.12646116,1
122323,0,0,0.036700353,1
122324,0,0,0.09518112,1
122325,1,1,1.0,1
122326,1,1,0.9987551,1
122327,1,1,0.99953175,1
122328,1,0,0.019160708,0
122329,1,1,0.98685336,1
122330,1,1,1.0,1
122331,0,1,0.61004704,0
122332,1,1,0.99999905,1
122333,1,0,0.003846872,0
122334,0,0,0.30964962,1
122335,1,1,1.0,1
122336,1,1,0.47834605,1
122337,0,0,0.08471965,1
122338,1,0,0.17321827,0
122339,1,1,1.0,1
122340,1,1,0.9988508,1
122341,1,0,0.07107367,0
122342,0,1,0.9170801,0
122343,1,1,1.0,1
122344,1,1,0.9999995,1
122345,0,1,0.9312127,0
122346,0,1,0.99983656,0
122347,1,0,0.0610871,0
122348,0,1,0.98501414,0
122349,0,1,0.71606976,0
122350,0,0,0.07942426,1
122351,1,0,0.054802597,0
122352,1,1,1.0,1
122353,0,0,0.34097877,1
122354,1,1,0.9538373,1
122355,1,0,0.17217185,0
122356,1,1,0.9999987,1
122357,0,0,0.053255424,1
122358,0,1,1.0,0
122359,1,1,0.9537082,1
122360,0,1,0.43086562,0
122361,1,1,0.99999976,1
122362,1,1,1.0,1
122363,1,1,1.0,1
122364,1,1,1.0,1
122365,0,1,0.9447403,0
122366,1,1,0.8272706,1
122367,1,0,0.046855625,0
122368,0,0,0.3396633,1
122369,1,1,0.9140609,1
122370,0,0,0.03551094,1
122371,0,0,0.12304914,1
122372,0,1,0.5402569,0
122373,0,0,0.050051305,1
122374,0,1,0.99783,0
122375,1,1,1.0,1
122376,0,0,0.05261895,1
122377,1,1,0.9998535,1
122378,1,0,0.09252366,0
122379,1,1,1.0,1
122380,1,0,0.058884703,0
122381,1,1,0.99998486,1
122382,1,1,0.76038384,1
122383,0,1,0.9999999,0
122384,1,1,0.9999995,1
122385,0,1,0.5573635,0
122386,1,1,1.0,1
122387,0,1,0.36639133,0
122388,0,0,0.03155902,1
122389,0,1,0.6846331,0
122390,0,0,0.08042967,1
122391,0,1,0.9975177,0
122392,1,1,0.99999785,1
122393,1,1,0.9566342,1
122394,0,0,0.07172112,1
122395,0,1,0.9883802,0
122396,1,1,0.76038384,1
122397,0,1,0.46566084,0
122398,0,0,0.1412222,1
122399,1,0,0.053353984,0
122400,0,1,0.76882,0
122401,1,1,1.0,1
122402,1,1,0.9999995,1
122403,1,0,0.05797139,0
122404,1,1,0.9608783,1
122405,1,1,0.6558322,1
122406,0,1,0.995858,0
122407,1,1,0.70715195,1
122408,1,1,0.9999622,1
122409,1,1,0.9994837,1
122410,1,1,0.9508236,1
122411,1,1,0.9999999,1
122412,1,1,0.42417344,1
122413,0,0,0.0962801,1
122414,1,1,0.9995652,1
122415,0,0,0.23222308,1
122416,1,1,0.9999999,1
122417,1,1,0.9998859,1
122418,0,0,0.35058814,1
122419,0,1,0.6017691,0
122420,1,0,0.34059486,0
122421,1,0,0.12694745,0
122422,0,1,0.9431384,0
122423,0,1,0.93593454,0
122424,0,1,0.99999297,0
122425,1,1,0.9985758,1
122426,0,0,0.1627789,1
122427,1,1,0.99984455,1
122428,0,0,0.17795369,1
122429,1,1,0.9983418,1
122430,1,1,0.952131,1
122431,1,1,0.99999976,1
122432,1,0,0.28992426,0
122433,0,0,0.19559407,1
122434,0,1,0.9655115,0
122435,1,0,0.3260568,0
122436,0,1,0.9863105,0
122437,0,0,0.11486404,1
122438,1,1,1.0,1
122439,1,1,0.9991672,1
122440,1,1,0.89469755,1
122441,0,1,0.99983585,0
122442,0,1,0.9999995,0
122443,1,1,1.0,1
122444,1,1,0.9981792,1
122445,0,0,0.091544405,1
122446,1,1,1.0,1
122447,0,1,0.38618457,0
122448,1,1,0.99999833,1
122449,0,0,0.10875559,1
122450,1,0,0.065904796,0
122451,1,1,1.0,1
122452,1,1,0.7547343,1
122453,0,0,0.04401865,1
122454,1,0,0.09097748,0
122455,1,1,0.996682,1
122456,1,1,1.0,1
122457,1,1,1.0,1
122458,1,1,0.97175217,1
122459,0,0,0.2658328,1
122460,1,1,0.9999932,1
122461,0,1,0.9903476,0
122462,0,0,0.25720495,1
122463,1,1,0.9746528,1
122464,1,1,1.0,1
122465,1,0,0.24041773,0
122466,1,1,1.0,1
122467,1,1,0.99827254,1
122468,0,0,0.010268432,1
122469,1,1,1.0,1
122470,0,1,0.99085677,0
122471,1,1,1.0,1
122472,0,0,0.24391246,1
122473,1,1,0.9999777,1
122474,0,1,0.90295243,0
122475,0,1,0.392104,0
122476,1,1,1.0,1
122477,1,0,0.24926446,0
122478,0,0,0.07497297,1
122479,0,0,0.1583695,1
122480,0,0,0.20362833,1
122481,1,1,0.9981541,1
122482,0,0,0.089136936,1
122483,1,1,1.0,1
122484,1,1,0.9443824,1
122485,0,0,0.07689149,1
122486,1,0,0.0016941034,0
122487,1,1,0.49426293,1
122488,1,1,0.9995408,1
122489,1,1,0.6955966,1
122490,0,0,0.21247703,1
122491,1,0,0.30125925,0
122492,0,0,0.0018785201,1
122493,1,1,0.99999416,1
122494,1,0,0.31357738,0
122495,0,1,0.9998766,0
122496,1,1,0.5952573,1
122497,1,1,0.99757034,1
122498,0,0,0.04146227,1
122499,1,1,0.8892406,1
122500,0,1,0.6914453,0
122501,0,0,0.2578585,1
122502,0,0,0.1308397,1
122503,0,0,0.07992553,1
122504,1,1,0.96432143,1
122505,1,1,0.9999999,1
122506,1,1,0.9985952,1
122507,0,0,0.024987794,1
122508,0,1,0.9999844,0
122509,1,0,0.2516477,0
122510,1,1,0.66925865,1
122511,0,0,0.27688602,1
122512,0,0,0.1229438,1
122513,0,1,0.6683935,0
122514,0,0,0.27820778,1
122515,1,1,0.99187535,1
122516,0,1,0.8017807,0
122517,1,1,0.93732566,1
122518,1,1,0.97573924,1
122519,1,1,0.99999774,1
122520,0,1,0.6486333,0
122521,1,1,1.0,1
122522,1,1,1.0,1
122523,1,1,0.9979048,1
122524,1,1,0.99173236,1
122525,0,0,0.028490044,1
122526,0,1,0.92892635,0
122527,1,1,1.0,1
122528,1,1,0.8329173,1
122529,1,1,0.9999975,1
122530,0,0,0.07675298,1
122531,0,0,0.060031522,1
122532,0,0,0.116261385,1
122533,1,1,0.9997658,1
122534,1,1,0.48108816,1
122535,1,1,1.0,1
122536,1,1,0.9999999,1
122537,1,1,0.84325075,1
122538,0,1,0.9946672,0
122539,1,1,0.999894,1
122540,0,1,0.9999802,0
122541,0,1,0.90665317,0
122542,1,0,0.20979328,0
122543,1,1,0.97865146,1
122544,0,1,0.9999976,0
122545,1,1,0.99992716,1
122546,1,1,0.99982256,1
122547,1,1,0.9989818,1
122548,1,1,0.9265699,1
122549,0,0,0.28596976,1
122550,0,1,0.98965186,0
122551,1,0,0.18169841,0
122552,0,1,0.9977787,0
122553,1,0,0.13290796,0
122554,0,1,1.0,0
122555,0,0,0.23039988,1
122556,1,1,0.999658,1
122557,0,0,0.059537485,1
122558,1,1,0.99994874,1
122559,1,1,1.0,1
122560,1,0,0.23361893,0
122561,0,0,0.19698064,1
122562,0,1,0.9228308,0
122563,1,1,0.9944988,1
122564,1,1,0.9130584,1
122565,0,0,0.0125279315,1
122566,1,1,0.7090695,1
122567,0,1,0.9217107,0
122568,0,1,0.9996026,0
122569,0,0,0.023757325,1
122570,1,1,1.0,1
122571,0,1,0.6756041,0
122572,1,1,0.38343924,1
122573,0,1,0.45501697,0
122574,1,1,0.99999166,1
122575,0,1,0.35863382,0
122576,0,1,0.43056625,0
122577,1,1,0.9998523,1
122578,1,0,0.050705362,0
122579,0,0,0.21791947,1
122580,0,1,0.48681945,0
122581,0,1,0.8052496,0
122582,1,1,0.967101,1
122583,1,0,0.03293013,0
122584,1,1,0.9999337,1
122585,0,1,0.510527,0
122586,0,0,0.012821213,1
122587,0,0,0.24220563,1
122588,0,0,0.12373573,1
122589,0,1,0.99995637,0
122590,1,1,0.992961,1
122591,1,1,0.99999416,1
122592,0,1,0.9281487,0
122593,1,1,0.9657061,1
122594,1,1,1.0,1
122595,1,0,0.11551098,0
122596,1,1,0.99806195,1
122597,0,0,0.044764314,1
122598,1,0,0.056913942,0
122599,1,1,0.4208971,1
122600,1,1,1.0,1
122601,1,0,0.044722572,0
122602,1,0,0.33605862,0
122603,0,0,0.28841874,1
122604,1,1,0.78464925,1
122605,1,0,0.09113915,0
122606,0,0,0.109039895,1
122607,1,1,0.99948776,1
122608,0,1,0.9974837,0
122609,1,1,0.58082765,1
122610,1,1,0.9983059,1
122611,1,1,0.99971026,1
122612,1,1,0.5788648,1
122613,1,1,0.8414352,1
122614,0,1,1.0,0
122615,0,1,0.95934516,0
122616,1,1,1.0,1
122617,1,1,0.9859634,1
122618,1,1,1.0,1
122619,0,0,0.10701679,1
122620,0,1,0.46572158,0
122621,1,0,0.09170697,0
122622,1,1,0.9999994,1
122623,1,0,0.013428254,0
122624,1,1,0.99983454,1
122625,1,0,0.027716566,0
122626,1,1,0.9999999,1
122627,0,1,0.9927812,0
122628,1,1,0.99999535,1
122629,0,0,0.028517084,1
122630,0,1,0.9999993,0
122631,1,1,0.432333,1
122632,0,1,0.78464925,0
122633,1,1,0.967225,1
122634,0,0,0.021781173,1
122635,1,0,0.3344264,0
122636,1,0,0.2703839,0
122637,0,1,0.99209267,0
122638,0,1,0.63358027,0
122639,1,1,0.9999999,1
122640,1,1,0.88856554,1
122641,1,1,0.99999964,1
122642,1,1,0.99298817,1
122643,0,1,0.92944044,0
122644,0,0,0.06669065,1
122645,1,1,0.99722075,1
122646,0,0,0.21717146,1
122647,1,1,0.99776566,1
122648,0,0,0.34444347,1
122649,0,0,0.21386933,1
122650,1,0,0.054600604,0
122651,1,1,0.99999654,1
122652,1,1,0.9999999,1
122653,1,0,0.31315714,0
122654,1,1,0.83775276,1
122655,1,1,0.99850756,1
122656,0,0,0.020351816,1
122657,1,0,0.06998537,0
122658,1,0,0.17582092,0
122659,1,0,0.09276993,0
122660,1,1,0.9999912,1
122661,0,0,0.26995066,1
122662,1,1,0.9973786,1
122663,1,1,0.97280496,1
122664,0,0,0.008560892,1
122665,0,0,0.100524865,1
122666,1,0,0.20729496,0
122667,0,1,1.0,0
122668,1,1,1.0,1
122669,0,1,0.998345,0
122670,0,1,0.597784,0
122671,1,1,0.99975365,1
122672,0,0,0.1509652,1
122673,0,0,0.04676847,1
122674,1,1,0.9999865,1
122675,0,0,0.2069742,1
122676,0,0,0.014672034,1
122677,0,1,0.9719126,0
122678,0,0,0.071202725,1
122679,0,1,0.97587764,0
122680,0,0,0.1775255,1
122681,0,0,0.34847882,1
122682,0,1,0.9846347,0
122683,0,1,0.97673583,0
122684,0,0,0.19246344,1
122685,1,1,0.9994653,1
122686,0,1,0.94757545,0
122687,0,0,0.12738101,1
122688,1,1,0.5357664,1
122689,1,0,0.13782232,0
122690,0,0,0.043204032,1
122691,1,1,0.99999917,1
122692,1,1,0.99999547,1
122693,0,1,0.72423685,0
122694,1,1,0.9992446,1
122695,0,0,0.28259197,1
122696,0,1,0.7905303,0
122697,1,1,0.99993443,1
122698,1,1,0.9448422,1
122699,1,1,1.0,1
122700,1,1,0.9999927,1
122701,1,1,0.9993538,1
122702,0,0,0.032252766,1
122703,1,1,0.9999933,1
122704,0,0,0.030157411,1
122705,0,0,0.23563562,1
122706,0,1,0.35987014,0
122707,1,0,0.31373507,0
122708,1,1,0.99999964,1
122709,0,1,0.9999931,0
122710,0,1,0.7852262,0
122711,1,1,0.896614,1
122712,0,0,0.17781086,1
122713,1,1,0.9989617,1
122714,1,1,0.997399,1
122715,1,1,0.9997347,1
122716,1,1,0.6391169,1
122717,0,0,0.0139288595,1
122718,0,1,0.9989392,0
122719,1,0,0.0876419,0
122720,1,1,0.9999609,1
122721,0,1,0.99724776,0
122722,0,0,0.12315456,1
122723,0,0,0.10105591,1
122724,0,0,0.034815192,1
122725,0,1,0.6534034,0
122726,1,1,0.9704367,1
122727,1,1,1.0,1
122728,1,1,0.9999995,1
122729,1,0,0.10447732,0
122730,0,0,0.13206616,1
122731,1,0,0.02655657,0
122732,1,0,0.19004667,0
122733,1,1,0.8928432,1
122734,1,1,0.9988167,1
122735,0,1,0.9711565,0
122736,0,1,0.9328826,0
122737,1,1,0.97856975,1
122738,1,1,0.76524264,1
122739,0,0,0.008796121,1
122740,0,0,0.025613915,1
122741,1,1,0.9910493,1
122742,0,0,0.04650795,1
122743,1,1,0.9999943,1
122744,1,1,1.0,1
122745,1,0,0.30923226,0
122746,1,1,1.0,1
122747,1,1,0.99984527,1
122748,1,0,0.2921912,0
122749,1,0,0.0028671585,0
122750,0,0,0.064535476,1
122751,0,0,0.28776783,1
122752,0,0,0.13318956,1
122753,1,1,0.99999845,1
122754,0,1,0.99938333,0
122755,1,1,0.8587186,1
122756,0,0,0.0130707845,1
122757,1,0,0.2797793,0
122758,1,1,0.99566853,1
122759,0,1,0.63051426,0
122760,0,0,0.25376853,1
122761,0,1,0.48285586,0
122762,1,1,0.9999999,1
122763,1,1,0.99987614,1
122764,1,1,0.53594863,1
122765,0,1,0.8583628,0
122766,1,1,0.9988373,1
122767,1,1,1.0,1
122768,0,1,0.47304863,0
122769,1,1,0.9431908,1
122770,1,1,1.0,1
122771,1,1,0.9999083,1
122772,0,0,0.026105914,1
122773,1,0,0.054499876,0
122774,1,0,0.19993211,0
122775,0,1,0.89715594,0
122776,0,0,0.34037557,1
122777,0,1,1.0,0
122778,0,1,0.62457985,0
122779,1,0,0.23370637,0
122780,0,0,0.3350788,1
122781,1,0,0.21206881,0
122782,0,0,0.21052274,1
122783,1,1,0.9997131,1
122784,0,0,0.0069038384,1
122785,0,0,0.14139993,1
122786,1,1,0.9997098,1
122787,0,1,0.9912717,0
122788,1,1,0.9999999,1
122789,1,1,0.9506406,1
122790,0,1,0.6391169,0
122791,1,1,1.0,1
122792,0,1,0.91648406,0
122793,1,1,0.47085828,1
122794,1,1,0.7475238,1
122795,1,1,0.99999964,1
122796,0,0,0.0793529,1
122797,1,1,0.8241791,1
122798,1,0,0.20299561,0
122799,0,0,0.057387535,1
122800,0,0,0.3241819,1
122801,1,1,0.9841546,1
122802,0,1,0.582016,0
122803,0,1,0.9724409,0
122804,1,0,0.27096224,0
122805,1,1,0.99966204,1
122806,1,1,1.0,1
122807,1,0,0.083291925,0
122808,0,0,0.039638843,1
122809,1,1,0.9999999,1
122810,1,1,0.99999976,1
122811,0,0,0.012945406,1
122812,1,1,0.99940586,1
122813,0,0,0.091382094,1
122814,1,1,0.99083894,1
122815,0,0,0.031499382,1
122816,1,1,1.0,1
122817,1,0,0.07237402,0
122818,0,1,0.4382442,0
122819,1,1,0.9998623,1
122820,1,1,0.99974185,1
122821,0,1,0.5993092,0
122822,0,0,0.24220563,1
122823,1,1,0.7631309,1
122824,1,1,0.9654789,1
122825,0,0,0.15342228,1
122826,1,1,0.99999964,1
122827,0,0,0.03551094,1
122828,0,0,0.089933,1
122829,1,1,0.9999994,1
122830,1,1,1.0,1
122831,1,1,0.99108386,1
122832,0,0,0.018959863,1
122833,0,0,0.04972728,1
122834,0,0,0.31058985,1
122835,1,0,0.010228809,0
122836,1,0,0.16545825,0
122837,0,0,0.08419108,1
122838,1,1,0.99816495,1
122839,0,1,0.99338466,0
122840,0,1,0.7744129,0
122841,1,1,0.9999999,1
122842,1,1,0.99374664,1
122843,0,1,0.93963695,0
122844,1,1,0.92924803,1
122845,1,1,0.97691274,1
122846,1,1,0.8470844,1
122847,0,1,0.992961,0
122848,1,1,0.9999999,1
122849,1,1,0.5706305,1
122850,1,1,0.653514,1
122851,1,1,0.9923638,1
122852,0,1,0.9999999,0
122853,1,0,0.09602549,0
122854,0,0,0.2986959,1
122855,1,1,0.9998134,1
122856,1,0,0.09260568,0
122857,0,1,0.9639839,0
122858,1,1,0.69008934,1
122859,0,0,0.15482274,1
122860,0,1,0.9916033,0
122861,0,1,0.3784591,0
122862,0,1,0.99999654,0
122863,1,1,0.9995703,1
122864,1,0,0.08262328,0
122865,1,1,0.9999509,1
122866,1,1,0.89715594,1
122867,1,1,0.98588216,1
122868,0,1,0.99999094,0
122869,1,1,0.99620515,1
122870,1,1,0.99262565,1
122871,0,1,0.7754348,0
122872,1,1,0.8047131,1
122873,0,1,0.4369223,0
122874,0,0,0.34054002,1
122875,1,1,0.9865458,1
122876,1,1,0.9925249,1
122877,1,1,0.99373454,1
122878,1,1,1.0,1
122879,1,0,0.09492911,0
122880,0,1,0.70715195,0
122881,1,1,1.0,1
122882,1,1,0.9999987,1
122883,1,1,0.9962419,1
122884,1,1,0.9498557,1
122885,1,1,0.97730595,1
122886,0,0,0.24716878,1
122887,1,1,0.99998355,1
122888,0,0,0.16331196,1
122889,1,1,0.9999813,1
122890,0,1,0.7053286,0
122891,0,1,0.9993255,0
122892,1,1,0.85717136,1
122893,1,1,0.6090592,1
122894,0,0,0.07779745,1
122895,0,1,0.9084556,0
122896,0,1,0.99999976,0
122897,0,1,0.43338183,0
122898,1,1,1.0,1
122899,0,1,0.840521,0
122900,1,1,0.43197352,1
122901,1,1,0.9393039,1
122902,1,0,0.21750368,0
122903,0,0,0.2982358,1
122904,0,0,0.15291561,1
122905,1,0,0.1454185,0
122906,1,0,0.048405956,0
122907,1,0,0.0362883,0
122908,1,1,0.9992312,1
122909,0,0,0.29401222,1
122910,1,0,0.1930713,0
122911,1,1,0.9999794,1
122912,1,1,0.99999774,1
122913,1,0,0.07490528,0
122914,1,0,0.0009092752,0
122915,0,0,0.34015632,1
122916,0,0,0.19744445,1
122917,1,1,0.99999917,1
122918,0,1,0.99990535,0
122919,0,0,0.25017932,1
122920,0,1,0.99739385,0
122921,1,1,0.99992096,1
122922,1,1,0.9953815,1
122923,1,1,0.999928,1
122924,0,1,0.6820975,0
122925,0,1,0.9585377,0
122926,0,0,0.050893724,1
122927,1,1,1.0,1
122928,1,0,0.13206616,0
122929,1,0,0.24812405,0
122930,0,1,0.84972197,0
122931,1,1,0.99998426,1
122932,1,1,1.0,1
122933,0,0,0.20882359,1
122934,0,1,0.998884,0
122935,0,0,0.15597628,1
122936,0,1,0.99942183,0
122937,1,1,0.5758266,1
122938,0,0,0.03839402,1
122939,0,0,0.11476479,1
122940,1,1,0.99783844,1
122941,1,0,0.03030055,0
122942,1,1,0.9976949,1
122943,1,0,0.26626188,0
122944,0,0,0.22962157,1
122945,0,0,0.23239724,1
122946,0,1,0.8110782,0
122947,1,0,0.12721826,0
122948,1,1,0.99999785,1
122949,0,1,0.35583088,0
122950,1,0,0.12069768,0
122951,1,0,0.1625129,0
122952,0,1,0.9621787,0
122953,0,1,0.41649994,0
122954,1,1,0.9005298,1
122955,1,0,0.026280278,0
122956,1,0,0.018475594,0
122957,0,1,0.46441573,0
122958,1,1,0.99975556,1
122959,1,1,0.9998529,1
122960,1,1,1.0,1
122961,1,1,0.9999987,1
122962,1,1,0.99999917,1
122963,1,0,0.11787642,0
122964,1,1,0.8587186,1
122965,1,1,0.9988752,1
122966,0,0,0.26388383,1
122967,0,0,0.032344334,1
122968,1,1,0.99858415,1
122969,0,1,0.41415823,0
122970,1,1,0.9991204,1
122971,0,0,0.24716878,1
122972,1,1,0.99517965,1
122973,0,1,0.9999616,0
122974,0,1,0.7619816,0
122975,0,0,0.036390893,1
122976,0,0,0.028490044,1
122977,1,1,0.999992,1
122978,1,1,0.9650203,1
122979,1,1,0.9990471,1
122980,1,0,0.024283867,0
122981,1,1,1.0,1
122982,1,0,0.19567093,0
122983,1,1,1.0,1
122984,1,0,0.2863189,0
122985,0,1,0.9870546,0
122986,1,1,0.9999999,1
122987,1,1,0.99502736,1
122988,0,0,0.06841291,1
122989,1,1,0.96468914,1
122990,1,1,0.99996793,1
122991,1,1,0.64349735,1
122992,1,1,0.9999995,1
122993,1,0,0.056966383,0
122994,1,1,0.40309682,1
122995,1,1,0.99998724,1
122996,1,1,0.9999975,1
122997,0,1,0.99918956,0
122998,0,0,0.06548521,1
122999,1,1,0.9709919,1
123000,1,1,1.0,1
123001,1,1,0.9654138,1
123002,0,1,0.73340416,0
123003,1,1,0.7702056,1
123004,0,1,0.6203342,0
123005,1,1,0.9999999,1
123006,0,0,0.12085323,1
123007,1,0,0.182717,0
123008,1,1,0.9983354,1
123009,1,1,0.99620515,1
123010,1,0,0.30018112,0
123011,1,0,0.26180246,0
123012,1,1,0.9658352,1
123013,0,0,0.07477004,1
123014,1,1,0.99992967,1
123015,1,1,1.0,1
123016,0,1,0.9981578,0
123017,0,0,0.12080135,1
123018,0,1,0.94694114,0
123019,1,0,0.31447145,0
123020,1,1,0.7288448,1
123021,1,1,0.6336937,1
123022,1,1,1.0,1
123023,1,1,0.99995947,1
123024,0,0,0.083142914,1
123025,0,1,0.94154674,0
123026,1,1,0.9999999,1
123027,1,0,0.021105006,0
123028,0,0,0.064653486,1
123029,1,1,0.9999999,1
123030,0,1,0.44851685,0
123031,0,1,0.63199186,0
123032,0,1,0.71118027,0
123033,0,1,0.9146726,0
123034,1,1,0.5126621,1
123035,1,1,0.99998474,1
123036,0,0,0.03317983,1
123037,1,1,0.9999814,1
123038,1,1,0.6546188,1
123039,0,1,0.67869973,0
123040,1,1,0.99986124,1
123041,1,1,0.94192183,1
123042,1,0,0.23109324,0
123043,0,1,0.734691,0
123044,0,0,0.030908957,1
123045,1,1,0.9761973,1
123046,1,1,0.9999968,1
123047,0,0,0.32815254,1
123048,1,1,0.9999678,1
123049,0,0,0.057018865,1
123050,0,1,0.99956185,0
123051,0,1,0.83128005,0
123052,0,0,0.065604836,1
123053,0,0,0.22236224,1
123054,1,1,0.52238494,1
123055,0,0,0.2752271,1
123056,1,1,0.99999964,1
123057,1,1,0.58829796,1
123058,0,1,0.9493886,0
123059,0,0,0.01566365,1
123060,0,0,0.17476209,1
123061,0,1,0.9999987,0
123062,0,1,0.9998623,0
123063,0,1,0.8879841,0
123064,1,1,0.996108,1
123065,0,0,0.07835981,1
123066,0,0,0.20537588,1
123067,1,0,0.2399722,0
123068,1,1,0.3798096,1
123069,1,1,0.91157407,1
123070,0,1,0.9534488,0
123071,1,1,1.0,1
123072,1,1,0.8482194,1
123073,0,1,0.9882449,0
123074,0,1,0.9898107,0
123075,0,0,0.0139288595,1
123076,1,1,0.45910648,1
123077,1,1,0.5615755,1
123078,1,1,0.9938788,1
123079,1,1,0.7069497,1
123080,1,1,0.9997677,1
123081,1,1,1.0,1
123082,1,1,0.9999995,1
123083,1,1,0.9998746,1
123084,1,0,0.057123974,0
123085,1,0,0.050658382,0
123086,1,1,0.9932288,1
123087,0,0,0.023599295,1
123088,1,0,0.19783162,0
123089,1,1,1.0,1
123090,1,1,0.81699115,1
123091,1,1,0.9322685,1
123092,0,0,0.07517641,1
123093,1,0,0.21477376,0
123094,1,0,0.13974822,0
123095,1,1,0.9999988,1
123096,1,0,0.029228985,0
123097,1,1,0.99993396,1
123098,1,0,0.0085278,0
123099,1,1,0.9999999,1
123100,1,1,0.9999808,1
123101,1,1,1.0,1
123102,1,1,0.9997658,1
123103,0,0,0.09947022,1
123104,1,1,0.99927634,1
123105,1,0,0.25118822,0
123106,1,1,0.99984705,1
123107,0,1,1.0,0
123108,0,0,0.020254692,1
123109,1,1,0.58829796,1
123110,0,0,0.2844269,1
123111,0,0,0.11961366,1
123112,0,1,0.86960393,0
123113,1,0,0.2374875,0
123114,1,1,0.99955314,1
123115,0,1,0.9998529,0
123116,0,0,0.005741385,1
123117,0,1,0.8993868,0
123118,1,1,0.9945201,1
123119,1,0,0.15184349,0
123120,1,0,0.1596755,0
123121,0,1,1.0,0
123122,1,1,0.6584724,1
123123,1,1,0.7394224,1
123124,1,1,0.582016,1
123125,1,1,1.0,1
123126,0,0,0.050470848,1
123127,0,1,0.99992967,0
123128,1,1,0.667527,1
123129,1,1,0.87779135,1
123130,1,0,0.050470848,0
123131,0,1,0.9842306,0
123132,1,1,0.9999994,1
123133,1,1,0.96853036,1
123134,1,1,0.59190017,1
123135,1,1,0.99999714,1
123136,1,1,1.0,1
123137,1,0,0.34356195,0
123138,1,1,0.99989367,1
123139,0,0,0.34152758,1
123140,0,1,0.7325918,0
123141,1,1,0.9999994,1
123142,1,1,0.9999976,1
123143,1,0,0.037963696,0
123144,1,1,1.0,1
123145,0,0,0.070751965,1
123146,1,1,0.99999976,1
123147,1,1,1.0,1
123148,0,0,0.19034748,1
123149,1,1,0.8671483,1
123150,1,1,0.99695444,1
123151,0,1,0.999866,0
123152,0,0,0.0018821858,1
123153,1,1,0.43818408,1
123154,1,0,0.1203871,0
123155,0,1,0.9998306,0
123156,1,1,0.94208187,1
123157,1,0,0.1466363,0
123158,1,1,0.99989486,1
123159,0,0,0.06296183,1
123160,0,0,0.053058814,1
123161,0,1,0.47347462,0
123162,0,1,1.0,0
123163,0,1,0.3548801,0
123164,1,0,0.34593338,0
123165,1,1,1.0,1
123166,0,0,0.19360435,1
123167,1,1,0.99998415,1
123168,1,1,0.99899167,1
123169,0,0,0.32594952,1
123170,1,1,0.9999893,1
123171,0,1,0.95775455,0
123172,0,0,0.23934935,1
123173,1,0,0.13892843,0
123174,0,0,0.05075239,1
123175,1,1,0.9999958,1
123176,0,0,0.05797139,1
123177,0,1,0.7995989,0
123178,0,1,0.953665,0
123179,1,0,0.103930384,0
123180,0,1,0.38711095,0
123181,1,1,0.98549646,1
123182,0,0,0.16749083,1
123183,0,1,0.90853673,0
123184,1,1,0.99356186,1
123185,0,1,0.93367314,0
123186,0,1,0.99998474,0
123187,1,1,0.9807473,1
123188,0,1,0.99911517,0
123189,1,1,0.9073123,1
123190,0,1,0.9667888,0
123191,0,0,0.29645056,1
123192,1,1,0.5353414,1
123193,1,1,0.9999403,1
123194,0,0,0.18713267,1
123195,0,1,0.879043,0
123196,0,1,0.99482024,0
123197,1,1,0.96095175,1
123198,0,0,0.23988315,1
123199,1,1,1.0,1
123200,1,1,0.98398626,1
123201,1,1,0.9899671,1
123202,1,0,0.28596976,0
123203,0,0,0.07191642,1
123204,0,0,0.004663655,1
123205,1,0,0.083291925,0
123206,0,0,0.16092427,1
123207,0,0,0.02873432,1
123208,1,1,0.99984765,1
123209,1,1,0.589421,1
123210,1,1,0.65913093,1
123211,0,1,0.9999964,0
123212,1,1,0.99808073,1
123213,1,1,0.99589807,1
123214,1,1,1.0,1
123215,1,1,0.6913932,1
123216,1,1,1.0,1
123217,0,0,0.32852942,1
123218,1,1,0.99342304,1
123219,0,1,0.4052722,0
123220,1,0,0.099820666,0
123221,1,0,0.0027362213,0
123222,0,0,0.06941548,1
123223,0,0,0.09244169,1
123224,0,1,0.62240195,0
123225,1,1,0.9999769,1
123226,1,1,0.9205043,1
123227,1,1,0.60375667,1
123228,1,1,0.6219428,1
123229,1,0,0.34593338,0
123230,0,1,0.99913067,0
123231,1,1,0.9759235,1
123232,0,1,0.8983214,0
123233,0,0,0.24283355,1
123234,1,1,0.38494104,1
123235,1,1,1.0,1
123236,1,1,0.9994568,1
123237,0,0,0.20418316,1
123238,0,1,0.97032446,0
123239,1,1,1.0,1
123240,0,0,0.020449394,1
123241,1,0,0.13006428,0
123242,0,1,0.95735765,0
123243,0,1,0.99999845,0
123244,0,0,0.0126982,1
123245,1,1,0.99999845,1
123246,1,1,0.99996936,1
123247,1,1,0.99997985,1
123248,1,1,0.73833907,1
123249,0,1,0.3592517,0
123250,1,1,0.8000679,1
123251,0,0,0.17695588,1
123252,0,0,0.22000709,1
123253,0,1,0.9986646,0
123254,1,0,0.3440026,0
123255,0,1,0.9583432,0
123256,0,0,0.029423581,1
123257,1,0,0.3437271,0
123258,0,1,0.99984765,0
123259,1,1,0.6222872,1
123260,1,1,1.0,1
123261,0,1,0.9998697,0
123262,1,1,0.9999057,1
123263,1,1,0.44354016,1
123264,1,1,0.44948328,1
123265,0,0,0.13296424,1
123266,1,0,0.24328268,0
123267,1,0,0.28776783,0
123268,1,1,0.9996594,1
123269,0,1,0.57791233,0
123270,1,1,0.9999925,1
123271,0,1,0.9980276,0
123272,1,1,0.81960475,1
123273,1,1,0.99984217,1
123274,0,1,0.8748277,0
123275,1,1,1.0,1
123276,0,1,0.9997187,0
123277,0,0,0.061875977,1
123278,1,1,0.3696848,1
123279,1,1,0.99999774,1
123280,1,1,0.8620035,1
123281,1,0,0.04418332,0
123282,1,1,1.0,1
123283,1,1,1.0,1
123284,0,1,0.9998029,0
123285,0,0,0.004070138,1
123286,0,1,0.848847,0
123287,1,1,1.0,1
123288,0,0,0.2588877,1
123289,1,0,0.07100922,0
123290,1,1,0.98439646,1
123291,1,1,1.0,1
123292,0,1,0.9899282,0
123293,1,1,0.6530716,1
123294,1,1,0.99998486,1
123295,0,0,0.12064587,1
123296,0,1,0.9882902,0
123297,0,1,0.98628414,0
123298,1,1,1.0,1
123299,1,1,0.99978346,1
123300,0,0,0.22405545,1
123301,1,1,0.9999993,1
123302,1,0,0.20938884,0
123303,1,1,0.999961,1
123304,1,1,0.9999999,1
123305,0,0,0.13178657,1
123306,1,1,0.40925032,1
123307,1,1,1.0,1
123308,1,1,0.7370162,1
123309,1,1,0.98250717,1
123310,1,0,0.13620575,0
123311,1,1,0.8975158,1
123312,1,1,0.99553156,1
123313,0,0,0.13341522,1
123314,0,0,0.079068,1
123315,0,1,0.38951752,0
123316,1,0,0.052765187,0
123317,0,1,0.8556101,0
123318,0,0,0.03471688,1
123319,0,1,0.74479556,0
123320,0,0,0.095265254,1
123321,1,0,0.010881333,0
123322,1,1,0.99991965,1
123323,0,1,0.9789755,0
123324,1,0,0.22558717,0
123325,1,1,1.0,1
123326,1,1,1.0,1
123327,1,1,0.9996111,1
123328,1,1,0.5675172,1
123329,1,1,0.9999958,1
123330,0,0,0.12830654,1
123331,1,1,0.93913656,1
123332,0,0,0.16552565,1
123333,1,1,0.9990245,1
123334,0,0,0.3205022,1
123335,1,1,0.9898892,1
123336,0,0,0.078148484,1
123337,1,1,0.96544635,1
123338,1,1,0.99998534,1
123339,0,0,0.081959546,1
123340,1,1,0.998844,1
123341,1,1,0.65902126,1
123342,0,1,0.6308555,0
123343,0,1,0.8789391,0
123344,1,0,0.15649123,0
123345,1,1,0.79565805,1
123346,1,0,0.089136936,0
123347,1,1,0.99995303,1
123348,1,1,0.99999964,1
123349,0,0,0.2852226,1
123350,0,1,0.7395165,0
123351,1,1,0.98247355,1
123352,0,1,1.0,0
123353,1,1,1.0,1
123354,1,1,0.9519527,1
123355,1,1,1.0,1
123356,1,1,1.0,1
123357,0,1,0.9602495,0
123358,1,1,0.9997508,1
123359,1,1,0.66785204,1
123360,1,1,1.0,1
123361,0,0,0.16438228,1
123362,1,1,1.0,1
123363,1,1,0.9901782,1
123364,1,1,0.9997347,1
123365,1,1,0.39580542,1
123366,1,1,0.967225,1
123367,1,0,0.00034196203,0
123368,1,1,0.96312666,1
123369,1,1,1.0,1
123370,1,1,0.999795,1
123371,0,1,0.8964329,0
123372,0,1,0.6073721,0
123373,1,1,0.9997508,1
123374,0,0,0.07094482,1
123375,1,1,0.99179614,1
123376,0,1,0.37553468,0
123377,0,0,0.28616926,1
123378,1,0,0.04340633,0
123379,0,0,0.2703839,1
123380,0,0,0.0416178,1
123381,1,1,0.9997631,1
123382,1,1,0.9999629,1
123383,0,1,0.5910153,0
123384,0,1,0.9654138,0
123385,1,0,0.30663085,0
123386,1,1,1.0,1
123387,0,0,0.10123348,1
123388,0,1,0.9706043,0
123389,1,1,1.0,1
123390,0,1,0.84208554,0
123391,0,0,0.058830604,1
123392,1,1,0.99995816,1
123393,0,0,0.021948252,1
123394,1,1,0.9999995,1
123395,0,1,0.98398626,0
123396,0,1,0.96637875,0
123397,0,1,0.7623356,0
123398,0,0,0.061762713,1
123399,0,1,0.54068136,0
123400,0,1,0.9517288,0
123401,0,0,0.044639204,1
123402,1,1,0.37934962,1
123403,1,1,0.80278754,1
123404,0,0,0.080719054,1
123405,1,1,1.0,1
123406,1,0,0.13443466,0
123407,0,0,0.112551324,1
123408,0,0,0.2748377,1
123409,0,1,0.9998977,0
123410,1,1,0.9629179,1
123411,0,0,0.09268777,1
123412,0,0,0.13840355,1
123413,0,1,0.57332015,0
123414,0,0,0.15373966,1
123415,1,1,1.0,1
123416,1,0,0.27727723,0
123417,1,1,0.9914556,1
123418,1,1,0.99998796,1
123419,1,1,1.0,1
123420,0,1,0.81960475,0
123421,1,1,0.99998355,1
123422,1,1,1.0,1
123423,0,0,0.03839402,1
123424,0,1,0.3551037,0
123425,0,0,0.08509905,1
123426,1,1,0.97032446,1
123427,0,0,0.26440585,1
123428,1,1,0.99386686,1
123429,1,0,0.10374862,0
123430,1,1,0.99586606,1
123431,0,1,0.5628975,0
123432,1,0,0.13951358,0
123433,0,0,0.18535665,1
123434,0,0,0.032405518,1
123435,1,1,1.0,1
123436,0,0,0.013982613,1
123437,1,1,0.93581736,1
123438,1,1,0.6244653,1
123439,1,1,0.799129,1
123440,1,1,0.9986541,1
123441,0,1,0.99992156,0
123442,0,0,0.056392044,1
123443,1,1,1.0,1
123444,0,1,0.6811438,0
123445,0,1,0.99624926,0
123446,0,1,0.97280496,0
123447,1,1,0.99994457,1
123448,1,1,0.99813604,1
123449,1,1,0.60141796,1
123450,1,0,0.25552937,0
123451,1,1,1.0,1
123452,1,1,0.9951325,1
123453,1,1,0.9701552,1
123454,1,1,0.99178034,1
123455,0,1,0.9996947,0
123456,1,1,1.0,1
123457,0,0,0.05834584,1
123458,1,1,0.9998702,1
123459,0,0,0.043528132,1
123460,1,1,1.0,1
123461,1,0,0.18728127,0
123462,1,1,0.8193158,1
123463,0,0,0.30018112,1
123464,1,0,0.057387535,0
123465,1,1,1.0,1
123466,1,1,1.0,1
123467,1,1,0.9995995,1
123468,0,1,0.49926758,0
123469,1,1,0.86499614,1
123470,1,1,0.9994116,1
123471,1,1,0.9621787,1
123472,0,1,0.38214144,0
123473,0,0,0.12825193,1
123474,0,0,0.06244529,1
123475,1,1,0.99999976,1
123476,1,1,0.9999999,1
123477,1,1,1.0,1
123478,1,0,0.27810973,0
123479,1,1,0.9928092,1
123480,0,0,0.094426885,1
123481,1,1,0.4673925,1
123482,0,1,0.53528064,0
123483,0,0,0.34185708,1
123484,1,1,0.9992519,1
123485,0,0,0.03085051,1
123486,1,0,0.009764972,0
123487,0,1,0.99568534,0
123488,0,0,0.011201213,1
123489,0,1,0.99997926,0
123490,0,0,0.111724876,1
123491,0,0,0.2424746,1
123492,1,1,0.99990356,1
123493,0,0,0.06489012,1
123494,0,1,0.9978636,0
123495,0,0,0.07913913,1
123496,1,1,0.9999995,1
123497,1,1,1.0,1
123498,1,1,0.9998505,1
123499,1,1,0.99946004,1
123500,1,1,0.9999994,1
123501,0,0,0.0079997545,1
123502,1,1,0.9993228,1
123503,0,0,0.21060391,1
123504,0,0,0.09679113,1
123505,0,1,0.7253083,0
123506,1,1,0.9999982,1
123507,1,0,0.105948284,0
123508,1,1,0.6948723,1
123509,0,0,0.13072868,1
123510,1,1,0.99999964,1
123511,1,1,0.99744415,1
123512,1,1,0.9129808,1
123513,1,1,0.97610646,1
123514,1,1,0.99999917,1
123515,0,1,0.7096735,0
123516,0,1,0.99756086,0
123517,1,1,0.999926,1
123518,1,1,0.9772191,1
123519,1,0,0.317585,0
123520,1,1,0.99584997,1
123521,1,1,0.84038997,1
123522,1,1,1.0,1
123523,1,1,0.9914722,1
123524,1,1,0.36347744,1
123525,1,1,1.0,1
123526,0,1,1.0,0
123527,1,1,0.7995989,1
123528,1,1,0.99999964,1
123529,0,1,0.9484895,0
123530,1,0,0.15520647,0
123531,0,0,0.15726623,1
123532,0,1,0.98327893,0
123533,0,1,1.0,0
123534,0,0,0.124851815,1
123535,0,1,0.3826027,0
123536,1,1,0.9999994,1
123537,0,0,0.06365676,1
123538,0,0,0.20513694,1
123539,0,0,0.020744892,1
123540,0,1,0.99994934,0
123541,1,1,1.0,1
123542,0,0,0.055566337,1
123543,0,1,0.9445361,0
123544,1,1,1.0,1
123545,1,1,0.96628344,1
123546,0,0,0.041812986,1
123547,1,1,0.9996679,1
123548,1,1,0.9924959,1
123549,0,0,0.19597848,1
123550,1,1,0.67613894,1
123551,1,1,0.9999703,1
123552,1,1,1.0,1
123553,1,1,0.98920244,1
123554,1,0,0.020042615,0
123555,1,0,0.182717,0
123556,0,0,0.111627996,1
123557,1,1,0.9982522,1
123558,1,1,0.99941957,1
123559,0,1,0.83575183,0
123560,1,0,0.14217234,0
123561,0,0,0.114963345,1
123562,0,1,0.9868787,0
123563,0,1,0.4673925,0
123564,1,1,0.9968335,1
123565,1,1,0.9998233,1
123566,0,1,0.7236513,0
123567,0,1,0.9996587,0
123568,0,0,0.12362991,1
123569,1,0,0.16599831,0
123570,1,1,0.9997843,1
123571,0,0,0.12179017,1
123572,0,0,0.06330841,1
123573,0,0,0.12885365,1
123574,1,0,0.02660711,0
123575,1,0,0.08321738,0
123576,1,0,0.13443466,0
123577,1,0,0.22764099,0
123578,1,1,0.88252914,1
123579,1,1,0.99984276,1
123580,0,1,0.73829186,0
123581,1,1,0.9997584,1
123582,1,1,0.9991135,1
123583,0,0,0.12765263,1
123584,1,0,0.28502354,0
123585,1,1,0.99999976,1
123586,1,1,0.9999994,1
123587,1,1,0.90105337,1
123588,0,1,0.9999962,0
123589,1,0,0.2552508,0
123590,0,1,0.9913223,0
123591,1,0,0.1496556,0
123592,1,1,0.99995255,1
123593,0,1,0.40277377,0
123594,0,1,0.4754531,0
123595,0,1,0.9269014,0
123596,1,1,0.99994373,1
123597,1,1,0.94839406,1
123598,1,1,0.99999964,1
123599,1,1,0.9999858,1
123600,1,0,0.09033343,0
123601,0,0,0.098772585,1
123602,0,0,0.25275272,1
123603,1,1,0.9987381,1
123604,1,1,0.9999999,1
123605,1,1,0.99986494,1
123606,1,1,0.9255671,1
123607,0,1,0.99693066,0
123608,0,0,0.29214072,1
123609,0,0,0.10999224,1
123610,0,1,0.75082695,0
123611,1,1,1.0,1
123612,0,0,0.004416556,1
123613,0,1,0.9999919,0
123614,0,1,0.99966,0
123615,0,0,0.026733862,1
123616,0,1,0.9953994,0
123617,0,1,0.99999344,0
123618,1,0,0.035012625,0
123619,0,1,0.9706043,0
123620,1,1,0.9999993,1
123621,1,1,0.9999987,1
123622,1,1,0.9228308,1
123623,0,1,0.99609274,0
123624,0,0,0.20979328,1
123625,1,0,0.059101548,0
123626,1,1,0.8653379,1
123627,0,1,0.83237296,0
123628,0,0,0.06325052,1
123629,1,1,0.99998224,1
123630,1,1,0.9434519,1
123631,0,1,0.9999788,0
123632,1,1,1.0,1
123633,0,1,0.5676969,0
123634,1,1,0.9999858,1
123635,0,0,0.017061688,1
123636,1,1,0.46441573,1
123637,1,1,0.94767237,1
123638,0,1,0.93385434,0
123639,0,1,0.9614615,0
123640,0,0,0.058722552,1
123641,1,1,1.0,1
123642,1,1,0.99932814,1
123643,0,0,0.030243218,1
123644,1,1,0.5633179,1
123645,0,0,0.13443466,1
123646,1,0,0.2907794,0
123647,0,1,0.9984207,0
123648,0,0,0.10132237,1
123649,0,0,0.081154905,1
123650,0,1,0.9999814,0
123651,1,0,0.20497774,0
123652,1,0,0.24725968,0
123653,0,0,0.27115518,1
123654,1,1,0.99999976,1
123655,1,1,0.9992549,1
123656,0,0,0.20394525,1
123657,0,0,0.033399824,1
123658,1,1,0.98546845,1
123659,0,1,0.5596511,0
123660,0,0,0.059101548,1
123661,0,1,0.99821436,0
123662,0,1,0.7489954,0
123663,0,0,0.09518112,1
123664,0,0,0.0212264,1
123665,0,1,0.8668104,0
123666,0,0,0.06441766,1
123667,1,0,0.09227797,0
123668,0,1,0.999972,0
123669,1,1,0.99989283,1
123670,1,1,0.99959785,1
123671,1,1,0.9998932,1
123672,0,0,0.093512304,1
123673,0,0,0.093181714,1
123674,1,1,0.7105781,1
123675,0,0,0.03760863,1
123676,0,1,0.86545163,0
123677,1,0,0.16572809,0
123678,1,1,1.0,1
123679,1,1,0.9999331,1
123680,0,1,0.5245774,0
123681,0,1,0.9999776,0
123682,0,0,0.23005375,1
123683,1,1,1.0,1
123684,0,0,0.03879259,1
123685,1,1,0.35599878,1
123686,0,0,0.15084006,1
123687,0,1,0.61132395,0
123688,1,1,0.99999964,1
123689,1,1,1.0,1
123690,1,0,0.061875977,0
123691,1,1,0.9998702,1
123692,0,0,0.053849373,1
123693,1,1,0.7031929,1
123694,1,1,0.99939287,1
123695,1,1,0.9761973,1
123696,1,1,0.9883802,1
123697,0,1,0.99731135,0
123698,1,0,0.111821815,0
123699,0,0,0.0770997,1
123700,0,1,0.99999845,0
123701,0,1,0.39256966,0
123702,1,1,0.94127744,1
123703,0,1,0.7927853,0
123704,0,0,0.08108211,1
123705,0,1,0.79565805,0
123706,1,1,0.5519964,1
123707,0,1,0.54649615,0
123708,1,0,0.34257153,0
123709,0,1,0.9877351,0
123710,0,1,0.9997677,0
123711,1,1,1.0,1
123712,0,0,0.2799269,1
123713,0,1,0.9955403,0
123714,1,1,0.9152046,1
123715,0,1,0.9841851,0
123716,1,1,0.976513,1
123717,0,0,0.025298966,1
123718,1,0,0.21816924,0
123719,1,1,0.5452857,1
123720,1,1,0.9999999,1
123721,1,1,0.9999995,1
123722,0,1,0.92455155,0
123723,0,0,0.06136777,1
123724,1,1,0.99521697,1
123725,1,1,0.99995315,1
123726,1,0,0.05749328,0
123727,0,1,0.5439536,0
123728,1,0,0.04324442,0
123729,0,0,0.08108211,1
123730,0,1,0.8490974,0
123731,1,1,0.99999535,1
123732,1,1,0.99999976,1
123733,1,1,0.99813974,1
123734,0,0,0.11392417,1
123735,1,1,0.9964551,1
123736,0,1,0.8224745,0
123737,0,0,0.17455095,1
123738,0,1,0.9734181,0
123739,1,1,0.99318933,1
123740,0,0,0.09833879,1
123741,1,1,0.9807288,1
123742,1,1,0.99998283,1
123743,1,1,0.99999595,1
123744,0,1,0.9070655,0
123745,1,1,0.8596637,1
123746,0,0,0.09309923,1
123747,1,1,0.91985875,1
123748,1,1,0.9998097,1
123749,1,1,0.9999999,1
123750,1,1,0.9888419,1
123751,1,1,0.999998,1
123752,1,1,1.0,1
123753,0,1,0.9940544,0
123754,0,0,0.11124121,1
123755,1,1,0.9999999,1
123756,0,1,0.5926666,0
123757,1,1,0.99966264,1
123758,0,0,0.24006127,1
123759,1,0,0.06394842,0
123760,0,0,0.17688479,1
123761,0,0,0.1969034,1
123762,0,0,0.06572467,1
123763,0,1,0.9996402,0
123764,1,1,0.99723166,1
123765,1,1,0.9933589,1
123766,1,1,0.999944,1
123767,1,1,1.0,1
123768,0,1,0.98215127,0
123769,1,0,0.1304515,0
123770,0,1,0.92892635,0
123771,1,1,0.99961925,1
123772,0,1,0.8949732,0
123773,1,1,0.9999069,1
123774,0,1,0.95565146,0
123775,1,1,1.0,1
123776,1,1,0.99998295,1
123777,1,1,0.917746,1
123778,1,1,0.9999999,1
123779,1,1,0.6258384,1
123780,0,1,0.8804891,0
123781,1,1,1.0,1
123782,1,1,1.0,1
123783,0,1,0.3566707,0
123784,1,1,0.99999046,1
123785,1,1,0.99999964,1
123786,1,0,0.08277145,0
123787,1,1,0.999998,1
123788,0,0,0.1407491,1
123789,1,1,0.99827933,1
123790,1,1,0.9999999,1
123791,0,0,0.31001508,1
123792,0,1,0.99746394,0
123793,1,1,0.35164496,1
123794,1,0,0.118998006,0
123795,1,1,1.0,1
123796,1,1,0.8253083,1
123797,1,1,0.937669,1
123798,0,1,1.0,0
123799,1,1,0.98977125,1
123800,1,1,0.99494946,1
123801,1,1,1.0,1
123802,0,0,0.09244169,1
123803,1,1,0.9907499,1
123804,0,1,0.89688534,0
123805,0,1,0.9997459,0
123806,0,0,0.2588877,1
123807,1,0,0.091382094,0
123808,1,1,0.9999988,1
123809,1,0,0.09842541,0
123810,1,1,0.53977174,1
123811,0,0,0.0586686,1
123812,0,1,0.99953544,0
123813,0,1,0.91173136,0
123814,0,0,0.091058284,1
123815,1,0,0.04084572,0
123816,1,1,0.986904,1
123817,0,1,0.99997437,0
123818,1,1,1.0,1
123819,1,1,0.9393595,1
123820,0,1,0.9940428,0
123821,0,1,0.84733725,0
123822,0,1,0.9926684,0
123823,0,1,0.99998295,0
123824,0,1,0.9993135,0
123825,0,1,0.45265692,0
123826,1,1,1.0,1
123827,1,1,0.99984705,1
123828,0,0,0.27425417,1
123829,1,1,0.86838096,1
123830,1,1,0.99601597,1
123831,1,0,0.061649624,0
123832,1,1,1.0,1
123833,0,1,0.99999475,0
123834,1,1,0.9999981,1
123835,0,0,0.27879643,1
123836,1,1,0.99999964,1
123837,1,0,0.047293693,0
123838,0,0,0.10941996,1
123839,0,0,0.2608599,1
123840,1,1,0.9704926,1
123841,1,1,0.9999988,1
123842,1,1,0.99999726,1
123843,1,1,0.53837657,1
123844,0,0,0.042166542,1
123845,0,0,0.1867616,1
123846,0,1,0.9629877,0
123847,0,0,0.33676717,1
123848,0,1,0.38606885,0
123849,1,1,0.99999845,1
123850,1,1,0.91767234,1
123851,1,1,0.9953904,1
123852,0,1,0.9997631,0
123853,1,1,0.99999654,1
123854,0,0,0.24059613,1
123855,1,0,0.21469142,0
123856,1,0,0.00017197855,0
123857,1,0,0.123841666,0
123858,1,1,1.0,1
123859,1,1,1.0,1
123860,1,1,0.99978846,1
123861,0,1,0.9026096,0
123862,0,1,0.9913892,0
123863,1,0,0.06822642,0
123864,0,0,0.21850257,1
123865,0,1,1.0,0
123866,1,1,0.9999994,1
123867,0,0,0.008864498,1
123868,1,1,0.9540518,1
123869,1,1,0.80821866,1
123870,1,0,2.3644798e-05,0
123871,1,1,0.46323177,1
123872,0,1,0.44927183,0
123873,1,1,0.99996173,1
123874,1,0,0.102484226,0
123875,1,1,0.99442345,1
123876,0,0,0.08225394,1
123877,0,1,0.88582915,0
123878,1,1,0.9999999,1
123879,0,0,0.06785488,1
123880,1,1,1.0,1
123881,1,0,0.33247292,0
123882,0,1,0.7761143,0
123883,0,0,0.010130412,1
123884,1,0,0.19551727,0
123885,1,1,0.9842002,1
123886,0,1,0.91730267,0
123887,0,0,0.011050794,1
123888,0,1,0.5979014,0
123889,0,1,0.9858549,0
123890,1,1,0.9511876,1
123891,0,1,0.993255,0
123892,1,0,0.15752526,0
123893,0,0,0.09293445,1
123894,1,1,0.9999963,1
123895,0,1,0.40195188,0
123896,0,0,0.109039895,1
123897,1,1,0.9994967,1
123898,1,0,0.14027737,0
123899,0,0,0.020004287,1
123900,0,0,0.09679113,1
123901,1,1,1.0,1
123902,0,0,0.14169659,1
123903,0,0,0.10017222,1
123904,1,1,0.99442345,1
123905,1,0,0.0041099153,0
123906,1,1,0.9692369,1
123907,1,1,1.0,1
123908,1,0,0.28731766,0
123909,1,1,1.0,1
123910,1,1,1.0,1
123911,0,1,0.65770334,0
123912,1,1,0.99374664,1
123913,0,1,0.4013945,0
123914,1,1,1.0,1
123915,1,1,0.99931085,1
123916,1,1,1.0,1
123917,1,0,0.064535476,0
123918,1,1,0.87610537,1
123919,0,1,0.98518616,0
123920,0,1,0.5049437,0
123921,0,0,0.19613242,1
123922,1,1,0.42083755,1
123923,0,0,0.30131063,1
123924,1,1,0.99916065,1
123925,0,1,0.9983026,0
123926,1,1,1.0,1
123927,1,1,0.99997926,1
123928,1,1,0.9953454,1
123929,0,0,0.10604083,1
123930,0,0,0.0139288595,1
123931,0,1,0.87831426,0
123932,0,0,0.10230471,1
123933,1,0,0.22397058,0
123934,0,0,0.16033176,1
123935,1,1,0.99756086,1
123936,0,0,0.052570295,1
123937,1,0,0.11279541,0
123938,1,1,0.88463855,1
123939,0,1,0.98739934,0
123940,1,1,0.9999635,1
123941,1,1,0.9999999,1
123942,0,0,0.02532306,1
123943,1,1,0.99975175,1
123944,0,1,0.994729,0
123945,1,1,1.0,1
123946,1,1,0.82318634,1
123947,0,0,0.15393034,1
123948,1,1,0.99974686,1
123949,1,1,0.7826625,1
123950,0,0,0.22219339,1
123951,1,1,0.772359,1
123952,1,0,0.034880888,0
123953,1,0,0.032558974,0
123954,0,0,0.23908274,1
123955,1,1,0.99999917,1
123956,0,0,0.31053752,1
123957,1,0,0.064830884,0
123958,1,1,0.96232057,1
123959,1,1,0.921499,1
123960,0,1,0.6204492,0
123961,0,1,0.79581684,0
123962,0,0,0.086323485,1
123963,1,1,0.99999976,1
123964,1,1,1.0,1
123965,0,1,0.9876401,0
123966,0,1,0.98375374,0
123967,0,0,0.27850202,1
123968,1,1,0.9999999,1
123969,1,1,0.99846625,1
123970,1,0,0.03378023,0
123971,0,1,0.9132906,0
123972,0,0,0.0640069,1
123973,0,0,0.1834473,1
123974,1,1,0.9999734,1
123975,1,1,0.99999774,1
123976,1,1,0.82824534,1
123977,1,1,0.99675864,1
123978,1,1,0.99999976,1
123979,1,1,0.99980205,1
123980,0,1,0.97828114,0
123981,0,0,0.06614567,1
123982,0,1,0.945248,0
123983,0,0,0.1154611,1
123984,1,0,0.0011740823,0
123985,1,1,0.99999917,1
123986,1,0,0.1444503,0
123987,1,1,0.9999999,1
123988,0,1,0.99998367,0
123989,0,0,0.010150015,1
123990,1,1,0.97828114,1
123991,1,1,1.0,1
123992,1,1,0.99703634,1
123993,1,1,0.37496233,1
123994,0,0,0.0385747,1
123995,1,1,1.0,1
123996,1,0,0.1305623,0
123997,0,1,0.9977083,0
123998,1,1,1.0,1
123999,0,1,0.44269672,0
124000,0,1,0.36605135,0
124001,1,1,1.0,1
124002,0,1,0.52774245,0
124003,1,1,0.55048656,1
124004,0,1,0.99997544,0
124005,0,1,0.9781563,0
124006,0,1,0.5987229,0
124007,0,1,0.41383246,0
124008,1,1,0.97254544,1
124009,0,1,0.3800109,0
124010,0,1,0.40239212,0
124011,1,1,1.0,1
124012,0,1,0.4998169,0
124013,1,1,0.99998844,1
124014,0,0,0.004991961,1
124015,1,0,0.018334452,0
124016,0,0,0.15947905,1
124017,0,1,0.8653379,0
124018,1,1,0.99999595,1
124019,0,0,0.30741,1
124020,0,0,0.33198544,1
124021,1,0,0.08953418,0
124022,0,1,0.99664956,0
124023,1,1,0.93645954,1
124024,0,0,0.035745807,1
124025,1,1,0.9813107,1
124026,0,1,0.9997241,0
124027,0,1,0.99994004,0
124028,0,0,0.047958106,1
124029,1,1,0.9999747,1
124030,0,1,0.68883485,0
124031,1,1,0.37233403,1
124032,0,1,0.68810177,0
124033,1,1,1.0,1
124034,1,1,0.9999305,1
124035,1,1,1.0,1
124036,1,0,0.035644967,0
124037,1,0,0.047293693,0
124038,0,1,0.9999385,0
124039,1,0,0.22901753,0
124040,1,1,0.9739189,1
124041,1,1,0.35186765,1
124042,1,1,0.9999968,1
124043,1,0,0.34054002,0
124044,0,0,0.17092276,1
124045,0,1,0.99456257,0
124046,1,1,0.5990747,1
124047,0,1,0.9998741,0
124048,1,0,0.19713515,0
124049,0,1,0.37130755,0
124050,1,1,0.9408984,1
124051,1,0,0.19132766,0
124052,0,1,0.97933435,0
124053,1,0,0.007591943,0
124054,0,0,0.090092994,1
124055,0,1,0.98481095,0
124056,0,1,0.9888204,0
124057,1,1,0.5198565,1
124058,0,1,0.99193794,0
124059,1,1,0.9993228,1
124060,1,1,0.57731664,1
124061,1,1,1.0,1
124062,1,1,0.9429286,1
124063,0,1,0.94639885,0
124064,0,1,0.9999691,0
124065,1,1,0.98067343,1
124066,1,1,0.9950659,1
124067,1,1,0.9984176,1
124068,0,1,0.9471371,0
124069,1,1,1.0,1
124070,1,1,0.99991584,1
124071,0,0,0.14847884,1
124072,1,1,0.9997075,1
124073,0,0,0.060363002,1
124074,1,1,0.5386799,1
124075,1,0,0.021656675,0
124076,0,1,0.9129032,0
124077,0,1,0.8508408,0
124078,1,1,0.9876401,1
124079,0,0,0.00798427,1
124080,1,1,0.41747925,1
124081,1,1,0.9207897,1
124082,0,0,0.061649624,1
124083,1,1,1.0,1
124084,1,1,0.99554896,1
124085,1,1,1.0,1
124086,0,1,0.5795789,0
124087,0,1,0.6169935,0
124088,1,1,0.9999943,1
124089,0,1,0.92007446,0
124090,0,1,0.74377334,0
124091,1,1,0.98050606,1
124092,0,1,0.8596637,0
124093,1,0,0.282493,0
124094,1,1,0.67281556,1
124095,1,1,0.99724233,1
124096,1,0,0.061255362,0
124097,1,1,0.9951984,1
124098,1,1,0.7521036,1
124099,0,1,0.99995303,0
124100,0,0,0.29138398,1
124101,0,0,0.3271307,1
124102,1,0,0.004190637,0
124103,1,1,1.0,1
124104,0,1,0.58367807,0
124105,0,1,0.9999145,0
124106,1,1,0.99998105,1
124107,1,0,0.0703677,0
124108,1,1,0.9962638,1
124109,1,0,0.29386023,0
124110,0,1,0.9998005,0
124111,1,1,0.99962807,1
124112,1,0,0.04954302,0
124113,1,1,0.45640975,1
124114,0,0,0.19185705,1
124115,1,0,0.004248079,0
124116,1,0,0.042009052,0
124117,0,0,0.15209518,1
124118,1,0,0.24926446,0
124119,1,0,0.2978783,0
124120,0,0,0.092359796,1
124121,0,1,0.91543174,0
124122,0,1,0.97885466,0
124123,0,0,0.026380423,1
124124,1,1,0.99890125,1
124125,1,1,0.9895716,1
124126,1,1,0.69040257,1
124127,0,1,0.7091702,0
124128,0,0,0.30808613,1
124129,1,1,0.9999999,1
124130,0,1,0.48663646,0
124131,0,1,0.9999981,0
124132,0,0,0.12635334,1
124133,0,0,0.030792164,1
124134,1,1,1.0,1
124135,1,0,0.17852582,0
124136,1,1,0.99993217,1
124137,1,1,0.92762595,1
124138,1,1,0.99972194,1
124139,0,1,0.8054792,0
124140,0,1,0.6542875,0
124141,0,1,0.60264635,0
124142,0,0,0.26265267,1
124143,0,1,0.99014014,0
124144,0,0,0.3396633,1
124145,1,1,1.0,1
124146,0,1,0.5231768,0
124147,0,1,0.9931629,0
124148,1,1,0.9998845,1
124149,0,1,0.9964825,0
124150,0,0,0.122891165,1
124151,0,1,0.38191092,0
124152,1,1,0.7326396,1
124153,1,0,0.06365676,0
124154,0,0,0.018176932,1
124155,0,0,0.2018919,1
124156,1,1,0.999997,1
124157,1,1,0.9951514,1
124158,1,1,1.0,1
124159,1,1,1.0,1
124160,1,1,0.99999976,1
124161,0,1,0.9046505,0
124162,1,1,0.9999745,1
124163,0,0,0.04977345,1
124164,0,1,0.9914722,0
124165,1,0,0.08173938,0
124166,1,0,0.02973191,0
124167,1,1,0.9964342,1
124168,1,1,0.88353777,1
124169,1,1,0.9996673,1
124170,1,1,0.9999969,1
124171,1,1,1.0,1
124172,1,1,0.9991013,1
124173,1,1,0.9999999,1
124174,0,1,0.98866826,0
124175,1,1,0.99896574,1
124176,0,1,0.56553864,0
124177,0,1,0.96073127,0
124178,0,1,0.72316283,0
124179,1,0,0.121320926,0
124180,1,1,0.99983966,1
124181,0,1,0.43839446,0
124182,1,1,0.999985,1
124183,1,1,0.9997565,1
124184,1,0,0.02961943,0
124185,1,1,0.9999938,1
124186,0,1,0.95987505,0
124187,1,1,0.9999342,1
124188,1,1,1.0,1
124189,1,1,1.0,1
124190,1,1,0.9999999,1
124191,0,0,0.03715183,1
124192,0,1,0.47277474,0
124193,0,0,0.119871,1
124194,1,0,0.047118004,0
124195,1,0,0.18330103,0
124196,1,0,0.16913125,0
124197,1,0,0.068040416,0
124198,1,0,0.1305069,0
124199,1,1,1.0,1
124200,0,1,0.5946689,0
124201,1,1,0.88543355,1
124202,1,1,0.7791538,1
124203,1,1,0.99989605,1
124204,0,1,0.5267688,0
124205,0,0,0.23686911,1
124206,0,1,0.9471371,0
124207,1,1,1.0,1
124208,1,1,0.74747777,1
124209,0,1,0.9180404,0
124210,0,0,0.10511863,1
124211,0,0,0.010052368,1
124212,0,0,0.14798562,1
124213,1,1,0.9493886,1
124214,0,1,0.38618457,0
124215,1,1,1.0,1
124216,1,1,1.0,1
124217,0,0,0.10734387,1
124218,0,1,0.99996006,0
124219,0,0,0.004331502,1
124220,1,0,0.085403666,0
124221,0,1,0.8384153,0
124222,1,1,0.8576489,1
124223,1,1,1.0,1
124224,0,1,0.9891187,0
124225,0,0,0.023576804,1
124226,0,0,0.24220563,1
124227,0,0,0.31700325,1
124228,1,0,0.34698373,0
124229,1,1,0.9999995,1
124230,1,1,0.9998029,1
124231,1,0,0.05094091,0
124232,0,0,0.008864498,1
124233,1,1,1.0,1
124234,0,1,0.99999905,0
124235,0,1,0.8829335,0
124236,0,1,0.76171577,0
124237,1,0,0.09990845,0
124238,1,0,0.13951358,0
124239,1,0,0.3361676,0
124240,0,0,0.09195129,1
124241,0,0,0.12738101,1
124242,0,1,0.9035498,0
124243,1,1,0.9636776,1
124244,0,1,0.9646226,0
124245,1,1,0.89488137,1
124246,1,1,0.9999422,1
124247,0,0,0.106411695,1
124248,0,1,1.0,0
124249,0,1,0.4487282,0
124250,0,0,0.03207038,1
124251,1,0,0.0007554055,0
124252,0,0,0.18929619,1
124253,1,1,0.9471371,1
124254,0,0,0.13620575,1
124255,1,1,0.9999465,1
124256,0,0,0.26764736,1
124257,0,0,0.16404721,1
124258,0,1,1.0,0
124259,1,0,0.025202822,0
124260,1,1,0.7403621,1
124261,0,1,0.9940428,0
124262,1,1,1.0,1
124263,0,1,0.8136089,0
124264,0,0,0.021948252,1
124265,0,0,0.017526364,1
124266,1,1,1.0,1
124267,0,1,0.88602656,0
124268,1,1,0.9999615,1
124269,0,0,0.0275591,1
124270,1,0,0.15482274,0
124271,1,1,0.9999577,1
124272,1,1,0.9974039,1
124273,0,1,0.9890131,0
124274,1,1,0.59966093,1
124275,1,1,0.99999845,1
124276,0,0,0.14366761,1
124277,1,1,1.0,1
124278,0,1,0.99371004,0
124279,0,1,0.9332485,0
124280,1,1,0.8984105,1
124281,1,1,0.96185756,1
124282,0,1,0.99964166,0
124283,1,1,0.5191557,1
124284,1,1,0.99999726,1
124285,1,1,0.97881407,1
124286,0,0,0.039601684,1
124287,0,1,0.39350155,0
124288,0,0,0.19110113,1
124289,1,1,1.0,1
124290,1,1,1.0,1
124291,1,1,0.9813286,1
124292,1,1,0.9999962,1
124293,0,1,0.7376309,0
124294,1,1,0.52768165,1
124295,0,1,0.39321026,0
124296,1,1,1.0,1
124297,1,0,0.11397346,0
124298,1,1,1.0,1
124299,1,1,0.9713746,1
124300,0,1,0.50482166,0
124301,1,1,0.91920847,1
124302,0,1,0.9664738,0
124303,0,1,0.9979493,0
124304,0,1,0.58634526,0
124305,1,1,1.0,1
124306,1,1,0.49139488,1
124307,1,0,0.15361264,0
124308,1,1,0.9913726,1
124309,0,0,0.24990462,1
124310,1,1,1.0,1
124311,0,0,0.25673878,1
124312,1,0,0.029563345,0
124313,0,1,0.37233403,0
124314,1,1,0.7442383,1
124315,0,1,0.9975177,0
124316,1,1,1.0,1
124317,1,1,0.99766326,1
124318,0,1,0.9572378,0
124319,1,1,0.99999964,1
124320,0,0,0.018743115,1
124321,1,1,1.0,1
124322,1,1,0.89469755,1
124323,0,1,0.661431,0
124324,1,1,0.99817204,1
124325,1,1,0.9205043,1
124326,0,0,0.33014718,1
124327,0,1,0.77218723,0
124328,1,1,0.99999475,1
124329,1,0,0.06935241,0
124330,1,1,0.97494066,1
124331,1,1,1.0,1
124332,0,1,0.8307315,0
124333,0,0,0.04518376,1
124334,1,1,0.99588215,1
124335,0,0,0.2032327,1
124336,1,1,1.0,1
124337,1,1,0.9999957,1
124338,1,0,0.13828714,0
124339,0,1,0.9986249,0
124340,0,0,0.25543654,1
124341,1,1,0.99903023,1
124342,0,1,0.3692298,0
124343,1,1,0.999985,1
124344,1,1,0.99978346,1
124345,1,1,1.0,1
124346,1,0,0.10284408,0
124347,1,1,1.0,1
124348,1,0,0.05608106,0
124349,0,1,0.36026394,0
124350,0,1,0.44996658,0
124351,1,0,0.18090117,0
124352,0,1,0.9045662,0
124353,1,0,0.057123974,0
124354,1,1,0.99991846,1
124355,0,1,0.8625833,0
124356,0,0,0.34609917,1
124357,0,0,0.06296183,1
124358,0,1,0.77670765,0
124359,0,1,0.9987503,0
124360,1,1,1.0,1
124361,1,1,1.0,1
124362,1,1,0.9982827,1
124363,0,0,0.11676401,1
124364,0,0,0.114665605,1
124365,1,1,1.0,1
124366,1,1,0.99998343,1
124367,1,1,0.9999896,1
124368,1,1,0.9999919,1
124369,0,1,0.820757,0
124370,0,0,0.2971639,1
124371,1,1,0.99979013,1
124372,1,1,1.0,1
124373,1,1,0.92892635,1
124374,0,1,0.96521765,0
124375,0,1,0.9999839,0
124376,0,1,0.99173236,0
124377,1,1,0.5316045,1
124378,1,1,0.99854493,1
124379,0,0,0.09816574,1
124380,1,1,0.99757034,1
124381,0,0,0.18735561,1
124382,1,1,0.9987381,1
124383,1,1,0.9347534,1
124384,0,1,0.99306935,0
124385,1,1,0.99999976,1
124386,0,0,0.12278593,1
124387,1,1,0.99988675,1
124388,1,1,0.99999976,1
124389,0,1,0.9999981,0
124390,1,1,0.9999856,1
124391,0,0,0.1365508,1
124392,0,1,0.73654276,0
124393,1,1,0.9996331,1
124394,1,1,0.5481898,1
124395,0,1,0.99996424,0
124396,1,1,0.7230651,1
124397,0,0,0.182717,1
124398,1,1,0.99999833,1
124399,1,1,0.9977482,1
124400,1,1,0.79182106,1
124401,1,1,0.99999964,1
124402,0,0,0.22678365,1
124403,1,1,0.9576358,1
124404,1,1,0.997414,1
124405,1,1,0.99960107,1
124406,0,1,0.9792947,0
124407,1,1,0.9848984,1
124408,0,0,0.0125279315,1
124409,0,1,0.9971717,0
124410,0,1,0.5377697,0
124411,0,0,0.21485612,1
124412,0,1,0.59690315,0
124413,1,1,0.99411184,1
124414,1,1,0.44143218,1
124415,1,1,1.0,1
124416,1,0,0.06296183,0
124417,1,0,0.077447854,0
124418,0,1,0.9998722,0
124419,0,0,0.071396716,1
124420,1,1,0.69134104,1
124421,1,1,0.4876124,1
124422,0,0,0.30647516,1
124423,0,0,0.032466814,1
124424,0,0,0.012123754,1
124425,1,1,0.53035814,1
124426,1,1,0.9097468,1
124427,1,1,0.98677725,1
124428,1,1,0.99993396,1
124429,1,0,0.34936625,0
124430,1,1,0.9999553,1
124431,1,1,0.9996057,1
124432,0,0,0.1193568,1
124433,1,0,0.1454185,0
124434,1,0,0.34103364,0
124435,1,1,0.9994653,1
124436,1,1,0.6156079,1
124437,1,1,0.9999999,1
124438,0,0,0.32321987,1
124439,1,1,0.99812883,1
124440,0,1,0.9999132,0
124441,1,1,0.99782157,1
124442,1,1,0.99999905,1
124443,0,0,0.10622612,1
124444,1,1,0.999995,1
124445,0,0,0.33296075,1
124446,1,0,0.0067449897,0
124447,0,1,0.5600121,0
124448,0,0,0.14847884,1
124449,1,1,0.8238959,1
124450,1,1,0.9999995,1
124451,1,0,0.19597848,0
124452,1,1,1.0,1
124453,0,0,0.10669061,1
124454,1,1,0.999049,1
124455,1,1,0.9998385,1
124456,1,1,0.99903786,1
124457,1,0,0.029090757,0
124458,0,0,0.02578508,1
124459,1,1,0.6050992,1
124460,0,1,0.42775524,0
124461,1,1,1.0,1
124462,0,1,0.8129416,0
124463,1,1,0.8952483,1
124464,0,0,0.02384809,1
124465,0,0,0.21766995,1
124466,0,0,0.3250383,1
124467,0,1,0.38306415,0
124468,1,1,0.85919183,1
124469,1,1,0.98303634,1
124470,0,0,0.06064056,1
124471,0,1,1.0,0
124472,1,0,0.1186912,0
124473,1,0,0.14199378,0
124474,1,1,0.9853843,1
124475,0,1,0.87621135,0
124476,1,0,0.043163683,0
124477,1,0,0.24963012,0
124478,1,1,0.9999944,1
124479,1,1,0.9987232,1
124480,0,0,0.18757874,1
124481,0,0,0.06342434,1
124482,1,1,0.99994457,1
124483,1,1,0.9999299,1
124484,1,1,0.99944824,1
124485,0,0,0.20617388,1
124486,1,1,0.60550755,1
124487,1,1,0.99999976,1
124488,1,1,1.0,1
124489,1,1,1.0,1
124490,0,0,0.023916386,1
124491,1,1,0.9284088,1
124492,1,0,0.23458193,0
124493,1,1,0.9999994,1
124494,1,0,0.13167487,0
124495,0,1,0.9181138,0
124496,1,1,0.9984603,1
124497,0,0,0.17823958,1
124498,1,1,0.9974837,1
124499,0,0,0.10061321,1
124500,0,0,0.03442355,1
124501,1,0,0.23423143,0
124502,0,1,0.72676516,0
124503,1,0,0.105948284,0
124504,0,1,0.5701518,0
124505,0,1,0.99776125,0
124506,1,1,0.9991424,1
124507,0,1,0.61468315,0
124508,1,1,0.9973008,1
124509,1,1,0.99700147,1
124510,1,1,0.99973875,1
124511,0,0,0.25404602,1
124512,0,1,0.38601097,0
124513,1,1,0.9175984,1
124514,1,1,1.0,1
124515,1,1,0.99999774,1
124516,1,0,0.022911692,0
124517,0,1,0.98862445,0
124518,0,1,0.55904937,0
124519,1,0,0.1305069,0
124520,1,1,0.99807703,1
124521,1,0,0.02439983,0
124522,1,0,0.016866265,0
124523,1,1,0.99764496,1
124524,0,1,0.99356186,0
124525,0,0,0.0013939501,1
124526,1,1,1.0,1
124527,0,1,0.63686144,0
124528,1,0,0.18374003,0
124529,0,1,0.8468312,0
124530,0,1,0.8334602,0
124531,1,1,0.999972,1
124532,0,1,0.91046584,0
124533,1,1,0.9999629,1
124534,1,1,1.0,1
124535,1,1,1.0,1
124536,1,1,0.95460516,1
124537,1,1,1.0,1
124538,0,0,0.12426614,1
124539,0,0,0.01335085,1
124540,0,0,0.061311536,1
124541,0,0,0.13637818,1
124542,1,0,0.043325305,0
124543,0,0,0.014871003,1
124544,0,1,0.9969426,0
124545,0,0,0.34571248,1
124546,1,1,0.99968624,1
124547,1,1,0.9928231,1
124548,1,1,0.83548355,1
124549,1,1,0.93651766,1
124550,1,1,0.43767327,1
124551,1,1,1.0,1
124552,0,0,0.013454153,1
124553,1,1,0.9999982,1
124554,1,1,0.99396133,1
124555,1,1,0.98844737,1
124556,0,0,0.05970174,1
124557,1,0,0.1412222,0
124558,0,1,0.4257246,0
124559,1,1,0.9984841,1
124560,0,1,0.90217954,0
124561,1,0,0.18242553,0
124562,1,0,0.24193686,0
124563,1,1,0.9898499,1
124564,1,1,0.85669243,1
124565,0,1,0.9999865,0
124566,1,0,0.044722572,0
124567,1,1,0.9973425,1
124568,1,1,0.99647564,1
124569,1,1,0.87191176,1
124570,0,1,0.5291417,0
124571,0,0,0.076407686,1
124572,1,1,0.99999714,1
124573,0,0,0.05770532,1
124574,1,0,0.1655931,0
124575,0,1,0.9999778,0
124576,0,1,0.9998827,0
124577,1,1,0.9995695,1
124578,1,1,0.9995883,1
124579,0,0,0.24744149,1
124580,0,0,0.04501553,1
124581,1,1,0.666334,1
124582,0,1,0.4804787,0
124583,0,0,0.05970174,1
124584,0,0,0.23917161,1
124585,1,1,1.0,1
124586,0,1,0.9999975,0
124587,0,1,0.6077214,0
124588,0,0,0.017325716,1
124589,0,0,0.22541662,1
124590,1,1,0.99999976,1
124591,1,1,0.99999905,1
124592,0,0,0.14860235,1
124593,0,0,0.039862495,1
124594,1,1,0.9831013,1
124595,1,1,1.0,1
124596,0,0,0.07382971,1
124597,1,1,0.99994123,1
124598,0,1,1.0,0
124599,1,1,0.9633686,1
124600,0,1,1.0,0
124601,1,1,0.9765577,1
124602,1,1,0.9997209,1
124603,0,1,0.9998148,0
124604,1,1,1.0,1
124605,1,1,0.999997,1
124606,0,0,0.02368947,1
124607,0,1,0.74186105,0
124608,1,1,0.9826743,1
124609,0,0,0.015633563,1
124610,0,1,0.9999963,0
124611,0,1,0.99997616,0
124612,0,1,0.6204492,0
124613,0,0,0.18937114,1
124614,0,0,0.052521676,1
124615,1,1,0.9613528,1
124616,0,0,0.17099196,1
124617,1,0,0.33415475,0
124618,1,1,0.99999976,1
124619,1,1,0.99992454,1
124620,1,1,0.44083032,1
124621,1,1,0.99437994,1
124622,1,1,1.0,1
124623,1,1,0.9740673,1
124624,0,1,0.9974491,0
124625,1,1,0.9878528,1
124626,1,0,0.27328336,0
124627,0,0,0.086632065,1
124628,0,0,0.039305612,1
124629,0,0,0.081154905,1
124630,0,0,0.098079324,1
124631,0,1,0.83775276,0
124632,0,0,0.029816542,1
124633,1,1,0.9999889,1
124634,0,1,0.4881919,0
124635,1,1,0.858244,1
124636,0,1,0.3623203,0
124637,0,1,0.99999976,0
124638,1,1,0.95806944,1
124639,1,1,0.9998996,1
124640,0,0,0.00038899208,1
124641,0,1,0.9397477,0
124642,0,1,0.39840645,0
124643,0,1,0.8290772,0
124644,1,0,0.26616648,0
124645,1,1,0.99554896,1
124646,0,1,0.9993575,0
124647,0,0,0.09509706,1
124648,1,1,0.9561864,1
124649,0,1,0.91543174,0
124650,0,0,0.021574067,1
124651,1,0,0.03471688,0
124652,1,1,1.0,1
124653,0,1,0.985129,0
124654,1,1,0.8641959,1
124655,0,0,0.025982061,1
124656,1,1,1.0,1
124657,1,1,0.99953175,1
124658,1,1,0.45792443,1
124659,0,0,0.08262328,1
124660,0,0,0.033812117,1
124661,1,1,0.99957365,1
124662,1,1,0.99999166,1
124663,0,1,0.4112586,0
124664,1,1,0.7322091,1
124665,1,0,0.29573816,0
124666,0,0,0.1302301,1
124667,1,1,0.40174648,1
124668,1,0,0.0019955386,0
124669,1,1,0.9993893,1
124670,0,0,0.26693016,1
124671,1,1,0.9815244,1
124672,1,1,0.9970131,1
124673,0,0,0.06506812,1
124674,1,0,0.12863456,0
124675,1,1,0.9997459,1
124676,0,0,0.14922118,1
124677,1,1,0.5963744,1
124678,0,0,0.028625505,1
124679,0,0,0.23616374,1
124680,0,0,0.11736965,1
124681,0,0,0.16830944,1
124682,1,1,0.9896318,1
124683,1,1,0.73871624,1
124684,1,1,0.9999974,1
124685,1,0,0.06136777,0
124686,1,1,0.99995375,1
124687,1,1,0.6801886,1
124688,1,1,1.0,1
124689,0,0,0.05975658,1
124690,1,0,0.18293586,0
124691,0,0,0.15565515,1
124692,0,1,0.9875683,0
124693,0,0,0.28002533,1
124694,0,1,0.39782146,0
124695,0,0,0.11114469,1
124696,0,0,0.27048025,1
124697,0,1,0.717111,0
124698,0,1,0.9986142,0
124699,1,1,1.0,1
124700,1,1,0.772788,1
124701,0,0,0.24310295,1
124702,1,1,0.99981695,1
124703,0,1,0.99999976,0
124704,1,1,0.6169935,1
124705,0,0,0.1203871,1
124706,0,0,0.049313605,1
124707,0,0,0.09721884,1
124708,1,1,0.8958876,1
124709,1,1,0.99998975,1
124710,1,1,0.9968702,1
124711,1,0,0.034358688,0
124712,1,1,0.9491535,1
124713,1,0,0.10585582,0
124714,1,0,0.1424107,0
124715,1,1,1.0,1
124716,0,0,0.12940273,1
124717,0,1,0.9079672,0
124718,0,1,0.46304968,0
124719,1,1,0.9627082,1
124720,0,0,0.16803622,1
124721,0,1,0.9828892,0
124722,1,1,0.9999999,1
124723,0,1,0.94694114,0
124724,0,1,0.60223705,0
124725,1,1,0.63697433,1
124726,1,1,0.3711366,1
124727,1,0,0.033812117,0
124728,1,1,0.9999851,1
124729,0,0,0.060975183,1
124730,1,1,0.99999905,1
124731,0,0,0.017610641,1
124732,1,1,0.99779165,1
124733,1,1,0.7640124,1
124734,0,1,0.54643565,0
124735,0,1,0.9896718,0
124736,1,1,0.99903214,1
124737,0,1,0.43365166,0
124738,0,0,0.016561339,1
124739,0,1,0.585279,0
124740,1,1,0.9999993,1
124741,0,1,0.97719735,0
124742,1,1,0.9969246,1
124743,1,0,0.3285833,0
124744,1,1,0.9999206,1
124745,0,0,0.08479541,1
124746,0,1,0.9994374,0
124747,0,1,0.9999417,0
124748,1,1,0.9999503,1
124749,0,1,0.9973425,0
124750,0,0,0.07696085,1
124751,0,0,0.15752526,1
124752,0,0,0.11526177,1
124753,0,0,0.15146656,1
124754,1,1,0.99729556,1
124755,0,0,0.070176296,1
124756,1,1,0.99999976,1
124757,0,0,0.31179345,1
124758,0,0,0.017028963,1
124759,1,1,0.61022115,1
124760,0,0,0.11018359,1
124761,1,1,0.99995494,1
124762,0,1,0.78637683,0
124763,0,0,0.23563562,1
124764,1,0,0.063714996,0
124765,1,0,0.16211456,0
124766,1,1,0.97555363,1
124767,0,1,0.99589807,0
124768,1,1,1.0,1
124769,0,0,0.2899745,1
124770,1,1,0.92156965,1
124771,1,1,0.9999976,1
124772,0,1,0.99928623,0
124773,1,1,0.99999964,1
124774,0,1,0.9999895,0
124775,0,0,0.23039988,1
124776,0,0,0.03615194,1
124777,1,1,0.99369794,1
124778,0,0,0.04822634,1
124779,1,1,0.7307224,1
124780,1,0,0.031114377,0
124781,1,1,1.0,1
124782,1,1,0.7955787,1
124783,1,1,0.9999993,1
124784,0,1,0.3989039,0
124785,1,1,0.83575183,1
124786,0,1,0.4035081,0
124787,0,1,0.5771975,0
124788,1,1,0.68283814,1
124789,0,0,0.090494074,1
124790,0,0,0.07758752,1
124791,0,1,0.93863225,0
124792,0,0,0.15027805,1
124793,0,1,0.98041254,0
124794,1,1,0.99999464,1
124795,0,0,0.07892589,1
124796,0,0,0.26331514,1
124797,0,1,0.9999453,0
124798,0,0,0.017409043,1
124799,1,0,0.1302301,0
124800,0,0,0.026708465,1
124801,1,1,0.99993646,1
124802,0,0,0.15002882,1
124803,0,0,0.24490437,1
124804,0,1,0.92455155,0
124805,0,0,0.08850466,1
124806,1,1,1.0,1
124807,1,1,0.46441573,1
124808,0,1,0.79581684,0
124809,1,1,0.9930559,1
124810,0,1,0.55664057,0
124811,1,1,0.9999385,1
124812,1,1,0.856092,1
124813,1,1,0.9999993,1
124814,1,0,0.14039516,0
124815,1,1,0.9203613,1
124816,1,1,0.83004373,1
124817,0,0,0.0015885253,1
124818,1,0,0.041578867,0
124819,0,1,0.99936,0
124820,1,1,0.9999362,1
124821,1,1,1.0,1
124822,1,0,0.0343263,0
124823,0,0,0.10866097,1
124824,0,0,0.033462938,1
124825,1,1,1.0,1
124826,0,0,0.2524762,1
124827,0,0,0.012123754,1
124828,1,1,0.99999976,1
124829,1,1,1.0,1
124830,1,1,1.0,1
124831,0,1,1.0,0
124832,1,1,0.99999416,1
124833,1,1,1.0,1
124834,0,1,0.8091252,0
124835,0,1,0.81316423,0
124836,0,0,0.107250325,1
124837,1,0,0.14104463,0
124838,0,0,0.06047389,1
124839,1,1,1.0,1
124840,1,1,0.9930153,1
124841,1,1,0.9904221,1
124842,0,0,0.009633653,1
124843,1,1,1.0,1
124844,1,1,0.99990165,1
124845,0,1,0.41176122,0
124846,0,1,0.99591404,0
124847,0,1,0.8365546,0
124848,0,1,0.5436508,0
124849,0,1,0.99995315,0
124850,1,1,0.99424744,1
124851,0,1,0.99980897,0
124852,1,1,0.37593552,1
124853,1,1,0.9726495,1
124854,0,0,0.04738177,1
124855,0,1,0.9045662,0
124856,1,1,0.99998105,1
124857,1,1,0.997537,1
124858,0,0,0.028571244,1
124859,1,0,0.027795622,0
124860,1,1,0.92114514,1
124861,1,1,1.0,1
124862,0,0,0.067546695,1
124863,1,1,0.6873677,1
124864,1,1,0.9962782,1
124865,1,1,0.9979007,1
124866,0,1,0.9996057,0
124867,0,1,0.9144437,0
124868,0,1,0.88710684,0
124869,0,0,0.19117662,1
124870,1,1,1.0,1
124871,0,0,0.024940254,1
124872,0,1,0.76506716,0
124873,0,1,0.6873677,0
124874,0,0,0.008728267,1
124875,0,1,0.8710367,0
124876,0,0,0.02215887,1
124877,0,0,0.067546695,1
124878,1,1,0.9999999,1
124879,1,1,1.0,1
124880,1,0,0.11576064,0
124881,0,1,0.88671505,0
124882,1,1,0.9999999,1
124883,0,1,0.9134452,0
124884,1,1,0.9994986,1
124885,1,1,0.99999917,1
124886,1,0,0.104294725,0
124887,0,1,0.5833221,0
124888,1,1,1.0,1
124889,0,0,0.032436155,1
124890,1,1,0.9999863,1
124891,1,0,0.04260254,0
124892,1,0,0.20102783,0
124893,1,0,0.0385747,0
124894,1,0,0.2949252,0
124895,1,0,0.27386558,0
124896,1,1,0.99723697,1
124897,1,1,0.9999999,1
124898,0,0,0.12857984,1
124899,0,1,0.72913426,0
124900,1,1,0.9999461,1
124901,1,1,0.99999964,1
124902,0,0,0.017045315,1
124903,1,1,0.99999666,1
124904,1,1,1.0,1
124905,0,1,0.41359556,0
124906,1,0,0.093760945,0
124907,1,1,0.99958676,1
124908,1,1,0.9999919,1
124909,1,1,1.0,1
124910,0,0,0.11576064,1
124911,1,0,0.1328517,0
124912,0,0,0.12252321,1
124913,1,1,0.9999988,1
124914,1,0,0.12797923,0
124915,1,1,0.575767,1
124916,0,1,0.99938214,0
124917,0,1,0.99688846,0
124918,0,0,0.15987214,1
124919,1,1,0.72228223,1
124920,1,0,0.040616777,0
124921,1,1,0.9991221,1
124922,0,1,0.8659059,0
124923,0,0,0.01302049,1
124924,1,0,0.010110846,0
124925,0,1,0.595963,0
124926,1,1,0.99986184,1
124927,0,1,0.9627432,0
124928,0,1,0.9999181,0
124929,0,0,0.0369428,1
124930,0,0,0.20347002,1
124931,0,1,0.98166555,0
124932,0,1,0.9969187,0
124933,1,1,0.943919,1
124934,0,1,0.505615,0
124935,0,1,0.9932811,0
124936,1,1,1.0,1
124937,0,0,0.20001023,1
124938,1,1,0.9995408,1
124939,0,1,0.9998989,0
124940,1,1,0.9749884,1
124941,1,1,0.9994653,1
124942,1,0,0.23414387,0
124943,1,1,0.49160847,1
124944,0,1,0.99807703,0
124945,1,1,0.9999963,1
124946,1,1,0.99961627,1
124947,1,1,0.4228025,1
124948,0,0,0.30244258,1
124949,1,1,0.99999845,1
124950,1,1,0.9999707,1
124951,1,1,0.63148063,1
124952,1,1,0.47813284,1
124953,0,1,0.5507886,0
124954,0,0,0.037538007,1
124955,1,1,0.9675945,1
124956,1,1,0.8775817,1
124957,1,0,0.008030813,0
124958,1,1,0.97381955,1
124959,0,0,0.07336364,1
124960,0,0,0.023131333,1
124961,0,0,0.093595125,1
124962,1,1,0.99956864,1
124963,1,1,1.0,1
124964,0,0,0.09704756,1
124965,0,1,0.9948403,0
124966,0,1,0.9979532,0
124967,1,1,0.9999981,1
124968,0,1,0.49401885,0
124969,1,1,0.99975556,1
124970,1,1,0.6173396,1
124971,1,1,0.9999925,1
124972,1,1,0.99492985,1
124973,1,1,0.99999595,1
124974,0,0,0.28353333,1
124975,1,1,1.0,1
124976,1,1,0.38595307,1
124977,0,1,0.9827572,0
124978,1,0,0.08929564,0
124979,1,1,0.97949183,1
124980,1,1,0.99628556,1
124981,0,0,0.12759827,1
124982,0,1,0.9943581,0
124983,1,0,0.1284158,0
124984,1,1,0.9999981,1
124985,1,1,0.99968624,1
124986,0,1,0.98168314,0
124987,1,0,0.21518578,0
124988,0,1,0.7923839,0
124989,0,0,0.028463027,1
124990,1,1,0.35950467,1
124991,1,1,1.0,1
124992,1,1,1.0,1
124993,1,0,0.25376853,0
124994,0,1,0.52877676,0
124995,0,0,0.245537,1
124996,1,1,0.9970879,1
124997,1,0,0.06506812,0
124998,1,1,1.0,1
124999,0,0,0.02854415,1
125000,1,0,0.2923932,0
125001,0,0,0.14730969,1
125002,0,0,0.050424065,1
125003,0,0,0.13747455,1
125004,1,1,1.0,1
125005,0,1,0.99992657,0
125006,1,0,0.03191915,0
125007,1,0,0.09342957,0
125008,1,1,1.0,1
125009,0,1,0.8808996,0
125010,0,0,0.18126321,1
125011,0,0,0.21917033,1
125012,1,1,1.0,1
125013,0,0,0.09920809,1
125014,1,0,0.015306354,0
125015,1,1,0.9801673,1
125016,0,0,0.07497297,1
125017,1,1,1.0,1
125018,1,1,0.99621993,1
125019,0,1,0.8525676,0
125020,0,0,0.115960725,1
125021,1,1,0.96312666,1
125022,1,1,1.0,1
125023,0,0,0.19329962,1
125024,1,0,0.13161905,0
125025,1,0,0.06797852,0
125026,0,1,0.99083894,0
125027,0,1,0.61132395,0
125028,0,1,1.0,0
125029,1,1,0.3866766,1
125030,1,0,0.19238758,0
125031,1,1,0.9543506,1
125032,0,0,0.024214549,1
125033,0,0,0.042127114,1
125034,1,0,0.02859836,0
125035,1,1,0.55658036,1
125036,0,1,0.7687332,0
125037,1,1,0.9999988,1
125038,1,1,0.99971145,1
125039,0,0,0.09326426,1
125040,1,1,0.9999888,1
125041,0,1,0.9993988,0
125042,0,0,0.12918286,1
125043,0,1,0.92736334,0
125044,0,0,0.042922337,1
125045,0,1,0.8842393,0
125046,0,1,0.89312315,0
125047,1,0,0.034586217,0
125048,1,1,0.9989617,1
125049,1,1,0.99014014,1
125050,1,1,0.9999956,1
125051,1,1,0.9999677,1
125052,1,1,0.9904591,1
125053,1,1,0.8824279,1
125054,1,1,0.99999976,1
125055,1,1,1.0,1
125056,1,1,0.5112286,1
125057,0,0,0.15565515,1
125058,1,1,0.9101469,1
125059,0,0,0.11787642,1
125060,0,0,0.21247703,1
125061,1,1,1.0,1
125062,0,0,0.29153523,1
125063,1,1,0.9999535,1
125064,1,0,0.03191915,0
125065,1,1,0.92847365,1
125066,0,0,0.18097351,1
125067,0,1,0.8410439,0
125068,0,1,1.0,0
125069,0,1,1.0,0
125070,0,1,0.85034436,0
125071,1,1,0.9999944,1
125072,0,1,0.9742639,0
125073,0,1,0.9774355,0
125074,1,1,0.9999138,1
125075,0,0,0.00060589175,1
125076,0,0,0.057387535,1
125077,1,1,0.93874466,1
125078,0,1,0.99936503,0
125079,0,0,0.2692295,1
125080,0,1,0.994729,0
125081,1,1,0.37456188,1
125082,1,0,0.20212801,0
125083,1,1,0.9999994,1
125084,1,1,0.9997023,1
125085,0,0,0.13212214,1
125086,0,1,0.9928092,0
125087,0,1,0.997065,0
125088,0,0,0.09113915,1
125089,1,1,0.5062253,1
125090,0,1,0.5381945,0
125091,1,0,0.08093672,0
125092,1,1,0.9859904,1
125093,0,0,0.244363,1
125094,0,1,0.90481883,0
125095,1,1,1.0,1
125096,1,1,0.98715407,1
125097,0,1,0.66806865,0
125098,0,0,0.14602636,1
125099,0,1,0.99999976,0
125100,0,0,0.20236439,1
125101,1,1,0.9970247,1
125102,1,1,0.9940544,1
125103,0,1,0.9997818,0
125104,1,0,0.0921145,0
125105,0,0,0.32535976,1
125106,0,1,0.4548656,0
125107,1,1,0.999985,1
125108,1,1,0.9999938,1
125109,0,1,0.9990283,0
125110,0,0,0.08858347,1
125111,0,0,0.08079154,1
125112,1,1,0.997851,1
125113,0,1,0.9999995,0
125114,1,1,0.8554893,1
125115,0,1,0.98965186,0
125116,1,0,0.2216875,0
125117,1,1,0.88700897,1
125118,1,1,0.99855345,1
125119,0,1,0.38916925,0
125120,1,1,0.99374664,1
125121,0,0,0.062216975,1
125122,0,0,0.25608712,1
125123,1,1,1.0,1
125124,0,1,0.9997843,0
125125,1,1,0.99298817,1
125126,1,1,0.8384153,1
125127,0,1,0.4546235,0
125128,1,1,0.77390057,1
125129,0,0,0.14402843,1
125130,0,1,0.6455111,0
125131,1,1,0.9389689,1
125132,0,0,0.023197629,1
125133,0,0,0.10989669,1
125134,1,1,0.4744181,1
125135,0,0,0.15266278,1
125136,0,1,0.52378577,0
125137,1,1,1.0,1
125138,1,0,0.12126887,0
125139,1,1,0.9999614,1
125140,1,0,0.064653486,0
125141,1,1,0.49469015,1
125142,0,0,0.08471965,1
125143,0,1,0.9874479,0
125144,0,0,0.10875559,1
125145,1,1,0.99999535,1
125146,0,1,0.99999976,0
125147,0,0,0.04535258,1
125148,1,1,0.99993813,1
125149,0,0,0.22126654,1
125150,0,1,0.7823301,0
125151,1,1,1.0,1
125152,0,1,1.0,0
125153,1,1,1.0,1
125154,0,1,0.39492998,0
125155,0,0,0.04954302,1
125156,0,1,0.3682637,0
125157,1,1,0.99727446,1
125158,1,1,1.0,1
125159,0,1,0.9716448,0
125160,1,1,0.8504686,1
125161,1,1,0.9986462,1
125162,0,0,0.030043371,1
125163,1,0,0.086477645,0
125164,0,1,0.9720721,0
125165,1,1,0.62286085,1
125166,0,0,0.19551727,1
125167,1,1,0.9999999,1
125168,0,0,0.019832712,1
125169,1,1,0.9999987,1
125170,1,1,0.9945095,1
125171,1,0,0.0012042383,0
125172,1,1,0.97691274,1
125173,0,0,0.22380088,1
125174,0,1,0.9172285,0
125175,0,0,0.06064056,1
125176,1,1,0.9007046,1
125177,0,1,0.97587764,0
125178,1,1,0.99998415,1
125179,0,1,0.43794367,0
125180,1,1,0.99895155,1
125181,0,0,0.34152758,1
125182,1,1,0.99854773,1
125183,0,0,0.010489091,1
125184,1,1,1.0,1
125185,1,1,0.91436726,1
125186,0,1,0.44426334,0
125187,0,0,0.0279544,1
125188,1,1,0.9999976,1
125189,0,0,0.26340985,1
125190,1,1,0.99988496,1
125191,1,1,0.9999331,1
125192,1,1,0.99928755,1
125193,1,1,0.99911004,1
125194,1,1,1.0,1
125195,1,1,0.99997807,1
125196,0,0,0.08456833,1
125197,0,0,0.11606085,1
125198,0,1,0.95239735,0
125199,1,1,0.9988991,1
125200,0,1,0.9999565,0
125201,1,1,0.5694337,1
125202,0,1,0.82432055,0
125203,1,1,0.99998295,1
125204,0,0,0.20299561,1
125205,1,0,0.18817475,0
125206,0,1,0.57624394,0
125207,1,0,0.07956719,0
125208,1,1,0.9953994,1
125209,1,1,1.0,1
125210,0,0,0.07409726,1
125211,0,1,0.81286734,0
125212,1,1,0.9857729,1
125213,0,0,0.26175526,1
125214,0,0,0.024845434,1
125215,0,1,0.980034,0
125216,1,0,0.025274899,0
125217,1,1,0.7703784,1
125218,1,1,0.9999994,1
125219,0,0,0.32971537,1
125220,0,1,0.51604676,0
125221,0,1,0.43512127,0
125222,0,1,0.9349913,0
125223,0,1,0.7772999,0
125224,1,1,0.9901211,1
125225,1,1,0.9224824,1
125226,0,1,0.39861125,0
125227,1,0,0.03652812,0
125228,1,1,0.9109423,1
125229,0,0,0.08740792,1
125230,0,1,1.0,0
125231,1,1,0.9999372,1
125232,0,1,0.8318272,0
125233,1,0,0.094426885,0
125234,1,1,0.72841036,1
125235,1,1,0.99992,1
125236,1,1,1.0,1
125237,1,1,0.80730873,1
125238,0,0,0.04268228,1
125239,0,0,0.16204827,1
125240,1,1,0.9092645,1
125241,1,1,0.8818186,1
125242,1,1,0.9950755,1
125243,0,1,0.5150101,0
125244,0,1,0.9998385,0
125245,0,0,0.07585818,1
125246,1,1,0.99999857,1
125247,1,1,1.0,1
125248,0,1,0.90829307,0
125249,0,1,0.9967963,0
125250,1,1,1.0,1
125251,1,1,0.9999976,1
125252,1,1,0.9999187,1
125253,1,1,0.7059371,1
125254,1,1,1.0,1
125255,1,1,0.9999864,1
125256,0,0,0.07004896,1
125257,0,1,1.0,0
125258,1,0,0.025202822,0
125259,0,1,0.90235174,0
125260,0,1,0.3725623,0
125261,0,1,0.99989486,0
125262,0,0,0.03919513,1
125263,1,0,0.22185604,0
125264,1,0,0.13546064,0
125265,0,0,0.1305069,1
125266,0,1,0.9666002,0
125267,1,0,0.050283972,0
125268,1,1,1.0,1
125269,0,0,0.21329524,1
125270,1,0,0.23846151,0
125271,1,1,0.99796116,1
125272,0,1,0.999982,0
125273,1,0,0.2858701,0
125274,1,1,0.96069443,1
125275,1,1,0.999998,1
125276,0,1,0.97730595,0
125277,1,1,0.99983263,1
125278,1,1,0.5714079,1
125279,1,1,0.4308357,1
125280,0,0,0.004416556,1
125281,0,1,0.99974984,0
125282,1,1,0.99996495,1
125283,1,1,0.9876401,1
125284,1,0,0.1302301,0
125285,1,1,1.0,1
125286,0,0,0.11299101,1
125287,0,1,0.9349319,0
125288,0,0,0.25991955,1
125289,1,1,0.99991035,1
125290,1,0,0.11818139,0
125291,0,0,0.26407358,1
125292,0,1,0.9993424,0
125293,1,1,0.97726256,1
125294,1,1,0.9999957,1
125295,1,1,0.99933845,1
125296,1,1,0.4412817,1
125297,1,1,1.0,1
125298,1,1,0.99980134,1
125299,1,1,0.96391606,1
125300,1,1,1.0,1
125301,0,1,0.53285056,0
125302,0,0,0.34471914,1
125303,1,0,0.095518075,0
125304,0,1,0.84325075,0
125305,0,0,0.12241826,1
125306,0,1,0.9999957,0
125307,1,1,0.9999975,1
125308,1,0,0.31278965,0
125309,0,1,0.99595356,0
125310,1,1,1.0,1
125311,0,1,0.98953116,0
125312,1,1,0.9999932,1
125313,0,1,0.9984421,0
125314,0,1,0.8624676,0
125315,0,0,0.14004198,1
125316,0,0,0.14977995,1
125317,1,1,0.9982759,1
125318,0,0,0.064771704,1
125319,1,1,0.97366965,1
125320,1,1,1.0,1
125321,0,0,0.090253234,1
125322,1,0,0.07024005,0
125323,1,1,0.99999213,1
125324,1,0,0.32399473,0
125325,1,0,0.27367145,0
125326,0,1,0.9402983,0
125327,1,1,0.9659959,1
125328,1,1,0.9994956,1
125329,1,1,0.74190784,1
125330,1,1,0.98886347,1
125331,0,0,0.08748585,1
125332,0,0,0.18616903,1
125333,0,0,0.16438228,1
125334,1,1,0.97175217,1
125335,1,1,1.0,1
125336,0,1,0.99997723,0
125337,1,1,0.9999999,1
125338,1,1,0.99887747,1
125339,0,1,0.9968702,0
125340,1,1,0.9993749,1
125341,1,1,0.9993449,1
125342,1,1,1.0,1
125343,0,0,0.016850082,1
125344,1,1,0.9980882,1
125345,1,1,0.9997695,1
125346,1,0,0.17881243,0
125347,1,0,0.23757595,0
125348,0,1,0.6426007,0
125349,1,1,0.46389958,1
125350,1,0,0.10302444,0
125351,1,1,0.5632578,1
125352,0,0,0.03760863,1
125353,1,1,1.0,1
125354,1,0,0.3322021,0
125355,0,1,0.99839276,0
125356,0,0,0.0553617,1
125357,1,1,0.85633236,1
125358,0,1,0.9861514,0
125359,1,1,0.9949397,1
125360,1,1,0.97517824,1
125361,1,1,0.99999285,1
125362,1,1,0.9999999,1
125363,1,0,0.12863456,0
125364,0,0,0.04845096,1
125365,1,1,1.0,1
125366,0,1,0.9258357,0
125367,0,1,0.66241443,0
125368,1,0,0.25991955,0
125369,0,1,0.9999219,0
125370,1,0,0.10311471,0
125371,0,0,0.20657375,1
125372,1,1,1.0,1
125373,0,1,0.5042113,0
125374,1,1,0.9123581,1
125375,0,0,0.03821415,1
125376,1,1,0.9999994,1
125377,1,1,0.9300146,1
125378,1,1,0.99900347,1
125379,1,1,0.99053264,1
125380,0,0,0.12252321,1
125381,1,1,0.99999857,1
125382,1,1,0.98238933,1
125383,1,1,0.7926248,1
125384,0,0,0.1274896,1
125385,1,1,0.98521465,1
125386,1,0,0.07885492,0
125387,1,1,0.9999734,1
125388,1,1,0.99999726,1
125389,1,1,0.9993013,1
125390,0,0,0.27048025,1
125391,0,1,0.94463825,0
125392,0,1,1.0,0
125393,0,0,0.048767094,1
125394,1,0,0.12126887,0
125395,0,1,0.9867517,0
125396,0,1,0.9631613,0
125397,1,1,0.99914575,1
125398,0,1,0.6020031,0
125399,0,1,0.99962807,0
125400,0,0,0.07303238,1
125401,0,0,0.05839952,1
125402,0,0,0.07942426,1
125403,1,1,0.9703525,1
125404,1,1,0.9999454,1
125405,1,1,0.53509843,1
125406,1,0,0.10956278,0
125407,1,1,0.99975747,1
125408,1,1,1.0,1
125409,1,1,0.9999987,1
125410,0,1,1.0,0
125411,1,0,0.14749378,0
125412,0,0,0.13683893,1
125413,1,1,0.8863221,1
125414,1,1,0.37719652,1
125415,0,1,0.9996331,0
125416,1,1,1.0,1
125417,1,1,0.9925827,1
125418,0,0,0.083142914,1
125419,1,1,0.71790266,1
125420,1,1,0.99576014,1
125421,0,1,0.7167641,0
125422,1,0,0.31294715,0
125423,1,1,0.9999999,1
125424,1,1,0.99998665,1
125425,1,1,0.999985,1
125426,1,1,0.99852777,1
125427,0,1,0.81449586,0
125428,1,1,1.0,1
125429,1,1,0.9986904,1
125430,1,1,0.7403152,1
125431,0,1,0.38352585,0
125432,1,1,0.99999475,1
125433,0,1,0.36195374,0
125434,0,0,0.10809477,1
125435,0,1,0.6509667,0
125436,1,1,1.0,1
125437,1,0,0.32653984,0
125438,0,0,0.0013121626,1
125439,1,1,1.0,1
125440,0,0,0.28115883,1
125441,0,0,0.18337418,1
125442,1,1,0.9999989,1
125443,0,0,0.11961366,1
125444,1,1,1.0,1
125445,0,0,0.15393034,1
125446,0,0,0.19605544,1
125447,1,0,0.014985891,0
125448,0,1,0.9649213,0
125449,1,1,0.9847231,1
125450,0,1,0.3582969,0
125451,1,0,0.073430054,0
125452,1,0,0.17419945,0
125453,0,0,0.006784358,1
125454,0,1,0.999723,0
125455,0,0,0.032009803,1
125456,0,0,0.19636348,1
125457,1,1,0.99999416,1
125458,0,0,0.26559463,1
125459,1,1,0.9999467,1
125460,1,1,0.45859116,1
125461,1,0,0.016403032,0
125462,0,1,0.4956056,0
125463,0,0,0.12331283,1
125464,0,1,1.0,0
125465,0,0,0.13951358,1
125466,1,1,0.9999622,1
125467,1,0,0.21667379,0
125468,0,1,0.7092709,0
125469,1,0,0.30388674,0
125470,0,0,0.008046387,1
125471,1,0,0.005741385,0
125472,0,1,0.9999435,0
125473,0,0,0.017883008,1
125474,1,1,0.9928092,1
125475,1,0,0.21983956,0
125476,1,0,0.17050801,0
125477,0,0,0.19868535,1
125478,0,1,0.39207497,0
125479,0,0,0.013689475,1
125480,0,1,0.9774785,0
125481,1,1,0.6499675,1
125482,1,1,0.99951684,1
125483,1,1,0.9999981,1
125484,0,0,0.019756919,1
125485,0,1,0.8621197,0
125486,1,1,0.9982522,1
125487,1,1,0.9990978,1
125488,1,0,0.14596547,0
125489,1,1,0.9934865,1
125490,1,1,0.999998,1
125491,1,0,0.17356819,0
125492,0,0,0.011375601,1
125493,0,0,0.10185715,1
125494,0,0,0.31906834,1
125495,0,1,1.0,0
125496,1,1,0.99996984,1
125497,1,1,0.9999989,1
125498,1,0,0.3094409,0
125499,0,1,0.9999976,0
125500,1,1,0.37290475,1
125501,1,1,0.9999999,1
125502,1,1,0.9998529,1
125503,1,0,0.01433703,0
125504,0,1,0.5984295,0
125505,0,1,0.8183016,0
125506,1,1,0.9995035,1
125507,1,1,0.9999999,1
125508,0,0,0.18053968,1
125509,1,1,0.99979097,1
125510,1,0,0.25813892,0
125511,1,0,0.040999033,0
125512,0,1,0.61144,0
125513,0,1,0.99999905,0
125514,0,1,0.9999969,0
125515,0,1,0.5353414,0
125516,1,1,0.9999901,1
125517,1,1,0.8996516,1
125518,1,1,1.0,1
125519,0,1,0.9992693,0
125520,1,1,1.0,1
125521,1,1,0.7899638,1
125522,1,0,0.015814932,0
125523,0,1,0.99999607,0
125524,0,0,0.09017308,1
125525,0,0,0.3192275,1
125526,0,1,0.6204492,0
125527,0,1,0.6439453,0
125528,0,1,0.6157235,0
125529,1,1,0.9217107,1
125530,1,0,0.104294725,0
125531,0,1,0.7494083,0
125532,1,1,0.99999833,1
125533,1,1,0.9975561,1
125534,0,0,0.02693789,1
125535,1,1,0.8003021,1
125536,0,0,0.064771704,1
125537,0,1,0.5434691,0
125538,0,1,0.53157413,0
125539,0,0,0.058560826,1
125540,0,1,0.97346866,0
125541,1,1,1.0,1
125542,1,1,0.97334224,1
125543,0,0,0.16079244,1
125544,0,1,0.9988949,0
125545,0,0,0.03711691,1
125546,1,1,1.0,1
125547,1,1,0.99517965,1
125548,0,1,0.9302051,0
125549,1,1,1.0,1
125550,1,1,0.9814,1
125551,1,1,0.9995234,1
125552,1,1,0.99997246,1
125553,1,1,0.9374402,1
125554,1,0,0.22017473,0
125555,0,0,0.100348406,1
125556,1,1,0.9999342,1
125557,1,1,0.9999479,1
125558,0,1,0.9845458,0
125559,0,0,0.2573916,1
125560,1,1,1.0,1
125561,1,1,0.99701905,1
125562,1,1,1.0,1
125563,0,0,0.07409726,1
125564,1,1,0.47773692,1
125565,1,1,0.84581506,1
125566,1,0,0.024492992,0
125567,0,1,0.9982003,0
125568,1,1,0.99749833,1
125569,1,1,0.99951124,1
125570,0,0,0.021781173,1
125571,0,1,0.37353298,0
125572,0,1,0.39239505,0
125573,1,0,0.11279541,0
125574,0,0,0.31268474,1
125575,1,1,0.99527246,1
125576,1,0,0.032252766,0
125577,1,1,0.99369794,1
125578,1,1,0.9693242,1
125579,1,1,0.99865675,1
125580,1,1,0.999071,1
125581,0,0,0.12315456,1
125582,1,0,0.07409726,0
125583,0,1,0.71107996,0
125584,1,0,0.033431362,0
125585,1,1,1.0,1
125586,1,0,0.15482274,0
125587,0,1,0.37107965,0
125588,0,1,0.99677116,0
125589,0,0,0.01678549,1
125590,0,1,0.9901592,0
125591,0,0,0.058507007,1
125592,0,0,0.26626188,1
125593,1,1,0.950411,1
125594,1,1,0.48505083,1
125595,0,0,0.03775027,1
125596,0,0,0.21717146,1
125597,0,0,0.26511872,1
125598,1,0,0.037892424,0
125599,0,0,0.10894504,1
125600,0,1,0.47000676,0
125601,0,0,0.0728343,1
125602,0,1,0.937726,0
125603,1,1,0.9996493,1
125604,0,1,0.9999988,0
125605,0,1,0.99788433,0
125606,1,1,1.0,1
125607,0,0,0.04296247,1
125608,1,1,1.0,1
125609,0,0,0.12028373,1
125610,0,0,0.14300808,1
125611,0,0,0.013121271,1
125612,1,1,0.9999609,1
125613,1,1,0.99999523,1
125614,1,1,0.9911527,1
125615,0,1,0.45081267,0
125616,0,0,0.13477592,1
125617,1,1,0.5606135,1
125618,1,1,0.99999964,1
125619,1,1,0.45716703,1
125620,0,0,0.25395352,1
125621,1,0,0.25219983,0
125622,1,1,0.97517824,1
125623,0,1,0.8465777,0
125624,0,1,0.6039318,0
125625,0,1,0.88038635,0
125626,0,1,0.9997851,0
125627,0,0,0.057864826,1
125628,0,1,0.999987,0
125629,0,1,0.7366375,0
125630,0,0,0.13852006,1
125631,1,0,0.04455598,0
125632,1,1,0.5061642,1
125633,1,1,0.99999857,1
125634,1,1,0.9999187,1
125635,0,0,0.31116515,1
125636,0,1,0.66252357,0
125637,1,0,0.09203286,0
125638,1,1,0.41917235,1
125639,0,0,0.014475689,1
125640,0,0,0.026056305,1
125641,1,1,1.0,1
125642,0,0,0.089136936,1
125643,0,0,0.02748069,1
125644,0,0,0.3366581,1
125645,1,1,0.9404625,1
125646,1,0,0.03021459,0
125647,1,1,1.0,1
125648,0,1,0.9999994,0
125649,1,1,0.9998822,1
125650,0,0,0.013795365,1
125651,0,1,0.9998523,0
125652,0,0,0.25054586,1
125653,1,1,0.9999846,1
125654,0,0,0.02265081,1
125655,0,1,0.46514452,0
125656,0,0,0.02763772,1
125657,0,1,0.9999685,0
125658,0,1,0.80278754,0
125659,1,1,0.8671483,1
125660,1,1,0.67678016,1
125661,1,1,0.99991906,1
125662,0,1,0.57230455,0
125663,0,1,0.98680264,0
125664,1,1,0.99709916,1
125665,0,1,0.91102153,0
125666,1,1,1.0,1
125667,0,1,0.98557997,0
125668,1,1,0.9932156,1
125669,1,1,0.9999862,1
125670,1,1,0.99867755,1
125671,1,1,0.98873377,1
125672,1,1,0.9990264,1
125673,1,1,0.4097226,1
125674,0,0,0.22686929,1
125675,1,0,0.3468178,0
125676,0,1,0.99972194,0
125677,1,1,0.9999968,1
125678,0,0,0.0139288595,1
125679,0,1,0.8976953,0
125680,1,1,0.99572706,1
125681,1,1,0.7354042,1
125682,1,1,0.99683964,1
125683,0,1,0.5309662,0
125684,1,1,0.999992,1
125685,1,1,0.9940659,1
125686,1,1,0.9637117,1
125687,1,1,0.6137576,1
125688,0,0,0.16613355,1
125689,0,1,0.96347195,0
125690,0,1,0.9999902,0
125691,1,1,0.7501869,1
125692,0,0,0.030043371,1
125693,1,1,0.99961627,1
125694,1,0,0.3492275,0
125695,0,0,0.043731883,1
125696,1,1,0.9168571,1
125697,1,1,1.0,1
125698,1,1,0.9999589,1
125699,1,0,0.23792991,0
125700,1,1,0.99565166,1
125701,0,1,0.99927634,0
125702,1,1,0.9698712,1
125703,1,0,0.18097351,0
125704,1,1,0.99158704,1
125705,0,1,0.9352283,0
125706,1,1,0.99999857,1
125707,0,0,0.11367794,1
125708,0,1,0.6005984,0
125709,0,0,0.14414886,1
125710,0,0,0.19752184,1
125711,1,1,0.9996904,1
125712,0,1,0.69113266,0
125713,0,1,0.9999949,0
125714,0,1,0.60690624,0
125715,1,0,0.14523655,0
125716,1,0,0.030704854,0
125717,1,1,0.9935993,1
125718,0,1,0.99509466,0
125719,0,1,0.44797343,0
125720,1,1,0.9999907,1
125721,1,1,0.99999213,1
125722,0,1,0.99740905,0
125723,0,0,0.11976799,1
125724,1,0,0.023043232,0
125725,0,0,0.28259197,1
125726,0,1,0.8470844,0
125727,0,1,0.5289592,0
125728,1,1,0.9976949,1
125729,0,1,0.9929061,0
125730,1,1,0.73426247,1
125731,1,1,0.9999999,1
125732,0,0,0.09704756,1
125733,1,1,0.47399202,1
125734,1,1,0.9870046,1
125735,1,1,0.9434519,1
125736,0,1,0.891811,0
125737,1,0,0.04455598,0
125738,0,1,0.9650533,0
125739,0,0,0.2910816,1
125740,1,1,0.9987576,1
125741,0,0,0.28199846,1
125742,1,1,1.0,1
125743,0,1,0.4080998,0
125744,1,1,0.999997,1
125745,0,1,0.99759394,0
125746,1,1,0.9992749,1
125747,1,0,0.22371607,0
125748,1,1,1.0,1
125749,1,0,0.0658447,0
125750,0,0,0.080719054,1
125751,1,1,0.99999976,1
125752,1,1,0.44513756,1
125753,0,0,0.074432954,1
125754,1,0,0.009394396,0
125755,0,0,0.13580413,1
125756,0,1,0.49859622,0
125757,1,0,0.258326,0
125758,0,0,0.093760945,1
125759,1,1,0.5825504,1
125760,0,0,0.20008837,1
125761,1,1,0.99999976,1
125762,0,1,0.99724776,0
125763,1,1,0.9999999,1
125764,1,1,0.94509614,1
125765,1,0,0.06388999,0
125766,0,0,0.12716407,1
125767,0,1,0.55904937,0
125768,1,0,0.046638034,0
125769,1,1,0.4556527,1
125770,0,1,0.9993917,0
125771,1,0,0.2564594,0
125772,0,0,0.029395703,1
125773,1,1,0.9986541,1
125774,1,0,0.012576347,0
125775,0,0,0.08299413,1
125776,0,1,0.8625833,0
125777,1,0,0.1694746,0
125778,0,0,0.046291906,1
125779,1,0,0.20244318,0
125780,0,0,0.24635202,1
125781,0,0,0.13517499,1
125782,1,1,0.7856377,1
125783,1,1,0.9999939,1
125784,0,0,0.00648827,1
125785,0,0,0.20874292,1
125786,0,0,0.052086018,1
125787,1,1,0.9470392,1
125788,0,0,0.15533453,1
125789,1,1,0.997358,1
125790,0,1,0.8206132,0
125791,1,1,1.0,1
125792,0,1,0.99279517,0
125793,1,1,0.9345745,1
125794,0,1,0.9959693,0
125795,1,1,0.72879654,1
125796,0,1,0.4208971,0
125797,0,1,0.9702681,0
125798,1,1,0.3541538,1
125799,1,0,0.31305215,0
125800,1,1,0.6139312,1
125801,1,1,0.9997851,1
125802,1,0,0.31779665,0
125803,1,1,0.8713654,1
125804,1,1,0.9905874,1
125805,0,1,0.89274967,0
125806,1,1,0.9999999,1
125807,1,1,0.76803803,1
125808,0,1,0.99999964,0
125809,1,1,0.9679902,1
125810,0,1,0.6213686,0
125811,1,0,0.13017482,0
125812,1,0,0.25982565,0
125813,0,0,0.2594502,1
125814,0,1,0.9971551,0
125815,0,0,0.06383161,1
125816,1,1,0.99983263,1
125817,0,0,0.06935241,1
125818,0,1,0.967163,0
125819,0,1,0.99851626,0
125820,1,0,0.12825193,0
125821,1,1,0.99411184,1
125822,1,1,0.8393393,1
125823,0,1,0.5210751,0
125824,0,0,0.14517595,1
125825,0,1,1.0,0
125826,1,1,0.89058006,1
125827,0,1,0.84619683,0
125828,0,0,0.0248928,1
125829,0,0,0.054098696,1
125830,0,0,0.21428008,1
125831,1,1,0.9999825,1
125832,1,0,0.08953418,0
125833,0,0,0.11767348,1
125834,0,1,0.9496227,0
125835,1,1,0.999969,1
125836,0,1,0.6344867,0
125837,1,1,0.98555213,1
125838,1,1,0.9964619,1
125839,1,1,0.9999999,1
125840,0,0,0.14651415,1
125841,0,0,0.10141131,1
125842,0,1,0.618838,0
125843,1,1,0.5298108,1
125844,0,0,0.12116486,1
125845,0,1,0.98178816,0
125846,0,0,0.019014433,1
125847,1,0,0.10484337,0
125848,0,0,0.030938227,1
125849,0,1,0.9998511,0
125850,0,1,0.93115014,0
125851,1,1,0.99999964,1
125852,1,1,0.99982256,1
125853,1,0,0.18832397,0
125854,0,0,0.0762012,1
125855,1,1,0.97038054,1
125856,0,1,0.8677098,0
125857,1,1,0.9843364,1
125858,0,1,0.7954198,0
125859,0,1,0.8177201,0
125860,1,1,0.9999777,1
125861,1,1,0.94834626,1
125862,1,1,1.0,1
125863,1,1,0.99999964,1
125864,0,0,0.12247072,1
125865,1,1,0.9999994,1
125866,1,0,0.21485612,0
125867,0,1,0.8623516,0
125868,0,0,0.21141684,1
125869,0,1,0.3619255,0
125870,1,1,0.9659959,1
125871,1,1,0.9999964,1
125872,0,0,0.25926262,1
125873,1,1,0.9998184,1
125874,1,1,0.99999845,1
125875,0,1,0.90590656,0
125876,1,1,0.99227446,1
125877,1,1,0.9913054,1
125878,1,1,0.79174054,1
125879,0,0,0.1286893,1
125880,1,1,0.9966299,1
125881,1,1,0.9981863,1
125882,0,0,0.1894461,1
125883,0,0,0.0705596,1
125884,1,1,0.67442584,1
125885,0,1,0.5288984,0
125886,0,0,0.033117235,1
125887,1,1,1.0,1
125888,1,1,0.99963164,1
125889,1,0,0.11848707,0
125890,0,1,0.8039445,0
125891,1,0,0.18982127,0
125892,0,0,0.046855625,1
125893,0,0,0.14175598,1
125894,0,1,0.75770473,0
125895,0,0,0.07544843,1
125896,0,0,0.06170614,1
125897,1,0,0.10734387,0
125898,1,1,0.9999784,1
125899,0,0,0.29158568,1
125900,0,0,0.32098094,1
125901,1,1,0.45538026,1
125902,0,1,0.99999905,0
125903,0,1,0.9620006,0
125904,1,1,0.9993893,1
125905,1,1,1.0,1
125906,1,1,1.0,1
125907,1,1,0.64360934,1
125908,1,1,0.78825736,1
125909,0,0,0.13614833,1
125910,0,0,0.29599246,1
125911,1,1,0.98801583,1
125912,1,1,0.9975751,1
125913,1,0,0.2344943,0
125914,0,0,0.17483254,1
125915,0,1,0.999071,0
125916,0,1,0.9997336,0
125917,1,0,0.0129954135,0
125918,0,0,0.28831857,1
125919,0,0,0.0029579026,1
125920,1,1,0.81286734,1
125921,0,0,0.080574244,1
125922,1,1,0.9993625,1
125923,0,0,0.122838534,1
125924,0,0,0.06064056,1
125925,0,0,0.043528132,1
125926,0,0,0.04831607,1
125927,1,1,0.97587764,1
125928,1,1,0.9999347,1
125929,1,0,0.016529558,0
125930,1,1,0.40700927,1
125931,1,1,0.9203613,1
125932,0,1,0.50317377,0
125933,1,1,0.9984573,1
125934,0,1,0.59549254,0
125935,0,0,0.09492911,1
125936,1,1,0.9999993,1
125937,0,0,0.2155158,1
125938,1,1,0.9995859,1
125939,1,1,0.62337685,1
125940,0,1,0.8308688,0
125941,0,0,0.05926467,1
125942,1,0,0.23988315,0
125943,1,0,0.11910043,0
125944,1,1,0.51067954,1
125945,0,1,0.40989974,0
125946,0,0,0.061932698,1
125947,0,0,0.32321987,1
125948,0,0,0.046291906,1
125949,1,1,0.9999951,1
125950,0,0,0.0038543635,1
125951,0,0,0.00045297583,1
125952,0,1,0.99918646,0
125953,1,1,1.0,1
125954,1,1,0.9865976,1
125955,0,0,0.19163007,1
125956,1,1,1.0,1
125957,0,0,0.13500383,1
125958,0,0,0.047869008,1
125959,1,0,0.004792317,0
125960,0,0,0.042403832,1
125961,0,1,0.97587764,0
125962,0,1,0.9999994,0
125963,1,0,0.011823393,0
125964,0,0,0.29583988,1
125965,1,1,0.9709644,1
125966,1,0,0.042048372,0
125967,1,1,0.99999976,1
125968,0,1,0.9994956,0
125969,1,1,0.9998067,1
125970,0,0,0.1732882,1
125971,1,0,0.055874642,0
125972,0,0,0.0018602984,1
125973,0,1,0.40406644,0
125974,1,0,0.14773951,0
125975,0,0,0.045521997,1
125976,0,1,0.48060057,0
125977,1,1,1.0,1
125978,0,1,0.9801103,0
125979,0,1,0.7279271,0
125980,1,1,0.9951231,1
125981,1,1,0.99980444,1
125982,0,1,1.0,0
125983,1,1,1.0,1
125984,0,0,0.0018932256,1
125985,0,1,0.8795612,0
125986,0,1,0.9467446,0
125987,1,1,0.9992022,1
125988,1,1,0.98486924,1
125989,1,1,0.99989927,1
125990,0,1,0.58403397,0
125991,0,0,0.15178062,1
125992,1,1,1.0,1
125993,0,1,0.5911333,0
125994,1,1,0.9999877,1
125995,0,1,0.9983516,0
125996,0,1,0.9748452,0
125997,0,0,0.24113183,1
125998,1,1,0.6914453,1
125999,0,0,0.014531521,1
126000,1,0,0.08232769,0
126001,1,1,0.9998287,1
126002,1,1,0.9669453,1
126003,0,0,0.056704637,1
126004,1,1,0.9977083,1
126005,1,1,0.9951231,1
126006,1,1,0.99820733,1
126007,1,1,0.41392127,1
126008,0,0,0.05394898,1
126009,1,1,1.0,1
126010,1,1,0.9999999,1
126011,1,1,0.6145675,1
126012,1,1,0.9998287,1
126013,0,1,0.85034436,0
126014,1,1,0.9999958,1
126015,0,1,1.0,0
126016,0,0,0.21485612,1
126017,1,0,0.33296075,0
126018,1,1,1.0,1
126019,1,1,0.9969957,1
126020,1,0,0.07477004,0
126021,1,0,0.109324835,0
126022,0,0,0.26274723,1
126023,1,1,0.95846003,1
126024,1,1,0.98215127,1
126025,0,1,0.92241246,0
126026,1,1,0.99999976,1
126027,0,1,0.7696867,0
126028,0,1,0.9969066,0
126029,0,0,0.22755517,1
126030,1,1,0.9457011,1
126031,1,1,0.8253083,1
126032,1,1,0.9978173,1
126033,1,1,0.5260384,1
126034,0,0,0.1481088,1
126035,1,1,0.993255,1
126036,1,1,0.9708817,1
126037,1,1,1.0,1
126038,0,1,0.9981578,0
126039,1,1,0.9975799,1
126040,1,0,0.12754393,0
126041,0,0,0.118742295,1
126042,1,1,0.9719659,1
126043,1,1,0.38242972,1
126044,1,0,0.046291906,0
126045,1,1,0.9999995,1
126046,1,1,0.9870046,1
126047,0,1,0.49960327,0
126048,0,1,0.94853723,0
126049,1,1,0.9976265,1
126050,1,0,0.048676565,0
126051,1,1,0.9996768,1
126052,1,1,0.9952077,1
126053,0,1,0.99996495,0
126054,1,1,1.0,1
126055,1,0,0.13597612,0
126056,1,1,0.9999981,1
126057,1,1,1.0,1
126058,0,0,0.28239402,1
126059,1,1,0.99999964,1
126060,0,1,0.4490906,0
126061,0,1,0.7523766,0
126062,0,0,0.09636511,1
126063,1,1,0.6336937,1
126064,0,0,0.031084953,1
126065,0,1,0.999902,0
126066,0,0,0.13957219,1
126067,1,1,1.0,1
126068,0,0,0.06441766,1
126069,0,1,0.50427234,0
126070,0,1,0.99985456,0
126071,0,1,0.9986878,0
126072,0,0,0.22051026,1
126073,1,1,0.9999875,1
126074,0,1,0.77063745,0
126075,1,0,0.042642392,0
126076,0,1,0.7368742,0
126077,0,0,0.1496556,1
126078,1,1,0.9965837,1
126079,0,1,0.999962,0
126080,1,1,0.44077012,1
126081,0,1,0.9643886,0
126082,0,0,0.099120855,1
126083,0,1,0.56241685,0
126084,1,1,0.9979048,1
126085,0,1,0.99969935,0
126086,1,1,0.9503189,1
126087,0,1,0.969469,0
126088,0,0,0.042364188,1
126089,1,0,0.0090377545,0
126090,1,1,0.99356186,1
126091,1,1,0.9805248,1
126092,0,1,0.41326994,0
126093,0,1,0.7186438,0
126094,0,0,0.061819322,1
126095,1,1,0.999826,1
126096,1,1,0.9973374,1
126097,1,1,0.8008478,1
126098,1,1,0.9989837,1
126099,1,1,0.5010376,1
126100,0,1,0.9822196,0
126101,0,0,0.10604083,1
126102,1,0,0.14426938,0
126103,0,0,0.21783629,1
126104,1,1,1.0,1
126105,1,1,0.9939731,1
126106,0,1,0.595669,0
126107,1,0,0.040313438,0
126108,0,0,0.05242457,1
126109,1,1,0.9999993,1
126110,0,1,0.9998932,0
126111,1,0,0.27943504,0
126112,0,1,0.5239684,0
126113,1,0,0.28106013,0
126114,0,1,0.99972194,0
126115,0,0,0.04418332,1
126116,1,1,0.9964825,1
126117,1,1,0.9999814,1
126118,0,0,0.02573606,1
126119,1,1,0.7202207,1
126120,1,0,0.23022676,0
126121,0,0,0.0032794434,1
126122,0,1,0.9998795,0
126123,0,1,0.9257686,0
126124,1,0,0.23722233,0
126125,1,1,0.9922444,1
126126,0,1,0.9999087,0
126127,0,0,0.24113183,1
126128,1,1,0.7353567,1
126129,1,0,0.20505732,0
126130,1,1,0.9989267,1
126131,0,0,0.039676033,1
126132,1,1,0.7043127,1
126133,0,1,0.60818696,0
126134,1,0,0.18683577,0
126135,0,1,0.66437703,0
126136,1,1,1.0,1
126137,1,1,0.6653562,1
126138,1,1,1.0,1
126139,1,1,0.99782157,1
126140,1,1,0.89460546,1
126141,0,1,0.9137535,0
126142,1,1,0.450722,1
126143,0,1,0.99664307,0
126144,1,1,0.412974,1
126145,1,1,0.7910151,1
126146,1,1,0.9996424,1
126147,0,0,0.0018243828,1
126148,1,0,0.30694237,0
126149,1,1,0.9854124,1
126150,1,1,1.0,1
126151,1,1,0.9999974,1
126152,0,0,0.031768616,1
126153,0,0,0.11047115,1
126154,1,0,0.20410384,0
126155,1,0,0.017763345,0
126156,1,1,0.49731448,1
126157,1,0,0.06947859,0
126158,1,0,0.27115518,0
126159,1,0,0.14627008,0
126160,0,1,0.9999999,0
126161,1,0,0.18403316,0
126162,0,1,0.7904494,0
126163,0,1,1.0,0
126164,1,1,0.99986494,1
126165,0,0,0.014928337,1
126166,1,1,0.999879,1
126167,0,0,0.062046263,1
126168,1,1,0.50845253,1
126169,0,1,0.9999999,0
126170,0,0,0.023666896,1
126171,1,1,0.9999951,1
126172,0,0,0.3311738,1
126173,1,1,0.9999999,1
126174,0,1,0.8715842,0
126175,1,1,0.9561864,1
126176,0,0,0.14566138,1
126177,1,1,0.9406263,1
126178,0,0,0.14780103,1
126179,1,1,0.984516,1
126180,1,1,0.99916065,1
126181,1,0,0.34185708,0
126182,0,1,0.9999927,0
126183,0,0,0.15424858,1
126184,1,1,1.0,1
126185,1,0,0.32890654,0
126186,1,1,1.0,1
126187,1,1,0.99999845,1
126188,1,1,0.91618466,1
126189,1,1,0.99999964,1
126190,0,0,0.1694746,1
126191,0,1,0.98365986,0
126192,1,1,0.9993475,1
126193,1,1,0.3811044,1
126194,0,1,0.77483904,0
126195,1,1,0.99724776,1
126196,1,0,0.025107034,0
126197,0,0,0.11075938,1
126198,0,1,0.80814296,0
126199,0,1,0.99995494,0
126200,1,1,1.0,1
126201,0,1,0.6079541,0
126202,0,1,0.8543993,0
126203,0,0,0.15954451,1
126204,1,1,1.0,1
126205,1,1,0.9994673,1
126206,1,1,0.48480693,1
126207,1,1,0.56913435,1
126208,0,0,0.2814056,1
126209,1,1,0.6962166,1
126210,0,0,0.085403666,1
126211,1,0,0.0085278,0
126212,0,0,0.030704854,1
126213,1,1,0.99568534,1
126214,0,0,0.19620943,1
126215,1,1,0.3962726,1
126216,1,0,0.03839402,0
126217,0,0,0.07585818,1
126218,1,1,0.75770473,1
126219,0,0,0.09885954,1
126220,0,0,0.2688454,1
126221,1,1,1.0,1
126222,1,0,0.042882238,0
126223,1,1,0.8601343,1
126224,0,0,0.0040860027,1
126225,1,0,0.049681153,0
126226,0,1,0.54461974,0
126227,1,1,0.99999845,1
126228,0,1,0.9999877,0
126229,1,1,0.9999993,1
126230,1,1,0.99986124,1
126231,1,1,0.9999976,1
126232,1,1,1.0,1
126233,0,0,0.08262328,1
126234,0,0,0.042882238,1
126235,0,0,0.15610489,1
126236,1,1,0.9999999,1
126237,1,1,0.9999778,1
126238,0,0,0.20657375,1
126239,0,0,0.053255424,1
126240,0,1,0.78057885,0
126241,1,0,0.009840806,0
126242,0,0,0.023021257,1
126243,0,0,0.09920809,1
126244,1,1,0.99993527,1
126245,0,1,0.99999905,0
126246,0,1,0.60609055,0
126247,0,1,0.9949886,0
126248,0,0,0.14487322,1
126249,0,1,0.87810534,0
126250,1,1,0.99997973,1
126251,1,1,1.0,1
126252,0,0,0.20291662,1
126253,1,1,0.99997675,1
126254,1,1,0.99603146,1
126255,1,1,0.7584658,1
126256,0,0,0.010448626,1
126257,0,1,0.8123469,0
126258,0,0,0.2500877,1
126259,0,1,0.8478418,0
126260,0,0,0.1653908,1
126261,0,1,0.9999577,0
126262,1,1,0.9567556,1
126263,1,0,0.28363255,0
126264,1,1,1.0,1
126265,0,0,0.13262686,1
126266,1,1,0.9999995,1
126267,1,1,0.9267028,1
126268,1,1,0.9912039,1
126269,1,1,0.44918123,1
126270,0,0,0.056600258,1
126271,1,1,0.9930962,1
126272,0,0,0.013402403,1
126273,1,1,1.0,1
126274,1,1,0.39732438,1
126275,1,0,0.026759284,0
126276,0,0,0.18308187,1
126277,1,0,0.11576064,0
126278,1,1,1.0,1
126279,0,0,0.1357468,1
126280,1,1,0.984516,1
126281,1,1,0.9970708,1
126282,0,1,0.99997914,0
126283,0,1,0.99999964,0
126284,0,0,0.0109234555,1
126285,1,0,0.080574244,0
126286,0,1,0.99993575,0
126287,1,1,1.0,1
126288,0,1,0.73829186,0
126289,1,1,0.9976814,1
126290,1,1,0.9835654,1
126291,1,1,0.46760526,1
126292,0,1,0.3640142,0
126293,1,1,0.9999994,1
126294,1,1,0.9999094,1
126295,1,1,0.99766773,1
126296,0,1,0.9999999,0
126297,1,1,0.9999558,1
126298,0,1,0.3982894,0
126299,1,0,0.010448626,0
126300,1,1,0.99992335,1
126301,0,1,0.99986815,0
126302,0,0,0.18892181,1
126303,1,1,1.0,1
126304,1,1,0.9665687,1
126305,0,0,0.18624303,1
126306,1,1,0.9999511,1
126307,0,1,0.90000373,0
126308,0,0,0.09560247,1
126309,0,0,0.050705362,1
126310,1,1,0.99953353,1
126311,1,1,0.95296955,1
126312,0,0,0.10123348,1
126313,0,1,0.9998198,0
126314,1,1,1.0,1
126315,0,1,0.99999964,0
126316,0,0,0.08291986,1
126317,1,1,0.9519973,1
126318,1,1,1.0,1
126319,1,1,0.9851003,1
126320,0,1,0.7676898,0
126321,0,1,0.98337495,0
126322,0,0,0.023131333,1
126323,1,1,0.91928095,1
126324,1,1,0.9140609,1
126325,0,1,0.93546456,0
126326,1,1,0.9590777,1
126327,1,1,1.0,1
126328,0,0,0.080574244,1
126329,0,1,0.99988985,0
126330,0,1,0.4294892,0
126331,0,1,0.7268621,0
126332,0,1,0.49890137,0
126333,1,1,0.99999344,1
126334,1,0,0.21011725,0
126335,1,0,0.03521114,0
126336,1,1,0.9746045,1
126337,1,1,0.98421544,1
126338,1,1,1.0,1
126339,1,1,1.0,1
126340,0,0,0.02371207,1
126341,1,1,1.0,1
126342,1,1,0.98197925,1
126343,0,0,0.14487322,1
126344,1,1,0.9810765,1
126345,1,1,0.9999993,1
126346,1,1,0.6302868,1
126347,1,0,0.13212214,0
126348,0,1,0.9981141,0
126349,0,0,0.07146149,1
126350,0,1,0.88038635,0
126351,1,0,0.092196204,0
126352,1,1,0.9999999,1
126353,1,1,0.9269014,1
126354,1,1,0.9326989,1
126355,0,1,0.99952805,0
126356,1,1,0.980034,1
126357,1,1,1.0,1
126358,1,1,0.9332485,1
126359,1,1,0.9425068,1
126360,0,0,0.03875619,1
126361,1,0,0.1390453,0
126362,0,1,0.96882665,0
126363,0,0,0.09227797,1
126364,1,1,0.8217605,1
126365,1,1,1.0,1
126366,0,1,1.0,0
126367,1,1,1.0,1
126368,1,0,0.24935585,0
126369,0,0,0.037082024,1
126370,0,0,0.252845,1
126371,0,1,0.98122096,0
126372,0,1,0.7550956,0
126373,0,0,0.28897023,1
126374,1,1,1.0,1
126375,1,1,0.44143218,1
126376,1,1,0.8097278,1
126377,1,1,0.99999964,1
126378,0,0,0.15778463,1
126379,1,0,0.08961382,0
126380,0,0,0.2552508,1
126381,1,1,0.9997981,1
126382,1,1,0.84632385,1
126383,1,1,0.9827406,1
126384,1,1,0.95606345,1
126385,1,0,0.04038907,0
126386,0,0,0.1524734,1
126387,0,1,0.99789256,0
126388,1,1,0.48986956,1
126389,1,1,0.9996768,1
126390,0,1,0.98173577,0
126391,1,1,0.46059215,1
126392,1,1,0.99999905,1
126393,0,1,0.38093168,0
126394,1,1,0.8862236,1
126395,1,1,0.40433103,1
126396,0,1,0.653514,0
126397,0,0,0.21667379,1
126398,0,1,0.87418467,0
126399,0,0,0.011179601,1
126400,1,0,0.015513789,0
126401,1,1,1.0,1
126402,1,1,0.99998903,1
126403,1,1,0.5289592,1
126404,0,0,0.29209024,1
126405,0,1,0.9931629,0
126406,1,1,0.64657176,1
126407,1,1,0.99999666,1
126408,1,1,0.99999976,1
126409,0,1,0.46347463,0
126410,1,1,0.99999726,1
126411,1,0,0.34070447,0
126412,0,0,0.15941359,1
126413,0,0,0.30975404,1
126414,1,0,0.2424746,0
126415,0,0,0.09334689,1
126416,1,1,0.7876863,1
126417,0,1,0.5222631,0
126418,1,1,0.9997613,1
126419,1,1,0.99987066,1
126420,1,1,0.91086304,1
126421,0,1,0.99989367,0
126422,0,0,0.2862191,1
126423,1,1,0.9999999,1
126424,1,1,0.3597577,1
126425,0,0,0.062388144,1
126426,0,1,0.7489954,0
126427,1,1,0.35706294,1
126428,0,0,0.24472384,1
126429,0,1,0.38583735,0
126430,1,1,0.9999995,1
126431,0,1,0.6339203,0
126432,1,1,0.997537,1
126433,1,1,0.9976993,1
126434,1,1,0.43422136,1
126435,0,0,0.12236581,1
126436,1,0,0.003469891,0
126437,1,1,1.0,1
126438,1,1,0.9922144,1
126439,1,1,1.0,1
126440,0,1,0.93732566,0
126441,0,0,0.027143434,1
126442,1,1,0.9999999,1
126443,0,0,0.11828322,1
126444,0,0,0.19125213,1
126445,1,1,0.662196,1
126446,1,1,1.0,1
126447,1,1,0.9807103,1
126448,0,1,0.6028217,0
126449,0,0,0.016593179,1
126450,0,0,0.10239443,1
126451,1,1,0.9999398,1
126452,0,1,0.99720997,0
126453,1,0,0.16331196,0
126454,1,1,0.99999905,1
126455,0,0,0.027246773,1
126456,0,1,0.9873018,0
126457,1,1,0.966347,1
126458,0,1,0.39548436,0
126459,1,0,0.04455598,0
126460,1,1,0.99996257,1
126461,1,1,0.99979264,1
126462,0,1,0.999723,0
126463,0,0,0.07185127,1
126464,1,0,0.28412887,0
126465,1,1,1.0,1
126466,0,0,0.17300858,1
126467,1,1,0.99529994,1
126468,1,1,0.9976172,1
126469,1,1,0.9987257,1
126470,0,0,0.086246476,1
126471,1,1,0.43422136,1
126472,1,1,1.0,1
126473,1,1,0.99999976,1
126474,0,1,0.9207897,0
126475,0,0,0.052279223,1
126476,1,1,0.44806397,1
126477,0,0,0.081154905,1
126478,0,1,0.9468429,0
126479,1,1,0.99852496,1
126480,1,0,0.20505732,0
126481,1,1,1.0,1
126482,1,1,0.9962638,1
126483,0,0,0.32530618,1
126484,1,0,0.090735495,0
126485,1,1,0.9984176,1
126486,1,1,0.9999989,1
126487,1,1,0.7776378,1
126488,0,0,0.054148693,1
126489,0,0,0.124532074,1
126490,1,1,1.0,1
126491,0,1,0.99909425,0
126492,1,1,0.99908185,1
126493,0,1,0.9999753,0
126494,1,1,0.40491918,1
126495,1,1,0.99767226,1
126496,0,1,0.99935,0
126497,0,0,0.033399824,1
126498,1,0,0.03839402,0
126499,0,0,0.0014214042,1
126500,1,0,0.2424746,0
126501,1,0,8.448043e-05,0
126502,1,1,0.99999964,1
126503,1,1,1.0,1
126504,0,1,0.615839,0
126505,1,1,0.9644221,1
126506,1,1,0.99999905,1
126507,1,1,1.0,1
126508,0,0,0.15316877,1
126509,1,1,0.99864894,1
126510,0,1,0.9890554,0
126511,1,0,0.25423115,0
126512,1,0,0.059537485,0
126513,1,1,0.9999875,1
126514,0,1,0.9999901,0
126515,1,1,1.0,1
126516,0,0,0.258326,1
126517,0,1,0.8889517,0
126518,1,0,0.011732464,0
126519,1,1,1.0,1
126520,1,1,0.9883802,1
126521,1,1,0.9998596,1
126522,1,1,1.0,1
126523,1,1,0.99996734,1
126524,1,1,0.9906238,1
126525,0,0,0.29905403,1
126526,1,1,1.0,1
126527,1,1,0.5144003,1
126528,1,1,0.9999976,1
126529,0,1,0.9944559,0
126530,1,1,0.9997198,1
126531,0,1,0.9145963,0
126532,1,0,0.028517084,0
126533,0,0,0.087954745,1
126534,0,1,0.96753323,0
126535,1,1,0.48724642,1
126536,0,0,0.1187934,1
126537,0,0,0.11889567,1
126538,0,1,0.9014011,0
126539,1,1,0.99021614,1
126540,1,1,0.9993563,1
126541,0,0,0.12147716,1
126542,1,1,1.0,1
126543,1,0,0.22354652,0
126544,0,0,0.26654816,1
126545,0,1,0.49166948,0
126546,0,1,0.93558234,0
126547,1,1,0.80131465,1
126548,1,1,0.38601097,1
126549,1,1,0.9843062,1
126550,0,1,0.75590736,0
126551,0,1,0.96472245,0
126552,1,1,0.78530854,1
126553,0,0,0.02753294,1
126554,0,0,0.16566059,1
126555,1,1,0.93158704,1
126556,0,0,0.21239536,1
126557,0,0,0.07913913,1
126558,1,1,0.99999917,1
126559,1,1,0.7003315,1
126560,1,1,0.9999883,1
126561,1,0,0.26095405,0
126562,0,1,0.9981828,0
126563,0,0,0.19806418,1
126564,0,1,0.99979013,0
126565,0,0,0.0061689946,1
126566,1,1,0.96411926,1
126567,1,1,0.99999964,1
126568,1,1,0.9996971,1
126569,0,1,0.99988675,0
126570,0,0,0.04410091,1
126571,1,1,0.8315539,1
126572,1,1,0.9925827,1
126573,1,0,0.15895613,0
126574,0,0,0.18032306,1
126575,0,1,0.9764232,0
126576,1,0,0.15713686,0
126577,0,1,0.74789226,0
126578,1,1,0.98752034,1
126579,1,1,0.99918,1
126580,1,1,1.0,1
126581,0,1,0.66774374,0
126582,0,1,0.5266471,0
126583,1,0,0.11426965,0
126584,1,1,1.0,1
126585,1,0,0.16224726,0
126586,1,1,1.0,1
126587,0,1,0.913368,0
126588,1,0,0.3029579,0
126589,1,1,0.99999166,1
126590,0,0,0.25063756,1
126591,1,1,1.0,1
126592,1,1,0.9999114,1
126593,1,1,0.9999968,1
126594,1,0,0.1126489,0
126595,1,1,0.99213856,1
126596,1,1,0.6501897,1
126597,0,0,0.13369773,1
126598,0,0,0.20753576,1
126599,1,1,0.9092645,1
126600,0,0,0.04455598,1
126601,1,1,1.0,1
126602,0,1,0.9375548,0
126603,0,0,0.086632065,1
126604,0,0,0.08042967,1
126605,1,1,0.9673178,1
126606,0,1,0.9629877,0
126607,0,0,0.089375086,1
126608,1,0,0.09492911,0
126609,1,1,0.42844263,1
126610,1,1,0.7482603,1
126611,1,1,0.5091542,1
126612,0,1,0.90312344,0
126613,1,0,0.14199378,0
126614,0,0,0.07531231,1
126615,0,1,0.84859616,0
126616,0,1,0.97527254,0
126617,1,1,0.8708172,1
126618,0,0,0.13454832,1
126619,0,1,0.99999166,0
126620,1,1,0.9254997,1
126621,0,0,0.1665398,1
126622,0,1,0.7364954,0
126623,1,1,0.9988991,1
126624,1,1,0.93963695,1
126625,1,1,0.85919183,1
126626,1,1,0.934813,1
126627,1,1,0.89858866,1
126628,0,0,0.004416556,1
126629,0,0,0.26431087,1
126630,0,1,0.81508535,0
126631,0,0,0.2955348,1
126632,0,0,0.14657521,1
126633,0,0,0.012673735,1
126634,1,0,0.036049988,0
126635,1,1,0.983597,1
126636,1,1,1.0,1
126637,1,1,0.999992,1
126638,1,1,0.98173577,1
126639,0,0,0.07409726,1
126640,1,1,0.9657061,1
126641,1,1,1.0,1
126642,1,1,1.0,1
126643,1,0,0.09730459,0
126644,1,1,0.998259,1
126645,0,0,0.19961987,1
126646,1,1,0.9988883,1
126647,1,1,0.99952435,1
126648,1,0,0.032466814,0
126649,0,1,0.45846993,0
126650,0,0,0.011508149,1
126651,0,0,0.04738177,1
126652,1,1,0.9923044,1
126653,1,1,0.99995303,1
126654,0,1,0.989368,0
126655,1,1,0.92847365,1
126656,1,1,1.0,1
126657,1,1,0.998912,1
126658,1,0,0.15700755,0
126659,1,1,1.0,1
126660,1,1,0.99750805,1
126661,1,1,0.9959378,1
126662,0,0,0.06307716,1
126663,1,1,0.99943525,1
126664,0,0,0.04676847,1
126665,1,1,0.58906645,1
126666,1,1,0.99998534,1
126667,0,0,0.17996249,1
126668,0,1,0.9992161,0
126669,1,1,0.9181873,1
126670,0,1,0.99825555,0
126671,0,1,0.9872528,0
126672,0,1,0.36184093,0
126673,1,0,0.13234626,0
126674,1,1,0.8103289,1
126675,1,1,0.9986303,1
126676,0,1,0.8067765,0
126677,0,0,0.093512304,1
126678,0,0,0.10800066,1
126679,0,1,0.848847,0
126680,1,1,0.97957015,1
126681,1,0,0.07592667,0
126682,1,0,0.01626183,0
126683,1,0,0.10771874,0
126684,1,0,0.12116486,0
126685,1,1,0.5192166,1
126686,1,1,0.9449947,1
126687,1,1,1.0,1
126688,1,1,0.38049996,1
126689,1,1,0.4836789,1
126690,0,0,0.035914496,1
126691,1,1,0.9999925,1
126692,1,1,0.9166335,1
126693,1,1,0.46153244,1
126694,1,0,0.1304515,0
126695,1,1,1.0,1
126696,1,0,0.08218025,0
126697,1,1,0.98680264,1
126698,1,1,0.9995426,1
126699,1,0,0.118946835,0
126700,0,0,0.01750956,1
126701,0,0,0.11997408,1
126702,1,1,1.0,1
126703,1,1,1.0,1
126704,0,1,0.5664383,0
126705,0,0,0.066206016,1
126706,1,0,0.055412795,0
126707,0,0,0.18742996,1
126708,1,0,0.08678673,0
126709,1,1,1.0,1
126710,1,1,0.9882902,1
126711,1,1,0.8926561,1
126712,0,1,0.852813,0
126713,1,0,0.11807967,0
126714,0,1,0.9713201,0
126715,0,1,0.38254502,0
126716,1,1,0.9109423,1
126717,1,1,1.0,1
126718,0,1,0.94644845,0
126719,0,0,0.0041581606,1
126720,0,0,0.13017482,1
126721,1,1,0.7734731,1
126722,0,0,0.03680407,1
126723,1,0,0.18713267,0
126724,0,1,0.9405718,0
126725,1,1,0.9999845,1
126726,0,1,0.999866,0
126727,0,0,0.24418274,1
126728,1,1,0.9999993,1
126729,1,1,0.9999989,1
126730,0,0,0.091544405,1
126731,1,1,0.92206234,1
126732,1,1,0.97877365,1
126733,1,0,0.21510331,0
126734,0,0,0.026031531,1
126735,0,1,0.49304244,0
126736,1,1,1.0,1
126737,1,1,0.7783125,1
126738,0,1,0.87779135,0
126739,0,1,0.88885534,0
126740,1,0,0.019813737,0
126741,0,1,0.98720354,0
126742,0,0,0.05975658,1
126743,1,0,0.03875619,0
126744,1,0,0.024053553,0
126745,1,1,1.0,1
126746,1,1,0.5110456,1
126747,1,1,0.71889055,1
126748,1,1,0.9999924,1
126749,0,0,0.18690996,1
126750,0,0,0.03448853,1
126751,0,1,0.9859634,0
126752,1,0,0.16211456,0
126753,0,0,0.1894461,1
126754,0,0,0.14946929,1
126755,0,0,0.13150749,1
126756,1,1,0.9465473,1
126757,0,0,0.13039611,1
126758,1,1,0.77029204,1
126759,0,0,0.036908068,1
126760,0,0,0.14098547,1
126761,1,1,0.46994594,1
126762,0,0,0.015875846,1
126763,1,1,0.9999989,1
126764,0,1,0.41105178,0
126765,0,0,0.18330103,1
126766,0,1,0.9640178,0
126767,1,1,0.9887988,1
126768,1,1,1.0,1
126769,1,0,0.18772759,0
126770,0,0,0.07892589,1
126771,0,0,0.02215887,1
126772,0,1,0.9816127,0
126773,0,1,0.9056566,0
126774,0,0,0.12705572,1
126775,1,0,0.289673,0
126776,1,1,0.99835795,1
126777,0,0,0.039490405,1
126778,1,0,0.16371268,0
126779,0,1,0.99995816,0
126780,1,1,0.47600114,1
126781,1,1,0.69693893,1
126782,0,0,0.12716407,1
126783,0,1,0.99943525,0
126784,0,0,0.0548532,1
126785,1,1,1.0,1
126786,1,1,0.99997234,1
126787,0,1,0.798344,0
126788,0,1,0.64349735,0
126789,1,1,0.99605453,1
126790,1,1,0.9906781,1
126791,0,0,0.24671482,1
126792,0,1,0.8407826,0
126793,0,0,0.032009803,1
126794,1,1,0.9999994,1
126795,0,1,0.68747264,0
126796,1,0,0.2983891,0
126797,0,1,0.54425645,0
126798,1,1,0.9966949,1
126799,0,0,0.008187911,1
126800,0,1,0.6001298,0
126801,0,1,0.3759642,0
126802,0,0,0.020215968,1
126803,0,1,0.7689935,0
126804,1,1,0.5357664,1
126805,1,1,1.0,1
126806,1,1,1.0,1
126807,1,0,0.121425055,0
126808,1,1,0.99999976,1
126809,0,0,0.10734387,1
126810,1,1,0.9091839,1
126811,0,0,0.10158944,1
126812,0,0,0.020312909,1
126813,0,0,0.06255973,1
126814,0,1,0.9766024,0
126815,0,1,0.37088025,0
126816,1,1,0.97573924,1
126817,1,0,0.2641685,0
126818,1,1,0.99999857,1
126819,0,1,0.54595155,0
126820,1,1,0.9999957,1
126821,1,1,1.0,1
126822,0,1,0.9327602,0
126823,1,0,0.18469396,0
126824,0,1,0.9999672,0
126825,1,1,0.9999999,1
126826,0,0,0.013325147,1
126827,1,1,0.9999249,1
126828,0,1,0.99611557,0
126829,0,0,0.10017222,1
126830,1,0,0.15687834,0
126831,0,1,0.97877365,0
126832,0,0,0.19868535,1
126833,0,1,0.9995745,0
126834,1,1,0.8886622,1
126835,1,1,0.46948987,1
126836,1,0,0.2656423,0
126837,0,0,0.20024472,1
126838,1,0,0.0705596,0
126839,0,0,0.3051794,1
126840,1,1,0.9999999,1
126841,1,1,0.5483712,1
126842,0,1,0.99999166,0
126843,1,0,0.023419945,0
126844,0,1,0.99291986,0
126845,1,1,0.99085677,1
126846,0,1,0.8829335,0
126847,1,1,0.99999845,1
126848,1,1,0.5213493,1
126849,1,1,0.99964654,1
126850,0,0,0.29502678,1
126851,1,1,1.0,1
126852,1,1,0.52378577,1
126853,0,1,0.97786224,0
126854,0,0,0.31790254,1
126855,1,1,1.0,1
126856,1,0,0.05749328,0
126857,1,1,0.9794526,1
126858,0,0,0.03336831,1
126859,0,1,0.92924803,0
126860,1,1,0.9995995,1
126861,1,1,0.9842911,1
126862,0,1,0.9999461,0
126863,0,1,0.9935868,0
126864,1,1,0.98518616,1
126865,1,1,1.0,1
126866,1,1,0.79390603,1
126867,1,0,0.00016282752,0
126868,1,0,0.08874129,0
126869,0,1,0.39059207,0
126870,0,1,0.9943909,0
126871,1,1,0.999928,1
126872,1,1,1.0,1
126873,0,1,1.0,0
126874,0,1,0.9999999,0
126875,0,0,0.17603327,1
126876,0,0,0.29915637,1
126877,1,1,1.0,1
126878,0,0,0.025858779,1
126879,0,1,0.999998,0
126880,0,1,0.9614977,0
126881,1,0,0.14187485,0
126882,1,1,0.9999988,1
126883,1,0,0.13770632,0
126884,1,1,1.0,1
126885,1,1,0.9999999,1
126886,0,0,0.19521025,1
126887,1,1,1.0,1
126888,1,0,0.0076510315,0
126889,0,0,0.15746048,1
126890,1,1,0.99999726,1
126891,1,1,0.99959475,1
126892,1,1,0.99966204,1
126893,1,0,0.08137364,0
126894,1,1,0.99999416,1
126895,0,1,0.9999604,0
126896,1,1,0.99922216,1
126897,0,0,0.050611433,1
126898,1,0,0.34692842,0
126899,0,1,0.7331654,0
126900,1,1,0.9999944,1
126901,1,1,1.0,1
126902,0,0,0.021906365,1
126903,1,1,1.0,1
126904,1,1,0.99999785,1
126905,0,1,0.7934263,0
126906,1,1,0.9973477,1
126907,1,1,0.99984586,1
126908,1,1,0.99999976,1
126909,1,1,0.5188509,1
126910,0,1,0.840521,0
126911,1,1,0.99476975,1
126912,1,1,0.5050047,1
126913,0,0,0.078078166,1
126914,0,0,0.019985154,1
126915,1,1,0.99776566,1
126916,0,1,0.87810534,0
126917,0,1,0.9675638,0
126918,1,1,0.99957365,1
126919,1,1,0.7036004,1
126920,0,0,0.04822634,1
126921,1,1,0.9999752,1
126922,1,1,0.9687676,1
126923,0,1,0.9999999,0
126924,0,0,0.3427365,1
126925,0,1,0.7442848,0
126926,1,1,1.0,1
126927,1,1,0.999997,1
126928,0,1,0.991891,0
126929,1,0,0.14517595,0
126930,0,1,0.60550755,0
126931,1,1,0.9999893,1
126932,1,1,0.6758181,1
126933,1,1,0.9998634,1
126934,1,1,0.9487276,1
126935,0,1,0.47630557,0
126936,0,0,0.106411695,1
126937,1,1,0.9994735,1
126938,1,1,0.9999956,1
126939,1,1,0.99999976,1
126940,0,0,0.05424881,1
126941,0,0,0.06916357,1
126942,0,0,0.15424858,1
126943,1,1,1.0,1
126944,0,1,0.4417031,0
126945,0,0,0.0025212683,1
126946,0,1,0.4735355,0
126947,0,0,0.02215887,1
126948,0,1,0.8868131,0
126949,0,0,0.041578867,1
126950,0,1,0.90982693,0
126951,1,1,0.992062,1
126952,0,0,0.17217185,1
126953,0,0,0.16059487,1
126954,1,1,0.603523,1
126955,1,1,0.9999999,1
126956,0,1,0.63482636,0
126957,1,1,1.0,1
126958,0,0,0.3392254,1
126959,0,0,0.088425905,1
126960,0,0,0.188548,1
126961,1,1,0.90105337,1
126962,0,1,0.99994123,0
126963,1,0,0.21485612,0
126964,1,0,0.26913345,0
126965,0,1,0.9998629,0
126966,1,0,0.12907304,0
126967,1,0,0.1237887,0
126968,1,1,0.9932156,1
126969,1,0,0.1666076,0
126970,1,0,0.07024005,0
126971,1,0,0.15209518,0
126972,1,0,3.8449357e-06,0
126973,0,0,0.010388217,1
126974,1,1,0.6147988,1
126975,1,1,0.9923341,1
126976,0,1,0.961678,0
126977,1,1,0.86188734,1
126978,0,1,0.96242666,0
126979,0,0,0.2424746,1
126980,1,1,0.99447733,1
126981,0,1,0.62171316,0
126982,0,1,0.71348155,0
126983,1,1,1.0,1
126984,0,0,0.1286893,1
126985,0,0,0.047958106,1
126986,0,1,0.8198933,0
126987,1,1,1.0,1
126988,1,1,0.99986863,1
126989,1,1,1.0,1
126990,1,1,0.9999459,1
126991,1,1,1.0,1
126992,1,1,0.961171,1
126993,0,0,0.040807478,1
126994,0,1,0.9999962,0
126995,1,1,0.9627082,1
126996,0,0,0.17349815,1
126997,1,0,0.012170629,0
126998,0,0,0.32815254,1
126999,1,0,0.3271307,0
127000,1,1,0.99025387,1
127001,1,1,0.99999917,1
127002,1,0,0.21725449,0
127003,1,1,0.95755655,1
127004,0,0,0.100701615,1
127005,0,0,0.1056711,1
127006,0,1,0.40533105,0
127007,1,1,0.99981624,1
127008,0,1,0.99999976,0
127009,0,0,0.05975658,1
127010,1,1,1.0,1
127011,0,0,0.085632786,1
127012,1,1,0.99805814,1
127013,0,0,0.042922337,1
127014,1,1,1.0,1
127015,1,1,0.68336666,1
127016,1,1,0.99999964,1
127017,0,1,0.8109285,0
127018,0,0,0.16796798,1
127019,1,1,0.9999958,1
127020,1,0,0.07978202,0
127021,0,1,0.99719363,0
127022,0,1,0.99998164,0
127023,1,1,0.48986956,1
127024,1,1,1.0,1
127025,0,0,0.011115014,1
127026,1,0,0.107812636,0
127027,1,1,0.8441522,1
127028,1,0,0.02640552,0
127029,1,0,0.24220563,0
127030,1,1,0.99984396,1
127031,1,1,0.9999958,1
127032,0,1,0.6727081,0
127033,0,1,0.9997826,0
127034,1,1,1.0,1
127035,0,1,0.88563144,0
127036,0,0,0.04535258,1
127037,0,1,0.4791381,0
127038,0,1,0.50640833,0
127039,0,1,0.98571813,0
127040,1,0,0.11250255,0
127041,1,1,0.55922985,1
127042,0,0,0.17342815,1
127043,1,1,1.0,1
127044,0,0,0.15171777,1
127045,1,1,0.99999213,1
127046,1,1,0.9999943,1
127047,1,1,0.9930559,1
127048,1,1,0.95594025,1
127049,1,0,0.02917362,0
127050,1,1,0.91655886,1
127051,1,0,0.08122775,0
127052,1,1,0.9999212,1
127053,1,0,0.009161027,0
127054,1,1,0.8272706,1
127055,1,0,0.107812636,0
127056,1,1,0.9913223,1
127057,0,1,0.9995372,0
127058,1,0,0.023109278,0
127059,1,1,0.48956448,1
127060,0,1,0.7546439,0
127061,0,1,0.9890343,0
127062,0,1,0.9160345,0
127063,1,1,0.99184376,1
127064,1,1,0.9923786,1
127065,0,1,0.5836187,0
127066,1,1,0.97494066,1
127067,1,1,0.668718,1
127068,1,1,0.9999471,1
127069,1,1,0.99999976,1
127070,1,1,1.0,1
127071,0,0,0.041230027,1
127072,1,1,1.0,1
127073,1,1,0.9152803,1
127074,1,1,0.9999999,1
127075,0,1,0.97436166,0
127076,1,1,0.9997336,1
127077,1,0,0.020964239,0
127078,0,1,0.9944666,0
127079,0,1,0.7434475,0
127080,1,1,0.9999982,1
127081,1,1,0.9395816,1
127082,1,1,1.0,1
127083,0,1,0.7186438,0
127084,1,1,0.9965837,1
127085,1,0,0.026280278,0
127086,1,1,0.9999999,1
127087,0,0,0.20236439,1
127088,1,0,0.263789,0
127089,1,1,0.99897975,1
127090,1,1,0.84208554,1
127091,1,0,0.0046185427,0
127092,1,1,0.9999943,1
127093,0,1,0.83960253,0
127094,1,1,1.0,1
127095,1,1,0.5560983,1
127096,1,1,0.8978745,1
127097,1,1,0.9999505,1
127098,1,1,1.0,1
127099,1,1,0.99434716,1
127100,1,0,0.0607519,0
127101,0,1,0.3891112,0
127102,1,1,0.9999316,1
127103,0,1,0.99856746,0
127104,1,1,1.0,1
127105,1,0,0.03521114,0
127106,1,1,0.9708264,1
127107,0,1,0.9995703,0
127108,1,1,0.9408984,1
127109,1,1,0.87935406,1
127110,1,1,0.6339203,1
127111,1,1,0.8008478,1
127112,1,0,0.15565515,0
127113,1,1,0.9999691,1
127114,0,0,0.28037,1
127115,1,1,0.95565146,1
127116,0,1,1.0,0
127117,0,0,0.17809658,1
127118,1,1,0.99999535,1
127119,1,1,1.0,1
127120,0,1,0.75752544,0
127121,0,0,0.045521997,1
127122,0,1,0.98427594,0
127123,0,0,0.15234725,1
127124,0,1,0.9534054,0
127125,1,1,0.9527942,1
127126,1,1,0.37319025,1
127127,1,1,0.950503,1
127128,1,1,0.9999994,1
127129,1,1,1.0,1
127130,0,1,0.6542875,0
127131,1,1,0.99999976,1
127132,0,0,0.07723879,1
127133,1,0,0.022032263,0
127134,0,1,0.7322091,0
127135,0,1,0.9888204,0
127136,0,0,0.34306657,1
127137,0,0,0.0808641,1
127138,1,1,0.88543355,1
127139,1,0,0.10999224,0
127140,0,0,0.010509383,1
127141,1,1,1.0,1
127142,0,0,0.12064587,1
127143,0,0,0.2718312,1
127144,0,0,0.2338813,1
127145,1,1,0.99999857,1
127146,1,1,0.7432146,1
127147,1,1,0.4977417,1
127148,1,1,0.99783844,1
127149,0,1,0.9698712,0
127150,0,0,0.009764972,1
127151,1,1,0.84234506,1
127152,0,1,0.8057851,0
127153,1,1,0.99999213,1
127154,0,0,0.017644463,1
127155,1,1,0.971537,1
127156,0,0,0.26067168,1
127157,1,1,0.99977034,1
127158,0,1,0.500122,0
127159,1,1,0.9988796,1
127160,1,0,0.18757874,0
127161,0,0,0.31515607,1
127162,0,1,0.9859093,0
127163,0,0,0.12576161,1
127164,1,1,0.3540421,1
127165,0,1,0.5521171,0
127166,0,0,0.04142348,1
127167,1,1,0.6657909,1
127168,0,1,0.91655886,0
127169,0,1,0.97503597,0
127170,0,0,0.010209055,1
127171,1,1,1.0,1
127172,0,1,0.61242557,0
127173,1,1,1.0,1
127174,1,1,0.99999845,1
127175,1,0,0.087096825,0
127176,1,1,0.94266534,1
127177,0,0,0.2962978,1
127178,0,0,0.2188363,1
127179,1,1,0.9890976,1
127180,0,1,0.648188,0
127181,0,0,0.2256725,1
127182,1,1,0.99978346,1
127183,0,1,0.938124,0
127184,1,1,0.9989956,1
127185,1,0,0.19837458,0
127186,1,0,0.04611975,0
127187,1,1,0.9988121,1
127188,1,1,0.99900144,1
127189,1,0,0.09825224,0
127190,0,0,0.29782718,1
127191,0,1,0.9914391,0
127192,1,0,0.17196317,0
127193,1,1,0.9999862,1
127194,1,1,0.4741442,1
127195,1,1,1.0,1
127196,1,0,0.10185715,0
127197,0,0,0.11008789,1
127198,1,1,0.9999151,1
127199,0,0,0.23563562,1
127200,1,1,1.0,1
127201,0,1,0.40586078,0
127202,1,1,1.0,1
127203,0,0,0.043895524,1
127204,0,1,0.9906961,0
127205,0,0,0.34925526,1
127206,1,1,0.6865277,1
127207,0,1,0.9997757,0
127208,1,0,0.17476209,0
127209,1,1,1.0,1
127210,1,0,0.008299687,0
127211,0,1,0.98722816,0
127212,0,1,0.5181805,0
127213,1,1,1.0,1
127214,1,1,0.99999905,1
127215,1,1,0.9864157,1
127216,1,1,0.9983612,1
127217,1,1,1.0,1
127218,1,1,0.9999641,1
127219,1,1,0.99999976,1
127220,0,1,0.99907637,0
127221,0,0,0.036254164,1
127222,0,1,0.9261035,0
127223,0,1,0.35259178,0
127224,0,1,0.7673414,0
127225,1,0,0.2222778,0
127226,1,1,1.0,1
127227,0,1,0.72081065,0
127228,0,1,0.9999999,0
127229,0,0,0.22380088,1
127230,1,0,0.0012497095,0
127231,1,0,0.032191858,0
127232,1,1,0.9999957,1
127233,1,1,0.93195957,1
127234,1,1,0.7489954,1
127235,0,0,0.05122493,1
127236,0,0,0.25982565,1
127237,1,1,0.9953635,1
127238,0,1,0.4884359,0
127239,1,1,0.9999814,1
127240,0,1,0.99947566,0
127241,1,0,0.011309892,0
127242,1,1,0.99998975,1
127243,0,1,0.8393393,0
127244,0,0,0.11269772,1
127245,1,1,0.99999905,1
127246,1,1,0.8733229,1
127247,0,1,0.89077026,0
127248,1,1,0.7642764,1
127249,1,0,0.045268096,0
127250,1,0,0.32477057,0
127251,1,1,0.9970822,1
127252,0,1,0.5131196,0
127253,1,1,0.9999999,1
127254,0,0,0.020844316,1
127255,1,1,0.9995963,1
127256,0,0,0.3344264,1
127257,1,1,0.83575183,1
127258,0,0,0.004564981,1
127259,0,1,0.79865825,0
127260,0,0,0.14909723,1
127261,1,1,0.59425694,1
127262,1,1,0.999941,1
127263,0,0,0.0140907345,1
127264,0,0,0.2500877,1
127265,1,1,0.9983386,1
127266,1,1,0.9999999,1
127267,0,0,0.2520157,1
127268,1,0,0.12147716,0
127269,0,1,0.9704926,0
127270,0,1,0.9999181,0
127271,0,1,0.5250035,0
127272,1,1,0.99999094,1
127273,1,1,0.99256825,1
127274,0,0,0.07942426,1
127275,0,0,0.07100922,1
127276,0,0,0.2424746,1
127277,0,1,0.9898107,0
127278,0,1,0.9046505,0
127279,1,0,0.10132237,0
127280,1,1,0.9999974,1
127281,0,1,0.3511998,0
127282,0,0,0.1297883,1
127283,0,0,0.18892181,1
127284,0,0,0.18602112,1
127285,1,1,1.0,1
127286,0,1,0.4990845,0
127287,1,1,0.6025294,1
127288,0,1,0.8624676,0
127289,0,0,0.2608599,1
127290,0,1,0.9999634,0
127291,1,1,1.0,1
127292,0,0,0.1653908,1
127293,1,1,0.84972197,1
127294,1,1,1.0,1
127295,0,1,0.77055115,0
127296,1,0,0.14282864,0
127297,0,1,0.71701187,0
127298,0,0,0.06884988,1
127299,1,1,1.0,1
127300,1,1,1.0,1
127301,0,0,0.047780067,1
127302,0,0,0.10875559,1
127303,0,0,0.05531065,1
127304,0,1,0.99974483,0
127305,1,1,0.8711464,1
127306,1,1,0.99966526,1
127307,1,1,0.99994373,1
127308,1,0,0.047913536,0
127309,1,1,0.96992815,1
127310,0,1,0.71933436,0
127311,1,1,0.4882834,1
127312,1,1,0.8535469,1
127313,0,0,0.08471965,1
127314,1,1,0.9991204,1
127315,1,1,0.99951875,1
127316,1,0,0.3006429,0
127317,1,0,0.13551785,0
127318,1,1,0.81286734,1
127319,0,1,0.9996977,0
127320,0,0,0.19034748,1
127321,0,0,0.03715183,1
127322,1,1,0.9999337,1
127323,0,1,0.9797259,0
127324,1,0,0.094594024,0
127325,0,1,0.99984276,0
127326,0,0,0.058884703,1
127327,0,0,0.058131598,1
127328,1,1,0.9993449,1
127329,1,1,0.9999999,1
127330,1,1,0.9988213,1
127331,1,1,1.0,1
127332,1,1,0.9999999,1
127333,0,1,0.97708833,0
127334,0,1,0.6615403,0
127335,0,0,0.10176784,1
127336,1,0,0.21239536,0
127337,1,1,0.9999987,1
127338,1,1,0.6989977,1
127339,0,0,0.18616903,1
127340,0,0,0.18322797,1
127341,1,0,0.1647851,0
127342,1,1,0.99995995,1
127343,0,1,0.99933714,0
127344,1,0,0.027822025,0
127345,1,1,0.9999889,1
127346,0,1,0.7584211,0
127347,0,0,0.10194652,1
127348,1,1,0.84556025,1
127349,1,1,0.44589144,1
127350,1,0,0.11446747,0
127351,1,1,0.99992836,1
127352,1,0,0.04001227,0
127353,1,0,0.059319146,0
127354,1,1,1.0,1
127355,1,1,0.99999976,1
127356,1,1,0.9999957,1
127357,1,1,0.99998665,1
127358,1,1,0.6983809,1
127359,1,1,0.99999654,1
127360,0,1,0.4205996,0
127361,0,1,0.8564525,0
127362,1,1,0.5262819,1
127363,1,1,0.9999981,1
127364,1,1,0.7254056,1
127365,1,1,0.95938325,1
127366,1,0,0.042443503,0
127367,1,1,0.9993436,1
127368,1,0,0.06198946,0
127369,1,1,1.0,1
127370,0,0,0.04177388,1
127371,0,1,0.9834387,0
127372,1,1,0.9999968,1
127373,1,1,0.78727776,1
127374,1,1,0.36279985,1
127375,0,0,0.115960725,1
127376,1,1,1.0,1
127377,0,0,0.12147716,1
127378,0,0,0.03374837,1
127379,0,1,0.4213137,0
127380,1,0,0.22550188,0
127381,1,1,0.9969663,1
127382,0,1,0.99986124,0
127383,0,1,0.9980354,0
127384,1,0,0.18535665,0
127385,0,1,0.9916842,0
127386,1,1,0.9999993,1
127387,1,1,0.99800056,1
127388,0,1,0.86960393,0
127389,1,0,0.07423137,0
127390,1,1,0.9999994,1
127391,0,0,0.042364188,1
127392,0,1,0.99854493,0
127393,1,0,0.03642515,0
127394,1,1,0.76559335,1
127395,0,1,0.8130158,0
127396,0,1,0.99605453,0
127397,1,1,0.9999994,1
127398,0,1,0.8597815,0
127399,1,1,0.99929166,1
127400,0,1,0.971537,0
127401,1,1,0.9999964,1
127402,1,1,0.9999502,1
127403,0,1,0.9999993,0
127404,1,1,0.97527254,1
127405,1,1,0.997065,1
127406,0,1,0.39376375,0
127407,0,1,0.9992792,0
127408,0,0,0.15987214,1
127409,0,1,0.99994373,0
127410,1,1,0.9849563,1
127411,1,1,0.9999964,1
127412,0,1,0.48468497,0
127413,1,1,0.73871624,1
127414,1,0,0.019271135,0
127415,1,1,0.999928,1
127416,1,1,0.9967013,1
127417,0,0,0.25321415,1
127418,1,1,0.99995863,1
127419,0,0,0.022032263,1
127420,1,0,0.049819652,0
127421,0,1,0.99527246,0
127422,0,1,0.63844085,0
127423,1,1,1.0,1
127424,0,0,0.1237887,1
127425,0,0,0.27786472,1
127426,1,1,0.99261135,1
127427,1,1,0.9995035,1
127428,0,1,0.88353777,0
127429,1,0,0.012945406,0
127430,1,0,0.0013617034,0
127431,0,0,0.34883922,1
127432,1,1,0.99952066,1
127433,1,1,0.9951984,1
127434,0,1,0.9614977,0
127435,0,0,0.15115306,1
127436,1,0,0.26650044,0
127437,1,1,0.56457865,1
127438,1,1,1.0,1
127439,1,1,0.42432252,1
127440,0,1,0.9964412,0
127441,1,1,0.5563393,1
127442,0,0,0.027454607,1
127443,0,1,0.6418153,0
127444,1,1,0.6579231,1
127445,0,1,0.9664738,0
127446,1,0,0.008627458,0
127447,1,0,0.0001823546,0
127448,0,0,0.2742056,1
127449,1,1,1.0,1
127450,1,1,1.0,1
127451,0,1,0.9470392,0
127452,0,0,0.22109832,1
127453,0,1,0.9998118,0
127454,1,0,0.064771704,0
127455,1,1,0.9989536,1
127456,1,1,0.99996877,1
127457,1,1,0.99984527,1
127458,0,0,0.0125279315,1
127459,0,1,0.79975533,0
127460,1,1,0.754915,1
127461,0,1,0.5567611,0
127462,1,1,0.90087914,1
127463,1,1,0.99999523,1
127464,0,1,0.90183425,0
127465,0,0,0.18039528,1
127466,0,1,0.5000305,0
127467,1,1,1.0,1
127468,0,1,0.64271283,0
127469,1,1,0.9908213,1
127470,0,0,0.09721884,1
127471,1,0,0.0006628099,0
127472,1,1,1.0,1
127473,1,1,0.99990356,1
127474,1,0,0.009394396,0
127475,1,1,0.8495972,1
127476,0,0,0.0085278,1
127477,1,1,1.0,1
127478,0,0,0.02655657,1
127479,0,1,0.4084832,0
127480,1,1,0.999941,1
127481,0,1,1.0,0
127482,1,1,0.99982184,1
127483,1,1,0.9992834,1
127484,0,0,0.18293586,1
127485,1,0,0.27997613,0
127486,0,1,0.9999865,0
127487,1,1,0.72501636,1
127488,1,1,0.9953635,1
127489,1,1,0.94208187,1
127490,0,1,0.971537,0
127491,1,1,0.99835473,1
127492,1,1,0.99962366,1
127493,0,1,0.9868787,0
127494,0,0,0.17092276,1
127495,1,0,0.25054586,0
127496,1,0,0.20418316,0
127497,0,1,0.9965503,0
127498,1,1,0.9999776,1
127499,0,0,0.006589771,1
127500,1,1,1.0,1
127501,1,1,0.9610615,1
127502,1,1,0.99999416,1
127503,0,0,0.21891974,1
127504,0,0,0.2220247,1
127505,1,1,1.0,1
127506,1,1,0.9997284,1
127507,0,1,0.9753196,0
127508,0,1,0.88543355,0
127509,0,1,0.40491918,0
127510,1,1,0.97991896,1
127511,1,0,0.0056309616,0
127512,0,0,0.107437484,1
127513,0,1,0.5749915,0
127514,1,1,0.66175896,1
127515,1,0,0.042403832,0
127516,0,1,0.81699115,0
127517,1,1,1.0,1
127518,1,1,0.99999964,1
127519,0,1,0.9959378,0
127520,0,1,0.37353298,0
127521,0,0,0.03882902,1
127522,0,1,0.9395816,0
127523,1,1,0.9971384,1
127524,1,1,1.0,1
127525,1,0,0.2200909,0
127526,1,1,0.72066325,1
127527,0,1,0.83615357,0
127528,1,1,0.9999995,1
127529,1,0,0.19938593,0
127530,0,1,0.98314995,0
127531,1,1,0.8525676,1
127532,0,0,0.0126982,1
127533,1,1,1.0,1
127534,0,1,0.54116637,0
127535,0,1,0.99196917,0
127536,0,1,0.9999945,0
127537,1,1,0.9995753,1
127538,0,1,0.6785932,0
127539,0,1,0.98466414,0
127540,1,1,0.9999292,1
127541,1,1,1.0,1
127542,0,1,0.79270506,0
127543,1,0,0.049635064,0
127544,1,0,0.0836655,0
127545,1,0,0.018089995,0
127546,1,1,0.9932288,1
127547,1,1,0.99999774,1
127548,0,1,0.94957596,0
127549,0,0,0.023554333,1
127550,0,0,0.010052368,1
127551,0,1,0.9921537,0
127552,1,0,0.0066282395,0
127553,1,1,1.0,1
127554,0,0,0.20418316,1
127555,1,0,0.026006784,0
127556,1,1,0.5986056,1
127557,1,0,0.21584621,0
127558,1,1,0.9999027,1
127559,0,1,0.99153805,0
127560,1,1,0.9718593,1
127561,1,1,0.91062486,1
127562,0,1,0.42922002,0
127563,1,1,0.99943525,1
127564,1,1,0.9235233,1
127565,1,0,0.049267832,0
127566,1,1,1.0,1
127567,0,1,0.92703366,0
127568,0,1,0.9786107,0
127569,0,0,0.13067321,1
127570,0,1,0.85919183,0
127571,0,1,0.38098922,0
127572,1,0,0.11018359,0
127573,0,1,0.99999976,0
127574,1,1,0.99665606,1
127575,1,1,0.99997914,1
127576,0,0,0.011552671,1
127577,0,1,0.36511704,0
127578,0,1,0.35504776,0
127579,0,0,0.06058495,1
127580,0,1,0.9987331,0
127581,1,1,0.9555271,1
127582,0,0,0.31405056,1
127583,1,1,1.0,1
127584,1,1,0.95934516,1
127585,1,1,0.999866,1
127586,0,0,0.017678348,1
127587,1,1,1.0,1
127588,0,0,0.24310295,1
127589,0,1,0.5142174,0
127590,1,1,0.9969066,1
127591,1,0,0.18249834,0
127592,0,0,0.029035643,1
127593,0,0,0.060031522,1
127594,1,1,1.0,1
127595,1,1,0.99999964,1
127596,0,0,0.21708846,1
127597,1,0,0.099382766,0
127598,1,1,0.9429286,1
127599,1,1,1.0,1
127600,1,1,0.96253246,1
127601,0,0,0.020081012,1
127602,1,1,0.9840783,1
127603,1,1,0.9907678,1
127604,0,1,0.79565805,0
127605,0,1,0.99999964,0
127606,1,1,0.9716986,1
127607,1,0,0.26345724,0
127608,0,1,0.7468782,0
127609,1,0,1.0370214e-05,0
127610,1,1,0.9621787,1
127611,0,0,0.15027805,1
127612,0,0,0.2174206,1
127613,1,0,0.07689149,0
127614,1,1,1.0,1
127615,0,0,0.2564594,1
127616,0,0,0.003614644,1
127617,1,1,0.9999666,1
127618,1,1,1.0,1
127619,0,1,0.76082844,0
127620,1,1,0.9841241,1
127621,0,0,0.21133544,1
127622,1,0,0.12090512,0
127623,1,1,0.91573364,1
127624,1,1,0.4971924,1
127625,1,1,0.9991943,1
127626,1,1,1.0,1
127627,1,1,0.9999999,1
127628,1,0,0.26431087,0
127629,1,1,1.0,1
127630,0,0,0.032805953,1
127631,0,1,0.99999774,0
127632,0,1,0.7216942,0
127633,0,0,0.08151975,1
127634,1,0,0.14481276,0
127635,1,1,0.9911698,1
127636,1,1,1.0,1
127637,0,0,0.1407491,1
127638,0,0,0.0074317735,1
127639,0,1,0.9999924,0
127640,0,0,0.09268777,1
127641,0,0,0.027376488,1
127642,1,1,0.9990207,1
127643,0,1,0.5025635,0
127644,0,0,0.01287075,1
127645,1,1,0.988425,1
127646,1,1,0.99678373,1
127647,0,1,0.41211602,0
127648,0,0,0.17709816,1
127649,0,0,0.33928013,1
127650,1,1,0.6106276,1
127651,0,0,0.025298966,1
127652,0,1,0.9980161,0
127653,0,0,0.22017473,1
127654,1,1,0.99999976,1
127655,0,0,0.008627458,1
127656,1,0,0.1098012,0
127657,1,0,0.15140381,0
127658,1,1,1.0,1
127659,1,1,0.9999778,1
127660,0,0,0.2351962,1
127661,0,0,0.025957359,1
127662,1,1,0.9328826,1
127663,0,0,0.032620545,1
127664,0,0,0.3029579,1
127665,1,1,1.0,1
127666,0,1,0.8692713,0
127667,1,1,0.998487,1
127668,1,1,0.4422149,1
127669,0,0,0.013715874,1
127670,1,0,0.24184734,0
127671,0,0,0.021267017,1
127672,0,1,0.53260744,0
127673,1,1,1.0,1
127674,1,1,0.9999845,1
127675,1,1,0.96964204,1
127676,1,1,0.9995995,1
127677,1,0,0.16079244,0
127678,1,1,0.9999453,1
127679,1,0,0.25506523,0
127680,1,1,0.9996352,1
127681,0,0,0.18594721,1
127682,1,1,0.7588682,1
127683,1,1,0.9999678,1
127684,0,1,0.9610981,0
127685,1,1,0.9999994,1
127686,1,1,0.80821866,1
127687,1,1,0.76480377,1
127688,1,1,0.9055731,1
127689,1,1,0.9999994,1
127690,0,1,0.6863175,0
127691,0,1,0.666334,0
127692,0,1,0.84389514,0
127693,1,0,0.18010665,0
127694,0,1,0.87987113,0
127695,0,0,0.20745546,1
127696,1,1,1.0,1
127697,1,1,0.5264036,1
127698,1,1,0.9999994,1
127699,1,1,0.9999993,1
127700,0,0,0.2244802,1
127701,1,0,0.073963374,0
127702,1,1,0.99997354,1
127703,1,0,0.1368966,0
127704,1,1,1.0,1
127705,1,1,1.0,1
127706,0,0,0.052279223,1
127707,1,1,0.99964786,1
127708,0,0,0.13324596,1
127709,0,1,0.47776735,0
127710,1,1,1.0,1
127711,1,1,1.0,1
127712,0,1,0.3551037,0
127713,1,1,0.5086661,1
127714,0,0,0.05525965,1
127715,1,1,0.9173767,1
127716,1,0,0.048903175,0
127717,0,1,0.9049869,0
127718,0,0,0.17504396,1
127719,1,1,0.9998957,1
127720,1,1,0.97093683,1
127721,1,1,0.999864,1
127722,0,0,0.02884354,1
127723,1,1,1.0,1
127724,1,0,0.13586143,0
127725,1,1,0.9993893,1
127726,1,1,0.99936503,1
127727,0,0,0.35075492,1
127728,1,1,0.9999999,1
127729,1,1,0.9999372,1
127730,0,1,0.9180404,0
127731,1,1,0.9993773,1
127732,0,1,0.7018664,0
127733,0,1,0.92262185,0
127734,1,1,0.99533635,1
127735,0,0,0.10456872,1
127736,0,1,0.9998036,0
127737,1,1,0.99974483,1
127738,1,1,0.9996178,1
127739,0,0,0.13426429,1
127740,1,1,1.0,1
127741,1,1,1.0,1
127742,1,1,0.98549646,1
127743,0,0,0.10167862,1
127744,1,1,0.9999989,1
127745,0,1,0.5280467,0
127746,1,1,0.997358,1
127747,1,1,0.9790558,1
127748,1,0,0.0068504806,0
127749,0,0,0.052862898,1
127750,1,1,1.0,1
127751,1,1,0.9999573,1
127752,1,1,0.9951514,1
127753,0,0,0.02092419,1
127754,0,0,0.09955772,1
127755,1,1,1.0,1
127756,1,1,0.99990356,1
127757,0,0,0.025932675,1
127758,1,0,0.27761984,0
127759,0,1,0.96378,0
127760,1,1,0.9989857,1
127761,1,0,0.07389652,0
127762,1,0,0.10739067,0
127763,0,1,0.9999918,0
127764,0,1,0.9507321,0
127765,1,1,0.9999949,1
127766,0,1,0.9955403,0
127767,1,1,0.94208187,1
127768,1,1,1.0,1
127769,0,1,0.9999652,0
127770,0,0,0.33122793,1
127771,0,0,0.13678125,1
127772,1,1,0.9999987,1
127773,1,1,0.9997942,1
127774,0,0,0.052814018,1
127775,1,1,0.9988949,1
127776,1,1,1.0,1
127777,0,0,0.055208687,1
127778,0,0,0.19467384,1
127779,1,0,0.22286923,0
127780,0,0,0.08616955,1
127781,1,1,0.78224695,1
127782,0,0,0.06278921,1
127783,0,1,0.9999994,0
127784,1,1,0.7014575,1
127785,0,0,0.08035747,1
127786,0,0,0.28239402,1
127787,1,1,1.0,1
127788,0,1,0.9935868,0
127789,1,1,1.0,1
127790,1,1,0.9976859,1
127791,1,1,0.9456509,1
127792,1,1,1.0,1
127793,1,1,0.88100195,1
127794,0,0,0.026355354,1
127795,1,0,0.042166542,0
127796,0,1,0.6241217,0
127797,0,0,0.013402403,1
127798,1,1,0.96888566,1
127799,0,0,0.05839952,1
127800,0,1,0.98886347,0
127801,1,1,0.99864894,1
127802,1,1,1.0,1
127803,1,1,1.0,1
127804,0,1,0.72095805,0
127805,0,1,0.8470844,0
127806,0,0,0.091382094,1
127807,1,1,0.9773492,1
127808,1,1,0.99979585,1
127809,0,0,0.105948284,1
127810,0,0,0.04881241,1
127811,0,1,0.8449215,0
127812,0,1,0.8112278,0
127813,0,0,0.14086723,1
127814,1,1,0.6078378,1
127815,0,1,0.8821236,0
127816,1,1,0.9999963,1
127817,1,1,0.99999964,1
127818,0,1,0.44510737,0
127819,1,1,0.46967226,1
127820,0,0,0.09929539,1
127821,0,1,0.5474641,0
127822,0,1,0.6801886,0
127823,1,0,0.14069007,0
127824,0,1,1.0,0
127825,0,0,0.17688479,1
127826,1,1,0.99999976,1
127827,0,0,0.06394842,1
127828,1,1,0.43176386,1
127829,0,0,0.15629797,1
127830,0,0,0.018707229,1
127831,1,1,0.6918618,1
127832,0,0,0.25224587,1
127833,0,1,0.51805854,0
127834,1,0,0.31352484,0
127835,0,0,0.01539492,1
127836,0,0,0.043609526,1
127837,0,1,0.9999039,0
127838,0,1,0.9928092,0
127839,0,0,0.00946738,1
127840,0,0,0.02576056,1
127841,1,1,0.9589625,1
127842,0,0,0.14092635,1
127843,1,0,0.1302301,0
127844,0,0,0.01287075,1
127845,0,0,0.05374995,1
127846,0,1,0.99983203,0
127847,1,1,0.9999999,1
127848,0,0,0.24463357,1
127849,0,0,0.01161977,1
127850,0,0,0.24653336,1
127851,1,0,0.20513694,0
127852,0,0,0.055515114,1
127853,0,1,0.53449106,0
127854,0,0,0.10221505,1
127855,0,1,0.9014011,0
127856,1,0,0.070176296,0
127857,0,0,0.054399315,1
127858,0,0,0.100348406,1
127859,1,0,0.09790669,0
127860,1,1,0.9934738,1
127861,0,1,1.0,0
127862,0,1,0.99999976,0
127863,1,1,0.98582757,1
127864,0,1,0.98442644,0
127865,1,0,0.17497346,0
127866,1,0,0.17881243,0
127867,0,0,0.25543654,1
127868,1,1,1.0,1
127869,0,0,0.0275591,1
127870,1,1,1.0,1
127871,1,0,0.2828395,0
127872,0,1,0.9621432,0
127873,0,0,0.052037824,1
127874,1,1,0.9999999,1
127875,1,1,1.0,1
127876,0,0,0.30533472,1
127877,1,0,0.32044902,0
127878,1,1,0.9813107,1
127879,1,1,1.0,1
127880,0,1,0.8607207,0
127881,0,1,0.97455615,0
127882,1,1,0.900267,1
127883,1,1,0.99999547,1
127884,1,1,0.9081302,1
127885,1,1,0.69755745,1
127886,0,0,0.1621809,1
127887,0,0,0.27815872,1
127888,0,1,0.9075583,0
127889,1,1,1.0,1
127890,0,1,0.99528164,0
127891,0,1,0.9781563,0
127892,0,0,0.19946387,1
127893,0,1,0.86339164,0
127894,1,1,0.9900636,1
127895,0,1,0.9983675,0
127896,1,1,0.9997893,1
127897,0,1,0.46833465,0
127898,0,1,0.5070796,0
127899,0,1,0.9628831,0
127900,0,1,0.99674594,0
127901,1,0,0.0275591,0
127902,1,1,0.9925249,1
127903,1,1,0.9267028,1
127904,0,0,0.029929746,1
127905,0,1,0.9993,0
127906,1,1,0.9988305,1
127907,1,1,0.9931363,1
127908,1,1,1.0,1
127909,1,1,1.0,1
127910,1,1,0.99969935,1
127911,0,0,0.08961382,1
127912,1,1,0.76410043,1
127913,0,1,0.9497627,0
127914,0,1,0.99999964,0
127915,1,1,1.0,1
127916,0,1,0.9001793,0
127917,0,1,0.9977349,0
127918,0,1,0.3577358,0
127919,1,0,0.2875177,0
127920,0,0,0.28866935,1
127921,1,1,0.99999595,1
127922,0,0,0.2129677,1
127923,1,1,0.5397111,1
127924,0,1,0.37039617,0
127925,1,0,0.033242542,0
127926,1,1,0.9997241,1
127927,0,1,0.996123,0
127928,0,1,1.0,0
127929,1,1,0.9977349,1
127930,0,0,0.070623666,1
127931,1,1,0.99999785,1
127932,1,1,1.0,1
127933,1,1,0.99999714,1
127934,1,1,1.0,1
127935,0,1,0.8548847,0
127936,0,1,0.8934954,0
127937,1,0,0.025883388,0
127938,1,1,1.0,1
127939,1,1,0.9534488,1
127940,0,0,0.21700546,1
127941,1,1,0.87418467,1
127942,0,1,0.9915216,0
127943,0,0,0.032009803,1
127944,1,1,0.96644217,1
127945,0,0,0.110855594,1
127946,0,1,0.8178656,0
127947,0,0,0.23493281,1
127948,0,0,0.1583695,1
127949,0,0,0.050893724,1
127950,1,1,0.9999894,1
127951,0,0,0.18967113,1
127952,1,1,0.76260096,1
127953,1,1,0.9999969,1
127954,0,0,0.0013354007,1
127955,0,1,0.856092,0
127956,1,0,0.14535783,0
127957,0,0,0.08740792,1
127958,1,1,0.9600627,1
127959,0,1,0.99964297,0
127960,1,1,0.99947566,1
127961,0,1,0.7647159,0
127962,0,0,0.18010665,1
127963,1,1,0.79246426,1
127964,1,1,0.88363826,1
127965,0,0,0.091058284,1
127966,0,0,0.30136207,1
127967,0,1,0.99996173,0
127968,1,0,0.050051305,0
127969,1,1,0.9969897,1
127970,1,1,1.0,1
127971,0,1,0.7407843,0
127972,1,1,0.99420255,1
127973,1,0,0.34997696,0
127974,0,1,0.71348155,0
127975,1,1,0.99999976,1
127976,0,1,0.7353091,0
127977,0,0,0.32664722,1
127978,0,0,0.12874407,1
127979,0,0,0.024076486,1
127980,0,0,0.15533453,1
127981,1,0,0.02753294,0
127982,1,1,0.9999615,1
127983,1,1,0.65770334,1
127984,0,1,0.45323157,0
127985,1,0,0.20890425,0
127986,0,1,0.96448904,0
127987,0,0,0.26549944,1
127988,1,1,0.9826909,1
127989,0,0,0.11621123,1
127990,1,1,0.5670977,1
127991,1,0,0.03701235,0
127992,0,1,0.69113266,0
127993,1,1,0.9988949,1
127994,0,0,0.04518376,1
127995,1,1,0.73848057,1
127996,0,0,0.29401222,1
127997,1,1,1.0,1
127998,1,1,0.99372226,1
127999,0,1,0.9939143,0
128000,1,1,0.9999989,1
128001,0,1,0.76629364,0
128002,0,0,0.32140672,1
128003,1,0,0.0808641,0
128004,1,0,0.27649513,0
128005,1,0,0.10631887,0
128006,0,1,0.83467656,0
128007,1,1,0.9836285,1
128008,0,1,0.745491,0
128009,1,1,0.99997306,1
128010,1,1,0.99894947,1
128011,0,1,0.99174845,0
128012,1,1,1.0,1
128013,1,1,1.0,1
128014,1,0,0.18602112,0
128015,1,1,0.9997981,1
128016,1,1,1.0,1
128017,1,1,0.9999999,1
128018,1,1,1.0,1
128019,1,1,0.9999331,1
128020,1,1,1.0,1
128021,0,0,0.069921836,1
128022,0,0,0.07999737,1
128023,1,1,0.9828562,1
128024,1,1,0.99999475,1
128025,0,1,0.9999994,0
128026,0,1,0.44703785,0
128027,1,1,0.9999521,1
128028,0,1,0.43008748,0
128029,0,1,0.99532723,0
128030,1,1,0.87472075,1
128031,0,1,0.8356178,0
128032,1,0,0.043731883,0
128033,0,0,0.043568812,1
128034,1,1,0.9982692,1
128035,1,1,0.9999987,1
128036,0,0,0.19095021,1
128037,0,0,0.051510453,1
128038,1,0,0.027014792,0
128039,1,1,0.99997556,1
128040,0,0,0.046335038,1
128041,0,1,0.4249787,0
128042,0,0,0.05170164,1
128043,1,1,0.89460546,1
128044,1,0,0.050237365,0
128045,1,1,0.4197966,1
128046,1,1,0.9615699,1
128047,0,0,0.03652812,1
128048,1,1,1.0,1
128049,1,1,0.9999881,1
128050,0,0,0.27386558,1
128051,0,1,0.9999976,0
128052,1,1,0.9999994,1
128053,1,1,0.8322367,1
128054,0,0,0.019382192,1
128055,0,1,0.8103289,0
128056,1,1,0.9993462,1
128057,1,1,0.9994715,1
128058,1,1,0.99999416,1
128059,1,0,0.06412401,0
128060,1,1,1.0,1
128061,1,1,0.99996054,1
128062,0,0,0.09645018,1
128063,0,0,0.16317856,1
128064,1,1,0.88263035,1
128065,1,1,0.99306935,1
128066,0,1,0.6323325,0
128067,0,0,0.12808825,1
128068,1,1,0.48822236,1
128069,1,1,0.8911497,1
128070,0,0,0.00689046,1
128071,1,1,0.9724409,1
128072,1,0,0.058131598,0
128073,1,1,0.99935,1
128074,0,1,0.9999968,0
128075,0,0,0.06542547,1
128076,0,1,0.6557219,0
128077,1,1,1.0,1
128078,0,0,0.03442355,1
128079,0,0,0.06766981,1
128080,1,1,0.7925445,1
128081,1,1,0.99521697,1
128082,0,0,0.21255875,1
128083,1,1,0.997537,1
128084,1,1,0.99812514,1
128085,0,0,0.014985891,1
128086,1,1,1.0,1
128087,0,1,0.99420255,0
128088,0,0,0.1509652,1
128089,1,1,1.0,1
128090,1,1,0.98535615,1
128091,1,1,0.99996424,1
128092,1,1,0.9923044,1
128093,0,1,0.9991066,0
128094,1,0,0.055720285,0
128095,1,1,0.9645224,1
128096,1,1,0.99038494,1
128097,0,1,0.61277324,0
128098,1,1,1.0,1
128099,1,1,0.5474641,1
128100,1,0,0.2699025,0
128101,1,0,0.23065974,0
128102,0,0,0.07389652,1
128103,1,1,1.0,1
128104,1,1,1.0,1
128105,1,0,0.1098012,0
128106,1,1,1.0,1
128107,0,0,0.065365784,1
128108,1,0,0.23616374,0
128109,1,1,0.99939525,1
128110,0,1,0.5837373,0
128111,1,1,0.9999684,1
128112,1,1,0.9976126,1
128113,0,1,0.5434085,0
128114,0,1,0.44338953,0
128115,1,1,1.0,1
128116,1,1,0.99997413,1
128117,1,1,0.8418256,1
128118,1,1,0.99575186,1
128119,0,1,0.43437132,0
128120,1,0,0.02218004,0
128121,1,1,1.0,1
128122,1,0,0.022074388,0
128123,0,0,0.0077555366,1
128124,1,1,0.9894499,1
128125,0,1,0.99698395,0
128126,0,0,0.0026061656,1
128127,0,1,0.9999808,0
128128,0,0,0.090735495,1
128129,1,1,0.9960776,1
128130,1,1,0.9996923,1
128131,1,1,1.0,1
128132,0,1,0.9999286,0
128133,0,1,0.95159405,0
128134,0,0,0.09842541,1
128135,0,0,0.16224726,1
128136,0,1,0.971537,0
128137,1,1,0.9999826,1
128138,1,1,0.99998844,1
128139,1,1,0.73206544,1
128140,1,1,0.989791,1
128141,0,0,0.0044079763,1
128142,0,1,0.8866169,0
128143,1,0,0.03541073,0
128144,0,0,0.02092419,1
128145,0,1,0.9155828,0
128146,0,0,0.23440666,1
128147,1,1,0.97856975,1
128148,0,1,0.4645979,0
128149,0,1,0.7432612,0
128150,1,0,0.19444428,0
128151,0,1,0.7394224,0
128152,0,0,0.09611029,1
128153,1,1,0.9996395,1
128154,0,0,0.03374837,1
128155,0,0,0.0035518843,1
128156,0,1,0.9822366,0
128157,0,0,0.10141131,1
128158,0,0,0.067485206,1
128159,1,1,1.0,1
128160,0,0,0.21141684,1
128161,1,1,0.9966949,1
128162,1,1,1.0,1
128163,1,1,0.85919183,1
128164,1,1,0.92860323,1
128165,0,1,0.9212869,0
128166,0,0,0.16465074,1
128167,0,0,0.2045007,1
128168,1,1,0.9995883,1
128169,1,1,1.0,1
128170,0,1,0.9994035,0
128171,1,1,0.99983907,1
128172,0,0,0.30673468,1
128173,0,0,0.1297883,1
128174,1,1,0.7802442,1
128175,0,0,0.07185127,1
128176,1,1,0.9957848,1
128177,0,1,0.8957053,0
128178,0,1,0.99999595,0
128179,0,1,0.3652303,0
128180,0,0,0.21125406,1
128181,0,0,0.17996249,1
128182,0,1,0.7639243,0
128183,1,0,0.29746994,0
128184,0,0,0.25432372,1
128185,1,1,0.9999999,1
128186,1,1,0.99999416,1
128187,1,1,0.99176437,1
128188,0,1,0.5049437,0
128189,1,1,0.7802442,1
128190,0,0,0.059866417,1
128191,0,0,0.070495576,1
128192,0,0,0.26199123,1
128193,1,1,0.9995092,1
128194,0,1,0.7484902,0
128195,0,0,0.23423143,1
128196,1,1,1.0,1
128197,1,1,0.9999621,1
128198,1,1,0.9326989,1
128199,0,1,0.9973888,0
128200,1,1,0.99812144,1
128201,1,0,0.095518075,0
128202,0,0,0.009974921,1
128203,1,1,0.99999976,1
128204,0,0,0.010388217,1
128205,1,1,0.6709857,1
128206,1,1,0.41688564,1
128207,0,1,0.9674718,0
128208,0,1,0.6639413,0
128209,1,0,0.03839402,0
128210,1,1,1.0,1
128211,0,1,0.9839091,0
128212,1,1,1.0,1
128213,1,1,0.83169055,1
128214,0,0,0.02854415,1
128215,1,0,0.3205022,0
128216,0,0,0.069541745,1
128217,1,0,0.11981949,0
128218,0,0,0.07661468,1
128219,1,1,0.9999969,1
128220,1,1,0.3925115,1
128221,1,1,0.9486325,1
128222,0,1,0.9842457,0
128223,0,1,0.41140643,0
128224,1,1,0.9499023,1
128225,0,0,0.094594024,1
128226,0,1,0.9217107,0
128227,1,1,1.0,1
128228,0,1,0.9405172,0
128229,0,1,0.35885847,0
128230,1,1,0.9999999,1
128231,0,1,0.702377,0
128232,0,1,0.82587075,0
128233,0,0,0.2604835,1
128234,1,1,0.9997209,1
128235,1,0,0.05577169,0
128236,1,1,0.6164164,1
128237,1,1,0.9999355,1
128238,0,0,0.07892589,1
128239,1,0,0.18206167,0
128240,0,1,0.7151257,0
128241,1,1,0.9999578,1
128242,1,0,0.13568954,0
128243,0,1,0.6307418,0
128244,0,0,0.12463858,1
128245,0,0,0.07661468,1
128246,0,1,0.8984996,0
128247,1,0,0.0369428,0
128248,1,1,1.0,1
128249,0,1,0.6664425,0
128250,1,1,0.7483523,1
128251,0,0,0.056809194,1
128252,1,0,0.14657521,0
128253,1,1,0.9961306,1
128254,0,0,0.10771874,1
128255,1,1,0.661431,1
128256,0,0,0.16789973,1
128257,0,0,0.00498227,1
128258,1,1,0.9923638,1
128259,1,1,1.0,1
128260,1,1,0.9999999,1
128261,1,0,0.01566365,0
128262,1,1,0.87256473,1
128263,0,0,0.010368156,1
128264,0,1,0.9999994,0
128265,0,1,0.99502736,0
128266,0,0,0.024703868,1
128267,1,1,0.9998989,1
128268,0,0,0.255158,1
128269,0,0,0.044597577,1
128270,1,1,0.394405,1
128271,1,1,1.0,1
128272,1,1,1.0,1
128273,1,0,0.1939858,0
128274,1,1,0.35170063,1
128275,1,1,1.0,1
128276,1,1,0.99770385,1
128277,0,1,0.908618,0
128278,1,1,0.8472108,1
128279,0,0,0.02732453,1
128280,0,1,0.99999964,0
128281,0,0,0.065904796,1
128282,1,1,0.49310347,1
128283,1,1,0.9257686,1
128284,1,1,0.83548355,1
128285,0,0,0.07654563,1
128286,0,0,0.33769476,1
128287,0,1,0.99999976,0
128288,0,0,0.016403032,1
128289,1,1,0.8556101,1
128290,0,1,0.87037706,0
128291,1,1,0.56079394,1
128292,0,0,0.0037289574,1
128293,1,1,0.9998385,1
128294,1,0,0.16742277,0
128295,1,1,0.8345418,1
128296,1,1,0.98215127,1
128297,1,1,1.0,1
128298,1,1,0.8418256,1
128299,0,1,0.9999522,0
128300,1,1,0.85195273,1
128301,0,0,0.08284563,1
128302,0,1,0.9999982,0
128303,1,1,0.9951984,1
128304,0,0,0.08686416,1
128305,1,0,0.3494217,0
128306,0,1,0.8244619,0
128307,0,0,0.0836655,1
128308,0,0,0.30621576,1
128309,1,1,1.0,1
128310,1,1,0.99384296,1
128311,1,1,1.0,1
128312,1,0,0.09955772,0
128313,1,1,0.9994241,1
128314,0,0,0.024869107,1
128315,1,1,0.98739934,1
128316,1,1,0.65946,1
128317,1,1,0.668177,1
128318,1,1,0.99829596,1
128319,0,0,0.18668744,1
128320,0,1,0.8565725,0
128321,1,0,0.01361059,0
128322,1,0,0.22858672,0
128323,1,0,0.33785865,0
128324,1,1,0.9999701,1
128325,1,1,0.50250244,1
128326,1,1,0.94402224,1
128327,1,1,0.9998889,1
128328,0,0,0.032558974,1
128329,1,1,0.9999962,1
128330,1,1,0.62869245,1
128331,0,0,0.0190509,1
128332,0,0,0.11027936,1
128333,1,1,0.9999471,1
128334,0,0,0.050097767,1
128335,0,1,0.9716986,0
128336,1,1,0.9708817,1
128337,1,0,0.0422455,0
128338,1,0,0.33074132,0
128339,1,1,0.9465967,1
128340,1,1,0.9999999,1
128341,1,1,0.9954704,1
128342,0,1,0.8564525,0
128343,0,1,0.9977743,0
128344,0,1,0.9999931,0
128345,1,1,1.0,1
128346,1,1,0.9999379,1
128347,1,0,0.09747628,0
128348,0,0,0.27019125,1
128349,0,0,0.023286304,1
128350,1,1,1.0,1
128351,1,1,0.99984705,1
128352,1,1,0.61312073,1
128353,1,0,0.14749378,0
128354,1,1,0.9806919,1
128355,1,1,0.99994755,1
128356,1,1,0.5461936,1
128357,1,1,0.95253,1
128358,1,1,0.99559206,1
128359,1,1,0.98270744,1
128360,1,0,0.14384791,0
128361,1,0,0.016246215,0
128362,1,1,0.9998902,1
128363,0,0,0.06966823,1
128364,0,0,0.013663132,1
128365,1,1,1.0,1
128366,1,1,1.0,1
128367,1,0,0.058507007,0
128368,1,1,0.45447215,1
128369,1,1,0.9975514,1
128370,1,1,1.0,1
128371,1,1,1.0,1
128372,0,0,0.016215032,1
128373,1,1,1.0,1
128374,0,0,0.06669065,1
128375,1,1,0.4795646,1
128376,1,1,0.99999976,1
128377,0,0,0.2654518,1
128378,0,1,1.0,0
128379,1,1,1.0,1
128380,0,0,0.3475371,1
128381,1,1,0.46955067,1
128382,1,1,0.9998697,1
128383,1,0,0.014420068,0
128384,1,1,0.9999974,1
128385,0,0,0.13557507,1
128386,1,0,0.0658447,0
128387,1,1,0.999969,1
128388,1,1,1.0,1
128389,1,1,0.648188,1
128390,1,1,0.95861524,1
128391,1,1,0.94858485,1
128392,0,0,0.06916357,1
128393,0,1,0.82587075,0
128394,1,1,0.99999833,1
128395,0,0,0.048047364,1
128396,0,1,0.99847823,0
128397,1,1,0.9129032,1
128398,0,1,0.48181954,0
128399,1,0,0.10585582,0
128400,1,1,0.99992275,1
128401,1,1,0.9918595,1
128402,0,0,0.12147716,1
128403,1,0,0.123365626,0
128404,1,1,0.9994374,1
128405,1,1,0.99999964,1
128406,1,1,0.6667681,1
128407,0,1,0.9999918,0
128408,1,1,0.9999968,1
128409,1,1,0.36641967,1
128410,0,1,0.9998691,0
128411,1,1,0.9999975,1
128412,1,1,1.0,1
128413,0,1,0.98971164,0
128414,1,1,0.9310248,1
128415,0,0,0.17064616,1
128416,0,1,0.3542655,0
128417,0,1,0.9405172,0
128418,0,0,0.23537192,1
128419,0,0,0.08277145,1
128420,1,1,1.0,1
128421,0,1,0.99772614,0
128422,1,1,0.9715909,1
128423,1,1,1.0,1
128424,1,1,0.99929035,1
128425,1,1,0.88602656,1
128426,1,1,0.8089743,1
128427,0,1,0.99066,0
128428,1,1,0.99403125,1
128429,1,1,0.6737822,1
128430,0,0,0.1364357,1
128431,0,0,0.03468417,1
128432,1,1,1.0,1
128433,1,1,0.99999976,1
128434,1,1,0.79036856,1
128435,1,1,0.99996936,1
128436,0,0,0.21908678,1
128437,1,1,0.99963737,1
128438,0,0,0.02931223,1
128439,1,1,0.99997175,1
128440,1,1,0.45075223,1
128441,1,0,0.27328336,0
128442,1,1,0.9999999,1
128443,0,1,0.9898107,0
128444,1,1,0.9999031,1
128445,0,0,0.12808825,1
128446,1,1,0.99995124,1
128447,0,1,0.99999976,0
128448,1,0,0.089375086,0
128449,0,1,1.0,0
128450,0,1,0.9997757,0
128451,0,0,0.10026027,1
128452,1,0,0.22686929,0
128453,0,0,0.05103542,1
128454,1,1,0.8829335,1
128455,1,1,0.98947024,1
128456,1,1,0.999015,1
128457,0,0,0.11476479,1
128458,0,1,0.9982926,0
128459,0,0,0.16776335,1
128460,0,1,0.70821255,0
128461,0,0,0.14706452,1
128462,0,0,0.042522945,1
128463,0,0,0.13000904,1
128464,1,0,0.13793841,0
128465,0,0,0.012821213,1
128466,1,1,0.8802834,1
128467,0,0,0.16885696,1
128468,0,1,0.9620719,0
128469,0,1,0.9998191,0
128470,1,1,0.99999654,1
128471,0,1,0.9999968,0
128472,0,1,0.9554855,0
128473,1,0,0.24373244,0
128474,1,1,0.9014011,1
128475,1,1,0.9999999,1
128476,0,1,0.83601975,0
128477,1,1,0.9999989,1
128478,1,1,0.8472108,1
128479,1,1,0.99999976,1
128480,1,0,0.087954745,0
128481,0,1,0.9999993,0
128482,0,1,0.7858021,0
128483,0,1,0.35560703,0
128484,0,1,0.68452775,0
128485,0,0,0.14934519,1
128486,0,0,0.11506276,1
128487,0,0,0.10105591,1
128488,0,0,0.1727991,1
128489,1,1,0.99999964,1
128490,0,1,0.9999883,0
128491,1,1,0.99999976,1
128492,1,1,0.96628344,1
128493,1,1,0.9561864,1
128494,0,1,0.53722346,0
128495,1,1,0.5529622,1
128496,0,0,0.1154611,1
128497,1,1,0.99997306,1
128498,0,0,0.03491378,1
128499,0,0,0.1454185,1
128500,0,1,0.6674187,0
128501,0,0,0.0025016966,1
128502,1,1,0.9985896,1
128503,1,1,0.92590266,1
128504,0,1,0.35998267,0
128505,1,0,0.16803622,0
128506,0,1,0.9659959,0
128507,0,0,0.08441725,1
128508,0,1,0.5626572,0
128509,0,0,0.0061929906,1
128510,0,1,0.9960083,0
128511,1,0,0.025883388,0
128512,0,1,0.9163345,0
128513,1,1,0.9974788,1
128514,1,1,0.98083925,1
128515,1,1,1.0,1
128516,1,1,1.0,1
128517,1,1,0.85034436,1
128518,1,1,0.9901782,1
128519,1,1,0.9342153,1
128520,1,0,0.23239724,0
128521,1,1,1.0,1
128522,0,1,0.99990726,0
128523,1,1,0.43935642,1
128524,1,1,1.0,1
128525,1,1,0.99996114,1
128526,1,1,0.39455083,1
128527,1,1,1.0,1
128528,1,1,0.99977833,1
128529,1,1,0.7516481,1
128530,1,0,0.12781584,0
128531,1,0,0.043204032,0
128532,0,0,0.19806418,1
128533,1,1,0.99995494,1
128534,0,1,0.97925514,0
128535,1,1,1.0,1
128536,0,1,0.99980897,0
128537,0,1,0.98720354,0
128538,1,1,0.9991848,1
128539,1,1,0.97517824,1
128540,1,0,0.062904246,0
128541,0,0,0.04020025,1
128542,0,0,0.033589505,1
128543,1,1,0.95226437,1
128544,0,0,0.019271135,1
128545,1,0,0.0026834398,0
128546,1,1,0.9999995,1
128547,0,0,0.28397995,1
128548,0,0,0.0061212815,1
128549,0,1,0.45640975,0
128550,1,1,0.96333414,1
128551,1,0,0.114963345,0
128552,1,1,1.0,1
128553,1,1,0.99997795,1
128554,0,1,0.99999964,0
128555,1,1,0.9994611,1
128556,1,0,0.24059613,0
128557,0,0,0.011441684,1
128558,1,0,0.074635044,0
128559,0,0,0.22755517,1
128560,1,1,0.99994564,1
128561,1,0,0.039048295,0
128562,0,1,0.99971086,0
128563,1,1,0.9999956,1
128564,1,1,0.9999969,1
128565,1,1,1.0,1
128566,1,1,0.9999752,1
128567,0,1,0.40759864,0
128568,1,1,1.0,1
128569,1,1,0.8398654,1
128570,1,1,0.9975986,1
128571,1,1,1.0,1
128572,0,0,0.014420068,1
128573,0,1,0.49768066,0
128574,0,0,0.07626997,1
128575,1,1,1.0,1
128576,0,0,0.064065434,1
128577,1,1,0.7767923,1
128578,1,1,0.9997367,1
128579,1,1,0.9999689,1
128580,1,1,0.9999999,1
128581,1,1,0.99999917,1
128582,0,0,0.0836655,1
128583,1,1,0.99921453,1
128584,0,0,0.11348131,1
128585,0,0,0.34748176,1
128586,0,0,0.10493506,1
128587,0,1,0.99996924,0
128588,1,1,1.0,1
128589,0,1,0.39291903,0
128590,1,1,0.9999894,1
128591,1,1,0.98922324,1
128592,0,0,0.029901406,1
128593,0,1,0.992837,0
128594,1,0,0.02798095,0
128595,0,1,1.0,0
128596,1,1,0.9890131,1
128597,1,1,0.9999993,1
128598,1,1,1.0,1
128599,1,1,0.7296161,1
128600,1,0,0.26246354,0
128601,1,1,0.99545276,1
128602,0,1,0.98018634,0
128603,1,1,0.99999535,1
128604,0,0,0.059921406,1
128605,0,0,0.26530904,1
128606,0,0,0.25701845,1
128607,0,0,0.06773144,1
128608,0,1,0.7318738,0
128609,1,0,0.14694208,0
128610,1,1,0.9982522,1
128611,1,0,0.1991522,0
128612,1,1,0.9999471,1
128613,1,1,0.8664719,1
128614,0,1,0.9802997,0
128615,0,1,0.86408126,0
128616,1,1,0.47417462,1
128617,1,0,0.15215817,0
128618,1,1,0.99998164,1
128619,0,1,0.999658,0
128620,0,0,0.03197956,1
128621,1,0,0.025035424,0
128622,0,0,0.048047364,1
128623,0,0,0.041734807,1
128624,1,0,0.21052274,0
128625,0,0,0.064653486,1
128626,1,1,0.9989556,1
128627,0,0,0.07257096,1
128628,0,0,0.182717,1
128629,1,1,1.0,1
128630,1,1,0.55579686,1
128631,1,1,0.9999851,1
128632,1,1,0.63346696,1
128633,1,0,0.048948623,0
128634,1,1,0.99999964,1
128635,0,0,0.13403742,1
128636,0,0,0.026105914,1
128637,1,1,0.98782945,1
128638,0,0,0.018159512,1
128639,0,0,0.08381536,1
128640,1,1,0.92590266,1
128641,1,1,0.9962782,1
128642,1,1,0.99999976,1
128643,0,0,0.0052302782,1
128644,1,1,0.99997497,1
128645,0,1,0.42536652,0
128646,0,0,0.006784358,1
128647,1,1,0.9922144,1
128648,1,1,0.9009663,1
128649,1,1,0.99999964,1
128650,0,0,0.20995522,1
128651,0,0,0.019512547,1
128652,1,1,1.0,1
128653,0,0,0.1201288,1
128654,1,1,0.9999746,1
128655,1,1,0.99959785,1
128656,1,0,0.054148693,0
128657,1,0,0.18952107,0
128658,1,1,0.9849274,1
128659,1,1,0.99826247,1
128660,1,1,1.0,1
128661,0,0,0.036083944,1
128662,1,0,0.05218253,0
128663,1,1,0.99992776,1
128664,1,0,0.13770632,0
128665,0,0,0.046638034,1
128666,1,1,0.99997556,1
128667,1,1,0.8804891,1
128668,0,1,0.38156515,0
128669,0,0,0.23846151,1
128670,1,0,0.34781396,0
128671,1,1,1.0,1
128672,0,1,0.81873685,0
128673,1,1,1.0,1
128674,1,0,0.03704717,0
128675,1,1,0.9999869,1
128676,0,0,0.088425905,1
128677,0,1,0.7834919,0
128678,1,0,0.1302301,0
128679,0,1,0.9975799,0
128680,1,1,0.99999976,1
128681,1,0,0.18454698,0
128682,0,1,0.9991991,0
128683,0,1,0.4065085,0
128684,0,0,0.053255424,1
128685,1,1,0.99907637,1
128686,1,1,0.97578543,1
128687,1,1,0.974018,1
128688,1,0,0.09730459,0
128689,0,0,0.15539862,1
128690,1,1,0.937669,1
128691,0,0,0.14015962,1
128692,1,1,0.75868946,1
128693,0,0,0.0815929,1
128694,0,1,0.9999206,0
128695,0,0,0.09885954,1
128696,1,1,0.8530579,1
128697,1,0,0.1979091,0
128698,0,1,0.5688949,0
128699,0,1,0.91204524,0
128700,1,1,1.0,1
128701,1,0,0.04863137,0
128702,1,1,1.0,1
128703,1,1,0.7079603,1
128704,1,1,1.0,1
128705,0,1,0.9064877,0
128706,1,1,0.9997868,1
128707,1,1,1.0,1
128708,1,0,0.10293422,0
128709,1,0,0.16092427,0
128710,1,1,0.6070227,1
128711,0,1,0.99813604,0
128712,0,1,0.70765734,0
128713,0,1,0.9980544,0
128714,1,0,0.1510904,0
128715,0,0,0.13793841,1
128716,1,1,0.99986446,1
128717,0,0,0.055463932,1
128718,1,1,0.92696756,1
128719,0,0,0.34527084,1
128720,0,0,0.018978037,1
128721,1,1,0.9999987,1
128722,1,1,0.99566853,1
128723,0,0,0.070176296,1
128724,1,1,0.9999927,1
128725,1,1,0.9794133,1
128726,0,0,0.032589745,1
128727,1,1,0.99999547,1
128728,1,1,0.9985018,1
128729,0,0,0.16000333,1
128730,0,1,0.6005398,0
128731,0,0,0.18388654,1
128732,1,1,0.99999475,1
128733,0,1,0.9780727,0
128734,1,1,0.9928647,1
128735,1,1,0.88759494,1
128736,1,1,0.99695444,1
128737,1,1,0.7588682,1
128738,1,1,0.99999225,1
128739,0,1,0.9636434,0
128740,1,1,0.9573974,1
128741,1,1,0.98190993,1
128742,0,1,0.93611,0
128743,1,0,0.03879259,0
128744,1,0,0.03283696,0
128745,1,1,0.99999404,1
128746,1,1,0.9999838,1
128747,0,0,0.20402455,1
128748,0,1,0.99782157,0
128749,1,1,0.9995939,1
128750,0,1,1.0,0
128751,0,0,0.14651415,1
128752,0,0,0.26067168,1
128753,1,1,0.99999917,1
128754,1,1,1.0,1
128755,0,0,0.123577,1
128756,1,1,1.0,1
128757,0,1,0.5182414,0
128758,1,1,0.99980444,1
128759,1,1,0.99998784,1
128760,0,1,0.9961456,0
128761,1,0,0.28681803,0
128762,0,0,0.22996724,1
128763,1,1,0.99987173,1
128764,0,1,0.995037,0
128765,0,0,0.18169841,1
128766,1,1,0.99999714,1
128767,0,1,0.8708172,0
128768,1,1,0.91212356,1
128769,1,1,0.9999933,1
128770,1,1,0.915356,1
128771,1,1,1.0,1
128772,0,0,0.0729663,1
128773,1,0,0.11823231,0
128774,0,0,0.29675615,1
128775,0,1,0.9999963,0
128776,1,0,0.17476209,0
128777,1,1,0.668718,1
128778,1,1,0.95987505,1
128779,0,0,0.052037824,1
128780,1,0,0.059646945,0
128781,1,1,0.9927812,1
128782,1,1,0.99999774,1
128783,1,1,0.9935243,1
128784,0,1,0.45665208,0
128785,0,0,0.013558245,1
128786,1,1,0.80240077,1
128787,1,1,0.9352283,1
128788,1,1,0.9999988,1
128789,0,0,0.28846887,1
128790,1,1,0.99804294,1
128791,1,1,0.5774358,1
128792,0,1,0.5350377,0
128793,1,1,0.46326214,1
128794,0,0,0.15993772,1
128795,1,1,0.8342719,1
128796,0,0,0.020488555,1
128797,0,1,0.6156079,0
128798,1,1,0.99951124,1
128799,0,1,0.9951325,0
128800,1,0,0.038683496,0
128801,0,0,0.06596493,1
128802,1,1,0.9333701,1
128803,1,0,0.08050193,0
128804,1,1,0.99158704,1
128805,0,1,0.9967269,0
128806,1,0,0.007121429,0
128807,1,1,0.8089743,1
128808,0,0,0.275081,1
128809,0,1,0.45765176,0
128810,0,0,0.23265864,1
128811,0,0,0.22270013,1
128812,0,0,0.20505732,1
128813,0,0,0.07329728,1
128814,0,0,0.009340025,1
128815,0,1,1.0,0
128816,1,1,1.0,1
128817,1,0,0.026056305,0
128818,1,1,0.9993449,1
128819,1,1,0.9999958,1
128820,1,1,0.99999964,1
128821,0,0,0.18039528,1
128822,1,1,0.99987566,1
128823,1,1,0.99991035,1
128824,1,1,1.0,1
128825,1,1,0.9993068,1
128826,0,0,0.064771704,1
128827,1,1,0.9999962,1
128828,0,1,0.9995753,0
128829,1,1,0.999998,1
128830,1,0,0.14457104,0
128831,1,1,0.7440989,1
128832,0,1,0.5094593,0
128833,1,0,0.10239443,0
128834,0,0,0.051605962,1
128835,0,0,0.082549304,1
128836,0,1,0.99961627,0
128837,0,0,0.039268754,1
128838,0,1,0.38827005,0
128839,1,1,1.0,1
128840,0,0,0.1694746,1
128841,1,1,0.934455,1
128842,0,0,0.023419945,1
128843,1,1,0.999977,1
128844,1,1,0.99958354,1
128845,0,0,0.06170614,1
128846,1,1,0.9511422,1
128847,1,0,0.29992473,0
128848,1,1,0.9999949,1
128849,1,1,0.999997,1
128850,0,1,0.99997425,0
128851,1,0,0.07800791,0
128852,0,0,0.026255298,1
128853,1,1,0.9947595,1
128854,1,1,1.0,1
128855,1,1,0.9371533,1
128856,0,1,0.5045165,0
128857,0,0,0.263789,1
128858,1,1,0.40344933,1
128859,0,0,0.10762492,1
128860,0,1,0.967194,0
128861,0,1,0.9306476,0
128862,1,1,0.9999988,1
128863,1,0,0.07531231,0
128864,0,1,0.97726256,0
128865,1,1,0.99994934,1
128866,1,0,0.10734387,0
128867,1,1,0.62240195,1
128868,1,1,0.7280238,1
128869,1,1,0.9996935,1
128870,0,1,0.8713654,0
128871,0,1,0.7381975,0
128872,1,1,1.0,1
128873,1,1,0.99903023,1
128874,1,0,0.01096574,0
128875,0,1,0.83141696,0
128876,1,1,0.95305705,1
128877,0,0,0.025011595,1
128878,1,1,0.9993175,1
128879,0,0,0.07558479,1
128880,0,0,0.104294725,1
128881,0,0,0.017259333,1
128882,1,1,1.0,1
128883,0,0,0.051082734,1
128884,1,1,0.9407897,1
128885,0,0,0.13963085,1
128886,1,0,0.0044770814,0
128887,0,0,0.13992442,1
128888,0,0,0.20769641,1
128889,0,1,0.9976949,0
128890,1,1,0.9988927,1
128891,1,1,0.99999976,1
128892,1,0,0.22858672,0
128893,1,1,0.9999802,1
128894,0,0,0.20275874,1
128895,1,1,0.999617,1
128896,1,1,1.0,1
128897,1,0,0.038285997,0
128898,1,1,0.99845123,1
128899,1,1,1.0,1
128900,0,1,0.38006845,0
128901,1,1,0.9985619,1
128902,1,1,0.9999987,1
128903,1,1,1.0,1
128904,1,1,0.9999012,1
128905,0,1,0.753648,0
128906,1,0,0.15463115,0
128907,1,1,0.98752034,1
128908,1,0,0.06342434,0
128909,1,0,0.016434574,0
128910,1,1,0.9999875,1
128911,1,1,0.41878605,1
128912,1,0,0.0946777,0
128913,1,1,1.0,1
128914,1,1,1.0,1
128915,1,1,1.0,1
128916,1,1,0.9999999,1
128917,0,0,0.21850257,1
128918,1,1,0.9999913,1
128919,1,1,0.8304567,1
128920,1,1,0.99085677,1
128921,0,0,0.009430817,1
128922,0,0,0.059155874,1
128923,1,0,0.03551094,0
128924,1,0,0.16178322,0
128925,1,0,0.016882466,0
128926,0,1,0.7998335,0
128927,1,1,0.97925514,1
128928,1,1,0.99998903,1
128929,0,1,0.6595696,0
128930,0,0,0.3172676,1
128931,1,1,0.9418684,1
128932,0,1,0.6985866,0
128933,1,1,0.9999968,1
128934,0,0,0.048721813,1
128935,1,1,0.99998057,1
128936,1,1,1.0,1
128937,1,1,0.9991991,1
128938,0,0,0.03581319,1
128939,0,1,0.7473394,0
128940,0,0,0.21609424,1
128941,1,1,0.99999285,1
128942,1,1,1.0,1
128943,1,1,0.99999213,1
128944,1,0,0.06717857,0
128945,0,0,0.182717,1
128946,0,1,0.9863369,0
128947,0,1,0.8949732,0
128948,1,1,1.0,1
128949,1,1,0.9234544,1
128950,0,1,0.94644845,0
128951,1,1,0.97819793,1
128952,0,1,0.9846347,0
128953,1,1,0.99879813,1
128954,1,1,0.99998415,1
128955,0,0,0.0047552,1
128956,1,1,1.0,1
128957,1,1,0.9999424,1
128958,1,1,1.0,1
128959,1,1,0.99988365,1
128960,1,0,0.03746751,0
128961,0,1,0.93738294,0
128962,0,1,0.9908035,0
128963,0,0,0.11676401,1
128964,1,1,0.9996252,1
128965,1,1,1.0,1
128966,1,1,0.9730621,1
128967,1,1,0.9998332,1
128968,1,1,0.8474635,1
128969,1,1,1.0,1
128970,0,0,0.1435475,1
128971,1,1,0.99293363,1
128972,1,1,0.99800056,1
128973,1,1,0.99998164,1
128974,1,1,0.9981578,1
128975,0,0,0.1261379,1
128976,0,0,0.30559373,1
128977,1,1,0.9022657,1
128978,0,0,0.052862898,1
128979,1,1,1.0,1
128980,1,0,0.00065126823,0
128981,0,1,0.4285921,0
128982,0,1,0.99993134,0
128983,1,1,1.0,1
128984,0,0,0.28467542,1
128985,1,1,1.0,1
128986,0,0,0.03521114,1
128987,1,1,0.6018861,1
128988,1,1,0.94068086,1
128989,1,1,0.9993135,1
128990,0,1,0.5852197,0
128991,0,1,0.7550053,0
128992,1,1,0.9999614,1
128993,1,0,0.042048372,0
128994,1,1,1.0,1
128995,0,0,0.039453376,1
128996,1,1,0.99583375,1
128997,1,1,0.9999999,1
128998,0,1,0.77721536,0
128999,0,0,0.054752033,1
129000,0,1,0.99053264,0
129001,1,0,0.028167473,0
129002,0,0,0.34477428,1
129003,1,1,0.99634284,1
129004,1,1,0.9894499,1
129005,1,1,0.9992505,1
129006,0,0,0.02184368,1
129007,0,0,0.1609902,1
129008,0,1,0.42841277,0
129009,0,1,0.42217702,0
129010,0,1,0.36167184,0
129011,1,1,1.0,1
129012,0,1,0.46563047,0
129013,0,0,0.20922722,1
129014,0,0,0.028140754,1
129015,0,1,0.9999846,0
129016,1,1,0.97249323,1
129017,1,1,1.0,1
129018,1,0,0.007876707,0
129019,0,1,0.99912554,0
129020,1,1,0.7244319,1
129021,0,0,0.034358688,1
129022,0,1,0.36251774,0
129023,0,1,0.82460326,0
129024,1,1,0.9999852,1
129025,1,1,0.9992679,1
129026,1,1,1.0,1
129027,0,1,0.99998045,0
129028,1,1,0.99344844,1
129029,0,0,0.008933403,1
129030,0,0,0.05094091,1
129031,0,0,0.23248436,1
129032,1,1,0.9999789,1
129033,1,1,0.6778473,1
129034,1,1,0.98337495,1
129035,1,1,1.0,1
129036,1,1,0.8446654,1
129037,1,0,0.07551658,0
129038,0,0,0.035745807,1
129039,1,1,0.42724735,1
129040,1,1,0.999987,1
129041,1,1,0.42503834,1
129042,1,1,1.0,1
129043,0,1,0.8307315,0
129044,0,0,0.01798621,1
129045,0,0,0.24310295,1
129046,1,0,0.24175783,0
129047,1,1,0.9858004,1
129048,0,0,0.07290027,1
129049,0,1,0.75608754,0
129050,1,0,0.1131379,0
129051,1,0,0.017160231,0
129052,1,1,0.9995073,1
129053,0,0,0.016721144,1
129054,1,1,0.99356186,1
129055,0,1,0.99996436,0
129056,1,1,1.0,1
129057,0,1,0.7137809,0
129058,0,1,0.76506716,0
129059,0,0,0.0014186348,1
129060,1,1,0.9978802,1
129061,1,1,0.858837,1
129062,1,1,0.5398931,1
129063,0,0,0.07689149,1
129064,1,1,0.99998415,1
129065,0,1,0.9730109,0
129066,0,1,0.9962638,0
129067,0,0,0.07477004,1
129068,1,1,0.9999994,1
129069,1,0,0.2052962,0
129070,1,1,0.99731654,1
129071,0,0,0.09679113,1
129072,0,1,0.99227446,0
129073,1,0,0.029788304,0
129074,1,0,0.007403014,0
129075,1,1,1.0,1
129076,0,1,0.971537,0
129077,1,1,0.99999976,1
129078,0,0,0.029986508,1
129079,0,1,0.42012367,0
129080,1,0,0.11636177,0
129081,0,0,0.054399315,1
129082,0,0,0.06430006,1
129083,0,1,0.95136863,0
129084,0,1,0.99960107,0
129085,0,0,0.2500877,1
129086,0,0,0.17050801,1
129087,1,1,0.86281466,1
129088,1,1,0.9999845,1
129089,1,1,0.9991721,1
129090,1,1,0.9999999,1
129091,0,0,0.12158143,1
129092,1,1,1.0,1
129093,1,1,1.0,1
129094,0,1,0.96771675,0
129095,0,1,0.75976056,0
129096,1,0,0.3321479,0
129097,0,1,0.7627777,0
129098,0,0,0.016403032,1
129099,1,1,0.9841546,1
129100,1,1,0.92821383,1
129101,1,1,0.999997,1
129102,1,1,1.0,1
129103,1,1,0.9999305,1
129104,0,0,0.074500255,1
129105,1,1,0.702377,1
129106,1,1,0.9996493,1
129107,0,0,0.070816204,1
129108,1,1,1.0,1
129109,0,0,0.080069266,1
129110,0,0,0.021594688,1
129111,0,1,0.39376375,0
129112,0,1,0.99954695,0
129113,1,1,0.9990283,1
129114,0,0,0.03997477,1
129115,1,1,0.89414424,1
129116,0,0,0.035678547,1
129117,1,1,0.9900828,1
129118,0,0,0.1552705,1
129119,1,1,0.98860246,1
129120,1,0,0.17483254,0
129121,0,1,0.37782758,0
129122,1,1,0.9999666,1
129123,1,1,0.9480103,1
129124,1,1,0.82275945,1
129125,0,1,0.7312505,0
129126,1,0,0.009072807,0
129127,1,1,1.0,1
129128,1,1,0.7458614,1
129129,0,1,0.97142875,0
129130,1,1,0.999984,1
129131,1,1,0.99999785,1
129132,0,1,0.99994457,0
129133,0,0,0.05948283,1
129134,0,1,0.99687636,0
129135,1,1,0.9980276,1
129136,1,1,0.760784,1
129137,1,1,1.0,1
129138,1,1,0.8251675,1
129139,0,1,0.68684286,0
129140,0,1,0.36229205,0
129141,1,0,0.29088014,0
129142,1,1,1.0,1
129143,0,1,0.9824568,0
129144,1,1,0.8093514,1
129145,1,1,0.9994307,1
129146,0,0,0.038357977,1
129147,1,1,0.718051,1
129148,1,0,0.0075041573,0
129149,1,1,0.9999999,1
129150,0,1,0.40571362,0
129151,1,1,0.9999994,1
129152,0,1,0.99999464,0
129153,1,1,0.38815406,1
129154,1,1,0.9999988,1
129155,1,0,0.09434341,0
129156,1,1,0.6234342,1
129157,1,1,0.9701552,1
129158,0,1,0.9748452,0
129159,0,0,0.016705096,1
129160,1,1,0.9948001,1
129161,1,1,0.9999999,1
129162,0,1,0.999944,0
129163,1,1,0.43581146,1
129164,1,1,0.83894384,1
129165,1,1,0.9965301,1
129166,0,0,0.058776554,1
129167,0,0,0.05981148,1
129168,0,0,0.017475989,1
129169,0,1,0.83318895,0
129170,0,1,0.97085404,0
129171,0,0,0.070816204,1
129172,0,0,0.22034244,1
129173,1,1,0.9997565,1
129174,0,0,0.20252202,1
129175,1,1,1.0,1
129176,0,0,0.10150035,1
129177,0,0,0.09057448,1
129178,1,1,0.99999976,1
129179,1,1,0.9997408,1
129180,0,1,0.9988167,0
129181,1,1,1.0,1
129182,1,1,0.45495644,1
129183,1,1,0.99999464,1
129184,1,1,0.995793,1
129185,0,1,0.9866491,0
129186,1,1,0.94664603,1
129187,1,0,0.019289603,0
129188,1,1,0.99998426,1
129189,1,1,0.38725576,1
129190,1,1,1.0,1
129191,0,0,0.3453812,1
129192,0,0,0.26010746,1
129193,1,1,0.9991991,1
129194,1,0,0.29997602,0
129195,1,1,0.99987614,1
129196,1,1,0.96021223,1
129197,1,1,1.0,1
129198,1,1,0.99979335,1
129199,0,0,0.048948623,1
129200,0,0,0.18410648,1
129201,1,1,0.9977349,1
129202,0,0,0.31079897,1
129203,1,1,0.9974191,1
129204,1,0,0.06866228,0
129205,1,0,0.24409263,0
129206,1,0,0.058830604,0
129207,0,1,0.9974837,0
129208,1,1,1.0,1
129209,1,1,1.0,1
129210,0,0,0.040769264,1
129211,1,1,0.8283842,1
129212,1,0,0.0031480705,0
129213,1,0,0.10239443,0
129214,1,0,0.034132607,0
129215,0,1,0.9462003,0
129216,1,0,0.21386933,0
129217,0,0,0.114072114,1
129218,1,1,1.0,1
129219,1,1,0.9904959,1
129220,0,0,0.15222117,1
129221,1,1,0.45265692,1
129222,1,1,0.9992053,1
129223,0,0,0.09057448,1
129224,0,1,0.990329,0
129225,1,1,0.91006696,1
129226,1,1,1.0,1
129227,0,1,0.5181195,0
129228,0,1,0.89029425,0
129229,0,0,0.0996453,1
129230,1,1,0.99456257,1
129231,1,1,0.41848895,1
129232,0,1,0.9997023,0
129233,1,1,0.9892855,1
129234,0,1,0.99999297,0
129235,1,1,0.9327602,1
129236,0,0,0.04577727,1
129237,1,1,0.9998313,1
129238,0,1,0.38832805,0
129239,0,1,0.9997154,0
129240,0,1,0.97856975,0
129241,1,1,0.99999106,1
129242,0,0,0.13586143,1
129243,1,1,0.77797526,1
129244,1,1,1.0,1
129245,0,0,0.03191915,1
129246,1,0,0.16112214,0
129247,0,0,0.15190639,1
129248,1,1,1.0,1
129249,0,0,0.2841785,1
129250,1,0,0.03652812,0
129251,1,1,1.0,1
129252,0,1,0.69693893,0
129253,1,0,0.29472217,0
129254,1,1,0.9996147,1
129255,0,0,0.2798285,1
129256,1,1,0.48846638,1
129257,1,1,0.9995652,1
129258,1,1,0.9999454,1
129259,0,0,0.22695492,1
129260,1,0,0.22850062,0
129261,1,1,0.999892,1
129262,1,1,0.9993094,1
129263,0,1,0.9938788,0
129264,0,0,0.2726051,1
129265,0,0,0.027169233,1
129266,1,1,0.9999881,1
129267,1,1,0.46660253,1
129268,0,0,0.020081012,1
129269,1,1,0.9519973,1
129270,1,1,1.0,1
129271,0,1,0.9984114,0
129272,0,1,0.8984996,0
129273,1,1,0.9998517,1
129274,1,1,1.0,1
129275,1,1,0.9704926,1
129276,1,1,1.0,1
129277,1,0,0.33693078,0
129278,0,0,0.009125638,1
129279,1,1,0.99999094,1
129280,0,0,0.04831607,1
129281,0,1,0.9999856,0
129282,1,1,0.9970305,1
129283,0,1,0.9467938,0
129284,0,1,0.49624643,0
129285,0,1,0.9999496,0
129286,1,1,0.99999976,1
129287,0,0,0.103205055,1
129288,0,1,0.7241881,0
129289,1,0,0.30352533,0
129290,1,1,0.99999976,1
129291,0,1,0.41552126,0
129292,0,1,0.9998585,0
129293,0,1,0.9999918,0
129294,1,1,1.0,1
129295,1,1,0.99999976,1
129296,0,0,0.022328783,1
129297,1,1,0.45998564,1
129298,1,1,0.99999976,1
129299,0,1,0.5248818,0
129300,1,1,1.0,1
129301,0,0,0.1867616,1
129302,1,1,1.0,1
129303,1,0,0.23739909,0
129304,1,0,0.18337418,0
129305,1,1,0.99906915,1
129306,0,0,0.052765187,1
129307,0,0,0.33377463,1
129308,1,1,1.0,1
129309,1,1,1.0,1
129310,1,1,0.99999523,1
129311,1,0,0.032682236,0
129312,0,0,0.08100938,1
129313,0,0,0.24816959,1
129314,1,0,0.03327394,0
129315,0,0,0.10999224,1
129316,1,1,0.99966395,1
129317,1,1,0.9988121,1
129318,0,1,0.39887467,0
129319,1,1,0.9999994,1
129320,1,1,0.47654924,1
129321,1,1,0.6552808,1
129322,1,1,0.9258357,1
129323,0,0,0.08122775,1
129324,1,1,0.9384633,1
129325,1,1,1.0,1
129326,0,1,0.66568226,0
129327,1,1,0.99014014,1
129328,1,1,0.676887,1
129329,1,1,0.99993074,1
129330,1,1,0.99629277,1
129331,1,1,0.9199307,1
129332,1,1,0.99993396,1
129333,1,1,1.0,1
129334,0,0,0.10613344,1
129335,0,0,0.16954333,1
129336,0,0,0.28022227,1
129337,0,1,0.54492253,0
129338,1,0,0.33627656,0
129339,0,0,0.098946586,1
129340,1,0,0.08441725,0
129341,1,1,0.99997973,1
129342,1,1,1.0,1
129343,0,0,0.16297863,1
129344,1,0,0.11747085,0
129345,1,1,1.0,1
129346,1,1,0.99182796,1
129347,0,1,0.7614498,0
129348,1,1,0.42996782,1
129349,1,1,0.9999999,1
129350,1,0,0.029090757,0
129351,1,1,0.80286485,1
129352,1,1,1.0,1
129353,0,0,0.114963345,1
129354,0,0,0.019719128,1
129355,0,0,0.005322535,1
129356,1,1,0.94834626,1
129357,0,0,0.24771436,1
129358,1,1,0.7302418,1
129359,0,0,0.032466814,1
129360,1,1,0.9998876,1
129361,1,0,0.029367853,0
129362,1,0,0.015906392,0
129363,1,1,0.9992372,1
129364,1,1,0.9702116,1
129365,1,1,0.9999994,1
129366,0,0,0.08100938,1
129367,0,1,0.99502736,0
129368,0,1,0.9458012,0
129369,0,1,0.9411694,0
129370,0,1,0.35281476,0
129371,0,0,0.041346,1
129372,0,0,0.10866097,1
129373,1,1,0.9999912,1
129374,1,1,0.9991943,1
129375,0,0,0.13078417,1
129376,1,1,0.99992037,1
129377,0,0,0.12304914,1
129378,1,1,1.0,1
129379,1,1,0.98833525,1
129380,1,1,0.9980544,1
129381,1,1,0.9861514,1
129382,1,1,0.81888175,1
129383,0,1,0.97032446,0
129384,1,1,0.9928231,1
129385,1,1,0.9969663,1
129386,1,1,0.9992446,1
129387,1,1,0.98549646,1
129388,0,1,0.8729984,0
129389,1,1,0.9999951,1
129390,1,1,1.0,1
129391,1,1,0.999949,1
129392,1,0,0.17660058,0
129393,1,1,0.9726495,1
129394,1,1,0.82544905,1
129395,1,1,0.9999665,1
129396,1,0,0.010550081,0
129397,0,1,0.8326453,0
129398,1,1,0.9999974,1
129399,1,0,0.018142106,0
129400,0,0,0.13614833,1
129401,1,1,0.99999976,1
129402,1,1,0.99988365,1
129403,0,0,0.086246476,1
129404,0,0,0.13741668,1
129405,0,1,0.7152749,0
129406,1,1,0.9494355,1
129407,1,1,1.0,1
129408,0,0,0.06198946,1
129409,0,0,0.16224726,1
129410,0,1,0.3607142,0
129411,1,1,0.99972516,1
129412,0,0,0.07592667,1
129413,0,0,0.22034244,1
129414,1,1,0.99210805,1
129415,1,0,0.14724834,0
129416,0,0,0.040275678,1
129417,0,1,0.97836393,0
129418,0,0,0.06359858,1
129419,0,1,0.41122907,0
129420,1,1,0.9565125,1
129421,0,1,0.94433105,0
129422,0,1,0.7059371,0
129423,0,1,0.92000264,0
129424,1,1,0.52092284,1
129425,1,1,0.9438154,1
129426,1,0,0.08555635,0
129427,0,1,0.9911355,0
129428,0,1,0.9999989,0
129429,1,1,0.9107044,1
129430,1,1,0.9999999,1
129431,1,0,0.07369626,0
129432,0,0,0.09799298,1
129433,1,0,0.060031522,0
129434,0,1,0.99956864,0
129435,1,1,0.99999297,1
129436,1,0,0.2675517,0
129437,0,1,0.9977083,0
129438,0,1,0.99695444,0
129439,0,1,0.9999428,0
129440,1,1,0.37972337,1
129441,1,1,0.98197925,1
129442,1,1,0.8734309,1
129443,1,1,0.9997818,1
129444,1,0,0.097734325,0
129445,1,1,0.9562273,1
129446,0,0,0.027927876,1
129447,1,1,0.9605466,1
129448,1,0,0.09041373,0
129449,0,0,0.08616955,1
129450,0,1,0.49066272,0
129451,1,1,0.9999926,1
129452,1,1,1.0,1
129453,1,1,0.82544905,1
129454,0,0,0.08479541,1
129455,0,0,0.15209518,1
129456,0,0,0.051130094,1
129457,1,1,0.9991474,1
129458,1,1,0.8384153,1
129459,1,0,0.043042846,0
129460,1,1,0.9992693,1
129461,1,0,0.038901985,0
129462,1,1,1.0,1
129463,0,1,0.3923659,0
129464,0,0,0.01170984,1
129465,0,0,0.068040416,1
129466,1,1,0.95292586,1
129467,1,1,0.9999107,1
129468,0,0,0.018089995,1
129469,1,1,0.7886646,1
129470,0,1,0.40045625,0
129471,0,1,0.590425,0
129472,0,0,0.31896228,1
129473,0,0,0.059537485,1
129474,1,1,0.99999154,1
129475,1,1,1.0,1
129476,1,1,0.58995265,1
129477,1,0,0.18728127,0
129478,0,1,0.46162346,0
129479,1,1,0.9999995,1
129480,1,1,0.9012275,1
129481,1,1,1.0,1
129482,1,1,0.99999917,1
129483,1,1,1.0,1
129484,0,0,0.12447884,1
129485,0,1,0.9989434,0
129486,1,0,0.13992442,0
129487,0,1,0.9999888,0
129488,0,1,0.7449811,0
129489,0,1,1.0,0
129490,1,1,0.99989486,1
129491,1,1,0.9992549,1
129492,1,1,1.0,1
129493,0,1,1.0,0
129494,0,0,0.025107034,1
129495,0,0,0.051177494,1
129496,1,1,0.9999999,1
129497,1,0,0.11211313,0
129498,1,1,0.9999149,1
129499,0,1,0.6426007,0
129500,0,1,0.4606225,0
129501,1,1,1.0,1
129502,0,0,0.11807967,1
129503,0,0,0.28886992,1
129504,1,1,0.9666002,1
129505,0,1,0.7069497,0
129506,1,1,0.9999856,1
129507,1,1,0.9999888,1
129508,0,1,0.9405172,0
129509,1,1,1.0,1
129510,0,0,0.2032327,1
129511,0,1,0.36347744,0
129512,1,1,0.9999962,1
129513,1,1,1.0,1
129514,0,1,0.84556025,0
129515,0,0,0.04831607,1
129516,1,1,1.0,1
129517,0,0,0.31038073,1
129518,1,0,0.035012625,0
129519,1,0,0.12885365,0
129520,1,0,0.34015632,0
129521,1,1,0.9995479,1
129522,1,1,0.7662062,1
129523,0,0,0.1131379,1
129524,1,1,0.99991214,1
129525,1,0,0.2625581,0
129526,0,0,0.107437484,1
129527,1,1,0.99998903,1
129528,0,0,0.03173859,1
129529,1,1,0.85427785,1
129530,1,1,0.8880812,1
129531,1,1,0.9999995,1
129532,1,1,0.9980994,1
129533,1,1,0.99999857,1
129534,0,1,1.0,0
129535,1,1,1.0,1
129536,0,1,0.9647889,0
129537,0,1,0.64237636,0
129538,0,1,0.6151456,0
129539,1,1,1.0,1
129540,0,0,0.049359404,1
129541,0,1,0.66350543,0
129542,1,1,0.70441437,1
129543,1,1,0.7773844,1
129544,0,1,0.9999994,0
129545,0,1,0.99935,0
129546,0,0,0.19390948,1
129547,1,0,0.077727415,0
129548,1,1,0.99986064,1
129549,0,0,0.032961242,1
129550,1,1,0.99854493,1
129551,1,1,0.47795013,1
129552,1,1,0.9999999,1
129553,0,1,0.3846232,0
129554,1,0,0.20307463,0
129555,1,1,0.9999988,1
129556,1,1,0.9850285,1
129557,0,1,0.7527403,0
129558,0,0,0.036977556,1
129559,1,0,0.014420068,0
129560,0,1,0.5418938,0
129561,0,0,0.12373573,1
129562,1,1,0.9078855,1
129563,1,0,0.11606085,0
129564,1,0,0.17412922,0
129565,0,0,0.16304526,1
129566,0,0,0.096620515,1
129567,1,1,0.93587595,1
129568,1,1,0.8804891,1
129569,1,1,0.9633686,1
129570,1,1,0.9985869,1
129571,0,0,0.08181271,1
129572,1,1,0.36599472,1
129573,0,0,0.009994227,1
129574,1,1,0.9999896,1
129575,1,1,0.99999976,1
129576,0,0,0.003991728,1
129577,1,0,0.040999033,0
129578,1,0,0.044389986,0
129579,0,1,0.7855554,0
129580,0,1,0.43596154,0
129581,1,1,0.9999982,1
129582,1,1,0.99997246,1
129583,0,0,0.03207038,1
129584,1,1,0.9999894,1
129585,0,1,0.91367656,0
129586,1,1,0.9999913,1
129587,1,1,0.98782945,1
129588,0,1,0.72360253,0
129589,0,1,0.99415743,0
129590,1,1,0.9088609,1
129591,1,1,0.9998233,1
129592,1,1,0.99864095,1
129593,0,0,0.31473467,1
129594,0,1,0.6283504,0
129595,1,1,1.0,1
129596,0,1,0.44462505,0
129597,0,1,0.96612394,0
129598,1,0,0.30362853,0
129599,1,1,0.78703237,1
129600,1,0,0.11153119,0
129601,0,1,0.84632385,0
129602,1,1,0.36144644,1
129603,1,1,0.9922444,1
129604,0,0,0.03138043,1
129605,0,1,0.9999999,0
129606,0,0,0.08381536,1
129607,1,1,0.99999964,1
129608,0,1,0.8429925,0
129609,0,1,0.8943289,0
129610,0,1,0.40969306,0
129611,1,1,0.99998987,1
129612,0,0,0.057440385,1
129613,1,1,0.9999963,1
129614,0,1,0.9643886,0
129615,1,1,0.9987478,1
129616,0,0,0.2270406,1
129617,1,0,0.038321972,0
129618,0,0,0.06632688,1
129619,0,0,0.14051308,1
129620,0,0,0.32852942,1
129621,0,1,0.9719925,0
129622,0,1,0.9603239,0
129623,1,1,1.0,1
129624,0,0,0.022564495,1
129625,0,0,0.13546064,1
129626,0,1,0.38734266,0
129627,0,1,0.9603239,0
129628,0,1,0.9995802,0
129629,1,0,0.17553806,0
129630,1,0,0.29229218,0
129631,1,0,0.07921033,0
129632,0,1,0.40910277,0
129633,0,1,0.95136863,0
129634,1,0,0.031858858,0
129635,0,0,0.10622612,1
129636,0,0,0.1240007,1
129637,1,0,0.30466193,0
129638,1,1,1.0,1
129639,0,1,0.9999882,0
129640,1,1,0.9999206,1
129641,0,1,0.99917525,0
129642,1,0,0.105486654,0
129643,0,0,0.08130065,1
129644,0,0,0.008445628,1
129645,0,1,0.996852,0
129646,1,1,0.9916842,1
129647,1,1,0.9931629,1
129648,1,1,1.0,1
129649,1,1,0.99014014,1
129650,0,1,0.9999927,0
129651,1,1,0.9656736,1
129652,1,1,0.63810265,1
129653,1,1,0.99974483,1
129654,0,1,0.53643435,0
129655,0,1,0.982117,0
129656,0,1,0.9995883,0
129657,1,1,0.9999567,1
129658,0,0,0.019719128,1
129659,1,1,0.9995883,1
129660,1,1,0.9999838,1
129661,0,1,0.8159668,0
129662,0,1,0.99980813,0
129663,1,1,0.9999876,1
129664,1,1,0.908618,1
129665,1,0,0.029535338,0
129666,1,0,0.23370637,0
129667,0,0,0.32321987,1
129668,0,0,0.05315703,1
129669,0,1,0.63956726,0
129670,0,0,0.3195459,1
129671,0,1,0.50079346,0
129672,1,0,0.21900325,0
129673,0,1,0.99776566,0
129674,1,1,0.5867596,1
129675,1,1,0.9999654,1
129676,0,1,0.93077356,0
129677,1,1,0.86048645,1
129678,1,1,0.9999802,1
129679,1,1,0.999764,1
129680,0,1,0.5078729,0
129681,1,0,0.30735803,0
129682,1,1,0.9997187,1
129683,1,1,0.99985623,1
129684,1,1,0.99898773,1
129685,0,1,1.0,0
129686,0,0,0.061932698,1
129687,1,1,0.8482194,1
129688,0,0,0.15915205,1
129689,1,1,0.99866986,1
129690,1,1,0.9997508,1
129691,0,1,0.99980587,0
129692,0,0,0.042285025,1
129693,0,1,0.99997604,0
129694,0,1,0.9998894,0
129695,1,1,0.7142296,1
129696,0,0,0.006026952,1
129697,1,1,1.0,1
129698,0,0,0.099820666,1
129699,0,1,0.6144519,0
129700,0,0,0.14264941,1
129701,1,1,1.0,1
129702,1,0,0.34499493,0
129703,1,1,1.0,1
129704,0,0,0.050611433,1
129705,0,0,0.1384618,1
129706,0,1,0.46526602,0
129707,1,0,0.19276717,0
129708,1,1,0.99293363,1
129709,1,0,0.016403032,0
129710,0,0,0.012217682,1
129711,1,0,0.20055768,0
129712,0,1,0.7750094,0
129713,0,1,0.53643435,0
129714,0,1,0.6794446,0
129715,0,0,0.008881674,1
129716,0,1,0.37679508,0
129717,0,1,0.5757073,0
129718,1,1,0.9995819,1
129719,0,0,0.11951087,1
129720,0,0,0.1732882,1
129721,1,0,0.26956588,0
129722,0,1,0.99993694,0
129723,0,0,0.102484226,1
129724,1,1,1.0,1
129725,0,0,0.29977098,1
129726,0,0,0.2230384,1
129727,1,1,0.9999863,1
129728,1,0,0.089853115,0
129729,1,1,0.99528164,1
129730,1,0,0.08850466,0
129731,1,0,0.17881243,0
129732,0,1,0.9999517,0
129733,0,0,0.0354775,1
129734,1,1,0.99999845,1
129735,1,1,0.9487276,1
129736,1,0,0.050470848,0
129737,1,1,0.9999993,1
129738,1,1,0.99999905,1
129739,0,0,0.17043895,1
129740,0,0,0.10302444,1
129741,1,1,0.99268264,1
129742,0,1,0.9882676,0
129743,0,0,0.068102375,1
129744,1,1,0.99999917,1
129745,0,1,0.90371984,0
129746,0,1,0.994729,0
129747,1,1,0.9999999,1
129748,0,0,0.07152632,1
129749,0,0,0.048092045,1
129750,0,1,0.9882222,0
129751,0,1,0.9999031,0
129752,1,1,1.0,1
129753,1,1,0.9084556,1
129754,0,0,0.0022783307,1
129755,1,0,0.3089195,0
129756,0,0,0.14104463,1
129757,0,0,0.09178833,1
129758,0,0,0.08100938,1
129759,1,1,0.9980122,1
129760,0,0,0.03378023,1
129761,1,1,0.9091032,1
129762,1,1,1.0,1
129763,1,0,0.23361893,0
129764,1,0,0.34032074,0
129765,1,1,0.82125926,1
129766,1,1,0.55929005,1
129767,0,1,0.95735765,0
129768,0,0,0.068599865,1
129769,0,0,0.021718834,1
129770,1,1,0.99894947,1
129771,1,1,0.8369547,1
129772,1,1,0.99989605,1
129773,0,0,0.068975195,1
129774,1,0,0.03317983,0
129775,0,1,0.53795177,0
129776,0,0,0.074298516,1
129777,1,1,0.9999924,1
129778,1,1,0.99999774,1
129779,1,0,0.05577169,0
129780,0,0,0.18075651,1
129781,0,0,0.13039611,1
129782,0,0,0.1880256,1
129783,1,1,0.9999876,1
129784,1,1,0.39615577,1
129785,1,1,0.9999999,1
129786,1,1,1.0,1
129787,1,1,0.87212974,1
129788,0,1,0.5354628,0
129789,1,1,0.9994504,1
129790,0,1,0.9860174,0
129791,1,1,0.99997926,1
129792,1,0,0.1930713,0
129793,0,1,0.84260434,0
129794,1,0,0.20817894,0
129795,0,0,0.07661468,1
129796,1,1,0.99999666,1
129797,1,1,1.0,1
129798,1,1,0.99997973,1
129799,1,1,0.999765,1
129800,0,1,0.9997273,0
129801,0,0,0.07165614,1
129802,0,0,0.095433734,1
129803,1,1,0.9983354,1
129804,0,0,0.039638843,1
129805,0,1,0.98998636,0
129806,0,1,0.53236437,0
129807,1,1,0.9970765,1
129808,1,1,0.9999635,1
129809,1,1,0.9999367,1
129810,1,1,0.8559716,1
129811,1,1,0.87800074,1
129812,0,0,0.12646116,1
129813,0,0,0.28932148,1
129814,0,1,0.9992889,0
129815,1,1,1.0,1
129816,1,1,0.9999924,1
129817,1,0,0.2168396,0
129818,0,0,0.011222865,1
129819,1,0,0.0672398,0
129820,1,1,1.0,1
129821,1,1,1.0,1
129822,1,1,0.8997397,1
129823,1,1,0.9971048,1
129824,1,1,0.9997546,1
129825,1,1,1.0,1
129826,0,0,0.23979414,1
129827,0,0,0.14104463,1
129828,1,1,0.99974185,1
129829,0,1,0.9999976,0
129830,1,1,0.99703634,1
129831,1,1,0.99989843,1
129832,0,1,0.9906961,0
129833,1,1,0.9999958,1
129834,1,0,0.08866235,0
129835,0,1,0.9955142,0
129836,0,1,0.9418149,0
129837,1,1,0.5455279,1
129838,1,1,1.0,1
129839,1,1,1.0,1
129840,1,1,0.99999964,1
129841,0,0,0.10411242,1
129842,0,0,0.013532148,1
129843,1,1,1.0,1
129844,1,1,0.9999993,1
129845,1,1,0.5955514,1
129846,1,1,0.9999813,1
129847,1,1,0.9999225,1
129848,0,1,0.75319445,0
129849,0,1,0.68789214,0
129850,0,0,0.22101425,1
129851,1,0,0.00033274127,0
129852,1,1,0.99999607,1
129853,1,1,0.9886901,1
129854,1,0,0.13753247,0
129855,1,1,0.99066,1
129856,0,0,0.070751965,1
129857,1,1,0.93738294,1
129858,0,0,0.008830244,1
129859,0,1,0.81375694,0
129860,1,0,0.35061592,0
129861,0,1,0.36105207,0
129862,0,1,0.54855263,0
129863,1,1,0.76260096,1
129864,0,1,0.4193804,0
129865,0,0,0.11095189,1
129866,1,1,0.99999535,1
129867,1,1,0.9999776,1
129868,0,1,0.83815056,0
129869,0,0,0.270095,1
129870,0,1,0.9999995,0
129871,0,0,0.1447523,1
129872,1,1,0.97953105,1
129873,0,0,0.025982061,1
129874,1,1,0.9989936,1
129875,1,1,0.9999968,1
129876,0,0,0.061649624,1
129877,1,1,1.0,1
129878,1,1,0.5573635,1
129879,1,1,0.9998766,1
129880,0,1,0.9796871,0
129881,0,1,0.51135063,0
129882,1,0,0.2748377,0
129883,0,1,0.999985,0
129884,1,1,0.9999682,1
129885,0,0,0.054499876,1
129886,0,1,0.95945925,0
129887,1,1,1.0,1
129888,1,1,0.99999726,1
129889,1,1,0.99980134,1
129890,1,1,0.80927604,1
129891,1,1,0.9315248,1
129892,0,0,0.20181322,1
129893,1,1,0.9526182,1
129894,1,0,0.299566,0
129895,1,0,0.091544405,0
129896,0,0,0.24680553,1
129897,1,0,7.426381e-05,0
129898,0,0,0.14712578,1
129899,1,1,0.99909425,1
129900,1,1,0.9999999,1
129901,1,1,0.9999999,1
129902,0,0,0.14633106,1
129903,1,0,0.091058284,0
129904,1,0,0.014957087,0
129905,0,0,0.031143833,1
129906,1,1,1.0,1
129907,1,1,0.9753196,1
129908,1,1,0.9823047,1
129909,0,1,0.999943,0
129910,1,1,0.9997316,1
129911,0,0,0.1468197,1
129912,1,1,0.9839091,1
129913,1,1,0.999997,1
129914,1,0,0.040807478,0
129915,0,1,0.7065449,0
129916,1,1,0.5559777,1
129917,0,1,0.9994715,0
129918,0,1,0.9936733,0
129919,1,1,1.0,1
129920,0,0,0.03989989,1
129921,0,1,0.9219921,0
129922,1,1,0.9936733,1
129923,0,0,0.12442563,1
129924,1,1,0.99889046,1
129925,0,0,0.114616044,1
129926,0,0,0.17384852,1
129927,1,1,0.9997241,1
129928,0,0,0.04405976,1
129929,0,0,0.031055551,1
129930,1,1,0.9999999,1
129931,1,1,0.9999976,1
129932,0,1,0.9997017,0
129933,0,0,0.34471914,1
129934,1,1,0.4251278,1
129935,1,1,0.66502994,1
129936,1,1,0.79198205,1
129937,0,1,0.42229617,0
129938,1,1,0.9914722,1
129939,1,1,1.0,1
129940,1,0,0.21559837,0
129941,0,1,0.43839446,0
129942,1,1,0.7162682,1
129943,1,1,0.99856746,1
129944,1,0,0.12667711,0
129945,1,0,0.070751965,0
129946,1,1,1.0,1
129947,1,1,0.74433124,1
129948,1,1,0.95270634,1
129949,0,1,0.8543993,0
129950,0,0,0.099120855,1
129951,0,0,0.008864498,1
129952,0,0,0.20633379,1
129953,1,0,0.08336651,0
129954,1,1,1.0,1
129955,1,1,0.76951355,1
129956,1,1,0.9999968,1
129957,1,1,0.9995851,1
129958,1,1,0.64069206,1
129959,1,0,0.14996658,0
129960,0,0,0.24175783,1
129961,1,1,0.9701552,1
129962,1,1,1.0,1
129963,0,0,0.049865905,1
129964,1,1,0.94355595,1
129965,1,1,0.99984646,1
129966,1,1,1.0,1
129967,1,1,1.0,1
129968,0,1,0.9124362,0
129969,0,0,0.095433734,1
129970,0,0,0.076407686,1
129971,0,0,0.041384716,1
129972,1,1,0.9998776,1
129973,0,1,0.36240488,0
129974,1,1,0.9811669,1
129975,1,1,0.99997234,1
129976,1,0,0.076683804,0
129977,1,1,0.9999305,1
129978,0,1,0.3705955,0
129979,1,1,0.9999789,1
129980,0,0,0.032558974,1
129981,0,0,0.06841291,1
129982,0,1,0.7166154,0
129983,0,1,0.99968123,0
129984,1,0,0.058614686,0
129985,1,1,0.92007446,1
129986,0,1,0.6277801,0
129987,1,1,0.994615,1
129988,1,1,0.9999951,1
129989,1,1,0.9538373,1
129990,1,1,0.9274948,1
129991,0,0,0.13034077,1
129992,1,0,0.22884513,0
129993,1,1,0.9999335,1
129994,1,1,0.98427594,1
129995,1,1,0.9790958,1
129996,0,1,0.9576358,0
129997,0,1,0.71118027,0
129998,1,1,1.0,1
129999,1,1,0.95679593,1
130000,0,1,0.9954791,0
130001,0,1,0.99762183,0
130002,0,0,0.22755517,1
130003,1,1,0.9999994,1
130004,0,0,0.22686929,1
130005,1,1,0.9999852,1
130006,0,1,0.5757073,0
130007,1,0,0.049681153,0
130008,0,1,0.7972413,0
130009,0,0,0.019475216,1
130010,1,1,0.99802387,1
130011,0,1,0.6571535,0
130012,0,0,0.2163425,1
130013,1,1,0.9994956,1
130014,0,1,0.65748346,0
130015,1,0,0.18810017,0
130016,0,0,0.22661243,1
130017,1,0,0.081959546,0
130018,1,1,0.99983454,1
130019,1,1,0.9995479,1
130020,0,0,0.15203224,1
130021,0,0,0.22644132,1
130022,1,1,0.5771975,1
130023,1,1,0.87997437,1
130024,1,1,0.99999964,1
130025,1,1,1.0,1
130026,0,0,0.08929564,1
130027,1,0,0.051941562,0
130028,1,1,0.9999987,1
130029,0,1,0.89442116,0
130030,0,1,0.9704926,0
130031,0,0,0.27289566,1
130032,0,0,0.019014433,1
130033,1,1,0.99928063,1
130034,1,1,0.9992606,1
130035,1,1,0.9947901,1
130036,0,1,0.5851011,0
130037,1,1,0.9390807,1
130038,1,1,0.99911517,1
130039,1,0,0.14229147,0
130040,1,0,0.11367794,0
130041,1,1,0.9999963,1
130042,1,1,0.9999994,1
130043,1,1,0.9999858,1
130044,0,1,0.8162599,0
130045,1,1,0.90998703,1
130046,1,1,0.9947084,1
130047,0,0,0.03355782,1
130048,1,1,0.9999759,1
130049,1,1,0.9887771,1
130050,0,1,0.62240195,0
130051,1,1,0.6145675,1
130052,0,0,0.021105006,1
130053,0,1,0.9924666,0
130054,0,0,0.27308947,1
130055,1,1,1.0,1
130056,1,1,0.7103772,1
130057,0,0,0.05728198,1
130058,0,1,0.8472108,0
130059,0,0,0.03989989,1
130060,0,0,0.020429844,1
130061,1,1,1.0,1
130062,1,1,0.9999995,1
130063,1,1,1.0,1
130064,0,0,0.03711691,1
130065,1,1,0.5916053,1
130066,1,1,1.0,1
130067,0,1,0.46687597,0
130068,0,0,0.2641685,1
130069,1,1,0.7479383,1
130070,0,1,0.8250265,0
130071,0,1,1.0,0
130072,0,0,0.008478402,1
130073,1,1,1.0,1
130074,0,0,0.066629894,1
130075,1,0,0.038647197,0
130076,0,0,0.017627545,1
130077,1,1,0.92529744,1
130078,1,1,0.9999976,1
130079,1,1,0.9886464,1
130080,1,1,0.9999943,1
130081,0,0,0.00015843623,1
130082,0,0,0.039564554,1
130083,1,1,0.999866,1
130084,0,0,0.27649513,1
130085,1,1,0.53193885,1
130086,0,1,0.8143483,0
130087,1,0,0.03289904,0
130088,1,0,0.2673125,0
130089,1,1,0.99998176,1
130090,1,1,1.0,1
130091,0,1,0.5333975,0
130092,1,1,0.99979264,1
130093,1,1,0.47234878,1
130094,0,0,0.083515875,1
130095,1,1,0.68715787,1
130096,0,1,0.9999691,0
130097,0,1,0.9617499,0
130098,0,0,0.14523655,1
130099,0,0,0.04405976,1
130100,1,1,1.0,1
130101,1,1,0.9999871,1
130102,1,1,0.9985702,1
130103,1,1,0.9980544,1
130104,1,1,0.68421125,1
130105,0,1,0.35964522,0
130106,1,1,0.38986588,1
130107,1,1,0.4876429,1
130108,1,1,0.99943966,1
130109,0,1,0.9990978,0
130110,1,0,0.080069266,0
130111,0,1,0.7311066,0
130112,1,1,0.99999833,1
130113,1,1,1.0,1
130114,0,1,0.9999541,0
130115,1,0,0.14390808,0
130116,1,0,0.022074388,0
130117,1,0,0.06278921,0
130118,0,1,0.90473473,0
130119,1,1,0.9370958,1
130120,1,1,0.6758181,1
130121,1,1,1.0,1
130122,1,1,0.8288003,1
130123,1,0,0.019738017,0
130124,1,1,0.9999895,1
130125,1,0,0.13799648,0
130126,1,1,0.97555363,1
130127,0,1,0.9059898,0
130128,1,0,0.33960858,0
130129,0,0,0.2971639,1
130130,1,0,0.27503234,0
130131,1,1,1.0,1
130132,1,1,0.9998766,1
130133,1,1,1.0,1
130134,0,1,0.971537,0
130135,1,1,0.8842393,1
130136,1,0,0.15921742,0
130137,1,1,0.99961334,1
130138,1,1,1.0,1
130139,0,0,0.05218253,1
130140,1,0,0.07779745,0
130141,1,1,0.8529355,1
130142,1,1,0.9461506,1
130143,0,0,0.07146149,1
130144,1,1,1.0,1
130145,1,1,0.99998415,1
130146,1,1,0.999997,1
130147,1,1,0.7856377,1
130148,0,1,0.99999917,0
130149,0,0,0.004416556,1
130150,0,1,0.9907678,0
130151,0,0,0.15810935,1
130152,0,0,0.1991522,1
130153,1,1,1.0,1
130154,1,1,0.9985896,1
130155,1,1,1.0,1
130156,1,1,0.6538456,1
130157,1,1,0.99974924,1
130158,1,1,0.9986904,1
130159,0,0,0.3494217,1
130160,0,0,0.09392703,1
130161,1,0,0.02660711,0
130162,0,0,0.282691,1
130163,1,0,0.013299493,0
130164,0,0,0.022457054,1
130165,0,1,0.38444984,0
130166,0,0,0.039638843,1
130167,1,1,0.99965405,1
130168,1,1,0.8568123,1
130169,0,1,0.71824867,0
130170,0,0,0.09816574,1
130171,1,0,0.15980656,0
130172,1,1,0.99997365,1
130173,0,1,0.36274344,0
130174,0,1,0.4985352,0
130175,0,1,0.9998863,0
130176,1,0,0.019606182,0
130177,1,1,0.682415,1
130178,1,1,0.9999503,1
130179,1,1,0.997917,1
130180,0,0,0.055720285,1
130181,0,1,0.9781772,0
130182,1,1,0.7731308,1
130183,1,1,0.9951137,1
130184,1,1,0.45335263,1
130185,1,1,0.9989183,1
130186,0,0,0.06878729,1
130187,1,0,0.30383506,0
130188,1,1,1.0,1
130189,0,0,0.056652427,1
130190,0,0,0.024122424,1
130191,0,1,0.8669231,0
130192,1,1,0.73961055,1
130193,0,0,0.11269772,1
130194,0,1,0.9999993,0
130195,0,0,0.06418264,1
130196,0,1,0.8010035,0
130197,1,1,1.0,1
130198,1,1,1.0,1
130199,1,1,0.8840393,1
130200,0,0,0.16776335,1
130201,0,1,0.6846331,0
130202,0,1,0.9773492,0
130203,1,1,0.83682144,1
130204,1,1,1.0,1
130205,0,1,0.9407897,0
130206,1,1,1.0,1
130207,1,0,0.2790911,0
130208,0,1,0.8590736,0
130209,0,0,0.012624949,1
130210,1,1,0.9948803,1
130211,0,1,0.99979335,0
130212,1,1,0.98953116,1
130213,0,0,0.05490385,1
130214,1,1,0.9676251,1
130215,1,0,0.14866413,0
130216,0,0,0.114665605,1
130217,1,1,0.99849296,1
130218,1,1,0.99997294,1
130219,1,1,0.9999398,1
130220,1,1,0.99987805,1
130221,0,0,0.07654563,1
130222,0,0,0.122838534,1
130223,0,1,0.94694114,0
130224,0,0,0.18967113,1
130225,1,1,0.99845123,1
130226,1,1,1.0,1
130227,1,1,0.9997603,1
130228,0,0,0.1705771,1
130229,1,0,0.07198163,0
130230,1,0,0.14098547,0
130231,1,0,0.068040416,0
130232,0,1,0.99999046,0
130233,0,0,0.0060035954,1
130234,0,0,0.010408314,1
130235,1,1,0.99998224,1
130236,1,1,1.0,1
130237,0,1,0.56559867,0
130238,0,0,0.120957024,1
130239,0,0,0.012100385,1
130240,0,0,0.041191436,1
130241,1,1,0.37364724,1
130242,0,1,0.9982993,0
130243,1,1,0.9999975,1
130244,1,1,0.50964236,1
130245,1,1,0.9999999,1
130246,1,1,0.99490017,1
130247,0,0,0.34925526,1
130248,0,1,0.98481095,0
130249,1,1,0.8952483,1
130250,0,1,0.8814109,0
130251,1,1,0.99469805,1
130252,1,1,0.9999362,1
130253,1,1,0.7794058,1
130254,0,1,0.989791,0
130255,1,1,1.0,1
130256,1,0,0.12527926,0
130257,1,1,1.0,1
130258,0,1,0.8106289,0
130259,0,0,0.02439983,1
130260,1,1,0.99992454,1
130261,0,1,0.99420255,0
130262,0,1,0.9996207,0
130263,0,1,0.99896574,0
130264,0,1,0.8889517,0
130265,1,1,0.9931496,1
130266,0,0,0.03378023,1
130267,1,1,0.993807,1
130268,1,1,0.99974185,1
130269,0,1,1.0,0
130270,0,1,0.3863582,0
130271,1,1,0.9550264,1
130272,0,0,0.20212801,1
130273,0,0,0.11930549,1
130274,1,1,0.50262445,1
130275,1,1,0.9999999,1
130276,1,0,0.011288075,0
130277,1,1,0.9980696,1
130278,0,1,0.36082682,0
130279,1,1,1.0,1
130280,0,0,0.14823206,1
130281,1,1,0.6304006,1
130282,1,1,0.3630821,1
130283,1,0,0.30399004,0
130284,1,1,0.836688,1
130285,0,1,0.9999846,0
130286,0,0,0.2177531,1
130287,1,0,0.3431766,0
130288,1,1,0.99988806,1
130289,1,0,0.24653336,0
130290,1,1,0.9999715,1
130291,0,0,0.04881241,1
130292,0,1,0.6808256,0
130293,1,1,0.9998932,1
130294,1,1,0.9248914,1
130295,1,1,0.61860764,1
130296,1,0,0.13100637,0
130297,0,1,0.9989975,0
130298,0,1,0.9947084,0
130299,0,1,0.8080672,0
130300,1,1,0.999824,1
130301,0,0,0.21942112,1
130302,0,0,0.08269734,1
130303,0,0,0.007968815,1
130304,1,0,0.03521114,0
130305,0,1,0.7593147,0
130306,1,0,0.048948623,0
130307,0,0,0.014587567,1
130308,0,1,0.9579516,0
130309,0,0,0.14928317,1
130310,0,1,0.8168451,0
130311,0,1,0.35376298,0
130312,1,0,2.4490826e-05,0
130313,0,0,0.09384396,1
130314,0,0,0.19814174,1
130315,1,1,0.35812852,1
130316,1,1,0.99999964,1
130317,0,1,0.7334996,0
130318,0,1,0.99801993,0
130319,0,1,0.99995637,0
130320,1,1,0.50524884,1
130321,1,1,1.0,1
130322,1,1,0.35695085,1
130323,0,1,0.55434984,0
130324,0,1,0.6412539,0
130325,1,1,0.99999785,1
130326,0,0,0.019966036,1
130327,1,0,0.21223202,0
130328,1,1,0.9993068,1
130329,1,1,0.44405243,1
130330,0,0,0.31079897,1
130331,1,1,0.98947024,1
130332,1,1,0.8178656,1
130333,1,0,0.25860673,0
130334,0,1,0.9999914,0
130335,1,1,0.68925333,1
130336,0,1,0.99999976,0
130337,1,0,0.0354775,0
130338,0,0,0.058722552,1
130339,1,1,0.94463825,1
130340,1,1,1.0,1
130341,0,1,0.9996458,0
130342,1,1,0.99998987,1
130343,0,1,0.79286546,0
130344,1,1,0.6788062,1
130345,1,1,0.47767597,1
130346,1,1,1.0,1
130347,1,0,0.29925877,0
130348,0,0,0.15662017,1
130349,0,0,0.30860683,1
130350,0,0,0.028060742,1
130351,1,1,1.0,1
130352,1,1,0.9999815,1
130353,1,1,0.7662062,1
130354,1,1,0.9999362,1
130355,0,0,0.19536372,1
130356,1,1,0.47484425,1
130357,0,1,0.99248135,0
130358,1,1,0.9925538,1
130359,1,0,0.08262328,0
130360,1,1,0.99999785,1
130361,1,1,0.9999974,1
130362,0,1,0.4729573,0
130363,0,0,0.075721376,1
130364,0,0,0.11013573,1
130365,1,1,1.0,1
130366,1,1,1.0,1
130367,0,0,0.1187934,1
130368,0,1,0.9999995,0
130369,1,1,0.99997973,1
130370,0,1,0.42679933,0
130371,1,1,1.0,1
130372,1,1,0.99977034,1
130373,0,1,0.9038897,0
130374,0,1,0.48486793,0
130375,1,1,0.9984176,1
130376,0,0,0.3218329,1
130377,1,1,0.98922324,1
130378,0,1,0.38196856,0
130379,1,1,0.99986553,1
130380,0,0,0.18535665,1
130381,1,1,0.9986462,1
130382,1,1,0.80609053,1
130383,0,0,0.05098815,1
130384,0,1,0.9078038,0
130385,0,1,0.99999976,0
130386,0,0,0.059866417,1
130387,0,1,0.97828114,0
130388,1,1,1.0,1
130389,1,1,1.0,1
130390,1,1,0.99908185,1
130391,1,1,0.9766915,1
130392,0,1,0.45247543,0
130393,0,1,0.9996493,0
130394,0,1,0.9562273,0
130395,1,1,1.0,1
130396,0,1,0.9999083,0
130397,1,1,0.39978233,1
130398,0,1,0.99999774,0
130399,0,0,0.031261913,1
130400,0,1,0.9687676,0
130401,1,1,0.97009856,1
130402,1,1,0.9678689,1
130403,1,1,0.99999964,1
130404,1,1,0.8975158,1
130405,1,1,0.99992514,1
130406,0,0,0.2177531,1
130407,1,1,0.88710684,1
130408,1,1,0.9572778,1
130409,1,1,0.99583375,1
130410,1,1,0.5629575,1
130411,0,0,0.057018865,1
130412,0,0,0.03216145,1
130413,1,1,1.0,1
130414,0,0,0.10447732,1
130415,0,0,0.25711167,1
130416,1,1,1.0,1
130417,1,0,0.35036582,0
130418,0,1,0.858837,0
130419,1,1,0.9985952,1
130420,1,0,0.14157787,0
130421,1,1,0.8903896,1
130422,1,1,0.99998295,1
130423,1,1,0.99184376,1
130424,1,1,0.37742597,1
130425,0,1,0.9944126,0
130426,0,0,0.01964376,1
130427,0,1,0.9931363,0
130428,0,1,0.99985397,0
130429,1,1,0.9999981,1
130430,1,1,1.0,1
130431,1,1,0.9922294,1
130432,0,1,0.9993424,0
130433,1,1,0.42265353,1
130434,0,1,0.6031724,0
130435,1,1,1.0,1
130436,0,1,0.39907953,0
130437,1,1,1.0,1
130438,0,0,0.026581828,1
130439,0,0,0.11920292,1
130440,1,1,0.9182606,1
130441,1,1,0.99994266,1
130442,1,0,0.12629946,0
130443,1,1,0.6091173,1
130444,0,0,0.18257123,1
130445,1,1,0.5718862,1
130446,1,1,0.7272496,1
130447,1,1,1.0,1
130448,0,0,0.036493763,1
130449,0,0,0.0036216853,1
130450,1,1,0.37995335,1
130451,0,0,0.3294996,1
130452,0,1,0.9814,0
130453,0,1,0.5218367,0
130454,1,0,0.17845424,0
130455,1,1,0.99971086,1
130456,0,0,0.024987794,1
130457,1,0,0.011552671,0
130458,1,1,0.8657925,1
130459,1,1,0.90217954,1
130460,0,0,0.053107906,1
130461,0,1,0.99983394,0
130462,1,1,0.9995092,1
130463,0,1,0.94407386,0
130464,1,1,1.0,1
130465,1,1,0.38742954,1
130466,0,0,0.2596379,1
130467,1,1,0.53655577,1
130468,0,1,0.9152803,0
130469,0,1,0.9999877,0
130470,1,1,0.9999716,1
130471,0,1,1.0,0
130472,1,1,0.99922967,1
130473,1,1,0.55290186,1
130474,0,1,0.995523,0
130475,1,1,1.0,1
130476,1,1,0.93991333,1
130477,1,1,0.99457306,1
130478,0,0,0.13672362,1
130479,0,0,0.07871317,1
130480,0,0,0.025154885,1
130481,1,1,0.9526182,1
130482,0,0,0.14940722,1
130483,1,0,0.076683804,0
130484,0,1,0.9753196,0
130485,0,1,0.99976856,0
130486,0,1,0.99922824,0
130487,1,1,0.99990904,1
130488,1,1,0.9999989,1
130489,1,1,0.9999969,1
130490,0,0,0.24963012,1
130491,1,1,0.99999976,1
130492,1,1,1.0,1
130493,0,1,0.9743129,0
130494,1,1,0.8992984,1
130495,0,1,0.9571178,0
130496,1,0,0.014785409,0
130497,0,1,0.3576236,0
130498,0,0,0.14199378,1
130499,1,1,0.9988463,1
130500,1,1,0.7360687,1
130501,0,0,0.18082884,1
130502,0,1,0.7151754,0
130503,1,0,0.095940754,0
130504,1,1,0.99999964,1
130505,1,1,0.99999464,1
130506,1,1,0.9973218,1
130507,0,0,0.16715068,1
130508,1,1,0.85195273,1
130509,0,0,0.020904195,1
130510,1,1,0.9999937,1
130511,0,1,0.9999962,0
130512,1,1,0.99999917,1
130513,0,0,0.1534857,1
130514,0,0,0.062160026,1
130515,0,0,0.3112698,1
130516,0,1,0.9761519,0
130517,0,1,0.9990188,0
130518,1,1,0.9859093,1
130519,1,1,0.9999057,1
130520,1,1,0.9999883,1
130521,0,0,0.12106091,1
130522,0,0,0.0129954135,1
130523,1,1,0.9970708,1
130524,0,1,0.81815636,0
130525,1,1,0.59337366,1
130526,1,1,0.99999905,1
130527,1,1,1.0,1
130528,0,1,0.5362522,0
130529,0,1,0.9407897,0
130530,0,0,0.10922978,1
130531,0,0,0.33258134,1
130532,1,0,0.18914637,0
130533,0,0,0.03191915,1
130534,0,0,0.083890386,1
130535,0,1,0.57481253,0
130536,1,0,0.051941562,0
130537,1,1,0.92296976,1
130538,0,1,0.84221536,0
130539,0,1,0.55096984,0
130540,1,1,0.99999845,1
130541,1,1,1.0,1
130542,1,1,0.99195355,1
130543,0,0,0.02640552,1
130544,0,0,0.09492911,1
130545,0,0,0.060418423,1
130546,1,0,0.16264586,0
130547,0,0,0.03191915,1
130548,0,0,0.06014182,1
130549,0,1,0.9422947,0
130550,1,1,1.0,1
130551,1,1,0.99735296,1
130552,0,1,0.86748546,0
130553,1,0,0.0054799085,0
130554,1,0,0.041384716,0
130555,1,1,0.99459416,1
130556,1,1,0.99992514,1
130557,1,1,0.9997594,1
130558,1,1,0.9999347,1
130559,1,1,0.9342153,1
130560,0,0,0.058131598,1
130561,1,1,0.40547815,1
130562,1,0,0.040999033,0
130563,1,0,0.07899691,0
130564,0,0,0.32156652,1
130565,1,1,1.0,1
130566,1,1,0.99911517,1
130567,0,0,0.13369773,1
130568,1,1,0.9764232,1
130569,0,1,0.8746137,0
130570,0,1,0.72574586,0
130571,0,0,0.11417084,1
130572,1,1,1.0,1
130573,1,1,1.0,1
130574,1,1,0.37216285,1
130575,1,0,0.19004667,0
130576,1,1,0.9549004,1
130577,0,0,0.11037522,1
130578,1,1,0.99521697,1
130579,1,1,0.9261035,1
130580,1,1,0.998487,1
130581,1,1,0.99999964,1
130582,0,0,0.111724876,1
130583,1,1,0.926769,1
130584,0,1,0.97773504,0
130585,0,1,0.99977654,0
130586,0,0,0.006589771,1
130587,1,1,0.99972576,1
130588,1,1,0.9158842,1
130589,1,1,0.9508692,1
130590,1,1,0.99994326,1
130591,1,0,0.1754674,0
130592,0,1,0.99980587,0
130593,0,0,0.098946586,1
130594,0,0,0.02892572,1
130595,1,1,1.0,1
130596,0,1,0.9555271,0
130597,0,0,0.050470848,1
130598,0,1,0.42922002,0
130599,1,0,0.1476166,0
130600,0,1,0.91648406,0
130601,0,0,0.11992252,1
130602,1,0,0.33366603,0
130603,1,1,1.0,1
130604,0,1,0.99993026,0
130605,1,1,0.9519973,1
130606,0,0,0.009955651,1
130607,0,1,0.9999945,0
130608,1,1,0.6157235,1
130609,0,1,0.9999999,0
130610,1,1,0.9999999,1
130611,1,1,1.0,1
130612,1,1,0.9997584,1
130613,1,1,0.99887305,1
130614,1,0,0.114072114,0
130615,1,1,0.37785628,1
130616,1,0,0.2424746,0
130617,0,1,0.41700438,0
130618,0,1,0.9142907,0
130619,0,0,0.26137805,1
130620,1,1,0.93312675,1
130621,1,1,0.99995255,1
130622,0,0,0.0031912676,1
130623,1,1,0.99999225,1
130624,1,1,1.0,1
130625,0,1,0.9988028,0
130626,1,1,0.99984527,1
130627,1,0,0.30192775,0
130628,0,0,0.03711691,1
130629,1,1,0.8607207,1
130630,1,1,0.37507674,1
130631,1,1,0.891055,1
130632,1,1,0.37479073,1
130633,0,0,0.18220715,1
130634,0,0,0.1886227,1
130635,0,1,0.6597889,0
130636,1,1,0.8981429,1
130637,0,1,0.984516,0
130638,1,1,1.0,1
130639,1,0,0.1193568,0
130640,1,1,0.5089407,1
130641,0,0,0.015936995,1
130642,1,1,0.9975514,1
130643,0,1,0.9410069,0
130644,1,1,0.95388025,1
130645,1,1,0.99097973,1
130646,1,0,0.1648523,0
130647,1,1,1.0,1
130648,0,0,0.14767805,1
130649,0,0,0.07382971,1
130650,0,1,0.9582261,0
130651,1,1,1.0,1
130652,0,1,0.9952077,0
130653,0,0,0.07329728,1
130654,1,1,0.9693532,1
130655,1,1,1.0,1
130656,1,1,0.9999989,1
130657,0,1,0.9999999,0
130658,1,1,0.99933076,1
130659,0,0,0.07992553,1
130660,0,1,0.9999883,0
130661,1,1,0.8076883,1
130662,1,1,1.0,1
130663,1,0,0.061480366,0
130664,0,1,0.9517736,0
130665,1,1,0.9999956,1
130666,1,1,1.0,1
130667,0,0,0.2247353,1
130668,1,0,0.03038675,0
130669,1,1,0.8045595,1
130670,1,1,0.99853635,1
130671,1,1,0.9996686,1
130672,1,1,0.9999976,1
130673,0,0,0.07654563,1
130674,1,1,0.9975561,1
130675,1,1,0.6119039,1
130676,1,1,1.0,1
130677,1,1,0.4436908,1
130678,1,1,0.99999976,1
130679,1,1,0.9152046,1
130680,0,0,0.19004667,1
130681,1,1,0.99999857,1
130682,1,1,0.93863225,1
130683,1,1,0.99958915,1
130684,1,0,0.005353647,0
130685,1,1,1.0,1
130686,1,1,0.9965503,1
130687,0,1,0.99923575,0
130688,0,1,0.99968004,0
130689,1,1,1.0,1
130690,1,0,0.06342434,0
130691,1,1,0.5993679,1
130692,0,0,0.0894546,1
130693,1,1,0.99853635,1
130694,0,1,0.9647556,0
130695,1,1,0.9999856,1
130696,1,0,0.19200854,0
130697,0,1,0.5006714,0
130698,1,0,0.01627746,0
130699,0,1,0.99723166,0
130700,0,0,0.08050193,1
130701,0,0,0.09585608,1
130702,0,1,0.77330196,0
130703,0,0,0.22824252,1
130704,1,1,0.9998267,1
130705,0,0,0.050470848,1
130706,1,1,0.99998474,1
130707,0,1,0.48191097,0
130708,0,1,0.52859426,0
130709,0,0,0.1459046,1
130710,0,0,0.12570794,1
130711,1,1,0.9999988,1
130712,1,1,0.9999764,1
130713,1,1,0.80022407,1
130714,0,0,0.18989639,1
130715,0,0,0.085403666,1
130716,1,1,0.9702116,1
130717,1,1,0.78082967,1
130718,0,0,0.03207038,1
130719,1,1,1.0,1
130720,1,1,0.9990471,1
130721,1,1,0.964355,1
130722,0,1,0.95814794,0
130723,1,1,0.96485513,1
130724,1,1,0.99830914,1
130725,1,1,1.0,1
130726,0,0,0.11191885,1
130727,1,1,0.93263763,1
130728,1,1,0.9462003,1
130729,0,1,0.43674213,0
130730,1,1,0.40751025,1
130731,1,1,0.9999999,1
130732,0,1,0.7751796,0
130733,0,0,0.3127372,1
130734,1,1,0.8198933,1
130735,1,1,0.99998665,1
130736,1,1,1.0,1
130737,1,1,0.92241246,1
130738,0,0,0.04111437,1
130739,0,0,0.05470151,1
130740,1,1,0.99999964,1
130741,0,1,0.79358625,0
130742,0,0,0.047030386,1
130743,0,1,0.9966234,0
130744,0,0,0.15960999,1
130745,0,0,0.2972149,1
130746,1,0,0.2744972,0
130747,0,1,0.99416876,0
130748,1,1,0.9830688,1
130749,0,1,0.3682353,0
130750,1,1,0.70349854,1
130751,1,1,1.0,1
130752,0,0,0.12776141,1
130753,0,0,0.2833846,1
130754,1,1,0.9999982,1
130755,0,1,0.9996178,0
130756,1,1,0.89488137,1
130757,0,1,0.5771379,0
130758,1,1,0.60340613,1
130759,1,0,0.035012625,0
130760,0,0,0.044389986,1
130761,1,1,0.40145314,1
130762,1,1,0.70846474,1
130763,1,0,0.12721826,0
130764,1,1,0.99997294,1
130765,0,1,0.9944126,0
130766,0,0,0.082475364,1
130767,0,1,0.9999794,0
130768,1,1,0.9996424,1
130769,1,1,0.99947053,1
130770,0,1,1.0,0
130771,1,1,0.54146945,1
130772,1,1,0.9999999,1
130773,0,0,0.1164622,1
130774,1,1,1.0,1
130775,0,1,0.9244834,0
130776,0,1,0.39361808,0
130777,1,1,0.9999999,1
130778,1,1,1.0,1
130779,1,1,0.9980083,1
130780,0,0,0.06841291,1
130781,1,1,0.995523,1
130782,1,1,0.7136811,1
130783,0,0,0.084040605,1
130784,0,1,0.42787477,0
130785,0,0,0.05165378,1
130786,0,0,0.049819652,1
130787,0,1,0.99460465,0
130788,1,1,0.9801673,1
130789,0,0,0.01302049,1
130790,1,1,1.0,1
130791,0,1,0.99978596,0
130792,1,0,0.21816924,0
130793,0,1,0.9715909,0
130794,0,0,0.09492911,1
130795,1,1,0.9763782,1
130796,0,0,0.19276717,1
130797,1,1,0.997813,1
130798,1,1,0.9840936,1
130799,1,0,0.019966036,0
130800,0,1,0.35108855,0
130801,0,0,0.090896755,1
130802,1,0,0.012576347,0
130803,1,1,0.99937004,1
130804,0,0,0.05490385,1
130805,1,1,0.9999993,1
130806,1,1,0.99999976,1
130807,0,0,0.06935241,1
130808,0,0,0.020158019,1
130809,0,1,0.9997851,0
130810,1,1,0.9999927,1
130811,0,1,0.7594931,0
130812,1,0,0.17497346,0
130813,1,0,0.084040605,0
130814,1,0,0.030938227,0
130815,0,0,0.04590542,1
130816,0,1,0.42787477,0
130817,0,1,0.86396646,0
130818,0,0,0.046942927,1
130819,1,0,0.19163007,0
130820,0,1,0.93077356,0
130821,1,1,0.9994777,1
130822,0,0,0.04505753,1
130823,1,1,0.9392481,1
130824,0,1,0.9988305,0
130825,1,1,0.9968458,1
130826,0,0,0.24175783,1
130827,0,1,0.9981756,0
130828,1,1,0.99999964,1
130829,1,1,0.999956,1
130830,0,1,0.98018634,0
130831,0,0,0.32477057,1
130832,1,1,0.9999999,1
130833,1,1,0.99999964,1
130834,0,1,0.9527942,0
130835,1,1,0.9999573,1
130836,0,0,0.18169841,1
130837,0,0,0.12023207,1
130838,1,1,0.9592307,1
130839,1,1,1.0,1
130840,1,1,0.99596137,1
130841,0,0,0.11221037,1
130842,1,1,0.9915707,1
130843,1,1,0.9992489,1
130844,1,1,1.0,1
130845,0,1,0.9986462,0
130846,1,0,0.026989132,0
130847,0,1,0.46423358,0
130848,1,1,0.98644173,1
130849,1,1,0.89991575,1
130850,1,0,0.066629894,0
130851,0,1,0.7015597,0
130852,1,1,0.9999976,1
130853,0,1,0.91046584,0
130854,1,1,0.9666317,1
130855,0,1,0.9190633,0
130856,1,0,0.058614686,0
130857,1,1,0.9999988,1
130858,0,1,0.996123,0
130859,1,1,1.0,1
130860,0,0,0.19521025,1
130861,1,1,0.75023264,1
130862,0,1,0.9844862,0
130863,0,0,0.258326,1
130864,1,1,0.9974541,1
130865,0,0,0.13828714,1
130866,1,1,0.5451041,1
130867,1,1,1.0,1
130868,1,0,0.2414894,0
130869,0,0,0.2578585,1
130870,1,1,1.0,1
130871,0,0,0.12929276,1
130872,0,1,0.9999974,0
130873,1,1,0.9988373,1
130874,1,1,0.38041362,1
130875,0,1,0.87386215,0
130876,0,1,0.9378969,0
130877,1,0,0.020061804,0
130878,0,1,0.6083614,0
130879,1,1,0.992062,1
130880,0,0,0.045394883,1
130881,0,1,0.9999833,0
130882,1,1,0.99985576,1
130883,1,0,0.24953869,0
130884,1,1,0.49475116,1
130885,1,1,0.46031922,1
130886,0,1,0.91796696,0
130887,1,1,0.99964297,1
130888,1,1,0.99834836,1
130889,1,0,0.018159512,0
130890,1,1,0.5099475,1
130891,0,1,0.38442096,0
130892,1,0,0.13117322,0
130893,1,0,0.15386674,0
130894,1,1,0.85693204,1
130895,1,1,0.95460516,1
130896,0,0,0.12304914,1
130897,1,1,0.46286756,1
130898,1,1,1.0,1
130899,1,1,1.0,1
130900,0,0,0.0042729364,1
130901,1,0,0.08464396,0
130902,1,1,0.5098864,1
130903,1,1,0.999995,1
130904,0,0,0.1899715,1
130905,1,1,0.9999999,1
130906,0,1,0.8480936,0
130907,0,0,0.22337706,1
130908,0,1,0.9944126,0
130909,1,1,0.9976311,1
130910,0,0,0.33742183,1
130911,0,1,0.388415,0
130912,0,1,0.47149703,0
130913,1,1,1.0,1
130914,0,0,0.22850062,1
130915,1,1,1.0,1
130916,1,1,0.9999517,1
130917,1,1,0.99999976,1
130918,0,0,0.058507007,1
130919,0,1,0.99998593,0
130920,1,1,0.77636874,1
130921,0,0,0.16708273,1
130922,1,1,1.0,1
130923,0,0,0.1583695,1
130924,0,0,0.14057204,1
130925,1,1,0.9995883,1
130926,0,0,0.20850107,1
130927,1,1,0.50460804,1
130928,1,1,0.9408442,1
130929,1,0,0.28547153,0
130930,1,1,0.71587116,1
130931,0,1,0.82204634,0
130932,0,1,0.9999807,0
130933,1,1,1.0,1
130934,0,1,0.81815636,0
130935,1,0,0.018635655,0
130936,1,1,1.0,1
130937,1,1,0.94772077,1
130938,0,0,0.042443503,1
130939,1,0,0.032805953,0
130940,1,1,0.9989371,1
130941,0,0,0.03814243,1
130942,0,1,0.5615154,0
130943,0,1,0.9944666,0
130944,0,0,0.12989861,1
130945,0,0,0.1480472,1
130946,0,0,0.03897507,1
130947,1,1,0.88263035,1
130948,0,1,0.89302987,0
130949,0,0,0.22456521,1
130950,1,1,1.0,1
130951,1,1,0.9999999,1
130952,1,1,1.0,1
130953,0,1,0.60550755,0
130954,1,0,0.000947309,0
130955,1,1,1.0,1
130956,0,0,0.025932675,1
130957,1,1,1.0,1
130958,1,1,0.9999999,1
130959,0,1,0.996597,0
130960,0,0,0.032344334,1
130961,1,1,1.0,1
130962,0,0,0.07276838,1
130963,1,1,0.84428066,1
130964,1,1,0.797478,1
130965,1,1,0.98569053,1
130966,1,1,0.9999999,1
130967,0,1,0.9997063,0
130968,1,0,0.00930395,0
130969,1,1,0.9999994,1
130970,0,0,0.111337796,1
130971,1,1,0.9999958,1
130972,1,1,0.8645393,1
130973,0,0,0.34103364,1
130974,0,0,0.016850082,1
130975,0,1,0.69383615,0
130976,1,0,0.26908544,0
130977,1,1,0.89029425,1
130978,1,1,0.99988985,1
130979,1,1,1.0,1
130980,1,1,0.99986064,1
130981,1,1,0.99720997,1
130982,1,1,0.7907324,1
130983,0,0,0.013222823,1
130984,0,1,0.4520521,0
130985,1,1,0.9867005,1
130986,1,1,0.99990237,1
130987,1,1,0.9423477,1
130988,0,1,0.5389832,0
130989,0,0,0.28318632,1
130990,1,1,0.998319,1
130991,0,1,0.9563089,0
130992,0,0,0.25701845,1
130993,0,0,0.2776688,1
130994,0,1,0.73848057,0
130995,0,0,0.003846872,1
130996,1,0,0.084947094,0
130997,1,0,0.2987982,0
130998,1,1,0.48050913,1
130999,0,1,0.83128005,0
131000,0,1,0.8056322,0
131001,0,1,0.99945146,0
131002,1,1,0.5127536,1
131003,1,0,0.06935241,0
131004,1,1,0.7014575,1
131005,1,1,0.9994568,1
131006,1,1,0.99983394,1
131007,1,0,0.05770532,0
131008,0,0,0.2867681,1
131009,1,1,0.47210538,1
131010,1,1,0.9999771,1
131011,0,0,0.12389466,1
131012,0,1,0.87310666,0
131013,0,0,0.121320926,1
131014,1,1,0.9012275,1
131015,1,1,0.99951124,1
131016,1,1,0.99999475,1
131017,1,1,0.70755625,1
131018,1,1,0.99903214,1
131019,1,0,0.023621805,0
131020,1,1,0.9999999,1
131021,1,1,0.9596866,1
131022,1,1,0.9995092,1
131023,1,0,0.13660839,0
131024,1,1,0.4984741,1
131025,0,1,0.88263035,0
131026,1,1,0.9999982,1
131027,1,1,0.99991584,1
131028,0,0,0.049039625,1
131029,1,0,0.10889766,0
131030,1,1,0.9561454,1
131031,0,0,0.13724312,1
131032,0,1,0.9999738,0
131033,1,1,0.9406263,1
131034,0,0,0.08014123,1
131035,0,0,0.054550216,1
131036,1,1,1.0,1
131037,0,0,0.16803622,1
131038,0,1,0.99297464,0
131039,0,1,0.99865675,0
131040,0,0,0.20914644,1
131041,1,1,0.99789256,1
131042,1,1,0.99995244,1
131043,0,1,0.9999981,0
131044,0,1,0.7412528,0
131045,0,0,0.21975583,1
131046,1,1,0.37296188,1
131047,0,0,0.18594721,1
131048,1,1,0.9158842,1
131049,0,0,0.23178807,1
131050,0,1,0.40300873,0
131051,0,0,0.11706649,1
131052,0,1,0.5497615,0
131053,1,1,0.9985952,1
131054,0,0,0.056548137,1
131055,1,1,0.99999964,1
131056,0,0,0.074635044,1
131057,1,1,0.69040257,1
131058,1,1,0.98771137,1
131059,1,0,0.10293422,0
131060,1,1,1.0,1
131061,0,1,1.0,0
131062,1,1,0.7636601,1
131063,0,0,0.07470251,1
131064,0,1,0.89096016,0
131065,0,1,0.93033177,0
131066,0,0,0.17050801,1
131067,0,0,0.05834584,1
131068,0,0,0.021348475,1
131069,0,1,0.9548583,0
131070,1,1,0.47411373,1
131071,1,1,0.9545204,1
131072,1,1,0.9985562,1
131073,1,1,0.9845458,1
131074,1,1,0.99999917,1
131075,1,1,0.9056566,1
131076,0,1,0.888372,0
131077,0,0,0.008933403,1
131078,1,1,0.9908035,1
131079,1,1,1.0,1
131080,0,1,0.82233185,0
131081,0,1,0.7126823,0
131082,1,0,0.090253234,0
131083,1,0,0.0362883,0
131084,1,0,0.028980628,0
131085,1,1,0.9999999,1
131086,1,1,0.9882449,1
131087,0,1,0.9713746,0
131088,1,1,0.9964551,1
131089,0,1,0.91062486,0
131090,1,0,0.09518112,0
131091,1,1,0.9999914,1
131092,1,1,0.9999862,1
131093,1,0,0.16291203,0
131094,1,1,0.9996178,1
131095,0,1,0.9999995,0
131096,1,1,0.8736466,1
131097,0,0,0.06103112,1
131098,0,1,0.9996513,0
131099,1,1,0.97093683,1
131100,1,0,0.112600096,0
131101,1,1,0.9999999,1
131102,1,1,1.0,1
131103,1,1,0.9950563,1
131104,1,1,0.43875512,1
131105,1,0,0.07517641,0
131106,1,1,0.93991333,1
131107,1,1,0.95995015,1
131108,1,1,0.9998523,1
131109,1,1,0.9998902,1
131110,1,1,0.9984053,1
131111,1,0,0.06336634,0
131112,1,1,0.8954313,1
131113,0,0,0.030967517,1
131114,1,1,0.9995915,1
131115,1,1,0.99998045,1
131116,0,0,0.029958112,1
131117,0,0,0.2546943,1
131118,0,0,0.109039895,1
131119,1,1,0.95787287,1
131120,0,0,0.0023276936,1
131121,0,1,0.6107437,0
131122,1,1,0.38745853,1
131123,1,0,0.18750432,0
131124,1,1,0.99999964,1
131125,1,1,1.0,1
131126,1,1,1.0,1
131127,1,1,1.0,1
131128,0,1,0.99424744,0
131129,1,1,0.99994504,1
131130,1,1,0.99846625,1
131131,1,1,0.6910284,1
131132,1,1,0.9990245,1
131133,1,1,0.99885535,1
131134,1,1,0.96560895,1
131135,1,1,0.99997926,1
131136,1,1,0.97455615,1
131137,0,1,0.896614,0
131138,1,1,0.97386926,1
131139,0,0,0.20347002,1
131140,0,1,0.9548583,0
131141,0,1,0.9985619,0
131142,1,1,0.61138195,1
131143,1,1,1.0,1
131144,1,1,1.0,1
131145,1,0,0.05781161,0
131146,0,0,0.20946968,1
131147,0,0,0.07850098,1
131148,0,0,0.033336822,1
131149,0,1,0.99971753,0
131150,1,1,1.0,1
131151,1,1,0.9281487,1
131152,1,1,1.0,1
131153,1,1,0.995906,1
131154,1,0,0.28907058,0
131155,0,1,0.38601097,0
131156,1,1,0.9151287,1
131157,1,1,0.99999475,1
131158,1,1,0.9952077,1
131159,0,0,0.15739572,1
131160,1,0,0.09999631,0
131161,0,1,0.58646363,0
131162,1,1,0.67249304,1
131163,0,0,0.05037733,1
131164,0,0,0.10511863,1
131165,1,1,0.42763573,1
131166,1,0,0.023825366,0
131167,0,0,0.10866097,1
131168,1,1,0.9796092,1
131169,1,0,0.011530388,0
131170,1,1,1.0,1
131171,1,1,0.9999502,1
131172,0,0,0.047118004,1
131173,0,0,0.01977584,1
131174,0,0,0.34809092,1
131175,1,1,0.945248,1
131176,0,1,0.6166473,0
131177,1,1,0.99876,1
131178,1,1,0.6825208,1
131179,0,1,0.8283842,0
131180,0,1,0.68124986,0
131181,0,1,0.6847386,0
131182,0,0,0.040351234,1
131183,0,1,0.9995092,0
131184,1,1,0.99999964,1
131185,1,1,0.99945146,1
131186,1,1,0.99653685,1
131187,1,1,0.9761973,1
131188,0,0,0.042443503,1
131189,1,1,1.0,1
131190,0,0,0.10613344,1
131191,1,0,0.14116298,0
131192,0,0,0.14823206,1
131193,1,1,0.99966466,1
131194,1,1,0.6388916,1
131195,1,0,0.03194934,0
131196,1,0,0.30850264,0
131197,0,1,0.44652486,0
131198,0,0,0.16626887,1
131199,0,1,0.9829547,0
131200,1,1,1.0,1
131201,1,1,0.9084556,1
131202,0,0,0.12624557,1
131203,0,0,0.26222733,1
131204,1,1,0.99963665,1
131205,1,1,1.0,1
131206,0,0,0.10252914,1
131207,1,1,0.99997604,1
131208,1,1,1.0,1
131209,1,1,0.6382154,1
131210,0,1,0.66979885,0
131211,1,1,0.9999994,1
131212,1,1,0.9997613,1
131213,0,0,0.22422528,1
131214,0,0,0.09476145,1
131215,1,1,0.999905,1
131216,1,1,0.9999964,1
131217,1,0,0.11328496,0
131218,1,1,1.0,1
131219,0,1,0.38627136,0
131220,1,1,0.9896318,1
131221,0,0,0.07835981,1
131222,1,1,0.99993026,1
131223,0,1,0.9997273,0
131224,1,1,0.9181138,1
131225,1,1,0.9916842,1
131226,1,1,0.6720627,1
131227,0,0,0.03839402,1
131228,1,0,0.04676847,0
131229,1,1,0.9999764,1
131230,1,1,0.5046996,1
131231,1,0,0.00689046,0
131232,0,1,0.8047131,0
131233,0,0,0.008660931,1
131234,1,1,0.6234342,1
131235,1,0,0.23431903,0
131236,0,0,0.08866235,1
131237,1,1,0.8720208,1
131238,0,0,0.078148484,1
131239,1,0,0.036220055,0
131240,1,1,0.999992,1
131241,0,0,0.062617026,1
131242,0,0,0.1265691,1
131243,1,1,0.99999905,1
131244,1,0,0.3263788,0
131245,1,0,0.16465074,0
131246,1,0,0.070495576,0
131247,0,0,0.035012625,1
131248,1,1,0.9401336,1
131249,0,0,0.105210535,1
131250,0,0,0.18543036,1
131251,0,0,0.26530904,1
131252,0,1,0.9926684,0
131253,0,0,0.02260761,1
131254,1,0,0.10356715,0
131255,1,1,0.9999999,1
131256,0,1,0.9986303,0
131257,0,1,1.0,0
131258,1,1,0.7684726,1
131259,1,1,0.99390244,1
131260,1,1,0.9953904,1
131261,1,1,0.6084777,1
131262,1,1,0.998698,1
131263,1,1,0.5542895,1
131264,1,1,0.997917,1
131265,1,1,0.99998987,1
131266,1,1,1.0,1
131267,0,0,0.22261563,1
131268,0,1,1.0,0
131269,1,0,0.0095224865,0
131270,0,0,0.24694173,1
131271,1,1,0.99999976,1
131272,1,1,0.999997,1
131273,1,1,0.9923786,1
131274,1,0,0.23493281,0
131275,1,1,0.7129322,1
131276,0,1,0.99980205,0
131277,1,1,0.8784186,1
131278,1,1,0.99854773,1
131279,0,1,0.99240804,0
131280,0,0,0.09426001,1
131281,1,1,0.60673153,1
131282,0,0,0.14786254,1
131283,1,1,1.0,1
131284,0,0,0.12629946,1
131285,1,1,0.9984269,1
131286,1,1,0.8546422,1
131287,0,0,0.30907583,1
131288,1,1,0.99999,1
131289,1,1,1.0,1
131290,0,1,0.9997408,0
131291,0,0,0.06626642,1
131292,0,1,0.9999995,0
131293,1,1,1.0,1
131294,1,1,0.93385434,1
131295,1,1,1.0,1
131296,0,0,0.036390893,1
131297,0,0,0.03293013,1
131298,0,1,0.9997378,0
131299,1,0,0.17314835,0
131300,1,0,0.081154905,0
131301,0,0,0.03155902,1
131302,1,1,0.9999263,1
131303,0,1,0.7992073,0
131304,1,0,0.03715183,0
131305,1,0,0.030704854,0
131306,0,0,0.069226466,1
131307,1,0,0.15354916,0
131308,1,1,0.9999999,1
131309,1,1,0.99675864,1
131310,0,0,0.043204032,1
131311,1,1,0.69040257,1
131312,1,1,0.60375667,1
131313,1,1,1.0,1
131314,1,1,0.98752034,1
131315,0,1,0.9822366,0
131316,1,1,1.0,1
131317,0,0,0.03117331,1
131318,1,0,0.023286304,0
131319,0,1,0.549278,0
131320,1,1,0.99999917,1
131321,1,1,1.0,1
131322,0,0,0.2922417,1
131323,0,1,0.99879336,0
131324,1,1,0.99999785,1
131325,0,1,0.9971495,0
131326,0,1,0.45441163,0
131327,1,1,0.9999999,1
131328,1,1,0.99985456,1
131329,1,1,0.6706622,1
131330,0,0,0.055926174,1
131331,1,0,0.14481276,0
131332,1,1,0.9973322,1
131333,0,0,0.08277145,1
131334,1,0,0.016979992,0
131335,1,1,0.99582565,1
131336,1,1,0.98749614,1
131337,1,0,0.3287449,0
131338,1,1,0.9999976,1
131339,0,0,0.09501305,1
131340,1,1,0.9807842,1
131341,1,1,1.0,1
131342,1,1,0.99999917,1
131343,1,1,0.99999595,1
131344,0,0,0.34651366,1
131345,1,1,0.94458723,1
131346,1,1,0.953188,1
131347,1,1,0.99999964,1
131348,1,1,0.38447875,1
131349,1,0,0.2150209,0
131350,0,1,0.8834373,0
131351,0,1,0.9752254,0
131352,1,1,0.9996026,1
131353,1,1,0.9999964,1
131354,0,1,0.99999976,0
131355,1,1,1.0,1
131356,0,1,0.99862766,0
131357,0,0,0.09186979,1
131358,0,1,0.9999263,0
131359,0,0,0.28032076,1
131360,1,1,0.8253083,1
131361,0,0,0.28886992,1
131362,0,0,0.2150209,1
131363,1,1,1.0,1
131364,0,1,0.88885534,0
131365,0,1,0.9750835,0
131366,1,1,0.99999976,1
131367,0,0,0.10008423,1
131368,0,0,0.33906126,1
131369,1,0,0.030559864,0
131370,1,1,0.99999976,1
131371,1,1,0.81479084,1
131372,1,1,0.9678385,1
131373,0,1,0.38618457,0
131374,1,1,1.0,1
131375,1,1,0.9980732,1
131376,0,0,0.13546064,1
131377,0,0,0.3217796,1
131378,0,1,0.40984067,0
131379,0,1,0.9999937,0
131380,1,1,0.9851576,1
131381,1,1,0.99999964,1
131382,1,0,0.005685907,0
131383,1,0,0.11308892,0
131384,0,1,0.996271,0
131385,0,1,0.99998534,0
131386,0,0,0.2757144,1
131387,1,1,0.5398324,1
131388,1,1,0.99999833,1
131389,0,0,0.036838707,1
131390,0,0,0.017814532,1
131391,1,1,0.99993396,1
131392,0,1,0.36613634,0
131393,0,0,0.020567097,1
131394,1,1,1.0,1
131395,1,1,1.0,1
131396,0,0,0.006438102,1
131397,1,1,0.40171716,1
131398,1,1,0.9999981,1
131399,0,0,0.31705612,1
131400,0,1,0.9999999,0
131401,0,1,0.66785204,0
131402,0,0,0.20521656,1
131403,0,0,0.01374232,1
131404,1,1,0.9999628,1
131405,1,1,0.9999999,1
131406,1,1,0.9999982,1
131407,0,0,0.01694742,1
131408,1,1,1.0,1
131409,1,1,1.0,1
131410,0,1,0.9923193,0
131411,1,1,1.0,1
131412,1,1,0.99999034,1
131413,1,1,1.0,1
131414,0,0,0.024516337,1
131415,1,1,0.91359943,1
131416,1,1,0.99595356,1
131417,1,1,0.99540824,1
131418,0,0,0.0773781,1
131419,0,1,0.93189764,0
131420,0,0,0.29467145,1
131421,0,1,0.4614415,0
131422,0,0,0.0073743653,1
131423,1,1,0.9998233,1
131424,1,0,0.30177343,0
131425,0,1,0.8668104,0
131426,1,1,1.0,1
131427,0,1,0.99999535,0
131428,1,0,0.025957359,0
131429,1,1,0.99999225,1
131430,0,0,0.13150749,1
131431,0,0,0.07316472,1
131432,0,1,0.56403846,0
131433,0,0,0.1284158,1
131434,1,1,1.0,1
131435,1,1,0.9920312,1
131436,0,1,0.52256763,0
131437,1,1,0.9532751,1
131438,1,1,0.57367843,1
131439,0,1,0.8595459,0
131440,1,0,0.08093672,0
131441,1,1,0.9999999,1
131442,0,0,0.1455399,1
131443,0,1,0.4991455,0
131444,1,1,0.73885757,1
131445,1,1,0.99991655,1
131446,1,1,0.9999924,1
131447,0,0,0.022392828,1
131448,1,1,0.7091702,1
131449,1,1,0.37668043,1
131450,1,1,1.0,1
131451,1,1,0.99999714,1
131452,1,1,0.9847378,1
131453,0,1,0.573141,0
131454,0,0,0.037963696,1
131455,1,1,1.0,1
131456,0,0,0.12220859,1
131457,1,1,0.9996402,1
131458,1,0,0.11056715,0
131459,1,1,0.9999999,1
131460,1,1,1.0,1
131461,0,1,0.997813,0
131462,0,0,0.14792407,1
131463,1,1,0.9998876,1
131464,0,1,0.366193,0
131465,1,1,0.9999697,1
131466,0,1,0.9496227,0
131467,0,0,0.30388674,1
131468,1,0,0.012030543,0
131469,1,1,1.0,1
131470,0,1,0.5551941,0
131471,0,0,0.032191858,1
131472,1,1,0.90448195,1
131473,1,1,0.99999666,1
131474,1,1,0.94957596,1
131475,0,0,0.053650703,1
131476,1,1,0.9999833,1
131477,0,0,0.036493763,1
131478,0,1,0.38606885,0
131479,1,0,0.06244529,0
131480,1,1,0.99193794,1
131481,0,0,0.18824935,1
131482,1,1,0.99999964,1
131483,1,1,0.99892044,1
131484,0,0,0.17996249,1
131485,1,1,0.99999833,1
131486,0,0,0.1098012,1
131487,1,0,0.09721884,0
131488,0,1,0.9941347,0
131489,0,0,0.010448626,1
131490,0,1,0.9935494,0
131491,0,0,0.1339241,1
131492,0,0,0.28224567,1
131493,1,1,0.9995652,1
131494,0,1,0.7237978,0
131495,1,1,0.6722779,1
131496,1,1,0.99792105,1
131497,1,1,1.0,1
131498,1,1,0.9382373,1
131499,1,1,0.9999993,1
131500,0,0,0.015723988,1
131501,0,1,0.9923044,0
131502,1,1,0.9999999,1
131503,1,1,1.0,1
131504,0,0,0.2692295,1
131505,1,1,0.7749242,1
131506,1,1,0.9999999,1
131507,0,1,0.39931378,0
131508,1,1,0.9144437,1
131509,1,1,0.99989283,1
131510,1,1,0.9999943,1
131511,0,1,0.982971,0
131512,0,1,0.8763172,0
131513,1,1,0.5001831,1
131514,1,1,1.0,1
131515,0,1,0.50878817,0
131516,1,1,0.9999958,1
131517,0,0,0.1435475,1
131518,1,1,0.9994035,1
131519,0,0,0.27727723,1
131520,1,1,1.0,1
131521,1,1,0.9999621,1
131522,1,1,1.0,1
131523,1,1,1.0,1
131524,0,1,0.9965837,0
131525,1,1,0.9999666,1
131526,1,1,0.98337495,1
131527,0,1,0.98546845,0
131528,1,1,0.9995054,1
131529,1,0,0.31816727,0
131530,1,1,0.9629179,1
131531,1,1,0.99998856,1
131532,1,1,0.99997866,1
131533,1,1,0.9999969,1
131534,0,1,0.95934516,0
131535,0,0,0.028707078,1
131536,1,1,0.76964337,1
131537,1,1,0.76020586,1
131538,1,1,0.75292206,1
131539,1,1,1.0,1
131540,0,1,0.9869544,0
131541,1,1,0.99879813,1
131542,0,0,0.32696947,1
131543,1,0,0.09611029,0
131544,1,1,0.8255897,1
131545,1,1,1.0,1
131546,0,0,0.03197956,1
131547,0,0,0.04616273,1
131548,1,1,1.0,1
131549,1,0,0.05424881,0
131550,0,0,0.0018386652,1
131551,1,0,0.012407696,0
131552,0,0,0.2338813,1
131553,1,1,0.7613611,1
131554,0,0,0.0673624,1
131555,0,1,0.86153823,0
131556,1,1,0.9999689,1
131557,1,1,0.9999999,1
131558,0,1,0.9999994,0
131559,0,1,0.98646784,0
131560,0,1,0.99999654,0
131561,0,0,0.23283304,1
131562,0,1,0.9976769,0
131563,0,0,0.07878402,1
131564,1,1,0.9999999,1
131565,1,1,0.9887554,1
131566,1,1,1.0,1
131567,1,0,0.07146149,0
131568,1,0,0.0343263,0
131569,0,1,0.78274554,0
131570,0,1,0.9747011,0
131571,0,1,0.76795095,0
131572,1,1,0.99943966,1
131573,0,0,0.093512304,1
131574,1,1,0.5734396,1
131575,0,0,0.20979328,1
131576,1,1,0.99983263,1
131577,0,0,0.027246773,1
131578,1,1,0.50848305,1
131579,0,1,0.99855906,0
131580,1,1,0.9965301,1
131581,1,1,1.0,1
131582,1,1,0.6244653,1
131583,1,1,0.844409,1
131584,0,0,0.17667161,1
131585,1,1,0.9519973,1
131586,0,0,0.19667186,1
131587,1,1,0.99784267,1
131588,0,0,0.00946738,1
131589,1,0,0.07270252,0
131590,1,0,0.09033343,0
131591,1,1,0.99852777,1
131592,0,0,0.21725449,1
131593,0,0,0.19314739,1
131594,0,1,0.9801103,0
131595,1,1,1.0,1
131596,0,0,0.008124708,1
131597,0,1,0.9928231,0
131598,0,1,0.46927702,0
131599,1,1,1.0,1
131600,1,1,0.5408632,1
131601,1,1,0.9999994,1
131602,0,0,0.09392703,1
131603,1,1,0.9998863,1
131604,1,1,1.0,1
131605,1,1,0.9999913,1
131606,0,0,0.18484107,1
131607,0,0,0.020984296,1
131608,1,1,0.45668232,1
131609,1,1,0.99998486,1
131610,1,1,0.99999547,1
131611,1,0,0.18082884,0
131612,1,1,0.6861073,1
131613,0,1,0.9999263,0
131614,1,0,0.027585285,0
131615,0,1,0.7913377,0
131616,0,0,0.046724956,1
131617,0,0,0.046335038,1
131618,1,1,0.9987405,1
131619,1,1,0.99983525,1
131620,0,0,0.117774926,1
131621,0,1,0.96975684,0
131622,1,1,0.99984336,1
131623,0,1,0.9957767,0
131624,0,1,0.5461936,0
131625,0,1,0.85158294,0
131626,1,1,0.99986124,1
131627,0,0,0.047602654,1
131628,0,0,0.23528405,1
131629,0,1,0.9969126,0
131630,0,0,0.0673624,1
131631,1,1,1.0,1
131632,1,1,1.0,1
131633,0,0,0.03594832,1
131634,1,0,0.0793529,0
131635,1,1,0.99991846,1
131636,0,1,0.56139517,0
131637,0,0,0.15804437,1
131638,1,1,0.6178009,1
131639,0,0,0.10212547,1
131640,1,1,0.6898805,1
131641,1,0,0.10753115,0
131642,0,1,0.9951514,0
131643,1,0,0.0683507,0
131644,0,0,0.11601078,1
131645,0,1,0.86281466,0
131646,0,0,0.24826072,1
131647,1,1,0.99978596,1
131648,0,0,0.034880888,1
131649,1,1,0.9999999,1
131650,0,1,0.5108625,0
131651,0,0,0.114121474,1
131652,1,1,1.0,1
131653,1,1,0.99939406,1
131654,0,0,0.013715874,1
131655,1,1,1.0,1
131656,0,0,0.09842541,1
131657,1,1,0.9531443,1
131658,1,0,0.027716566,0
131659,1,0,0.1481088,0
131660,1,0,0.31795546,0
131661,0,0,0.04668148,1
131662,1,0,0.0070938617,0
131663,0,0,0.14934519,1
131664,1,1,0.9768687,1
131665,0,0,0.089853115,1
131666,0,0,0.077308424,1
131667,1,1,0.99968123,1
131668,1,1,0.8806945,1
131669,1,1,0.99999845,1
131670,0,1,0.6970421,0
131671,1,1,0.9733675,1
131672,0,0,0.10185715,1
131673,1,1,1.0,1
131674,1,1,1.0,1
131675,1,1,0.97794676,1
131676,1,1,0.97546023,1
131677,0,1,0.9130584,0
131678,1,1,0.93505055,1
131679,1,1,0.9998535,1
131680,1,1,1.0,1
131681,0,0,0.046724956,1
131682,1,1,0.6300592,1
131683,0,1,0.99993443,0
131684,1,1,0.9999094,1
131685,0,1,0.9588471,0
131686,1,1,0.98125684,1
131687,1,0,0.022846196,0
131688,1,1,1.0,1
131689,0,0,0.10212547,1
131690,1,1,1.0,1
131691,1,1,0.9992778,1
131692,1,1,0.4582275,1
131693,1,1,0.56517875,1
131694,1,1,0.97038054,1
131695,1,1,0.7348813,1
131696,0,1,0.9990854,0
131697,1,0,0.004030743,0
131698,1,0,0.27250826,0
131699,0,1,0.94825053,0
131700,1,1,1.0,1
131701,1,0,0.08555635,0
131702,1,1,1.0,1
131703,1,1,0.9982692,1
131704,1,1,0.6631784,1
131705,0,1,0.9859904,0
131706,0,0,0.085632786,1
131707,0,1,0.5456489,0
131708,0,1,1.0,0
131709,0,1,0.99944395,0
131710,1,1,0.9956176,1
131711,0,0,0.12874407,1
131712,0,1,0.7272496,0
131713,1,1,0.9999292,1
131714,0,1,0.998743,0
131715,1,0,0.11828322,0
131716,1,0,0.0071629784,0
131717,1,1,0.9999968,1
131718,0,0,0.13381088,1
131719,1,1,0.98761624,1
131720,1,0,0.25571522,0
131721,1,1,0.76268935,1
131722,1,1,0.99999654,1
131723,0,0,0.2184192,1
131724,0,1,0.90414387,0
131725,1,0,0.11476479,0
131726,1,0,0.113383114,0
131727,1,1,0.9992387,1
131728,1,1,0.7541915,1
131729,0,0,0.15297888,1
131730,1,1,0.97917557,1
131731,0,0,0.10275402,1
131732,1,0,0.26175526,0
131733,1,0,0.040999033,0
131734,1,1,0.9996718,1
131735,1,1,0.9885804,1
131736,1,1,0.87418467,1
131737,1,1,0.94971603,1
131738,1,1,0.99883276,1
131739,1,1,0.5486735,1
131740,1,0,0.19246344,0
131741,0,0,0.23739909,1
131742,0,1,0.8890481,0
131743,1,0,0.003794834,0
131744,0,1,0.89488137,0
131745,1,1,0.9997459,1
131746,0,0,0.004736749,1
131747,0,1,0.86431044,0
131748,1,1,0.9842457,1
131749,1,1,0.632446,1
131750,1,1,0.9999999,1
131751,1,1,0.9999994,1
131752,1,1,0.72316283,1
131753,0,1,0.6183772,0
131754,1,1,0.99986446,1
131755,0,1,0.999956,0
131756,1,1,0.9818231,1
131757,0,1,0.5998368,0
131758,0,0,0.054752033,1
131759,0,1,0.5636182,0
131760,0,1,0.9842457,0
131761,0,0,0.029228985,1
131762,0,1,0.9859634,0
131763,1,0,0.08014123,0
131764,0,1,0.99992514,0
131765,1,1,0.93397486,1
131766,0,0,0.33437207,1
131767,0,0,0.008429287,1
131768,1,1,1.0,1
131769,0,1,0.83828294,0
131770,1,1,0.977132,1
131771,1,1,0.936285,1
131772,0,0,0.18982127,1
131773,0,0,0.3019792,1
131774,1,1,0.99999785,1
131775,1,1,0.9942251,1
131776,1,1,0.9901211,1
131777,1,0,0.2213507,0
131778,0,1,0.9999043,0
131779,1,1,1.0,1
131780,1,1,1.0,1
131781,1,0,0.011288075,0
131782,0,1,0.7744129,0
131783,0,1,0.43335187,0
131784,0,0,0.07004896,1
131785,0,0,0.19852991,1
131786,0,1,0.81888175,0
131787,0,1,0.99984527,0
131788,0,1,0.9531008,0
131789,1,1,0.8894329,1
131790,1,1,1.0,1
131791,0,0,0.018653521,1
131792,1,1,1.0,1
131793,1,1,0.87472075,1
131794,1,1,0.9409528,1
131795,1,0,0.06506812,0
131796,1,1,0.99424744,1
131797,1,1,0.9708264,1
131798,1,1,0.99998486,1
131799,0,1,0.99999976,0
131800,0,0,0.18624303,1
131801,0,1,0.9928231,0
131802,0,1,1.0,0
131803,1,1,0.9330048,1
131804,1,0,0.0036076168,0
131805,1,1,0.9933975,1
131806,1,1,0.9997478,1
131807,1,1,0.94468933,1
131808,0,0,0.058776554,1
131809,1,1,0.9999969,1
131810,0,0,0.03893851,1
131811,1,0,0.18757874,0
131812,0,1,0.9976404,0
131813,1,0,0.14578295,0
131814,0,1,0.97583157,0
131815,0,1,0.43422136,0
131816,0,0,0.22678365,1
131817,0,1,0.81946033,0
131818,1,1,0.9860443,1
131819,0,1,0.941493,0
131820,0,0,0.08953418,1
131821,1,0,0.1154611,0
131822,1,1,0.99998415,1
131823,0,1,0.96050966,0
131824,1,1,0.5720655,1
131825,1,1,0.94829834,1
131826,1,1,0.9986249,1
131827,1,1,1.0,1
131828,0,1,0.88778967,0
131829,1,1,1.0,1
131830,1,1,0.85034436,1
131831,1,1,0.4033906,1
131832,1,1,0.9999999,1
131833,0,0,0.28861922,1
131834,1,1,1.0,1
131835,0,1,0.7482603,0
131836,1,0,0.042842172,0
131837,0,1,0.692174,0
131838,0,1,0.8668104,0
131839,1,1,0.99999845,1
131840,1,1,0.9352874,1
131841,1,1,0.9401336,1
131842,0,0,0.23484507,1
131843,1,0,0.31520876,0
131844,0,0,0.05500529,1
131845,1,1,0.9898499,1
131846,1,1,1.0,1
131847,1,1,0.99999976,1
131848,0,1,0.9613528,0
131849,1,1,0.99999976,1
131850,1,1,0.99994075,1
131851,1,1,0.9999231,1
131852,1,1,0.85034436,1
131853,0,1,0.9970765,0
131854,1,1,0.46429428,1
131855,1,1,0.9766915,1
131856,0,0,0.10374862,1
131857,1,1,0.9999944,1
131858,0,1,0.99993694,0
131859,1,1,0.7307224,1
131860,0,1,0.8119744,0
131861,0,0,0.12847047,1
131862,0,0,0.24626137,1
131863,1,1,0.7226738,1
131864,0,1,0.9953994,0
131865,1,1,1.0,1
131866,0,1,0.9972904,0
131867,1,1,0.9951703,1
131868,0,1,0.67848676,0
131869,0,1,0.9918121,0
131870,0,1,0.4136844,0
131871,1,1,0.980375,1
131872,1,1,0.799129,1
131873,1,0,0.03775027,0
131874,0,0,0.024053553,1
131875,0,0,0.06656919,1
131876,1,1,0.9999392,1
131877,0,0,0.054802597,1
131878,0,0,0.15823938,1
131879,0,0,0.089057684,1
131880,0,0,0.15297888,1
131881,1,1,0.9998005,1
131882,1,0,0.0343263,0
131883,0,1,0.9951609,0
131884,1,0,0.011441684,0
131885,1,0,0.038719833,0
131886,0,0,0.05098815,1
131887,0,1,0.94858485,0
131888,0,0,0.0041420166,1
131889,0,0,0.03971326,1
131890,0,1,0.6258384,0
131891,1,0,0.062273983,0
131892,0,0,0.00478301,1
131893,1,1,0.9999987,1
131894,0,0,0.26736033,1
131895,0,1,0.7992857,0
131896,0,1,0.70578504,0
131897,1,1,1.0,1
131898,1,1,0.99979013,1
131899,1,1,0.94176143,1
131900,1,1,0.99999917,1
131901,1,1,1.0,1
131902,1,1,0.96405166,1
131903,1,1,1.0,1
131904,1,1,1.0,1
131905,0,0,0.015875846,1
131906,0,1,0.5560983,0
131907,0,0,0.16789973,1
131908,1,1,0.9999949,1
131909,1,1,0.999998,1
131910,1,1,0.9999664,1
131911,0,1,0.5873515,0
131912,0,0,0.12984344,1
131913,1,1,0.999959,1
131914,1,0,0.120438814,0
131915,0,0,0.09326426,1
131916,1,0,0.07043161,0
131917,0,0,0.064653486,1
131918,1,1,0.9867517,1
131919,1,1,0.9891606,1
131920,1,1,0.9999999,1
131921,1,1,0.99959,1
131922,0,0,0.012217682,1
131923,1,1,0.9999987,1
131924,0,0,0.34604388,1
131925,0,1,0.9982926,0
131926,1,1,0.3562227,1
131927,1,1,0.9999558,1
131928,1,1,0.9957684,1
131929,1,1,1.0,1
131930,0,1,0.82032555,0
131931,0,1,0.9999999,0
131932,0,0,0.16865148,1
131933,1,0,0.046421416,0
131934,0,1,0.9677472,0
131935,0,0,0.033085983,1
131936,0,1,0.9999999,0
131937,1,1,1.0,1
131938,1,1,0.4423354,1
131939,1,0,0.28229508,0
131940,1,1,0.9999975,1
131941,1,0,0.02258604,0
131942,1,1,1.0,1
131943,0,0,0.09790669,1
131944,1,1,0.9980882,1
131945,1,1,0.9999981,1
131946,0,1,0.9999347,0
131947,1,0,0.045862667,0
131948,0,1,1.0,0
131949,1,1,0.8840393,1
131950,0,1,0.44942284,0
131951,1,1,0.6400174,1
131952,1,1,0.99943525,1
131953,1,1,1.0,1
131954,0,1,0.8693822,0
131955,0,1,0.99849594,0
131956,1,1,0.5444381,1
131957,1,1,0.99984705,1
131958,1,1,0.9999894,1
131959,0,0,0.07165614,1
131960,0,0,0.1292378,1
131961,1,0,0.003930086,0
131962,0,1,0.5994851,0
131963,1,1,0.79653,1
131964,1,1,0.96458924,1
131965,0,1,0.98920244,0
131966,0,1,0.5060422,0
131967,0,0,0.10687689,1
131968,0,1,0.9994837,0
131969,1,1,0.9997981,1
131970,0,1,0.9649544,0
131971,0,0,0.009955651,1
131972,0,1,0.43578145,0
131973,0,0,0.17931488,1
131974,1,1,0.48377034,1
131975,0,1,0.9378969,0
131976,0,0,0.051272422,1
131977,1,1,1.0,1
131978,1,1,0.99999166,1
131979,1,0,0.3220994,0
131980,1,1,0.99999964,1
131981,1,1,1.0,1
131982,0,1,0.9999958,0
131983,0,0,0.0045032725,1
131984,1,1,0.76374817,1
131985,1,1,0.3637034,1
131986,0,0,0.341308,1
131987,1,0,0.17050801,0
131988,1,0,0.124532074,0
131989,1,1,0.55531466,1
131990,1,1,0.99984396,1
131991,0,1,0.4802349,0
131992,1,0,0.080069266,0
131993,0,0,0.00552265,1
131994,1,1,0.99999905,1
131995,1,1,1.0,1
131996,0,1,0.99999297,0
131997,1,1,0.94165415,1
131998,1,1,0.9998722,1
131999,1,1,0.99424744,1
132000,0,1,0.61138195,0
132001,0,0,0.080213256,1
132002,0,0,0.019870713,1
132003,1,1,0.9999497,1
132004,1,1,0.94994867,1
132005,0,0,0.058560826,1
132006,0,0,0.04177388,1
132007,0,0,0.015276946,1
132008,0,1,0.6091173,0
132009,1,1,1.0,1
132010,0,1,0.37433314,0
132011,1,1,0.42453125,1
132012,1,1,0.352982,1
132013,1,1,0.97881407,1
132014,1,1,1.0,1
132015,0,1,0.97819793,0
132016,1,1,0.9985134,1
132017,1,1,0.984063,1
132018,1,0,0.3475925,0
132019,1,1,0.9279531,1
132020,1,1,0.99999905,1
132021,0,1,0.7468782,0
132022,0,0,0.29451925,1
132023,1,1,1.0,1
132024,0,0,0.21403356,1
132025,0,1,0.99428093,0
132026,0,0,0.055874642,1
132027,0,0,0.32284617,1
132028,1,0,0.083142914,0
132029,1,1,0.991891,1
132030,1,1,1.0,1
132031,1,1,0.9994461,1
132032,0,1,0.98715407,0
132033,1,1,0.9601001,1
132034,0,0,0.08291986,1
132035,1,1,0.99533635,1
132036,1,1,0.81640637,1
132037,0,1,0.41881573,0
132038,1,1,0.99999857,1
132039,0,0,0.29183787,1
132040,1,1,1.0,1
132041,0,0,0.06878729,1
132042,1,1,0.99879575,1
132043,1,1,0.99991345,1
132044,0,0,0.09057448,1
132045,1,0,0.070495576,0
132046,0,1,0.9730621,0
132047,0,0,0.008251599,1
132048,0,0,0.19536372,1
132049,1,1,0.63798994,1
132050,0,1,0.9354055,0
132051,1,1,0.9999995,1
132052,1,1,0.9993094,1
132053,0,0,0.17455095,1
132054,0,0,0.2382842,1
132055,1,1,0.52725565,1
132056,0,1,0.5475245,0
132057,1,1,0.99999964,1
132058,1,1,0.47798052,1
132059,1,0,0.099120855,0
132060,0,1,0.480113,0
132061,1,1,0.99999213,1
132062,0,0,0.07191642,1
132063,0,1,0.8238959,0
132064,0,1,0.5555558,0
132065,1,1,1.0,1
132066,0,0,0.06699522,1
132067,0,0,0.19590156,1
132068,1,0,0.0030813636,0
132069,0,0,0.03188899,1
132070,1,1,1.0,1
132071,1,1,0.7180016,1
132072,1,1,0.87768656,1
132073,1,1,0.99951684,1
132074,1,1,1.0,1
132075,1,1,0.7884203,1
132076,1,1,0.96912026,1
132077,0,0,0.2638364,1
132078,1,1,1.0,1
132079,1,1,0.99999905,1
132080,1,1,0.9509604,1
132081,0,1,1.0,0
132082,0,0,0.12754393,1
132083,0,0,0.25321415,1
132084,0,0,0.09764823,1
132085,0,0,0.036769465,1
132086,1,1,1.0,1
132087,0,1,0.9658352,0
132088,0,1,0.953665,0
132089,0,1,0.5329721,0
132090,0,1,0.607605,0
132091,1,1,1.0,1
132092,1,1,0.99999845,1
132093,0,0,0.33535084,1
132094,1,1,0.6399048,1
132095,1,1,1.0,1
132096,1,0,0.051749542,0
132097,0,0,0.3184851,1
132098,0,0,0.061255362,1
132099,0,0,0.16013464,1
132100,1,1,0.9994128,1
132101,0,1,0.9987356,0
132102,0,1,0.7574357,0
132103,0,0,0.22841457,1
132104,1,1,0.9999999,1
132105,0,1,0.99509466,0
132106,0,0,0.1289633,1
132107,0,0,0.29350573,1
132108,0,0,0.20890425,1
132109,1,1,1.0,1
132110,1,0,0.14128143,0
132111,0,1,0.9949886,0
132112,0,1,0.9181873,0
132113,1,1,0.8894329,1
132114,0,1,0.39318112,0
132115,0,0,0.25636628,1
132116,1,1,0.9999995,1
132117,0,1,0.38986588,0
132118,1,0,0.18053968,0
132119,1,0,0.058776554,0
132120,0,0,0.16803622,1
132121,1,0,0.3271307,0
132122,1,1,0.6042238,1
132123,1,1,0.996858,1
132124,1,1,0.9019207,1
132125,1,1,0.9958901,1
132126,1,0,0.015543648,0
132127,0,1,0.99937123,0
132128,1,1,0.53728414,1
132129,1,0,0.10951515,0
132130,1,1,0.99140584,1
132131,1,1,0.99999213,1
132132,0,0,0.014392336,1
132133,0,0,0.21833587,1
132134,0,0,0.033399824,1
132135,1,1,0.9999989,1
132136,0,1,0.99949956,0
132137,1,0,0.23370637,0
132138,0,1,0.98546845,0
132139,1,0,0.15495054,0
132140,1,1,0.6866328,1
132141,1,1,0.3756492,1
132142,1,1,0.8178656,1
132143,1,1,0.93985814,1
132144,0,0,0.3245564,1
132145,0,0,0.27874738,1
132146,0,1,0.97550696,0
132147,1,1,1.0,1
132148,1,1,0.9953544,1
132149,1,1,0.99952257,1
132150,0,0,0.027690258,1
132151,0,1,0.8260112,0
132152,1,1,0.9990264,1
132153,0,1,0.9810037,0
132154,1,1,0.59625685,1
132155,1,1,0.99999535,1
132156,1,1,0.9965233,1
132157,1,0,0.0921145,0
132158,1,0,0.33020115,0
132159,0,0,0.037892424,1
132160,0,0,0.08277145,1
132161,1,1,0.9999635,1
132162,0,0,0.049865905,1
132163,0,1,0.9999976,0
132164,1,0,0.11269772,0
132165,1,1,0.3684057,1
132166,0,0,0.07661468,1
132167,1,1,0.9999976,1
132168,1,1,0.9966102,1
132169,0,1,0.65318227,0
132170,0,1,0.82893884,0
132171,1,1,1.0,1
132172,1,0,0.17085357,0
132173,0,0,0.10475175,1
132174,1,0,0.11956225,0
132175,0,1,1.0,0
132176,0,1,0.99999607,0
132177,1,1,0.9999994,1
132178,0,1,0.7644523,0
132179,0,0,0.0123360995,1
132180,1,1,0.9999995,1
132181,1,0,0.25441635,0
132182,1,0,0.036083944,0
132183,0,0,0.025154885,1
132184,0,0,0.21535073,1
132185,0,1,0.9614615,0
132186,1,1,1.0,1
132187,0,1,0.4714666,0
132188,1,1,0.78481424,1
132189,1,1,0.97782,1
132190,0,1,0.8797679,0
132191,1,0,0.0794957,0
132192,0,0,0.041812986,1
132193,1,1,0.9987864,1
132194,1,1,0.98715407,1
132195,1,1,0.99936384,1
132196,0,0,0.17724052,1
132197,1,0,0.02532306,0
132198,0,0,0.09534946,1
132199,0,1,0.49694827,0
132200,0,1,0.9942251,0
132201,0,1,0.9534921,0
132202,1,1,0.9999982,1
132203,0,1,0.99997556,0
132204,1,1,0.9650863,1
132205,1,1,0.99999666,1
132206,1,1,0.9999999,1
132207,0,0,0.073963374,1
132208,1,1,0.55700207,1
132209,1,1,0.98365986,1
132210,1,1,0.99456257,1
132211,0,0,0.2600135,1
132212,1,1,0.37771282,1
132213,1,1,0.9999981,1
132214,0,1,0.9533619,0
132215,0,0,0.14817041,1
132216,1,1,0.9999957,1
132217,1,1,0.99999905,1
132218,1,1,0.98546845,1
132219,1,0,0.01821182,0
132220,1,1,1.0,1
132221,0,0,0.07172112,1
132222,1,1,0.5350377,1
132223,0,0,0.10604083,1
132224,0,0,0.049451128,1
132225,1,1,0.45853055,1
132226,1,1,1.0,1
132227,0,0,0.1939858,1
132228,1,1,1.0,1
132229,1,1,0.99959785,1
132230,1,0,0.058884703,0
132231,0,1,0.98535615,0
132232,1,1,0.9393039,1
132233,0,0,0.050051305,1
132234,1,1,0.5518153,1
132235,0,0,0.22661243,1
132236,1,1,0.8659059,1
132237,1,0,0.13517499,0
132238,0,0,0.09653531,1
132239,1,1,0.9999671,1
132240,0,0,0.031143833,1
132241,0,1,0.99984646,0
132242,0,1,1.0,0
132243,0,0,0.043528132,1
132244,1,1,1.0,1
132245,1,0,0.22729777,0
132246,1,1,0.99946314,1
132247,1,1,0.96641046,1
132248,0,0,0.14934519,1
132249,0,0,0.09057448,1
132250,0,0,0.18432663,1
132251,1,1,0.92255217,1
132252,1,1,0.8656789,1
132253,0,0,0.3361676,1
132254,0,0,0.29406288,1
132255,1,1,0.9956262,1
132256,1,1,0.99999857,1
132257,1,0,0.19868535,0
132258,1,1,0.6932134,1
132259,1,1,0.9999355,1
132260,1,1,0.9999932,1
132261,0,1,0.6791255,0
132262,0,1,0.9999963,0
132263,0,1,0.39925522,0
132264,1,1,0.8267118,1
132265,1,1,0.6852653,1
132266,0,1,0.97280496,0
132267,1,1,0.9993687,1
132268,1,1,0.99545276,1
132269,0,1,0.86153823,0
132270,0,1,0.38150758,0
132271,0,1,0.8965235,0
132272,0,1,0.9999999,0
132273,0,0,0.15830442,1
132274,1,1,0.99002504,1
132275,0,0,0.041346,1
132276,0,0,0.054550216,1
132277,0,1,0.5238466,0
132278,0,0,0.31700325,1
132279,0,1,0.97311324,0
132280,1,1,0.73578405,1
132281,0,0,0.19231172,1
132282,1,1,0.9991928,1
132283,0,1,0.9887988,0
132284,1,0,0.02693789,0
132285,0,1,0.99996495,0
132286,0,0,0.20938884,1
132287,0,0,0.20481862,1
132288,0,1,0.46195725,0
132289,1,1,0.9987232,1
132290,0,0,0.051367506,1
132291,0,0,0.051415116,1
132292,0,0,0.161717,1
132293,1,1,1.0,1
132294,1,0,0.07864238,0
132295,1,1,0.6215983,1
132296,1,1,0.91543174,1
132297,0,1,0.7876047,0
132298,0,0,0.13678125,1
132299,1,1,0.9999999,1
132300,0,1,0.89688534,0
132301,1,1,0.99529076,1
132302,1,1,0.3530935,1
132303,1,1,0.6414785,1
132304,0,0,0.060975183,1
132305,0,0,0.09326426,1
132306,1,1,0.5754688,1
132307,1,1,0.99863833,1
132308,0,0,0.26331514,1
132309,1,1,0.9981324,1
132310,1,1,0.9999993,1
132311,0,0,0.13106197,1
132312,0,1,0.41436556,0
132313,0,0,0.031618766,1
132314,0,0,0.28952232,1
132315,1,1,1.0,1
132316,0,1,0.9995915,0
132317,0,0,0.10576342,1
132318,1,1,0.99630713,1
132319,0,0,0.20055768,1
132320,0,1,0.75635755,0
132321,1,1,0.99996114,1
132322,1,1,0.9999999,1
132323,1,1,0.47676232,1
132324,0,0,0.021864556,1
132325,1,1,0.99966526,1
132326,0,0,0.13028543,1
132327,0,1,0.77330196,0
132328,1,1,0.9990527,1
132329,1,1,0.98899186,1
132330,0,0,0.027246773,1
132331,0,0,0.050705362,1
132332,1,1,1.0,1
132333,1,1,1.0,1
132334,0,1,0.36483416,0
132335,0,0,0.027769245,1
132336,0,0,0.10539455,1
132337,1,1,0.5681163,1
132338,0,1,0.81815636,0
132339,1,1,0.99995387,1
132340,1,0,0.20275874,0
132341,1,1,0.6046908,1
132342,0,0,0.04881241,1
132343,0,1,0.73421484,0
132344,0,1,0.9995016,0
132345,1,0,0.17009403,0
132346,1,1,1.0,1
132347,1,1,0.9943031,1
132348,1,1,0.86339164,1
132349,0,1,0.99544394,0
132350,1,0,0.03839402,0
132351,1,1,0.99262565,1
132352,0,0,0.27649513,1
132353,1,1,0.999956,1
132354,1,1,1.0,1
132355,1,1,0.9999862,1
132356,1,1,0.58930284,1
132357,0,1,0.42608276,0
132358,1,1,0.9993255,1
132359,0,1,0.59131026,0
132360,1,0,0.032466814,0
132361,1,1,0.9465473,1
132362,0,0,0.15597628,1
132363,1,0,0.10697014,0
132364,0,0,0.09825224,1
132365,1,1,0.9994,1
132366,0,1,0.9868281,0
132367,0,1,0.97682446,0
132368,0,0,0.22686929,1
132369,1,1,0.99971145,1
132370,0,0,0.039862495,1
132371,0,0,0.12426614,1
132372,0,0,0.28066567,1
132373,0,1,0.99615306,0
132374,0,1,0.6392295,0
132375,0,1,0.4328124,0
132376,1,1,0.8244619,1
132377,1,1,1.0,1
132378,1,1,0.99999964,1
132379,0,0,0.0145035805,1
132380,0,0,0.019738017,1
132381,1,1,1.0,1
132382,1,1,0.8728902,1
132383,0,0,0.12458531,1
132384,0,1,0.47460073,0
132385,1,1,0.8362874,1
132386,1,1,0.99999535,1
132387,0,0,0.16667542,1
132388,1,1,1.0,1
132389,0,1,0.6778473,0
132390,1,1,0.96333414,1
132391,1,1,0.661431,1
132392,0,1,0.4611078,0
132393,1,1,1.0,1
132394,1,1,0.9994917,1
132395,1,0,0.22789864,0
132396,1,1,0.9999975,1
132397,0,1,0.86488205,0
132398,0,0,0.17624585,1
132399,1,1,0.9999993,1
132400,1,1,1.0,1
132401,0,0,0.06687324,1
132402,0,0,0.082475364,1
132403,1,1,0.99991846,1
132404,0,0,0.2814056,1
132405,1,1,1.0,1
132406,0,1,0.8330532,0
132407,1,1,0.4461327,1
132408,1,0,0.027272668,0
132409,0,0,0.09739039,1
132410,0,1,0.99975556,0
132411,1,1,1.0,1
132412,1,1,0.9999994,1
132413,0,1,0.9589625,0
132414,1,1,0.99998164,1
132415,1,1,0.99379504,1
132416,0,0,0.16885696,1
132417,0,1,1.0,0
132418,0,0,0.04050277,1
132419,1,1,0.5541086,1
132420,0,1,0.99999547,0
132421,0,1,0.49755862,0
132422,0,1,0.99970406,0
132423,1,0,0.289673,0
132424,1,1,0.818011,1
132425,0,1,0.83615357,0
132426,0,0,0.3428465,1
132427,1,0,0.14330755,0
132428,1,1,0.8749346,1
132429,0,0,0.19837458,1
132430,0,0,0.047646955,1
132431,1,0,0.343617,0
132432,0,0,0.04050277,1
132433,1,1,1.0,1
132434,1,0,0.0069172424,0
132435,0,1,0.9999993,0
132436,1,1,0.9645559,1
132437,1,1,0.9999114,1
132438,0,1,0.70755625,0
132439,1,1,1.0,1
132440,1,1,1.0,1
132441,1,1,0.99994326,1
132442,0,1,0.9907856,0
132443,1,0,0.07992553,0
132444,0,1,0.97249323,0
132445,1,1,0.9965233,1
132446,1,1,0.46383888,1
132447,1,1,0.93721074,1
132448,1,1,0.9997739,1
132449,0,0,0.047425874,1
132450,1,1,0.9999994,1
132451,0,0,0.1649868,1
132452,0,1,0.9990996,0
132453,1,1,0.99998903,1
132454,0,1,0.6254953,0
132455,0,1,0.984063,0
132456,0,0,0.25729823,1
132457,1,1,0.98803884,1
132458,1,1,0.9987081,1
132459,0,0,0.0894546,1
132460,1,1,0.7136811,1
132461,1,1,0.9999995,1
132462,1,0,0.088425905,0
132463,1,1,1.0,1
132464,0,1,0.9674411,0
132465,1,1,0.9722835,1
132466,1,1,1.0,1
132467,1,1,0.9999931,1
132468,0,0,0.0140636265,1
132469,0,0,0.14767805,1
132470,0,0,0.05623634,1
132471,0,1,1.0,0
132472,0,1,0.999795,0
132473,1,1,0.9190633,1
132474,0,1,0.992837,0
132475,0,1,0.8923751,0
132476,1,1,0.999998,1
132477,0,0,0.03715183,1
132478,0,1,0.8198933,0
132479,1,1,0.9996215,1
132480,1,1,0.9851003,1
132481,1,0,0.019124035,0
132482,1,1,0.9826909,1
132483,0,1,0.54782695,0
132484,0,0,0.30886734,1
132485,0,1,0.4645979,0
132486,1,1,0.5567611,1
132487,0,1,0.9590394,0
132488,1,1,0.9993242,1
132489,1,1,0.9657061,1
132490,0,0,0.21052274,1
132491,0,1,0.9983897,0
132492,1,0,0.28982374,0
132493,0,0,0.004810983,1
132494,1,1,0.5212275,1
132495,0,0,0.34114337,1
132496,1,0,0.315947,0
132497,0,0,0.11279541,1
132498,0,0,0.06530615,1
132499,1,1,0.9976949,1
132500,1,1,0.90632194,1
132501,1,1,0.9976814,1
132502,0,0,0.05775844,1
132503,0,1,0.98625773,0
132504,1,1,0.9999907,1
132505,1,1,0.6720627,1
132506,1,1,1.0,1
132507,1,1,1.0,1
132508,1,0,0.17036992,0
132509,1,1,0.9579909,1
132510,1,1,0.99970514,1
132511,1,0,0.2939109,0
132512,0,0,0.044431433,1
132513,0,0,0.17483254,1
132514,0,1,0.94901186,0
132515,0,1,0.99999845,0
132516,1,1,1.0,1
132517,1,1,0.9838161,1
132518,0,1,0.80654806,0
132519,1,1,0.9558166,1
132520,1,1,0.99991846,1
132521,0,0,0.12173796,1
132522,0,0,0.20410384,1
132523,0,1,0.61410475,0
132524,0,1,0.35807243,0
132525,1,1,0.36347744,1
132526,1,1,0.87935406,1
132527,1,0,0.14780103,0
132528,0,0,0.32820636,1
132529,1,1,0.99650973,1
132530,1,1,1.0,1
132531,1,1,0.986904,1
132532,1,1,0.8718026,1
132533,1,0,0.0073743653,0
132534,0,0,0.34004676,1
132535,1,0,0.33328617,0
132536,1,1,0.99919754,1
132537,1,1,0.6694748,1
132538,0,1,0.8092006,0
132539,1,1,0.4738094,1
132540,0,0,0.10818896,1
132541,1,1,0.9999826,1
132542,1,1,1.0,1
132543,1,0,0.08509905,0
132544,1,1,0.83748704,1
132545,0,1,0.9983354,0
132546,0,1,0.57773364,0
132547,1,1,0.7310586,1
132548,0,1,0.8537909,0
132549,0,1,0.9756001,0
132550,1,0,0.134719,0
132551,1,1,1.0,1
132552,1,1,0.91046584,1
132553,0,0,0.034036152,1
132554,1,1,0.99701905,1
132555,0,1,0.9458012,0
132556,1,1,1.0,1
132557,1,1,0.9981756,1
132558,0,0,0.012796518,1
132559,0,0,0.18750432,1
132560,1,1,0.6103373,1
132561,0,1,0.9999485,0
132562,1,1,0.76454026,1
132563,0,1,0.86545163,0
132564,1,1,0.98920244,1
132565,1,1,0.99880743,1
132566,1,0,0.23231015,0
132567,1,0,0.071396716,0
132568,1,1,0.99719363,1
132569,0,1,0.4477923,0
132570,0,0,0.034358688,1
132571,0,0,0.21535073,1
132572,0,0,0.1098012,1
132573,1,1,0.39533842,1
132574,0,0,0.3451053,1
132575,1,1,0.9999987,1
132576,1,0,0.058884703,0
132577,1,0,0.062617026,0
132578,1,1,0.99999166,1
132579,1,1,0.99974483,1
132580,0,0,0.16151851,1
132581,1,1,0.9948902,1
132582,0,1,0.6754971,0
132583,1,1,0.9996983,1
132584,0,1,0.6127153,0
132585,1,0,0.16105616,0
132586,1,1,1.0,1
132587,0,0,0.026355354,1
132588,1,1,0.47877255,1
132589,0,0,0.029035643,1
132590,1,1,0.69868934,1
132591,1,1,0.60981464,1
132592,0,1,0.999433,0
132593,1,0,0.13426429,0
132594,1,1,0.8017807,1
132595,1,1,0.7973991,1
132596,0,1,0.5256732,0
132597,0,0,0.010529713,1
132598,0,1,0.5254906,0
132599,1,1,0.996682,1
132600,0,1,0.9999362,0
132601,0,0,0.2650236,1
132602,1,1,0.99970055,1
132603,1,1,1.0,1
132604,0,1,0.8746137,0
132605,1,1,0.999188,1
132606,0,0,0.28982374,1
132607,1,1,1.0,1
132608,1,1,0.60807055,1
132609,1,1,0.9999355,1
132610,1,1,0.49154744,1
132611,1,0,0.31027627,0
132612,0,1,0.94957596,0
132613,1,0,0.25441635,0
132614,1,1,1.0,1
132615,1,1,0.79905057,1
132616,1,1,0.9997075,1
132617,1,0,0.055566337,0
132618,1,1,0.99999976,1
132619,0,0,0.31415576,1
132620,0,1,0.99957854,0
132621,0,0,0.072177574,1
132622,0,1,0.9929472,0
132623,0,1,0.99951315,0
132624,0,1,0.9996057,0
132625,0,0,0.08042967,1
132626,0,0,0.13986565,1
132627,0,1,0.9163345,0
132628,1,1,1.0,1
132629,1,1,0.6196439,1
132630,1,1,0.99566853,1
132631,0,1,0.82161736,0
132632,1,1,1.0,1
132633,1,1,0.76821196,1
132634,1,1,0.99996233,1
132635,0,0,0.08100938,1
132636,1,1,0.9999901,1
132637,0,1,0.921499,0
132638,1,1,1.0,1
132639,0,0,0.009821794,1
132640,0,1,0.97578543,0
132641,1,1,0.9084556,1
132642,0,0,0.018707229,1
132643,1,1,0.9123581,1
132644,1,1,0.9999999,1
132645,1,1,0.98178816,1
132646,1,1,1.0,1
132647,1,1,1.0,1
132648,1,1,0.9999957,1
132649,1,1,0.9885361,1
132650,0,0,0.14378779,1
132651,1,1,0.99338466,1
132652,1,1,0.9997187,1
132653,0,0,0.024053553,1
132654,1,1,0.9999932,1
132655,1,1,0.99885535,1
132656,1,1,0.37782758,1
132657,0,0,0.029367853,1
132658,0,1,0.70349854,0
132659,1,0,0.095940754,0
132660,1,1,0.99999917,1
132661,1,1,1.0,1
132662,1,1,0.9826743,1
132663,0,0,0.10293422,1
132664,1,1,0.7898827,1
132665,1,1,0.9999999,1
132666,1,1,0.6220576,1
132667,0,0,0.06935241,1
132668,0,0,0.004331502,1
132669,1,1,0.99999726,1
132670,1,1,0.9147487,1
132671,1,1,0.99999976,1
132672,1,1,0.9995035,1
132673,1,1,0.36240488,1
132674,1,0,0.11586064,0
132675,0,1,0.68558115,0
132676,1,1,0.7107287,1
132677,0,0,0.015424551,1
132678,0,1,0.7468321,0
132679,1,0,0.091058284,0
132680,0,0,0.08299413,1
132681,1,1,0.99999976,1
132682,1,1,0.55326396,1
132683,1,1,0.99999654,1
132684,1,1,0.5502449,1
132685,0,0,0.101144664,1
132686,0,0,0.11095189,1
132687,0,0,0.20181322,1
132688,0,1,0.9511422,0
132689,1,1,0.9796871,1
132690,1,1,0.99984884,1
132691,0,0,0.029201293,1
132692,0,1,0.99248135,0
132693,1,0,0.012407696,0
132694,0,1,0.52366394,0
132695,1,1,0.49005258,1
132696,0,0,0.0055012377,1
132697,1,1,0.9781146,1
132698,0,1,0.35588682,0
132699,1,1,1.0,1
132700,0,0,0.05379964,1
132701,0,0,0.010268432,1
132702,0,1,0.840259,0
132703,0,1,0.5131196,0
132704,1,1,0.36500388,1
132705,1,1,0.9999987,1
132706,1,0,0.19436781,0
132707,1,1,1.0,1
132708,1,1,0.99999905,1
132709,1,0,0.17716932,0
132710,0,1,0.5225068,0
132711,0,0,0.05515777,1
132712,1,1,1.0,1
132713,0,1,0.45202184,0
132714,1,1,0.71696234,1
132715,1,1,1.0,1
132716,1,0,0.063773274,0
132717,1,1,0.98524296,1
132718,1,0,0.20858167,0
132719,0,0,0.092359796,1
132720,0,0,0.03330537,1
132721,1,1,0.9999993,1
132722,1,1,0.9975561,1
132723,1,1,0.9316493,1
132724,0,0,0.13603349,1
132725,1,1,0.7417676,1
132726,1,1,0.99780446,1
132727,1,1,0.9999083,1
132728,0,1,0.92296976,0
132729,0,0,0.16988736,1
132730,1,1,0.99993765,1
132731,1,1,1.0,1
132732,0,0,0.17161581,1
132733,0,1,0.5750512,0
132734,1,1,0.70775825,1
132735,0,0,0.014643826,1
132736,1,0,0.2574849,0
132737,1,1,1.0,1
132738,0,0,0.019719128,1
132739,0,0,0.0065769986,1
132740,1,1,1.0,1
132741,0,1,0.35678276,0
132742,1,1,0.99979895,1
132743,0,1,0.98735064,0
132744,0,0,0.052911807,1
132745,0,0,0.22592856,1
132746,1,1,1.0,1
132747,0,1,0.9999958,0
132748,0,1,0.3960098,0
132749,1,1,1.0,1
132750,1,1,0.45956117,1
132751,1,1,1.0,1
132752,0,1,0.742048,0
132753,1,1,1.0,1
132754,0,0,0.017475989,1
132755,1,0,0.2295352,0
132756,1,1,0.9999821,1
132757,1,1,0.856092,1
132758,0,0,0.05122493,1
132759,0,0,0.006241259,1
132760,1,1,0.98527133,1
132761,1,1,1.0,1
132762,1,0,0.012264914,0
132763,1,1,0.9989975,1
132764,1,1,0.94844174,1
132765,0,0,0.20833994,1
132766,1,1,0.9999994,1
132767,0,0,0.15361264,1
132768,1,0,0.09696201,0
132769,1,1,1.0,1
132770,0,0,0.10613344,1
132771,0,0,0.07477004,1
132772,0,1,0.67613894,0
132773,1,1,1.0,1
132774,0,1,0.8715842,0
132775,0,1,0.36099574,0
132776,0,1,0.39770445,0
132777,0,0,0.1431278,1
132778,1,1,0.8240375,1
132779,0,1,0.94639885,0
132780,0,0,0.27212125,1
132781,1,1,0.99999404,1
132782,1,1,1.0,1
132783,1,1,0.9905143,1
132784,0,1,0.42447162,0
132785,1,1,0.9999976,1
132786,1,1,0.93749756,1
132787,0,0,0.090253234,1
132788,1,1,1.0,1
132789,1,1,0.99999726,1
132790,1,1,0.52956754,1
132791,0,0,0.31520876,1
132792,0,0,0.20228556,1
132793,1,1,0.9982109,1
132794,0,0,0.011093566,1
132795,0,0,0.119871,1
132796,1,1,0.99923575,1
132797,1,1,0.91274774,1
132798,0,0,0.16865148,1
132799,1,0,0.02532306,0
132800,1,1,0.9951703,1
132801,1,1,0.9713746,1
132802,1,1,0.99951494,1
132803,1,1,0.58776563,1
132804,1,1,0.7923036,1
132805,1,1,0.9999999,1
132806,1,1,0.99999595,1
132807,1,1,0.9901972,1
132808,0,0,0.1154611,1
132809,1,1,0.9794526,1
132810,0,1,0.8435088,0
132811,0,0,0.22721201,1
132812,1,1,0.99877924,1
132813,1,1,0.45117536,1
132814,1,1,1.0,1
132815,1,1,0.9997739,1
132816,1,1,0.9999057,1
132817,0,1,0.99657035,0
132818,0,0,0.07928158,1
132819,1,1,0.9998809,1
132820,0,1,0.96768624,0
132821,1,1,0.85729086,1
132822,0,1,0.8410439,0
132823,0,0,0.042443503,1
132824,1,1,0.992349,1
132825,0,0,0.27820778,1
132826,0,1,0.99913234,0
132827,0,1,0.86499614,0
132828,1,0,0.15804437,0
132829,1,1,0.40984067,1
132830,1,1,0.9999999,1
132831,0,1,0.93505055,0
132832,1,1,0.9867517,1
132833,0,0,0.10105591,1
132834,1,0,0.24310295,0
132835,0,0,0.30590463,1
132836,1,0,0.33036318,0
132837,0,1,0.99984765,0
132838,0,0,0.02774289,1
132839,0,0,0.09342957,1
132840,0,1,0.9999573,0
132841,0,0,0.2344943,1
132842,1,1,0.99999964,1
132843,1,1,0.9763782,1
132844,0,0,0.055566337,1
132845,0,1,0.4382742,0
132846,1,0,0.002382762,0
132847,1,1,0.99999785,1
132848,1,1,0.9628831,1
132849,1,1,1.0,1
132850,1,0,0.019142363,0
132851,0,0,0.021145396,1
132852,0,1,0.89302987,0
132853,1,1,0.99983907,1
132854,0,0,0.34246156,1
132855,1,1,0.99861693,1
132856,0,1,0.3769671,0
132857,0,1,0.99999976,0
132858,1,1,0.99952996,1
132859,1,1,0.7388104,1
132860,1,1,0.95911604,1
132861,0,0,0.28467542,1
132862,0,1,0.9999584,0
132863,0,1,0.70846474,0
132864,0,0,0.20946968,1
132865,1,1,1.0,1
132866,0,0,0.05079946,1
132867,0,1,0.6431612,0
132868,1,1,0.5039672,1
132869,0,0,0.08284563,1
132870,1,1,0.99736834,1
132871,1,0,0.22850062,0
132872,0,0,0.032252766,1
132873,0,0,0.11767348,1
132874,1,1,0.3611084,1
132875,0,1,0.99622726,0
132876,0,1,0.9473323,0
132877,0,1,0.93851966,0
132878,0,1,0.9427707,0
132879,1,1,0.90286684,1
132880,1,1,0.9190633,1
132881,1,1,0.35585883,1
132882,1,1,0.5495198,1
132883,1,1,1.0,1
132884,0,0,0.2985936,1
132885,0,1,0.99989235,0
132886,1,1,0.99518895,1
132887,0,1,0.76550573,0
132888,1,1,0.62171316,1
132889,0,0,0.10266401,1
132890,1,1,0.3900692,1
132891,1,0,0.13922074,0
132892,0,0,0.20874292,1
132893,1,1,0.99999917,1
132894,0,0,0.13245842,1
132895,0,0,0.011309892,1
132896,0,0,0.028679863,1
132897,0,1,0.99991107,0
132898,0,0,0.04103744,1
132899,1,1,0.99999964,1
132900,1,1,0.5978427,1
132901,0,0,0.053009767,1
132902,1,0,0.15539862,0
132903,1,1,0.8800775,1
132904,1,1,0.99962735,1
132905,0,1,0.86060363,0
132906,0,1,0.99999976,0
132907,1,1,1.0,1
132908,0,1,0.9999995,0
132909,1,1,0.99816847,1
132910,0,1,0.9531008,0
132911,1,1,0.9999342,1
132912,0,0,0.020332353,1
132913,0,1,0.44101086,0
132914,1,1,0.51376,1
132915,0,0,0.2614252,1
132916,0,1,0.9590777,0
132917,1,1,0.99999964,1
132918,0,0,0.20633379,1
132919,1,0,0.03012886,0
132920,0,1,0.85729086,0
132921,1,1,0.99994147,1
132922,0,1,0.99999857,0
132923,1,1,0.7940658,1
132924,1,1,1.0,1
132925,0,1,0.47453985,0
132926,0,0,0.26340985,1
132927,0,1,0.880797,0
132928,1,1,0.9999999,1
132929,0,0,0.24310295,1
132930,0,0,0.060975183,1
132931,1,1,1.0,1
132932,1,1,1.0,1
132933,1,1,0.9882676,1
132934,0,0,0.086400524,1
132935,0,0,0.23775287,1
132936,1,1,1.0,1
132937,1,1,0.9512782,1
132938,1,1,0.9998535,1
132939,1,0,0.25636628,0
132940,0,1,0.43614164,0
132941,1,1,1.0,1
132942,0,1,1.0,0
132943,1,0,0.0027737825,0
132944,0,1,0.7010484,0
132945,0,0,0.17419945,1
132946,0,1,0.8957053,0
132947,0,1,0.9999231,0
132948,0,1,0.99756086,0
132949,0,0,0.2919388,1
132950,1,1,0.99999976,1
132951,1,1,0.9103862,1
132952,1,1,0.6490783,1
132953,1,1,1.0,1
132954,1,1,0.9999982,1
132955,0,0,0.0031788659,1
132956,0,1,0.99971086,0
132957,0,0,0.14523655,1
132958,1,1,0.998103,1
132959,1,1,0.99999726,1
132960,0,0,0.042802144,1
132961,0,0,0.24562746,1
132962,1,1,0.9999995,1
132963,1,1,0.99996924,1
132964,1,1,0.9999989,1
132965,0,1,0.9181873,0
132966,0,1,0.9906781,0
132967,1,1,0.99637836,1
132968,1,0,0.1635122,0
132969,1,1,0.99997413,1
132970,0,1,0.99608517,0
132971,1,1,0.9939964,1
132972,0,0,0.05399884,1
132973,0,1,0.99999535,0
132974,1,1,0.9923638,1
132975,1,1,0.9393039,1
132976,0,0,0.039048295,1
132977,1,0,0.083142914,0
132978,1,0,0.014728614,0
132979,1,1,1.0,1
132980,1,1,0.9999578,1
132981,1,1,0.9999999,1
132982,1,1,0.99996364,1
132983,1,1,0.9967333,1
132984,0,0,0.09842541,1
132985,1,1,0.99179614,1
132986,0,0,0.053551625,1
132987,1,0,0.02873432,0
132988,1,0,0.13134027,0
132989,1,0,0.21092878,0
132990,1,1,0.5487944,1
132991,0,0,0.21601154,1
132992,1,1,0.99999917,1
132993,0,1,0.9991474,0
132994,1,1,0.9949397,1
132995,0,0,0.004636535,1
132996,1,1,0.5973143,1
132997,1,1,1.0,1
132998,0,0,0.020705253,1
132999,1,1,0.74139327,1
133000,1,1,0.99963164,1
133001,0,0,0.042127114,1
133002,1,1,0.99999833,1
133003,1,0,0.07094482,0
133004,1,1,0.8547634,1
133005,1,1,0.41878605,1
133006,0,1,0.99999297,0
133007,1,1,0.9996437,1
133008,0,1,0.9974541,0
133009,1,0,0.24689633,0
133010,0,0,0.054651033,1
133011,1,1,0.9740673,1
133012,0,1,0.9999932,0
133013,1,1,0.9908744,1
133014,1,1,0.98833525,1
133015,1,1,0.99999964,1
133016,1,1,0.996357,1
133017,1,1,0.83467656,1
133018,0,0,0.2520157,1
133019,1,1,0.8838389,1
133020,0,0,0.21783629,1
133021,1,1,0.4073629,1
133022,1,1,0.99958676,1
133023,1,1,0.99999976,1
133024,0,0,0.04845096,1
133025,0,1,0.96425414,0
133026,1,1,0.9583042,1
133027,0,0,0.09293445,1
133028,1,1,0.99995756,1
133029,1,0,0.33633107,0
133030,0,0,0.099820666,1
133031,1,1,1.0,1
133032,0,0,0.010986943,1
133033,0,1,0.9959927,0
133034,1,1,0.9678993,1
133035,1,1,0.9998629,1
133036,1,1,0.9999999,1
133037,1,0,0.074500255,0
133038,1,1,1.0,1
133039,1,1,1.0,1
133040,0,0,0.083441176,1
133041,1,1,0.9991374,1
133042,0,0,0.080069266,1
133043,1,1,0.99999964,1
133044,1,0,0.12231338,0
133045,1,0,0.08035747,0
133046,0,1,0.9907141,0
133047,0,1,0.99952626,0
133048,1,0,0.3228995,0
133049,1,0,0.090253234,0
133050,0,1,0.999961,0
133051,0,1,0.96131647,0
133052,0,0,0.031202815,1
133053,1,1,0.98527133,1
133054,1,0,0.23633994,0
133055,0,0,0.11606085,1
133056,1,1,0.6709857,1
133057,1,1,0.83748704,1
133058,0,1,0.7388104,0
133059,1,0,0.22431023,0
133060,0,0,0.1431877,1
133061,1,0,0.022542965,0
133062,1,1,0.9583822,1
133063,0,0,0.0689125,1
133064,0,0,0.21027938,1
133065,0,0,0.036390893,1
133066,1,1,0.99497885,1
133067,1,1,0.99637127,1
133068,1,1,0.99963665,1
133069,0,1,0.39679837,0
133070,1,0,0.029788304,0
133071,0,1,1.0,0
133072,1,1,0.9511876,1
133073,1,1,0.81873685,1
133074,1,0,0.13034077,0
133075,1,1,0.98087597,1
133076,1,1,0.9999975,1
133077,0,0,0.21967211,1
133078,1,1,0.99959713,1
133079,1,1,0.86373675,1
133080,0,0,0.32145998,1
133081,1,1,0.9969187,1
133082,0,0,0.19590156,1
133083,1,1,1.0,1
133084,1,1,0.9627432,1
133085,1,1,0.99995804,1
133086,1,1,1.0,1
133087,0,1,0.6854759,0
133088,0,1,0.8130158,0
133089,0,1,0.9075583,0
133090,0,1,0.41013595,0
133091,1,1,0.43284234,1
133092,1,1,0.99968004,1
133093,1,0,0.102484226,0
133094,1,1,0.9505489,1
133095,1,1,0.9999999,1
133096,1,1,0.97259754,1
133097,0,1,0.8864204,0
133098,1,1,0.99996173,1
133099,1,1,0.41010642,1
133100,0,0,0.1715464,1
133101,0,0,0.0595922,1
133102,0,1,0.9974541,0
133103,1,1,0.9989183,1
133104,1,1,0.9999999,1
133105,1,1,1.0,1
133106,0,0,0.052521676,1
133107,1,0,0.24653336,0
133108,1,0,0.22910374,0
133109,1,1,0.5371628,1
133110,1,1,0.99752253,1
133111,0,1,0.97110176,0
133112,1,0,0.26274723,0
133113,0,0,0.11056715,1
133114,1,0,0.018978037,0
133115,0,1,0.6931096,0
133116,1,0,0.024987794,0
133117,0,1,0.8594279,0
133118,1,1,0.9999999,1
133119,1,1,0.9988167,1
133120,1,1,1.0,1
133121,0,1,0.99629277,0
133122,1,1,0.99999905,1
133123,0,0,0.027428541,1
133124,1,1,0.99999774,1
133125,1,1,0.48084435,1
133126,1,1,1.0,1
133127,1,1,0.9999999,1
133128,1,0,0.03102618,0
133129,0,1,0.88059187,0
133130,0,0,0.14324762,1
133131,0,0,0.23934935,1
133132,1,0,0.2247353,0
133133,1,1,0.99993396,1
133134,0,1,0.996682,0
133135,1,0,0.19102567,0
133136,0,1,0.99911004,0
133137,1,1,0.9999924,1
133138,0,1,0.9950177,0
133139,1,1,1.0,1
133140,1,1,0.8707073,1
133141,0,1,0.9885361,0
133142,0,0,0.11240509,1
133143,0,0,0.06250249,1
133144,0,1,0.48993057,0
133145,0,1,0.99688846,0
133146,1,1,1.0,1
133147,1,1,0.9912378,1
133148,0,1,0.91452,0
133149,1,1,0.95987505,1
133150,0,1,0.97546023,0
133151,0,0,0.06566473,1
133152,1,0,0.028328313,0
133153,0,1,0.99993646,0
133154,0,0,0.022977369,1
133155,0,0,0.028490044,1
133156,0,1,0.6948723,0
133157,0,1,1.0,0
133158,1,1,0.90087914,1
133159,1,1,0.99812514,1
133160,1,1,0.9999994,1
133161,0,1,0.7080612,0
133162,1,1,0.54492253,1
133163,1,0,0.21060391,0
133164,1,0,0.26946974,0
133165,1,1,0.84156543,1
133166,0,0,0.1435475,1
133167,1,1,0.99996424,1
133168,0,0,0.12158143,1
133169,1,1,0.9999995,1
133170,0,0,0.12689333,1
133171,1,1,0.99995756,1
133172,1,1,0.985342,1
133173,0,1,0.54049945,0
133174,0,1,0.42898077,0
133175,0,1,0.999824,0
133176,1,1,0.99997115,1
133177,0,1,0.99968684,0
133178,1,1,0.99935,1
133179,0,0,0.0053432565,1
133180,0,0,0.19993211,1
133181,0,0,0.17539679,1
133182,1,0,0.21477376,0
133183,1,1,0.9314625,1
133184,0,0,0.20914644,1
133185,0,0,0.15495054,1
133186,0,0,0.11027936,1
133187,1,1,0.35331663,1
133188,0,1,0.74789226,0
133189,1,0,0.021553464,0
133190,1,0,0.32627144,0
133191,0,0,0.08850466,1
133192,1,1,1.0,1
133193,0,1,0.5643986,0
133194,0,0,0.30938876,1
133195,0,0,0.2562732,1
133196,0,1,0.9983516,0
133197,0,1,0.3681217,0
133198,0,0,0.1474324,1
133199,1,1,0.91565824,1
133200,1,1,0.99992967,1
133201,0,0,0.014756982,1
133202,0,1,0.8115267,0
133203,0,0,0.058507007,1
133204,1,1,1.0,1
133205,0,0,0.11951087,1
133206,0,0,0.17483254,1
133207,1,1,0.996557,1
133208,1,1,0.9012275,1
133209,0,1,0.9906238,0
133210,1,1,0.9790958,1
133211,1,0,0.03216145,0
133212,0,0,0.16072656,1
133213,0,0,0.050893724,1
133214,0,1,0.9999999,0
133215,0,1,0.69735134,0
133216,1,1,1.0,1
133217,1,1,0.9974291,1
133218,1,0,0.08850466,0
133219,0,0,0.0226292,1
133220,1,1,0.9999993,1
133221,0,1,0.9864157,0
133222,0,1,0.38879207,0
133223,0,1,0.9730621,0
133224,1,1,0.9999999,1
133225,1,0,0.009878943,0
133226,0,1,0.943919,0
133227,1,1,0.99999976,1
133228,1,1,0.9727014,1
133229,0,0,0.013045614,1
133230,0,1,0.98076576,0
133231,1,1,0.9913054,1
133232,1,1,0.9123581,1
133233,0,0,0.26588044,1
133234,1,1,0.71992546,1
133235,1,1,0.9996886,1
133236,0,1,0.9999999,0
133237,1,0,0.044806086,0
133238,1,1,0.999928,1
133239,1,0,0.3416374,0
133240,0,0,0.10026027,1
133241,0,0,0.0553617,1
133242,1,1,1.0,1
133243,1,0,0.12090512,0
133244,1,1,0.9885583,1
133245,1,1,0.99999976,1
133246,1,1,0.88856554,1
133247,0,1,0.9462501,0
133248,1,1,0.9999584,1
133249,0,0,0.13223416,1
133250,1,1,1.0,1
133251,0,0,0.05781161,1
133252,1,1,0.9999795,1
133253,0,1,0.97628796,0
133254,1,1,0.96458924,1
133255,1,0,0.11008789,0
133256,1,1,0.76109487,1
133257,1,1,0.9700419,1
133258,0,0,0.0882686,1
133259,1,1,0.99999654,1
133260,1,1,1.0,1
133261,0,0,0.03557789,1
133262,1,1,1.0,1
133263,1,1,0.671309,1
133264,1,1,1.0,1
133265,1,1,0.99822825,1
133266,1,0,0.08601587,0
133267,0,0,0.07024005,1
133268,1,1,0.99999964,1
133269,1,1,0.9999894,1
133270,0,1,0.83508044,0
133271,1,1,0.99990535,1
133272,1,1,0.99727446,1
133273,1,1,0.9999993,1
133274,1,1,0.86385167,1
133275,1,1,1.0,1
133276,0,0,0.004314688,1
133277,0,0,0.27096224,1
133278,1,1,1.0,1
133279,1,1,0.99968314,1
133280,0,0,0.27654397,1
133281,0,1,0.35292625,0
133282,1,1,0.9708817,1
133283,1,1,0.93318766,1
133284,0,1,0.7772999,0
133285,0,0,0.002986843,1
133286,1,0,0.020665687,0
133287,0,0,0.057387535,1
133288,0,1,0.5861084,0
133289,0,0,0.10302444,1
133290,0,0,0.14128143,1
133291,0,0,0.29573816,1
133292,0,1,0.9219218,0
133293,1,1,0.6965263,1
133294,0,1,0.43209335,0
133295,1,0,0.2236313,0
133296,1,1,0.9944343,1
133297,0,1,0.9964342,0
133298,0,0,0.072243005,1
133299,0,1,0.9142142,0
133300,0,0,0.14651415,1
133301,0,0,0.3438373,1
133302,0,1,0.93919235,0
133303,0,1,0.99936384,0
133304,1,1,0.98279023,1
133305,1,1,0.9948902,1
133306,1,1,0.99279517,1
133307,1,0,0.06822642,0
133308,1,1,0.98935777,1
133309,1,1,0.9999887,1
133310,1,1,0.99394965,1
133311,0,1,0.9999825,0
133312,0,1,0.99922824,0
133313,1,1,1.0,1
133314,0,1,0.98507166,0
133315,0,1,0.5551338,0
133316,1,0,0.012100385,0
133317,0,0,0.12194692,1
133318,1,1,0.9999999,1
133319,1,1,0.94208187,1
133320,0,1,0.96653706,0
133321,1,1,0.852199,1
133322,1,0,0.16613355,0
133323,1,1,1.0,1
133324,1,1,0.9999969,1
133325,0,1,0.39650622,0
133326,1,1,0.7494083,1
133327,0,0,0.20995522,1
133328,1,1,0.51110655,1
133329,1,1,0.9998596,1
133330,0,0,0.33584076,1
133331,1,0,0.04501553,0
133332,0,0,0.13234626,1
133333,0,0,0.24015035,1
133334,0,1,0.99931884,0
133335,0,1,0.99957365,0
133336,1,0,0.12147716,0
133337,1,1,0.9999981,1
133338,1,0,0.27894375,0
133339,0,0,0.11417084,1
133340,1,0,0.12792476,0
133341,1,1,1.0,1
133342,0,0,0.004582765,1
133343,1,1,1.0,1
133344,0,0,0.052086018,1
133345,1,0,0.123365626,0
133346,1,1,0.48169765,1
133347,1,1,0.8398654,1
133348,1,0,0.07578975,0
133349,1,1,0.9235233,1
133350,1,1,0.9920157,1
133351,1,1,1.0,1
133352,0,1,0.98628414,0
133353,1,1,0.9899282,1
133354,1,1,0.99995756,1
133355,0,0,0.19674903,1
133356,0,0,0.08570927,1
133357,1,0,0.1454185,0
133358,0,1,0.6003641,0
133359,1,1,0.9999999,1
133360,0,1,0.47530088,0
133361,0,1,0.93726826,0
133362,0,0,0.042403832,1
133363,1,0,0.05754622,0
133364,1,1,0.99992335,1
133365,0,0,0.092196204,1
133366,1,1,0.99994814,1
133367,0,0,0.07030384,1
133368,1,1,0.9984176,1
133369,1,1,1.0,1
133370,0,0,0.33589524,1
133371,0,1,0.94463825,0
133372,0,0,0.10017222,1
133373,0,0,0.11606085,1
133374,0,1,0.9960238,0
133375,1,1,1.0,1
133376,1,1,0.96989965,1
133377,0,1,0.99994123,0
133378,1,1,1.0,1
133379,1,1,0.9912209,1
133380,1,1,0.9993881,1
133381,0,1,0.9912209,0
133382,1,0,0.23353149,0
133383,0,0,0.24068536,1
133384,1,1,0.5778527,1
133385,1,1,0.9886901,1
133386,1,0,0.34975484,0
133387,0,0,0.20561504,1
133388,1,1,0.99991906,1
133389,1,1,0.9965436,1
133390,0,0,0.15947905,1
133391,0,1,0.7409249,0
133392,1,1,0.99963164,1
133393,0,1,0.9980696,0
133394,1,1,1.0,1
133395,0,0,0.0034296038,1
133396,1,1,0.9729081,1
133397,0,1,0.7518304,0
133398,1,1,0.9997594,1
133399,1,1,0.99989235,1
133400,1,1,0.99566853,1
133401,0,0,0.2382842,1
133402,1,0,0.12116486,0
133403,0,0,0.20793757,1
133404,1,1,0.99356186,1
133405,0,1,0.99723166,0
133406,0,1,0.8161134,0
133407,0,0,0.103839464,1
133408,0,0,0.21477376,1
133409,1,1,0.9965233,1
133410,0,1,0.99968374,0
133411,1,1,1.0,1
133412,0,1,0.6994084,0
133413,1,1,0.99999774,1
133414,0,1,0.99532723,0
133415,1,1,1.0,1
133416,1,1,1.0,1
133417,0,0,0.2532603,1
133418,0,1,0.8933094,0
133419,1,1,0.99996793,1
133420,1,0,0.18520921,0
133421,1,1,0.99993443,1
133422,0,1,0.98361266,0
133423,1,1,0.9353465,1
133424,0,0,0.25192368,1
133425,1,1,0.9974541,1
133426,1,1,0.999995,1
133427,0,0,0.019382192,1
133428,1,1,1.0,1
133429,1,0,0.021615336,0
133430,1,1,0.9999931,1
133431,0,1,0.70896876,0
133432,1,1,0.99995184,1
133433,0,0,0.085785836,1
133434,0,0,0.05577169,1
133435,1,1,1.0,1
133436,1,1,0.99999523,1
133437,0,1,0.99884856,0
133438,1,1,0.9999995,1
133439,0,0,0.12624557,1
133440,0,1,0.90772206,0
133441,0,1,0.6603367,0
133442,1,1,0.9989371,1
133443,1,1,0.84479356,1
133444,0,1,0.79438496,0
133445,0,1,0.99349916,0
133446,1,1,0.99991655,1
133447,0,0,0.24023944,1
133448,0,1,0.9981178,0
133449,0,0,0.19977595,1
133450,0,1,0.43626174,0
133451,1,1,1.0,1
133452,0,0,0.29900283,1
133453,1,1,0.9858549,1
133454,1,0,0.029367853,0
133455,1,1,0.9999027,1
133456,1,1,0.99995184,1
133457,0,1,0.9999969,0
133458,1,1,0.99996984,1
133459,0,0,0.14134066,1
133460,1,1,0.99999905,1
133461,0,1,0.99736834,0
133462,1,1,0.9871044,1
133463,1,1,0.9999932,1
133464,0,1,0.98644173,0
133465,0,1,0.88171685,0
133466,1,1,1.0,1
133467,1,1,0.9987281,1
133468,1,1,0.9999896,1
133469,0,0,0.1218424,1
133470,0,1,0.96768624,0
133471,1,1,0.9997876,1
133472,0,0,0.20513694,1
133473,0,1,0.4924322,0
133474,0,1,0.87716144,0
133475,0,1,0.41854835,0
133476,0,0,0.3326355,1
133477,0,0,0.14712578,1
133478,0,0,0.10818896,1
133479,1,1,0.9760608,1
133480,1,0,0.00016734049,0
133481,0,0,0.013325147,1
133482,1,0,0.15405755,0
133483,1,1,1.0,1
133484,1,1,0.99999046,1
133485,1,1,0.9999999,1
133486,0,1,0.43176386,0
133487,0,0,0.1098012,1
133488,1,0,0.12570794,0
133489,0,1,0.92064714,0
133490,1,1,0.5697928,1
133491,0,1,0.7831604,0
133492,0,1,0.9999739,0
133493,0,1,0.96697646,0
133494,1,1,0.4181325,1
133495,0,0,0.08166611,1
133496,0,0,0.036049988,1
133497,0,0,0.29416427,1
133498,0,1,0.9998876,0
133499,0,0,0.007190812,1
133500,1,1,0.9999956,1
133501,1,0,0.09825224,0
133502,1,1,0.99031025,1
133503,1,0,0.1583695,0
133504,1,0,0.10557885,0
133505,1,1,0.42036164,1
133506,1,1,0.99812144,1
133507,1,0,0.18322797,0
133508,1,0,0.28096148,0
133509,1,1,0.9996437,1
133510,1,1,0.75913614,1
133511,0,1,0.9496227,0
133512,0,1,0.367327,0
133513,1,1,0.99999523,1
133514,1,1,0.9999958,1
133515,0,1,0.9975466,0
133516,0,1,0.9572778,0
133517,1,1,0.9994081,1
133518,1,1,0.81077874,1
133519,1,1,0.99999976,1
133520,0,1,0.9984053,0
133521,1,1,0.9451468,1
133522,1,1,1.0,1
133523,0,1,0.62755185,0
133524,1,1,0.47463116,1
133525,0,1,0.3658814,0
133526,1,1,0.99999905,1
133527,1,1,0.99611557,1
133528,0,1,0.7783967,0
133529,0,0,0.20898496,1
133530,0,0,0.12776141,1
133531,1,1,0.999864,1
133532,0,0,0.098512106,1
133533,0,1,0.49200508,0
133534,0,1,0.93171144,0
133535,0,1,0.8624676,0
133536,1,1,1.0,1
133537,0,0,0.27771777,1
133538,0,1,0.9601375,0
133539,0,1,0.7749242,0
133540,1,1,0.99999857,1
133541,1,1,1.0,1
133542,1,1,1.0,1
133543,0,0,0.031469602,1
133544,1,1,0.9999689,1
133545,1,1,0.9999335,1
133546,0,0,0.12716407,1
133547,1,0,0.06142404,0
133548,1,1,0.9175246,1
133549,1,1,0.8828326,1
133550,1,0,0.11571067,0
133551,0,1,0.9622143,0
133552,0,0,0.27338037,1
133553,1,1,0.9905874,1
133554,0,1,0.99719906,0
133555,0,0,0.036390893,1
133556,0,0,0.16317856,1
133557,0,1,0.6099308,0
133558,0,1,0.6805072,0
133559,1,1,1.0,1
133560,1,0,0.23239724,0
133561,0,1,0.9996699,0
133562,0,0,0.0024822766,1
133563,1,1,1.0,1
133564,1,1,1.0,1
133565,0,1,0.896614,0
133566,0,0,0.010735163,1
133567,1,1,0.9999894,1
133568,1,0,0.014899643,0
133569,1,1,0.9114165,1
133570,0,0,0.063773274,1
133571,1,1,1.0,1
133572,1,1,1.0,1
133573,0,1,0.9491535,0
133574,0,0,0.11981949,1
133575,0,1,0.9991066,0
133576,1,1,0.9981792,1
133577,0,0,0.06136777,1
133578,1,0,0.10800066,0
133579,0,0,0.004030743,1
133580,0,1,0.9590777,0
133581,1,0,0.11656275,0
133582,0,1,0.9449947,0
133583,1,0,0.03179867,0
133584,1,1,0.9993026,1
133585,1,1,0.99999905,1
133586,0,0,0.049681153,1
133587,1,1,0.99863833,1
133588,1,1,0.8136089,1
133589,0,0,0.021328082,1
133590,0,1,0.44818473,0
133591,0,1,0.99595356,0
133592,0,1,0.98886347,0
133593,0,0,0.082549304,1
133594,1,1,0.99999416,1
133595,1,1,0.9999616,1
133596,0,0,0.08108211,1
133597,0,0,0.17909941,1
133598,1,0,0.04751418,0
133599,1,0,0.19605544,0
133600,1,1,0.9992778,1
133601,1,1,0.9999645,1
133602,0,0,0.05775844,1
133603,1,1,0.9854124,1
133604,0,0,0.0127472645,1
133605,0,1,0.9872773,0
133606,1,1,1.0,1
133607,0,0,0.10438599,1
133608,0,0,0.001034247,1
133609,0,1,0.9549844,0
133610,0,1,0.995858,0
133611,0,1,0.74756986,0
133612,0,1,0.5363736,0
133613,1,1,0.41626263,1
133614,1,1,0.70094603,1
133615,1,0,0.023043232,0
133616,1,1,1.0,1
133617,1,1,0.9999999,1
133618,0,0,0.100524865,1
133619,0,1,0.37199175,0
133620,1,1,0.4401684,1
133621,1,1,0.9999689,1
133622,0,1,0.99984276,0
133623,1,1,0.9999999,1
133624,0,0,0.074635044,1
133625,1,1,0.9999989,1
133626,0,1,0.4971924,0
133627,1,1,1.0,1
133628,1,1,1.0,1
133629,1,0,0.02368947,0
133630,1,1,0.9996087,1
133631,0,1,0.99746394,0
133632,1,1,0.99843913,1
133633,1,0,0.2654042,0
133634,1,1,0.999998,1
133635,1,1,0.9272316,1
133636,1,1,0.9989225,1
133637,1,1,0.99997365,1
133638,1,1,0.9877587,1
133639,0,0,0.29558566,1
133640,1,1,1.0,1
133641,1,1,0.9996768,1
133642,0,0,0.059101548,1
133643,1,1,1.0,1
133644,0,0,0.12252321,1
133645,1,1,0.9999759,1
133646,1,1,0.99837387,1
133647,1,1,0.8429925,1
133648,1,1,0.9891606,1
133649,0,1,0.59449244,0
133650,0,0,0.20585442,1
133651,0,0,0.3045068,1
133652,1,0,0.075995214,0
133653,1,1,0.99960417,1
133654,0,1,0.9043131,0
133655,0,1,0.81859183,0
133656,1,1,1.0,1
133657,0,1,0.74968326,0
133658,0,0,0.0073600817,1
133659,1,1,0.99999976,1
133660,1,0,0.095433734,0
133661,1,1,0.7564475,1
133662,0,0,0.08874129,1
133663,1,1,0.7720154,1
133664,0,0,0.13980691,1
133665,0,0,0.036873367,1
133666,1,1,1.0,1
133667,1,1,0.4176871,1
133668,0,0,0.1979091,1
133669,0,0,0.0343263,1
133670,1,1,0.9999758,1
133671,0,0,0.1965176,1
133672,1,0,0.05834584,0
133673,1,0,0.31247488,0
133674,1,1,0.99998915,1
133675,1,1,0.99999833,1
133676,1,1,0.7150759,1
133677,0,0,0.08100938,1
133678,1,1,0.9999989,1
133679,1,0,0.15077755,0
133680,1,1,0.9363432,1
133681,0,1,0.389982,0
133682,1,1,1.0,1
133683,0,0,0.024916517,1
133684,1,1,0.99867237,1
133685,0,1,0.4081588,0
133686,0,1,0.48489842,0
133687,1,0,0.061649624,0
133688,1,1,0.9405172,1
133689,0,1,0.9906781,0
133690,1,1,0.999617,1
133691,0,0,0.08122775,1
133692,0,0,0.082475364,1
133693,1,0,0.09739039,0
133694,1,1,1.0,1
133695,1,1,0.99999976,1
133696,1,1,0.7235049,1
133697,1,0,0.26530904,0
133698,0,0,0.039048295,1
133699,1,1,0.8003801,1
133700,1,1,0.9078855,1
133701,1,0,0.0248928,0
133702,0,1,0.9186994,0
133703,0,1,0.9999951,0
133704,0,1,0.5083,0
133705,0,1,0.8855325,0
133706,1,1,0.97726256,1
133707,1,1,0.93645954,1
133708,0,0,0.03775027,1
133709,0,1,0.548613,0
133710,1,1,0.9999877,1
133711,0,1,0.43080574,0
133712,0,1,1.0,0
133713,1,1,0.9999999,1
133714,1,1,0.99999046,1
133715,0,1,0.99998355,0
133716,1,1,0.99568534,1
133717,0,0,0.14469185,1
133718,1,1,0.9999951,1
133719,1,0,0.22516096,0
133720,0,1,0.9095863,0
133721,0,0,0.17838266,1
133722,1,1,1.0,1
133723,0,0,0.029423581,1
133724,0,0,0.06359858,1
133725,1,1,0.99999917,1
133726,1,0,0.29675615,0
133727,1,1,0.42775524,1
133728,1,1,0.999884,1
133729,1,0,0.039638843,0
133730,0,0,0.0023967307,1
133731,0,0,0.3196521,1
133732,0,0,0.060363002,1
133733,1,0,0.25017932,0
133734,1,1,0.98400164,1
133735,1,1,0.45495644,1
133736,1,1,0.9443824,1
133737,1,1,1.0,1
133738,0,0,0.13466209,1
133739,1,0,0.0023596606,0
133740,1,1,0.8668104,1
133741,0,1,0.4461327,0
133742,0,1,0.5940803,0
133743,1,1,0.9348725,1
133744,0,1,0.783823,0
133745,1,0,0.19452079,0
133746,1,1,0.9999927,1
133747,1,0,0.19597848,0
133748,0,0,0.15203224,1
133749,1,0,0.07758752,0
133750,1,0,0.13167487,0
133751,1,1,0.99994874,1
133752,0,0,0.1616508,1
133753,0,0,0.30156767,1
133754,1,1,0.98819935,1
133755,1,1,0.9999988,1
133756,1,1,0.37042463,1
133757,1,1,1.0,1
133758,1,1,0.9992519,1
133759,1,0,0.020371297,0
133760,1,1,0.89912134,1
133761,1,0,0.014420068,0
133762,1,0,0.021781173,0
133763,0,0,0.11506276,1
133764,0,1,0.36093944,0
133765,0,0,0.15297888,1
133766,1,1,0.99999976,1
133767,1,1,0.48925948,1
133768,1,1,0.86960393,1
133769,0,1,0.89358836,0
133770,0,1,0.39245322,0
133771,0,0,0.14724834,1
133772,1,1,1.0,1
133773,1,1,1.0,1
133774,1,1,1.0,1
133775,0,0,0.08122775,1
133776,1,1,1.0,1
133777,0,1,1.0,0
133778,0,0,0.20181322,1
133779,0,1,0.6455111,0
133780,1,1,0.4036844,1
133781,1,1,0.5451041,1
133782,1,1,0.9995987,1
133783,0,0,0.04177388,1
133784,1,1,0.9998989,1
133785,1,1,0.99970406,1
133786,1,1,0.99999976,1
133787,0,0,0.16803622,1
133788,0,0,0.04782452,1
133789,1,1,0.99956864,1
133790,0,0,0.046076808,1
133791,1,1,1.0,1
133792,1,0,0.05345272,0
133793,1,0,0.027769245,0
133794,1,1,1.0,1
133795,1,0,0.11828322,0
133796,0,1,1.0,0
133797,0,0,0.20386599,1
133798,0,1,0.99580115,0
133799,1,0,0.026130758,0
133800,1,1,0.9999269,1
133801,1,1,0.957715,1
133802,1,1,0.9999987,1
133803,1,0,0.13730095,0
133804,0,1,0.41540268,0
133805,1,1,0.7055315,1
133806,1,1,1.0,1
133807,0,0,0.0140636265,1
133808,0,1,0.39446336,0
133809,0,1,0.621828,0
133810,0,0,0.02884354,1
133811,0,0,0.08232769,1
133812,1,1,0.542318,1
133813,0,1,0.99784684,0
133814,1,1,0.9999503,1
133815,0,0,0.17881243,1
133816,0,0,0.22944888,1
133817,0,0,0.24310295,1
133818,0,0,0.026031531,1
133819,0,1,0.9999654,0
133820,0,1,0.9912378,0
133821,1,1,0.999884,1
133822,0,1,0.5252471,0
133823,0,1,0.9993917,0
133824,0,1,0.9993893,0
133825,1,1,0.9999999,1
133826,0,0,0.2155158,1
133827,0,0,0.17539679,1
133828,1,1,0.999977,1
133829,0,1,0.6131787,0
133830,1,0,0.107250325,0
133831,0,0,0.034068275,1
133832,0,1,0.99248135,0
133833,1,0,0.018978037,0
133834,1,1,0.9998148,1
133835,0,0,0.17967446,1
133836,1,0,0.007489624,0
133837,0,0,0.042364188,1
133838,0,1,0.9656413,0
133839,0,1,0.9999975,0
133840,1,1,0.8949732,1
133841,1,1,0.99999905,1
133842,0,1,0.91321325,0
133843,1,0,0.0032603461,0
133844,1,1,0.9997408,1
133845,1,1,1.0,1
133846,1,1,0.50799495,1
133847,1,1,0.58450836,1
133848,1,1,0.99979585,1
133849,0,0,0.087096825,1
133850,0,1,0.65141034,0
133851,1,1,0.97877365,1
133852,0,1,0.6490783,0
133853,1,1,0.9876639,1
133854,1,1,0.99589807,1
133855,0,0,0.16238002,1
133856,0,0,0.033621218,1
133857,1,1,0.78497905,1
133858,1,1,0.97779876,1
133859,0,0,0.06489012,1
133860,0,1,0.70380396,0
133861,1,1,0.99195355,1
133862,0,1,0.6735676,0
133863,1,1,0.9382939,1
133864,0,1,0.9849274,0
133865,0,1,0.9993,0
133866,0,0,0.045141645,1
133867,1,1,0.8106289,1
133868,0,0,0.0818861,1
133869,0,0,0.21370518,1
133870,1,1,1.0,1
133871,0,0,0.05649606,1
133872,0,1,0.9971048,0
133873,1,1,0.5117166,1
133874,0,0,0.06966823,1
133875,1,0,0.22210902,0
133876,0,1,0.99997735,0
133877,0,1,0.99271095,0
133878,1,1,1.0,1
133879,0,1,0.9997142,0
133880,1,1,0.9989287,1
133881,1,1,0.9929472,1
133882,0,0,0.035111748,1
133883,0,0,0.09929539,1
133884,1,1,1.0,1
133885,0,1,0.60981464,0
133886,0,1,0.9890343,0
133887,0,0,0.13557507,1
133888,1,1,0.9902351,1
133889,1,0,0.03760863,0
133890,1,0,0.29573816,0
133891,0,1,0.80753654,0
133892,0,0,0.057599206,1
133893,1,0,0.33703986,0
133894,0,0,0.14457104,1
133895,0,1,0.65539116,0
133896,0,0,0.047205772,1
133897,1,1,0.99985456,1
133898,1,0,0.0090377545,0
133899,1,1,0.99999905,1
133900,1,1,0.9819447,1
133901,0,1,0.98835784,0
133902,0,0,0.022542965,1
133903,1,1,1.0,1
133904,0,1,0.7104777,0
133905,1,0,0.11920292,0
133906,1,1,1.0,1
133907,0,0,0.074567616,1
133908,1,0,0.1538032,0
133909,0,0,0.19667186,1
133910,0,1,0.9947084,0
133911,0,1,0.63607055,0
133912,0,0,0.08122775,1
133913,1,1,0.995488,1
133914,0,1,0.99991286,0
133915,0,0,0.06500874,1
133916,0,1,0.99108386,0
133917,1,1,0.9967077,1
133918,0,1,0.99998844,0
133919,1,1,0.999928,1
133920,0,0,0.0894546,1
133921,0,0,0.03030055,1
133922,1,1,0.48340455,1
133923,1,1,0.9997876,1
133924,1,1,0.9999995,1
133925,0,0,0.16444936,1
133926,0,1,1.0,0
133927,1,0,0.16755892,0
133928,0,0,0.21733755,1
133929,0,1,0.9997818,0
133930,0,1,0.943504,0
133931,1,1,0.9869292,1
133932,1,1,1.0,1
133933,1,1,0.6683935,1
133934,1,1,1.0,1
133935,1,1,1.0,1
133936,1,0,0.09276993,0
133937,0,1,0.7673414,0
133938,0,0,0.19345194,1
133939,0,1,0.90540594,0
133940,0,1,0.4472792,0
133941,0,0,0.094426885,1
133942,1,1,0.5127536,1
133943,0,1,0.99997616,0
133944,1,1,0.9451974,1
133945,1,1,0.99999285,1
133946,1,1,0.9999808,1
133947,0,0,0.2780607,1
133948,1,1,0.999997,1
133949,0,0,0.17610413,1
133950,0,1,0.999998,0
133951,1,0,0.087252244,0
133952,1,1,1.0,1
133953,0,1,0.936285,0
133954,1,1,0.9999999,1
133955,0,1,0.6196439,0
133956,0,1,0.89274967,0
133957,1,1,0.99999857,1
133958,0,1,0.4636871,0
133959,1,1,0.89423656,1
133960,0,0,0.026708465,1
133961,0,0,0.07531231,1
133962,0,1,1.0,0
133963,1,1,0.9999964,1
133964,0,1,0.999985,0
133965,0,1,0.9986878,0
133966,1,1,0.98667485,1
133967,0,1,0.99784267,0
133968,1,1,1.0,1
133969,1,0,0.03704717,0
133970,1,1,1.0,1
133971,1,1,0.9999496,1
133972,1,1,1.0,1
133973,0,1,0.7116815,0
133974,0,1,0.9939964,0
133975,0,0,0.09947022,1
133976,0,1,0.9597998,0
133977,1,1,0.9999994,1
133978,1,0,0.014842417,0
133979,0,0,0.13217814,1
133980,1,1,0.99978846,1
133981,0,0,0.018159512,1
133982,1,1,1.0,1
133983,1,0,0.2987982,0
133984,0,0,0.22143486,1
133985,0,0,0.07107367,1
133986,1,0,0.08969352,0
133987,0,1,0.7737297,0
133988,1,1,0.99999964,1
133989,0,1,0.7879312,0
133990,0,1,0.97624266,0
133991,1,1,0.99999964,1
133992,1,1,0.38387227,1
133993,0,1,0.961678,0
133994,0,1,0.7517393,0
133995,0,0,0.01812472,1
133996,1,1,0.999577,1
133997,0,1,0.6497453,0
133998,1,0,0.33252713,0
133999,0,0,0.050283972,1
134000,0,0,0.20505732,1
134001,0,0,0.022737447,1
134002,0,0,0.018194366,1
134003,1,1,0.9943031,1
134004,1,1,0.99184376,1
134005,1,0,0.05037733,0
134006,0,1,0.4648409,0
134007,0,1,0.9999645,0
134008,0,1,0.9116528,0
134009,1,1,0.99999964,1
134010,0,1,0.99799275,0
134011,1,1,0.95430803,1
134012,1,1,1.0,1
134013,0,1,0.9909622,0
134014,1,1,0.39288992,1
134015,1,1,1.0,1
134016,1,1,0.9999299,1
134017,1,0,0.048047364,0
134018,0,1,0.9952077,0
134019,0,0,0.0946777,1
134020,0,1,0.4610471,0
134021,1,0,0.0489941,0
134022,1,1,1.0,1
134023,0,0,0.032497507,1
134024,0,0,0.031202815,1
134025,0,1,0.98282325,0
134026,1,1,0.9998511,1
134027,1,1,0.9898107,1
134028,1,1,0.99827933,1
134029,0,1,0.388386,0
134030,0,1,0.9667575,0
134031,0,0,0.050611433,1
134032,1,1,0.9999528,1
134033,0,1,0.99948573,0
134034,0,1,0.5615154,0
134035,1,0,0.22516096,0
134036,0,1,0.5335797,0
134037,0,0,0.052230857,1
134038,1,0,0.048181534,0
134039,0,0,0.07551658,1
134040,0,1,0.9999999,0
134041,0,0,0.14080818,1
134042,0,0,0.058185086,1
134043,1,1,1.0,1
134044,0,1,0.6847386,0
134045,1,1,0.99935883,1
134046,1,1,0.9999677,1
134047,1,1,0.9999132,1
134048,1,1,0.9991912,1
134049,0,1,0.8713654,0
134050,1,1,0.98965186,1
134051,0,1,0.90183425,0
134052,0,1,0.81815636,0
134053,0,0,0.029844806,1
134054,0,0,0.0013537587,1
134055,0,1,0.9009663,0
134056,0,0,0.19178137,1
134057,0,0,0.19899648,1
134058,0,0,0.08181271,1
134059,1,1,0.97726256,1
134060,1,1,0.99869555,1
134061,0,1,0.9484895,0
134062,0,0,0.12678519,1
134063,0,0,0.28897023,1
134064,0,1,0.81873685,0
134065,0,1,0.9999728,0
134066,1,1,1.0,1
134067,0,0,0.07992553,1
134068,0,0,0.3016191,1
134069,0,1,0.99997103,0
134070,0,1,0.961642,0
134071,1,0,0.2295352,0
134072,1,1,0.99997234,1
134073,0,0,0.16184944,1
134074,1,1,0.9999945,1
134075,0,0,0.23801847,1
134076,1,1,0.3992845,1
134077,0,0,0.09730459,1
134078,1,1,0.5873515,1
134079,1,1,0.9992649,1
134080,0,0,0.022201227,1
134081,1,1,0.9999999,1
134082,0,0,0.15610489,1
134083,0,0,0.21125406,1
134084,0,1,0.9657061,0
134085,1,1,1.0,1
134086,1,1,0.6211388,1
134087,1,1,1.0,1
134088,0,1,0.99647564,0
134089,1,0,0.022694087,0
134090,0,0,0.27192786,1
134091,1,1,0.99268264,1
134092,1,0,0.013532148,0
134093,1,1,0.99967754,1
134094,1,0,0.052570295,0
134095,0,1,0.9197147,0
134096,1,1,0.89956343,1
134097,1,1,0.9965301,1
134098,0,0,0.17356819,1
134099,0,0,0.2931009,1
134100,0,0,0.08144666,1
134101,0,1,0.9994536,0
134102,0,1,0.99996376,0
134103,1,0,0.0062899017,0
134104,1,1,0.999433,1
134105,0,0,0.02580962,1
134106,1,0,0.13150749,0
134107,1,0,0.040049795,0
134108,1,0,0.20745546,0
134109,1,1,0.99945253,1
134110,1,1,0.9999999,1
134111,0,0,0.3112698,1
134112,1,0,0.05261895,0
134113,0,0,0.01533582,1
134114,1,1,0.49127284,1
134115,0,1,0.6736749,0
134116,0,1,0.95270634,0
134117,0,0,0.076683804,1
134118,0,1,0.917746,0
134119,1,1,0.9666317,1
134120,0,0,0.19969788,1
134121,1,1,1.0,1
134122,0,1,0.9953904,0
134123,0,1,0.99968255,0
134124,0,1,0.9713746,0
134125,1,0,0.003538086,0
134126,1,1,0.9693532,1
134127,1,0,0.14057204,0
134128,1,1,0.5377697,1
134129,1,1,0.99999166,1
134130,0,1,0.6110919,0
134131,0,1,0.4926153,0
134132,0,1,0.5936092,0
134133,0,0,0.13061775,1
134134,1,1,1.0,1
134135,0,0,0.060863446,1
134136,0,0,0.21206881,1
134137,1,0,0.02630528,0
134138,1,1,0.41046086,1
134139,1,1,1.0,1
134140,0,1,0.5874699,0
134141,1,0,0.30383506,0
134142,0,0,0.056652427,1
134143,0,1,0.42363682,0
134144,1,1,0.99976224,1
134145,1,1,0.90821165,1
134146,0,0,0.05717659,1
134147,1,1,1.0,1
134148,0,1,0.98651993,0
134149,0,1,0.5078729,0
134150,1,1,0.99999785,1
134151,1,0,0.19390948,0
134152,0,0,0.027716566,1
134153,1,1,0.9999999,1
134154,0,1,0.99999106,0
134155,1,1,0.9994504,1
134156,1,0,0.07303238,0
134157,1,1,0.99723697,1
134158,0,0,0.24707794,1
134159,0,0,0.01539492,1
134160,0,1,0.99999297,0
134161,1,1,0.99989724,1
134162,1,1,0.99343574,1
134163,0,0,0.077447854,1
134164,1,0,0.17064616,0
134165,0,0,0.08151975,1
134166,0,1,0.98971164,0
134167,1,0,0.0006263342,0
134168,1,1,0.53285056,1
134169,0,1,0.61120796,0
134170,1,1,0.97628796,1
134171,1,1,0.99842995,1
134172,0,0,0.1320102,1
134173,1,1,0.99984396,1
134174,0,0,0.10970577,1
134175,1,0,0.15674922,0
134176,1,1,0.98844737,1
134177,1,1,0.9999707,1
134178,0,0,0.0036642202,1
134179,0,1,0.48871043,0
134180,0,0,0.082475364,1
134181,0,1,0.9977083,0
134182,0,1,0.79534036,0
134183,1,1,0.9981792,1
134184,1,1,0.99324185,1
134185,0,0,0.060919292,1
134186,0,1,0.7370635,0
134187,0,1,0.39350155,0
134188,0,0,0.27212125,1
134189,1,1,0.9878996,1
134190,1,1,0.94728357,1
134191,0,0,0.044142097,1
134192,1,1,0.4084537,1
134193,1,1,0.97494066,1
134194,0,0,0.1991522,1
134195,0,1,0.9999957,0
134196,1,1,0.97953105,1
134197,1,1,0.9999862,1
134198,0,0,0.10347653,1
134199,1,0,0.2718312,0
134200,1,1,0.97786224,1
134201,1,0,0.16271237,0
134202,0,1,0.99999845,0
134203,1,1,0.6890441,1
134204,0,0,0.074298516,1
134205,0,1,0.6074885,0
134206,0,1,0.49523938,0
134207,0,0,0.0025409926,1
134208,0,1,0.99984336,0
134209,0,0,0.25054586,1
134210,1,1,0.5337013,1
134211,1,1,0.97386926,1
134212,0,1,0.9999975,0
134213,1,1,0.37353298,1
134214,1,1,0.9999999,1
134215,0,0,0.053353984,1
134216,1,0,0.02463338,0
134217,1,1,0.99987113,1
134218,0,1,0.8085212,0
134219,0,0,0.076683804,1
134220,1,1,0.77415687,1
134221,1,0,0.13637818,0
134222,1,0,0.30819023,0
134223,1,1,0.9999999,1
134224,1,1,0.9999995,1
134225,0,0,0.0773781,1
134226,1,1,0.9980994,1
134227,1,1,0.9228308,1
134228,1,1,0.99999905,1
134229,0,1,0.97321534,0
134230,1,1,0.9719126,1
134231,1,1,1.0,1
134232,1,1,0.9996444,1
134233,1,1,1.0,1
134234,0,0,0.081154905,1
134235,0,1,0.7824132,0
134236,1,1,1.0,1
134237,1,1,0.9976993,1
134238,1,1,0.95154905,1
134239,1,1,0.9999467,1
134240,1,0,0.28368217,0
134241,0,1,0.9911355,0
134242,1,1,0.99724776,1
134243,1,1,0.37797108,1
134244,0,1,0.9924666,0
134245,0,1,0.92421025,0
134246,1,1,0.67044646,1
134247,0,0,0.34786934,1
134248,1,1,0.99901307,1
134249,1,0,0.18440005,0
134250,0,0,0.19345194,1
134251,1,0,0.021328082,0
134252,1,1,0.92156965,1
134253,1,1,0.48297778,1
134254,0,0,0.059537485,1
134255,0,0,0.15495054,1
134256,0,1,0.99997365,0
134257,1,0,0.2325715,0
134258,0,0,0.08203305,1
134259,1,1,0.9999503,1
134260,0,1,0.99999976,0
134261,0,0,0.06650853,1
134262,1,1,0.9222025,1
134263,1,1,0.9999945,1
134264,1,0,0.16257937,0
134265,0,1,0.9989034,0
134266,1,1,1.0,1
134267,0,1,0.9231778,0
134268,1,1,0.90044224,1
134269,1,0,0.041191436,0
134270,0,1,0.36528686,0
134271,0,1,0.47578797,0
134272,0,1,0.6099889,0
134273,1,1,1.0,1
134274,1,1,0.99999547,1
134275,1,1,0.46888182,1
134276,1,1,0.99938095,1
134277,1,1,1.0,1
134278,1,1,0.99955493,1
134279,0,0,0.022759158,1
134280,1,1,1.0,1
134281,1,1,1.0,1
134282,0,0,0.29808256,1
134283,1,0,0.089933,0
134284,1,1,0.9975561,1
134285,1,1,0.9939731,1
134286,0,0,0.013454153,1
134287,1,1,0.6685017,1
134288,0,1,0.60182756,0
134289,0,0,0.20236439,1
134290,1,1,0.9007919,1
134291,0,1,0.89956343,0
134292,0,0,0.23335676,1
134293,1,1,0.74697053,1
134294,0,0,0.08108211,1
134295,0,0,0.0374323,1
134296,1,1,0.938124,1
134297,0,1,0.44685677,0
134298,1,0,0.20513694,0
134299,0,1,0.3648907,0
134300,1,1,0.9999716,1
134301,0,1,0.99993956,0
134302,0,1,0.7631309,0
134303,0,0,0.3022881,1
134304,0,1,0.98667485,0
134305,0,1,0.9486801,0
134306,1,1,1.0,1
134307,1,1,0.9142907,1
134308,0,1,0.9869292,0
134309,1,1,0.9690618,1
134310,1,1,0.43014732,1
134311,1,1,0.9984269,1
134312,0,1,0.98803884,0
134313,1,1,0.9999994,1
134314,1,1,0.9647889,1
134315,1,1,1.0,1
134316,0,1,0.9458513,0
134317,0,0,0.008061991,1
134318,1,1,1.0,1
134319,0,0,0.23572361,1
134320,1,1,0.924347,1
134321,0,1,0.5450436,0
134322,1,1,0.99999857,1
134323,0,0,0.23669264,1
134324,1,1,0.9999999,1
134325,0,1,0.79534036,0
134326,1,1,0.9180404,1
134327,0,0,0.02463338,1
134328,1,0,0.274935,0
134329,1,0,0.14253002,0
134330,0,0,0.17412922,1
134331,0,0,0.1338675,1
134332,1,1,0.5170832,1
134333,1,1,1.0,1
134334,1,0,0.005544146,0
134335,1,1,0.9999999,1
134336,0,0,0.03821415,1
134337,0,0,0.2516477,1
134338,1,1,0.9456509,1
134339,0,1,0.9284088,0
134340,0,0,0.13268304,1
134341,1,1,0.9501803,1
134342,0,0,0.10922978,1
134343,1,1,0.6830497,1
134344,0,0,0.11516222,1
134345,1,1,1.0,1
134346,1,1,0.9416005,1
134347,1,1,0.9999987,1
134348,0,0,0.00016668822,1
134349,1,1,0.9999864,1
134350,1,0,0.18017878,0
134351,1,1,1.0,1
134352,0,1,0.9999883,0
134353,1,1,0.99997973,1
134354,1,1,0.9222726,1
134355,1,0,0.10669061,0
134356,0,1,0.99999845,0
134357,0,0,0.02573606,1
134358,1,1,1.0,1
134359,1,1,0.99933714,1
134360,0,0,0.24059613,1
134361,1,1,0.9969187,1
134362,0,1,0.99988496,0
134363,0,1,0.9824568,0
134364,0,0,0.24355245,1
134365,1,1,0.9999964,1
134366,0,1,0.7641884,0
134367,0,1,0.91949815,0
134368,0,1,0.7119819,0
134369,1,1,0.9083743,1
134370,0,1,0.99984884,0
134371,1,1,0.9999999,1
134372,1,1,0.9999989,1
134373,1,1,0.9999422,1
134374,0,0,0.06359858,1
134375,0,1,0.5441353,0
134376,1,1,0.9999919,1
134377,1,1,0.9999999,1
134378,0,1,0.36942884,0
134379,1,1,1.0,1
134380,1,1,0.99943966,1
134381,1,1,0.65063375,1
134382,1,0,5.6277684e-05,0
134383,0,1,0.46590382,0
134384,1,0,0.044265874,0
134385,1,1,0.99723166,1
134386,0,0,0.1791712,1
134387,0,1,0.99999964,0
134388,0,1,0.9999821,0
134389,0,1,0.947381,0
134390,1,1,0.9984269,1
134391,1,1,0.83196384,1
134392,0,1,0.9623913,0
134393,0,0,0.03739713,1
134394,0,1,0.9921537,0
134395,1,1,0.9975177,1
134396,1,1,1.0,1
134397,1,1,0.926237,1
134398,0,1,0.6057407,0
134399,1,1,0.9999999,1
134400,1,1,0.99977833,1
134401,1,1,0.9859634,1
134402,1,1,0.45538026,1
134403,0,1,0.97396845,0
134404,0,1,0.8240375,0
134405,1,0,0.12934773,0
134406,0,1,0.9885583,0
134407,1,1,1.0,1
134408,1,0,0.31447145,0
134409,0,0,0.2536761,1
134410,1,1,1.0,1
134411,1,1,0.87125593,1
134412,0,0,0.00902028,1
134413,1,1,1.0,1
134414,1,0,0.18454698,0
134415,0,0,0.060919292,1
134416,1,0,0.0793529,0
134417,0,1,0.47426593,0
134418,1,1,0.999941,1
134419,1,1,1.0,1
134420,1,1,0.999998,1
134421,1,1,0.5826098,1
134422,1,1,0.9994797,1
134423,0,0,0.17455095,1
134424,1,1,0.99992514,1
134425,0,1,0.7319696,0
134426,1,1,0.8844391,1
134427,1,1,0.9991272,1
134428,1,1,1.0,1
134429,1,1,0.9999999,1
134430,1,1,0.8700462,1
134431,1,0,0.12463858,0
134432,1,1,0.9991704,1
134433,0,1,0.69466525,0
134434,0,0,0.11486404,1
134435,0,1,0.99999285,0
134436,0,1,0.99987566,0
134437,0,0,0.01001357,1
134438,1,0,0.02859836,0
134439,1,1,0.9999943,1
134440,1,0,0.03915837,0
134441,1,1,1.0,1
134442,0,0,0.09057448,1
134443,0,0,0.033684738,1
134444,1,1,0.9999999,1
134445,0,1,0.751876,0
134446,1,1,0.9988028,1
134447,1,1,0.4487282,1
134448,1,1,1.0,1
134449,1,1,1.0,1
134450,1,1,0.7982654,1
134451,1,0,0.106411695,0
134452,0,0,0.025540898,1
134453,0,1,0.46508378,0
134454,0,1,0.9981541,0
134455,0,0,0.14336753,1
134456,1,1,0.9704367,1
134457,0,1,0.9998981,0
134458,1,0,0.013795365,0
134459,0,1,0.84581506,0
134460,1,1,0.9999989,1
134461,1,1,0.991891,1
134462,1,0,0.1274353,0
134463,1,0,0.12064587,0
134464,1,1,0.8908652,1
134465,1,1,1.0,1
134466,1,1,0.99999714,1
134467,1,1,0.9891816,1
134468,1,1,0.7837403,1
134469,0,0,0.120438814,1
134470,1,0,0.23722233,0
134471,1,1,0.99990976,1
134472,1,1,0.9320215,1
134473,1,1,0.99888617,1
134474,0,0,0.34345183,1
134475,1,1,0.9999989,1
134476,1,1,0.99998,1
134477,1,1,0.83250916,1
134478,0,1,0.998103,0
134479,0,1,0.6175703,0
134480,0,1,0.99877685,0
134481,0,1,0.8978745,0
134482,0,1,0.7383862,0
134483,0,0,0.03173859,1
134484,0,1,0.6984837,0
134485,1,1,0.9999515,1
134486,1,1,0.3585215,1
134487,0,0,0.019531239,1
134488,1,0,0.21436231,0
134489,1,0,0.14264941,0
134490,1,0,0.035678547,0
134491,0,1,0.7558173,0
134492,1,1,0.99999964,1
134493,1,1,0.99637127,1
134494,1,1,1.0,1
134495,1,0,0.03701235,0
134496,1,0,0.07126734,0
134497,0,1,1.0,0
134498,1,1,0.99941385,1
134499,0,1,0.5779718,0
134500,1,1,1.0,1
134501,1,1,0.99839586,1
134502,1,1,1.0,1
134503,1,1,0.89414424,1
134504,1,1,0.9999999,1
134505,1,1,0.91125876,1
134506,0,0,0.32525256,1
134507,1,1,0.99997723,1
134508,0,1,0.9741166,0
134509,1,1,1.0,1
134510,1,1,0.40559587,1
134511,0,1,0.9339146,0
134512,0,1,0.79036856,0
134513,1,1,0.9983612,1
134514,1,0,0.18892181,0
134515,1,1,0.9666631,1
134516,0,0,0.007815888,1
134517,1,1,0.99268264,1
134518,1,1,0.9975799,1
134519,0,1,0.99983454,0
134520,0,0,0.28229508,1
134521,1,1,0.99999964,1
134522,0,1,0.6486333,0
134523,1,1,0.99999976,1
134524,0,0,0.13887003,1
134525,0,0,0.09409338,1
134526,1,1,1.0,1
134527,0,0,0.15869519,1
134528,1,0,0.29517913,0
134529,0,1,0.96961325,0
134530,1,1,1.0,1
134531,1,1,0.9834387,1
134532,1,0,0.21436231,0
134533,1,1,0.8589554,1
134534,1,1,1.0,1
134535,0,0,0.27566564,1
134536,1,1,0.99999976,1
134537,0,1,1.0,0
134538,1,1,1.0,1
134539,0,0,0.009974921,1
134540,1,1,0.999995,1
134541,1,1,1.0,1
134542,1,1,1.0,1
134543,0,0,0.10502681,1
134544,1,0,0.056600258,0
134545,0,0,0.11676401,1
134546,0,1,1.0,0
134547,0,1,0.9743129,0
134548,0,0,0.15934816,1
134549,1,1,0.99977034,1
134550,1,1,1.0,1
134551,0,0,0.21362315,1
134552,1,1,1.0,1
134553,0,0,0.14767805,1
134554,1,1,0.99998665,1
134555,1,1,0.76594365,1
134556,1,1,1.0,1
134557,1,0,0.21019831,0
134558,0,1,0.9999691,0
134559,1,1,1.0,1
134560,1,1,0.9999999,1
134561,0,0,0.064653486,1
134562,1,1,0.99780446,1
134563,1,1,0.66687655,1
134564,0,0,0.20721471,1
134565,1,1,0.94796216,1
134566,0,1,0.99933076,0
134567,1,1,0.99521697,1
134568,0,1,0.99999976,0
134569,1,1,0.8978745,1
134570,0,1,0.90657043,0
134571,0,1,0.9714829,0
134572,1,0,0.0013458604,0
134573,1,1,0.99944824,1
134574,0,1,0.6984837,0
134575,0,1,0.96468914,0
134576,0,1,0.9928092,0
134577,1,1,0.9990283,1
134578,1,1,0.42116487,1
134579,1,1,0.99999976,1
134580,0,1,0.86396646,0
134581,0,1,0.671309,0
134582,0,0,0.26530904,1
134583,0,0,0.018528797,1
134584,0,0,0.18126321,1
134585,1,1,0.9310248,1
134586,1,1,0.42441195,1
134587,1,1,1.0,1
134588,1,0,0.2516477,0
134589,1,1,0.9999833,1
134590,1,1,0.99998796,1
134591,1,1,0.7194822,1
134592,0,0,0.069921836,1
134593,1,1,0.6031724,1
134594,0,1,0.971537,0
134595,0,0,0.09739039,1
134596,0,1,0.8233284,0
134597,1,1,1.0,1
134598,1,1,0.9999999,1
134599,0,1,0.6256097,0
134600,0,1,0.99992156,0
134601,1,1,0.9945095,1
134602,0,0,0.10913479,1
134603,1,1,1.0,1
134604,0,1,0.99918646,0
134605,1,0,0.058884703,0
134606,1,0,0.0035174885,0
134607,1,1,0.999572,1
134608,1,1,0.99793327,1
134609,0,1,0.6942508,0
134610,1,1,0.9999999,1
134611,1,1,1.0,1
134612,0,0,0.028463027,1
134613,1,1,0.9974342,1
134614,1,0,0.030100336,0
134615,1,1,1.0,1
134616,1,1,0.36692995,1
134617,1,1,0.9669453,1
134618,0,1,0.69050694,0
134619,1,1,0.99966,1
134620,1,1,0.98965186,1
134621,0,1,0.7490872,0
134622,1,0,0.110855594,0
134623,0,1,0.999962,0
134624,0,0,0.048047364,1
134625,1,1,1.0,1
134626,0,0,0.12694745,1
134627,1,1,0.99995315,1
134628,0,0,0.17938675,1
134629,1,1,0.99995637,1
134630,1,1,0.8500957,1
134631,1,1,0.9999329,1
134632,1,1,0.36139008,1
134633,0,0,0.1552705,1
134634,0,0,0.3429015,1
134635,1,1,1.0,1
134636,1,1,0.9992053,1
134637,1,1,0.9859364,1
134638,1,1,0.99995565,1
134639,1,0,0.05404875,0
134640,0,0,0.04115289,1
134641,1,1,0.97673583,1
134642,0,1,0.7569869,0
134643,0,0,0.21206881,1
134644,1,1,0.9999995,1
134645,0,1,0.9817182,0
134646,1,1,0.9999995,1
134647,0,1,0.9991943,0
134648,1,1,0.9999933,1
134649,1,1,0.9935993,1
134650,0,1,0.6347132,0
134651,1,1,0.9996686,1
134652,1,1,1.0,1
134653,1,1,0.9961606,1
134654,0,1,0.87310666,0
134655,1,1,1.0,1
134656,1,1,0.4934086,1
134657,1,1,0.9983707,1
134658,0,1,0.9991221,0
134659,1,1,1.0,1
134660,0,0,0.17419945,1
134661,1,1,0.45335263,1
134662,0,0,0.22084618,1
134663,1,1,1.0,1
134664,1,1,0.9207184,1
134665,1,1,0.9937709,1
134666,0,1,0.9500878,0
134667,1,1,0.43236294,1
134668,1,1,0.4519614,1
134669,1,1,0.5286551,1
134670,1,0,0.2779137,0
134671,1,1,0.35147798,1
134672,0,1,0.98376936,0
134673,1,1,0.9992549,1
134674,0,1,0.9808576,0
134675,1,1,0.99979657,1
134676,0,0,0.008219693,1
134677,0,0,0.0012545945,1
134678,0,0,0.14953136,1
134679,0,0,0.16762705,1
134680,0,0,0.053700306,1
134681,0,1,0.99903023,0
134682,0,1,0.3943759,0
134683,1,0,0.02878888,0
134684,1,1,1.0,1
134685,1,1,0.99361163,1
134686,1,0,0.31426096,0
134687,0,1,0.4677572,0
134688,1,1,1.0,1
134689,1,0,0.058560826,0
134690,1,1,0.9998863,1
134691,0,0,0.14712578,1
134692,1,1,0.99853635,1
134693,0,0,0.0044597043,1
134694,1,0,0.25757828,0
134695,1,0,0.15437602,0
134696,1,1,0.99898964,1
134697,1,1,1.0,1
134698,0,0,0.20833994,1
134699,1,1,0.5546514,1
134700,1,1,0.9999957,1
134701,0,1,0.9352283,0
134702,1,0,0.017610641,0
134703,0,1,0.97436166,0
134704,0,1,0.9872773,0
134705,1,1,0.9999964,1
134706,1,1,0.6959067,1
134707,1,1,0.9999999,1
134708,0,1,1.0,0
134709,1,1,0.99999666,1
134710,0,0,0.014672034,1
134711,0,0,0.020488555,1
134712,0,1,0.9949886,0
134713,1,1,1.0,1
134714,1,1,0.740456,1
134715,0,1,0.49481216,0
134716,1,1,0.9999764,1
134717,0,1,0.9174507,0
134718,1,1,0.799129,1
134719,0,1,0.87578696,0
134720,1,0,0.10411242,0
134721,0,0,0.07152632,1
134722,1,1,0.82118756,1
134723,0,1,0.58859354,0
134724,1,1,1.0,1
134725,1,1,0.35142234,1
134726,0,1,0.7832433,0
134727,1,0,0.09947022,0
134728,0,1,0.99394965,0
134729,1,1,0.9999999,1
134730,0,1,0.99961025,0
134731,1,0,0.11767348,0
134732,1,1,0.99983656,1
134733,1,1,0.79952055,1
134734,0,0,0.10706346,1
134735,0,0,0.11095189,1
134736,0,1,0.3826027,0
134737,0,0,0.014309456,1
134738,1,1,0.9999981,1
134739,1,1,0.9999995,1
134740,1,1,0.99999726,1
134741,1,1,0.9997584,1
134742,1,1,0.99999964,1
134743,0,0,0.027716566,1
134744,0,0,0.026130758,1
134745,1,1,0.65770334,1
134746,1,1,0.99956006,1
134747,1,1,0.9998771,1
134748,0,1,0.99996376,0
134749,1,1,0.9988121,1
134750,0,0,0.039787814,1
134751,1,0,0.04142348,0
134752,0,0,0.041230027,1
134753,0,0,0.05531065,1
134754,1,1,0.9968702,1
134755,0,0,0.023219766,1
134756,1,0,0.054449577,0
134757,0,1,0.8255897,0
134758,1,1,0.99764496,1
134759,0,1,0.97958976,0
134760,0,0,0.20442131,1
134761,0,0,0.05079946,1
134762,1,1,0.99999917,1
134763,0,1,0.37627926,0
134764,1,1,0.99948263,1
134765,1,1,1.0,1
134766,1,0,0.021781173,0
134767,1,1,0.9953904,1
134768,1,1,0.9999988,1
134769,1,1,0.82587075,1
134770,0,0,0.20987426,1
134771,1,1,0.99999964,1
134772,0,0,0.111821815,1
134773,1,1,0.97009856,1
134774,1,1,0.97794676,1
134775,0,1,0.9877587,0
134776,1,1,0.99999976,1
134777,1,1,0.99025387,1
134778,0,0,0.12236581,1
134779,1,1,0.9999987,1
134780,1,1,1.0,1
134781,0,1,0.9305845,0
134782,0,1,0.49884033,0
134783,1,1,0.99998677,1
134784,0,0,0.18639106,1
134785,1,1,0.6653562,1
134786,1,0,0.019719128,0
134787,1,1,1.0,1
134788,0,0,0.08035747,1
134789,1,1,1.0,1
134790,1,1,0.9380673,1
134791,0,0,0.124106824,1
134792,1,1,0.999984,1
134793,0,0,0.10576342,1
134794,0,1,0.9691787,0
134795,1,1,0.99999475,1
134796,0,1,0.9987257,0
134797,1,1,0.9378969,1
134798,1,1,0.98965186,1
134799,0,1,0.3584092,0
134800,1,1,0.99999964,1
134801,0,0,0.06359858,1
134802,1,1,0.9201462,1
134803,1,1,0.35678276,1
134804,0,1,0.6267526,0
134805,0,1,0.9923341,0
134806,1,1,1.0,1
134807,0,1,0.9736196,0
134808,1,1,0.9999993,1
134809,0,1,0.89533985,0
134810,0,0,0.29660332,1
134811,0,0,0.114963345,1
134812,1,1,0.99999785,1
134813,1,1,1.0,1
134814,0,1,0.97917557,0
134815,0,0,0.27405983,1
134816,1,1,0.99999917,1
134817,0,1,0.46159315,0
134818,1,1,1.0,1
134819,1,1,0.87125593,1
134820,1,1,0.65152115,1
134821,0,0,0.035745807,1
134822,0,1,0.6838947,0
134823,0,0,0.10061321,1
134824,0,0,0.21206881,1
134825,1,1,0.5568816,1
134826,1,0,0.24707794,0
134827,1,1,0.9951703,1
134828,0,1,0.8525676,0
134829,1,1,1.0,1
134830,0,1,0.9971328,0
134831,0,0,0.06500874,1
134832,0,0,0.19930798,1
134833,1,1,0.99999833,1
134834,1,1,0.55054694,1
134835,1,1,0.99884856,1
134836,1,0,0.023197629,0
134837,1,1,0.9999453,1
134838,1,0,0.31268474,0
134839,1,1,1.0,1
134840,1,1,0.9999939,1
134841,0,0,0.036322463,1
134842,1,1,1.0,1
134843,1,0,0.020042615,0
134844,0,1,0.90371984,0
134845,1,1,0.9965233,1
134846,1,1,0.99921453,1
134847,1,0,0.24999616,0
134848,0,1,0.8168451,0
134849,0,0,0.31111282,1
134850,1,1,0.5706305,1
134851,0,1,0.85573065,0
134852,0,1,0.9997731,0
134853,1,1,1.0,1
134854,1,1,0.9999994,1
134855,1,1,0.99987805,1
134856,1,1,0.9999738,1
134857,1,1,0.9999869,1
134858,0,1,0.9969426,0
134859,0,1,0.5780314,0
134860,1,1,0.9759235,1
134861,1,1,0.99999964,1
134862,0,1,0.97386926,0
134863,1,1,1.0,1
134864,0,1,0.8829335,0
134865,1,0,0.20197058,0
134866,0,0,0.034261618,1
134867,0,0,0.088820286,1
134868,1,1,0.9999999,1
134869,0,1,0.6857917,0
134870,0,1,0.999998,0
134871,1,0,0.042642392,0
134872,1,1,0.9999989,1
134873,1,1,0.99977654,1
134874,1,1,0.9999988,1
134875,0,0,0.08277145,1
134876,1,0,0.20874292,0
134877,1,1,0.97009856,1
134878,1,1,0.99766326,1
134879,0,1,0.9999999,0
134880,1,1,0.6476311,1
134881,0,0,0.014985891,1
134882,1,1,0.8785229,1
134883,1,1,0.99997354,1
134884,0,1,0.957794,0
134885,1,1,0.79198205,1
134886,0,1,0.58575296,0
134887,1,1,0.85415626,1
134888,1,1,0.90804875,1
134889,1,1,1.0,1
134890,1,0,0.10762492,0
134891,1,0,0.3388971,0
134892,1,1,0.99999976,1
134893,0,0,0.0715912,1
134894,1,1,1.0,1
134895,0,0,0.21419789,1
134896,1,1,0.99508506,1
134897,0,0,0.11828322,1
134898,1,1,0.9999989,1
134899,0,1,0.4990845,0
134900,1,1,0.9208609,1
134901,1,1,0.9999902,1
134902,1,1,0.95873135,1
134903,0,0,0.02027408,1
134904,0,0,0.117774926,1
134905,1,1,0.9999999,1
134906,1,1,0.99999917,1
134907,1,0,0.0140907345,0
134908,0,0,0.042522945,1
134909,1,1,0.99694854,1
134910,1,0,0.11367794,0
134911,1,1,0.97389406,1
134912,1,1,0.9889705,1
134913,0,0,0.013454153,1
134914,1,1,0.8079157,1
134915,1,1,0.9959849,1
134916,1,1,0.77141327,1
134917,1,1,1.0,1
134918,0,1,0.50183105,0
134919,0,1,0.9666317,0
134920,1,1,1.0,1
134921,0,1,0.9990264,0
134922,0,0,0.013715874,1
134923,1,1,0.9999963,1
134924,1,1,0.98469365,1
134925,0,1,0.8000679,0
134926,1,0,0.017492766,0
134927,1,0,0.19132766,0
134928,1,1,1.0,1
134929,0,0,0.32316646,1
134930,1,1,0.99908364,1
134931,0,0,0.25590113,1
134932,0,1,0.8338664,0
134933,0,1,0.99999857,0
134934,0,1,0.96080494,0
134935,1,1,0.99977833,1
134936,0,1,0.9841241,0
134937,0,1,0.35482422,0
134938,1,1,0.9994653,1
134939,1,1,0.4795646,1
134940,1,0,0.2689414,0
134941,1,1,0.99802387,1
134942,1,1,0.97828114,1
134943,1,1,0.9996309,1
134944,0,0,0.00083283347,1
134945,0,0,0.2645483,1
134946,1,1,0.9997565,1
134947,0,1,0.99633574,0
134948,0,1,0.74706274,0
134949,0,1,0.98020524,0
134950,0,0,0.052279223,1
134951,1,1,1.0,1
134952,1,1,0.9999999,1
134953,0,0,0.13454832,1
134954,0,0,0.05823863,1
134955,0,0,0.26189682,1
134956,0,1,1.0,0
134957,1,1,0.9637117,1
134958,0,0,0.29563648,1
134959,0,0,0.21027938,1
134960,1,1,0.9999329,1
134961,1,1,0.7375837,1
134962,1,1,0.999961,1
134963,0,1,0.70089483,0
134964,1,1,0.61952883,1
134965,1,1,0.9995035,1
134966,0,1,0.90481883,0
134967,0,0,0.19413854,1
134968,1,1,0.5054319,1
134969,0,1,0.9986827,0
134970,1,1,0.9265035,1
134971,1,1,0.9999194,1
134972,1,1,0.98056203,1
134973,1,1,0.99994814,1
134974,1,0,0.035745807,0
134975,1,1,0.98801583,1
134976,1,1,0.82810634,1
134977,1,0,0.24006127,0
134978,0,0,0.054148693,1
134979,0,1,0.9892855,0
134980,0,0,0.1164622,1
134981,1,1,1.0,1
134982,0,0,0.08137364,1
134983,1,0,0.03336831,0
134984,0,1,0.7330221,0
134985,1,0,0.029340027,0
134986,0,0,0.013532148,1
134987,1,1,0.9226916,1
134988,1,1,0.5378911,1
134989,0,1,0.99999905,0
134990,0,0,0.06542547,1
134991,1,1,1.0,1
134992,1,1,0.99998593,1
134993,0,0,0.13875328,1
134994,1,1,1.0,1
134995,0,1,1.0,0
134996,1,1,1.0,1
134997,0,0,0.085479975,1
134998,0,0,0.07490528,1
134999,0,0,0.08858347,1
135000,1,1,0.98975134,1
135001,1,1,0.9357587,1
135002,1,1,0.9999783,1
135003,1,0,0.022824407,0
135004,1,1,0.9999552,1
135005,0,1,0.7938261,0
135006,1,1,1.0,1
135007,1,0,0.038466193,0
135008,1,1,1.0,1
135009,1,1,0.9958093,1
135010,1,1,0.80193585,1
135011,1,1,0.99939406,1
135012,1,1,0.9999906,1
135013,1,0,0.0004840624,0
135014,1,1,0.9999206,1
135015,0,0,0.19667186,1
135016,0,0,0.04590542,1
135017,0,1,0.99853635,0
135018,0,1,0.9881765,0
135019,1,1,0.9686196,1
135020,1,0,0.06596493,0
135021,0,0,0.058131598,1
135022,0,0,0.0422455,1
135023,1,1,1.0,1
135024,1,0,0.017226238,0
135025,1,1,0.370567,1
135026,1,1,1.0,1
135027,1,1,0.82318634,1
135028,1,1,1.0,1
135029,1,1,0.9999435,1
135030,1,0,0.19559407,0
135031,1,0,0.10411242,0
135032,1,1,0.9999379,1
135033,0,0,0.060086653,1
135034,1,0,0.06500874,0
135035,0,1,0.9927672,0
135036,0,1,0.39428842,0
135037,1,1,0.9970879,1
135038,0,0,0.17518502,1
135039,1,0,0.111821815,0
135040,0,0,0.13111758,1
135041,0,1,0.85717136,0
135042,1,1,0.9894499,1
135043,1,1,0.99999404,1
135044,1,0,0.3271307,0
135045,0,1,0.99918646,0
135046,1,1,0.97212505,1
135047,0,1,0.612947,0
135048,0,0,0.0130707845,1
135049,1,1,0.9999821,1
135050,0,1,0.9999665,0
135051,1,1,0.99994993,1
135052,0,1,0.5646987,0
135053,1,1,1.0,1
135054,0,0,0.19132766,1
135055,1,1,1.0,1
135056,0,0,0.028980628,1
135057,0,1,0.999894,0
135058,0,0,0.092196204,1
135059,0,0,0.022715757,1
135060,1,1,0.9793738,1
135061,0,0,0.059101548,1
135062,1,0,0.20354918,0
135063,0,0,0.10026027,1
135064,0,1,0.974893,0
135065,0,1,0.73326087,0
135066,0,0,0.24086387,1
135067,1,1,0.9999012,1
135068,1,0,0.31079897,0
135069,0,1,0.96189344,0
135070,1,1,1.0,1
135071,0,1,0.7478001,0
135072,1,1,0.9976126,1
135073,0,1,0.982117,0
135074,0,1,0.93177354,0
135075,0,1,0.89724606,0
135076,1,0,0.060418423,0
135077,1,1,0.937669,1
135078,1,1,0.9999881,1
135079,1,1,0.99999106,1
135080,0,0,0.05424881,1
135081,1,1,0.99711037,1
135082,1,0,0.090896755,0
135083,1,1,1.0,1
135084,1,0,0.16198196,0
135085,1,1,0.89778495,1
135086,0,0,0.2295352,1
135087,0,0,0.15222117,1
135088,0,0,0.0628467,1
135089,0,0,0.21950476,1
135090,0,1,1.0,0
135091,0,1,0.91767234,0
135092,1,1,0.9999795,1
135093,1,0,0.051319942,0
135094,0,0,0.1126489,1
135095,0,0,0.07899691,1
135096,0,0,0.16762705,1
135097,0,0,0.109324835,1
135098,1,1,1.0,1
135099,1,1,0.9976495,1
135100,0,1,0.53424805,0
135101,1,1,0.9437118,1
135102,1,0,0.07172112,0
135103,1,1,0.9978677,1
135104,0,1,0.63934207,0
135105,1,1,0.98039377,1
135106,0,0,0.3414727,1
135107,1,0,0.049912184,0
135108,0,1,0.9999951,0
135109,1,0,0.19814174,0
135110,0,1,0.9753196,0
135111,1,1,0.99998724,1
135112,0,1,0.9865976,0
135113,1,0,0.25926262,0
135114,0,0,0.015043661,1
135115,0,1,1.0,0
135116,0,0,0.26388383,1
135117,0,1,0.9513234,0
135118,1,1,0.83682144,1
135119,1,1,0.99843305,1
135120,1,1,0.43944663,1
135121,0,1,0.9495292,0
135122,0,0,0.21917033,1
135123,1,1,0.9905874,1
135124,1,1,0.99999917,1
135125,0,1,0.99997187,0
135126,1,1,0.99999964,1
135127,1,1,0.99996924,1
135128,1,1,0.9889064,1
135129,1,1,0.96138906,1
135130,0,1,0.9167827,0
135131,1,1,0.99999964,1
135132,1,1,0.9912378,1
135133,1,1,1.0,1
135134,0,0,0.16184944,1
135135,0,0,0.14270914,1
135136,1,1,0.9999989,1
135137,1,1,0.9999589,1
135138,1,1,0.9999001,1
135139,0,0,0.14134066,1
135140,0,0,0.1470033,1
135141,1,1,0.77029204,1
135142,1,1,0.48983902,1
135143,0,1,0.9999907,0
135144,1,1,0.99984455,1
135145,0,1,0.9999999,0
135146,1,0,0.083142914,0
135147,1,1,0.79549927,1
135148,0,1,0.999997,0
135149,1,1,0.4423956,1
135150,1,1,0.9978173,1
135151,1,1,0.99999964,1
135152,0,1,0.961171,0
135153,1,0,0.09434341,0
135154,1,0,0.17909941,0
135155,0,1,0.7674286,0
135156,0,0,0.09999631,1
135157,1,1,0.964822,1
135158,0,1,0.99440175,0
135159,0,0,0.20721471,1
135160,1,1,0.99946314,1
135161,0,1,0.9038049,0
135162,0,1,0.4058019,0
135163,1,1,0.85512674,1
135164,0,0,0.06080765,1
135165,1,1,0.9991135,1
135166,0,0,0.11124121,1
135167,0,1,0.39852345,0
135168,0,0,0.07043161,1
135169,1,1,0.9999999,1
135170,1,1,1.0,1
135171,1,1,0.9999999,1
135172,1,1,0.99778724,1
135173,1,0,0.17078443,0
135174,0,1,0.9776072,0
135175,0,1,0.48215482,0
135176,0,0,0.0548532,1
135177,0,1,0.9999505,0
135178,0,1,1.0,0
135179,0,1,0.8916225,0
135180,1,1,0.99999464,1
135181,1,1,0.8713654,1
135182,0,0,0.100524865,1
135183,1,0,0.051941562,0
135184,0,1,0.9330048,0
135185,1,0,0.10105591,0
135186,1,0,0.22644132,0
135187,0,0,0.02517884,1
135188,0,0,0.14324762,1
135189,0,0,0.11752149,1
135190,0,0,0.11230769,1
135191,0,1,0.61860764,0
135192,1,1,0.9992679,1
135193,0,1,0.9980994,0
135194,1,1,0.99999833,1
135195,1,0,0.29158568,0
135196,1,1,0.9999999,1
135197,1,1,1.0,1
135198,1,1,0.99995315,1
135199,0,0,0.06424133,1
135200,0,0,0.14223188,1
135201,1,1,0.9917163,1
135202,1,1,0.9999713,1
135203,0,0,0.034164816,1
135204,0,0,0.26783887,1
135205,0,0,0.09260568,1
135206,1,1,0.9451468,1
135207,0,1,0.99031025,0
135208,0,1,0.9401336,0
135209,0,0,0.21337716,1
135210,1,1,0.99999535,1
135211,1,1,1.0,1
135212,1,1,0.99993134,1
135213,0,1,0.950503,0
135214,1,1,0.9999937,1
135215,1,1,0.9546474,1
135216,0,1,0.99995863,0
135217,1,1,0.47721913,1
135218,1,0,0.3368762,0
135219,0,1,0.9486325,0
135220,1,0,0.019946933,0
135221,1,1,0.99996173,1
135222,0,1,0.9979572,0
135223,0,1,0.39539677,0
135224,0,0,0.05340333,1
135225,0,0,0.13122888,1
135226,1,1,1.0,1
135227,1,0,0.33469814,0
135228,0,0,0.22337706,1
135229,0,1,0.75635755,0
135230,1,1,0.9945095,1
135231,1,1,0.4701284,1
135232,1,1,0.8525676,1
135233,1,0,0.10185715,0
135234,0,1,0.95154905,0
135235,1,1,1.0,1
135236,1,1,1.0,1
135237,0,0,0.20930803,1
135238,1,0,0.020626193,0
135239,1,1,0.9603984,1
135240,0,1,0.95934516,0
135241,1,1,0.99998677,1
135242,0,0,0.2548797,1
135243,0,1,0.9999347,0
135244,1,1,0.99984944,1
135245,1,0,0.07758752,0
135246,1,0,0.00036543282,0
135247,0,1,0.6138733,0
135248,1,1,0.6791255,1
135249,1,1,1.0,1
135250,0,1,0.84581506,0
135251,1,1,0.8271311,1
135252,1,1,1.0,1
135253,1,1,0.9999478,1
135254,0,1,0.9998029,0
135255,0,0,0.13240233,1
135256,0,1,0.99908364,0
135257,0,1,0.6383282,0
135258,0,0,0.15636237,1
135259,0,0,0.056704637,1
135260,0,0,0.06822642,1
135261,0,0,0.00946738,1
135262,0,0,0.2960433,1
135263,0,0,0.13992442,1
135264,0,0,0.28512308,1
135265,0,0,0.123947665,1
135266,0,0,0.012673735,1
135267,1,1,0.67923194,1
135268,1,0,0.009821794,0
135269,1,1,0.8750415,1
135270,0,1,0.67635274,0
135271,0,0,0.13822897,1
135272,1,1,1.0,1
135273,1,1,0.99979264,1
135274,1,1,0.8698252,1
135275,1,1,0.9893063,1
135276,1,1,1.0,1
135277,0,1,0.38257384,0
135278,0,0,0.09842541,1
135279,1,1,0.9999831,1
135280,1,1,0.99999905,1
135281,1,1,0.9999999,1
135282,1,1,0.99865675,1
135283,1,1,1.0,1
135284,0,1,0.9993575,0
135285,1,1,1.0,1
135286,1,1,0.57080984,1
135287,1,0,0.042285025,0
135288,1,1,0.41099268,1
135289,1,1,0.99998987,1
135290,1,1,1.0,1
135291,0,1,0.5608541,0
135292,1,0,0.08166611,0
135293,0,1,0.7328309,0
135294,1,1,1.0,1
135295,1,0,0.016529558,0
135296,1,0,0.06773144,0
135297,1,1,0.8586,1
135298,0,0,0.01214717,1
135299,1,1,0.99980444,1
135300,1,1,0.7495458,1
135301,1,1,1.0,1
135302,0,1,0.4459819,0
135303,0,1,0.9893063,0
135304,1,1,0.9999999,1
135305,1,0,0.21378726,0
135306,1,1,0.99351174,1
135307,1,1,0.9999993,1
135308,0,0,0.039825134,1
135309,0,0,0.07956719,1
135310,0,1,0.755637,0
135311,0,1,0.9921537,0
135312,0,1,0.9644556,0
135313,0,1,0.5211056,0
135314,1,1,1.0,1
135315,1,1,1.0,1
135316,0,1,0.9985702,0
135317,0,0,0.051082734,1
135318,0,1,0.8250265,0
135319,0,0,0.028980628,1
135320,1,1,1.0,1
135321,1,0,0.03521114,0
135322,1,1,0.9999697,1
135323,0,0,0.2126405,1
135324,0,1,0.99991965,0
135325,0,1,0.93108755,0
135326,1,1,0.84208554,1
135327,1,0,0.12597652,0
135328,0,1,0.39957732,0
135329,1,1,1.0,1
135330,0,1,0.590425,0
135331,0,1,0.7672542,0
135332,1,1,1.0,1
135333,0,1,0.9707155,0
135334,1,1,0.99993575,1
135335,0,1,0.45625833,0
135336,0,1,0.9999591,0
135337,1,1,0.99999356,1
135338,0,0,0.08929564,1
135339,1,1,0.7062411,1
135340,1,1,0.9863369,1
135341,1,1,1.0,1
135342,1,0,0.10631887,0
135343,1,1,0.99999917,1
135344,1,1,0.9447403,1
135345,1,0,0.049085185,0
135346,0,0,0.2220247,1
135347,1,1,0.9999999,1
135348,1,1,0.9996295,1
135349,1,1,0.9999926,1
135350,1,1,0.943504,1
135351,1,1,0.71790266,1
135352,1,1,0.48383135,1
135353,1,1,0.99971205,1
135354,1,0,0.06273176,0
135355,1,0,0.3438924,0
135356,0,0,0.024609927,1
135357,1,1,0.96395,1
135358,0,1,0.3806438,0
135359,0,1,0.66969085,0
135360,0,1,0.8740772,0
135361,0,1,0.99631435,0
135362,1,1,1.0,1
135363,0,0,0.020158019,1
135364,0,0,0.33791324,1
135365,1,1,1.0,1
135366,1,1,0.68336666,1
135367,1,0,0.29803148,0
135368,0,1,0.35560703,0
135369,0,1,0.66263276,0
135370,1,1,1.0,1
135371,1,0,0.026205411,0
135372,0,1,0.98803884,0
135373,0,0,0.22143486,1
135374,1,1,0.99999833,1
135375,0,1,0.99751294,0
135376,1,1,0.9999993,1
135377,1,1,0.99999976,1
135378,1,1,0.9999858,1
135379,0,0,0.02945148,1
135380,1,1,1.0,1
135381,0,1,0.6184924,0
135382,1,0,0.23118003,0
135383,0,0,0.3054901,1
135384,0,1,0.9918595,0
135385,0,0,0.05970174,1
135386,0,0,0.32284617,1
135387,1,0,0.14854057,0
135388,1,1,0.99999833,1
135389,0,1,0.47645786,0
135390,0,1,0.9999584,0
135391,1,0,0.24211602,0
135392,1,1,0.7537387,1
135393,1,1,0.9998591,1
135394,1,1,1.0,1
135395,0,1,0.6864226,0
135396,1,1,0.9883128,1
135397,0,0,0.06052939,1
135398,1,1,0.9999976,1
135399,0,1,0.9814889,0
135400,1,1,0.97610646,1
135401,0,0,0.0035312066,1
135402,1,0,0.032805953,0
135403,1,1,0.5020752,1
135404,1,1,0.64985645,1
135405,0,0,0.18646513,1
135406,0,0,0.029228985,1
135407,1,1,0.99984765,1
135408,1,1,1.0,1
135409,0,0,0.029760094,1
135410,1,1,0.99956864,1
135411,0,1,0.84208554,0
135412,1,1,0.99999535,1
135413,1,0,0.019719128,0
135414,1,1,0.9999993,1
135415,0,0,0.1468197,1
135416,0,1,0.9991424,0
135417,0,0,0.024869107,1
135418,1,0,0.20032293,0
135419,1,0,0.032805953,0
135420,1,1,0.9276915,1
135421,1,1,0.9546474,1
135422,1,1,0.9999989,1
135423,1,1,0.83999664,1
135424,1,1,0.9966102,1
135425,0,1,0.9931229,0
135426,1,1,0.91693145,1
135427,0,0,0.07843036,1
135428,1,1,0.9999758,1
135429,0,0,0.030014923,1
135430,0,1,0.9999962,0
135431,1,1,0.799129,1
135432,0,0,0.31090358,1
135433,1,1,0.9999788,1
135434,0,1,0.98975134,0
135435,1,1,0.9617499,1
135436,1,1,1.0,1
135437,0,1,0.40927982,0
135438,0,0,0.072177574,1
135439,0,1,0.6637234,0
135440,1,1,0.9999958,1
135441,1,1,0.9735694,1
135442,1,1,0.9999697,1
135443,0,0,0.07864238,1
135444,0,1,0.82893884,0
135445,1,1,0.9998977,1
135446,0,0,0.22592856,1
135447,0,0,0.045479592,1
135448,0,0,0.007190812,1
135449,0,1,0.9972154,0
135450,0,0,0.2796809,1
135451,0,0,0.21967211,1
135452,0,1,0.95409465,0
135453,1,0,0.055566337,0
135454,1,1,0.95226437,1
135455,1,1,0.9998969,1
135456,1,1,1.0,1
135457,0,0,0.035344075,1
135458,1,1,0.9999999,1
135459,1,1,0.9987331,1
135460,1,1,1.0,1
135461,1,1,0.9998385,1
135462,1,1,0.9960238,1
135463,0,0,0.07942426,1
135464,0,1,0.99997175,0
135465,1,1,0.99995995,1
135466,1,1,0.99975175,1
135467,1,1,0.75283116,1
135468,0,0,0.069541745,1
135469,0,0,0.32402146,1
135470,0,0,0.13706978,1
135471,0,0,0.10818896,1
135472,0,1,0.39843568,0
135473,0,0,0.20244318,1
135474,1,1,0.99999714,1
135475,0,1,0.49169996,0
135476,0,1,0.89533985,0
135477,1,1,0.92482364,1
135478,0,1,0.6402986,0
135479,0,1,0.996108,0
135480,1,0,0.06979493,0
135481,1,1,0.7944647,1
135482,0,1,0.9466954,0
135483,1,1,0.5821347,1
135484,1,1,0.99999857,1
135485,0,1,0.8392076,0
135486,1,1,0.99297464,1
135487,0,1,0.9999813,0
135488,0,1,0.87245613,0
135489,1,1,0.7704648,1
135490,0,1,0.8005361,0
135491,1,1,1.0,1
135492,1,1,1.0,1
135493,1,1,1.0,1
135494,1,1,1.0,1
135495,0,0,0.17603327,1
135496,0,1,0.8716935,0
135497,1,1,0.99999917,1
135498,1,0,0.012796518,0
135499,0,0,0.21003625,1
135500,0,0,0.15437602,1
135501,1,1,1.0,1
135502,0,1,0.969814,0
135503,1,0,0.026810195,0
135504,1,1,0.9999893,1
135505,1,0,0.13106197,0
135506,1,1,0.9999083,1
135507,1,1,0.64360934,1
135508,1,1,1.0,1
135509,1,1,0.95150405,1
135510,1,1,0.9902351,1
135511,1,1,0.99140584,1
135512,1,1,1.0,1
135513,1,1,0.47374853,1
135514,1,1,0.9992519,1
135515,0,1,0.76020586,0
135516,0,0,0.2247353,1
135517,1,0,0.15908672,0
135518,0,0,0.032191858,1
135519,1,1,0.99396133,1
135520,0,0,0.28007457,1
135521,0,1,0.9890765,0
135522,0,0,0.053700306,1
135523,0,1,0.972336,0
135524,1,1,0.9741658,1
135525,1,1,0.999995,1
135526,0,0,0.09285216,1
135527,1,1,0.8479678,1
135528,0,0,0.021024454,1
135529,0,1,0.42176017,0
135530,0,1,0.9967397,0
135531,0,1,0.96618783,0
135532,1,0,0.086632065,0
135533,0,0,0.041539967,1
135534,0,0,0.1261379,1
135535,1,0,0.051272422,0
135536,1,1,0.9914391,1
135537,0,1,0.9999999,0
135538,0,1,0.9944666,0
135539,1,1,0.61259943,1
135540,1,1,0.6474082,1
135541,0,1,0.50823903,0
135542,1,1,0.99997413,1
135543,0,0,0.099382766,1
135544,0,0,0.052134257,1
135545,1,1,0.9999999,1
135546,1,1,0.99998045,1
135547,0,0,0.087252244,1
135548,0,0,0.026081098,1
135549,1,1,0.9774139,1
135550,1,1,0.9392481,1
135551,0,1,0.9722835,0
135552,0,1,0.8492224,0
135553,1,1,0.99998057,1
135554,1,0,0.05379964,0
135555,1,1,0.9966365,1
135556,1,0,0.0095224865,0
135557,0,0,0.29920757,1
135558,0,0,0.004223366,1
135559,1,0,0.037256766,0
135560,1,1,0.87578696,1
135561,0,1,0.9342753,0
135562,0,1,0.9998198,0
135563,0,1,0.8818186,0
135564,1,1,0.8943289,1
135565,1,1,1.0,1
135566,1,1,1.0,1
135567,0,1,0.4701892,0
135568,1,1,0.99999976,1
135569,0,1,0.91078377,0
135570,1,0,0.098772585,0
135571,0,1,0.9989857,0
135572,1,1,0.999902,1
135573,0,1,0.99190676,0
135574,1,0,0.03429395,0
135575,1,1,0.9974738,1
135576,0,1,0.91212356,0
135577,0,1,0.59549254,0
135578,1,1,1.0,1
135579,1,1,1.0,1
135580,0,0,0.28957257,1
135581,0,0,0.08284563,1
135582,1,1,1.0,1
135583,0,0,0.21166113,1
135584,0,0,0.27212125,1
135585,0,0,0.06489012,1
135586,1,0,0.17023194,0
135587,1,0,0.033684738,0
135588,1,1,0.99962294,1
135589,1,1,0.9999993,1
135590,1,0,0.087096825,0
135591,1,0,0.15869519,0
135592,0,1,0.6488558,0
135593,1,0,0.33933485,0
135594,1,1,0.9829055,1
135595,1,1,0.9999982,1
135596,0,0,0.042206,1
135597,0,1,0.7717575,0
135598,1,1,1.0,1
135599,1,0,0.20378675,0
135600,1,1,0.98735064,1
135601,0,1,0.99999976,0
135602,1,1,0.9999989,1
135603,1,1,0.9999417,1
135604,1,1,0.80154777,1
135605,0,0,0.038719833,1
135606,1,1,0.6737822,1
135607,0,0,0.23144047,1
135608,0,0,0.11426965,1
135609,1,0,0.10800066,0
135610,1,1,0.87935406,1
135611,1,0,0.011823393,0
135612,0,0,0.22034244,1
135613,1,1,0.53661644,1
135614,1,1,0.43338183,1
135615,1,1,0.9999993,1
135616,1,1,0.99999964,1
135617,0,0,0.08321738,1
135618,0,1,0.9601001,0
135619,1,1,1.0,1
135620,0,1,0.39869907,0
135621,1,1,0.46450683,1
135622,1,0,0.007121429,0
135623,1,1,0.9999999,1
135624,1,0,0.2168396,0
135625,1,0,0.33649457,0
135626,1,1,0.947186,1
135627,1,1,1.0,1
135628,1,1,0.97865146,1
135629,0,1,0.47402242,0
135630,1,1,0.99999964,1
135631,1,0,0.01433703,0
135632,1,1,0.43941656,1
135633,0,1,0.957715,0
135634,1,0,0.0673624,0
135635,0,1,0.99899954,0
135636,0,0,0.025565214,1
135637,1,1,0.99864095,1
135638,1,1,0.9999517,1
135639,1,1,0.9999465,1
135640,0,1,0.62274617,0
135641,1,1,0.9999976,1
135642,0,1,0.7358315,0
135643,1,1,1.0,1
135644,1,1,0.9980122,1
135645,1,0,0.009764972,0
135646,0,0,0.31843218,1
135647,0,1,0.9241418,0
135648,0,0,0.20362833,1
135649,1,1,1.0,1
135650,1,1,1.0,1
135651,1,1,0.9793738,1
135652,0,1,0.66785204,0
135653,1,1,1.0,1
135654,1,1,1.0,1
135655,0,1,0.94122344,0
135656,1,1,0.99999976,1
135657,1,1,0.99996483,1
135658,1,1,0.9982351,1
135659,1,1,0.97794676,1
135660,1,1,0.99983454,1
135661,0,1,0.5652388,0
135662,1,0,0.06278921,0
135663,1,0,0.0038844766,0
135664,0,0,0.06512755,1
135665,1,1,0.98535615,1
135666,1,0,0.050097767,0
135667,1,1,0.9735694,1
135668,0,0,0.04569203,1
135669,1,1,0.5097644,1
135670,0,0,0.17175467,1
135671,1,1,1.0,1
135672,1,0,0.07270252,0
135673,1,1,0.9548583,1
135674,1,1,0.7934263,1
135675,1,1,0.99650973,1
135676,0,1,0.59613925,0
135677,1,0,0.017442483,0
135678,1,1,0.9944126,1
135679,0,0,0.03537739,1
135680,1,1,0.99981695,1
135681,1,1,0.9980083,1
135682,1,1,0.9997316,1
135683,0,0,0.17384852,1
135684,0,1,0.39198768,0
135685,0,1,1.0,0
135686,1,1,0.99419135,1
135687,0,0,0.036769465,1
135688,0,0,0.0051596225,1
135689,1,1,0.99991846,1
135690,0,0,0.18907149,1
135691,1,1,0.9999286,1
135692,0,1,0.43143442,0
135693,0,1,0.99958426,0
135694,0,1,0.8520759,0
135695,0,1,0.9995851,0
135696,0,0,0.005301895,1
135697,0,1,0.99491996,0
135698,0,1,0.61998916,0
135699,1,1,0.8923751,1
135700,0,0,0.046942927,1
135701,0,0,0.1256543,1
135702,0,1,0.9979771,0
135703,0,1,0.76109487,0
135704,1,1,0.59625685,1
135705,0,0,0.124532074,1
135706,1,1,0.9999999,1
135707,1,0,0.0135061005,0
135708,0,1,0.96912026,0
135709,1,1,0.98238933,1
135710,1,1,0.99988544,1
135711,0,0,0.27708158,1
135712,0,1,0.9977525,0
135713,1,1,0.39583457,1
135714,0,0,0.2359876,1
135715,1,0,0.13341522,0
135716,1,1,1.0,1
135717,1,1,0.9333701,1
135718,0,0,0.022414219,1
135719,0,0,0.040049795,1
135720,1,1,0.99967813,1
135721,0,0,0.11767348,1
135722,1,1,0.9999994,1
135723,1,1,0.9973218,1
135724,1,1,1.0,1
135725,1,1,0.9222025,1
135726,0,1,0.9986827,0
135727,0,1,0.9973008,0
135728,1,1,0.99999964,1
135729,0,1,0.36012328,0
135730,0,1,0.9537082,0
135731,0,0,0.00677121,1
135732,1,1,0.9999894,1
135733,0,1,0.9997209,0
135734,1,1,0.9923638,1
135735,1,1,0.35936415,1
135736,1,1,0.97673583,1
135737,0,0,0.25608712,1
135738,0,0,0.06866228,1
135739,1,0,0.22618484,0
135740,0,1,0.9418684,0
135741,1,1,0.9999989,1
135742,1,1,0.8103289,1
135743,1,0,0.24041773,0
135744,0,0,0.14560063,1
135745,0,1,0.8329173,0
135746,0,0,0.06359858,1
135747,1,1,0.95679593,1
135748,0,0,0.23152734,1
135749,1,1,1.0,1
135750,0,0,0.1138749,1
135751,1,1,0.99396133,1
135752,1,1,0.9999999,1
135753,1,1,0.985129,1
135754,0,1,0.9570375,0
135755,1,0,0.113383114,0
135756,1,1,1.0,1
135757,0,0,0.20922722,1
135758,1,1,0.82782817,1
135759,0,1,0.83761996,0
135760,0,0,0.11308892,1
135761,1,0,0.1308397,0
135762,1,1,0.9985134,1
135763,0,0,0.039825134,1
135764,0,0,0.014728614,1
135765,1,1,0.9999988,1
135766,0,0,0.29548398,1
135767,1,0,0.3350788,0
135768,0,1,0.99740905,0
135769,0,1,0.9134452,0
135770,0,1,1.0,0
135771,0,0,0.014036571,1
135772,1,1,0.41688564,1
135773,1,1,1.0,1
135774,0,0,0.2186694,1
135775,1,1,1.0,1
135776,1,1,0.45813656,1
135777,1,0,0.11191885,0
135778,0,0,0.05315703,1
135779,1,0,0.17909941,0
135780,1,1,1.0,1
135781,0,0,0.18572558,1
135782,0,0,0.06064056,1
135783,0,0,0.02798095,1
135784,1,1,0.9989329,1
135785,1,1,0.3970906,1
135786,0,1,0.4216709,0
135787,1,1,0.99983394,1
135788,0,0,0.2382842,1
135789,0,1,0.97550696,0
135790,0,0,0.3217796,1
135791,1,1,0.9940659,1
135792,0,0,0.005458661,1
135793,1,1,1.0,1
135794,0,1,0.9999635,0
135795,1,1,0.9128255,1
135796,0,0,0.10809477,1
135797,0,1,0.9999962,0
135798,1,1,0.9547741,1
135799,0,1,0.9766915,0
135800,1,1,0.98147124,1
135801,0,0,0.03746751,1
135802,0,0,0.09309923,1
135803,1,0,0.10150035,0
135804,1,1,0.500122,1
135805,1,1,0.9999999,1
135806,1,0,0.10475175,0
135807,0,0,0.0065261493,1
135808,0,1,0.8321002,0
135809,0,1,0.7358315,0
135810,0,1,0.89823216,0
135811,0,1,0.8693822,0
135812,1,1,0.99999356,1
135813,1,1,0.9851003,1
135814,0,1,0.8045595,0
135815,0,1,0.9999981,0
135816,1,0,0.0018858587,0
135817,1,1,0.9462003,1
135818,0,1,0.9379537,0
135819,0,0,0.018246775,1
135820,1,1,0.9979493,1
135821,0,0,0.27318642,1
135822,1,1,0.9859364,1
135823,0,1,0.9999039,0
135824,1,0,0.27318642,0
135825,0,1,0.9996087,0
135826,0,0,0.1357468,1
135827,1,1,0.99958676,1
135828,1,1,0.9882902,1
135829,1,0,0.103839464,0
135830,1,1,0.6046324,1
135831,0,1,0.96028674,0
135832,0,1,0.9999622,0
135833,0,1,0.59796005,0
135834,1,1,0.9640178,1
135835,0,0,0.13620575,1
135836,0,1,0.85919183,0
135837,0,0,0.09057448,1
135838,1,1,0.99678373,1
135839,1,1,0.82104415,1
135840,1,0,0.19775413,0
135841,1,1,0.40618464,1
135842,1,1,0.99955755,1
135843,0,0,0.33835036,1
135844,1,1,0.9999987,1
135845,0,0,0.17638768,1
135846,0,1,0.8156734,0
135847,1,1,0.88463855,1
135848,0,0,0.077867545,1
135849,0,1,0.78874594,0
135850,0,0,0.2790911,1
135851,1,1,0.97321534,1
135852,1,1,1.0,1
135853,1,1,0.6683935,1
135854,0,0,0.18982127,1
135855,0,1,1.0,0
135856,1,1,0.9996941,1
135857,0,0,0.020705253,1
135858,1,1,0.998606,1
135859,0,1,0.41964796,0
135860,1,1,0.99999976,1
135861,1,0,0.1647851,0
135862,1,1,0.53704137,1
135863,0,0,0.21925393,1
135864,0,1,0.9961903,0
135865,0,0,0.14258969,1
135866,1,1,0.9999989,1
135867,0,0,0.19102567,1
135868,1,1,1.0,1
135869,1,1,0.9989857,1
135870,1,1,0.9997631,1
135871,1,1,0.924347,1
135872,1,0,0.093595125,0
135873,1,1,0.9999758,1
135874,1,1,0.9988373,1
135875,0,0,0.17610413,1
135876,1,1,0.74945414,1
135877,0,1,0.9996613,0
135878,1,1,0.92359227,1
135879,1,1,0.9978719,1
135880,1,1,1.0,1
135881,0,1,0.47764552,0
135882,1,0,0.2741084,0
135883,1,1,0.9750835,1
135884,0,1,0.9999175,0
135885,1,1,0.9912209,1
135886,1,1,0.971537,1
135887,1,1,0.99986446,1
135888,1,1,0.98815376,1
135889,0,0,0.31557775,1
135890,1,1,0.97527254,1
135891,0,1,0.9167081,0
135892,0,0,0.0003459916,1
135893,1,1,0.6657909,1
135894,1,1,0.9999995,1
135895,1,1,0.61004704,1
135896,1,1,0.77466863,1
135897,1,1,0.9962565,1
135898,1,1,0.999826,1
135899,1,1,0.46083477,1
135900,1,1,0.9999168,1
135901,1,1,0.8372211,1
135902,1,1,1.0,1
135903,0,0,0.052521676,1
135904,1,1,0.9999782,1
135905,0,0,0.05014425,1
135906,1,1,0.91046584,1
135907,1,1,0.3833527,1
135908,0,0,0.10809477,1
135909,0,0,0.22755517,1
135910,0,0,0.06903792,1
135911,0,1,0.99999106,0
135912,1,0,0.3051794,0
135913,0,1,0.6546188,0
135914,1,1,0.9306476,1
135915,0,1,1.0,0
135916,0,1,0.9257686,0
135917,1,0,0.058131598,0
135918,0,0,0.043325305,1
135919,1,1,1.0,1
135920,1,0,0.028140754,0
135921,1,1,0.9994867,1
135922,0,0,0.12781584,1
135923,0,0,0.21477376,1
135924,1,1,0.9997428,1
135925,1,1,0.8178656,1
135926,0,0,0.3465413,1
135927,0,1,0.9999832,0
135928,1,1,0.9999374,1
135929,0,0,0.004256349,1
135930,1,0,0.3463202,0
135931,1,1,1.0,1
135932,1,1,0.4019812,1
135933,0,1,0.99929035,0
135934,1,1,0.98442644,1
135935,0,1,0.99797314,0
135936,0,0,0.052327625,1
135937,1,1,1.0,1
135938,1,1,0.99925774,1
135939,1,1,0.6283504,1
135940,0,0,0.06614567,1
135941,0,0,0.01605998,1
135942,1,1,0.9858004,1
135943,0,0,0.18148069,1
135944,1,1,0.9999999,1
135945,1,1,0.9997273,1
135946,1,1,0.8656789,1
135947,0,1,0.99913067,0
135948,1,1,0.9999031,1
135949,0,0,0.038647197,1
135950,0,0,0.053107906,1
135951,0,0,0.111337796,1
135952,1,1,0.9916358,1
135953,0,1,0.9513234,0
135954,0,1,0.70043397,0
135955,1,1,1.0,1
135956,0,0,0.13805456,1
135957,0,0,0.15784954,1
135958,0,1,1.0,0
135959,0,1,0.85717136,0
135960,1,1,0.9837225,1
135961,0,0,0.100348406,1
135962,0,1,0.97396845,0
135963,1,1,0.9981433,1
135964,0,0,0.06985836,1
135965,1,1,1.0,1
135966,0,0,0.030821325,1
135967,0,0,0.020081012,1
135968,1,1,0.56925416,1
135969,1,1,1.0,1
135970,0,1,0.87147486,0
135971,0,0,0.010529713,1
135972,1,1,0.880797,1
135973,1,0,0.05802475,0
135974,0,1,0.999979,0
135975,1,1,0.99999356,1
135976,1,1,1.0,1
135977,0,1,0.9950563,0
135978,0,0,0.053601146,1
135979,1,1,0.6355052,1
135980,0,0,0.0275591,1
135981,0,0,0.11167642,1
135982,0,1,1.0,0
135983,1,1,0.9999784,1
135984,1,1,0.9998822,1
135985,0,0,0.05505607,1
135986,0,1,0.37096572,0
135987,1,1,0.98442644,1
135988,1,1,0.9999995,1
135989,1,1,0.9411153,1
135990,1,1,1.0,1
135991,0,0,0.15021572,1
135992,0,0,0.32788348,1
135993,1,1,0.9920773,1
135994,0,1,0.9999832,0
135995,1,1,0.99997246,1
135996,0,0,0.07369626,1
135997,1,1,1.0,1
135998,0,1,0.99999547,0
135999,1,1,0.42375603,1
136000,1,1,0.99999857,1
136001,1,1,0.99948776,1
136002,0,0,0.010032952,1
136003,1,0,0.089853115,0
136004,1,1,0.99946946,1
136005,1,0,0.015952315,0
136006,0,1,0.9998097,0
136007,1,1,0.6980722,1
136008,1,0,0.28616926,0
136009,1,0,0.036873367,0
136010,1,1,0.999936,1
136011,1,1,1.0,1
136012,0,1,0.83508044,0
136013,1,1,0.55579686,1
136014,1,0,0.23170112,0
136015,1,1,0.9929472,1
136016,0,0,0.33682168,1
136017,1,1,0.99983716,1
136018,0,0,0.08035747,1
136019,0,1,0.90966654,0
136020,0,0,0.13061775,1
136021,0,1,0.6631784,0
136022,0,0,0.083291925,1
136023,0,1,0.9801483,0
136024,1,1,0.9305214,1
136025,1,1,0.6071392,1
136026,1,1,0.9027811,1
136027,0,1,0.77063745,0
136028,0,0,0.050611433,1
136029,0,0,0.27028757,1
136030,1,1,0.999908,1
136031,1,1,0.9732661,1
136032,0,0,0.21601154,1
136033,1,1,0.87557435,1
136034,0,1,0.8873999,0
136035,1,1,1.0,1
136036,1,1,0.99389064,1
136037,0,1,0.6581429,0
136038,1,1,0.97331697,1
136039,0,0,0.0871745,1
136040,0,1,0.99984455,0
136041,1,1,0.99871063,1
136042,1,1,0.95972437,1
136043,0,0,0.2359876,1
136044,1,1,1.0,1
136045,1,1,0.8267118,1
136046,1,1,0.99999607,1
136047,0,0,0.08064662,1
136048,0,0,0.12956785,1
136049,0,0,0.1754674,1
136050,0,0,0.13341522,1
136051,1,1,0.9999895,1
136052,1,1,0.99922824,1
136053,0,1,0.5680564,0
136054,1,1,0.9997739,1
136055,1,1,0.9962126,1
136056,1,1,0.99196917,1
136057,0,1,0.99999785,0
136058,1,1,1.0,1
136059,0,0,0.13437785,1
136060,1,1,1.0,1
136061,1,1,0.9996437,1
136062,1,1,0.9861113,1
136063,0,1,0.9534921,0
136064,1,1,1.0,1
136065,0,1,0.36653307,0
136066,1,0,0.3506993,0
136067,0,1,0.9999831,0
136068,0,1,0.4559555,0
136069,0,0,0.008898884,1
136070,1,1,0.89533985,1
136071,0,0,0.0028338498,1
136072,0,1,0.97578543,0
136073,1,1,0.9999993,1
136074,1,1,0.99967945,1
136075,0,1,0.9988575,0
136076,1,0,0.30326733,0
136077,0,0,0.09568695,1
136078,0,1,0.8262917,0
136079,1,1,1.0,1
136080,1,1,0.99999285,1
136081,1,1,1.0,1
136082,1,1,0.9759235,1
136083,1,1,0.7589575,1
136084,1,1,0.99997556,1
136085,1,1,0.99999917,1
136086,0,0,0.03073393,1
136087,1,0,0.15234725,0
136088,1,1,0.9069832,1
136089,0,1,0.9011404,0
136090,1,1,0.51110655,1
136091,1,0,0.30642328,0
136092,1,1,1.0,1
136093,1,1,0.9999932,1
136094,0,1,0.9998191,0
136095,1,1,0.9545628,1
136096,0,0,0.16974968,1
136097,1,1,0.95775455,1
136098,1,1,0.9999975,1
136099,0,0,0.12787029,1
136100,1,1,0.9915707,1
136101,1,1,1.0,1
136102,1,0,0.0031175727,0
136103,1,0,0.1185891,0
136104,1,1,0.99997485,1
136105,1,1,0.9999939,1
136106,0,0,0.27231473,1
136107,1,0,0.08555635,0
136108,1,1,0.9687085,1
136109,0,1,0.8849373,0
136110,1,0,0.14294825,0
136111,1,1,1.0,1
136112,0,0,0.02475097,1
136113,0,1,0.89010334,0
136114,1,1,0.95159405,1
136115,0,1,0.99999976,0
136116,1,1,0.99974686,1
136117,0,0,0.13011953,1
136118,1,1,0.41964796,1
136119,0,0,0.04569203,1
136120,0,0,0.14080818,1
136121,1,0,0.013248331,0
136122,1,1,0.9999784,1
136123,0,1,0.6313102,0
136124,1,1,0.98486924,1
136125,1,0,0.049359404,0
136126,0,1,0.99959785,0
136127,1,1,0.999992,1
136128,0,0,0.07626997,1
136129,1,1,0.3943467,1
136130,0,1,0.91030645,0
136131,0,1,0.99997103,0
136132,0,1,0.8047897,0
136133,1,1,0.9973061,1
136134,1,1,0.9999951,1
136135,0,0,0.016753288,1
136136,0,1,0.5619962,0
136137,0,1,0.8393393,0
136138,1,0,0.18286288,0
136139,1,0,0.12989861,0
136140,0,1,0.7711549,0
136141,0,0,0.33209375,1
136142,0,1,0.9983125,0
136143,0,0,0.0041662566,1
136144,0,1,0.9962638,0
136145,0,1,0.9323302,0
136146,0,0,0.009250096,1
136147,1,0,0.024586499,0
136148,0,1,0.99999416,0
136149,1,1,0.89478946,1
136150,0,0,0.114665605,1
136151,0,0,0.22482039,1
136152,0,1,0.9894907,0
136153,1,0,0.2955348,0
136154,0,0,0.2200909,1
136155,1,1,1.0,1
136156,0,1,0.999997,0
136157,1,1,1.0,1
136158,1,1,1.0,1
136159,0,1,0.5497615,0
136160,0,0,0.25423115,1
136161,1,1,0.9999963,1
136162,0,1,0.9000915,0
136163,0,1,0.9999877,0
136164,0,1,0.7795737,0
136165,1,1,0.85536855,1
136166,0,1,0.99999416,0
136167,1,1,0.566738,1
136168,1,1,0.9811126,1
136169,0,1,0.9999502,0
136170,1,1,1.0,1
136171,1,1,0.99999905,1
136172,1,1,0.98466414,1
136173,0,1,0.4956361,0
136174,0,0,0.21354114,1
136175,1,1,0.9995372,1
136176,1,1,0.98007214,1
136177,0,1,0.5304798,0
136178,0,1,0.99988544,0
136179,0,0,0.018194366,1
136180,0,0,0.12168575,1
136181,0,0,0.0269635,1
136182,1,1,0.9999852,1
136183,1,0,0.0729663,0
136184,1,1,0.98481095,1
136185,1,1,0.71844625,1
136186,1,1,0.8865187,1
136187,0,1,0.90934503,0
136188,1,0,0.10167862,0
136189,0,0,0.08889936,1
136190,1,1,0.9999814,1
136191,1,1,0.9617499,1
136192,0,1,0.99261135,0
136193,1,0,0.03468417,0
136194,0,1,0.989791,0
136195,0,0,0.014672034,1
136196,1,0,0.027298586,0
136197,0,0,0.17709816,1
136198,0,1,0.95418006,0
136199,0,1,0.99496907,0
136200,1,1,1.0,1
136201,1,1,0.86511016,1
136202,0,0,0.08291986,1
136203,1,1,0.9999316,1
136204,1,0,0.12549345,0
136205,0,0,0.12326005,1
136206,1,1,0.83548355,1
136207,0,1,0.9982692,0
136208,0,0,0.2578585,1
136209,1,1,0.9761973,1
136210,0,0,0.070751965,1
136211,1,1,0.9988927,1
136212,0,1,0.92043275,0
136213,1,1,0.99998415,1
136214,1,1,0.9999094,1
136215,1,1,0.9994035,1
136216,1,1,0.9798034,1
136217,0,1,0.99227446,0
136218,1,1,0.80294216,1
136219,1,1,0.99999976,1
136220,1,1,0.99999976,1
136221,0,1,0.9933589,0
136222,0,0,0.057652235,1
136223,0,0,0.12137298,1
136224,0,1,0.98720354,0
136225,1,1,0.99999964,1
136226,0,0,0.26199123,1
136227,1,0,0.33971807,0
136228,1,1,0.99999464,1
136229,1,0,0.18810017,0
136230,0,0,0.10856642,1
136231,0,0,0.010150015,1
136232,0,0,0.10951515,1
136233,1,1,0.9999442,1
136234,1,1,0.99992394,1
136235,0,0,0.17335817,1
136236,0,0,0.11377637,1
136237,0,1,0.90540594,0
136238,0,1,0.9893063,0
136239,0,1,0.9151287,0
136240,1,0,0.051462766,0
136241,0,0,0.12458531,1
136242,0,1,0.5112286,0
136243,0,0,0.015906392,1
136244,1,1,0.9914722,1
136245,0,1,0.91359943,0
136246,1,1,1.0,1
136247,1,1,0.9315248,1
136248,1,1,1.0,1
136249,1,1,0.99995756,1
136250,1,0,0.18772759,0
136251,1,1,0.9973374,1
136252,0,0,0.24589899,1
136253,0,1,0.9723885,0
136254,1,1,0.99983394,1
136255,0,0,0.34925526,1
136256,1,1,0.99999976,1
136257,0,1,0.844409,0
136258,1,1,1.0,1
136259,0,1,0.9486801,0
136260,1,1,0.9999778,1
136261,1,1,0.9997981,1
136262,0,0,0.071202725,1
136263,1,1,1.0,1
136264,0,1,0.4804482,0
136265,0,0,0.20521656,1
136266,1,1,0.9988121,1
136267,0,1,0.42062932,0
136268,1,1,0.70349854,1
136269,0,1,0.3678946,0
136270,1,0,0.17168525,0
136271,0,0,0.064594455,1
136272,0,1,0.95699733,0
136273,1,0,0.04668148,0
136274,0,0,0.093512304,1
136275,0,0,0.12341844,1
136276,1,1,1.0,1
136277,0,0,0.059866417,1
136278,1,1,1.0,1
136279,1,1,1.0,1
136280,1,1,0.99997985,1
136281,1,0,0.08419108,0
136282,0,1,0.63414687,0
136283,0,0,0.1742697,1
136284,1,0,0.091382094,0
136285,1,0,0.33660358,0
136286,0,1,0.99998605,0
136287,0,0,0.1435475,1
136288,1,1,0.43461123,1
136289,1,1,0.9999999,1
136290,0,0,0.036562506,1
136291,1,1,0.9995426,1
136292,1,1,1.0,1
136293,1,1,0.92944044,1
136294,0,0,0.04324442,1
136295,1,1,1.0,1
136296,1,1,0.70755625,1
136297,0,1,0.9650533,0
136298,0,0,0.18937114,1
136299,1,0,0.0245397,0
136300,1,1,0.99999785,1
136301,1,1,1.0,1
136302,1,1,0.98331094,1
136303,0,1,0.95540243,0
136304,0,0,0.04977345,1
136305,0,0,0.089057684,1
136306,1,1,0.9012275,1
136307,1,1,0.50601166,1
136308,0,0,0.07517641,1
136309,1,0,0.094176665,0
136310,1,1,0.9956006,1
136311,1,1,0.9999424,1
136312,0,1,0.9078855,0
136313,1,1,0.99960333,1
136314,1,1,0.9967269,1
136315,0,0,0.10061321,1
136316,0,0,0.047030386,1
136317,1,1,0.91022676,1
136318,1,0,0.118334144,0
136319,1,1,0.8932163,1
136320,0,1,0.99999774,0
136321,0,0,0.08299413,1
136322,0,1,0.66164964,0
136323,1,0,0.32252598,0
136324,1,1,1.0,1
136325,1,1,0.9999949,1
136326,0,1,0.7566274,0
136327,0,0,0.34466395,1
136328,1,1,0.7550053,1
136329,0,0,0.14258969,1
136330,1,1,1.0,1
136331,1,0,0.24526574,0
136332,1,1,1.0,1
136333,1,1,0.99977034,1
136334,1,1,0.9997459,1
136335,0,1,0.9999329,0
136336,0,0,0.18698417,1
136337,0,0,0.31737337,1
136338,1,1,0.99586606,1
136339,1,0,0.30203068,0
136340,1,0,0.093016796,0
136341,0,0,0.17766814,1
136342,0,1,0.82949203,0
136343,1,0,0.13324596,0
136344,0,0,0.03283696,1
136345,0,1,0.6757111,0
136346,0,0,0.07517641,1
136347,1,0,0.16132024,0
136348,1,0,0.10026027,0
136349,1,1,0.99971086,1
136350,1,1,1.0,1
136351,1,1,1.0,1
136352,0,1,0.5636182,0
136353,1,1,0.9999995,1
136354,1,1,1.0,1
136355,1,1,0.991891,1
136356,0,1,0.9999999,0
136357,1,1,1.0,1
136358,1,1,0.9999999,1
136359,1,1,1.0,1
136360,0,1,0.74400586,0
136361,0,1,0.9853279,0
136362,0,0,0.114072114,1
136363,0,1,0.5386799,0
136364,1,1,1.0,1
136365,0,0,0.030329255,1
136366,1,1,0.5165954,1
136367,1,1,0.69388795,1
136368,1,0,0.0836655,0
136369,1,1,0.98680264,1
136370,1,0,0.0672398,0
136371,1,1,1.0,1
136372,0,1,0.5361308,0
136373,1,1,0.98866826,1
136374,1,1,0.99999857,1
136375,0,1,0.99998784,0
136376,0,1,0.4088077,0
136377,1,1,1.0,1
136378,1,0,0.19475038,0
136379,1,0,0.12803373,0
136380,0,1,0.9999665,0
136381,1,0,0.25664562,0
136382,1,0,0.2671213,0
136383,1,0,0.1424107,0
136384,1,1,1.0,1
136385,0,0,0.0016743996,1
136386,0,0,0.1352892,1
136387,0,1,0.99987614,0
136388,1,1,0.99984705,1
136389,1,1,0.999987,1
136390,1,1,1.0,1
136391,0,1,0.5408026,0
136392,0,1,0.99999976,0
136393,1,1,0.9999776,1
136394,0,0,0.03875619,1
136395,0,0,0.2931009,1
136396,1,0,0.19597848,0
136397,0,1,0.8370879,0
136398,0,1,0.85195273,0
136399,1,1,1.0,1
136400,1,1,0.9605466,1
136401,1,0,0.011777842,0
136402,0,1,0.98087597,0
136403,0,0,0.17384852,1
136404,1,1,0.9999993,1
136405,0,1,0.6987921,0
136406,0,1,0.8275496,0
136407,0,0,0.15323211,1
136408,0,1,0.91884506,0
136409,1,0,0.037821285,0
136410,1,1,0.9994917,1
136411,1,1,0.99999774,1
136412,1,1,0.99924314,1
136413,1,1,0.90723,1
136414,1,0,0.03038675,0
136415,0,1,0.98067343,0
136416,1,1,0.99986494,1
136417,1,1,0.9944343,1
136418,1,0,0.09518112,0
136419,1,1,0.99999976,1
136420,1,1,0.99999845,1
136421,0,1,0.9999999,0
136422,0,0,0.058614686,1
136423,1,0,0.033875983,0
136424,0,0,0.08240149,1
136425,0,0,0.20299561,1
136426,1,1,0.9975032,1
136427,0,1,0.852199,0
136428,1,1,1.0,1
136429,1,1,0.64640445,1
136430,1,1,0.99999833,1
136431,0,1,0.61952883,0
136432,0,1,0.97828114,0
136433,1,1,0.99085677,1
136434,1,1,0.99958915,1
136435,1,0,0.001239996,0
136436,1,1,1.0,1
136437,0,0,0.26654816,1
136438,1,1,1.0,1
136439,0,0,0.090253234,1
136440,0,0,0.0658447,1
136441,1,1,0.4856607,1
136442,0,0,0.2549725,1
136443,0,0,0.27028757,1
136444,0,1,0.86916035,0
136445,1,1,0.9995584,1
136446,0,1,0.99992156,0
136447,0,1,0.9997603,0
136448,1,1,0.99980813,1
136449,1,1,1.0,1
136450,1,1,0.9486801,1
136451,1,1,0.4923712,1
136452,0,1,0.9649213,0
136453,1,1,1.0,1
136454,0,0,0.06638737,1
136455,0,1,0.6080124,0
136456,0,1,0.94122344,0
136457,0,1,0.96841115,0
136458,1,1,0.99998856,1
136459,1,1,0.99999595,1
136460,1,1,0.76016134,1
136461,1,1,1.0,1
136462,0,1,0.48889345,0
136463,0,0,0.19884089,1
136464,1,0,0.26961398,0
136465,1,1,1.0,1
136466,0,1,0.8315539,0
136467,0,0,0.11676401,1
136468,0,0,0.17518502,1
136469,1,1,1.0,1
136470,1,1,0.9996352,1
136471,0,1,0.8662457,0
136472,1,1,0.99822825,1
136473,1,0,0.22884513,0
136474,1,1,0.9979771,1
136475,1,1,0.8136829,1
136476,0,1,0.9782396,0
136477,0,0,0.28942192,1
136478,0,0,0.20521656,1
136479,0,0,0.34726036,1
136480,0,0,0.010631946,1
136481,0,0,0.14175598,1
136482,0,1,0.6042238,0
136483,1,1,0.39128965,1
136484,1,0,0.16026603,0
136485,1,1,0.99999917,1
136486,1,1,0.5462541,1
136487,0,1,0.8329173,0
136488,1,0,0.27615336,0
136489,0,1,0.79366624,0
136490,0,1,0.7379143,0
136491,1,1,0.49407983,1
136492,1,1,0.99999917,1
136493,1,1,1.0,1
136494,0,0,0.21518578,1
136495,0,0,0.10753115,1
136496,1,1,1.0,1
136497,0,0,0.042206,1
136498,0,0,0.013222823,1
136499,0,1,0.9456007,0
136500,1,1,0.43551135,1
136501,0,1,0.96073127,0
136502,0,0,0.052570295,1
136503,0,0,0.019531239,1
136504,0,0,0.13591877,1
136505,0,1,0.95735765,0
136506,1,1,0.8030194,1
136507,1,1,1.0,1
136508,0,1,0.9999316,0
136509,1,1,0.9718593,1
136510,1,1,0.9269014,1
136511,0,1,0.6929018,0
136512,1,1,1.0,1
136513,0,1,0.45701554,0
136514,0,0,0.1153614,1
136515,0,1,0.74789226,0
136516,0,1,0.70247906,0
136517,1,1,0.9988949,1
136518,0,0,0.0921145,1
136519,0,0,0.11971655,1
136520,0,0,0.02371207,1
136521,1,1,0.97455615,1
136522,0,1,0.9722044,0
136523,0,0,0.14860235,1
136524,1,1,1.0,1
136525,0,0,0.03551094,1
136526,1,1,0.97546023,1
136527,0,0,0.10185715,1
136528,1,1,0.7938261,1
136529,1,1,0.9999778,1
136530,0,0,0.22286923,1
136531,0,0,0.06441766,1
136532,0,1,0.7728737,0
136533,1,0,0.124213,0
136534,1,1,0.99999285,1
136535,1,1,1.0,1
136536,1,1,0.9999957,1
136537,0,1,0.999949,0
136538,0,0,0.22422528,1
136539,1,1,0.8659059,1
136540,0,0,0.111821815,1
136541,0,1,0.99682117,0
136542,0,1,0.8975158,0
136543,0,0,0.26530904,1
136544,1,1,1.0,1
136545,0,1,0.99789655,0
136546,1,1,0.99002504,1
136547,0,1,0.9526182,0
136548,0,1,0.7106785,0
136549,0,0,0.08811155,1
136550,0,0,0.28841874,1
136551,0,0,0.14457104,1
136552,1,1,0.99564314,1
136553,1,1,0.99998534,1
136554,0,0,0.037326884,1
136555,0,0,0.035846926,1
136556,0,0,0.020215968,1
136557,1,1,0.99999964,1
136558,1,1,0.9219921,1
136559,0,1,0.6935249,0
136560,1,1,0.99999654,1
136561,1,1,0.9999871,1
136562,0,1,0.5858122,0
136563,1,0,0.07409726,0
136564,1,0,0.26846167,0
136565,0,0,0.24274376,1
136566,1,1,0.7130821,1
136567,0,0,0.029788304,1
136568,1,1,0.9997757,1
136569,0,1,0.7757747,0
136570,1,1,0.9241418,1
136571,0,0,0.055412795,1
136572,1,1,0.99999654,1
136573,1,1,1.0,1
136574,1,1,0.9627432,1
136575,1,1,0.99998796,1
136576,0,1,0.45404848,0
136577,0,0,0.0027522566,1
136578,0,1,0.929951,0
136579,1,1,1.0,1
136580,1,1,0.93077356,1
136581,1,1,0.9858549,1
136582,0,0,0.21708846,1
136583,0,0,0.03807084,1
136584,1,1,0.99997747,1
136585,0,1,0.99986756,0
136586,1,1,1.0,1
136587,1,1,0.8709269,1
136588,1,1,0.9982522,1
136589,1,1,1.0,1
136590,0,1,0.9994611,0
136591,0,1,0.9996026,0
136592,0,0,0.08670936,1
136593,0,1,0.9683214,0
136594,0,0,0.18550415,1
136595,1,1,1.0,1
136596,0,0,0.0013070536,1
136597,0,0,0.05997644,1
136598,1,1,0.9999999,1
136599,1,0,0.09065494,0
136600,1,1,0.625724,1
136601,0,1,0.89010334,0
136602,1,1,0.9928231,1
136603,1,1,1.0,1
136604,1,1,0.3655133,1
136605,1,1,0.999966,1
136606,1,1,1.0,1
136607,1,1,1.0,1
136608,1,0,0.002238721,0
136609,0,1,0.98375374,0
136610,1,1,0.9987281,1
136611,0,0,0.03132112,1
136612,1,0,0.060086653,0
136613,0,1,0.6562728,0
136614,1,1,0.7205158,1
136615,1,1,0.5189119,1
136616,0,1,0.6339203,0
136617,0,1,0.9416005,0
136618,0,1,0.9006172,0
136619,0,1,0.9630224,0
136620,0,0,0.048767094,1
136621,1,1,0.98860246,1
136622,1,1,1.0,1
136623,1,1,0.7297124,1
136624,1,1,1.0,1
136625,1,1,1.0,1
136626,1,0,0.07531231,0
136627,1,1,0.87310666,1
136628,1,0,0.19329962,0
136629,1,1,0.3996359,1
136630,1,1,0.9991623,1
136631,1,0,0.19954187,0
136632,1,1,0.45314083,1
136633,0,1,0.4228025,0
136634,0,1,0.70750576,0
136635,1,0,0.013480104,0
136636,0,1,0.4285024,0
136637,0,0,0.30730605,1
136638,1,1,0.9973322,1
136639,0,0,0.08042967,1
136640,0,0,0.13240233,1
136641,1,0,0.0139288595,0
136642,1,1,1.0,1
136643,1,1,0.99983394,1
136644,1,1,0.9857729,1
136645,1,1,0.9999989,1
136646,1,1,0.9773924,1
136647,1,1,0.99997854,1
136648,1,0,0.3467072,0
136649,1,1,0.9964619,1
136650,0,0,0.08321738,1
136651,0,1,0.8736466,0
136652,0,1,0.8456877,0
136653,1,1,0.8248855,1
136654,1,1,1.0,1
136655,1,1,0.68156785,1
136656,0,0,0.085632786,1
136657,0,1,0.98292196,0
136658,0,1,0.9505489,0
136659,0,1,0.9720721,0
136660,0,1,0.999757,0
136661,1,1,0.99808455,1
136662,0,0,0.13398075,1
136663,1,1,0.99999774,1
136664,0,0,0.05717659,1
136665,0,1,0.5615154,0
136666,1,1,0.92821383,1
136667,1,1,1.0,1
136668,1,1,0.9302051,1
136669,1,1,0.99999654,1
136670,0,0,0.0015608893,1
136671,1,1,0.99999356,1
136672,0,1,0.9851003,0
136673,0,1,0.66066515,0
136674,1,1,0.9408984,1
136675,1,1,0.77398604,1
136676,1,1,1.0,1
136677,1,1,0.95163894,1
136678,0,0,0.23899394,1
136679,1,1,0.84234506,1
136680,0,1,0.7966091,0
136681,0,0,0.09903369,1
136682,0,1,0.97730595,0
136683,0,0,0.024191484,1
136684,1,0,0.0031912676,0
136685,0,0,0.061480366,1
136686,1,1,0.9978002,1
136687,0,0,0.021574067,1
136688,0,0,0.20244318,1
136689,1,0,0.24310295,0
136690,1,1,0.99939644,1
136691,1,1,0.5274991,1
136692,0,0,0.2358996,1
136693,1,1,0.9857729,1
136694,1,1,0.9999521,1
136695,0,0,0.03767939,1
136696,1,1,0.82290184,1
136697,0,0,0.059319146,1
136698,0,0,0.013902058,1
136699,0,1,0.84645087,0
136700,0,1,0.40712714,0
136701,1,0,0.09790669,0
136702,1,1,0.99999547,1
136703,0,0,0.025957359,1
136704,0,1,0.5071101,0
136705,0,0,0.18757874,1
136706,0,0,0.013402403,1
136707,1,0,0.087252244,0
136708,0,1,0.6256097,0
136709,1,1,0.99835795,1
136710,1,1,0.5897164,1
136711,1,0,0.18498825,0
136712,1,0,0.12973315,0
136713,1,0,0.15437602,0
136714,0,0,0.019087434,1
136715,1,1,0.99999976,1
136716,0,0,0.100348406,1
136717,1,1,1.0,1
136718,0,0,0.111627996,1
136719,0,1,0.8987666,0
136720,0,0,0.16586316,1
136721,0,0,0.025274899,1
136722,0,0,0.08471965,1
136723,1,1,0.97624266,1
136724,0,1,0.7641884,0
136725,1,1,0.5131196,1
136726,0,0,0.16593072,1
136727,0,1,0.9011404,0
136728,1,1,0.99816847,1
136729,1,1,0.46107745,1
136730,0,0,0.025687134,1
136731,1,1,0.99996173,1
136732,1,1,0.99999166,1
136733,1,0,0.057864826,0
136734,0,0,0.06742378,1
136735,0,0,0.29294914,1
136736,1,1,0.74083114,1
136737,1,1,0.8694931,1
136738,0,0,0.1728689,1
136739,1,1,0.99993694,1
136740,0,1,0.99999976,0
136741,1,0,0.14940722,0
136742,1,1,0.99999964,1
136743,1,1,0.9759235,1
136744,1,1,0.6235488,1
136745,0,0,0.061480366,1
136746,1,1,0.9999995,1
136747,0,0,0.33845967,1
136748,0,1,0.99998474,0
136749,1,1,0.7594931,1
136750,1,1,0.9581087,1
136751,1,1,0.9999995,1
136752,1,0,0.13782232,0
136753,1,1,1.0,1
136754,1,1,0.9850429,1
136755,1,1,0.853669,1
136756,1,0,0.079068,0
136757,0,1,1.0,0
136758,0,1,0.37759802,0
136759,1,1,0.9305845,1
136760,1,1,0.92441523,1
136761,0,0,0.052037824,1
136762,0,0,0.1431877,1
136763,0,0,0.16762705,1
136764,1,1,1.0,1
136765,0,0,0.033494536,1
136766,1,1,0.99889046,1
136767,1,1,1.0,1
136768,1,1,0.99966335,1
136769,1,1,0.999992,1
136770,0,1,0.57862675,0
136771,0,1,0.9927532,0
136772,1,1,1.0,1
136773,1,0,0.15520647,0
136774,1,1,0.99958354,1
136775,0,1,0.9101469,0
136776,1,0,0.0061450917,0
136777,1,1,0.9999932,1
136778,1,1,0.9994547,1
136779,0,1,0.98262435,0
136780,1,0,0.17497346,0
136781,0,1,0.71472764,0
136782,1,1,0.8597815,1
136783,1,1,0.9814356,1
136784,0,0,0.26975822,1
136785,1,1,0.9999999,1
136786,0,0,0.19049802,1
136787,1,1,1.0,1
136788,0,1,0.99403125,0
136789,0,0,0.10185715,1
136790,1,0,0.024680348,0
136791,1,0,0.0013939501,0
136792,0,0,0.011375601,1
136793,0,1,0.9713746,0
136794,1,1,0.99995697,1
136795,1,1,1.0,1
136796,0,1,0.56925416,0
136797,1,1,0.99999857,1
136798,1,1,0.9927672,1
136799,1,0,0.01461567,0
136800,0,0,0.021615336,1
136801,1,1,1.0,1
136802,0,0,0.1153614,1
136803,1,1,1.0,1
136804,1,1,0.99999976,1
136805,1,1,0.9993575,1
136806,1,0,0.3054901,0
136807,0,0,0.10212547,1
136808,1,1,0.99999976,1
136809,0,0,0.07899691,1
136810,1,0,0.010755925,0
136811,1,1,0.9803374,1
136812,1,0,0.16919987,0
136813,1,1,0.99999845,1
136814,1,1,1.0,1
136815,1,1,0.7525585,1
136816,1,1,0.9994735,1
136817,0,1,0.9992889,0
136818,1,1,1.0,1
136819,1,1,0.82275945,1
136820,1,1,0.9836285,1
136821,0,1,0.9988883,0
136822,1,1,0.99993575,1
136823,0,1,0.69071555,0
136824,0,0,0.093016796,1
136825,0,1,0.86860406,0
136826,0,0,0.30125925,1
136827,0,1,0.77551985,0
136828,1,1,0.9201462,1
136829,0,1,0.7090191,0
136830,1,1,0.99999774,1
136831,1,1,0.62983155,1
136832,0,1,0.99407744,0
136833,1,1,0.9951041,1
136834,1,1,1.0,1
136835,1,1,0.4251278,1
136836,1,0,0.0012868157,0
136837,1,1,0.9999716,1
136838,1,1,1.0,1
136839,1,1,1.0,1
136840,1,1,0.37937838,1
136841,0,1,0.50872713,0
136842,1,1,0.55543524,1
136843,0,1,0.7841538,0
136844,1,1,0.99881446,1
136845,1,1,1.0,1
136846,0,1,0.93749756,0
136847,0,1,1.0,0
136848,0,0,0.07389652,1
136849,0,1,0.3996945,0
136850,0,0,0.17398883,1
136851,1,0,0.32777587,0
136852,1,0,0.2817513,0
136853,0,0,0.11757212,1
136854,1,0,0.10167862,0
136855,0,0,0.02580962,1
136856,1,1,0.41255975,1
136857,0,1,0.6848439,0
136858,0,0,0.15921742,1
136859,0,0,0.17989045,1
136860,1,1,1.0,1
136861,1,1,1.0,1
136862,0,0,0.007831049,1
136863,1,1,0.99952805,1
136864,1,1,1.0,1
136865,1,1,0.9977743,1
136866,1,1,0.9999491,1
136867,1,1,0.355663,1
136868,0,1,0.99983585,0
136869,1,0,0.07999737,0
136870,1,1,0.7657686,1
136871,0,0,0.19117662,1
136872,0,0,0.18359362,1
136873,1,1,1.0,1
136874,0,1,0.47490516,0
136875,1,0,0.011093566,0
136876,0,0,0.046724956,1
136877,0,1,0.98720354,0
136878,0,1,1.0,0
136879,1,1,0.9999999,1
136880,0,0,0.14235108,1
136881,1,1,1.0,1
136882,0,1,0.6906113,0
136883,0,1,0.97984195,0
136884,0,0,0.1513411,1
136885,0,0,0.035277545,1
136886,0,1,0.5932558,0
136887,0,0,0.22456521,1
136888,1,1,0.99996257,1
136889,0,1,0.9631959,0
136890,1,1,0.52597755,1
136891,1,1,0.46918583,1
136892,0,1,0.99999785,0
136893,0,1,0.5474641,0
136894,0,1,0.68357795,0
136895,0,0,0.17874077,1
136896,1,1,0.9999546,1
136897,1,0,0.026355354,0
136898,0,0,0.18594721,1
136899,1,1,0.99999976,1
136900,1,0,0.08173938,0
136901,0,1,0.69008934,0
136902,0,0,0.050190784,1
136903,0,0,0.099382766,1
136904,1,0,0.24131057,0
136905,0,1,0.9779888,0
136906,0,1,0.9988508,0
136907,1,0,0.20347002,0
136908,0,1,0.8468312,0
136909,1,1,0.6244653,1
136910,1,1,1.0,1
136911,0,0,0.14390808,1
136912,1,0,0.05948283,0
136913,0,1,0.7957375,0
136914,0,1,0.99879575,0
136915,1,1,1.0,1
136916,1,1,0.81286734,1
136917,0,0,0.114665605,1
136918,0,1,0.9980957,0
136919,1,1,0.9807842,1
136920,0,1,0.977132,0
136921,0,0,0.05577169,1
136922,1,1,0.9999999,1
136923,0,1,0.6788062,0
136924,1,1,0.95976204,1
136925,1,1,0.9633686,1
136926,1,0,0.008030813,0
136927,1,0,0.16906263,0
136928,0,1,0.9997187,0
136929,0,0,0.24104248,1
136930,0,0,0.32772207,1
136931,0,0,0.18097351,1
136932,1,1,1.0,1
136933,0,1,1.0,0
136934,1,1,0.9999999,1
136935,0,1,0.74026823,0
136936,1,1,0.95783347,1
136937,0,0,0.03204008,1
136938,1,1,0.9999999,1
136939,0,0,0.28002533,1
136940,0,0,0.07477004,1
136941,0,1,0.99979013,0
136942,1,0,0.13546064,0
136943,0,0,0.34032074,1
136944,1,1,0.9994461,1
136945,1,1,1.0,1
136946,1,1,0.9151287,1
136947,1,1,0.9809125,1
136948,1,1,0.9999168,1
136949,1,1,0.91157407,1
136950,1,1,1.0,1
136951,1,1,1.0,1
136952,0,1,0.99966073,0
136953,0,1,0.9839091,0
136954,1,1,0.99998367,1
136955,0,1,0.38098922,0
136956,1,0,0.044973567,0
136957,1,1,0.57684,1
136958,1,1,0.9999932,1
136959,0,1,0.9999988,0
136960,0,0,0.08079154,1
136961,0,1,0.6203342,0
136962,0,1,0.9948102,0
136963,1,1,0.9987864,1
136964,1,1,0.4399278,1
136965,0,0,0.14990434,1
136966,1,1,0.6869479,1
136967,0,1,0.38670552,0
136968,1,1,0.99999785,1
136969,0,0,0.20173456,1
136970,0,0,0.033844035,1
136971,0,0,0.08616955,1
136972,0,1,0.5091542,0
136973,1,0,0.015799738,0
136974,1,0,0.13128456,0
136975,0,0,0.07477004,1
136976,0,1,0.36590973,0
136977,1,1,0.6171666,1
136978,0,1,0.38653186,0
136979,0,0,0.061311536,1
136980,0,1,0.95511025,0
136981,0,1,0.99987996,0
136982,1,1,0.6164164,1
136983,1,1,0.9999461,1
136984,1,0,0.06394842,0
136985,1,1,0.9990601,1
136986,1,1,0.99999976,1
136987,0,0,0.021822825,1
136988,0,0,0.047205772,1
136989,0,1,0.63844085,0
136990,1,1,0.9999887,1
136991,1,1,0.999941,1
136992,1,0,0.16940589,0
136993,1,0,0.2165081,0
136994,0,1,0.9902727,0
136995,0,0,0.08079154,1
136996,1,0,0.10167862,0
136997,0,1,0.941493,0
136998,1,1,0.99999666,1
136999,0,0,0.039527465,1
137000,1,1,0.99818975,1
137001,0,0,0.005395409,1
137002,1,1,0.9999974,1
137003,1,1,1.0,1
137004,0,0,0.0015578482,1
137005,0,0,0.0127472645,1
137006,1,1,0.99664307,1
137007,1,1,0.9999634,1
137008,0,0,0.052960765,1
137009,1,1,0.99998343,1
137010,0,1,0.9996724,0
137011,1,1,0.6157235,1
137012,1,1,0.9997527,1
137013,1,1,0.9996352,1
137014,0,0,0.04001227,1
137015,1,1,0.6073721,1
137016,1,0,0.009840806,0
137017,1,1,0.99999607,1
137018,1,1,0.99993694,1
137019,1,0,0.18750432,0
137020,1,1,0.7806625,1
137021,1,0,0.04455598,0
137022,0,1,0.56787676,0
137023,1,0,0.031768616,0
137024,1,1,0.99846625,1
137025,1,1,0.9942139,1
137026,0,0,0.07243961,1
137027,0,0,0.10970577,1
137028,0,0,0.05051767,1
137029,1,1,1.0,1
137030,0,1,0.70298904,0
137031,0,0,0.019014433,1
137032,0,0,0.08381536,1
137033,0,0,0.047205772,1
137034,1,0,0.045141645,0
137035,1,0,0.039937317,0
137036,1,1,0.99989843,1
137037,0,1,0.7973991,0
137038,0,0,0.0028393744,1
137039,1,1,0.9114165,1
137040,1,0,0.04954302,0
137041,1,1,0.96458924,1
137042,1,1,0.9763331,1
137043,1,1,0.99999285,1
137044,0,1,0.692174,0
137045,1,0,0.17272931,0
137046,1,1,0.99999976,1
137047,0,1,0.98122096,0
137048,1,0,0.117774926,0
137049,1,1,1.0,1
137050,1,1,0.9332485,1
137051,1,1,0.9470882,1
137052,1,1,0.99966,1
137053,0,0,0.040275678,1
137054,1,1,0.99999213,1
137055,0,1,0.9484895,0
137056,0,1,0.8329173,0
137057,1,1,0.9999999,1
137058,0,1,0.86545163,0
137059,1,1,0.99898773,1
137060,0,0,0.13268304,1
137061,0,0,0.22034244,1
137062,0,0,0.035111748,1
137063,0,0,0.03879259,1
137064,1,1,0.95695716,1
137065,1,1,0.9998511,1
137066,1,1,0.9999471,1
137067,1,1,0.9999931,1
137068,0,1,0.99998796,0
137069,0,0,0.3202364,1
137070,1,1,1.0,1
137071,0,0,0.0793529,1
137072,0,0,0.0094125895,1
137073,1,1,0.9999981,1
137074,0,0,0.020964239,1
137075,1,1,0.93263763,1
137076,0,1,0.91352236,0
137077,0,1,0.9871788,0
137078,0,1,0.3973829,0
137079,0,1,0.999539,0
137080,0,0,0.044973567,1
137081,0,1,0.9999999,0
137082,1,1,0.9999769,1
137083,0,0,0.24725968,1
137084,0,1,0.5380731,0
137085,1,1,0.99999976,1
137086,1,1,0.9922144,1
137087,0,0,0.21354114,1
137088,1,1,0.9870297,1
137089,1,1,0.9999995,1
137090,1,0,0.18286288,0
137091,1,1,0.5788648,1
137092,0,1,0.45426032,0
137093,0,0,0.29946357,1
137094,0,1,0.71562284,0
137095,0,0,0.11787642,1
137096,0,1,0.67238545,0
137097,1,1,0.9999931,1
137098,0,0,0.1619157,1
137099,1,1,1.0,1
137100,0,1,0.9088609,0
137101,1,1,1.0,1
137102,1,0,0.30388674,0
137103,1,1,0.99986017,1
137104,1,0,0.0029349516,0
137105,1,1,0.7221843,1
137106,1,1,0.9862046,1
137107,1,1,1.0,1
137108,1,1,0.986904,1
137109,1,1,0.9746528,1
137110,0,1,1.0,0
137111,0,1,0.9998809,0
137112,0,0,0.062904246,1
137113,1,1,0.9999125,1
137114,1,1,0.7079603,1
137115,0,0,0.014957087,1
137116,0,1,0.69342107,0
137117,1,1,0.99974877,1
137118,1,1,0.9999888,1
137119,1,1,1.0,1
137120,1,1,0.9999995,1
137121,1,1,0.9455505,1
137122,0,1,0.9702116,0
137123,1,1,0.63844085,1
137124,0,1,0.5978427,0
137125,1,1,1.0,1
137126,1,1,0.99605453,1
137127,0,1,0.9999491,0
137128,0,0,0.0024438866,1
137129,1,1,0.9999999,1
137130,1,1,0.9856076,1
137131,1,1,0.5730215,1
137132,0,1,0.5872924,0
137133,1,1,0.9997974,1
137134,1,1,1.0,1
137135,1,0,0.082549304,0
137136,0,0,0.035880692,1
137137,0,0,0.16899405,1
137138,0,1,0.48447156,0
137139,1,1,0.9999999,1
137140,1,1,0.99739385,1
137141,1,1,1.0,1
137142,0,0,0.17859745,1
137143,1,1,1.0,1
137144,1,1,0.76162714,1
137145,1,1,0.39248234,1
137146,1,1,0.99997735,1
137147,0,0,0.33247292,1
137148,1,1,1.0,1
137149,1,1,1.0,1
137150,0,1,0.9987331,0
137151,1,1,1.0,1
137152,0,1,0.99384296,0
137153,0,1,0.63686144,0
137154,1,1,0.9994116,1
137155,1,1,0.86545163,1
137156,1,1,0.9999994,1
137157,0,0,0.05165378,1
137158,1,0,0.15687834,0
137159,1,1,0.9999982,1
137160,1,1,0.999764,1
137161,1,0,0.13240233,0
137162,0,1,0.9713746,0
137163,0,0,0.12080135,1
137164,1,1,0.64450485,1
137165,0,1,0.9596866,0
137166,0,1,0.9997017,0
137167,1,1,1.0,1
137168,1,1,0.9999702,1
137169,0,1,0.9999654,0
137170,1,1,0.99998856,1
137171,0,0,0.085632786,1
137172,0,0,0.22210902,1
137173,1,1,0.9997713,1
137174,0,0,0.22755517,1
137175,0,1,0.99996305,0
137176,1,1,1.0,1
137177,0,1,0.90853673,0
137178,1,1,0.3786888,1
137179,1,1,0.9111007,1
137180,1,1,0.9748452,1
137181,1,1,0.99976856,1
137182,1,1,0.9995054,1
137183,1,1,0.9999988,1
137184,1,1,0.99993265,1
137185,1,1,0.9129808,1
137186,1,1,0.99999714,1
137187,1,1,0.9999994,1
137188,0,1,0.99293363,0
137189,1,1,0.99987566,1
137190,1,1,0.9743129,1
137191,1,1,0.999979,1
137192,1,1,0.99993527,1
137193,1,0,0.30652702,0
137194,0,0,0.34692842,1
137195,0,1,0.4321233,0
137196,0,0,0.21403356,1
137197,0,1,0.36099574,0
137198,0,0,0.009485712,1
137199,1,1,0.71725947,1
137200,0,1,0.61895317,0
137201,0,1,0.9879462,0
137202,1,1,0.96182173,1
137203,0,1,0.6187228,0
137204,0,1,0.94024336,0
137205,1,1,0.96309197,1
137206,1,1,0.39099893,1
137207,1,1,0.99998796,1
137208,0,0,0.24549176,1
137209,1,0,0.036254164,0
137210,0,0,0.17504396,1
137211,1,1,0.99999976,1
137212,1,1,0.9876639,1
137213,1,1,0.9998313,1
137214,1,1,0.97610646,1
137215,1,1,0.3760501,1
137216,1,1,0.9998845,1
137217,1,1,0.6323325,1
137218,1,1,1.0,1
137219,0,1,0.9907141,0
137220,1,1,0.86223567,1
137221,0,0,0.0135061005,1
137222,1,1,1.0,1
137223,0,0,0.02774289,1
137224,1,1,1.0,1
137225,1,1,0.99984705,1
137226,1,1,1.0,1
137227,1,1,0.99970573,1
137228,0,0,0.023043232,1
137229,0,1,0.36361864,0
137230,0,1,0.9835022,0
137231,1,1,0.99993396,1
137232,0,0,0.09816574,1
137233,1,0,0.16803622,0
137234,1,1,0.9999999,1
137235,1,0,0.28696787,0
137236,0,0,0.20354918,1
137237,1,1,1.0,1
137238,0,1,0.9991672,0
137239,1,1,0.9363432,1
137240,0,1,0.8978745,0
137241,0,0,0.033621218,1
137242,0,0,0.070816204,1
137243,1,1,0.5268297,1
137244,1,1,0.5136685,1
137245,0,1,0.9241418,0
137246,0,0,0.14977995,1
137247,0,1,0.6282364,0
137248,1,1,0.99999726,1
137249,0,1,0.9982993,0
137250,0,0,0.1649868,1
137251,0,1,0.47791964,0
137252,1,1,0.7265227,1
137253,0,0,0.020725062,1
137254,1,1,0.50775087,1
137255,1,1,0.9971607,1
137256,1,0,0.024030639,0
137257,0,1,0.5989575,0
137258,0,0,0.11920292,1
137259,1,1,0.9999988,1
137260,1,0,0.029090757,0
137261,1,1,0.99843305,1
137262,1,0,0.019606182,0
137263,1,1,0.9885361,1
137264,1,1,0.9999999,1
137265,0,1,0.99999,0
137266,1,1,1.0,1
137267,1,1,0.99999964,1
137268,0,1,0.48907644,0
137269,0,1,0.85195273,0
137270,1,0,0.00044421834,0
137271,1,1,0.99858415,1
137272,0,1,0.9994611,0
137273,1,1,0.63096917,1
137274,0,0,0.16613355,1
137275,0,1,0.43113506,0
137276,1,1,0.99887747,1
137277,0,0,0.10539455,1
137278,0,1,0.9761519,0
137279,0,0,0.027454607,1
137280,1,0,0.21485612,0
137281,1,1,0.99998796,1
137282,1,1,1.0,1
137283,0,0,0.29568732,1
137284,1,0,0.03971326,0
137285,1,1,0.99996614,1
137286,1,1,0.9999999,1
137287,1,1,0.99920064,1
137288,0,1,0.98651993,0
137289,1,1,1.0,1
137290,1,1,0.99994934,1
137291,1,1,0.99955136,1
137292,0,1,0.99805814,0
137293,1,0,0.0610871,0
137294,1,1,0.999995,1
137295,0,0,0.16085833,1
137296,1,1,0.9932025,1
137297,0,1,0.9474783,0
137298,1,1,1.0,1
137299,0,0,0.079853736,1
137300,1,1,0.9953544,1
137301,0,0,0.011463797,1
137302,0,1,0.43665206,0
137303,1,0,0.32076812,0
137304,1,0,0.05839952,0
137305,1,1,0.99999845,1
137306,1,1,0.9999094,1
137307,1,1,0.998487,1
137308,0,0,0.115910664,1
137309,0,0,0.1240007,1
137310,1,1,0.99971205,1
137311,1,1,0.99999976,1
137312,1,1,0.9994035,1
137313,0,1,0.9892855,0
137314,1,1,0.9998859,1
137315,0,0,0.051941562,1
137316,1,0,0.06847518,0
137317,1,1,1.0,1
137318,1,1,0.99394965,1
137319,0,1,0.9049869,0
137320,0,0,0.033148516,1
137321,1,1,0.72831374,1
137322,0,0,0.098512106,1
137323,1,0,0.012053779,0
137324,0,1,0.36738378,0
137325,1,0,0.23784137,0
137326,1,1,0.99959475,1
137327,0,0,0.05970174,1
137328,1,1,0.9999999,1
137329,0,0,0.31679186,1
137330,0,0,0.062046263,1
137331,1,0,0.045310315,0
137332,1,1,0.9999999,1
137333,1,0,0.021822825,0
137334,0,0,0.069921836,1
137335,1,1,0.99886864,1
137336,0,1,0.4480942,0
137337,1,1,0.9881765,1
137338,0,0,0.00014653131,1
137339,0,1,0.72066325,0
137340,1,1,0.9865458,1
137341,0,1,0.9869292,0
137342,1,1,0.99227446,1
137343,0,1,0.6196439,0
137344,0,1,0.9899476,0
137345,0,0,0.16762705,1
137346,1,1,0.9986878,1
137347,1,1,0.99998367,1
137348,0,0,0.08232769,1
137349,1,0,0.016513688,0
137350,1,1,0.94544977,1
137351,0,1,0.40280315,0
137352,1,1,0.67848676,1
137353,0,1,0.98866826,0
137354,1,1,0.9999974,1
137355,0,1,0.99991286,0
137356,1,0,0.15443976,0
137357,1,1,0.8720208,1
137358,1,1,0.8244619,1
137359,1,1,1.0,1
137360,1,1,0.76646847,1
137361,0,1,0.9695268,0
137362,0,1,0.93403506,0
137363,0,1,0.9999995,0
137364,1,1,1.0,1
137365,0,1,0.7644523,0
137366,1,1,0.99997187,1
137367,0,1,0.6999214,0
137368,1,1,0.99179614,1
137369,0,1,0.9999982,0
137370,0,1,0.93171144,0
137371,1,1,0.80685264,1
137372,1,1,1.0,1
137373,1,1,1.0,1
137374,0,1,0.50311273,0
137375,1,1,0.45947024,1
137376,0,1,0.95626813,0
137377,1,1,0.99862766,1
137378,1,1,0.5705108,1
137379,1,1,0.83467656,1
137380,1,1,0.66099346,1
137381,1,1,0.60830325,1
137382,0,1,0.9819447,0
137383,1,1,0.86826926,1
137384,0,1,0.9254324,0
137385,1,1,0.9999999,1
137386,1,0,0.019032659,0
137387,0,0,0.24698713,1
137388,0,1,0.9999994,0
137389,1,1,0.9257686,1
137390,0,1,1.0,0
137391,0,1,0.6347132,0
137392,1,1,0.9217811,1
137393,0,0,0.29128316,1
137394,0,0,0.15584776,1
137395,1,1,0.88602656,1
137396,1,0,0.030473188,0
137397,1,0,0.06941548,0
137398,1,1,1.0,1
137399,1,1,0.9999825,1
137400,1,1,0.98888505,1
137401,0,0,0.13415082,1
137402,0,1,0.77509457,0
137403,1,1,0.99899167,1
137404,1,0,0.035846926,0
137405,1,1,0.99790895,1
137406,0,0,0.0010944522,1
137407,0,1,0.99997807,0
137408,1,0,0.07899691,0
137409,0,1,0.93409514,0
137410,0,0,0.31737337,1
137411,0,0,0.22076216,1
137412,0,0,0.01335085,1
137413,1,1,0.9999901,1
137414,1,1,0.4523545,1
137415,1,1,0.99999964,1
137416,0,1,0.5706305,0
137417,0,0,0.005554925,1
137418,1,1,0.4609561,1
137419,0,0,0.019927852,1
137420,1,1,1.0,1
137421,1,1,0.94224155,1
137422,1,1,0.9999919,1
137423,1,1,0.9999678,1
137424,0,1,0.99998593,0
137425,1,1,0.99242276,1
137426,1,1,1.0,1
137427,1,1,1.0,1
137428,1,1,0.9839091,1
137429,1,1,0.99999774,1
137430,1,1,0.968111,1
137431,0,0,0.06365676,1
137432,0,0,0.2916361,1
137433,0,0,0.1193568,1
137434,1,1,0.9997187,1
137435,1,0,0.18639106,0
137436,1,0,0.11250255,0
137437,1,0,0.26635727,0
137438,0,1,1.0,0
137439,0,0,0.15443976,1
137440,1,1,1.0,1
137441,1,1,0.45883363,1
137442,1,1,0.9902351,1
137443,1,1,1.0,1
137444,0,0,0.011984204,1
137445,0,1,0.88171685,0
137446,1,1,0.9995372,1
137447,0,0,0.053009767,1
137448,0,1,0.64573455,0
137449,1,1,0.9959299,1
137450,1,1,0.99317604,1
137451,0,0,0.18061194,1
137452,1,1,0.99863833,1
137453,1,1,1.0,1
137454,0,0,0.282493,1
137455,1,1,1.0,1
137456,0,0,0.025662709,1
137457,0,1,0.95561,0
137458,0,0,0.10141131,1
137459,0,1,0.77923787,0
137460,0,0,0.0705596,1
137461,1,1,0.98840266,1
137462,0,0,0.10456872,1
137463,1,1,0.9999962,1
137464,1,1,0.9999994,1
137465,0,1,0.8680457,0
137466,0,1,0.99997866,0
137467,0,1,0.97819793,0
137468,1,1,0.99992573,1
137469,0,0,0.0551069,1
137470,0,1,0.99999666,0
137471,1,1,0.99999833,1
137472,1,1,0.9811849,1
137473,1,1,0.85919183,1
137474,1,0,0.12554705,0
137475,1,1,0.9766915,1
137476,1,1,0.8878869,1
137477,0,0,0.03521114,1
137478,0,0,0.09990845,1
137479,1,1,0.99978596,1
137480,1,1,0.77636874,1
137481,0,1,0.5033569,0
137482,1,1,0.98947024,1
137483,1,1,1.0,1
137484,0,0,0.09244169,1
137485,0,0,0.078078166,1
137486,1,1,0.9712657,1
137487,0,1,0.9432954,0
137488,0,1,0.42868176,0
137489,1,1,0.99776566,1
137490,1,1,0.99724233,1
137491,1,1,0.9999994,1
137492,0,0,0.11279541,1
137493,0,1,0.9998247,0
137494,1,1,0.98975134,1
137495,1,1,0.999998,1
137496,1,1,0.9707155,1
137497,1,0,0.23126681,0
137498,0,1,0.9907499,0
137499,1,1,0.99990606,1
137500,1,1,0.5378911,1
137501,1,1,0.9999521,1
137502,0,0,0.086323485,1
137503,1,1,1.0,1
137504,1,0,0.03875619,0
137505,1,1,0.9996737,1
137506,1,1,0.99887747,1
137507,1,1,1.0,1
137508,1,1,0.8893368,1
137509,1,1,0.70349854,1
137510,1,1,0.9741658,1
137511,1,1,0.9983223,1
137512,1,0,0.009878943,0
137513,0,0,0.27284724,1
137514,1,1,0.99999785,1
137515,0,1,0.4182513,0
137516,0,1,0.9589625,0
137517,0,1,0.9999372,0
137518,0,0,0.0015639359,1
137519,0,0,0.04577727,1
137520,0,0,0.035144847,1
137521,1,1,0.8369547,1
137522,1,1,0.93312675,1
137523,1,1,0.99997056,1
137524,1,1,0.9760608,1
137525,1,0,0.13223416,0
137526,0,1,0.87705624,0
137527,1,1,0.9448422,1
137528,0,0,0.035611417,1
137529,0,0,0.10866097,1
137530,1,1,0.8708172,1
137531,1,1,0.99999833,1
137532,0,1,0.874292,0
137533,0,1,0.9328826,0
137534,0,1,0.82741016,0
137535,0,0,0.103295475,1
137536,0,1,1.0,0
137537,0,0,0.03390796,1
137538,0,1,0.62509483,0
137539,1,1,0.9999497,1
137540,0,1,0.56457865,0
137541,0,1,0.99852496,0
137542,0,0,0.056966383,1
137543,1,1,0.89218736,1
137544,1,1,0.96765566,1
137545,0,1,0.5538673,0
137546,1,1,1.0,1
137547,1,0,0.22918998,0
137548,1,1,1.0,1
137549,1,1,0.99997747,1
137550,1,1,0.94417685,1
137551,1,1,0.99994755,1
137552,1,1,0.9999689,1
137553,1,1,0.99998987,1
137554,1,1,0.9901782,1
137555,0,1,0.99998283,0
137556,0,1,0.997459,0
137557,0,1,0.9217107,0
137558,0,0,0.0921145,1
137559,0,1,0.39843568,0
137560,0,1,0.9996207,0
137561,0,0,0.008235631,1
137562,1,0,0.24256429,0
137563,1,0,0.16667542,0
137564,1,1,0.99999917,1
137565,1,1,1.0,1
137566,0,1,0.86601925,0
137567,0,1,0.3957762,0
137568,1,1,0.9999939,1
137569,0,0,0.07356305,1
137570,1,1,0.99776125,1
137571,1,0,0.027220903,0
137572,0,0,0.17064616,1
137573,1,1,0.99999976,1
137574,0,0,0.09113915,1
137575,1,1,0.86130506,1
137576,1,0,0.24812405,0
137577,1,1,0.99999976,1
137578,0,1,0.9999764,0
137579,1,0,0.030559864,0
137580,0,1,0.55796576,0
137581,1,0,0.054349106,0
137582,1,1,0.9999944,1
137583,0,0,0.12347128,1
137584,0,0,0.03138043,1
137585,0,0,0.1419343,1
137586,1,1,0.99983,1
137587,0,0,0.059866417,1
137588,0,0,0.032620545,1
137589,0,0,0.0019608354,1
137590,0,0,0.238107,1
137591,1,1,0.93349147,1
137592,1,1,0.99999964,1
137593,1,1,0.99990726,1
137594,0,0,0.21543325,1
137595,0,0,0.23083305,1
137596,1,0,0.09747628,0
137597,0,0,0.07270252,1
137598,0,0,0.003765414,1
137599,1,0,0.16198196,0
137600,0,1,0.98947024,0
137601,1,1,1.0,1
137602,0,0,0.006731917,1
137603,1,1,0.99999464,1
137604,0,0,0.029929746,1
137605,0,1,0.9846347,0
137606,1,1,0.5774358,1
137607,0,1,0.5324251,0
137608,1,1,0.99996734,1
137609,1,0,0.026355354,0
137610,1,1,0.99956006,1
137611,1,1,0.9957021,1
137612,1,0,0.09476145,0
137613,1,1,0.9999993,1
137614,1,1,0.99482024,1
137615,1,1,1.0,1
137616,1,1,0.99945253,1
137617,1,1,1.0,1
137618,1,1,1.0,1
137619,0,0,0.04569203,1
137620,1,1,0.9999864,1
137621,1,1,0.9999924,1
137622,1,1,0.99966204,1
137623,0,1,0.6953898,0
137624,0,1,0.964822,0
137625,1,1,0.9986594,1
137626,1,0,0.24771436,0
137627,0,1,1.0,0
137628,0,1,0.8951567,0
137629,1,1,0.9999999,1
137630,1,1,0.9997851,1
137631,0,1,0.75680715,0
137632,1,1,0.6558322,1
137633,0,0,0.02970375,1
137634,0,1,0.8843393,0
137635,1,1,1.0,1
137636,1,0,0.23005375,0
137637,1,0,0.25441635,0
137638,1,1,0.9850429,1
137639,1,1,0.99999607,1
137640,1,1,0.5089712,1
137641,1,1,0.9539232,1
137642,0,1,0.96102494,0
137643,0,1,0.9999912,0
137644,0,0,0.07779745,1
137645,1,1,0.99992275,1
137646,1,0,0.18169841,0
137647,0,0,0.23988315,1
137648,1,1,0.99999964,1
137649,0,0,0.056913942,1
137650,1,1,0.98087597,1
137651,1,1,1.0,1
137652,1,1,0.3635904,1
137653,0,1,0.63810265,0
137654,0,1,0.9999999,0
137655,1,1,0.9999999,1
137656,1,0,0.3284756,0
137657,0,0,0.14270914,1
137658,1,1,0.9999974,1
137659,0,0,0.114963345,1
137660,1,1,0.99999154,1
137661,1,0,0.045862667,0
137662,1,1,0.9769568,1
137663,1,1,0.99948573,1
137664,0,1,0.9983125,0
137665,1,1,0.94266534,1
137666,0,1,0.99985516,0
137667,1,1,1.0,1
137668,0,0,0.10212547,1
137669,0,0,0.23890513,1
137670,0,1,0.6399048,0
137671,1,1,0.7256972,1
137672,0,0,0.18374003,1
137673,0,0,0.12179017,1
137674,1,1,0.9456007,1
137675,0,1,0.99997437,0
137676,1,0,0.1407491,0
137677,1,1,0.49865723,1
137678,1,1,1.0,1
137679,1,1,0.9732661,1
137680,1,1,1.0,1
137681,1,1,0.35114416,1
137682,1,1,0.9911698,1
137683,0,0,0.05602938,1
137684,1,0,0.33366603,0
137685,1,1,0.6781671,1
137686,0,1,0.99989724,0
137687,0,1,0.9071478,0
137688,0,1,0.99812514,0
137689,0,0,0.0610871,1
137690,1,0,0.0672398,0
137691,0,1,0.83467656,0
137692,1,1,0.9986436,1
137693,1,1,0.8159668,1
137694,0,1,0.6459579,0
137695,1,1,0.9999316,1
137696,1,1,0.9626381,1
137697,1,1,1.0,1
137698,0,0,0.08203305,1
137699,1,1,0.92956835,1
137700,0,0,0.105948284,1
137701,1,0,0.23283304,0
137702,1,1,0.9400786,1
137703,0,1,0.4893815,0
137704,1,1,0.8586,1
137705,1,1,0.9999546,1
137706,1,1,0.99992037,1
137707,1,1,0.7577944,1
137708,1,0,0.07204689,0
137709,0,0,0.078148484,1
137710,0,0,0.15316877,1
137711,0,0,0.05802475,1
137712,1,1,0.9999976,1
137713,1,1,1.0,1
137714,1,1,0.39688602,1
137715,1,1,0.7302899,1
137716,1,1,1.0,1
137717,1,1,0.75680715,1
137718,1,1,1.0,1
137719,0,1,0.41739017,0
137720,1,1,0.99952435,1
137721,0,1,0.974018,0
137722,1,0,0.042324588,0
137723,0,0,0.10167862,1
137724,1,1,0.38418987,1
137725,0,1,0.69755745,0
137726,0,0,0.011093566,1
137727,1,1,1.0,1
137728,1,1,0.97517824,1
137729,1,1,1.0,1
137730,1,1,0.9999763,1
137731,1,0,0.22798456,0
137732,1,0,0.23414387,0
137733,0,0,0.071396716,1
137734,1,1,0.99999297,1
137735,1,1,0.99894124,1
137736,0,0,0.15578353,1
137737,0,1,0.9962565,0
137738,0,1,0.69050694,0
137739,1,1,0.9999999,1
137740,1,0,0.024376595,0
137741,1,1,1.0,1
137742,1,1,0.9997851,1
137743,1,0,0.23537192,0
137744,0,0,0.005609132,1
137745,1,0,0.13951358,0
137746,1,1,0.9954704,1
137747,1,1,1.0,1
137748,0,0,0.06255973,1
137749,1,1,0.9994715,1
137750,1,0,0.17161581,0
137751,0,1,0.9967269,0
137752,1,1,0.9999999,1
137753,0,0,0.049958523,1
137754,1,1,1.0,1
137755,1,1,1.0,1
137756,1,0,0.03452106,0
137757,1,1,0.99999857,1
137758,0,0,0.28477484,1
137759,0,1,0.9999995,0
137760,1,1,0.6063819,1
137761,1,0,0.25590113,0
137762,1,1,0.92956835,1
137763,0,1,0.9207897,0
137764,0,1,0.45174974,0
137765,1,1,1.0,1
137766,1,1,1.0,1
137767,1,1,0.55531466,1
137768,0,1,0.42232594,0
137769,0,0,0.13603349,1
137770,1,1,0.50268555,1
137771,1,1,0.9765577,1
137772,1,1,0.99998593,1
137773,0,0,0.33873308,1
137774,1,1,1.0,1
137775,0,1,0.9981433,0
137776,1,1,0.9999989,1
137777,0,0,0.17189364,1
137778,1,1,0.8008478,1
137779,0,1,0.99965537,0
137780,0,0,0.19178137,1
137781,1,1,0.36460784,1
137782,1,0,0.09081609,0
137783,1,0,0.05184547,0
137784,0,1,0.9184071,0
137785,1,1,0.9999355,1
137786,0,0,0.010673115,1
137787,1,0,0.33453506,0
137788,1,1,0.9999094,1
137789,1,1,1.0,1
137790,1,1,0.99999213,1
137791,1,1,0.99085677,1
137792,1,1,0.99158704,1
137793,1,1,1.0,1
137794,0,0,0.16384642,1
137795,0,0,0.0527164,1
137796,1,0,0.06985836,0
137797,0,0,0.10941996,1
137798,0,1,0.9999945,0
137799,1,1,0.9683214,1
137800,1,1,1.0,1
137801,0,1,0.9995753,0
137802,0,1,0.9989371,0
137803,0,1,0.9946672,0
137804,1,1,0.99896777,1
137805,1,1,0.97782,1
137806,1,1,0.8344069,1
137807,0,1,0.92296976,0
137808,1,1,0.9896318,1
137809,1,0,0.10961043,0
137810,0,1,0.5744545,0
137811,1,1,0.99948776,1
137812,1,1,0.999998,1
137813,1,1,1.0,1
137814,0,0,0.18624303,1
137815,0,0,0.124532074,1
137816,1,0,0.16796798,0
137817,1,1,0.9999485,1
137818,1,1,0.999015,1
137819,0,1,0.7255028,0
137820,0,0,0.10302444,1
137821,1,1,0.8103289,1
137822,1,1,0.99999905,1
137823,0,1,0.5786863,0
137824,1,1,0.9999893,1
137825,1,1,0.99106663,1
137826,1,1,1.0,1
137827,1,1,0.99985576,1
137828,0,1,0.5441959,0
137829,0,1,0.7803279,0
137830,0,0,0.09611029,1
137831,1,1,0.9999907,1
137832,1,1,0.61306286,1
137833,1,0,0.3205022,0
137834,0,0,0.036390893,1
137835,1,1,0.999577,1
137836,0,1,0.99862766,0
137837,1,1,0.99999857,1
137838,0,0,0.2548797,1
137839,1,0,0.11456651,0
137840,1,1,0.9999999,1
137841,1,1,1.0,1
137842,1,0,0.031114377,0
137843,0,0,0.10017222,1
137844,1,1,0.4714057,1
137845,0,1,0.9869292,0
137846,1,0,0.05728198,0
137847,1,1,0.97142875,1
137848,0,1,0.7467397,0
137849,1,1,0.67528296,1
137850,1,1,0.9999999,1
137851,1,1,0.9999895,1
137852,0,0,0.010590936,1
137853,1,1,0.99999976,1
137854,1,0,0.28388065,0
137855,1,1,1.0,1
137856,0,1,0.9854124,0
137857,1,0,0.1346052,0
137858,1,1,0.9999999,1
137859,1,1,1.0,1
137860,0,0,0.12814279,1
137861,1,1,1.0,1
137862,0,0,0.04468087,1
137863,0,1,0.79117644,0
137864,0,0,0.015189049,1
137865,1,1,1.0,1
137866,1,1,1.0,1
137867,0,0,0.13184245,1
137868,0,0,0.21559837,1
137869,0,0,0.14211279,1
137870,1,1,0.9713746,1
137871,0,1,0.9961456,0
137872,1,1,0.6347132,1
137873,1,1,0.8543993,1
137874,1,1,0.99344844,1
137875,1,1,1.0,1
137876,1,1,0.7643643,1
137877,0,1,0.38075894,0
137878,0,0,0.11008789,1
137879,0,0,0.00577493,1
137880,0,1,0.37119362,0
137881,1,0,0.10257407,0
137882,1,1,1.0,1
137883,1,0,0.055208687,0
137884,1,1,0.9450455,1
137885,0,0,0.05515777,1
137886,1,0,0.030357989,0
137887,1,1,0.9999999,1
137888,0,1,0.84859616,0
137889,1,1,0.91006696,1
137890,1,0,0.22482039,0
137891,1,0,0.059047263,0
137892,0,0,0.18198897,1
137893,0,1,0.49755862,0
137894,0,1,0.91789335,0
137895,1,1,0.99999964,1
137896,1,1,0.99981266,1
137897,1,1,0.9999999,1
137898,1,0,0.23855019,0
137899,0,0,0.06687324,1
137900,0,1,0.9815067,0
137901,1,0,0.07409726,0
137902,1,1,0.99664307,1
137903,1,1,0.9999989,1
137904,0,0,0.10212547,1
137905,0,1,0.99849594,0
137906,0,0,0.05839952,1
137907,0,0,0.086400524,1
137908,1,0,0.28378138,0
137909,0,0,0.22884513,1
137910,1,1,0.5535053,1
137911,0,0,0.103295475,1
137912,1,0,0.099426486,0
137913,0,0,0.026205411,1
137914,0,1,0.8662457,0
137915,1,1,0.9994035,1
137916,1,0,0.15552686,0
137917,1,1,0.9862046,1
137918,1,1,1.0,1
137919,0,0,0.017325716,1
137920,1,1,0.99990463,1
137921,0,1,0.450994,0
137922,1,1,0.99999976,1
137923,1,1,0.66568226,1
137924,0,1,0.998259,0
137925,1,1,0.5939626,1
137926,0,0,0.22729777,1
137927,1,0,0.26999873,0
137928,0,1,0.9999039,0
137929,1,0,0.35014352,0
137930,1,1,1.0,1
137931,0,1,0.8715842,0
137932,1,1,0.9999993,1
137933,0,0,0.030763038,1
137934,0,0,0.011664719,1
137935,0,0,0.06730107,1
137936,0,0,0.14915918,1
137937,1,1,0.9994035,1
137938,0,1,0.99947566,0
137939,0,0,0.22388572,1
137940,1,1,0.98892784,1
137941,0,0,0.23484507,1
137942,0,1,0.9986646,0
137943,1,1,0.36257413,1
137944,1,1,0.9974291,1
137945,0,1,0.9654789,0
137946,1,1,0.9999976,1
137947,1,1,0.7783125,1
137948,0,0,0.13352816,1
137949,1,1,1.0,1
137950,0,1,0.98018634,0
137951,0,0,0.15902139,1
137952,0,1,1.0,0
137953,0,1,0.76559335,0
137954,1,1,0.99999356,1
137955,1,0,0.042206,0
137956,1,1,0.99999654,1
137957,0,1,0.61004704,0
137958,0,1,0.6220576,0
137959,0,1,0.99852777,0
137960,1,1,0.9999989,1
137961,1,1,0.9999883,1
137962,0,0,0.039379433,1
137963,1,1,0.9190633,1
137964,0,0,0.11451697,1
137965,1,0,0.052960765,0
137966,0,1,0.9916681,0
137967,0,1,0.99271095,0
137968,1,1,0.9980161,1
137969,0,0,0.015573563,1
137970,1,1,0.99527246,1
137971,1,1,0.37843037,1
137972,0,1,0.99394965,0
137973,1,1,1.0,1
137974,0,0,0.027506804,1
137975,0,1,0.6976604,0
137976,1,1,1.0,1
137977,1,1,0.4657823,1
137978,0,1,0.586878,0
137979,1,1,1.0,1
137980,1,1,0.9973218,1
137981,1,1,0.99976856,1
137982,1,1,0.9991991,1
137983,1,1,0.9998977,1
137984,1,0,0.11736965,0
137985,0,1,0.9996057,0
137986,0,1,0.65052277,0
137987,0,0,0.0061929906,1
137988,0,1,0.6440572,0
137989,0,1,0.45780328,0
137990,1,1,0.9140609,1
137991,0,1,0.99677116,0
137992,0,1,0.8708172,0
137993,0,0,0.035177976,1
137994,1,1,1.0,1
137995,0,1,0.625724,0
137996,1,1,1.0,1
137997,1,1,0.9998722,1
137998,0,1,0.99998546,0
137999,1,1,1.0,1
138000,0,0,0.113383114,1
138001,1,0,0.17795369,0
138002,0,1,0.84695786,0
138003,0,0,0.15215817,1
138004,1,1,1.0,1
138005,1,1,1.0,1
138006,1,0,0.073098525,0
138007,1,1,0.99960726,1
138008,1,1,0.99933845,1
138009,1,1,0.9990564,1
138010,0,0,0.19721243,1
138011,1,1,0.6748545,1
138012,1,1,0.99865675,1
138013,0,1,0.9882676,0
138014,1,1,0.99675864,1
138015,0,1,0.6493007,0
138016,1,1,1.0,1
138017,1,0,0.00059650384,0
138018,1,0,0.0683507,0
138019,1,1,0.9999964,1
138020,0,0,0.073430054,1
138021,1,1,0.43425137,1
138022,0,1,0.9151287,0
138023,1,1,0.99998724,1
138024,1,1,0.6937324,1
138025,0,0,0.05644403,1
138026,0,0,0.07243961,1
138027,0,1,0.9914391,0
138028,0,1,0.6219428,0
138029,0,0,0.0836655,1
138030,1,1,0.58794314,1
138031,1,1,0.44667572,1
138032,1,1,0.36043277,1
138033,0,0,0.30393836,1
138034,0,0,0.29639962,1
138035,0,1,0.69238204,0
138036,1,1,0.9972584,1
138037,1,1,1.0,1
138038,0,1,0.99999976,0
138039,1,0,0.116411984,0
138040,1,1,0.62555254,1
138041,0,1,0.7586,0
138042,1,1,1.0,1
138043,1,1,0.9999912,1
138044,0,0,0.01925269,1
138045,1,1,1.0,1
138046,1,1,0.99686414,1
138047,0,1,0.853669,0
138048,0,0,0.31859115,1
138049,0,1,0.9999999,0
138050,0,1,0.999979,0
138051,0,0,0.23917161,1
138052,1,1,1.0,1
138053,1,0,0.3209277,0
138054,0,1,0.9828562,0
138055,1,1,0.9999999,1
138056,1,1,1.0,1
138057,0,0,0.058507007,1
138058,0,1,0.9971048,0
138059,0,0,0.02317551,1
138060,1,0,0.338405,0
138061,0,1,0.46289793,0
138062,1,1,0.8865187,1
138063,1,1,0.9999927,1
138064,0,1,0.9613528,0
138065,0,1,0.96691406,0
138066,0,0,0.08866235,1
138067,0,1,0.96989965,0
138068,0,0,0.20315367,1
138069,0,1,0.6910284,0
138070,1,1,0.9998184,1
138071,0,1,0.99998665,0
138072,1,1,0.9999924,1
138073,0,0,0.14928317,1
138074,1,1,0.99980205,1
138075,0,1,0.3962142,0
138076,1,1,0.70997524,1
138077,0,0,0.199854,1
138078,0,1,0.8146434,0
138079,0,0,0.08093672,1
138080,0,1,1.0,0
138081,1,1,0.99972945,1
138082,0,1,0.94479126,0
138083,0,0,0.30663085,1
138084,1,1,0.39414266,1
138085,0,0,0.12689333,1
138086,1,1,0.99895155,1
138087,1,0,0.018038029,0
138088,0,0,0.34764782,1
138089,1,1,0.7051256,1
138090,1,1,0.9994081,1
138091,1,1,0.99951875,1
138092,0,0,0.22764099,1
138093,1,1,0.9999999,1
138094,0,0,0.14378779,1
138095,1,0,0.28711778,0
138096,1,1,1.0,1
138097,0,0,0.07835981,1
138098,1,1,0.9835654,1
138099,1,1,0.999997,1
138100,1,1,0.9998036,1
138101,0,0,0.065365784,1
138102,1,1,0.89982784,1
138103,1,1,0.7517393,1
138104,0,1,0.70957285,0
138105,1,1,1.0,1
138106,0,0,0.03642515,1
138107,1,0,0.33654907,0
138108,1,1,0.996503,1
138109,0,0,0.01335085,1
138110,0,0,0.30606017,1
138111,1,1,0.9692369,1
138112,0,1,0.46317106,0
138113,1,1,0.82261705,1
138114,0,0,0.18557791,1
138115,1,1,0.9997527,1
138116,0,1,0.99101454,0
138117,1,1,0.99999976,1
138118,0,1,0.9994917,0
138119,1,1,0.9997918,1
138120,1,1,1.0,1
138121,1,1,0.99855345,1
138122,1,1,0.9853279,1
138123,1,1,0.35248032,1
138124,0,0,0.011093566,1
138125,1,1,0.99999344,1
138126,1,1,0.9999578,1
138127,0,1,0.83413684,0
138128,1,1,0.44848666,1
138129,1,1,1.0,1
138130,1,1,0.98955137,1
138131,1,0,0.16708273,0
138132,1,1,0.9995851,1
138133,1,1,0.9921841,1
138134,1,1,0.99999833,1
138135,0,1,0.9448931,0
138136,0,0,0.14523655,1
138137,1,1,0.9999422,1
138138,1,0,0.088978484,0
138139,1,1,0.99997985,1
138140,0,1,0.99999785,0
138141,0,1,0.9555686,0
138142,0,1,0.9943031,0
138143,0,1,0.99842995,0
138144,0,0,0.03317983,1
138145,0,0,0.057387535,1
138146,1,1,0.9999927,1
138147,1,1,0.99999523,1
138148,1,1,0.8811043,1
138149,0,0,0.0054799085,1
138150,0,1,0.5777932,0
138151,1,0,0.04505753,0
138152,1,0,0.2243952,0
138153,0,0,0.09293445,1
138154,1,1,0.99010193,1
138155,1,1,0.5629575,1
138156,1,1,1.0,1
138157,0,0,0.047030386,1
138158,0,0,0.050893724,1
138159,0,0,0.025130948,1
138160,0,0,0.03825006,1
138161,0,0,0.0524731,1
138162,1,0,0.24139994,0
138163,1,1,0.9998273,1
138164,0,1,0.99936754,0
138165,1,1,0.89256257,1
138166,0,1,0.9991623,0
138167,0,0,0.1919328,1
138168,0,1,0.8868131,0
138169,0,1,0.74761593,0
138170,0,1,0.9950659,0
138171,1,1,1.0,1
138172,0,1,0.7061398,0
138173,1,1,0.9994547,1
138174,1,1,0.81479084,1
138175,1,1,1.0,1
138176,1,1,0.9943581,1
138177,0,1,0.8086723,0
138178,1,1,0.75405574,1
138179,0,1,0.85034436,0
138180,0,1,0.9625677,0
138181,0,0,0.028140754,1
138182,0,0,0.012945406,1
138183,0,1,0.99987614,0
138184,0,0,0.04845096,1
138185,1,1,0.7698598,1
138186,1,1,0.75676227,1
138187,1,1,0.97583157,1
138188,1,1,0.5837967,1
138189,0,1,0.53212124,0
138190,1,0,0.32734567,0
138191,1,1,1.0,1
138192,1,1,0.9999862,1
138193,0,0,0.020784607,1
138194,0,0,0.34842342,1
138195,1,1,1.0,1
138196,0,0,0.032682236,1
138197,0,1,0.38543245,0
138198,1,1,0.5350377,1
138199,1,1,0.48157573,1
138200,0,1,0.7354042,0
138201,1,1,0.3648907,1
138202,0,1,0.92359227,0
138203,1,1,0.9999752,1
138204,0,0,0.10079008,1
138205,1,1,0.97366965,1
138206,1,1,0.9999943,1
138207,0,1,0.3806438,0
138208,1,0,0.28353333,0
138209,0,1,0.5126316,0
138210,0,1,0.55368626,0
138211,1,1,1.0,1
138212,0,0,0.05781161,1
138213,1,1,1.0,1
138214,1,1,0.9999995,1
138215,1,1,0.9038897,1
138216,1,0,0.048092045,0
138217,0,1,0.8868131,0
138218,0,0,0.068102375,1
138219,0,1,0.999979,0
138220,1,1,0.99999845,1
138221,1,1,0.95426536,1
138222,0,1,0.9997726,0
138223,1,1,0.9999974,1
138224,0,1,0.88100195,0
138225,0,0,0.2830872,1
138226,1,1,0.9999896,1
138227,1,1,0.9981792,1
138228,0,1,0.4469171,0
138229,1,1,1.0,1
138230,0,1,1.0,0
138231,0,1,0.9678689,0
138232,0,1,0.9999999,0
138233,1,1,1.0,1
138234,1,1,0.99999917,1
138235,0,0,0.02335303,1
138236,1,1,0.45271736,1
138237,1,1,1.0,1
138238,1,1,0.86737317,1
138239,1,1,0.71972847,1
138240,0,1,0.9965837,0
138241,1,1,0.999997,1
138242,1,0,0.0808641,0
138243,0,0,0.24202642,1
138244,0,1,0.6730305,0
138245,0,1,0.9980732,0
138246,1,1,0.9997408,1
138247,0,1,0.3635904,0
138248,0,1,0.9944559,0
138249,1,1,0.8899121,1
138250,1,1,0.920218,1
138251,0,0,0.09704756,1
138252,0,0,0.27889463,1
138253,1,1,0.9998574,1
138254,0,1,0.6057407,0
138255,1,0,0.06779314,0
138256,1,1,0.9977525,1
138257,0,1,0.6462928,0
138258,1,1,0.99816847,1
138259,1,1,0.99889696,1
138260,0,0,0.0023413405,1
138261,0,1,0.9856076,0
138262,0,1,0.7501869,0
138263,1,1,0.8559716,1
138264,1,1,0.9805248,1
138265,1,0,0.27590942,0
138266,0,0,0.04401865,1
138267,0,0,0.1384618,1
138268,0,1,0.57451415,0
138269,0,1,0.9986462,0
138270,1,0,0.083740406,0
138271,1,1,0.96641046,1
138272,0,0,0.077447854,1
138273,1,1,0.99936503,1
138274,0,0,0.23792991,1
138275,0,0,0.02859836,1
138276,1,1,0.9999324,1
138277,1,1,0.99999917,1
138278,1,1,0.99992883,1
138279,0,1,0.80882335,0
138280,1,1,0.988062,1
138281,0,0,0.16271237,1
138282,1,0,0.15856485,0
138283,0,1,0.9999845,0
138284,0,1,1.0,0
138285,1,1,0.83196384,1
138286,1,1,1.0,1
138287,0,1,0.4841362,0
138288,0,0,0.014172365,1
138289,1,1,0.999554,1
138290,1,1,0.99999774,1
138291,1,1,1.0,1
138292,1,0,0.0013045067,0
138293,0,0,0.0029349516,1
138294,0,0,0.20134169,1
138295,0,1,1.0,0
138296,0,0,0.022564495,1
138297,0,0,0.044224583,1
138298,1,1,0.7438664,1
138299,1,1,0.99924016,1
138300,1,1,0.9999995,1
138301,1,1,0.9997352,1
138302,1,1,1.0,1
138303,1,1,0.9999999,1
138304,0,0,0.08449276,1
138305,1,1,0.9996111,1
138306,1,0,0.042166542,0
138307,0,0,0.30300945,1
138308,0,0,0.037326884,1
138309,1,1,0.99036634,1
138310,1,1,0.99996746,1
138311,0,1,0.9999745,0
138312,1,1,0.99990165,1
138313,1,1,0.35264754,1
138314,0,0,0.071202725,1
138315,0,1,0.961171,0
138316,0,0,0.11456651,1
138317,1,1,1.0,1
138318,1,1,0.9999999,1
138319,0,0,0.031529184,1
138320,0,0,0.19736712,1
138321,0,0,0.0094490815,1
138322,1,1,0.62937605,1
138323,1,1,0.9695268,1
138324,0,1,0.9989454,0
138325,1,1,0.99999726,1
138326,1,0,0.029395703,0
138327,0,0,0.060031522,1
138328,1,1,0.9999968,1
138329,1,1,0.9988418,1
138330,1,1,0.98975134,1
138331,1,1,0.8509647,1
138332,0,0,0.09903369,1
138333,1,0,0.20505732,0
138334,1,1,0.9999231,1
138335,1,1,0.99978095,1
138336,0,1,0.4233388,0
138337,0,1,0.8926561,0
138338,0,0,0.18155324,1
138339,1,1,1.0,1
138340,1,1,0.9994081,1
138341,1,1,0.9996244,1
138342,0,1,0.9949397,0
138343,1,1,0.9889492,1
138344,1,1,0.5364951,1
138345,0,1,0.50714064,0
138346,0,1,0.54734313,0
138347,1,1,0.79358625,1
138348,0,0,0.07113817,1
138349,0,0,0.22244667,1
138350,1,1,1.0,1
138351,1,1,0.9988004,1
138352,1,1,0.9998184,1
138353,0,0,0.0818861,1
138354,0,1,0.991891,0
138355,1,1,0.98300374,1
138356,1,1,0.953665,1
138357,1,0,0.091220066,0
138358,1,1,0.9995016,1
138359,1,1,1.0,1
138360,1,1,0.99780875,1
138361,1,0,0.08701921,0
138362,1,1,0.9935993,1
138363,1,0,0.0109234555,0
138364,1,1,0.99999964,1
138365,1,1,0.666334,1
138366,0,0,0.057018865,1
138367,0,1,0.62937605,0
138368,1,1,0.9689444,1
138369,1,1,0.99911004,1
138370,0,1,0.4126189,0
138371,1,0,0.08733005,0
138372,0,1,0.9999114,0
138373,0,1,0.5480689,0
138374,0,1,0.9465967,0
138375,1,1,0.937669,1
138376,0,0,0.107437484,1
138377,1,0,0.3450501,0
138378,0,0,0.12570794,1
138379,1,1,1.0,1
138380,0,0,0.1468197,1
138381,0,0,0.23863891,1
138382,1,1,0.63414687,1
138383,0,0,0.19360435,1
138384,0,1,0.49475116,0
138385,1,1,0.5005493,1
138386,1,1,0.97682446,1
138387,0,0,0.28101084,1
138388,1,1,1.0,1
138389,1,1,0.99999297,1
138390,0,1,0.917746,0
138391,1,1,0.9967333,1
138392,0,1,0.97573924,0
138393,0,0,0.29512835,1
138394,1,0,0.074298516,0
138395,0,1,0.99751294,0
138396,1,1,0.9993724,1
138397,1,1,0.9016612,1
138398,0,0,0.016340127,1
138399,0,1,0.99980813,0
138400,1,0,0.0091787735,0
138401,0,0,0.027117655,1
138402,0,0,0.1289633,1
138403,0,1,0.6186652,0
138404,1,1,0.99262565,1
138405,1,1,0.9184071,1
138406,1,1,0.96644217,1
138407,1,0,0.31174105,0
138408,1,1,0.97828114,1
138409,1,1,1.0,1
138410,0,1,0.7286035,0
138411,1,0,0.29803148,0
138412,1,1,0.9411153,1
138413,1,0,0.21117273,0
138414,0,0,0.058884703,1
138415,1,1,0.9999893,1
138416,1,1,0.9999168,1
138417,0,1,0.9713746,0
138418,0,1,0.6517428,0
138419,0,1,0.651632,0
138420,1,1,0.99190676,1
138421,0,0,0.14572217,1
138422,0,0,0.06233104,1
138423,1,0,0.04822634,0
138424,1,1,0.79889375,1
138425,0,1,0.5500032,0
138426,1,1,1.0,1
138427,1,1,1.0,1
138428,1,1,0.99999917,1
138429,1,1,0.9999999,1
138430,1,1,0.98792297,1
138431,0,0,0.019382192,1
138432,1,1,0.9999316,1
138433,1,1,0.9999988,1
138434,1,1,0.914977,1
138435,0,1,0.99889046,0
138436,1,1,0.9999957,1
138437,0,1,0.9691787,0
138438,1,1,0.99999464,1
138439,0,0,0.024237636,1
138440,1,1,0.94834626,1
138441,0,1,0.8495972,0
138442,0,0,0.30735803,1
138443,0,1,0.82161736,0
138444,0,1,0.9999987,0
138445,0,0,0.09203286,1
138446,1,0,0.076683804,0
138447,1,1,0.9999949,1
138448,1,0,0.0728343,0
138449,1,1,0.9994715,1
138450,1,1,0.6467392,1
138451,1,1,0.9844862,1
138452,0,0,0.29543313,1
138453,0,1,0.6980722,0
138454,0,1,0.9999999,0
138455,1,1,0.99979013,1
138456,1,1,0.74697053,1
138457,1,1,0.99349916,1
138458,1,1,0.41905347,1
138459,1,1,0.99999976,1
138460,0,0,0.07751766,1
138461,1,0,0.028409066,0
138462,0,0,0.086400524,1
138463,1,1,0.99999535,1
138464,0,0,0.14063105,1
138465,1,1,0.99951315,1
138466,1,1,0.99999976,1
138467,1,1,1.0,1
138468,1,1,0.9987864,1
138469,1,1,0.99999976,1
138470,0,1,0.99333304,0
138471,0,1,0.98080254,0
138472,1,1,0.99650973,1
138473,1,0,0.022286186,0
138474,1,1,0.8040984,1
138475,1,1,1.0,1
138476,0,1,0.99999857,0
138477,1,1,0.9996222,1
138478,1,1,0.9994653,1
138479,1,0,0.0031850606,0
138480,0,0,0.0607519,1
138481,1,0,0.29113197,0
138482,1,0,0.22832853,0
138483,1,1,1.0,1
138484,1,0,0.16762705,0
138485,1,1,0.9999962,1
138486,0,0,0.088425905,1
138487,1,1,0.9999914,1
138488,1,1,0.99813974,1
138489,0,1,0.63516587,0
138490,1,1,0.9999831,1
138491,0,0,0.23353149,1
138492,0,1,0.8587186,0
138493,0,1,0.7797414,0
138494,1,0,0.15456733,0
138495,0,1,0.99486035,0
138496,0,0,0.09252366,1
138497,0,1,0.4001046,0
138498,1,1,0.9843664,1
138499,0,0,0.28846887,1
138500,0,1,0.9694112,0
138501,1,1,0.9999443,1
138502,0,0,0.15954451,1
138503,1,1,0.999998,1
138504,1,1,0.9999641,1
138505,0,1,0.9999999,0
138506,1,1,1.0,1
138507,1,1,0.99999976,1
138508,1,1,0.990732,1
138509,0,0,0.085785836,1
138510,0,1,0.9998416,0
138511,0,1,0.45404848,0
138512,1,1,0.87674,1
138513,1,1,0.999959,1
138514,0,1,0.99999905,0
138515,0,1,0.7894773,0
138516,0,0,0.30507585,1
138517,1,1,0.99836427,1
138518,1,0,0.13603349,0
138519,0,1,0.9960238,0
138520,1,1,0.9999988,1
138521,0,1,0.419975,0
138522,0,0,0.07765744,1
138523,1,0,0.22558717,0
138524,1,1,0.7643643,1
138525,0,1,0.97386926,0
138526,1,1,0.99953544,1
138527,0,0,0.03504564,1
138528,0,0,0.013428254,1
138529,1,1,1.0,1
138530,0,1,0.4329622,0
138531,0,0,0.14608724,1
138532,0,1,0.3836413,0
138533,0,1,0.99769044,0
138534,1,0,0.07928158,0
138535,0,0,0.06153674,1
138536,0,1,0.9991524,0
138537,1,0,0.00065509294,0
138538,1,1,0.89368117,1
138539,0,0,0.10194652,1
138540,0,1,0.68789214,0
138541,1,1,0.9983865,1
138542,1,1,1.0,1
138543,1,1,1.0,1
138544,0,0,0.28547153,1
138545,0,1,0.9999994,0
138546,0,0,0.024821786,1
138547,0,1,0.7815808,0
138548,1,1,0.99047756,1
138549,0,1,0.53497696,0
138550,1,0,0.10613344,0
138551,1,1,0.99998116,1
138552,0,1,0.57821006,0
138553,1,1,0.99111825,1
138554,0,1,0.99936754,0
138555,1,1,0.9981104,1
138556,1,1,0.99906915,1
138557,0,1,0.99744415,0
138558,0,1,0.99820733,0
138559,1,1,1.0,1
138560,1,1,0.94649786,1
138561,0,0,0.12597652,1
138562,0,1,0.99988043,0
138563,0,0,0.29803148,1
138564,0,0,0.1154611,1
138565,1,1,0.9999342,1
138566,1,1,0.99999094,1
138567,1,1,0.9999994,1
138568,0,0,0.10922978,1
138569,1,1,0.60515755,1
138570,0,1,0.999964,0
138571,1,1,0.99999976,1
138572,0,0,0.039676033,1
138573,0,0,0.23722233,1
138574,1,0,0.040351234,0
138575,0,1,0.9405172,0
138576,1,1,1.0,1
138577,0,1,0.6778473,0
138578,1,0,0.015276946,0
138579,0,0,0.013146587,1
138580,1,0,0.29599246,0
138581,1,0,0.058884703,0
138582,0,1,0.7060385,0
138583,1,1,0.39987022,1
138584,0,1,0.8153795,0
138585,0,0,0.14639206,1
138586,1,1,0.5318781,1
138587,1,1,0.99999976,1
138588,1,0,0.1153614,0
138589,1,1,0.99718815,1
138590,0,1,0.9896918,0
138591,0,0,0.20149878,1
138592,1,1,0.36647636,1
138593,1,1,0.99998784,1
138594,1,1,1.0,1
138595,1,1,0.64069206,1
138596,1,1,0.37022537,1
138597,1,0,0.017848738,0
138598,1,1,0.9991573,1
138599,1,1,1.0,1
138600,0,1,0.41377324,0
138601,1,1,0.9999995,1
138602,0,0,0.07250525,1
138603,1,1,1.0,1
138604,0,1,0.99999857,0
138605,0,1,0.5188509,0
138606,0,1,0.4126485,0
138607,0,0,0.34449854,1
138608,1,1,0.9936733,1
138609,0,1,0.5898936,0
138610,0,0,0.19736712,1
138611,0,0,0.029901406,1
138612,1,0,0.051941562,0
138613,0,0,0.22824252,1
138614,1,0,0.06742378,0
138615,0,0,0.034456022,1
138616,0,0,0.039676033,1
138617,1,1,0.72637707,1
138618,1,1,1.0,1
138619,1,1,0.8543993,1
138620,0,1,0.7495458,0
138621,0,0,0.20963144,1
138622,0,0,0.025638297,1
138623,1,1,0.9704367,1
138624,1,1,0.99213856,1
138625,1,1,0.99846625,1
138626,0,1,0.49133387,0
138627,1,0,0.1727991,0
138628,1,1,0.99999225,1
138629,0,1,0.38531682,0
138630,0,1,0.7632191,0
138631,0,0,0.0036928528,1
138632,1,0,0.062160026,0
138633,0,0,0.2926964,1
138634,1,1,0.94877505,1
138635,1,0,0.14235108,0
138636,1,0,0.07647662,0
138637,0,0,0.05775844,1
138638,1,1,1.0,1
138639,1,1,0.9999993,1
138640,0,0,0.13061775,1
138641,1,0,0.006837205,0
138642,0,0,0.047558397,1
138643,1,1,0.99901116,1
138644,0,0,0.11056715,1
138645,0,0,0.015921684,1
138646,0,1,0.9997142,0
138647,1,1,0.9806364,1
138648,0,0,0.05340333,1
138649,1,1,0.9933717,1
138650,1,1,0.7745834,1
138651,1,1,0.9999335,1
138652,0,1,0.583144,0
138653,0,0,0.16491956,1
138654,0,1,0.9999938,0
138655,0,0,0.3271307,1
138656,1,0,0.1240007,0
138657,0,1,0.9994917,0
138658,1,0,0.31642208,0
138659,0,1,0.9589241,0
138660,0,1,0.5571226,0
138661,0,1,0.3952217,0
138662,1,1,1.0,1
138663,1,1,0.99900347,1
138664,0,0,0.20955054,1
138665,0,1,0.996682,0
138666,1,1,0.9999957,1
138667,1,1,0.99807703,1
138668,1,1,0.9999994,1
138669,1,1,1.0,1
138670,1,1,1.0,1
138671,1,1,0.99998975,1
138672,0,0,0.042403832,1
138673,1,1,0.7696867,1
138674,1,1,0.7008436,1
138675,1,1,0.9400786,1
138676,0,0,0.11940814,1
138677,0,0,0.13006428,1
138678,0,1,0.980034,0
138679,0,0,0.026581828,1
138680,1,1,0.99760324,1
138681,0,1,0.5111676,0
138682,1,1,0.9996923,1
138683,1,1,0.9999691,1
138684,1,1,0.97316426,1
138685,1,1,0.999723,1
138686,1,1,0.6144519,1
138687,0,1,0.53965044,0
138688,1,1,0.9966036,1
138689,1,1,1.0,1
138690,1,1,0.9977349,1
138691,1,1,0.7349764,1
138692,0,0,0.05350215,1
138693,1,0,0.0073173977,0
138694,1,1,0.86293024,1
138695,0,1,0.9969066,0
138696,0,1,0.99666256,0
138697,1,0,0.24238493,0
138698,1,1,1.0,1
138699,1,1,0.9964619,1
138700,1,1,0.99999475,1
138701,0,0,0.11191885,1
138702,1,1,0.9999888,1
138703,1,1,0.36398593,1
138704,1,1,0.9999299,1
138705,0,0,0.17745425,1
138706,0,0,0.053601146,1
138707,0,0,0.10999224,1
138708,1,0,0.0125279315,0
138709,1,0,0.043936532,0
138710,1,1,1.0,1
138711,0,0,0.0037072527,1
138712,0,0,0.03825006,1
138713,0,1,0.58634526,0
138714,1,1,0.98715407,1
138715,1,1,1.0,1
138716,1,1,1.0,1
138717,0,1,0.5953161,0
138718,1,1,0.99899954,1
138719,0,0,0.14669742,1
138720,1,1,1.0,1
138721,1,1,0.9999999,1
138722,1,1,0.9998722,1
138723,0,0,0.1309508,1
138724,1,1,0.9999964,1
138725,1,1,0.9999994,1
138726,0,1,0.9999999,0
138727,1,1,0.9996215,1
138728,0,0,0.091625646,1
138729,1,0,0.14517595,0
138730,1,1,0.9535786,1
138731,1,0,0.058078144,0
138732,1,0,0.008577485,0
138733,1,1,1.0,1
138734,0,1,0.89010334,0
138735,1,1,0.8446654,1
138736,0,1,0.99999857,0
138737,1,1,1.0,1
138738,1,1,0.9424538,1
138739,1,0,0.02859836,0
138740,1,1,0.99995387,1
138741,0,1,0.9503189,0
138742,1,1,0.9240048,1
138743,1,1,0.98314995,1
138744,1,0,0.2186694,0
138745,1,1,0.99261135,1
138746,1,1,0.9999827,1
138747,0,1,0.94539934,0
138748,0,1,0.64271283,0
138749,1,0,0.03767939,0
138750,1,1,1.0,1
138751,1,1,0.91086304,1
138752,1,0,0.0606962,0
138753,1,1,0.66925865,1
138754,0,1,0.81375694,0
138755,1,1,0.9999405,1
138756,1,0,0.11818139,0
138757,0,0,0.022542965,1
138758,0,0,0.07243961,1
138759,1,1,0.9988418,1
138760,1,0,0.111434445,0
138761,1,1,0.99835473,1
138762,1,1,0.52768165,1
138763,1,1,0.99447733,1
138764,0,0,0.11807967,1
138765,1,0,0.10636527,0
138766,0,0,0.04577727,1
138767,1,1,1.0,1
138768,0,1,0.50555396,0
138769,0,1,0.64372134,0
138770,0,1,0.88856554,0
138771,1,1,0.91505283,1
138772,0,0,0.053058814,1
138773,0,1,0.99999654,0
138774,1,1,1.0,1
138775,1,1,0.9999999,1
138776,1,1,0.97628796,1
138777,1,1,0.99956006,1
138778,0,0,0.23484507,1
138779,1,1,0.998487,1
138780,1,1,0.99985623,1
138781,1,1,0.9825408,1
138782,1,1,0.9939261,1
138783,1,1,1.0,1
138784,1,0,0.20769641,0
138785,0,1,0.42835292,0
138786,1,0,0.19178137,0
138787,0,1,0.943086,0
138788,1,1,1.0,1
138789,0,1,0.77585965,0
138790,0,0,0.053107906,1
138791,1,1,0.9974342,1
138792,1,1,0.93451476,1
138793,1,1,1.0,1
138794,1,1,0.9999995,1
138795,0,0,0.2806164,1
138796,0,0,0.0085443305,1
138797,0,1,0.55796576,0
138798,0,1,0.8030194,0
138799,1,1,0.93177354,1
138800,1,0,0.24562746,0
138801,0,1,0.7876047,0
138802,1,0,0.049451128,0
138803,0,0,0.14342749,1
138804,0,1,0.9997818,0
138805,1,1,0.9992489,1
138806,0,0,0.04569203,1
138807,1,1,0.9999392,1
138808,0,1,0.9983675,0
138809,0,1,0.99952626,0
138810,1,1,0.99178034,1
138811,1,1,0.99541724,1
138812,1,1,0.9999994,1
138813,1,1,0.99999607,1
138814,0,0,0.18579942,1
138815,1,1,0.9860443,1
138816,1,0,0.24589899,0
138817,1,1,0.9999995,1
138818,0,0,0.052037824,1
138819,1,1,0.9971771,1
138820,1,1,1.0,1
138821,1,1,1.0,1
138822,0,1,0.9999999,0
138823,1,1,0.73177797,1
138824,0,1,0.9913726,0
138825,1,1,0.99999964,1
138826,0,1,0.97856975,0
138827,0,0,0.12765263,1
138828,0,0,0.13678125,1
138829,1,0,0.021105006,0
138830,1,1,1.0,1
138831,1,1,0.5846862,1
138832,1,1,1.0,1
138833,0,1,0.9353465,0
138834,1,1,0.5008545,1
138835,1,1,1.0,1
138836,1,1,1.0,1
138837,0,1,0.5062253,0
138838,1,1,0.65946,1
138839,0,0,0.044722572,1
138840,1,1,0.96080494,1
138841,1,0,0.110663235,0
138842,1,1,1.0,1
138843,1,1,0.9999392,1
138844,0,1,0.7220863,0
138845,1,1,0.57862675,1
138846,0,0,0.16033176,1
138847,1,1,0.9993625,1
138848,1,1,1.0,1
138849,1,1,0.99999607,1
138850,1,1,0.9997677,1
138851,1,0,0.06014182,0
138852,1,1,0.39802617,1
138853,0,0,0.044597577,1
138854,0,0,0.006438102,1
138855,1,1,0.9957767,1
138856,1,1,0.99998975,1
138857,0,0,0.014728614,1
138858,0,1,0.8071568,0
138859,1,1,0.9999974,1
138860,1,1,0.90371984,1
138861,1,1,0.9999362,1
138862,0,0,0.11240509,1
138863,1,1,1.0,1
138864,1,1,1.0,1
138865,1,1,0.98677725,1
138866,1,1,0.99509466,1
138867,1,0,0.0016842226,0
138868,0,0,0.048948623,1
138869,1,1,0.9999995,1
138870,0,0,0.11853807,1
138871,1,0,0.07004896,0
138872,1,1,1.0,1
138873,1,1,0.9999814,1
138874,0,0,0.03618598,1
138875,0,0,0.16231363,1
138876,1,0,0.029507361,0
138877,0,0,0.09577148,1
138878,1,0,0.10913479,0
138879,0,1,0.9999994,0
138880,1,1,0.9955142,1
138881,1,1,1.0,1
138882,1,1,0.9427181,1
138883,1,1,1.0,1
138884,0,1,0.88671505,0
138885,1,1,1.0,1
138886,1,0,0.13089524,0
138887,1,0,0.049865905,0
138888,1,1,0.9983707,1
138889,1,1,1.0,1
138890,0,1,0.67055434,0
138891,0,1,0.8120489,0
138892,1,1,0.52348125,1
138893,0,0,0.00381705,1
138894,1,1,0.99822825,1
138895,1,1,0.9988121,1
138896,1,1,1.0,1
138897,1,0,0.06935241,0
138898,0,1,0.8623516,0
138899,1,0,0.0008969393,0
138900,1,1,0.99999774,1
138901,1,1,0.6822033,1
138902,1,1,0.9999999,1
138903,0,1,0.38133475,0
138904,1,1,1.0,1
138905,0,1,0.63798994,0
138906,0,1,0.8844391,0
138907,1,1,0.99999714,1
138908,1,1,1.0,1
138909,0,0,0.15059009,1
138910,1,1,0.9999753,1
138911,1,1,1.0,1
138912,1,0,0.1339241,0
138913,0,0,0.03919513,1
138914,1,0,0.2742056,0
138915,0,0,0.07409726,1
138916,1,1,0.92716575,1
138917,1,1,0.85633236,1
138918,1,1,1.0,1
138919,0,0,0.10447732,1
138920,0,1,1.0,0
138921,0,1,0.9879695,0
138922,0,0,0.12173796,1
138923,0,0,0.12262824,1
138924,1,1,0.9980994,1
138925,1,0,0.16940589,0
138926,0,0,0.018511046,1
138927,1,0,0.09990845,0
138928,0,1,0.98220253,0
138929,1,1,0.4923712,1
138930,1,1,0.99999845,1
138931,0,0,0.051319942,1
138932,0,0,0.04276215,1
138933,1,1,0.9999993,1
138934,1,0,0.018815093,0
138935,0,1,0.8937739,0
138936,0,0,0.06979493,1
138937,0,0,0.086323485,1
138938,1,1,0.99999976,1
138939,0,0,0.100436606,1
138940,1,1,0.42307064,1
138941,1,1,0.9978719,1
138942,1,1,0.6898805,1
138943,0,1,0.9517288,0
138944,1,0,0.10622612,0
138945,1,1,0.99930537,1
138946,0,0,0.30167052,1
138947,0,0,0.20094942,1
138948,0,1,0.96768624,0
138949,0,0,0.03191915,1
138950,0,1,0.9226916,0
138951,0,1,0.35108855,0
138952,1,1,0.99998534,1
138953,1,1,1.0,1
138954,0,0,0.08616955,1
138955,0,1,0.97386926,0
138956,0,1,0.6077214,0
138957,0,1,0.98922324,0
138958,1,1,1.0,1
138959,1,1,1.0,1
138960,1,1,0.83141696,1
138961,1,1,0.99999416,1
138962,0,0,0.28318632,1
138963,1,0,0.10475175,0
138964,0,1,1.0,0
138965,0,1,0.59508085,0
138966,1,0,0.28591993,0
138967,1,1,0.58498263,1
138968,1,0,0.014227045,0
138969,1,1,0.71893984,1
138970,0,1,0.8365546,0
138971,1,0,0.11716748,0
138972,1,1,0.99528164,1
138973,0,1,0.9478657,0
138974,1,0,0.13223416,0
138975,0,1,0.9867005,0
138976,0,1,0.9957684,0
138977,1,1,0.9999999,1
138978,1,1,0.9985191,1
138979,1,1,0.99976677,1
138980,1,1,0.9999995,1
138981,0,1,0.99802387,0
138982,1,1,0.99998856,1
138983,1,1,0.9999949,1
138984,1,1,0.9999975,1
138985,0,0,0.04822634,1
138986,1,1,1.0,1
138987,0,1,0.85318035,0
138988,0,0,0.13678125,1
138989,1,1,0.9999987,1
138990,0,1,0.39321026,0
138991,0,1,0.961642,0
138992,1,0,0.13000904,0
138993,0,1,0.38271803,0
138994,0,0,0.11075938,1
138995,1,0,0.08173938,0
138996,1,1,0.9999794,1
138997,1,0,0.23353149,0
138998,0,1,0.59801877,0
138999,1,0,0.031291503,0
139000,0,0,0.14104463,1
139001,0,1,0.9444336,0
139002,0,1,0.96102494,0
139003,0,0,0.06506812,1
139004,0,1,0.98735064,0
139005,1,0,0.14306794,0
139006,1,0,0.022564495,0
139007,1,1,1.0,1
139008,1,1,0.9999924,1
139009,1,1,0.9999846,1
139010,1,1,0.9789353,1
139011,1,0,0.050470848,0
139012,0,0,0.10922978,1
139013,1,1,0.9916033,1
139014,0,1,0.9999999,0
139015,1,1,0.9999622,1
139016,1,1,0.99999964,1
139017,0,0,0.044847906,1
139018,0,0,0.055463932,1
139019,1,1,0.9999802,1
139020,0,1,0.96102494,0
139021,0,0,0.016833909,1
139022,1,1,0.9985619,1
139023,0,0,0.32156652,1
139024,0,1,0.8623516,0
139025,1,1,0.8957053,1
139026,1,1,0.3969737,1
139027,1,1,0.9861514,1
139028,1,1,0.99424744,1
139029,0,0,0.16919987,1
139030,1,0,0.016753288,0
139031,0,0,0.3138402,1
139032,1,0,0.24707794,0
139033,1,1,0.9644221,1
139034,0,1,0.9653158,0
139035,0,0,0.22575781,1
139036,1,1,1.0,1
139037,1,1,0.99999464,1
139038,1,1,0.9999206,1
139039,1,1,0.9999027,1
139040,1,1,0.9987281,1
139041,0,1,0.77089626,0
139042,1,1,1.0,1
139043,1,1,1.0,1
139044,1,1,0.9994937,1
139045,0,0,0.07030384,1
139046,1,0,0.10017222,0
139047,1,1,0.7266681,1
139048,1,1,0.7704648,1
139049,1,1,0.88671505,1
139050,1,1,0.9969187,1
139051,0,1,0.99372226,0
139052,1,1,1.0,1
139053,1,1,0.9999995,1
139054,0,0,0.14633106,1
139055,1,1,0.9946878,1
139056,0,0,0.07696085,1
139057,1,1,0.9999534,1
139058,0,0,0.027169233,1
139059,1,1,0.9999993,1
139060,0,0,0.024283867,1
139061,0,1,0.96768624,0
139062,1,0,0.20545557,0
139063,1,0,0.0070117945,0
139064,1,1,1.0,1
139065,1,1,0.5111676,1
139066,0,1,0.9896718,0
139067,1,1,0.7272981,1
139068,0,0,0.006930672,1
139069,1,1,0.9999989,1
139070,0,1,0.8175745,0
139071,1,1,0.9999987,1
139072,0,1,0.76489156,0
139073,1,0,0.01694742,0
139074,1,1,0.7228695,1
139075,0,1,0.7529675,0
139076,0,0,0.11124121,1
139077,1,0,0.019475216,0
139078,1,0,0.02876159,0
139079,0,0,0.030559864,1
139080,1,0,0.020061804,0
139081,1,1,1.0,1
139082,0,0,0.014309456,1
139083,1,1,0.9970247,1
139084,1,0,0.11531158,0
139085,0,0,0.13466209,1
139086,1,1,0.9874236,1
139087,0,1,0.97093683,0
139088,1,1,0.99407744,1
139089,1,1,0.84581506,1
139090,0,0,0.19868535,1
139091,0,1,0.58308464,0
139092,0,0,0.23083305,1
139093,1,1,1.0,1
139094,1,1,0.96309197,1
139095,0,0,0.13189834,1
139096,1,1,0.99987614,1
139097,1,1,0.35108855,1
139098,0,0,0.03138043,1
139099,1,1,1.0,1
139100,1,0,0.20244318,0
139101,1,1,0.51305854,1
139102,0,0,0.11621123,1
139103,1,1,0.8407826,1
139104,1,1,0.9859093,1
139105,1,1,1.0,1
139106,1,1,0.8373541,1
139107,1,1,0.9999999,1
139108,1,1,0.5203135,1
139109,0,0,0.12147716,1
139110,0,0,0.12116486,1
139111,1,1,0.89688534,1
139112,1,1,0.9999689,1
139113,1,1,0.99696034,1
139114,1,1,0.99995553,1
139115,1,1,0.9793738,1
139116,0,1,0.7422349,0
139117,1,1,0.99983907,1
139118,0,0,0.29818472,1
139119,0,1,0.61618555,0
139120,0,1,0.9437118,0
139121,1,1,0.99998057,1
139122,0,1,0.9933201,0
139123,0,1,0.99857855,0
139124,1,1,0.9346938,1
139125,0,1,0.80746067,0
139126,1,0,0.12168575,0
139127,0,1,0.90878,0
139128,0,0,0.28517282,1
139129,1,1,0.9819619,1
139130,0,0,0.043731883,1
139131,1,1,0.9966102,1
139132,1,1,1.0,1
139133,0,0,0.14792407,1
139134,1,0,0.049865905,0
139135,1,1,0.99994326,1
139136,1,1,0.99998486,1
139137,0,0,0.049130786,1
139138,0,1,0.41516557,0
139139,0,0,0.0248928,1
139140,1,1,1.0,1
139141,1,1,0.56535876,1
139142,1,1,1.0,1
139143,0,0,0.02615562,1
139144,1,0,0.11676401,0
139145,0,1,0.9941004,0
139146,0,1,0.55814636,0
139147,1,0,0.03400406,0
139148,1,1,0.9943031,1
139149,1,1,0.9983158,1
139150,1,1,0.7698598,1
139151,0,0,0.13764834,1
139152,0,0,0.092196204,1
139153,0,1,0.6257812,0
139154,0,0,0.12210386,1
139155,0,0,0.29067877,1
139156,1,1,1.0,1
139157,0,1,0.70583576,0
139158,1,1,1.0,1
139159,1,1,0.99999917,1
139160,0,1,0.99876,0
139161,0,0,0.036220055,1
139162,1,1,1.0,1
139163,1,1,0.73654276,1
139164,0,0,0.10008423,1
139165,1,1,0.9947187,1
139166,0,1,0.999826,0
139167,1,1,0.8253083,1
139168,1,1,0.99999976,1
139169,0,0,0.2165081,1
139170,1,1,0.86601925,1
139171,1,1,0.98039377,1
139172,1,1,0.9567556,1
139173,1,1,0.99999976,1
139174,0,0,0.1284158,1
139175,1,1,0.9986541,1
139176,0,1,0.9296961,0
139177,1,1,0.9999999,1
139178,1,0,0.3162637,0
139179,0,1,0.9363432,0
139180,1,1,0.992725,1
139181,0,0,0.13620575,1
139182,1,1,0.5408632,1
139183,0,1,0.76410043,0
139184,1,1,0.61687815,1
139185,0,0,0.1437277,1
139186,0,1,0.73153836,0
139187,0,1,0.5866413,0
139188,1,1,0.9999995,1
139189,1,1,0.9432431,1
139190,0,0,0.07362963,1
139191,0,0,0.06985836,1
139192,1,1,0.9747491,1
139193,0,0,0.022542965,1
139194,0,1,0.9993449,0
139195,1,1,0.9999962,1
139196,1,1,0.8844391,1
139197,0,0,0.21584621,1
139198,0,1,0.5943159,0
139199,1,1,0.9961681,1
139200,0,0,0.30657893,1
139201,0,0,0.061255362,1
139202,0,1,0.98272413,0
139203,1,1,0.99664307,1
139204,0,1,0.47907716,0
139205,0,0,0.07578975,1
139206,1,1,0.9584212,1
139207,1,1,0.99987614,1
139208,0,0,0.20817894,1
139209,1,1,0.9999994,1
139210,1,1,0.9995092,1
139211,0,0,0.05404875,1
139212,0,0,0.08240149,1
139213,1,1,0.9994319,1
139214,1,0,0.005741385,0
139215,1,0,0.02732453,0
139216,0,0,0.23039988,1
139217,0,0,0.24544656,1
139218,1,0,0.054954547,0
139219,1,1,0.7497291,1
139220,1,0,0.009652304,0
139221,1,1,0.9997584,1
139222,0,0,0.15636237,1
139223,0,1,0.99999976,0
139224,0,1,0.73014563,0
139225,0,1,0.7602949,0
139226,1,1,0.99953175,1
139227,0,1,0.95783347,0
139228,0,0,0.272218,1
139229,0,0,0.04020025,1
139230,1,1,0.9639839,1
139231,1,1,0.99998903,1
139232,0,0,0.05079946,1
139233,0,0,0.16701478,1
139234,0,1,0.9993881,0
139235,1,1,1.0,1
139236,0,0,0.10456872,1
139237,1,1,0.9511422,1
139238,1,1,0.4262619,1
139239,1,1,0.98199654,1
139240,0,1,0.8238959,0
139241,0,1,0.94417685,0
139242,0,0,0.07992553,1
139243,1,1,0.9999057,1
139244,0,0,0.15869519,1
139245,0,1,0.51616865,0
139246,1,1,0.99999464,1
139247,1,0,0.04084572,0
139248,0,1,0.9972045,0
139249,1,1,0.99985397,1
139250,0,1,0.9975561,0
139251,1,1,0.4036256,1
139252,0,1,0.37639388,0
139253,1,0,0.002491968,0
139254,0,0,0.083965465,1
139255,1,1,0.9999999,1
139256,1,1,1.0,1
139257,0,1,0.45407873,0
139258,1,1,0.85573065,1
139259,0,0,0.20362833,1
139260,0,0,0.07477004,1
139261,0,1,0.49530044,0
139262,1,1,0.4830997,1
139263,1,1,1.0,1
139264,1,1,0.9997478,1
139265,0,0,0.15726623,1
139266,1,1,0.99999917,1
139267,0,1,0.8429925,0
139268,1,1,0.99999964,1
139269,1,1,0.9371533,1
139270,0,0,0.10158944,1
139271,0,1,0.99999785,0
139272,1,0,0.0004859561,0
139273,0,1,0.42539635,0
139274,0,1,0.9944988,0
139275,0,0,0.12581532,1
139276,1,1,0.9999517,1
139277,1,1,0.9864938,1
139278,1,0,0.33796784,0
139279,1,1,0.9961004,1
139280,0,1,0.9999939,0
139281,0,0,0.054449577,1
139282,0,1,0.80942667,0
139283,1,1,0.99966264,1
139284,1,1,0.9737197,1
139285,1,1,0.99999976,1
139286,1,1,0.9999857,1
139287,1,1,0.8345418,1
139288,0,1,0.9999962,0
139289,1,1,0.99995124,1
139290,0,0,0.16398025,1
139291,0,1,0.53837657,0
139292,1,0,0.037963696,0
139293,1,0,0.035111748,0
139294,1,1,0.68378913,1
139295,1,1,0.99923575,1
139296,1,0,0.091544405,0
139297,1,1,0.5462541,1
139298,1,1,0.9999888,1
139299,0,0,0.080213256,1
139300,0,1,0.5389832,0
139301,0,1,0.9999989,0
139302,1,1,0.9991524,1
139303,0,1,0.9442283,0
139304,0,1,0.83413684,0
139305,1,1,0.94544977,1
139306,0,0,0.1765296,1
139307,1,0,0.014145104,0
139308,1,1,0.6579231,1
139309,1,1,0.99999833,1
139310,0,0,0.2188363,1
139311,0,1,0.5601925,0
139312,0,0,0.06717857,1
139313,0,1,0.7150759,0
139314,1,1,0.98067343,1
139315,0,1,0.54037815,0
139316,1,1,0.9993749,1
139317,0,0,0.3414178,1
139318,1,1,1.0,1
139319,0,0,0.0085278,1
139320,0,1,0.99808073,0
139321,0,1,0.99632865,0
139322,1,0,0.035644967,0
139323,1,0,0.10087861,0
139324,0,0,0.11823231,1
139325,0,0,0.23074637,1
139326,1,1,0.99349916,1
139327,1,1,0.99952805,1
139328,0,1,0.9992606,0
139329,1,1,0.99999714,1
139330,1,1,0.9999057,1
139331,1,1,0.9999976,1
139332,1,1,0.55278116,1
139333,1,0,0.06966823,0
139334,1,1,1.0,1
139335,0,1,0.9631613,0
139336,0,0,0.12315456,1
139337,0,0,0.23091978,1
139338,1,1,1.0,1
139339,0,1,0.93863225,0
139340,0,0,0.23784137,1
139341,0,1,0.98262435,0
139342,1,1,0.9999999,1
139343,0,1,0.99718815,0
139344,1,0,0.20410384,0
139345,1,1,0.98524296,1
139346,0,0,0.25879404,1
139347,0,0,0.03117331,1
139348,0,1,0.42039135,0
139349,1,0,0.18337418,0
139350,1,1,0.9999999,1
139351,1,1,0.999992,1
139352,1,0,0.1442091,0
139353,1,1,1.0,1
139354,0,0,0.06626642,1
139355,0,0,0.10999224,1
139356,1,1,0.67613894,1
139357,0,0,0.07290027,1
139358,1,1,0.35181195,1
139359,0,1,0.9665054,0
139360,0,0,0.1450548,1
139361,0,1,0.99980813,0
139362,1,1,1.0,1
139363,0,0,0.0027900375,1
139364,0,1,0.6116719,0
139365,1,1,0.999992,1
139366,0,1,0.99997544,0
139367,1,1,0.99998057,1
139368,0,0,0.1390453,1
139369,0,1,0.44595176,0
139370,0,1,0.962462,0
139371,1,1,0.99999523,1
139372,0,0,0.1821344,1
139373,1,0,0.046291906,0
139374,0,0,0.08225394,1
139375,0,1,0.3711366,0
139376,0,0,0.027272668,1
139377,1,0,0.005554925,0
139378,0,1,0.5218367,0
139379,0,1,0.7282171,0
139380,0,1,0.99998987,0
139381,1,1,0.99999857,1
139382,1,0,0.016850082,0
139383,1,0,0.22286923,0
139384,1,1,0.89606965,1
139385,0,0,0.033117235,1
139386,0,0,0.06019705,1
139387,1,1,0.9978173,1
139388,0,1,0.79534036,0
139389,0,0,0.13817081,1
139390,1,1,0.49835202,1
139391,0,0,0.11976799,1
139392,1,0,0.047293693,0
139393,1,1,0.9894907,1
139394,1,1,0.99517965,1
139395,1,1,0.9979292,1
139396,0,1,0.9500415,0
139397,1,0,0.03701235,0
139398,1,1,0.9999534,1
139399,1,1,0.9999999,1
139400,0,0,0.007937994,1
139401,0,1,0.82275945,0
139402,0,0,0.008187911,1
139403,1,1,0.99973875,1
139404,1,1,0.99608517,1
139405,1,0,0.045225907,0
139406,1,1,0.9998629,1
139407,0,0,0.21510331,1
139408,1,1,0.9781146,1
139409,1,1,0.9820483,1
139410,0,1,0.9814356,0
139411,1,1,1.0,1
139412,0,0,0.16438228,1
139413,1,1,0.999355,1
139414,0,0,0.015543648,1
139415,0,1,0.9253649,0
139416,0,1,0.3964186,0
139417,0,1,0.5979014,0
139418,1,1,0.82233185,1
139419,0,0,0.17674264,1
139420,1,1,1.0,1
139421,0,1,0.9681713,0
139422,1,1,1.0,1
139423,0,1,0.9197147,0
139424,1,1,0.99998045,1
139425,0,1,0.99967873,0
139426,1,0,0.13217814,0
139427,0,1,0.9985869,0
139428,1,1,0.98242307,1
139429,0,1,0.99865675,0
139430,1,0,0.16304526,0
139431,1,1,0.9983707,1
139432,0,1,0.4216709,0
139433,1,1,0.4389656,1
139434,1,0,0.009161027,0
139435,0,1,0.99939525,0
139436,1,1,0.9997203,1
139437,1,1,0.99999964,1
139438,1,1,1.0,1
139439,1,1,0.7744129,1
139440,0,1,0.9430336,0
139441,1,1,1.0,1
139442,1,1,0.9999827,1
139443,0,1,0.63697433,0
139444,1,1,1.0,1
139445,1,1,0.9431908,1
139446,1,0,0.25192368,0
139447,0,0,0.12776141,1
139448,1,1,0.8587186,1
139449,1,1,0.9999467,1
139450,1,1,0.99999225,1
139451,0,0,0.19821933,1
139452,1,1,0.9997029,1
139453,1,1,0.9145963,1
139454,0,1,0.63753873,0
139455,1,1,0.6800824,1
139456,1,1,0.9994917,1
139457,1,1,0.99999714,1
139458,1,1,0.97664696,1
139459,0,1,0.46836504,0
139460,0,1,0.6949759,0
139461,1,1,0.9999076,1
139462,0,1,0.7901258,0
139463,1,0,0.33415475,0
139464,1,1,0.48852742,1
139465,0,0,0.15501449,1
139466,1,1,0.99843913,1
139467,1,1,0.99992096,1
139468,1,1,0.9999206,1
139469,0,1,0.8957053,0
139470,1,1,1.0,1
139471,1,1,1.0,1
139472,0,1,0.9883128,0
139473,0,1,0.9959299,0
139474,1,1,0.9999974,1
139475,1,1,0.9999219,1
139476,0,0,0.01124456,1
139477,0,0,0.009143315,1
139478,1,1,0.9943691,1
139479,1,1,0.9870046,1
139480,1,1,1.0,1
139481,1,1,0.38551924,1
139482,1,1,0.99998105,1
139483,1,0,0.15610489,0
139484,1,0,0.1357468,0
139485,1,0,0.17238072,0
139486,0,0,0.12705572,1
139487,0,1,0.9134452,0
139488,1,1,0.5833221,1
139489,1,1,1.0,1
139490,0,1,0.9233162,0
139491,0,0,0.23872763,1
139492,0,0,0.10894504,1
139493,1,1,1.0,1
139494,1,0,0.11904921,0
139495,1,1,1.0,1
139496,0,0,0.18579942,1
139497,1,1,1.0,1
139498,0,1,0.6733528,0
139499,0,0,0.046942927,1
139500,1,1,0.90821165,1
139501,1,1,1.0,1
139502,0,0,0.07237402,1
139503,1,1,0.999987,1
139504,1,0,0.08014123,0
139505,1,1,0.9999994,1
139506,0,0,0.020158019,1
139507,0,1,0.86025184,0
139508,1,0,0.12002561,0
139509,0,1,0.88592786,0
139510,0,1,1.0,0
139511,1,1,1.0,1
139512,1,1,0.9999994,1
139513,0,1,0.8708172,0
139514,1,1,0.9999999,1
139515,0,1,0.983597,0
139516,1,1,1.0,1
139517,0,0,0.08889936,1
139518,1,1,0.99999785,1
139519,0,0,0.15947905,1
139520,0,1,0.9999392,0
139521,0,0,0.10338597,1
139522,0,0,0.08299413,1
139523,1,1,0.97285664,1
139524,1,1,0.99960107,1
139525,1,1,0.7051256,1
139526,1,1,0.99999917,1
139527,1,1,0.99987805,1
139528,1,1,0.9956176,1
139529,0,0,0.3321479,1
139530,1,1,0.99830914,1
139531,0,0,0.07878402,1
139532,1,1,0.97285664,1
139533,0,0,0.19406216,1
139534,1,0,0.02576056,0
139535,1,1,0.9967775,1
139536,1,0,0.25054586,0
139537,0,0,0.33717626,1
139538,1,1,0.99998593,1
139539,1,1,0.97550696,1
139540,1,0,0.035177976,0
139541,1,1,0.9977569,1
139542,1,1,1.0,1
139543,0,1,0.89058006,0
139544,1,1,0.938124,1
139545,1,1,0.9999001,1
139546,1,0,0.018352037,0
139547,1,1,0.93403506,1
139548,1,1,1.0,1
139549,1,0,0.2414894,0
139550,1,1,0.9999844,1
139551,1,1,0.9347534,1
139552,0,0,0.031678624,1
139553,0,0,0.2305731,1
139554,1,1,1.0,1
139555,0,1,0.7541915,0
139556,0,1,0.99262565,0
139557,1,0,0.09790669,0
139558,1,1,1.0,1
139559,0,1,0.384681,0
139560,1,1,1.0,1
139561,1,1,0.9999995,1
139562,1,1,0.9999999,1
139563,1,1,0.99990904,1
139564,0,0,0.013273888,1
139565,0,0,0.06903792,1
139566,1,1,0.53376204,1
139567,1,0,0.05094091,0
139568,1,1,1.0,1
139569,1,1,1.0,1
139570,1,1,0.9999999,1
139571,0,0,0.15482274,1
139572,1,0,0.24364243,0
139573,0,1,0.3896046,0
139574,0,1,0.99992,0
139575,0,1,0.99749833,0
139576,1,1,0.36692995,1
139577,0,0,0.22884513,1
139578,1,1,0.99999046,1
139579,1,1,1.0,1
139580,1,1,0.99985576,1
139581,1,1,0.9999902,1
139582,1,0,0.037785765,0
139583,1,0,0.022933563,0
139584,0,0,0.056288198,1
139585,1,1,0.9918121,1
139586,1,0,0.17695588,0
139587,0,0,0.0019877744,1
139588,0,0,0.09679113,1
139589,0,1,0.9999908,0
139590,0,1,0.77713084,0
139591,1,1,0.7675156,1
139592,1,0,0.009955651,0
139593,1,1,0.42978832,1
139594,0,0,0.24337259,1
139595,0,1,0.42384553,0
139596,0,0,0.33791324,1
139597,1,1,0.9999825,1
139598,0,0,0.07585818,1
139599,0,0,0.19095021,1
139600,0,1,0.99999917,0
139601,1,1,0.9999629,1
139602,0,1,0.78931487,0
139603,1,0,0.18877222,0
139604,1,0,0.119665086,0
139605,0,0,0.036873367,1
139606,1,0,0.0046185427,0
139607,1,1,0.75192153,1
139608,1,0,0.14004198,0
139609,0,1,0.9776072,0
139610,1,1,0.9999912,1
139611,1,1,0.9984573,1
139612,0,1,0.40025112,0
139613,0,0,0.016029146,1
139614,0,1,0.92262185,0
139615,0,1,0.57761455,0
139616,1,1,0.9218515,1
139617,1,1,1.0,1
139618,1,1,0.9947901,1
139619,0,1,0.39158043,0
139620,1,1,0.9979048,1
139621,0,1,0.5615154,0
139622,1,1,0.99998975,1
139623,1,1,0.9296323,1
139624,0,1,0.9035498,0
139625,1,0,0.023734689,0
139626,1,1,0.9969722,1
139627,0,1,0.84038997,0
139628,1,1,0.9982759,1
139629,0,1,0.99002504,0
139630,1,1,0.9958093,1
139631,0,1,0.9988236,0
139632,1,1,0.9999964,1
139633,0,1,0.999949,0
139634,1,1,0.9395816,1
139635,0,1,0.5927255,0
139636,1,1,0.9999999,1
139637,1,1,0.39065015,1
139638,0,1,0.418994,0
139639,1,1,0.6383282,1
139640,0,1,0.9172285,0
139641,1,1,0.9409528,1
139642,1,1,1.0,1
139643,0,0,0.012552117,1
139644,0,1,0.5045775,0
139645,0,0,0.25100458,1
139646,0,0,0.1240007,1
139647,0,1,0.45637947,0
139648,0,1,0.5440748,0
139649,1,1,0.77072376,1
139650,1,1,0.9935868,1
139651,1,0,0.10894504,0
139652,1,1,0.99999976,1
139653,0,1,0.6479653,0
139654,1,0,0.006823954,0
139655,1,1,0.91693145,1
139656,0,1,1.0,0
139657,0,1,0.99996805,0
139658,0,0,0.23170112,1
139659,0,1,0.9980732,0
139660,1,0,0.29568732,0
139661,1,1,0.99987614,1
139662,1,1,0.7798252,1
139663,0,0,0.10894504,1
139664,0,1,0.7676028,0
139665,0,0,0.07765744,1
139666,1,1,0.7855554,1
139667,0,0,0.20946968,1
139668,0,1,0.92296976,0
139669,1,1,1.0,1
139670,0,1,0.50079346,0
139671,1,1,0.99983,1
139672,1,1,0.8089743,1
139673,0,0,0.05094091,1
139674,1,1,0.95911604,1
139675,1,1,1.0,1
139676,1,1,0.3644382,1
139677,0,1,0.99273914,0
139678,0,1,0.998103,0
139679,0,1,0.4102541,0
139680,0,0,0.23265864,1
139681,0,1,0.48428863,0
139682,1,1,0.99971646,1
139683,0,0,0.08532742,1
139684,0,1,0.84453726,0
139685,0,1,0.99948573,0
139686,1,1,0.9999863,1
139687,1,1,0.9999981,1
139688,0,0,0.17036992,1
139689,1,0,0.085403666,0
139690,1,1,1.0,1
139691,1,0,0.27367145,0
139692,1,0,0.0029065122,0
139693,1,1,0.99999166,1
139694,0,0,0.098772585,1
139695,0,1,0.85919183,0
139696,0,1,0.68167377,0
139697,0,0,0.2897735,1
139698,1,1,0.99968255,1
139699,0,0,0.01433703,1
139700,0,0,0.24364243,1
139701,1,1,1.0,1
139702,0,0,0.2403286,1
139703,0,1,0.9996977,0
139704,1,0,0.1466363,0
139705,1,1,1.0,1
139706,1,1,0.9871293,1
139707,1,0,0.0527164,0
139708,1,1,1.0,1
139709,1,1,0.702377,1
139710,0,1,0.5169613,0
139711,0,1,0.7125823,0
139712,1,1,0.783823,1
139713,0,1,0.84834504,0
139714,0,1,0.99993265,0
139715,1,1,0.9428234,1
139716,0,0,0.025371311,1
139717,0,0,0.015189049,1
139718,0,0,0.024703868,1
139719,0,1,0.35320505,0
139720,1,1,1.0,1
139721,0,0,0.18698417,1
139722,1,1,0.99999976,1
139723,0,0,0.008898884,1
139724,1,1,0.57481253,1
139725,1,1,0.96171397,1
139726,1,1,1.0,1
139727,0,1,0.9992053,0
139728,1,1,0.9976814,1
139729,0,0,0.2941136,1
139730,0,0,0.07606381,1
139731,1,0,0.12995382,0
139732,0,1,0.77923787,0
139733,1,0,0.04177388,0
139734,0,0,0.16512138,1
139735,0,1,0.4085717,0
139736,1,0,0.00059883716,0
139737,0,0,0.068102375,1
139738,1,1,0.99999964,1
139739,1,0,0.111724876,0
139740,1,1,0.99737346,1
139741,1,1,1.0,1
139742,0,1,0.3660797,0
139743,0,1,0.9888204,0
139744,1,1,0.9999683,1
139745,1,0,0.013532148,0
139746,1,1,0.9999974,1
139747,0,1,0.9789755,0
139748,0,1,0.9652504,0
139749,1,1,1.0,1
139750,1,1,0.9999851,1
139751,1,1,1.0,1
139752,0,0,0.025540898,1
139753,0,1,0.9305845,0
139754,1,1,0.9932811,1
139755,1,0,0.13875328,0
139756,1,1,0.99998343,1
139757,0,0,0.078571655,1
139758,0,1,0.9961456,0
139759,0,0,0.07011259,1
139760,0,1,0.7782283,0
139761,0,0,0.091058284,1
139762,0,0,0.05781161,1
139763,1,1,0.7576151,1
139764,1,1,0.99999535,1
139765,0,1,0.99999154,0
139766,1,1,0.9999995,1
139767,1,1,0.95695716,1
139768,1,1,0.99999845,1
139769,0,1,0.551453,0
139770,1,1,0.9999094,1
139771,0,0,0.16613355,1
139772,0,0,0.042127114,1
139773,0,0,0.09451042,1
139774,1,1,1.0,1
139775,0,0,0.03173859,1
139776,0,1,0.9922294,0
139777,1,0,0.043977574,0
139778,0,1,0.378775,0
139779,0,0,0.20410384,1
139780,1,1,0.98192734,1
139781,0,1,0.9999057,0
139782,0,0,0.03465149,1
139783,1,1,0.9979888,1
139784,1,1,0.9998313,1
139785,1,1,0.9959299,1
139786,1,0,0.013689475,0
139787,0,0,0.033117235,1
139788,0,0,0.013689475,1
139789,1,1,0.9507321,1
139790,1,1,0.9638481,1
139791,0,0,0.24418274,1
139792,1,1,0.69435453,1
139793,0,1,0.5426815,0
139794,1,0,0.025250848,0
139795,1,1,0.67624587,1
139796,0,1,0.43650192,0
139797,0,0,0.045310315,1
139798,1,1,0.99999976,1
139799,1,1,0.99732697,1
139800,0,1,0.99403125,0
139801,0,1,0.99890554,0
139802,0,0,0.11762279,1
139803,0,1,0.99987996,0
139804,0,0,0.008830244,1
139805,0,1,0.9957437,0
139806,0,1,0.99242276,0
139807,1,1,0.99999917,1
139808,1,1,0.584627,1
139809,0,1,0.3589146,0
139810,1,1,1.0,1
139811,0,1,0.9998915,0
139812,1,1,0.9969246,1
139813,0,1,0.9343353,0
139814,1,1,0.9991524,1
139815,0,0,0.111337796,1
139816,1,0,0.31774372,0
139817,0,1,0.3660797,0
139818,0,1,0.5878248,0
139819,0,0,0.0768222,1
139820,1,1,0.9992084,1
139821,1,1,0.99806195,1
139822,1,1,0.99999976,1
139823,0,1,0.5144613,0
139824,1,1,0.9999999,1
139825,0,1,0.97601515,0
139826,1,0,0.058292214,0
139827,1,0,0.09276993,0
139828,0,0,0.07490528,1
139829,0,0,0.33829567,1
139830,1,1,1.0,1
139831,0,0,0.115960725,1
139832,1,1,0.8193158,1
139833,0,0,0.16572809,1
139834,1,1,0.90894175,1
139835,0,0,0.03393996,1
139836,0,0,0.09276993,1
139837,0,1,0.39044678,0
139838,1,1,1.0,1
139839,0,1,0.36319506,0
139840,0,1,0.6572635,0
139841,1,1,0.999936,1
139842,0,0,0.085785836,1
139843,0,1,0.9999994,0
139844,0,0,0.024122424,1
139845,0,1,0.35627866,0
139846,1,1,0.50579804,1
139847,1,0,0.046033904,0
139848,0,0,0.086400524,1
139849,0,1,0.86860406,0
139850,0,0,0.08889936,1
139851,1,1,0.9636776,1
139852,1,0,0.2887696,0
139853,1,1,0.9993773,1
139854,1,1,0.9532315,1
139855,1,1,1.0,1
139856,1,1,0.99998975,1
139857,0,1,0.9999982,0
139858,1,1,0.9999999,1
139859,1,1,0.99978596,1
139860,1,0,0.037256766,0
139861,1,1,0.99865675,1
139862,1,1,0.90804875,1
139863,1,1,0.9984542,1
139864,1,1,1.0,1
139865,0,0,0.056392044,1
139866,0,0,0.008156249,1
139867,0,1,0.94810647,0
139868,0,0,0.11951087,1
139869,1,1,0.9957848,1
139870,1,1,0.5622366,1
139871,0,0,0.13454832,1
139872,1,1,0.99999964,1
139873,0,0,0.11441798,1
139874,0,0,0.09285216,1
139875,0,0,0.08517511,1
139876,1,1,0.81479084,1
139877,0,0,0.0094125895,1
139878,0,0,0.04340633,1
139879,0,1,0.993807,0
139880,1,1,0.4380939,1
139881,1,1,0.9999999,1
139882,0,0,0.29864475,1
139883,0,0,0.0876419,1
139884,1,1,1.0,1
139885,0,1,0.999984,0
139886,1,0,0.100436606,0
139887,0,1,0.9059898,0
139888,1,0,0.019142363,0
139889,0,0,0.0014493985,1
139890,1,1,0.98427594,1
139891,0,0,0.13089524,1
139892,0,1,0.8153795,0
139893,0,0,0.07389652,1
139894,1,1,1.0,1
139895,1,1,0.9918595,1
139896,0,1,0.99999,0
139897,1,1,0.99528164,1
139898,1,1,0.37193474,1
139899,1,1,0.9999993,1
139900,0,1,0.90582335,0
139901,1,1,1.0,1
139902,1,1,0.9999654,1
139903,0,0,0.005301895,1
139904,1,1,0.9998416,1
139905,1,1,0.9999999,1
139906,1,1,0.98067343,1
139907,1,1,0.9999999,1
139908,1,1,0.99999297,1
139909,0,0,0.055515114,1
139910,1,1,0.9973322,1
139911,0,0,0.1524734,1
139912,1,1,0.99917525,1
139913,1,1,0.99999464,1
139914,1,1,0.99988043,1
139915,1,0,0.065784656,0
139916,1,1,0.9999999,1
139917,1,1,0.5825504,1
139918,1,1,0.9999864,1
139919,0,0,0.11240509,1
139920,1,0,0.17881243,0
139921,1,1,1.0,1
139922,0,1,0.99998105,0
139923,1,0,0.2588877,0
139924,0,1,0.986904,0
139925,0,0,0.05775844,1
139926,0,1,0.9999621,0
139927,0,0,0.020138742,1
139928,1,1,0.9999995,1
139929,1,0,0.021781173,0
139930,0,1,0.755637,0
139931,1,1,0.9976814,1
139932,0,0,0.30167052,1
139933,1,1,0.84117436,1
139934,1,0,0.035078675,0
139935,1,0,0.12940273,0
139936,1,1,0.9999999,1
139937,1,0,0.05775844,0
139938,0,1,0.95150405,0
139939,0,0,0.1229438,1
139940,1,1,1.0,1
139941,0,0,0.055926174,1
139942,1,0,0.055566337,0
139943,0,1,0.9596487,0
139944,0,1,0.99989724,0
139945,1,1,0.400808,1
139946,0,0,0.07490528,1
139947,0,0,0.11211313,1
139948,1,1,0.46642026,1
139949,1,1,0.999992,1
139950,1,1,0.92756045,1
139951,1,1,0.9980506,1
139952,1,1,0.9999999,1
139953,1,1,0.9342153,1
139954,1,1,0.67624587,1
139955,1,1,0.59643316,1
139956,0,1,0.86703575,0
139957,0,0,0.12106091,1
139958,0,1,0.5683559,0
139959,0,1,0.99712163,0
139960,0,1,0.6562728,0
139961,1,1,0.99964714,1
139962,1,1,0.83894384,1
139963,1,0,0.093512304,0
139964,0,0,0.062904246,1
139965,1,1,0.97958976,1
139966,0,0,0.048903175,1
139967,1,0,0.037291814,0
139968,0,1,0.4809053,0
139969,1,0,0.019738017,0
139970,1,1,0.99998164,1
139971,1,1,0.9602495,1
139972,1,0,0.010776726,0
139973,1,1,0.9274948,1
139974,1,0,0.10762492,0
139975,0,0,0.10105591,1
139976,1,0,0.0004673481,0
139977,0,1,0.9991391,0
139978,0,1,0.5724838,0
139979,0,0,0.022977369,1
139980,1,1,0.9989936,1
139981,0,0,0.017883008,1
139982,1,1,0.93505055,1
139983,0,1,0.97610646,0
139984,1,1,0.9838161,1
139985,1,0,0.0015457439,0
139986,1,0,0.04560694,0
139987,0,0,0.14633106,1
139988,1,1,0.99998295,1
139989,0,1,0.91352236,0
139990,0,0,0.14457104,1
139991,0,1,0.45187068,0
139992,0,0,0.14199378,1
139993,0,1,0.95362186,0
139994,1,1,0.9975986,1
139995,1,1,0.9993857,1
139996,0,1,0.9989434,0
139997,1,0,0.22884513,0
139998,1,1,0.9999857,1
139999,0,1,0.45465374,0
140000,0,0,0.0032350556,1
140001,0,0,0.10158944,1
140002,1,1,0.99384296,1
140003,0,1,0.99998724,0
140004,0,1,0.70644367,0
140005,1,0,0.015754245,0
140006,0,0,0.17845424,1
140007,1,1,0.5336405,1
140008,1,1,0.7322091,1
140009,1,1,0.987375,1
140010,1,1,0.9970073,1
140011,1,0,0.3401837,0
140012,1,1,1.0,1
140013,0,0,0.10922978,1
140014,1,1,0.998092,1
140015,1,1,0.9007919,1
140016,1,1,0.9999858,1
140017,1,1,0.7394224,1
140018,1,1,0.9230392,1
140019,1,1,0.9999995,1
140020,1,0,0.10257407,0
140021,1,1,0.5686554,1
140022,1,1,0.99999964,1
140023,1,1,0.9999949,1
140024,0,1,0.99984586,0
140025,1,1,0.3925988,1
140026,1,1,0.9995932,1
140027,0,0,0.14360754,1
140028,1,1,0.9989857,1
140029,1,1,0.51330256,1
140030,0,1,0.8789391,0
140031,0,1,0.41046086,0
140032,0,1,0.8022459,0
140033,1,1,0.40913224,1
140034,1,1,0.99999905,1
140035,1,1,0.99999845,1
140036,1,1,0.90448195,1
140037,1,1,1.0,1
140038,1,1,0.99999666,1
140039,0,0,0.095518075,1
140040,1,1,1.0,1
140041,0,1,0.9475269,0
140042,0,0,0.2414894,1
140043,1,1,0.98922324,1
140044,1,1,0.9999999,1
140045,1,1,1.0,1
140046,1,1,0.90747637,1
140047,1,0,0.30819023,0
140048,1,1,0.9999901,1
140049,1,0,0.029008126,0
140050,1,1,0.99837387,1
140051,0,0,0.2202586,1
140052,1,0,0.17645861,0
140053,1,1,1.0,1
140054,1,1,0.99988365,1
140055,1,0,0.05845324,0
140056,1,1,0.99999976,1
140057,0,0,0.15456733,1
140058,0,0,0.22815649,1
140059,1,1,0.9907678,1
140060,0,0,0.13614833,1
140061,1,1,0.99343574,1
140062,0,1,0.9974837,0
140063,0,1,0.94539934,0
140064,1,1,0.9999535,1
140065,1,1,1.0,1
140066,1,1,0.99053264,1
140067,0,0,0.013273888,1
140068,1,0,0.14063105,0
140069,1,0,0.005080037,0
140070,0,0,0.05975658,1
140071,1,1,0.7506442,1
140072,1,1,1.0,1
140073,1,1,0.7276853,1
140074,1,1,0.99974877,1
140075,0,0,4.0610603e-06,1
140076,1,1,1.0,1
140077,1,1,0.9841546,1
140078,0,1,0.99736315,0
140079,0,1,0.9986749,0
140080,1,1,1.0,1
140081,0,0,0.1352892,1
140082,0,1,0.7057343,0
140083,1,0,0.026230346,0
140084,1,1,1.0,1
140085,1,0,0.15140381,0
140086,0,1,0.41303316,0
140087,1,1,0.5636182,1
140088,1,1,0.99995756,1
140089,1,1,0.90632194,1
140090,0,0,0.13426429,1
140091,0,1,0.9990188,0
140092,0,0,0.31478733,1
140093,1,0,0.21659093,0
140094,0,0,0.06500874,1
140095,1,1,0.99999475,1
140096,0,1,0.46323177,0
140097,1,1,0.99997985,1
140098,1,1,0.44595176,1
140099,1,1,0.9997713,1
140100,1,1,1.0,1
140101,0,1,0.76515496,0
140102,0,0,0.006930672,1
140103,1,1,0.99994457,1
140104,0,0,0.19238758,1
140105,1,1,0.99998903,1
140106,1,1,0.99999964,1
140107,1,1,0.99240804,1
140108,1,1,0.99999964,1
140109,1,1,0.36206648,1
140110,1,1,0.9283439,1
140111,1,1,0.9999976,1
140112,1,1,1.0,1
140113,0,1,0.9999939,0
140114,0,0,0.13245842,1
140115,1,0,0.18293586,0
140116,0,1,0.96964204,0
140117,0,0,0.035310794,1
140118,0,1,0.4459819,0
140119,0,0,0.17272931,1
140120,0,1,0.9999999,0
140121,1,0,1.9602307e-05,0
140122,1,1,1.0,1
140123,0,0,0.23022676,1
140124,0,0,0.102484226,1
140125,0,0,0.3112175,1
140126,1,1,0.9999503,1
140127,1,0,0.14487322,0
140128,1,1,0.9859634,1
140129,1,0,0.049958523,0
140130,1,0,0.0586686,0
140131,1,0,0.18959609,0
140132,1,1,0.99886864,1
140133,0,1,0.9901782,0
140134,0,1,0.96958447,0
140135,1,1,0.99983,1
140136,1,1,0.900267,1
140137,1,1,1.0,1
140138,1,1,0.999998,1
140139,1,0,0.10866097,0
140140,1,1,0.8981429,1
140141,1,1,1.0,1
140142,1,1,1.0,1
140143,1,0,0.272218,0
140144,0,1,0.99442345,0
140145,1,1,1.0,1
140146,1,1,0.9621787,1
140147,0,0,0.17258981,1
140148,1,1,0.9989225,1
140149,0,0,0.070816204,1
140150,0,0,0.16033176,1
140151,1,1,0.9988305,1
140152,0,0,0.15140381,1
140153,0,1,0.89190525,0
140154,0,0,0.22558717,1
140155,1,1,0.9999988,1
140156,0,1,0.6706622,0
140157,1,1,1.0,1
140158,1,1,0.9999776,1
140159,0,0,0.33933485,1
140160,1,1,0.9998253,1
140161,1,0,0.24068536,0
140162,1,1,0.79198205,1
140163,0,1,0.96192914,0
140164,0,1,0.9653485,0
140165,1,1,0.87310666,1
140166,1,0,0.003422935,0
140167,0,0,0.04590542,1
140168,1,1,0.9999999,1
140169,1,1,0.6873677,1
140170,0,1,0.70720255,0
140171,1,1,0.99999833,1
140172,1,1,0.9999367,1
140173,0,0,0.16271237,1
140174,0,0,0.03821415,1
140175,1,1,0.9969187,1
140176,1,1,0.998784,1
140177,1,1,1.0,1
140178,1,1,0.99999845,1
140179,0,0,0.24908175,1
140180,1,0,0.006265534,0
140181,1,1,1.0,1
140182,0,0,0.33290654,1
140183,1,1,1.0,1
140184,0,1,0.5040893,0
140185,1,1,1.0,1
140186,0,0,0.051130094,1
140187,1,1,0.9999999,1
140188,0,0,0.0027900375,1
140189,0,0,0.019738017,1
140190,1,1,0.99998033,1
140191,0,1,0.59508085,0
140192,0,1,0.8847382,0
140193,1,1,0.99999774,1
140194,1,1,1.0,1
140195,1,1,0.6758181,1
140196,0,0,0.058884703,1
140197,1,1,1.0,1
140198,0,1,0.73340416,0
140199,1,0,0.19860761,0
140200,1,1,1.0,1
140201,0,1,0.73192173,0
140202,1,1,1.0,1
140203,0,1,0.8153795,0
140204,0,0,0.17781086,1
140205,0,1,0.99758923,0
140206,1,1,0.99991846,1
140207,1,0,0.24735057,0
140208,1,0,0.11269772,0
140209,0,1,0.988108,0
140210,1,1,0.5061032,1
140211,1,1,0.81257004,1
140212,0,0,0.33584076,1
140213,0,1,0.91985875,0
140214,0,0,0.07800791,1
140215,1,1,0.7897206,1
140216,1,1,0.9999999,1
140217,0,0,0.110855594,1
140218,0,1,0.81257004,0
140219,0,1,0.98977125,0
140220,0,1,0.36721358,0
140221,0,0,0.30673468,1
140222,1,0,0.2174206,0
140223,0,1,0.9999995,0
140224,0,1,0.5079339,0
140225,1,1,0.9999937,1
140226,0,0,0.025687134,1
140227,1,1,0.99984527,1
140228,1,1,0.99999344,1
140229,0,0,0.34174725,1
140230,1,1,0.56997234,1
140231,1,1,0.99984944,1
140232,0,1,0.9951137,0
140233,0,0,0.25293726,1
140234,1,1,1.0,1
140235,1,1,0.9989956,1
140236,0,0,0.1322902,1
140237,0,1,0.98720354,0
140238,0,1,0.9704367,0
140239,1,1,0.9985134,1
140240,1,0,0.2664527,0
140241,1,0,0.07689149,0
140242,0,0,0.07510853,1
140243,1,1,0.995488,1
140244,0,1,0.9999633,0
140245,0,0,0.16525607,1
140246,0,1,1.0,0
140247,0,1,0.9997843,0
140248,0,1,0.98378503,0
140249,0,1,0.9999925,0
140250,0,1,0.98803884,0
140251,0,1,0.9181873,0
140252,1,1,0.9987005,1
140253,1,1,1.0,1
140254,0,0,0.009250096,1
140255,0,1,0.9916358,0
140256,1,0,0.12651514,0
140257,1,0,0.045437217,0
140258,1,1,0.99619776,1
140259,0,1,0.9999995,0
140260,0,1,0.7716715,0
140261,1,0,0.0349467,0
140262,1,1,0.98892784,1
140263,1,1,0.72282064,1
140264,0,0,0.04451443,1
140265,0,1,0.9888419,0
140266,0,0,0.027246773,1
140267,0,1,0.5381338,0
140268,0,0,0.25757828,1
140269,1,1,0.83318895,1
140270,0,0,0.22482039,1
140271,0,1,0.98375374,0
140272,1,1,0.99644804,1
140273,1,1,0.9951514,1
140274,1,1,0.3632515,1
140275,0,0,0.14737104,1
140276,1,1,0.9999912,1
140277,0,0,0.12179017,1
140278,1,1,1.0,1
140279,0,0,0.26759952,1
140280,1,1,0.88059187,1
140281,1,1,0.9984114,1
140282,1,1,1.0,1
140283,0,1,0.37679508,0
140284,1,1,1.0,1
140285,1,0,0.12231338,0
140286,1,1,0.9999753,1
140287,0,1,0.94767237,0
140288,1,0,0.24490437,0
140289,1,0,0.0051097376,0
140290,1,1,1.0,1
140291,1,1,0.99987614,1
140292,0,1,0.84234506,0
140293,0,1,0.9979007,0
140294,1,1,0.9999982,1
140295,1,0,0.039787814,0
140296,0,0,0.09560247,1
140297,0,1,0.51507115,0
140298,0,1,0.9756929,0
140299,0,1,0.9999999,0
140300,1,1,0.9996724,1
140301,1,1,0.9999988,1
140302,0,0,0.09999631,1
140303,1,1,0.9999999,1
140304,0,0,0.22524613,1
140305,1,0,0.008627458,0
140306,0,0,0.32316646,1
140307,0,1,0.99911517,0
140308,0,0,0.0586686,1
140309,0,1,0.6959067,0
140310,1,0,0.23502058,0
140311,0,0,0.15720153,1
140312,0,0,0.081154905,1
140313,0,0,0.14897339,1
140314,1,1,0.68883485,1
140315,0,0,0.23370637,1
140316,0,0,0.16444936,1
140317,0,0,0.012241274,1
140318,0,0,0.14730969,1
140319,0,1,0.92762595,0
140320,0,0,0.064830884,1
140321,0,0,0.09929539,1
140322,0,1,0.99219924,0
140323,0,0,0.25183168,1
140324,0,1,1.0,0
140325,1,1,0.9999999,1
140326,0,0,0.21609424,1
140327,0,1,0.8467045,0
140328,1,1,1.0,1
140329,0,1,0.99958354,0
140330,1,1,0.99999917,1
140331,0,1,0.9753196,0
140332,0,0,0.051319942,1
140333,1,0,0.10297931,0
140334,1,1,0.6196439,1
140335,1,0,0.026105914,0
140336,1,0,0.13195427,0
140337,1,1,0.99995077,1
140338,1,1,0.9999788,1
140339,0,1,0.99995375,0
140340,0,1,0.44290757,0
140341,1,1,1.0,1
140342,1,1,0.9520419,1
140343,1,1,0.95679593,1
140344,0,1,0.71606976,0
140345,1,1,0.9773492,1
140346,1,1,1.0,1
140347,1,1,0.9508236,1
140348,1,0,0.18528292,0
140349,1,1,0.42122445,1
140350,1,1,0.8512122,1
140351,0,0,0.26038945,1
140352,1,1,0.999892,1
140353,0,0,0.118385084,1
140354,1,1,0.999944,1
140355,0,1,0.65063375,0
140356,1,1,0.7711549,1
140357,1,1,1.0,1
140358,1,0,0.033621218,0
140359,1,1,0.5402569,1
140360,1,1,0.9993268,1
140361,0,1,0.7989722,0
140362,0,0,0.074567616,1
140363,0,1,0.9987453,0
140364,1,0,0.031588882,0
140365,1,0,0.05899303,0
140366,1,1,0.93379396,1
140367,1,1,0.9999417,1
140368,1,1,0.9384068,1
140369,0,1,0.43557134,0
140370,1,1,0.992961,1
140371,0,1,0.99999785,0
140372,0,1,0.7673414,0
140373,0,0,0.017934537,1
140374,1,1,1.0,1
140375,0,1,0.9990978,0
140376,0,1,0.9989392,0
140377,1,1,1.0,1
140378,0,0,0.29695997,1
140379,0,1,0.9999765,0
140380,0,0,0.028034119,1
140381,1,1,1.0,1
140382,1,1,1.0,1
140383,1,1,0.98184055,1
140384,0,0,0.33258134,1
140385,0,1,0.49432397,0
140386,1,1,0.999998,1
140387,1,0,0.13672362,0
140388,0,1,0.8838389,0
140389,1,1,0.7241881,1
140390,1,0,0.033875983,0
140391,1,0,0.17974643,0
140392,1,1,1.0,1
140393,0,1,0.9987031,0
140394,1,1,1.0,1
140395,0,1,0.93071055,0
140396,1,1,0.999998,1
140397,1,1,1.0,1
140398,1,0,0.2644533,0
140399,0,0,0.030473188,1
140400,1,0,0.3196521,0
140401,1,1,1.0,1
140402,1,1,0.42354742,1
140403,0,0,0.020293487,1
140404,0,1,0.8895288,0
140405,1,1,0.9938309,1
140406,0,1,0.99178034,0
140407,1,1,0.95861524,1
140408,1,0,0.34637544,0
140409,1,1,0.99978,1
140410,1,1,0.96964204,1
140411,0,0,0.2877178,1
140412,0,0,0.054802597,1
140413,1,1,0.9827406,1
140414,0,1,0.99459416,0
140415,0,1,0.66492116,0
140416,1,1,0.9985923,1
140417,0,0,0.1412222,1
140418,0,1,0.63278645,0
140419,0,1,0.5168393,0
140420,1,1,1.0,1
140421,1,1,0.9615338,1
140422,0,1,0.99942636,0
140423,1,0,0.11308892,0
140424,0,1,0.9423477,0
140425,1,1,0.9998876,1
140426,1,0,0.15791446,0
140427,0,0,0.12304914,1
140428,0,1,0.9552774,0
140429,1,1,0.4345213,1
140430,0,0,0.23091978,1
140431,1,1,0.7854732,1
140432,0,1,0.8523219,0
140433,0,0,0.02884354,1
140434,0,1,0.6694748,0
140435,1,0,0.009670993,0
140436,0,1,0.9979048,0
140437,1,1,0.9999975,1
140438,1,1,0.9999999,1
140439,1,1,0.9997757,1
140440,1,1,1.0,1
140441,1,1,0.9999981,1
140442,0,0,0.011687257,1
140443,0,0,0.06656919,1
140444,1,1,0.99999976,1
140445,1,1,0.99990165,1
140446,1,1,0.9999999,1
140447,0,1,0.89460546,0
140448,1,1,0.573977,1
140449,1,1,1.0,1
140450,1,1,0.72608584,1
140451,0,0,0.23926048,1
140452,0,0,0.13927925,1
140453,0,1,0.3520904,0
140454,1,1,0.9305845,1
140455,1,0,0.23581159,0
140456,0,1,1.0,0
140457,1,1,0.999998,1
140458,1,1,0.99996984,1
140459,0,1,0.46581268,0
140460,1,1,0.99999964,1
140461,0,0,0.26616648,1
140462,1,0,0.04451443,0
140463,0,0,0.13764834,1
140464,1,1,0.8344069,1
140465,0,1,0.58823884,0
140466,1,1,1.0,1
140467,1,0,0.1483554,0
140468,0,0,0.10456872,1
140469,1,0,0.11992252,0
140470,1,0,0.2594971,0
140471,1,1,0.4405595,1
140472,0,1,0.8262917,0
140473,1,0,0.027091902,0
140474,0,1,0.39469665,0
140475,1,1,1.0,1
140476,1,1,0.9942697,1
140477,1,1,1.0,1
140478,0,1,0.51135063,0
140479,1,1,0.9811669,1
140480,1,1,0.99988854,1
140481,0,0,0.15278916,1
140482,1,1,1.0,1
140483,1,0,0.111434445,0
140484,0,1,0.95275027,0
140485,0,0,0.0120770605,1
140486,1,1,1.0,1
140487,1,1,0.99474937,1
140488,0,1,0.99644804,0
140489,1,1,0.44402227,1
140490,0,1,0.9986646,0
140491,1,0,0.26218015,0
140492,0,0,0.046033904,1
140493,1,1,1.0,1
140494,0,0,0.24122119,1
140495,1,0,0.31573597,0
140496,0,0,0.04564947,1
140497,1,1,0.9973477,1
140498,1,0,0.10158944,0
140499,1,0,0.18469396,0
140500,0,0,0.017593754,1
140501,0,1,0.9847231,0
140502,1,1,1.0,1
140503,0,0,0.09434341,1
140504,0,1,0.9361684,0
140505,0,0,0.21900325,1
140506,0,0,0.20473911,1
140507,0,1,0.7441454,0
140508,0,0,0.2641685,1
140509,0,0,0.23607564,1
140510,1,0,0.105948284,0
140511,0,0,0.31074667,1
140512,1,0,0.075653054,0
140513,0,0,0.2052962,1
140514,0,1,0.51391244,0
140515,1,1,0.99929726,1
140516,0,1,0.98932695,0
140517,0,0,0.2921912,1
140518,1,0,0.066629894,0
140519,1,0,0.06512755,0
140520,0,1,0.9999999,0
140521,0,1,0.9850429,0
140522,1,0,0.055617616,0
140523,1,1,0.7378199,1
140524,1,1,1.0,1
140525,1,1,1.0,1
140526,0,0,0.06797852,1
140527,0,0,0.31247488,1
140528,1,1,1.0,1
140529,1,1,0.86431044,1
140530,0,1,0.9722835,0
140531,0,1,0.50799495,0
140532,1,1,0.41253015,1
140533,1,1,1.0,1
140534,1,1,1.0,1
140535,1,0,0.15649123,0
140536,1,0,0.16118816,0
140537,1,1,0.99998903,1
140538,0,1,0.9999925,0
140539,1,1,0.93263763,1
140540,0,0,0.15367614,1
140541,1,1,1.0,1
140542,1,1,0.9999838,1
140543,0,0,0.011353655,1
140544,0,1,0.9999114,0
140545,1,1,0.7722732,1
140546,1,1,0.9999572,1
140547,1,1,1.0,1
140548,1,1,1.0,1
140549,1,1,0.8356178,1
140550,0,0,0.25720495,1
140551,0,1,0.45096374,0
140552,1,0,0.064830884,0
140553,1,1,0.995488,1
140554,1,1,0.99999905,1
140555,0,0,0.039453376,1
140556,0,1,0.87472075,0
140557,1,0,0.076407686,0
140558,0,1,0.5796384,0
140559,1,1,0.9263704,1
140560,1,0,0.06687324,0
140561,0,1,0.6430491,0
140562,0,1,0.41932094,0
140563,0,0,0.116261385,1
140564,1,1,0.9989778,1
140565,1,1,0.99999976,1
140566,0,1,0.5226286,0
140567,0,0,0.09859886,1
140568,0,1,0.99801993,0
140569,0,1,0.370567,0
140570,0,0,0.0703677,1
140571,0,0,0.059921406,1
140572,0,1,0.5994851,0
140573,1,1,1.0,1
140574,1,1,0.9999716,1
140575,0,1,0.97142875,0
140576,1,1,0.9167827,1
140577,1,1,0.99545276,1
140578,0,1,0.43137455,0
140579,0,1,0.9448422,0
140580,1,1,0.9981828,1
140581,0,1,0.8880812,0
140582,1,1,0.8778961,1
140583,1,1,1.0,1
140584,1,1,0.99921906,1
140585,1,1,0.91550726,1
140586,1,1,1.0,1
140587,1,1,0.9966365,1
140588,1,1,0.9998517,1
140589,0,1,0.9782396,0
140590,0,0,0.15784954,1
140591,1,1,0.86177105,1
140592,0,1,0.9999764,0
140593,1,0,0.1683778,0
140594,1,1,1.0,1
140595,0,1,0.73786706,0
140596,1,1,1.0,1
140597,1,1,1.0,1
140598,1,1,0.9998568,1
140599,1,0,0.2972659,0
140600,1,1,0.62983155,1
140601,0,1,0.99719906,0
140602,1,1,0.9999995,1
140603,0,0,0.14134066,1
140604,0,1,0.99256825,0
140605,1,1,1.0,1
140606,1,0,0.032405518,0
140607,1,1,0.64282495,1
140608,0,0,0.2703839,1
140609,0,0,0.27062476,1
140610,1,1,1.0,1
140611,1,1,0.99998915,1
140612,0,1,0.9991391,0
140613,1,1,1.0,1
140614,0,0,0.258326,1
140615,0,0,0.05261895,1
140616,0,1,0.9870046,0
140617,1,0,0.0076362165,0
140618,1,1,0.9999838,1
140619,0,1,0.46365675,0
140620,1,0,0.12538631,0
140621,0,1,0.96182173,0
140622,1,0,0.016090875,0
140623,0,0,0.17133832,1
140624,0,0,0.06530615,1
140625,0,0,0.12262824,1
140626,1,1,0.9998863,1
140627,1,1,0.9999999,1
140628,1,1,0.99999964,1
140629,1,1,0.92821383,1
140630,1,1,1.0,1
140631,1,1,0.9782396,1
140632,0,0,0.22034244,1
140633,0,0,0.2885691,1
140634,0,1,0.6470737,0
140635,1,1,0.96992815,1
140636,0,1,0.9991573,0
140637,0,0,0.026708465,1
140638,1,1,0.9999672,1
140639,1,1,0.99961406,1
140640,1,1,1.0,1
140641,1,1,0.99999845,1
140642,1,0,0.044265874,0
140643,0,0,0.25270665,1
140644,0,1,1.0,0
140645,1,1,0.9969246,1
140646,1,1,0.54589105,1
140647,0,0,0.00902028,1
140648,0,1,0.9704926,0
140649,1,1,0.9999995,1
140650,0,0,0.13980691,1
140651,0,0,0.31017175,1
140652,0,0,0.24598956,1
140653,0,1,0.8976056,0
140654,1,1,1.0,1
140655,1,0,0.095433734,0
140656,1,1,0.9999572,1
140657,1,1,0.99996614,1
140658,0,0,0.17938675,1
140659,1,1,0.9999974,1
140660,1,0,0.17497346,0
140661,0,1,0.999987,0
140662,0,1,0.5092763,0
140663,0,0,0.32066172,1
140664,1,1,0.9999269,1
140665,0,1,0.999959,0
140666,1,1,0.99959785,1
140667,0,0,0.3028548,1
140668,0,1,0.990892,0
140669,1,1,0.9579516,1
140670,0,0,0.011961098,1
140671,0,0,0.3346438,1
140672,0,1,0.99675864,0
140673,0,0,0.16940589,1
140674,1,1,0.9352283,1
140675,1,0,0.09017308,0
140676,0,1,0.5136685,0
140677,0,1,0.43041664,0
140678,0,1,0.45725787,0
140679,1,1,0.9999994,1
140680,1,1,1.0,1
140681,1,1,0.99973875,1
140682,0,1,0.82893884,0
140683,1,1,0.9995635,1
140684,0,0,0.08291986,1
140685,0,0,0.11426965,1
140686,1,1,1.0,1
140687,1,1,0.9605466,1
140688,1,1,1.0,1
140689,1,1,0.99997807,1
140690,0,1,0.5070796,0
140691,1,0,0.0548532,0
140692,1,1,0.76838577,1
140693,1,0,0.2960433,0
140694,1,0,0.28224567,0
140695,0,1,0.45093358,0
140696,1,1,0.9687085,1
140697,1,0,0.058185086,0
140698,0,1,0.8957053,0
140699,0,0,0.09501305,1
140700,1,1,0.99999547,1
140701,1,1,0.99999845,1
140702,1,0,0.0071352525,0
140703,1,1,0.9998691,1
140704,1,1,0.99918324,1
140705,0,0,0.17106119,1
140706,0,1,0.99999976,0
140707,0,1,0.3777702,0
140708,1,1,1.0,1
140709,0,1,0.941493,0
140710,1,1,1.0,1
140711,0,1,0.9999802,0
140712,1,1,0.8880812,1
140713,0,1,0.4275162,0
140714,0,0,0.11426965,1
140715,1,1,0.9982248,1
140716,0,1,0.88373864,0
140717,0,1,0.97436166,0
140718,1,1,1.0,1
140719,1,1,0.91789335,1
140720,0,1,0.41321072,0
140721,0,0,0.24050692,1
140722,1,1,0.9999999,1
140723,0,0,0.0354775,1
140724,0,1,0.9734181,0
140725,0,0,0.021044565,1
140726,1,1,0.99839586,1
140727,1,1,0.9939261,1
140728,1,1,0.99926645,1
140729,0,1,0.7546439,0
140730,0,1,0.9999945,0
140731,1,1,0.99812883,1
140732,0,0,0.18772759,1
140733,1,1,0.99990606,1
140734,1,1,0.9724409,1
140735,0,0,0.03471688,1
140736,1,1,0.9445361,1
140737,1,1,1.0,1
140738,1,1,1.0,1
140739,1,0,0.10576342,0
140740,1,0,0.26846167,0
140741,0,0,0.093760945,1
140742,0,1,0.51872903,0
140743,1,1,0.55874836,1
140744,1,1,0.7752647,1
140745,0,0,0.009268014,1
140746,1,1,0.9726495,1
140747,1,1,0.82161736,1
140748,0,1,0.9900058,0
140749,1,1,1.0,1
140750,1,0,0.058722552,0
140751,1,1,1.0,1
140752,0,0,0.13992442,1
140753,1,1,0.99852777,1
140754,1,1,0.94143915,1
140755,1,1,1.0,1
140756,0,1,0.9913892,0
140757,0,0,0.008594111,1
140758,0,1,0.84376645,0
140759,1,1,1.0,1
140760,0,0,0.06047389,1
140761,1,1,0.9995453,1
140762,1,0,0.31252733,0
140763,0,1,0.40574303,0
140764,1,1,0.38196856,1
140765,0,0,0.008916127,1
140766,1,1,0.44866785,1
140767,0,1,0.8679338,0
140768,0,1,0.62629557,0
140769,1,1,0.80022407,1
140770,1,0,0.100524865,0
140771,0,1,0.9956346,0
140772,0,0,0.054399315,1
140773,1,0,0.018599968,0
140774,0,1,0.94458723,0
140775,1,1,0.4524452,1
140776,1,0,0.14487322,0
140777,1,1,0.9939964,1
140778,0,1,0.9999999,0
140779,1,0,0.08137364,0
140780,1,1,0.9342753,1
140781,1,1,0.9680205,1
140782,0,0,0.2500877,1
140783,1,1,1.0,1
140784,1,1,0.8092006,1
140785,0,0,0.34499493,1
140786,1,1,0.99995124,1
140787,1,0,0.027454607,0
140788,0,1,0.41905347,0
140789,1,0,0.057334732,0
140790,1,1,1.0,1
140791,1,0,0.19352812,0
140792,1,1,1.0,1
140793,0,1,0.9994611,0
140794,0,0,0.10110028,1
140795,0,0,0.23731071,1
140796,1,1,0.66698503,1
140797,0,1,0.6025294,0
140798,0,1,0.9998722,0
140799,1,1,0.79246426,1
140800,1,1,1.0,1
140801,1,1,0.9999349,1
140802,0,1,0.8678218,0
140803,1,1,0.81873685,1
140804,0,1,0.9501803,0
140805,1,1,0.99955314,1
140806,0,0,0.21370518,1
140807,0,1,0.7999117,0
140808,1,1,0.9999999,1
140809,1,1,0.9654789,1
140810,1,1,1.0,1
140811,0,1,0.4627158,0
140812,1,1,0.99401975,1
140813,1,1,1.0,1
140814,0,0,0.2746431,1
140815,0,1,0.9999716,0
140816,0,1,0.9911868,0
140817,0,1,0.9997677,0
140818,1,1,0.99911696,1
140819,1,1,0.9999999,1
140820,0,1,0.9935743,0
140821,1,0,0.3256814,0
140822,1,1,0.9997749,1
140823,0,0,0.021084841,1
140824,0,1,0.73354733,0
140825,0,0,0.21950476,1
140826,1,1,0.8333246,1
140827,1,1,0.99989486,1
140828,0,0,0.042364188,1
140829,0,1,0.46657214,0
140830,1,0,0.15354916,0
140831,0,0,0.17974643,1
140832,1,0,0.18899663,0
140833,1,1,0.9999975,1
140834,1,0,0.043691058,0
140835,1,1,0.9991736,1
140836,0,0,0.100524865,1
140837,0,1,0.4297584,0
140838,0,0,0.10922978,1
140839,1,1,0.99998224,1
140840,0,0,0.04650795,1
140841,0,1,0.9997508,0
140842,0,1,0.99984825,0
140843,1,1,0.6476311,1
140844,0,1,0.99704784,0
140845,1,0,0.015043661,0
140846,0,1,0.5715275,0
140847,0,1,0.9998198,0
140848,1,0,0.031114377,0
140849,0,0,0.041075893,1
140850,1,1,1.0,1
140851,0,1,0.83534926,0
140852,1,1,0.9999999,1
140853,1,0,0.1261379,0
140854,0,0,0.03132112,1
140855,1,1,0.9825408,1
140856,1,0,0.28646857,0
140857,0,1,0.9614977,0
140858,1,1,1.0,1
140859,0,1,0.9776072,0
140860,0,1,0.99308276,0
140861,1,1,0.99916553,1
140862,0,1,0.8134608,0
140863,0,1,0.9567556,0
140864,0,0,0.02136889,1
140865,1,0,0.13939638,0
140866,1,0,0.04845096,0
140867,0,1,0.998242,0
140868,0,0,0.05261895,1
140869,1,1,0.8750415,1
140870,0,1,0.4929204,0
140871,1,0,0.18220715,0
140872,1,1,1.0,1
140873,1,1,0.99999714,1
140874,1,1,0.41466177,1
140875,1,1,0.99973875,1
140876,0,0,0.052862898,1
140877,0,1,0.9665054,0
140878,1,1,0.99999714,1
140879,0,0,0.08479541,1
140880,1,1,0.9999994,1
140881,1,1,0.9576358,1
140882,1,0,0.1500911,0
140883,0,0,0.07558479,1
140884,1,1,0.9763782,1
140885,0,0,0.16844618,1
140886,1,1,1.0,1
140887,1,1,0.6974544,1
140888,0,0,0.0524731,1
140889,1,1,0.57134813,1
140890,1,1,1.0,1
140891,0,0,0.23739909,1
140892,1,1,0.8020909,1
140893,1,1,0.9999237,1
140894,1,1,0.6042822,1
140895,0,0,0.10456872,1
140896,1,1,0.97275317,1
140897,1,1,1.0,1
140898,1,1,0.96795994,1
140899,0,0,0.25118822,1
140900,1,1,0.8716935,1
140901,1,1,1.0,1
140902,0,0,0.20331182,1
140903,1,1,0.99964654,1
140904,0,1,0.9951231,0
140905,1,1,0.8121234,1
140906,0,0,0.06910072,1
140907,1,1,0.82976806,1
140908,0,0,0.070623666,1
140909,0,0,0.16132024,1
140910,0,0,0.325735,1
140911,0,0,0.093678005,1
140912,0,0,0.06296183,1
140913,0,0,0.09825224,1
140914,1,1,0.49456805,1
140915,1,1,1.0,1
140916,0,1,0.6403548,0
140917,1,1,0.9999999,1
140918,0,1,0.8901988,0
140919,1,1,0.99990237,1
140920,0,1,0.65296096,0
140921,1,1,0.9999999,1
140922,0,1,0.89442116,0
140923,1,1,1.0,1
140924,1,1,0.9999927,1
140925,1,1,0.80240077,1
140926,1,1,0.99999833,1
140927,1,1,0.7844842,1
140928,0,1,0.67891264,0
140929,0,0,0.013273888,1
140930,0,1,0.47910762,0
140931,0,0,0.05470151,1
140932,1,1,0.98518616,1
140933,1,1,1.0,1
140934,1,1,0.9999964,1
140935,1,1,0.56247693,1
140936,1,1,0.914977,1
140937,1,1,0.94463825,1
140938,1,1,1.0,1
140939,0,1,0.41566953,0
140940,1,1,0.9999641,1
140941,0,1,0.9996935,0
140942,1,0,0.28806815,0
140943,1,1,0.9997459,1
140944,0,0,0.1524734,1
140945,1,1,1.0,1
140946,1,1,0.98835784,1
140947,0,0,0.03213106,1
140948,0,0,0.16471791,1
140949,1,1,0.999998,1
140950,1,1,0.77055115,1
140951,1,1,0.9647889,1
140952,0,0,0.08670936,1
140953,0,0,0.0349467,1
140954,1,1,1.0,1
140955,0,0,0.3161053,1
140956,0,1,0.89488137,0
140957,0,1,0.4086602,0
140958,1,1,0.99999535,1
140959,0,0,0.21247703,1
140960,0,0,0.075721376,1
140961,1,0,0.05597775,0
140962,0,1,0.8283842,0
140963,0,0,0.03601607,1
140964,1,1,0.9999976,1
140965,0,1,0.99999344,0
140966,0,1,0.9238675,0
140967,1,1,0.99990356,1
140968,0,1,0.7222333,0
140969,0,1,0.49005258,0
140970,1,1,0.9977083,1
140971,0,0,0.28348374,1
140972,0,1,0.96805066,0
140973,1,1,0.999539,1
140974,1,1,1.0,1
140975,0,1,0.99999285,0
140976,0,1,0.6972998,0
140977,1,1,0.9459513,1
140978,0,1,0.62286085,0
140979,0,0,0.32241932,1
140980,0,1,0.99993074,0
140981,1,1,0.4194993,1
140982,0,0,0.24184734,1
140983,0,1,0.9877587,0
140984,1,0,0.1552705,0
140985,1,0,0.18082884,0
140986,1,0,0.05399884,0
140987,1,1,0.99010193,1
140988,0,1,0.99985397,0
140989,0,0,0.25256836,1
140990,0,1,1.0,0
140991,0,1,0.7423751,0
140992,1,1,0.9981178,1
140993,0,0,0.15386674,1
140994,0,0,0.090735495,1
140995,0,1,0.53509843,0
140996,1,1,0.99928063,1
140997,1,1,0.9999982,1
140998,0,1,0.99990463,0
140999,0,1,0.5565201,0
141000,1,1,0.9995479,1
141001,1,1,0.7672542,1
141002,0,1,0.99997926,0
141003,1,1,0.99951124,1
141004,1,0,0.26170808,0
141005,0,0,0.20890425,1
141006,1,1,0.99378294,1
141007,0,1,0.7255514,0
141008,0,0,0.12847047,1
141009,0,1,0.80821866,0
141010,1,1,0.9999546,1
141011,1,1,0.35172844,1
141012,1,1,0.9631613,1
141013,0,1,0.94208187,0
141014,1,1,0.9999976,1
141015,1,1,0.9999989,1
141016,1,0,0.09790669,0
141017,0,0,0.24712338,1
141018,0,0,0.18432663,1
141019,0,0,0.07913913,1
141020,1,1,0.9999993,1
141021,0,1,0.5742157,0
141022,0,1,0.42679933,0
141023,0,1,0.9310248,0
141024,1,1,0.5184852,1
141025,1,1,0.9756929,1
141026,1,1,1.0,1
141027,1,1,0.9983897,1
141028,0,1,0.5709893,0
141029,1,0,0.0109234555,0
141030,0,0,0.22388572,1
141031,0,1,0.9970073,0
141032,0,0,0.24617074,1
141033,1,0,0.3019792,0
141034,0,1,0.9999993,0
141035,1,1,1.0,1
141036,1,1,0.9999958,1
141037,0,0,0.025687134,1
141038,0,1,0.47387025,0
141039,1,1,0.9835654,1
141040,0,0,0.09859886,1
141041,1,1,0.5874699,1
141042,1,0,0.0369428,0
141043,0,0,0.040087357,1
141044,1,1,0.99999964,1
141045,1,1,0.99996424,1
141046,0,0,0.08035747,1
141047,0,1,0.9114953,0
141048,0,1,0.9983321,0
141049,0,0,0.015543648,1
141050,1,1,0.9998977,1
141051,0,0,0.10017222,1
141052,0,0,0.10922978,1
141053,1,1,0.93257624,1
141054,1,0,0.19421494,0
141055,0,0,0.19429137,1
141056,1,0,0.025711589,0
141057,1,1,0.9859364,1
141058,0,1,0.99994457,0
141059,0,0,0.26170808,1
141060,1,1,0.52034396,1
141061,0,0,0.26592815,1
141062,1,1,0.99988174,1
141063,0,0,0.058938842,1
141064,1,1,0.9932288,1
141065,0,0,0.083965465,1
141066,1,1,0.9981505,1
141067,1,1,0.99964714,1
141068,0,1,0.8197491,0
141069,1,1,0.49597177,1
141070,0,1,0.5336405,0
141071,0,0,0.12879884,1
141072,1,1,0.9898107,1
141073,0,1,0.5983122,0
141074,0,0,0.03327394,1
141075,0,0,0.014985891,1
141076,1,1,0.99760324,1
141077,1,1,1.0,1
141078,1,0,0.06435884,0
141079,1,1,0.99704784,1
141080,0,1,0.5389832,0
141081,0,0,0.13910376,1
141082,0,0,0.108850285,1
141083,0,1,0.73335636,0
141084,1,1,0.99306935,1
141085,1,1,1.0,1
141086,1,1,1.0,1
141087,1,1,0.99999976,1
141088,1,1,0.93312675,1
141089,1,0,0.085023046,0
141090,1,0,0.2826415,0
141091,1,0,0.095518075,0
141092,1,1,0.99864095,1
141093,0,1,0.99407744,0
141094,0,1,0.6411416,0
141095,0,0,0.1390453,1
141096,1,1,0.99951684,1
141097,0,0,0.19544049,1
141098,1,1,0.99929035,1
141099,0,1,0.44743013,0
141100,0,0,0.08509905,1
141101,1,1,0.98582757,1
141102,1,0,0.20283768,0
141103,1,1,0.99595356,1
141104,1,1,0.85752964,1
141105,1,0,0.00056367513,0
141106,1,1,0.99999213,1
141107,0,0,0.15367614,1
141108,1,1,0.9992446,1
141109,0,1,0.9981178,0
141110,1,1,0.99997044,1
141111,0,0,0.005271083,1
141112,0,0,0.13933781,1
141113,1,0,0.09645018,0
141114,0,1,0.7834919,0
141115,0,0,0.09334689,1
141116,0,0,0.026230346,1
141117,1,1,0.9972638,1
141118,1,1,0.9957767,1
141119,0,1,0.99155444,0
141120,1,1,1.0,1
141121,1,1,0.9999999,1
141122,1,1,0.39861125,1
141123,1,1,0.78116375,1
141124,0,1,0.98792297,0
141125,1,1,0.98953116,1
141126,1,1,1.0,1
141127,0,1,0.8149381,0
141128,1,1,0.9709919,1
141129,0,0,0.015998371,1
141130,0,1,0.6108598,0
141131,1,1,0.98283976,1
141132,0,0,0.1929192,1
141133,1,1,0.99999356,1
141134,1,1,0.57660156,1
141135,1,1,0.9999999,1
141136,1,1,0.63278645,1
141137,1,1,0.9257015,1
141138,1,0,0.18989639,0
141139,0,1,0.99751294,0
141140,0,0,0.13974822,1
141141,0,1,0.94386727,0
141142,0,0,0.044722572,1
141143,0,1,0.76882,0
141144,1,1,0.9999987,1
141145,1,1,0.86442494,1
141146,1,1,1.0,1
141147,1,1,0.9999975,1
141148,1,0,0.08858347,0
141149,0,0,0.11506276,1
141150,0,0,0.06973154,1
141151,1,1,0.9999989,1
141152,1,0,0.0059919516,0
141153,0,1,0.5783887,0
141154,1,0,0.097734325,0
141155,1,0,0.049958523,0
141156,0,0,0.08100938,1
141157,0,0,0.08100938,1
141158,0,0,0.06278921,1
141159,1,1,1.0,1
141160,1,1,0.8293538,1
141161,1,0,0.10613344,0
141162,0,1,0.99960107,0
141163,1,1,0.45477483,1
141164,1,1,0.994089,1
141165,1,0,0.16465074,0
141166,1,1,0.99993956,1
141167,1,0,0.009250096,0
141168,1,1,1.0,1
141169,1,0,0.0051596225,0
141170,1,1,0.9911698,1
141171,1,1,0.9657707,1
141172,0,0,0.04377274,1
141173,0,1,0.7551859,0
141174,1,1,1.0,1
141175,1,1,0.98922324,1
141176,0,0,0.09696201,1
141177,0,1,0.96069443,0
141178,0,0,0.26095405,1
141179,0,0,0.09645018,1
141180,0,1,0.99459416,0
141181,1,1,0.9998752,1
141182,1,0,0.00012484894,0
141183,0,0,0.31837916,1
141184,0,0,0.15960999,1
141185,1,1,0.7399865,1
141186,0,0,0.26903743,1
141187,0,0,0.10493506,1
141188,0,0,0.15450352,1
141189,0,1,0.5843305,0
141190,0,1,0.75680715,0
141191,1,0,0.29183787,0
141192,1,1,1.0,1
141193,1,1,0.99999976,1
141194,1,1,0.99999774,1
141195,1,1,0.63798994,1
141196,1,1,0.99999833,1
141197,1,1,0.99999964,1
141198,1,0,0.035444103,0
141199,1,1,0.9999987,1
141200,0,0,0.20465964,1
141201,1,1,0.99794525,1
141202,1,0,0.2654042,0
141203,1,1,0.6401298,1
141204,0,0,0.046076808,1
141205,1,0,0.087954745,0
141206,1,0,0.2718312,0
141207,1,1,0.99999475,1
141208,0,0,0.118998006,1
141209,1,0,0.17603327,0
141210,1,1,0.9394706,1
141211,1,1,0.9984988,1
141212,0,1,0.9998863,0
141213,1,1,1.0,1
141214,1,1,0.9998702,1
141215,0,1,0.62079406,0
141216,0,0,0.07409726,1
141217,1,1,0.998698,1
141218,0,1,0.9985221,0
141219,1,0,0.16112214,0
141220,1,1,0.9917163,1
141221,0,0,0.33122793,1
141222,0,1,0.7639243,0
141223,1,1,0.5128756,1
141224,0,0,0.24871661,1
141225,1,1,0.9941347,1
141226,0,1,0.9998535,0
141227,0,1,0.47000676,0
141228,1,0,0.21675669,0
141229,1,0,0.26774308,0
141230,0,1,0.83761996,0
141231,1,0,0.06742378,0
141232,0,1,0.9306476,0
141233,0,1,0.41780585,0
141234,0,0,0.012895588,1
141235,0,1,0.6769937,0
141236,1,0,0.02541965,0
141237,1,1,1.0,1
141238,1,1,0.9585377,1
141239,1,1,0.99984884,1
141240,0,1,0.99999785,0
141241,0,0,0.15771976,1
141242,0,0,0.0059110695,1
141243,0,0,0.27328336,1
141244,1,1,1.0,1
141245,0,0,0.05340333,1
141246,1,1,0.9621432,1
141247,0,1,0.4129148,0
141248,1,1,1.0,1
141249,0,1,0.99603146,0
141250,1,0,0.048047364,0
141251,0,1,0.9790958,0
141252,0,1,0.9517288,0
141253,0,0,0.053700306,1
141254,1,1,0.45229396,1
141255,1,0,0.0037217087,0
141256,1,1,0.9665054,1
141257,1,0,0.077030234,0
141258,0,0,0.255158,1
141259,0,1,0.3589146,0
141260,1,1,0.9695268,1
141261,0,0,0.31184584,1
141262,0,1,0.9994766,0
141263,1,0,0.011463797,0
141264,1,1,0.99982125,1
141265,1,0,0.03374837,0
141266,0,0,0.039676033,1
141267,0,1,0.8908652,0
141268,0,1,0.99995935,0
141269,0,1,0.5037841,0
141270,0,0,0.031588882,1
141271,0,0,0.17462131,1
141272,1,1,0.9999398,1
141273,0,1,0.9016612,0
141274,0,1,0.6730305,0
141275,0,0,0.1534857,1
141276,0,0,0.032620545,1
141277,1,1,1.0,1
141278,1,1,0.999984,1
141279,0,1,0.97828114,0
141280,1,1,0.99984944,1
141281,0,1,0.38271803,0
141282,1,1,0.9999993,1
141283,0,0,0.013454153,1
141284,1,1,0.99999964,1
141285,0,1,0.9705485,0
141286,0,0,0.0649494,1
141287,1,1,0.9916196,1
141288,1,0,0.07647662,0
141289,0,1,0.5507886,0
141290,0,0,0.055926174,1
141291,0,1,0.99906915,0
141292,1,0,0.3082423,0
141293,1,1,0.99984705,1
141294,0,1,0.82741016,0
141295,0,0,0.20275874,1
141296,1,1,0.98947024,1
141297,1,1,0.38549033,1
141298,1,1,1.0,1
141299,0,0,0.16633658,1
141300,0,1,0.7973991,0
141301,0,0,0.09636511,1
141302,1,1,0.35253608,1
141303,1,1,0.9651191,1
141304,1,1,0.9325147,1
141305,1,1,0.9999999,1
141306,0,1,0.5917232,0
141307,0,0,0.1284158,1
141308,1,1,0.9763331,1
141309,1,0,0.026683092,0
141310,1,0,0.12215622,0
141311,1,1,0.99992454,1
141312,0,0,0.18705842,1
141313,1,0,0.076683804,0
141314,1,1,0.9923786,1
141315,0,1,0.92775697,0
141316,1,1,0.99999917,1
141317,1,0,0.22524613,0
141318,1,1,0.9846051,1
141319,1,1,0.9999622,1
141320,1,0,0.047558397,0
141321,0,1,0.6788062,0
141322,0,0,0.039011665,1
141323,0,0,0.30528295,1
141324,1,1,1.0,1
141325,0,1,0.9999999,0
141326,0,0,0.106411695,1
141327,1,0,0.051319942,0
141328,1,0,0.07336364,0
141329,1,1,0.9999999,1
141330,0,0,0.08701921,1
141331,1,1,0.99997425,1
141332,1,1,0.9999999,1
141333,0,1,0.99808073,0
141334,1,1,0.9186264,1
141335,1,0,0.0075041573,0
141336,1,1,0.99999774,1
141337,1,1,0.9999999,1
141338,1,1,0.8175745,1
141339,1,1,0.99609274,1
141340,1,1,0.9999989,1
141341,1,1,0.999995,1
141342,1,0,0.115960725,0
141343,0,0,0.009633653,1
141344,0,0,0.02800752,1
141345,1,0,0.12570794,0
141346,1,0,0.25851312,0
141347,0,1,0.99687636,0
141348,0,0,0.0013276093,1
141349,0,0,0.049589023,1
141350,0,0,0.054449577,1
141351,1,0,0.14175598,0
141352,1,1,0.99783,1
141353,0,1,0.9814,0
141354,1,1,0.67986983,1
141355,1,1,1.0,1
141356,1,0,0.19004667,0
141357,1,1,0.9999927,1
141358,0,1,0.9995753,0
141359,0,0,0.113383114,1
141360,1,0,0.2639787,0
141361,1,1,0.9999995,1
141362,1,1,0.9534488,1
141363,0,0,0.070623666,1
141364,1,1,0.9999993,1
141365,1,1,1.0,1
141366,1,1,0.99999976,1
141367,0,0,0.15726623,1
141368,1,1,0.99999976,1
141369,0,0,0.25767168,1
141370,0,1,0.79692537,0
141371,0,1,0.9999995,0
141372,1,0,0.09713317,0
141373,1,1,0.9999924,1
141374,1,1,1.0,1
141375,0,0,0.2893717,1
141376,1,1,1.0,1
141377,1,1,1.0,1
141378,0,0,0.18959609,1
141379,1,1,0.9998499,1
141380,0,0,0.051605962,1
141381,1,1,1.0,1
141382,1,1,0.7720154,1
141383,0,1,0.50811696,0
141384,1,1,1.0,1
141385,0,0,0.049497057,1
141386,0,0,0.09653531,1
141387,1,1,0.9869544,1
141388,0,0,0.11992252,1
141389,1,1,0.9989371,1
141390,1,1,0.83682144,1
141391,1,1,0.91565824,1
141392,1,1,0.56235677,1
141393,1,1,0.9983897,1
141394,0,0,0.13506088,1
141395,1,1,0.99895966,1
141396,0,0,0.1682411,1
141397,1,1,0.99346113,1
141398,0,0,0.15559098,1
141399,1,1,1.0,1
141400,0,1,0.9999999,0
141401,0,1,0.9894499,0
141402,0,1,0.88161486,0
141403,1,0,0.2424746,0
141404,0,1,0.9999999,0
141405,1,1,0.716169,1
141406,0,1,0.9994547,0
141407,0,0,0.03821415,1
141408,0,0,0.1404541,1
141409,1,1,0.99974984,1
141410,1,1,0.9940428,1
141411,1,1,0.9995073,1
141412,1,1,0.9997241,1
141413,1,1,0.57767403,1
141414,0,1,0.9801103,0
141415,1,1,1.0,1
141416,0,0,0.013875309,1
141417,0,1,0.49047965,0
141418,0,0,0.14953136,1
141419,1,1,0.9999902,1
141420,1,0,0.010032952,0
141421,1,1,1.0,1
141422,1,0,0.13974822,0
141423,1,1,1.0,1
141424,0,0,0.010860332,1
141425,0,0,0.110663235,1
141426,0,0,0.09033343,1
141427,1,0,0.05079946,0
141428,1,1,0.3598139,1
141429,1,0,0.072177574,0
141430,1,1,0.9976859,1
141431,1,1,1.0,1
141432,1,1,0.82796735,1
141433,1,1,0.99729556,1
141434,1,1,1.0,1
141435,0,1,0.81227237,0
141436,0,1,0.60981464,0
141437,1,1,0.9805248,1
141438,1,1,0.99760324,1
141439,0,1,0.3979092,0
141440,0,0,0.1655931,1
141441,0,1,0.74293494,0
141442,0,0,0.2180027,1
141443,0,0,0.093760945,1
141444,1,0,0.20617388,0
141445,0,1,0.8656789,0
141446,0,1,0.9973061,0
141447,1,1,0.9781146,1
141448,0,1,0.9951231,0
141449,1,1,0.99789655,1
141450,0,1,0.8183016,0
141451,1,0,0.013248331,0
141452,0,1,0.952882,0
141453,1,1,0.99980134,1
141454,0,1,0.9992099,0
141455,1,0,0.34015632,0
141456,1,1,0.99958676,1
141457,1,1,0.9999919,1
141458,1,1,0.9991186,1
141459,1,0,0.0031115084,0
141460,1,0,0.12885365,0
141461,0,0,0.08232769,1
141462,0,1,1.0,0
141463,0,1,0.99675864,0
141464,0,1,0.99762183,0
141465,1,0,0.24139994,0
141466,0,0,0.14872593,1
141467,1,1,0.99187535,1
141468,0,1,0.9996309,0
141469,1,0,0.2893717,0
141470,1,1,0.99989724,1
141471,1,0,0.15733096,0
141472,0,1,0.9829055,0
141473,1,1,0.9999999,1
141474,1,1,0.6302299,1
141475,0,0,0.30699432,1
141476,1,1,1.0,1
141477,0,1,0.69008934,0
141478,1,1,0.9999968,1
141479,1,1,0.99999297,1
141480,1,1,0.9908035,1
141481,0,1,0.7150262,0
141482,1,1,0.653514,1
141483,0,0,0.22093019,1
141484,1,1,0.9999825,1
141485,1,1,0.99996424,1
141486,1,0,0.17967446,0
141487,0,0,0.099382766,1
141488,0,0,0.2155158,1
141489,0,1,0.9263704,0
141490,0,1,0.9279531,0
141491,1,1,0.3838434,1
141492,1,1,1.0,1
141493,1,0,0.16304526,0
141494,0,0,0.06608538,1
141495,0,1,0.87997437,0
141496,1,1,0.99996614,1
141497,0,0,0.11104826,1
141498,1,1,0.96528316,1
141499,1,0,0.08419108,0
141500,1,1,0.89506495,1
141501,1,1,0.9999988,1
141502,0,0,0.03327394,1
141503,0,1,0.72608584,0
141504,1,1,0.99981266,1
141505,0,0,0.18683577,1
141506,0,0,0.07978202,1
141507,1,1,0.9737197,1
141508,0,0,0.124905184,1
141509,1,1,1.0,1
141510,0,1,0.7636601,0
141511,1,1,1.0,1
141512,1,0,0.21076632,0
141513,0,1,0.47310945,0
141514,1,1,1.0,1
141515,0,0,0.27771777,1
141516,1,0,0.098772585,0
141517,1,1,0.9999975,1
141518,1,1,0.98555213,1
141519,0,1,0.9501803,0
141520,1,1,0.5162296,1
141521,1,1,0.9996513,1
141522,1,1,0.99987614,1
141523,1,1,0.9970879,1
141524,0,0,0.029228985,1
141525,0,0,0.25580814,1
141526,1,1,0.58326274,1
141527,0,0,0.24853417,1
141528,1,0,0.048903175,0
141529,0,1,0.99101454,0
141530,0,0,0.19674903,1
141531,1,0,0.0074751205,0
141532,0,1,0.97889495,0
141533,1,1,1.0,1
141534,0,1,0.52299404,0
141535,1,0,0.116411984,0
141536,1,0,0.15115306,0
141537,0,1,0.87987113,0
141538,0,1,0.76268935,0
141539,1,1,1.0,1
141540,1,1,1.0,1
141541,1,1,0.997459,1
141542,1,1,1.0,1
141543,1,1,0.9999968,1
141544,1,1,0.99999094,1
141545,0,0,0.3250383,1
141546,1,1,0.99541724,1
141547,0,0,0.3463202,1
141548,1,1,0.9970765,1
141549,0,1,0.9993162,0
141550,1,0,0.0059225564,0
141551,0,0,0.19383317,1
141552,0,0,0.11104826,1
141553,0,0,0.09476145,1
141554,0,1,0.54195434,0
141555,1,1,0.77509457,1
141556,0,0,0.03760863,1
141557,0,1,0.5901298,0
141558,0,1,0.8568123,0
141559,1,1,0.99991035,1
141560,1,1,1.0,1
141561,0,0,0.15565515,1
141562,1,1,0.9807103,1
141563,1,1,0.9965837,1
141564,0,1,0.84208554,0
141565,1,1,0.99846625,1
141566,1,0,0.10753115,0
141567,0,1,0.99999917,0
141568,1,1,0.9999957,1
141569,1,1,0.99529994,1
141570,0,0,0.023419945,1
141571,1,1,0.90303797,1
141572,0,0,0.08779819,1
141573,0,0,0.19721243,1
141574,0,1,0.9969126,0
141575,0,0,0.03448853,1
141576,1,1,0.99991345,1
141577,0,0,0.24166831,1
141578,1,1,0.958187,1
141579,1,1,0.99988365,1
141580,0,0,0.062160026,1
141581,1,1,0.9829874,1
141582,0,1,0.99368566,0
141583,1,0,0.15361264,0
141584,1,0,0.23766439,0
141585,1,1,0.9994105,1
141586,0,1,0.66405034,0
141587,0,1,0.95296955,0
141588,1,1,0.99990976,1
141589,0,0,0.24265401,1
141590,1,1,0.9948001,1
141591,1,1,1.0,1
141592,1,1,0.9944559,1
141593,0,0,0.27590942,1
141594,1,1,0.77072376,1
141595,0,0,0.13782232,1
141596,0,1,1.0,0
141597,0,0,0.23231015,1
141598,0,1,0.7443777,0
141599,0,0,0.057440385,1
141600,0,0,0.07243961,1
141601,0,0,0.2698063,1
141602,0,0,0.18177101,1
141603,0,0,0.11526177,1
141604,1,1,1.0,1
141605,1,1,0.99014014,1
141606,0,0,0.11221037,1
141607,1,1,0.995037,1
141608,1,1,0.9701552,1
141609,1,1,0.9336126,1
141610,0,1,0.9998118,0
141611,1,1,0.52378577,1
141612,1,1,0.9924666,1
141613,0,1,0.99981695,0
141614,0,1,0.9999944,0
141615,1,1,0.93611,1
141616,1,1,0.99948776,1
141617,1,0,0.24220563,0
141618,1,1,0.99544394,1
141619,0,0,0.004663655,1
141620,1,1,1.0,1
141621,0,1,0.7220863,0
141622,0,0,0.05797139,1
141623,0,0,0.2942657,1
141624,1,1,0.8679338,1
141625,1,1,1.0,1
141626,0,1,0.99999523,0
141627,0,1,0.9996743,0
141628,1,0,0.035678547,0
141629,1,1,0.9999838,1
141630,1,1,0.9967077,1
141631,0,1,0.99987066,0
141632,0,0,0.07011259,1
141633,0,1,0.59478664,0
141634,0,0,0.0019723359,1
141635,0,0,0.0127472645,1
141636,1,0,0.042324588,0
141637,1,1,0.94224155,1
141638,1,1,1.0,1
141639,0,0,0.09244169,1
141640,1,0,0.02541965,0
141641,0,0,0.10338597,1
141642,1,1,0.99999917,1
141643,0,1,0.37771282,0
141644,1,1,1.0,1
141645,1,1,0.75586236,1
141646,1,0,0.1929192,0
141647,0,1,0.9429286,0
141648,0,0,0.12907304,1
141649,0,0,0.007489624,1
141650,1,1,0.9999982,1
141651,1,1,0.9998148,1
141652,0,0,0.11153119,1
141653,0,0,0.08166611,1
141654,0,1,0.9999751,0
141655,1,1,0.65262896,1
141656,0,1,0.941493,0
141657,0,0,0.19223589,1
141658,1,1,1.0,1
141659,0,1,0.6090011,0
141660,1,1,1.0,1
141661,0,1,0.8693822,0
141662,0,0,0.19759926,1
141663,1,0,0.20898496,0
141664,0,1,0.99999595,0
141665,1,1,0.52013075,1
141666,1,1,0.9967333,1
141667,1,0,0.035244327,0
141668,1,1,1.0,1
141669,1,1,0.3851434,1
141670,1,1,0.44960406,1
141671,0,1,0.9942697,0
141672,1,1,0.99855345,1
141673,1,1,0.7992857,1
141674,0,1,0.48121005,0
141675,1,1,0.99442345,1
141676,1,1,1.0,1
141677,0,1,0.43554136,0
141678,0,0,0.28422818,1
141679,1,1,0.9999231,1
141680,0,1,0.79390603,0
141681,1,1,0.9999958,1
141682,1,1,0.99998474,1
141683,1,1,0.63584447,1
141684,1,1,0.99937004,1
141685,1,1,1.0,1
141686,1,1,0.9999651,1
141687,1,1,0.76611876,1
141688,1,1,1.0,1
141689,1,1,0.6887302,1
141690,1,1,1.0,1
141691,1,1,0.99656373,1
141692,0,0,0.31457675,1
141693,1,1,1.0,1
141694,0,0,0.038538493,1
141695,0,0,0.011375601,1
141696,1,0,0.28512308,0
141697,0,0,0.058830604,1
141698,1,1,1.0,1
141699,0,0,0.13067321,1
141700,1,1,0.94924754,1
141701,0,0,0.09509706,1
141702,1,0,0.05997644,0
141703,1,1,1.0,1
141704,1,1,0.99987805,1
141705,0,1,0.8565725,0
141706,1,1,0.9999702,1
141707,1,1,0.99999845,1
141708,1,0,0.0248928,0
141709,1,1,1.0,1
141710,0,0,0.1965176,1
141711,0,0,0.29093048,1
141712,0,1,0.9118885,0
141713,0,0,0.03882902,1
141714,1,0,0.059101548,0
141715,1,0,0.13234626,0
141716,0,0,0.1437277,1
141717,0,1,0.99792105,0
141718,0,0,0.0006202512,1
141719,1,0,0.28343415,0
141720,0,1,0.82741016,0
141721,1,1,0.7602949,1
141722,1,1,0.97587764,1
141723,1,1,0.9451974,1
141724,1,1,0.9231778,1
141725,1,1,0.6799761,1
141726,0,1,0.99994004,0
141727,0,1,0.99594563,0
141728,0,0,0.042285025,1
141729,1,1,0.999949,1
141730,1,1,0.99766326,1
141731,0,0,0.014700298,1
141732,0,1,0.9998623,0
141733,1,0,0.07524433,0
141734,0,1,0.91648406,0
141735,1,0,0.06910072,0
141736,0,1,0.9621432,0
141737,0,0,0.29158568,1
141738,0,0,0.20032293,1
141739,1,1,0.9916358,1
141740,0,1,0.9774785,0
141741,0,0,0.1442091,1
141742,0,1,0.38237205,0
141743,1,0,0.27173457,0
141744,1,1,0.35108855,1
141745,1,1,1.0,1
141746,1,1,1.0,1
141747,1,1,1.0,1
141748,0,0,0.32034272,1
141749,0,1,1.0,0
141750,1,1,1.0,1
141751,1,1,0.54256034,1
141752,1,1,0.9999839,1
141753,0,1,0.99986017,0
141754,0,1,0.9094255,0
141755,0,0,0.1588256,1
141756,1,1,0.9702681,1
141757,0,0,0.01627746,1
141758,1,0,0.1949802,0
141759,0,1,0.7895584,0
141760,0,0,0.10715685,1
141761,0,1,0.9999999,0
141762,0,1,0.3740759,0
141763,0,1,0.9994173,0
141764,0,0,0.2934045,1
141765,1,0,0.2211824,0
141766,1,1,0.9923193,1
141767,0,0,0.046076808,1
141768,1,0,0.15272596,0
141769,0,0,0.13251457,1
141770,1,1,0.89634216,1
141771,1,1,0.9951703,1
141772,1,1,1.0,1
141773,1,1,0.99974185,1
141774,0,1,0.99999964,0
141775,0,1,0.9936241,0
141776,1,1,0.99968123,1
141777,0,0,0.33578634,1
141778,0,0,0.30829436,1
141779,0,0,0.30528295,1
141780,0,0,0.16532342,1
141781,1,0,0.039231926,0
141782,0,1,0.8624676,0
141783,1,1,0.9999833,1
141784,1,0,0.03374837,0
141785,1,1,1.0,1
141786,1,1,1.0,1
141787,0,0,0.13597612,1
141788,1,1,1.0,1
141789,0,0,0.054802597,1
141790,0,0,0.24211602,1
141791,1,0,0.039750516,0
141792,1,0,0.309128,0
141793,0,0,0.15335886,1
141794,0,1,0.41326994,0
141795,0,1,0.99957854,0
141796,0,0,0.17036992,1
141797,0,1,0.52877676,0
141798,0,0,0.067546695,1
141799,0,1,0.42342824,0
141800,1,1,0.98971164,1
141801,0,1,0.9965233,0
141802,0,1,1.0,0
141803,1,1,0.99999964,1
141804,0,0,0.3442781,1
141805,1,1,0.9999138,1
141806,1,1,0.99993646,1
141807,1,1,1.0,1
141808,0,1,0.45383665,0
141809,0,1,0.9998634,0
141810,0,1,0.934455,0
141811,1,1,0.9991672,1
141812,1,1,0.99751294,1
141813,1,1,0.9999994,1
141814,1,1,0.9594972,1
141815,0,1,0.9997876,0
141816,0,0,0.30756596,1
141817,0,0,0.09492911,1
141818,1,1,0.9999927,1
141819,0,0,0.15234725,1
141820,1,1,1.0,1
141821,0,1,0.9500878,0
141822,1,0,0.3300392,0
141823,1,1,0.5267688,1
141824,0,0,0.32498476,1
141825,0,1,0.79944235,0
141826,1,1,0.99989724,1
141827,1,1,0.7118818,1
141828,1,1,0.98154205,1
141829,1,1,0.9999989,1
141830,0,1,0.76268935,0
141831,0,0,0.01678549,1
141832,1,1,0.99999404,1
141833,0,0,0.08803311,1
141834,0,1,0.971537,0
141835,1,1,0.99999094,1
141836,0,1,0.4714057,0
141837,0,1,0.6961133,0
141838,0,0,0.24364243,1
141839,1,1,0.98971164,1
141840,0,1,0.49206612,0
141841,0,0,0.16424818,1
141842,1,1,1.0,1
141843,1,0,0.13195427,0
141844,1,1,0.980034,1
141845,1,1,1.0,1
141846,0,1,0.98965186,0
141847,0,1,0.852199,0
141848,0,0,0.31447145,1
141849,1,1,1.0,1
141850,0,1,0.9009663,0
141851,0,0,0.017110892,1
141852,1,1,0.998092,1
141853,1,1,0.39548436,1
141854,1,1,0.5448619,1
141855,0,0,0.10771874,1
141856,1,1,0.42608276,1
141857,0,0,0.2615195,1
141858,1,1,0.9999851,1
141859,0,0,0.26999873,1
141860,0,0,0.14039516,1
141861,0,1,0.98582757,0
141862,0,0,0.017325716,1
141863,1,0,0.008077626,0
141864,0,1,0.44583112,0
141865,1,1,0.99758446,1
141866,1,1,1.0,1
141867,1,0,0.32772207,0
141868,1,0,0.03810662,0
141869,1,1,0.9808209,1
141870,1,1,0.7363532,1
141871,1,1,0.9999993,1
141872,0,0,0.13352816,1
141873,1,1,0.99974877,1
141874,1,1,0.9746045,1
141875,0,0,0.037186775,1
141876,0,1,0.35170063,0
141877,0,1,0.6667681,0
141878,1,1,0.94781744,1
141879,0,0,0.27270195,1
141880,1,1,0.9961606,1
141881,0,0,0.28214672,1
141882,1,1,0.6012424,1
141883,0,1,0.9596487,0
141884,1,1,0.99997604,1
141885,1,1,0.99943525,1
141886,1,1,1.0,1
141887,0,1,0.9547741,0
141888,0,1,0.6252665,0
141889,0,1,0.78858316,0
141890,1,1,0.999998,1
141891,1,1,0.99992657,1
141892,0,1,0.8344069,0
141893,0,1,0.6637234,0
141894,0,1,0.48986956,0
141895,1,1,0.8283842,1
141896,1,1,0.99952805,1
141897,1,1,0.7332131,1
141898,0,0,0.0031788659,1
141899,1,1,0.9999999,1
141900,0,0,0.19582467,1
141901,1,1,0.54825026,1
141902,1,1,0.99999964,1
141903,1,1,0.9928509,1
141904,0,0,0.26020142,1
141905,1,1,0.9993761,1
141906,1,1,0.99999857,1
141907,0,1,0.9224824,0
141908,0,0,0.26908544,1
141909,1,0,0.1648523,0
141910,0,0,0.33884242,1
141911,1,1,0.9999839,1
141912,0,1,0.9646559,0
141913,1,0,0.017143765,0
141914,1,1,0.9604354,1
141915,0,0,0.06441766,1
141916,0,0,0.02917362,1
141917,1,1,0.999998,1
141918,1,0,0.049039625,0
141919,0,1,0.7247242,0
141920,1,1,0.999129,1
141921,0,0,0.20204929,1
141922,0,1,0.9257015,0
141923,0,0,0.018887341,1
141924,0,1,0.81706417,0
141925,0,0,0.14027737,1
141926,0,1,0.99718815,0
141927,0,1,1.0,0
141928,1,1,0.9999988,1
141929,0,1,0.9333094,0
141930,1,0,0.278453,0
141931,0,0,0.11211313,1
141932,0,1,0.36954254,0
141933,1,1,0.92709976,1
141934,1,1,1.0,1
141935,1,1,0.9999993,1
141936,1,1,0.99952257,1
141937,1,1,0.920218,1
141938,0,1,0.9999994,0
141939,0,1,0.97180575,0
141940,0,0,0.025982061,1
141941,0,0,0.11651246,1
141942,1,1,0.5785077,1
141943,0,0,0.008644178,1
141944,1,1,0.82866174,1
141945,0,0,0.2776688,1
141946,0,1,0.9877823,0
141947,0,1,0.5612148,0
141948,0,1,0.9727014,0
141949,0,1,0.54613304,0
141950,0,1,0.99966526,0
141951,1,0,0.12705572,0
141952,0,1,0.43428135,0
141953,0,1,0.69580334,0
141954,1,0,0.022414219,0
141955,1,1,1.0,1
141956,1,1,1.0,1
141957,1,1,0.99656373,1
141958,1,1,1.0,1
141959,0,0,0.09309923,1
141960,0,0,0.016817752,1
141961,0,0,0.07606381,1
141962,1,1,0.9991204,1
141963,1,0,0.1308397,0
141964,1,1,0.9818579,1
141965,0,0,0.06267437,1
141966,1,1,1.0,1
141967,0,0,0.059155874,1
141968,1,0,0.3122127,0
141969,1,1,1.0,1
141970,1,1,0.9999999,1
141971,0,0,0.0059571536,1
141972,1,1,0.9600627,1
141973,0,0,0.05644403,1
141974,1,0,0.023599295,0
141975,0,0,0.019606182,1
141976,0,0,0.25155574,1
141977,1,0,0.05051767,0
141978,1,1,0.42933965,1
141979,0,1,0.7744129,0
141980,0,0,0.12608409,1
141981,0,1,0.8253083,0
141982,0,1,0.80494314,0
141983,0,1,0.9998574,0
141984,1,1,0.99968493,1
141985,1,1,0.99999964,1
141986,1,0,0.057652235,0
141987,1,1,0.9999999,1
141988,1,1,0.99522626,1
141989,0,0,0.17483254,1
141990,1,1,0.9999999,1
141991,1,1,0.7025811,1
141992,0,1,0.7815808,0
141993,0,0,0.24041773,1
141994,0,1,0.6128312,0
141995,0,1,0.9931629,0
141996,1,1,0.99999917,1
141997,0,0,0.059319146,1
141998,1,0,0.06014182,0
141999,0,0,0.34598866,1
142000,1,1,0.48523378,1
142001,0,0,0.0548532,1
142002,0,0,0.16291203,1
142003,0,0,0.03293013,1
142004,0,0,0.097734325,1
142005,1,1,0.9999993,1
142006,1,1,0.9999933,1
142007,1,1,0.930395,1
142008,0,1,0.692174,0
142009,1,0,0.12126887,0
142010,1,1,0.99999654,1
142011,0,0,0.18447348,1
142012,1,1,1.0,1
142013,1,1,0.9914556,1
142014,0,1,0.9999219,0
142015,1,1,0.99999833,1
142016,1,0,0.03989989,0
142017,1,0,0.16344544,0
142018,0,1,0.85415626,0
142019,1,1,1.0,1
142020,1,1,1.0,1
142021,0,0,0.1334717,1
142022,1,1,0.5532036,1
142023,0,1,0.9378969,0
142024,1,1,0.98427594,1
142025,0,0,0.17589168,1
142026,1,1,0.9844862,1
142027,0,1,0.99998224,0
142028,1,1,1.0,1
142029,0,0,0.061311536,1
142030,0,1,0.99582565,0
142031,1,1,0.9999385,1
142032,1,1,0.9999994,1
142033,0,1,0.9995141,0
142034,1,1,1.0,1
142035,0,0,0.047958106,1
142036,0,0,0.016403032,1
142037,1,1,0.9995566,1
142038,1,0,0.002981033,0
142039,0,1,0.9985191,0
142040,1,1,1.0,1
142041,0,0,0.1363207,1
142042,0,1,0.9674718,0
142043,0,0,0.019014433,1
142044,1,0,0.026708465,0
142045,1,0,0.15386674,0
142046,0,0,0.023043232,1
142047,1,1,0.99999976,1
142048,0,0,0.12304914,1
142049,1,1,0.60346454,1
142050,1,1,0.89469755,1
142051,0,0,0.055823144,1
142052,1,0,0.07043161,0
142053,0,1,0.355663,0
142054,1,1,0.97396845,1
142055,0,1,0.44083032,0
142056,1,1,0.9248914,1
142057,0,1,0.9998134,0
142058,0,1,0.9966949,0
142059,0,0,0.12495856,1
142060,0,0,0.1462091,1
142061,1,1,0.9984269,1
142062,1,0,0.009974921,0
142063,1,1,0.99999356,1
142064,1,0,0.008594111,0
142065,1,1,0.36647636,1
142066,0,0,0.02215887,1
142067,1,1,0.99993134,1
142068,0,1,0.71107996,0
142069,1,0,0.116864756,0
142070,1,1,0.9994241,1
142071,1,1,0.9999999,1
142072,0,1,0.78825736,0
142073,0,0,0.017425755,1
142074,1,1,0.800146,1
142075,1,1,0.9996207,1
142076,1,0,0.012123754,0
142077,0,1,0.99941504,0
142078,0,0,0.20142023,1
142079,1,1,0.9719126,1
142080,0,0,0.1930713,1
142081,1,1,0.9863631,1
142082,1,1,0.9838161,1
142083,1,0,0.03893851,0
142084,1,1,0.99984455,1
142085,1,0,0.11075938,0
142086,1,1,1.0,1
142087,1,1,0.99995947,1
142088,1,1,0.9983675,1
142089,0,1,0.9790558,0
142090,1,1,1.0,1
142091,1,0,0.2615195,0
142092,0,0,0.10989669,1
142093,0,0,0.08359068,1
142094,1,1,0.9999398,1
142095,1,1,0.9996331,1
142096,0,0,0.12624557,1
142097,0,1,0.7710687,0
142098,0,1,0.9306476,0
142099,1,1,0.9999889,1
142100,0,1,0.37324739,0
142101,1,1,1.0,1
142102,0,1,0.67055434,0
142103,1,1,1.0,1
142104,0,1,0.44245577,0
142105,0,0,0.12241826,1
142106,1,1,1.0,1
142107,0,1,0.85034436,0
142108,0,0,0.040087357,1
142109,0,0,0.16026603,1
142110,1,1,1.0,1
142111,0,1,0.93306583,0
142112,1,1,0.41046086,1
142113,1,1,0.9996692,1
142114,1,1,1.0,1
142115,1,0,0.2986959,0
142116,1,0,0.25590113,0
142117,1,0,0.08291986,0
142118,1,0,0.23625182,0
142119,0,1,0.7506442,0
142120,1,1,0.99999976,1
142121,1,0,0.17023194,0
142122,1,1,0.9999933,1
142123,1,1,1.0,1
142124,0,1,0.47578797,0
142125,1,0,0.22431023,0
142126,1,1,1.0,1
142127,0,0,0.0048768865,1
142128,0,1,0.604574,0
142129,0,0,0.1470033,1
142130,0,1,0.57511085,0
142131,1,1,0.99988806,1
142132,1,1,0.96472245,1
142133,0,0,0.09739039,1
142134,1,1,0.9999671,1
142135,1,1,0.99986184,1
142136,0,0,0.0703677,1
142137,0,1,0.603523,0
142138,1,1,1.0,1
142139,1,1,0.9996026,1
142140,0,0,0.01665704,1
142141,1,0,0.014199682,0
142142,1,1,0.6971452,1
142143,0,1,0.9999777,0
142144,1,1,0.9999999,1
142145,1,1,0.9999677,1
142146,1,0,0.020824393,0
142147,1,1,0.71606976,1
142148,1,0,0.12347128,0
142149,0,1,0.8507168,0
142150,1,1,0.40644962,1
142151,1,1,0.9999895,1
142152,0,1,0.6530716,0
142153,1,1,0.9999956,1
142154,1,1,0.38566384,1
142155,0,1,0.9998634,0
142156,1,1,1.0,1
142157,0,0,0.09859886,1
142158,0,1,0.998884,0
142159,0,0,0.13974822,1
142160,0,0,0.010818448,1
142161,1,1,0.6801886,1
142162,1,1,0.99999976,1
142163,0,1,0.40289125,0
142164,0,1,0.999997,0
142165,1,1,0.9301416,1
142166,1,1,0.99952805,1
142167,1,1,0.9999999,1
142168,1,1,0.98190993,1
142169,1,1,0.99997675,1
142170,1,1,0.9997876,1
142171,1,1,0.9994012,1
142172,0,1,0.8130158,0
142173,1,1,0.99871826,1
142174,1,0,0.17974643,0
142175,1,1,1.0,1
142176,0,1,0.8975158,0
142177,0,0,0.11807967,1
142178,0,1,0.48462397,0
142179,1,1,0.7316821,1
142180,1,1,0.9999707,1
142181,1,1,0.90998703,1
142182,0,1,0.597784,0
142183,0,0,0.015998371,1
142184,1,1,0.99675864,1
142185,1,1,0.98886347,1
142186,1,1,1.0,1
142187,0,0,0.14792407,1
142188,1,0,0.024916517,0
142189,0,1,0.5020447,0
142190,1,0,0.058830604,0
142191,1,1,0.6346,1
142192,1,1,0.9999943,1
142193,0,0,0.06669065,1
142194,0,0,0.044224583,1
142195,1,0,0.1866133,0
142196,0,1,0.6657909,0
142197,0,1,0.51013047,0
142198,0,1,0.35998267,0
142199,0,0,0.021105006,1
142200,1,1,0.99990726,1
142201,1,1,0.9687676,1
142202,1,1,0.97819793,1
142203,0,0,0.18097351,1
142204,0,0,0.0034362858,1
142205,1,1,0.9971771,1
142206,0,1,0.97321534,0
142207,0,1,0.9999988,0
142208,0,0,0.16606593,1
142209,1,1,0.99615306,1
142210,1,1,1.0,1
142211,1,1,0.99965465,1
142212,0,0,0.284576,1
142213,1,1,1.0,1
142214,1,1,0.87310666,1
142215,0,1,0.7221843,0
142216,1,1,0.38156515,1
142217,1,1,0.99983525,1
142218,0,1,0.5159857,0
142219,1,1,0.9996737,1
142220,0,1,0.68188566,0
142221,0,1,0.99518895,0
142222,1,1,0.67678016,1
142223,1,0,0.010797569,0
142224,0,0,0.23961616,1
142225,1,1,0.9998932,1
142226,1,1,0.99999976,1
142227,1,0,0.24368744,0
142228,1,0,0.08291986,0
142229,1,1,0.9997063,1
142230,0,1,0.9999975,0
142231,1,1,0.99865675,1
142232,0,0,0.19475038,1
142233,0,1,0.9999999,0
142234,1,1,1.0,1
142235,1,1,0.9961306,1
142236,1,1,0.997399,1
142237,1,1,0.9999999,1
142238,0,1,0.99783427,0
142239,1,1,0.99999285,1
142240,1,1,0.99998903,1
142241,0,1,0.99999976,0
142242,1,1,1.0,1
142243,1,1,0.99428093,1
142244,0,0,0.0118920505,1
142245,0,0,0.08819005,1
142246,1,0,0.027117655,0
142247,1,1,0.49108982,1
142248,0,0,0.03442355,1
142249,1,1,0.92064714,1
142250,1,1,0.97381955,1
142251,0,0,0.33824104,1
142252,0,0,0.1613863,1
142253,0,1,0.4614415,0
142254,0,1,0.7490413,0
142255,0,0,0.05597775,1
142256,0,1,0.99999857,0
142257,1,1,1.0,1
142258,0,1,0.91891783,0
142259,1,0,0.12168575,0
142260,1,1,1.0,1
142261,1,1,0.999998,1
142262,1,1,1.0,1
142263,0,0,0.06052939,1
142264,0,0,0.18520921,1
142265,0,1,0.5824911,0
142266,0,1,0.99980134,0
142267,1,1,0.99960417,1
142268,1,0,0.31827322,0
142269,0,1,0.39079547,0
142270,0,0,0.25566876,1
142271,1,1,0.9801103,1
142272,1,1,0.99965537,1
142273,1,0,0.27405983,0
142274,0,0,0.10875559,1
142275,1,1,1.0,1
142276,1,1,0.9997613,1
142277,1,1,1.0,1
142278,0,1,0.8255897,0
142279,1,1,0.9821684,1
142280,0,0,0.006450608,1
142281,0,1,0.9144437,0
142282,0,1,0.8550057,0
142283,1,0,0.161717,0
142284,0,0,0.07821887,1
142285,1,1,0.96295285,1
142286,0,1,0.996357,0
142287,0,0,0.21692254,1
142288,1,1,0.9189906,1
142289,0,0,0.00062146306,1
142290,0,0,0.004174367,1
142291,1,1,0.9230392,1
142292,0,0,0.103295475,1
142293,0,1,0.9951514,0
142294,0,0,0.022933563,1
142295,1,1,0.9722835,1
142296,1,1,0.4073629,1
142297,1,1,0.99766773,1
142298,1,1,0.9905874,1
142299,0,1,0.61630094,0
142300,1,1,0.7611392,1
142301,0,1,0.93749756,0
142302,1,1,0.9974885,1
142303,0,1,0.3693151,0
142304,0,0,0.13551785,1
142305,0,0,0.19674903,1
142306,0,1,0.87914675,0
142307,1,1,0.9999937,1
142308,1,1,1.0,1
142309,1,1,0.99792516,1
142310,1,1,0.6378771,1
142311,1,0,0.0019192373,0
142312,1,1,0.99999964,1
142313,1,1,0.9140609,1
142314,1,0,0.32922992,0
142315,1,1,0.9984452,1
142316,0,0,0.1513411,1
142317,0,0,0.11095189,1
142318,0,1,0.7081621,0
142319,1,0,0.15291561,0
142320,0,0,0.012241274,1
142321,0,1,0.7977145,0
142322,1,1,0.42682916,1
142323,0,1,0.91789335,0
142324,1,1,0.9999994,1
142325,1,1,1.0,1
142326,1,1,1.0,1
142327,1,1,0.999997,1
142328,1,1,0.99998343,1
142329,0,1,0.4416429,0
142330,0,1,0.77081,0
142331,1,1,0.999608,1
142332,1,1,0.9868281,1
142333,0,0,0.049130786,1
142334,1,1,0.9996613,1
142335,0,1,0.8806945,0
142336,1,1,0.4756053,1
142337,1,1,0.9999999,1
142338,0,0,0.11556087,1
142339,0,0,0.17497346,1
142340,1,1,0.99630713,1
142341,0,1,0.9360516,0
142342,0,0,0.061143138,1
142343,0,1,0.39062113,0
142344,1,1,1.0,1
142345,1,1,1.0,1
142346,1,0,0.07878402,0
142347,0,0,0.1292378,1
142348,1,1,1.0,1
142349,1,1,0.44703785,1
142350,0,0,0.056392044,1
142351,1,1,0.9999957,1
142352,0,0,0.064830884,1
142353,1,0,0.24041773,0
142354,0,0,0.33106568,1
142355,0,1,0.88171685,0
142356,1,1,0.96606,1
142357,1,1,1.0,1
142358,0,0,0.06250249,1
142359,1,0,0.024237636,0
142360,1,1,0.38315073,1
142361,0,1,0.85342485,0
142362,0,0,0.23423143,1
142363,1,1,0.9999963,1
142364,0,1,0.90414387,0
142365,0,1,0.98272413,0
142366,0,0,0.06693421,1
142367,1,1,0.9997439,1
142368,1,1,0.99999964,1
142369,0,0,0.19559407,1
142370,1,1,1.0,1
142371,1,0,0.013902058,0
142372,1,1,0.99869555,1
142373,1,1,0.3696848,1
142374,0,1,0.56247693,0
142375,1,0,0.18952107,0
142376,1,1,1.0,1
142377,1,1,0.9995363,1
142378,1,1,0.9998535,1
142379,1,0,0.08277145,0
142380,1,1,0.99998176,1
142381,0,1,0.67752737,0
142382,0,0,0.09260568,1
142383,1,1,0.3890242,1
142384,1,1,0.99999285,1
142385,1,1,0.76803803,1
142386,0,0,0.15316877,1
142387,1,1,0.9999995,1
142388,1,1,0.9998247,1
142389,0,1,0.5905431,0
142390,1,1,0.99998343,1
142391,0,0,0.10026027,1
142392,0,0,0.0343263,1
142393,1,1,0.99999976,1
142394,1,1,0.9991135,1
142395,1,1,0.9049869,1
142396,1,1,1.0,1
142397,1,1,1.0,1
142398,1,1,0.58041155,1
142399,1,0,0.08961382,0
142400,0,0,0.014009565,1
142401,0,1,0.4182513,0
142402,1,1,0.9872773,1
142403,1,1,0.99927205,1
142404,0,0,0.09017308,1
142405,1,1,0.96232057,1
142406,1,1,0.99998534,1
142407,1,1,0.9573974,1
142408,1,1,0.98324674,1
142409,1,1,1.0,1
142410,1,1,1.0,1
142411,1,0,0.3489224,0
142412,1,1,0.9462501,1
142413,0,1,0.9280836,0
142414,1,1,0.8264319,1
142415,0,0,0.09721884,1
142416,0,1,0.4280242,0
142417,1,1,1.0,1
142418,0,0,0.0124797,1
142419,0,0,0.11661302,1
142420,1,1,0.80609053,1
142421,1,1,0.9993,1
142422,1,1,0.9361684,1
142423,1,1,0.99999523,1
142424,1,1,0.9999988,1
142425,1,0,0.12710989,0
142426,0,0,0.17745425,1
142427,1,1,0.9999707,1
142428,0,1,0.9584212,0
142429,1,1,0.9999994,1
142430,0,0,0.18191628,1
142431,0,0,0.06524657,1
142432,0,0,0.21403356,1
142433,1,0,0.18839861,0
142434,0,1,0.71963,0
142435,0,0,0.10669061,1
142436,0,1,0.9983059,0
142437,1,1,0.9999479,1
142438,0,0,0.06878729,1
142439,1,1,0.9999999,1
142440,1,1,0.9999999,1
142441,0,0,0.02237146,1
142442,1,0,0.17795369,0
142443,0,0,0.04689926,1
142444,1,1,1.0,1
142445,1,1,0.7673414,1
142446,1,1,1.0,1
142447,1,1,0.9999968,1
142448,1,1,0.9999982,1
142449,0,0,0.1668111,1
142450,1,1,0.97881407,1
142451,0,1,0.87568074,0
142452,1,1,0.9991424,1
142453,1,0,0.12158143,0
142454,1,1,0.9931229,1
142455,0,1,0.9296323,0
142456,1,1,0.99922514,1
142457,1,1,1.0,1
142458,1,1,0.99993396,1
142459,0,1,0.58367807,0
142460,0,1,1.0,0
142461,1,1,0.99999726,1
142462,1,1,1.0,1
142463,1,1,0.9999565,1
142464,0,1,0.7406436,0
142465,0,1,0.4860266,0
142466,1,1,0.99999976,1
142467,1,1,0.8594279,1
142468,1,1,0.99999976,1
142469,1,1,0.99999964,1
142470,1,0,0.12989861,0
142471,0,0,0.15817434,1
142472,0,0,0.15739572,1
142473,1,1,0.41513592,1
142474,0,0,0.07276838,1
142475,0,0,0.035144847,1
142476,0,0,0.035344075,1
142477,1,1,0.99946636,1
142478,1,0,0.17085357,0
142479,1,1,1.0,1
142480,0,0,0.0768222,1
142481,0,0,0.17909941,1
142482,0,0,0.05926467,1
142483,0,0,0.10493506,1
142484,0,0,0.012503792,1
142485,1,0,0.12262824,0
142486,0,0,0.049130786,1
142487,1,0,0.015365342,0
142488,0,0,0.1668111,1
142489,1,1,0.9997851,1
142490,0,1,0.9505947,0
142491,1,0,0.1649868,0
142492,0,0,0.051319942,1
142493,1,1,0.99999654,1
142494,0,0,0.039268754,1
142495,0,1,0.94240075,0
142496,1,1,0.9999795,1
142497,1,1,0.9999473,1
142498,1,0,0.16633658,0
142499,1,1,0.99999166,1
142500,0,0,0.1138749,1
142501,1,1,1.0,1
142502,0,1,0.7366848,0
142503,0,0,0.00462753,1
142504,1,1,1.0,1
142505,1,0,0.18735561,0
142506,1,1,0.9977787,1
142507,0,0,0.010288301,1
142508,0,1,0.99727446,0
142509,1,1,0.6631784,1
142510,0,1,0.90582335,0
142511,0,0,0.25622666,1
142512,0,1,0.99974877,0
142513,1,1,0.9999944,1
142514,1,1,1.0,1
142515,1,0,0.0842664,0
142516,1,1,0.8708172,1
142517,0,1,0.98846966,0
142518,1,1,0.4020986,1
142519,1,1,0.992961,1
142520,1,1,0.94261247,1
142521,1,1,1.0,1
142522,0,1,0.99993944,0
142523,0,0,0.045310315,1
142524,0,1,0.8171371,0
142525,1,1,1.0,1
142526,1,1,1.0,1
142527,0,0,0.29118237,1
142528,1,1,0.9574771,1
142529,1,0,0.083965465,0
142530,1,1,0.999979,1
142531,1,1,0.99085677,1
142532,1,0,0.26340985,0
142533,1,0,0.17981844,0
142534,0,1,0.78141403,0
142535,0,1,0.8929365,0
142536,0,0,0.021267017,1
142537,0,1,0.53849787,0
142538,1,1,0.7619816,1
142539,1,1,0.9999478,1
142540,0,0,0.09326426,1
142541,0,0,0.01001357,1
142542,0,1,0.9998517,0
142543,1,1,0.9998691,1
142544,1,1,0.37339017,1
142545,1,0,0.070816204,0
142546,1,1,0.99632865,1
142547,1,1,0.99634284,1
142548,1,1,0.99998486,1
142549,1,1,1.0,1
142550,1,1,0.9645224,1
142551,1,1,1.0,1
142552,0,0,0.06669065,1
142553,1,1,0.35577488,1
142554,1,1,0.9999957,1
142555,0,0,0.07152632,1
142556,0,1,1.0,0
142557,1,1,0.9969187,1
142558,0,0,0.1510904,1
142559,0,0,0.022222437,1
142560,1,1,1.0,1
142561,0,0,0.01569379,1
142562,1,1,0.4364419,1
142563,1,1,0.9988575,1
142564,0,1,0.9999938,0
142565,0,0,0.08108211,1
142566,0,1,0.9999981,0
142567,1,0,0.031261913,0
142568,1,1,0.99999964,1
142569,1,1,0.99821436,1
142570,1,1,0.98403233,1
142571,0,1,0.6269811,0
142572,1,0,5.4010798e-06,0
142573,0,0,0.045394883,1
142574,1,1,0.9999995,1
142575,1,1,0.8911497,1
142576,1,1,0.9081302,1
142577,0,1,0.9976495,0
142578,1,1,0.60981464,1
142579,1,0,0.16451645,0
142580,1,1,1.0,1
142581,1,1,0.90804875,1
142582,0,1,0.99694854,0
142583,0,0,0.046724956,1
142584,1,1,0.999884,1
142585,1,1,0.95145893,1
142586,1,0,0.10922978,0
142587,0,1,0.97925514,0
142588,1,1,0.9447403,1
142589,1,1,1.0,1
142590,1,1,0.9874721,1
142591,1,1,0.9792154,1
142592,1,1,1.0,1
142593,1,1,0.98403233,1
142594,0,0,0.12126887,1
142595,1,1,0.92775697,1
142596,1,1,0.87375444,1
142597,0,0,0.0245397,1
142598,1,1,0.99996364,1
142599,0,0,0.16317856,1
142600,0,0,0.10576342,1
142601,0,0,0.316739,1
142602,1,1,0.99979657,1
142603,1,1,0.9999087,1
142604,0,0,0.03452106,1
142605,1,1,0.9999962,1
142606,1,1,0.9999751,1
142607,1,1,0.9999815,1
142608,1,1,1.0,1
142609,1,0,0.10800066,0
142610,1,1,0.6945617,1
142611,0,0,0.02784845,1
142612,1,1,1.0,1
142613,0,0,0.12373573,1
142614,1,0,0.09041373,0
142615,1,1,0.37359008,1
142616,1,1,0.99993527,1
142617,1,1,0.94839406,1
142618,1,1,0.9999999,1
142619,0,0,0.010550081,1
142620,1,0,0.016340127,0
142621,1,1,0.81859183,1
142622,1,1,0.9999974,1
142623,0,0,0.020606475,1
142624,1,1,0.99999905,1
142625,1,0,0.044472914,0
142626,1,1,0.96826136,1
142627,1,0,0.004093958,0
142628,1,1,0.9999989,1
142629,0,1,0.99528164,0
142630,1,1,0.9848984,1
142631,0,1,0.99901307,0
142632,1,1,0.9943581,1
142633,1,1,0.8733229,1
142634,1,1,0.99688846,1
142635,1,1,0.8480936,1
142636,1,1,0.98986953,1
142637,1,1,0.9999912,1
142638,1,1,0.9999999,1
142639,1,1,0.9998416,1
142640,1,1,0.9987816,1
142641,1,1,0.99999297,1
142642,0,0,0.079068,1
142643,0,1,0.9987031,0
142644,1,0,0.14229147,0
142645,1,1,0.99999607,1
142646,1,1,0.99999225,1
142647,1,1,0.62874943,1
142648,1,1,0.77704614,1
142649,1,1,0.4001632,1
142650,1,1,1.0,1
142651,1,1,0.99987614,1
142652,0,1,0.99324185,0
142653,1,1,1.0,1
142654,0,1,0.5549529,0
142655,0,0,0.08181271,1
142656,0,0,0.14360754,1
142657,1,1,0.5225068,1
142658,1,0,0.24707794,0
142659,1,0,0.10631887,0
142660,1,1,0.93732566,1
142661,1,0,0.0051998803,0
142662,0,0,0.24807851,1
142663,1,1,0.9999999,1
142664,1,1,0.99930406,1
142665,0,1,0.38081652,0
142666,0,0,0.052086018,1
142667,0,0,0.34709436,1
142668,1,0,0.33867836,0
142669,1,1,1.0,1
142670,0,1,0.9998977,0
142671,1,1,0.82810634,1
142672,0,0,0.05014425,1
142673,1,1,1.0,1
142674,1,1,1.0,1
142675,1,1,0.5963156,1
142676,1,1,1.0,1
142677,0,1,0.89340246,0
142678,0,1,0.55772483,0
142679,1,1,0.9998579,1
142680,0,1,0.48428863,0
142681,0,1,0.5671577,0
142682,1,0,0.00072790676,0
142683,1,1,0.9986436,1
142684,0,0,0.029340027,1
142685,1,0,0.25664562,0
142686,1,1,0.9456007,1
142687,0,1,0.99966073,0
142688,1,1,1.0,1
142689,1,0,0.061143138,0
142690,1,0,0.043487497,0
142691,1,1,1.0,1
142692,1,0,0.14324762,0
142693,1,1,0.99666256,1
142694,0,0,0.0045296163,1
142695,1,1,0.9907499,1
142696,0,1,0.38693717,0
142697,1,0,0.0190509,0
142698,1,1,0.9837225,1
142699,1,1,0.92956835,1
142700,1,0,0.006438102,0
142701,1,0,0.00640073,0
142702,0,1,0.87396973,0
142703,0,1,0.99980134,0
142704,0,0,0.09842541,1
142705,1,1,0.9999337,1
142706,1,1,0.9999796,1
142707,0,0,0.17823958,1
142708,0,0,0.21900325,1
142709,0,1,0.98569053,0
142710,0,0,0.1698185,1
142711,1,1,0.99998367,1
142712,0,0,0.14175598,1
142713,0,1,0.9337335,0
142714,1,1,0.3629127,1
142715,0,1,0.80286485,0
142716,1,1,0.9999925,1
142717,1,1,1.0,1
142718,1,1,0.9999814,1
142719,1,1,0.9999324,1
142720,1,1,0.9974788,1
142721,0,0,0.022137716,1
142722,1,1,1.0,1
142723,0,0,0.15278916,1
142724,1,1,0.38231438,1
142725,1,0,0.14330755,0
142726,0,1,0.99857855,0
142727,0,1,0.95691687,0
142728,0,1,0.6873677,0
142729,0,1,0.99459416,0
142730,1,1,0.9508692,1
142731,1,1,0.99990237,1
142732,1,1,1.0,1
142733,0,1,0.9693822,0
142734,0,0,0.053551625,1
142735,1,1,1.0,1
142736,1,1,0.6412539,1
142737,0,1,0.69196594,0
142738,1,1,0.9993449,1
142739,1,1,1.0,1
142740,0,1,0.43818408,0
142741,1,1,0.9825575,1
142742,0,0,0.1434875,1
142743,1,1,0.9999443,1
142744,1,1,0.99999976,1
142745,1,0,0.06998537,0
142746,1,1,1.0,1
142747,1,1,1.0,1
142748,1,1,0.9946774,1
142749,0,0,0.009232214,1
142750,0,0,0.038466193,1
142751,1,1,0.99925333,1
142752,0,1,0.95400894,0
142753,1,1,0.9999988,1
142754,0,1,0.9894091,0
142755,1,1,0.9999567,1
142756,1,1,1.0,1
142757,1,0,0.07689149,0
142758,1,1,0.99988854,1
142759,1,1,1.0,1
142760,0,1,0.71173155,0
142761,0,1,1.0,0
142762,1,1,0.93885684,1
142763,1,1,0.9999987,1
142764,0,0,0.16145241,1
142765,1,1,0.86153823,1
142766,0,0,0.06935241,1
142767,1,0,0.08137364,0
142768,1,0,0.08779819,0
142769,1,0,0.11516222,0
142770,1,0,0.004636535,0
142771,1,0,0.21750368,0
142772,1,1,0.96961325,1
142773,1,1,0.6548396,1
142774,1,1,1.0,1
142775,1,1,0.7689935,1
142776,1,1,1.0,1
142777,1,0,0.111627996,0
142778,1,1,0.99998856,1
142779,1,1,1.0,1
142780,1,1,0.99349916,1
142781,1,1,0.99987614,1
142782,0,1,0.9597998,0
142783,1,1,1.0,1
142784,1,1,0.46575192,1
142785,0,1,0.83413684,0
142786,1,0,0.04501553,0
142787,1,1,1.0,1
142788,1,1,0.99999964,1
142789,1,1,0.99994934,1
142790,0,0,0.13006428,1
142791,0,0,0.012649318,1
142792,0,1,0.9995426,0
142793,1,1,0.99615306,1
142794,1,1,0.9999994,1
142795,1,0,0.0139557095,0
142796,1,0,0.040162582,0
142797,1,1,0.9723097,1
142798,0,1,0.84363765,0
142799,0,0,0.048047364,1
142800,1,1,0.99894124,1
142801,0,1,0.3981139,0
142802,0,0,0.02384809,1
142803,1,1,0.9999125,1
142804,1,1,0.9915052,1
142805,0,0,0.14798562,1
142806,1,0,0.035277545,0
142807,0,0,0.16411416,1
142808,0,0,0.070495576,1
142809,0,1,0.9999896,0
142810,0,1,0.8983214,0
142811,0,1,0.9601001,0
142812,0,0,0.18728127,1
142813,1,1,1.0,1
142814,0,0,0.33796784,1
142815,1,1,1.0,1
142816,1,1,0.9281487,1
142817,0,0,0.17731173,1
142818,0,1,0.79286546,0
142819,1,0,0.13557507,0
142820,0,0,0.34185708,1
142821,1,1,0.9999349,1
142822,1,0,0.21725449,0
142823,0,1,0.9828562,0
142824,1,1,0.9994105,1
142825,1,1,0.3540421,1
142826,0,1,0.9999993,0
142827,1,1,0.96653706,1
142828,1,1,0.7014575,1
142829,1,1,0.9999999,1
142830,1,1,0.9993475,1
142831,1,0,0.22507577,0
142832,0,1,0.99876,0
142833,0,1,0.7816641,0
142834,0,1,0.99959475,0
142835,1,1,1.0,1
142836,0,1,0.42140296,0
142837,1,1,0.99998343,1
142838,1,1,0.9994937,1
142839,0,1,0.56985265,0
142840,1,1,0.99999833,1
142841,0,1,0.93919235,0
142842,0,1,0.37193474,0
142843,1,0,0.26038945,0
142844,1,1,0.8597815,1
142845,0,1,0.58533823,0
142846,0,1,0.96765566,0
142847,1,1,0.999572,1
142848,1,1,1.0,1
142849,0,0,0.012895588,1
142850,1,1,0.99995613,1
142851,0,1,0.98337495,0
142852,1,1,0.99998105,1
142853,1,0,0.11767348,0
142854,0,0,0.2600135,1
142855,0,0,0.029201293,1
142856,0,1,0.6947688,0
142857,1,1,0.99999905,1
142858,1,1,0.99999774,1
142859,0,1,0.9938309,0
142860,0,0,0.044931643,1
142861,1,1,0.99653685,1
142862,1,0,0.028436033,0
142863,1,1,1.0,1
142864,1,1,0.9999809,1
142865,1,0,0.023554333,0
142866,1,1,0.6243508,1
142867,1,1,0.9974837,1
142868,1,1,1.0,1
142869,0,1,0.3617282,0
142870,1,1,0.99999976,1
142871,0,1,0.9986356,0
142872,0,0,0.009633653,1
142873,1,1,0.99992037,1
142874,0,1,0.676032,0
142875,0,1,0.6519645,0
142876,1,1,0.99999964,1
142877,0,1,0.9636776,0
142878,1,1,0.79700434,1
142879,1,1,0.74562997,1
142880,1,1,1.0,1
142881,1,1,0.46010697,1
142882,1,1,0.99999833,1
142883,0,0,0.07800791,1
142884,1,1,0.9240733,1
142885,1,1,1.0,1
142886,0,1,0.9982658,0
142887,1,1,0.74265504,1
142888,1,1,1.0,1
142889,1,0,0.28681803,0
142890,1,1,1.0,1
142891,0,0,0.14157787,1
142892,1,1,0.9995802,1
142893,1,1,0.45114514,1
142894,1,1,0.82161736,1
142895,1,1,0.99634284,1
142896,0,1,0.676032,0
142897,0,0,0.08819005,1
142898,1,0,0.15520647,0
142899,0,1,0.99998105,0
142900,0,1,0.9716448,0
142901,1,0,0.16755892,0
142902,0,0,0.27405983,1
142903,0,0,0.20561504,1
142904,0,1,0.8827315,0
142905,0,0,0.06336634,1
142906,1,1,0.9999993,1
142907,0,0,0.26274723,1
142908,1,1,0.41418785,1
142909,1,1,0.71701187,1
142910,0,0,0.09334689,1
142911,1,0,0.2673125,0
142912,1,1,0.43983755,1
142913,1,1,0.7989722,1
142914,1,1,1.0,1
142915,0,1,0.9979412,0
142916,1,1,0.99970055,1
142917,1,1,0.9915052,1
142918,1,1,1.0,1
142919,0,0,0.25423115,1
142920,0,1,0.83508044,0
142921,0,0,0.15178062,1
142922,0,1,0.99993217,0
142923,1,1,1.0,1
142924,1,0,0.3127372,0
142925,1,1,0.8030194,1
142926,1,1,0.88710684,1
142927,0,1,0.9296961,0
142928,0,0,0.33036318,1
142929,1,0,0.1261379,0
142930,1,1,0.9040592,1
142931,0,1,0.6479653,0
142932,0,1,0.9991541,0
142933,0,0,0.14847884,1
142934,1,1,0.79565805,1
142935,1,0,0.038901985,0
142936,0,0,0.10221505,1
142937,1,1,0.7433543,1
142938,0,0,0.2303133,1
142939,0,0,0.026506122,1
142940,0,1,0.98644173,0
142941,0,0,0.03471688,1
142942,0,1,0.49206612,0
142943,0,0,0.3396633,1
142944,1,1,0.39245322,1
142945,1,0,0.12147716,0
142946,0,1,0.35942036,0
142947,0,0,0.17321827,1
142948,0,0,0.008594111,1
142949,1,1,0.5181195,1
142950,0,1,0.99999225,0
142951,1,1,0.9993081,1
142952,0,1,0.9708264,0
142953,1,1,0.9814534,1
142954,0,0,0.19238758,1
142955,1,1,0.5821941,1
142956,1,0,0.10221505,0
142957,0,0,0.0034362858,1
142958,1,1,1.0,1
142959,0,0,0.2243952,1
142960,0,0,0.041930523,1
142961,1,0,0.026205411,0
142962,0,1,0.9995566,0
142963,0,0,0.30564553,1
142964,1,1,0.80639565,1
142965,1,1,0.99591404,1
142966,1,1,0.97142875,1
142967,0,1,0.9985392,0
142968,1,0,0.11269772,0
142969,1,1,0.9978002,1
142970,1,1,0.99766326,1
142971,0,0,0.28881976,1
142972,0,1,0.41537306,0
142973,1,0,0.14033626,0
142974,1,1,0.56529874,1
142975,0,0,0.040162582,1
142976,1,0,0.08779819,0
142977,0,1,0.45350388,0
142978,1,1,0.44119143,1
142979,0,0,0.044265874,1
142980,1,0,0.064771704,0
142981,0,0,0.056704637,1
142982,1,1,0.99999213,1
142983,1,1,0.99995244,1
142984,1,1,1.0,1
142985,1,1,0.60141796,1
142986,0,1,0.99997497,0
142987,1,1,0.9965233,1
142988,0,1,0.76260096,0
142989,1,0,0.0016324889,0
142990,1,1,1.0,1
142991,0,1,0.8897206,0
142992,1,0,0.042882238,0
142993,0,1,0.976513,0
142994,1,1,0.8589554,1
142995,1,1,0.9999865,1
142996,0,0,0.0028393744,1
142997,1,1,1.0,1
142998,1,1,0.9992312,1
142999,0,1,0.566798,0
143000,1,1,0.9998416,1
143001,1,1,1.0,1
143002,1,1,0.7995989,1
143003,1,1,0.99999905,1
143004,1,1,0.9770445,1
143005,1,1,0.61941373,1
143006,0,0,0.16059487,1
143007,1,1,0.79438496,1
143008,1,1,0.9997942,1
143009,1,1,0.9999999,1
143010,1,1,0.96765566,1
143011,1,1,0.48767337,1
143012,0,0,0.23934935,1
143013,0,1,0.3951342,0
143014,1,1,1.0,1
143015,1,0,0.32127365,0
143016,1,1,0.99999964,1
143017,1,1,0.9946672,1
143018,1,1,0.9957353,1
143019,0,1,0.99729556,0
143020,1,1,1.0,1
143021,1,1,0.9999994,1
143022,1,1,0.99999833,1
143023,0,1,0.95643115,0
143024,1,1,0.9499023,1
143025,1,1,1.0,1
143026,1,1,0.94468933,1
143027,0,0,0.28120816,1
143028,1,0,0.2960942,0
143029,1,0,0.039268754,0
143030,1,1,0.99961025,1
143031,1,1,0.9998859,1
143032,1,1,1.0,1
143033,1,0,0.1131379,0
143034,0,0,0.3300392,1
143035,0,0,0.2616138,1
143036,1,1,0.9992175,1
143037,1,1,0.7713272,1
143038,1,1,0.99999917,1
143039,0,0,0.09679113,1
143040,1,0,0.29568732,0
143041,0,1,0.9078855,0
143042,0,0,0.023419945,1
143043,1,0,0.16995622,0
143044,0,1,0.38121954,0
143045,1,1,0.94433105,1
143046,1,1,0.35270324,1
143047,1,1,0.8900078,1
143048,1,1,0.99988806,1
143049,0,1,0.9992749,0
143050,1,1,0.99981266,1
143051,0,1,0.99995935,0
143052,0,1,0.9984723,0
143053,0,0,0.17967446,1
143054,1,1,0.9999999,1
143055,1,1,0.999992,1
143056,1,1,0.9999999,1
143057,0,0,0.022672437,1
143058,0,1,0.49877927,0
143059,0,0,0.24202642,1
143060,1,1,1.0,1
143061,0,1,0.99998796,0
143062,0,0,0.03216145,1
143063,1,1,0.952882,1
143064,1,1,0.64349735,1
143065,0,0,0.21900325,1
143066,1,1,0.99544394,1
143067,0,1,0.8782099,0
143068,0,1,0.9720721,0
143069,0,1,0.9796482,0
143070,0,0,0.030821325,1
143071,0,0,0.014475689,1
143072,0,0,0.06142404,1
143073,1,0,0.0882686,0
143074,1,1,0.99978,1
143075,0,0,0.32804486,1
143076,1,1,0.99950254,1
143077,0,0,0.27405983,1
143078,1,1,1.0,1
143079,0,0,0.052376077,1
143080,1,0,0.13666598,0
143081,0,0,0.031143833,1
143082,0,1,0.8362874,0
143083,0,1,0.4817586,0
143084,0,1,0.8949732,0
143085,1,1,0.9891816,1
143086,1,1,0.9999902,1
143087,1,1,1.0,1
143088,1,1,0.99957854,1
143089,1,1,0.9999999,1
143090,1,1,1.0,1
143091,1,1,0.99989486,1
143092,1,1,0.99998844,1
143093,1,1,0.9971161,1
143094,0,0,0.16013464,1
143095,1,0,0.22482039,0
143096,0,0,0.108377546,1
143097,0,0,0.05577169,1
143098,0,0,0.026506122,1
143099,0,1,0.9370381,0
143100,0,0,0.08811155,1
143101,1,0,0.26971012,0
143102,1,1,0.99999726,1
143103,1,0,0.18847331,0
143104,1,1,0.56187606,1
143105,0,0,0.15027805,1
143106,1,0,0.14718705,0
143107,0,1,0.9999995,0
143108,1,0,0.27168626,0
143109,0,1,0.4878564,0
143110,1,1,0.99998844,1
143111,1,0,0.01990879,0
143112,1,0,0.16810448,0
143113,0,0,0.18668744,1
143114,1,1,0.75783914,1
143115,0,0,0.068537496,1
143116,0,0,0.085403666,1
143117,1,1,0.7973202,1
143118,0,1,0.94402224,0
143119,1,0,0.16118816,0
143120,1,1,0.99951315,1
143121,1,0,0.031469602,0
143122,1,0,0.11486404,0
143123,0,1,0.9408442,0
143124,1,0,0.24131057,0
143125,1,1,0.9928924,1
143126,0,0,0.0728343,1
143127,0,1,0.72710437,0
143128,1,1,0.99922216,1
143129,1,1,1.0,1
143130,1,1,0.99999774,1
143131,0,0,0.14946929,1
143132,1,1,1.0,1
143133,0,1,0.9996686,0
143134,0,0,0.029008126,1
143135,1,1,1.0,1
143136,1,1,0.98571813,1
143137,1,1,0.6742114,1
143138,0,0,0.077867545,1
143139,1,1,0.9713746,1
143140,0,1,0.5286551,0
143141,1,0,0.13945496,0
143142,0,0,0.10687689,1
143143,0,1,0.9293122,0
143144,0,0,0.12945776,1
143145,1,1,0.9964688,1
143146,1,0,0.094594024,0
143147,1,0,0.32782966,0
143148,1,1,0.9971661,1
143149,1,1,0.9999982,1
143150,1,1,0.9987405,1
143151,1,1,0.9999988,1
143152,1,1,1.0,1
143153,1,1,0.99595356,1
143154,1,1,0.4412215,1
143155,1,1,0.9250271,1
143156,0,1,0.99291986,0
143157,1,1,0.9643886,1
143158,1,1,0.9975274,1
143159,1,1,0.4804787,1
143160,0,1,0.73115456,0
143161,0,1,0.9999976,0
143162,0,0,0.10557885,1
143163,1,1,0.99999666,1
143164,0,1,0.9999939,0
143165,0,0,0.21783629,1
143166,1,1,0.9999995,1
143167,1,1,0.9999927,1
143168,1,1,0.99999857,1
143169,0,1,0.98154205,0
143170,0,0,0.14854057,1
143171,0,0,0.10167862,1
143172,0,1,0.82782817,0
143173,1,1,0.5415907,1
143174,0,1,0.9999981,0
143175,1,1,0.9999031,1
143176,1,1,0.9614253,1
143177,1,0,0.023397617,0
143178,1,0,0.0033700461,0
143179,0,1,0.99993575,0
143180,1,1,0.9912548,1
143181,1,0,0.17497346,0
143182,0,1,0.99196917,0
143183,1,0,0.28572062,0
143184,1,0,0.00027053358,0
143185,1,1,0.9999995,1
143186,0,1,0.7665559,0
143187,1,1,0.99977654,1
143188,1,1,0.9894091,1
143189,0,0,0.039937317,1
143190,1,0,0.21816924,0
143191,0,0,0.0894546,1
143192,0,0,0.051319942,1
143193,0,1,0.38237205,0
143194,0,1,0.5292634,0
143195,1,0,0.007891985,0
143196,1,1,0.53916526,1
143197,1,1,1.0,1
143198,0,0,0.19467384,1
143199,0,1,0.54873395,0
143200,1,1,0.8248855,1
143201,1,1,1.0,1
143202,1,1,0.9999827,1
143203,1,1,1.0,1
143204,0,1,0.9994956,0
143205,0,0,0.32364723,1
143206,0,0,0.012845958,1
143207,1,1,0.9181873,1
143208,1,1,0.7765382,1
143209,0,1,0.8624676,0
143210,1,1,0.98501414,1
143211,1,1,0.99690056,1
143212,0,0,0.10230471,1
143213,1,1,0.77814394,1
143214,1,1,0.9285385,1
143215,0,1,0.93306583,0
143216,0,0,0.3070982,1
143217,0,0,0.11736965,1
143218,0,1,0.9999995,0
143219,0,1,0.6122517,0
143220,0,1,0.68135583,0
143221,1,1,0.9999993,1
143222,0,0,0.13898684,1
143223,0,0,0.112600096,1
143224,0,0,0.070816204,1
143225,1,1,0.9339146,1
143226,1,1,0.99999213,1
143227,1,0,0.010228809,0
143228,1,1,0.99999976,1
143229,1,1,1.0,1
143230,1,1,0.999997,1
143231,0,0,0.11940814,1
143232,0,1,0.9974342,0
143233,1,1,0.7966091,1
143234,0,1,0.5850419,0
143235,1,1,1.0,1
143236,0,0,0.049085185,1
143237,0,0,0.12315456,1
143238,1,1,0.63945466,1
143239,1,1,1.0,1
143240,0,0,0.10221505,1
143241,1,0,0.092359796,0
143242,0,1,0.9916033,0
143243,0,0,0.022116588,1
143244,1,1,0.76515496,1
143245,1,1,0.8248855,1
143246,1,1,0.9986904,1
143247,0,0,0.27747297,1
143248,1,1,0.9999511,1
143249,0,0,0.046942927,1
143250,0,1,0.9971661,0
143251,1,1,1.0,1
143252,0,0,0.012194132,1
143253,0,0,0.17795369,1
143254,1,0,0.02678473,0
143255,0,0,0.18698417,1
143256,0,1,0.7433543,0
143257,0,0,0.033023555,1
143258,1,0,0.11211313,0
143259,1,1,0.5322428,1
143260,1,1,0.99677116,1
143261,1,0,0.17610413,0
143262,0,1,0.8840393,0
143263,0,0,0.21568096,1
143264,0,1,0.5703911,0
143265,0,0,0.18772759,1
143266,0,0,0.33720353,1
143267,1,1,0.98466414,1
143268,0,1,0.86860406,0
143269,1,1,1.0,1
143270,0,1,0.7137809,0
143271,0,1,0.7923036,0
143272,0,1,0.9992267,0
143273,1,1,0.99952805,1
143274,1,1,0.7613611,1
143275,0,0,0.23161423,1
143276,0,1,0.9998535,0
143277,0,1,0.99942183,0
143278,1,1,0.94240075,1
143279,1,1,0.9859364,1
143280,1,0,0.095940754,0
143281,1,0,0.024376595,0
143282,1,1,0.9996711,1
143283,1,1,0.9899671,1
143284,1,1,1.0,1
143285,1,1,0.99999964,1
143286,1,1,0.99999464,1
143287,1,1,0.99988127,1
143288,0,1,0.9999995,0
143289,0,1,0.9808576,0
143290,1,1,1.0,1
143291,1,1,1.0,1
143292,0,1,0.9891606,0
143293,0,1,0.96095175,0
143294,1,1,0.9997378,1
143295,0,0,0.050097767,1
143296,1,1,0.99999475,1
143297,1,1,0.99999547,1
143298,0,1,1.0,0
143299,0,1,0.94138527,0
143300,0,0,0.059921406,1
143301,0,1,0.9890131,0
143302,1,1,0.9628482,1
143303,0,0,0.0415011,1
143304,1,1,0.99988043,1
143305,1,1,1.0,1
143306,1,1,0.9996666,1
143307,0,1,0.42042112,0
143308,1,1,0.99929726,1
143309,1,1,0.790692,1
143310,0,0,0.16762705,1
143311,0,0,0.050564528,1
143312,1,0,0.08130065,0
143313,1,1,1.0,1
143314,1,1,0.93651766,1
143315,1,1,0.99999964,1
143316,0,0,0.013402403,1
143317,1,1,0.5631978,1
143318,1,1,0.8288003,1
143319,1,1,0.99991715,1
143320,0,0,0.1727991,1
143321,0,0,0.07551658,1
143322,1,1,1.0,1
143323,1,1,1.0,1
143324,0,0,0.0818861,1
143325,1,1,0.882022,1
143326,0,0,0.11556087,1
143327,0,1,0.9014879,0
143328,1,0,0.015306354,0
143329,1,1,0.8693822,1
143330,1,0,0.11920292,0
143331,0,1,1.0,0
143332,1,0,0.16844618,0
143333,1,1,0.99897975,1
143334,1,1,0.9764681,1
143335,1,1,0.9942139,1
143336,0,0,0.20473911,1
143337,1,0,0.34411275,0
143338,0,0,0.0120770605,1
143339,1,1,0.99997354,1
143340,0,0,0.06681232,1
143341,1,1,0.9676251,1
143342,1,1,1.0,1
143343,0,0,0.07423137,1
143344,1,1,0.9879695,1
143345,1,0,0.24095315,0
143346,0,1,0.9999778,0
143347,0,1,0.9999981,0
143348,0,0,0.1603975,1
143349,1,1,1.0,1
143350,0,1,0.99942183,0
143351,1,1,0.9999999,1
143352,1,1,0.5927255,1
143353,1,1,1.0,1
143354,0,0,0.09518112,1
143355,1,1,0.9999964,1
143356,1,1,0.974893,1
143357,1,1,0.99999917,1
143358,0,1,0.9866491,0
143359,0,1,0.8358858,0
143360,0,0,0.14151855,1
143361,0,1,0.99999976,0
143362,0,1,0.9999664,0
143363,1,1,0.4843801,1
143364,1,1,1.0,1
143365,1,1,0.9999994,1
143366,0,1,0.6935249,0
143367,1,1,0.9890343,1
143368,0,0,9.761565e-05,1
143369,0,0,0.002199798,1
143370,0,1,0.6779539,0
143371,0,0,0.06047389,1
143372,0,0,0.11318691,1
143373,1,1,0.99271095,1
143374,1,1,0.7053286,1
143375,1,1,0.99972945,1
143376,1,1,1.0,1
143377,1,0,0.10185715,0
143378,1,1,0.9131358,1
143379,1,1,0.6666596,1
143380,0,1,0.6316511,0
143381,0,1,0.8322367,0
143382,1,1,0.99999607,1
143383,0,1,0.99958676,0
143384,0,1,0.99995124,0
143385,0,0,0.34781396,1
143386,1,1,0.9999987,1
143387,0,0,0.08686416,1
143388,0,0,0.019179069,1
143389,0,1,0.36778104,0
143390,0,0,0.020784607,1
143391,0,0,0.17342815,1
143392,1,1,0.9999039,1
143393,0,1,0.38798013,0
143394,0,1,0.4388754,0
143395,0,0,0.069541745,1
143396,1,1,0.9789353,1
143397,1,1,0.99996674,1
143398,0,0,0.2976741,1
143399,1,1,0.858837,1
143400,1,1,0.5714079,1
143401,0,0,0.28487432,1
143402,0,0,0.020312909,1
143403,1,1,0.9995939,1
143404,1,1,0.73573655,1
143405,0,0,0.06947859,1
143406,0,0,0.15752526,1
143407,1,1,0.666334,1
143408,1,0,0.085023046,0
143409,1,1,0.99813604,1
143410,0,1,0.92064714,0
143411,1,1,0.60159355,1
143412,1,1,1.0,1
143413,0,0,0.32863715,1
143414,0,1,0.7362584,0
143415,1,1,0.99789256,1
143416,1,1,1.0,1
143417,0,0,0.0059803296,1
143418,0,1,0.93403506,0
143419,1,1,0.9531008,1
143420,1,1,0.9761519,1
143421,1,1,0.99946314,1
143422,1,1,0.8646537,1
143423,1,1,0.9336126,1
143424,0,0,0.07661468,1
143425,0,1,0.99852496,0
143426,0,0,0.042206,1
143427,0,1,0.90657043,0
143428,1,0,0.036734894,0
143429,1,1,1.0,1
143430,1,1,0.54909664,1
143431,1,1,0.78407115,1
143432,0,1,0.37685245,0
143433,1,1,0.99998987,1
143434,1,0,0.22101425,0
143435,1,0,0.010550081,0
143436,0,0,0.11486404,1
143437,1,1,0.55844736,1
143438,1,1,1.0,1
143439,1,1,0.99999785,1
143440,0,0,0.09611029,1
143441,1,1,0.99368566,1
143442,0,0,0.03007184,1
143443,1,1,1.0,1
143444,1,0,0.34185708,0
143445,0,1,0.9142142,0
143446,1,0,0.346486,0
143447,0,1,0.7474317,0
143448,0,1,0.7798252,0
143449,0,0,0.055823144,1
143450,0,1,0.98481095,0
143451,1,0,0.06626642,0
143452,1,0,0.10894504,0
143453,1,1,0.9128255,1
143454,1,0,0.15159212,0
143455,0,0,0.07146149,1
143456,1,1,0.9998591,1
143457,0,1,0.501709,0
143458,1,1,1.0,1
143459,0,1,0.7756048,0
143460,1,0,0.014364656,0
143461,1,1,0.95691687,1
143462,0,0,0.2569252,1
143463,0,1,0.9993724,0
143464,1,1,1.0,1
143465,0,0,0.19345194,1
143466,1,1,0.45592526,1
143467,1,1,0.9997098,1
143468,0,0,0.005544146,1
143469,0,1,0.9999999,0
143470,1,1,0.8013923,1
143471,1,1,0.99773055,1
143472,1,0,0.017309094,0
143473,1,1,0.9999677,1
143474,0,1,0.7687332,0
143475,0,0,0.23005375,1
143476,1,1,1.0,1
143477,0,0,0.13257071,1
143478,0,0,0.05014425,1
143479,0,1,0.48541674,0
143480,1,1,1.0,1
143481,1,1,0.9992592,1
143482,0,0,0.23440666,1
143483,1,1,0.9988508,1
143484,1,1,0.9989718,1
143485,0,1,1.0,0
143486,1,1,0.97790456,1
143487,1,1,0.99174845,1
143488,1,0,0.08471965,0
143489,1,1,0.9999927,1
143490,1,1,0.7371582,1
143491,1,1,0.8507168,1
143492,1,1,0.40344933,1
143493,0,1,0.35998267,0
143494,1,0,0.24671482,0
143495,1,1,1.0,1
143496,0,1,0.9996613,0
143497,0,1,0.7947835,0
143498,1,1,1.0,1
143499,0,1,0.93698055,0
143500,1,1,1.0,1
143501,0,0,0.020138742,1
143502,1,1,0.82768893,1
143503,1,1,1.0,1
143504,1,1,0.9764681,1
143505,0,1,0.99990237,0
143506,1,1,0.99963665,1
143507,0,0,0.21190566,1
143508,1,1,0.51031345,1
143509,0,1,0.53449106,0
143510,1,1,0.99668854,1
143511,1,1,1.0,1
143512,1,1,0.9462501,1
143513,0,0,0.27158964,1
143514,1,1,0.36167184,1
143515,1,1,0.99988806,1
143516,1,1,0.99998844,1
143517,1,1,0.99794525,1
143518,1,1,0.55766463,1
143519,0,1,0.5467987,0
143520,0,0,0.07329728,1
143521,1,1,0.9739189,1
143522,1,1,0.9994012,1
143523,1,1,0.97223073,1
143524,1,1,0.98292196,1
143525,1,0,0.039453376,0
143526,1,1,0.5493989,1
143527,1,1,0.99997616,1
143528,1,1,0.77210134,1
143529,1,0,0.24202642,0
143530,0,1,0.4320035,0
143531,1,1,1.0,1
143532,1,1,0.99997604,1
143533,0,0,0.26407358,1
143534,0,1,0.47104073,0
143535,1,1,1.0,1
143536,1,0,0.064065434,0
143537,0,1,0.4112882,0
143538,0,0,0.083965465,1
143539,0,0,0.30845058,1
143540,0,0,0.018159512,1
143541,0,0,0.037082024,1
143542,0,1,0.9930559,0
143543,0,0,0.07510853,1
143544,1,1,0.6708779,1
143545,0,1,0.39659387,0
143546,0,0,0.10502681,1
143547,1,1,0.99490017,1
143548,0,0,0.01524759,1
143549,0,0,0.012123754,1
143550,0,0,0.024821786,1
143551,1,1,0.9829874,1
143552,1,1,0.6984837,1
143553,0,1,0.4250085,0
143554,1,1,0.9400786,1
143555,0,1,0.9954615,0
143556,0,1,0.82161736,0
143557,0,0,0.33415475,1
143558,0,0,0.2004794,1
143559,1,1,0.99998915,1
143560,0,1,0.53382283,0
143561,0,1,0.99999785,0
143562,1,1,0.98672616,1
143563,1,1,0.99998665,1
143564,1,0,0.069289416,0
143565,1,1,0.995008,1
143566,1,1,0.9999995,1
143567,0,1,0.7268136,0
143568,1,1,0.99999976,1
143569,0,1,0.99567693,0
143570,1,1,0.99998677,1
143571,1,1,1.0,1
143572,1,0,0.31510338,0
143573,0,1,0.8898164,0
143574,1,1,1.0,1
143575,1,1,0.9999989,1
143576,0,1,0.7812472,0
143577,0,1,0.99999607,0
143578,1,0,0.023375314,0
143579,0,1,0.9465473,0
143580,1,1,0.5943747,1
143581,1,0,0.009002837,0
143582,1,1,0.4618055,1
143583,0,1,0.98518616,0
143584,1,0,0.03155902,0
143585,0,0,0.28066567,1
143586,0,1,0.98365986,0
143587,1,1,0.54576993,1
143588,0,1,0.99990237,0
143589,1,1,0.9988213,1
143590,1,1,0.9999901,1
143591,1,1,0.9914225,1
143592,0,0,0.12929276,1
143593,1,1,0.9999963,1
143594,0,1,0.4438716,0
143595,0,1,0.9999993,0
143596,1,1,0.99999964,1
143597,1,1,0.99744415,1
143598,0,0,0.21766995,1
143599,0,1,0.9999814,0
143600,1,1,0.999998,1
143601,1,0,0.08487122,0
143602,1,1,0.99190676,1
143603,0,0,0.021927299,1
143604,0,0,0.01678549,1
143605,1,1,1.0,1
143606,0,1,0.89274967,0
143607,0,1,0.9966691,0
143608,1,0,0.18090117,0
143609,0,1,0.6070227,0
143610,1,0,0.07524433,0
143611,1,1,0.92156965,1
143612,0,0,0.06052939,1
143613,1,1,0.63742584,1
143614,0,0,0.10585582,1
143615,1,1,0.89715594,1
143616,1,1,0.59707934,1
143617,1,1,0.9998036,1
143618,0,0,0.04054074,1
143619,1,0,0.030357989,0
143620,1,0,0.16317856,0
143621,0,0,0.15146656,1
143622,0,0,0.100967236,1
143623,0,1,0.5094593,0
143624,1,1,1.0,1
143625,0,0,0.08609269,1
143626,1,1,0.75904685,1
143627,1,1,0.6296038,1
143628,0,0,0.34444347,1
143629,1,1,0.9992792,1
143630,1,1,1.0,1
143631,1,0,0.21117273,0
143632,0,0,0.11308892,1
143633,1,1,1.0,1
143634,1,0,0.049451128,0
143635,1,0,0.06170614,0
143636,1,0,0.00932197,0
143637,0,0,0.1969034,1
143638,0,1,0.9945095,0
143639,1,1,0.99990726,1
143640,1,1,0.7541915,1
143641,0,0,0.15152933,1
143642,0,0,0.06359858,1
143643,1,0,0.10239443,0
143644,0,0,0.027143434,1
143645,1,1,1.0,1
143646,0,1,0.978733,0
143647,1,1,0.9746528,1
143648,0,0,0.1305623,1
143649,0,0,0.0070938617,1
143650,0,1,0.425277,0
143651,0,0,0.080574244,1
143652,1,1,0.99153805,1
143653,1,1,0.5159857,1
143654,0,1,0.96573836,0
143655,0,1,0.9956262,0
143656,1,1,1.0,1
143657,1,1,1.0,1
143658,1,0,0.33458945,0
143659,0,1,0.94966936,0
143660,1,1,1.0,1
143661,0,0,0.21725449,1
143662,1,1,0.94934165,1
143663,1,1,0.99999976,1
143664,0,0,0.2705766,1
143665,0,1,0.99971753,0
143666,1,0,0.2330948,0
143667,0,1,0.99990654,0
143668,1,1,1.0,1
143669,1,0,0.01214717,0
143670,0,1,0.9987031,0
143671,0,0,0.11367794,1
143672,0,1,0.9505947,0
143673,1,1,0.997358,1
143674,0,0,0.12458531,1
143675,0,0,0.032528225,1
143676,1,1,0.9999585,1
143677,1,0,0.24995038,0
143678,1,1,0.9998029,1
143679,0,0,0.06791668,1
143680,0,0,0.063540444,1
143681,1,1,0.6056824,1
143682,1,1,0.40380192,1
143683,1,1,0.99999094,1
143684,1,0,0.19930798,0
143685,1,1,1.0,1
143686,1,0,0.035644967,0
143687,0,0,0.11402278,1
143688,1,1,0.924347,1
143689,1,1,1.0,1
143690,1,0,0.09885954,0
143691,1,1,0.9999994,1
143692,1,1,0.9999927,1
143693,0,1,0.79889375,0
143694,1,1,0.99600047,1
143695,0,0,0.06773144,1
143696,0,1,0.5880022,0
143697,0,0,0.008847356,1
143698,1,0,0.2644533,0
143699,0,1,0.99190676,0
143700,0,1,0.99996984,0
143701,1,0,0.030763038,0
143702,1,1,0.98835784,1
143703,1,1,0.56571865,1
143704,1,1,0.712082,1
143705,0,0,0.017193202,1
143706,1,0,0.17398883,0
143707,0,1,0.96138906,0
143708,0,1,0.9877587,0
143709,1,0,0.34521565,0
143710,1,1,0.9996666,1
143711,1,1,1.0,1
143712,1,1,1.0,1
143713,0,1,0.9789755,0
143714,0,1,0.43947667,0
143715,1,0,0.030043371,0
143716,0,0,0.23109324,1
143717,1,0,0.13706978,0
143718,0,1,0.99983907,0
143719,1,1,0.999864,1
143720,1,1,0.5546514,1
143721,0,0,0.16059487,1
143722,1,0,0.07152632,0
143723,1,1,0.9883128,1
143724,1,0,0.16371268,0
143725,0,0,0.112551324,1
143726,1,0,0.07531231,0
143727,1,1,0.9999349,1
143728,1,1,0.99852496,1
143729,1,0,0.19421494,0
143730,1,1,1.0,1
143731,1,0,0.05165378,0
143732,1,1,1.0,1
143733,1,1,0.9998148,1
143734,0,0,0.2613309,1
143735,1,0,0.01605998,0
143736,1,1,1.0,1
143737,1,1,0.99999726,1
143738,0,0,0.15475886,1
143739,0,0,0.18462047,1
143740,0,0,0.041656762,1
143741,1,1,0.75287664,1
143742,0,1,0.9448931,0
143743,0,1,0.78530854,0
143744,1,1,0.99999964,1
143745,0,0,0.09426001,1
143746,1,1,1.0,1
143747,1,1,0.9999802,1
143748,0,1,0.4937747,0
143749,1,1,0.97366965,1
143750,1,1,1.0,1
143751,0,0,0.20963144,1
143752,0,1,0.49084574,0
143753,1,1,0.83169055,1
143754,0,0,0.024168443,1
143755,0,1,0.95418006,0
143756,0,0,0.03711691,1
143757,1,1,0.99999917,1
143758,0,1,0.99998426,0
143759,0,1,0.9946774,0
143760,0,1,0.9704367,0
143761,1,1,0.99992394,1
143762,0,1,0.3607142,0
143763,0,0,0.023286304,1
143764,0,0,0.32300627,1
143765,0,0,0.08787644,1
143766,1,0,0.06506812,0
143767,1,0,0.12792476,0
143768,1,1,0.99791294,1
143769,1,1,0.9998517,1
143770,0,1,0.9073123,0
143771,0,0,0.0035312066,1
143772,0,0,0.14063105,1
143773,0,1,0.8345418,0
143774,0,1,0.54310566,0
143775,1,1,1.0,1
143776,0,0,0.083890386,1
143777,0,0,0.017661398,1
143778,0,1,0.77848095,0
143779,1,1,0.999997,1
143780,1,1,0.9999043,1
143781,1,1,0.98986953,1
143782,0,1,0.9084556,0
143783,1,0,0.074365705,0
143784,1,1,0.5353414,1
143785,0,0,0.051130094,1
143786,1,1,1.0,1
143787,0,0,0.15597628,1
143788,0,0,0.07585818,1
143789,0,0,0.09401018,1
143790,1,0,0.1655931,0
143791,0,1,0.9998863,0
143792,1,0,0.20850107,0
143793,1,1,0.9999995,1
143794,1,1,0.99611557,1
143795,1,1,0.99999976,1
143796,0,1,0.6281223,0
143797,0,1,0.99959475,0
143798,0,0,0.17196317,1
143799,0,1,0.99371004,0
143800,1,1,0.6806133,1
143801,0,0,0.14324762,1
143802,1,1,0.9965233,1
143803,1,0,0.04659464,0
143804,0,1,0.9991817,0
143805,1,1,0.5366772,1
143806,1,1,0.99998236,1
143807,1,1,0.9927812,1
143808,0,0,0.05602938,1
143809,0,1,0.37481928,0
143810,1,1,0.99999,1
143811,1,1,0.99999976,1
143812,1,1,0.8811043,1
143813,0,0,0.16579561,1
143814,0,0,0.10411242,1
143815,1,1,0.99389064,1
143816,1,1,0.9999994,1
143817,0,1,0.9998691,0
143818,1,1,1.0,1
143819,1,0,0.3201301,0
143820,0,0,0.02878888,1
143821,0,1,0.82318634,0
143822,1,1,1.0,1
143823,1,1,0.99704784,1
143824,1,1,1.0,1
143825,1,1,1.0,1
143826,0,1,0.9847963,0
143827,0,1,0.7977145,0
143828,0,1,0.93952614,0
143829,1,0,0.19567093,0
143830,0,1,0.99998724,0
143831,0,1,0.6339203,0
143832,1,1,0.9940544,1
143833,1,1,0.98524296,1
143834,0,1,0.3964186,0
143835,0,0,0.02317551,1
143836,1,1,1.0,1
143837,0,1,0.9993255,0
143838,1,1,1.0,1
143839,1,1,0.7709825,1
143840,1,1,0.9999982,1
143841,0,1,0.3590551,0
143842,1,1,0.99999845,1
143843,0,0,0.15520647,1
143844,0,0,0.011597362,1
143845,0,0,0.08670936,1
143846,1,1,1.0,1
143847,1,1,1.0,1
143848,0,0,0.3426265,1
143849,0,1,0.9969957,0
143850,1,1,1.0,1
143851,0,1,0.9999999,0
143852,1,1,1.0,1
143853,0,0,0.2244802,1
143854,1,1,0.8030966,1
143855,1,1,0.95791227,1
143856,0,0,0.16715068,1
143857,0,1,0.90397453,0
143858,0,0,0.015130728,1
143859,1,1,0.9999863,1
143860,1,1,0.48575214,1
143861,1,1,1.0,1
143862,0,1,0.9339146,0
143863,1,1,1.0,1
143864,1,1,0.9998293,1
143865,1,1,1.0,1
143866,0,0,0.08100938,1
143867,1,1,1.0,1
143868,0,0,0.026230346,1
143869,1,1,0.999572,1
143870,0,0,0.24050692,1
143871,1,1,0.99459416,1
143872,1,0,0.16749083,0
143873,1,1,0.6461812,1
143874,0,0,0.03915837,1
143875,1,1,0.9794133,1
143876,0,0,0.054954547,1
143877,1,1,0.9999263,1
143878,0,1,0.8806945,0
143879,1,1,0.9997378,1
143880,0,1,0.99977034,0
143881,0,1,0.91693145,0
143882,0,1,0.99839586,0
143883,0,1,0.9967269,0
143884,1,1,0.97032446,1
143885,1,1,0.9999832,1
143886,1,1,0.9998511,1
143887,1,1,0.99998987,1
143888,1,1,0.8631611,1
143889,0,0,0.18690996,1
143890,0,1,0.9999933,0
143891,0,0,0.011115014,1
143892,1,1,0.99998987,1
143893,1,0,0.23506448,0
143894,0,0,0.05505607,1
143895,1,1,0.9999962,1
143896,0,1,0.9999833,0
143897,1,1,0.9999589,1
143898,1,0,0.03971326,0
143899,0,1,0.6196439,0
143900,1,0,0.034068275,0
143901,0,0,0.026255298,1
143902,1,1,1.0,1
143903,1,1,1.0,1
143904,1,0,1.2905907e-05,0
143905,0,0,0.073098525,1
143906,0,1,0.9999821,0
143907,1,1,0.97212505,1
143908,0,0,0.33009318,1
143909,1,1,0.99999833,1
143910,1,1,0.999879,1
143911,1,0,0.14971778,0
143912,1,1,0.9974885,1
143913,0,0,0.26029545,1
143914,0,1,0.68925333,0
143915,0,0,0.042882238,1
143916,1,1,0.9983991,1
143917,0,1,0.88018054,0
143918,1,1,0.9975799,1
143919,1,1,0.97865146,1
143920,0,1,0.47670147,0
143921,1,0,0.12570794,0
143922,0,1,0.41099268,0
143923,1,1,0.8502201,1
143924,1,1,1.0,1
143925,0,0,0.09859886,1
143926,0,1,0.8594279,0
143927,0,0,0.22295383,1
143928,0,1,0.7221843,0
143929,0,1,0.70390576,0
143930,1,1,0.998103,1
143931,0,0,0.101144664,1
143932,0,0,0.05649606,1
143933,0,1,0.9774785,0
143934,0,0,0.17953056,1
143935,1,1,0.99924016,1
143936,0,1,0.88363826,0
143937,1,1,0.9998902,1
143938,1,1,0.99983394,1
143939,1,1,1.0,1
143940,0,0,0.11930549,1
143941,1,1,1.0,1
143942,1,1,0.9982658,1
143943,1,1,1.0,1
143944,0,1,0.7599387,0
143945,0,1,0.94825053,0
143946,1,1,0.6313102,1
143947,0,0,0.03293013,1
143948,0,1,0.9987405,0
143949,1,1,1.0,1
143950,1,1,0.9918121,1
143951,1,1,0.99789256,1
143952,1,1,1.0,1
143953,0,0,0.1419343,1
143954,0,1,0.6852653,0
143955,1,1,0.99999917,1
143956,1,1,0.9994504,1
143957,1,1,0.99997723,1
143958,0,1,0.77381516,0
143959,1,1,0.77072376,1
143960,1,1,1.0,1
143961,0,0,0.08811155,1
143962,1,1,0.41084492,1
143963,1,1,1.0,1
143964,1,1,0.9999931,1
143965,1,1,0.92703366,1
143966,1,0,0.06910072,0
143967,1,1,0.7153743,1
143968,1,0,0.11636177,0
143969,1,1,0.9998989,1
143970,0,0,0.037291814,1
143971,1,0,0.023779985,0
143972,0,1,0.99999976,0
143973,0,1,0.8178656,0
143974,0,0,0.23370637,1
143975,1,1,0.7774689,1
143976,0,1,0.9999994,0
143977,0,0,0.031055551,1
143978,1,1,0.85717136,1
143979,0,1,0.47697553,0
143980,0,0,0.11992252,1
143981,1,1,0.7989722,1
143982,1,1,0.9998585,1
143983,0,0,0.11377637,1
143984,0,0,0.24707794,1
143985,0,1,0.99958426,0
143986,0,1,0.70441437,0
143987,1,1,0.999995,1
143988,0,0,0.065365784,1
143989,1,1,0.63358027,1
143990,0,0,0.06797852,1
143991,0,1,0.9997279,0
143992,0,1,0.799129,0
143993,1,1,0.74544466,1
143994,0,1,0.881513,0
143995,0,1,0.56079394,0
143996,1,0,0.031858858,0
143997,0,1,0.9744105,0
143998,0,0,0.17504396,1
143999,0,1,0.92262185,0
144000,1,1,0.9999958,1
144001,0,0,0.08181271,1
144002,1,1,0.9864157,1
144003,0,1,0.5520568,0
144004,1,0,0.06572467,0
144005,0,0,0.09097748,1
144006,1,1,1.0,1
144007,1,0,0.07362963,0
144008,0,1,0.84234506,0
144009,0,0,0.033431362,1
144010,0,0,0.23475733,1
144011,1,1,0.99939406,1
144012,1,1,0.99998164,1
144013,1,1,0.99997413,1
144014,0,0,0.14773951,1
144015,1,1,0.8435088,1
144016,0,1,0.4003683,0
144017,0,0,0.20833994,1
144018,0,1,0.9146726,0
144019,0,1,0.8393393,0
144020,1,1,0.9996057,1
144021,1,0,0.044431433,0
144022,0,0,0.06884988,1
144023,1,1,0.95987505,1
144024,0,0,0.05531065,1
144025,1,1,0.9904591,1
144026,1,0,0.32119378,0
144027,1,1,0.9999659,1
144028,0,0,0.057018865,1
144029,1,1,0.9999802,1
144030,0,0,0.0009181902,1
144031,1,1,0.99992657,1
144032,0,0,0.03551094,1
144033,1,1,0.9992848,1
144034,1,1,0.9999995,1
144035,1,1,0.99999976,1
144036,0,1,0.446193,0
144037,1,1,0.9994461,1
144038,1,1,0.99991906,1
144039,0,0,0.005448068,1
144040,0,1,0.9999999,0
144041,1,1,0.9999999,1
144042,1,1,0.9999591,1
144043,1,1,1.0,1
144044,1,1,0.84234506,1
144045,1,1,1.0,1
144046,1,1,1.0,1
144047,1,1,0.9978636,1
144048,1,1,0.9995584,1
144049,0,1,0.5309662,0
144050,0,0,0.15765488,1
144051,0,1,0.9090225,0
144052,1,1,0.7056329,1
144053,0,0,0.03191915,1
144054,0,0,0.098772585,1
144055,1,1,0.94224155,1
144056,1,1,1.0,1
144057,1,0,0.18017878,0
144058,0,0,0.032283258,1
144059,1,1,0.3657115,1
144060,0,1,0.92241246,0
144061,1,1,1.0,1
144062,1,1,0.99999285,1
144063,1,0,0.0023596606,0
144064,0,1,0.8468312,0
144065,0,0,0.10539455,1
144066,1,1,1.0,1
144067,0,0,0.10734387,1
144068,0,1,0.9984269,0
144069,0,1,0.43800378,0
144070,1,1,0.99999976,1
144071,1,1,1.0,1
144072,1,0,0.05802475,0
144073,1,0,0.06699522,0
144074,1,1,0.9999988,1
144075,1,1,0.9992099,1
144076,1,1,0.99996436,1
144077,1,1,1.0,1
144078,1,1,1.0,1
144079,1,1,0.5476455,1
144080,1,1,0.99572706,1
144081,1,1,0.98022413,1
144082,0,0,0.047869008,1
144083,0,1,0.995523,0
144084,1,1,1.0,1
144085,0,0,0.20505732,1
144086,0,1,0.9979849,0
144087,1,0,0.28467542,0
144088,1,1,0.99752253,1
144089,0,1,0.9999858,0
144090,1,1,0.48758188,1
144091,0,1,0.9952448,0
144092,1,1,0.853669,1
144093,1,1,0.9999598,1
144094,1,1,0.9995802,1
144095,1,1,0.9999149,1
144096,1,1,0.93891287,1
144097,0,0,0.29284802,1
144098,0,1,0.9993773,0
144099,1,1,1.0,1
144100,1,1,0.5274991,1
144101,0,0,0.34405765,1
144102,0,0,0.033085983,1
144103,1,1,0.9538373,1
144104,1,0,0.039268754,0
144105,1,0,0.03775027,0
144106,0,0,0.1200772,1
144107,1,1,0.9966299,1
144108,0,1,0.8713654,0
144109,1,0,0.043123364,0
144110,1,1,0.99998295,1
144111,0,1,0.9035498,0
144112,1,1,0.9998863,1
144113,1,1,0.99589807,1
144114,1,1,1.0,1
144115,1,1,0.9996686,1
144116,1,1,1.0,1
144117,1,1,0.9999292,1
144118,0,0,0.0770997,1
144119,0,0,0.0362883,1
144120,0,0,0.19027226,1
144121,1,1,0.9913726,1
144122,1,0,0.21166113,0
144123,0,0,0.17596246,1
144124,1,1,0.4719533,1
144125,1,1,1.0,1
144126,0,0,0.11586064,1
144127,0,0,0.04196977,1
144128,1,1,1.0,1
144129,1,1,0.9994917,1
144130,0,1,0.9838472,0
144131,0,1,0.9911698,0
144132,0,0,0.025250848,1
144133,0,1,0.47201416,0
144134,1,1,1.0,1
144135,0,1,0.46471938,0
144136,1,1,0.99454135,1
144137,1,0,0.21485612,0
144138,0,1,0.99986553,0
144139,1,0,0.03355782,0
144140,0,1,0.9942139,0
144141,0,1,0.3829488,0
144142,0,0,0.005786155,1
144143,1,1,0.9907141,1
144144,1,1,0.9998827,1
144145,0,0,0.0023642627,1
144146,1,1,1.0,1
144147,1,1,0.9989556,1
144148,0,0,0.3306873,1
144149,1,1,0.9999417,1
144150,0,1,0.38035607,0
144151,1,1,0.99979335,1
144152,0,0,0.2507293,1
144153,0,1,0.91452,0
144154,0,1,0.8177201,0
144155,1,1,0.9425068,1
144156,1,1,0.4630193,1
144157,1,1,1.0,1
144158,1,1,0.84972197,1
144159,1,1,0.9999342,1
144160,0,0,0.015603534,1
144161,0,1,0.9990245,0
144162,1,0,0.08874129,0
144163,1,0,0.10790661,0
144164,0,1,0.9990527,0
144165,0,1,0.90200704,0
144166,0,0,0.17724052,1
144167,0,1,0.6134681,0
144168,0,1,1.0,0
144169,1,0,0.040616777,0
144170,1,1,0.99540824,1
144171,1,1,0.98815376,1
144172,1,1,0.99999976,1
144173,1,1,0.9774355,1
144174,0,0,0.033336822,1
144175,1,1,0.9967077,1
144176,0,1,0.6848439,0
144177,0,0,0.09097748,1
144178,1,0,0.06394842,0
144179,0,1,0.40453684,0
144180,1,1,0.9999565,1
144181,0,0,0.18982127,1
144182,0,1,0.9932156,0
144183,1,1,0.38047117,1
144184,0,1,0.7434941,0
144185,0,0,0.16647205,1
144186,1,1,0.9987281,1
144187,0,1,0.9633686,0
144188,0,0,0.17398883,1
144189,0,0,0.015014747,1
144190,1,1,0.99999225,1
144191,1,1,1.0,1
144192,1,1,1.0,1
144193,1,1,0.8372211,1
144194,0,1,0.97583157,0
144195,0,1,0.99865675,0
144196,0,0,0.1466363,1
144197,0,0,0.23863891,1
144198,1,0,0.33502442,0
144199,1,0,0.030157411,0
144200,1,1,0.9999107,1
144201,0,0,0.21568096,1
144202,1,1,1.0,1
144203,1,1,0.9999981,1
144204,1,1,1.0,1
144205,1,1,0.704211,1
144206,0,0,0.26511872,1
144207,1,0,0.3261641,0
144208,0,0,0.23493281,1
144209,1,1,0.999998,1
144210,0,0,0.1338675,1
144211,0,0,0.13614833,1
144212,0,0,0.09484525,1
144213,1,1,0.99953175,1
144214,0,0,0.11456651,1
144215,1,0,0.043325305,0
144216,1,1,0.36568317,1
144217,0,1,0.43482122,0
144218,0,0,0.3034221,1
144219,1,0,0.16566059,0
144220,1,0,0.0051196762,0
144221,1,1,0.99999917,1
144222,1,1,1.0,1
144223,0,0,0.19269124,1
144224,0,0,0.23642808,1
144225,0,1,0.9999827,0
144226,1,1,0.99637836,1
144227,0,0,0.025565214,1
144228,1,1,0.99991655,1
144229,0,1,0.36820692,0
144230,0,1,0.9810765,0
144231,1,1,0.9935494,1
144232,0,0,0.004943689,1
144233,0,0,0.0035312066,1
144234,1,1,0.95846003,1
144235,1,1,0.9998629,1
144236,1,0,0.2249055,0
144237,1,0,0.0045561143,0
144238,1,1,0.9999982,1
144239,0,0,0.05899303,1
144240,0,1,0.99999964,0
144241,1,1,0.99999595,1
144242,0,0,0.0705596,1
144243,1,0,0.015483986,0
144244,1,0,0.11586064,0
144245,1,1,1.0,1
144246,0,1,0.9891816,0
144247,0,0,0.1742697,1
144248,0,1,0.83775276,0
144249,0,0,0.035144847,1
144250,0,1,0.92495924,0
144251,0,0,0.052134257,1
144252,1,1,0.9989034,1
144253,1,1,0.9995703,1
144254,1,0,0.19698064,0
144255,1,1,0.58136255,1
144256,0,0,0.014756982,1
144257,1,1,1.0,1
144258,0,1,0.9413314,0
144259,1,1,0.99998164,1
144260,1,0,0.08748585,0
144261,1,1,0.9848401,1
144262,1,0,0.3287449,0
144263,1,0,0.083441176,0
144264,1,0,0.3294996,0
144265,1,1,0.9972531,1
144266,1,1,1.0,1
144267,1,1,0.5227504,1
144268,1,1,0.79518133,1
144269,0,1,0.87621135,0
144270,1,0,0.1240007,0
144271,1,1,0.74816835,1
144272,1,1,0.9999993,1
144273,1,1,0.9996026,1
144274,0,0,0.10613344,1
144275,0,0,0.25376853,1
144276,1,1,1.0,1
144277,1,1,0.6145675,1
144278,1,1,0.8818186,1
144279,0,0,0.24944724,1
144280,0,0,0.01083937,1
144281,0,1,0.70207065,0
144282,1,1,0.99999774,1
144283,0,0,0.11904921,1
144284,0,0,0.12431929,1
144285,1,1,0.9965837,1
144286,1,1,0.99999857,1
144287,0,1,0.9999999,0
144288,1,1,0.99832886,1
144289,0,0,0.065545,1
144290,1,1,0.999866,1
144291,0,0,0.025154885,1
144292,1,1,0.89209336,1
144293,0,0,0.24735057,1
144294,0,0,0.03378023,1
144295,0,0,0.112600096,1
144296,1,0,0.13828714,0
144297,1,1,0.98141783,1
144298,0,1,0.78007674,0
144299,0,1,0.9996513,0
144300,1,0,0.14953136,0
144301,0,0,0.1768137,1
144302,0,0,0.3022881,1
144303,0,1,0.39560106,0
144304,0,1,1.0,0
144305,0,1,0.7251137,0
144306,0,1,0.9621432,0
144307,0,0,0.16803622,1
144308,1,1,1.0,1
144309,1,1,0.9999994,1
144310,0,1,1.0,0
144311,0,1,0.7354992,0
144312,1,1,0.9990656,1
144313,1,1,0.9998579,1
144314,1,1,1.0,1
144315,0,1,0.9527942,0
144316,1,1,0.9921537,1
144317,1,0,0.15059009,0
144318,1,1,1.0,1
144319,1,0,0.10753115,0
144320,1,1,0.9997658,1
144321,1,1,1.0,1
144322,1,1,1.0,1
144323,1,1,1.0,1
144324,1,0,0.22867283,0
144325,0,0,0.21125406,1
144326,1,1,0.97180575,1
144327,1,1,0.9994797,1
144328,1,1,1.0,1
144329,1,1,0.99918646,1
144330,0,1,0.6167627,0
144331,1,1,0.99999917,1
144332,1,1,0.98961186,1
144333,0,0,0.100436606,1
144334,0,1,0.9129032,0
144335,1,1,0.80247813,1
144336,1,1,0.96391606,1
144337,0,1,0.46471938,0
144338,0,0,0.12825193,1
144339,1,1,0.38058627,1
144340,1,1,0.6304006,1
144341,1,1,0.9860174,1
144342,1,1,0.99999,1
144343,1,1,0.9291838,1
144344,1,1,0.99995804,1
144345,1,1,0.99999905,1
144346,0,1,0.7704648,0
144347,1,1,0.930395,1
144348,1,1,0.99723166,1
144349,1,1,0.9999988,1
144350,0,1,0.4411011,0
144351,0,1,0.9999999,0
144352,0,0,0.15159212,1
144353,0,1,0.746139,0
144354,0,1,0.99620515,0
144355,0,0,0.17709816,1
144356,0,0,0.07992553,1
144357,1,1,0.9999654,1
144358,0,1,0.99910307,0
144359,1,1,0.9999132,1
144360,1,0,0.0094490815,0
144361,1,0,0.31289464,0
144362,0,0,0.31473467,1
144363,1,1,0.50848305,1
144364,1,1,0.995523,1
144365,0,1,0.8224745,0
144366,0,1,0.4590761,0
144367,1,1,0.86060363,1
144368,0,1,1.0,0
144369,1,1,1.0,1
144370,1,1,0.99474937,1
144371,1,1,1.0,1
144372,0,1,1.0,0
144373,1,0,0.108377546,0
144374,1,0,0.14946929,0
144375,0,0,0.03839402,1
144376,1,1,1.0,1
144377,1,1,0.7247242,1
144378,0,1,0.68621236,0
144379,1,1,0.9999987,1
144380,1,1,0.8965235,1
144381,1,0,0.10167862,0
144382,0,0,0.1783111,1
144383,0,1,0.99746394,0
144384,1,1,0.9999999,1
144385,0,0,0.05602938,1
144386,1,1,1.0,1
144387,0,1,0.6509667,0
144388,0,1,0.9744105,0
144389,0,0,0.12347128,1
144390,1,1,0.9999994,1
144391,1,0,0.065545,0
144392,0,0,0.098512106,1
144393,1,0,0.04038907,0
144394,0,1,0.8409133,0
144395,1,1,0.9763782,1
144396,1,1,0.9779888,1
144397,0,0,0.049085185,1
144398,1,1,1.0,1
144399,0,1,0.9834387,0
144400,1,1,1.0,1
144401,1,1,0.7424217,1
144402,0,1,0.37713912,0
144403,0,0,0.025298966,1
144404,1,1,0.9999999,1
144405,0,1,0.8710367,0
144406,1,1,1.0,1
144407,1,1,1.0,1
144408,1,1,0.61929864,1
144409,1,1,0.9999825,1
144410,1,1,0.99998856,1
144411,0,0,0.06325052,1
144412,1,1,0.4290107,1
144413,1,1,0.40374318,1
144414,0,1,0.982591,0
144415,0,1,0.94240075,0
144416,1,0,0.09696201,0
144417,0,0,0.00018740875,1
144418,1,1,1.0,1
144419,1,1,1.0,1
144420,1,1,0.9988883,1
144421,0,1,0.98844737,0
144422,0,0,0.13466209,1
144423,1,1,0.99995077,1
144424,0,0,0.04624881,1
144425,0,0,0.09611029,1
144426,0,0,0.17238072,1
144427,0,1,0.79518133,0
144428,1,1,0.6984837,1
144429,0,1,0.95715785,0
144430,0,0,0.07800791,1
144431,1,1,1.0,1
144432,0,0,0.020567097,1
144433,0,0,0.07779745,1
144434,0,0,0.15234725,1
144435,0,1,0.7773844,0
144436,0,0,0.2804193,1
144437,1,1,0.9999615,1
144438,1,1,0.99749833,1
144439,1,1,0.9999733,1
144440,1,1,0.95585793,1
144441,1,1,0.6944581,1
144442,1,1,0.9988991,1
144443,0,1,0.99778724,0
144444,0,1,0.9984988,0
144445,0,1,0.9716448,0
144446,1,0,0.007968815,0
144447,0,0,0.33682168,1
144448,0,1,0.99273914,0
144449,1,1,0.8304567,1
144450,0,1,0.9972904,0
144451,1,1,0.9999989,1
144452,0,0,0.0028063871,1
144453,1,1,0.89442116,1
144454,1,1,0.99630713,1
144455,0,1,0.95861524,0
144456,0,1,0.9325147,0
144457,0,0,0.047869008,1
144458,0,1,0.999995,0
144459,1,1,0.9977393,1
144460,0,1,0.5337013,0
144461,1,0,0.08756384,0
144462,0,1,0.9999999,0
144463,0,0,0.1153614,1
144464,0,1,0.9995141,0
144465,0,1,0.59819484,0
144466,0,0,0.0017308302,1
144467,1,0,0.010611421,0
144468,1,1,0.9984421,1
144469,1,1,0.99999964,1
144470,0,1,0.9995073,0
144471,1,0,0.056600258,0
144472,1,1,0.9346938,1
144473,1,1,0.73014563,1
144474,1,1,0.9999912,1
144475,0,0,0.1339241,1
144476,0,0,0.08381536,1
144477,0,0,0.21223202,1
144478,1,1,0.993346,1
144479,1,1,1.0,1
144480,1,1,0.9999993,1
144481,1,1,0.99885976,1
144482,0,1,0.99983966,0
144483,1,1,0.9999981,1
144484,0,1,0.999992,0
144485,0,1,0.7043127,0
144486,1,1,0.5078119,1
144487,1,1,0.40930933,1
144488,1,1,1.0,1
144489,0,1,0.99992716,0
144490,1,1,0.9999999,1
144491,0,1,0.9322685,0
144492,0,1,0.9992206,0
144493,0,0,0.18308187,1
144494,1,1,0.99993896,1
144495,1,1,0.772359,1
144496,1,1,1.0,1
144497,1,0,0.064535476,0
144498,1,1,0.9999548,1
144499,1,1,1.0,1
144500,1,1,0.99943966,1
144501,0,0,0.16532342,1
144502,0,1,0.519826,0
144503,1,0,0.09392703,0
144504,1,1,0.9999999,1
144505,1,0,0.03701235,0
144506,1,1,0.97949183,1
144507,0,1,0.47320074,0
144508,0,0,0.02143024,1
144509,1,1,1.0,1
144510,0,1,0.9999999,0
144511,0,1,0.5415301,0
144512,1,1,0.99999917,1
144513,0,0,0.23022676,1
144514,0,1,0.5839153,0
144515,0,1,0.8518296,0
144516,1,1,1.0,1
144517,1,0,0.051130094,0
144518,0,1,0.5206182,0
144519,0,0,0.0007110568,1
144520,1,0,0.10970577,0
144521,1,1,0.999764,1
144522,1,1,0.9999999,1
144523,0,0,0.10150035,1
144524,1,1,0.3689171,1
144525,0,0,0.05014425,1
144526,1,0,0.28572062,0
144527,1,1,0.97285664,1
144528,0,0,0.10790661,1
144529,1,1,0.9999534,1
144530,0,0,0.08756384,1
144531,0,1,0.99959785,0
144532,0,1,0.9999403,0
144533,0,1,0.9958418,0
144534,1,1,0.995488,1
144535,1,1,0.99998677,1
144536,1,1,0.87966454,1
144537,1,1,0.38951752,1
144538,0,1,0.8295611,0
144539,1,0,0.14151855,0
144540,0,1,0.90422857,0
144541,0,1,0.99999964,0
144542,1,1,0.48349598,1
144543,0,1,0.52877676,0
144544,1,0,0.1229438,0
144545,1,1,0.9832628,1
144546,0,0,0.049819652,1
144547,1,1,0.9999924,1
144548,1,1,0.99999976,1
144549,1,1,0.9882902,1
144550,0,0,0.3394991,1
144551,1,1,0.9434519,1
144552,1,1,0.9000915,1
144553,1,1,0.99964714,1
144554,0,0,0.04716187,1
144555,1,1,0.99998426,1
144556,1,1,0.49951172,1
144557,0,0,0.1138749,1
144558,1,1,0.48871043,1
144559,0,0,0.045225907,1
144560,1,1,0.9999212,1
144561,1,1,0.9991204,1
144562,1,1,0.9999993,1
144563,0,0,0.068040416,1
144564,0,0,0.048948623,1
144565,0,1,0.7123823,0
144566,1,1,0.9968335,1
144567,1,0,0.0672398,0
144568,0,1,0.99999964,0
144569,0,0,0.09097748,1
144570,0,1,0.54492253,0
144571,1,0,0.07100922,0
144572,1,1,0.99999964,1
144573,0,1,0.99434716,0
144574,1,1,0.999992,1
144575,1,1,0.9915052,1
144576,0,1,0.99982053,0
144577,1,0,0.074567616,0
144578,1,0,0.042087723,0
144579,0,1,0.99494946,0
144580,1,0,0.08834723,0
144581,0,0,0.3271307,1
144582,0,1,0.99970573,0
144583,1,1,1.0,1
144584,1,1,1.0,1
144585,0,1,0.4980774,0
144586,1,0,0.31027627,0
144587,1,1,0.9999999,1
144588,1,1,0.99999905,1
144589,1,1,0.9999989,1
144590,1,0,0.047249712,0
144591,1,1,0.9995073,1
144592,1,1,0.9920466,1
144593,1,1,0.8077641,1
144594,0,0,0.14205328,1
144595,0,0,0.05845324,1
144596,0,1,0.9999987,0
144597,1,1,0.9574771,1
144598,0,0,0.08441725,1
144599,1,1,0.9904221,1
144600,1,1,0.9999392,1
144601,1,1,0.9932681,1
144602,1,0,0.1459046,0
144603,1,1,0.99886864,1
144604,1,1,1.0,1
144605,0,1,0.9420286,0
144606,1,1,0.70947224,1
144607,0,0,0.07885492,1
144608,0,1,0.6259527,0
144609,0,1,1.0,0
144610,1,0,0.029228985,0
144611,1,1,0.99995637,1
144612,1,1,0.99999976,1
144613,1,1,0.9794526,1
144614,0,1,0.47929043,0
144615,0,1,0.99773055,0
144616,0,1,0.8115267,0
144617,0,0,0.010529713,1
144618,1,1,0.99926347,1
144619,0,0,0.0053744875,1
144620,1,1,0.9999057,1
144621,0,1,0.49694827,0
144622,0,1,0.98445636,0
144623,0,0,0.05345272,1
144624,1,0,0.11486404,0
144625,0,1,0.54988235,0
144626,0,1,0.5093983,0
144627,1,1,0.713182,1
144628,0,0,0.17738298,1
144629,1,1,0.9999994,1
144630,1,1,0.99997795,1
144631,1,1,0.72879654,1
144632,0,0,0.09756222,1
144633,0,1,0.9971717,0
144634,0,1,0.9647556,0
144635,1,1,0.68505466,1
144636,0,1,1.0,0
144637,1,1,0.9998596,1
144638,1,1,0.99963593,1
144639,1,1,0.9928924,1
144640,1,1,0.95362186,1
144641,1,1,0.99999523,1
144642,1,1,0.9982827,1
144643,0,1,0.54698014,0
144644,1,1,0.98486924,1
144645,0,0,0.048271183,1
144646,0,1,0.9925538,0
144647,1,1,0.999985,1
144648,0,0,0.34847882,1
144649,0,1,0.7062411,0
144650,1,0,0.023984872,0
144651,0,1,0.96062064,0
144652,1,1,0.9999975,1
144653,0,1,0.9877823,0
144654,0,1,0.5429844,0
144655,1,0,0.048405956,0
144656,0,1,0.9644221,0
144657,1,1,1.0,1
144658,0,1,0.9998876,0
144659,0,1,0.9900636,0
144660,0,0,0.20220678,1
144661,0,0,0.15335886,1
144662,1,1,0.99998736,1
144663,1,0,0.08299413,0
144664,0,1,0.77475387,0
144665,1,1,0.83250916,1
144666,0,1,0.9167827,0
144667,1,1,0.9999335,1
144668,1,0,0.01709447,0
144669,0,0,0.012920474,1
144670,1,1,0.98087597,1
144671,1,1,1.0,1
144672,0,0,0.103930384,1
144673,0,1,0.48508134,0
144674,1,1,0.9925249,1
144675,1,1,0.7349764,1
144676,0,1,0.5989575,0
144677,0,0,0.31536686,1
144678,0,0,0.3440026,1
144679,0,1,0.999824,0
144680,1,0,0.1522842,0
144681,1,1,0.9949886,1
144682,1,0,0.07382971,0
144683,1,1,1.0,1
144684,1,1,1.0,1
144685,1,0,0.07126734,0
144686,0,1,0.99893504,0
144687,1,0,0.044597577,0
144688,0,1,0.9943691,0
144689,0,0,0.14847884,1
144690,0,1,0.38621348,0
144691,0,0,0.1588256,1
144692,1,0,0.11997408,0
144693,1,1,0.9814,1
144694,0,1,0.3916095,0
144695,0,1,0.8352149,0
144696,0,1,0.50006104,0
144697,0,1,0.9689444,0
144698,1,1,1.0,1
144699,1,1,0.9005298,1
144700,1,0,0.0063883206,0
144701,1,1,1.0,1
144702,0,0,0.23863891,1
144703,1,0,0.33780402,0
144704,0,0,0.10284408,1
144705,1,0,0.0077555366,0
144706,1,1,1.0,1
144707,0,1,0.4677876,0
144708,1,0,0.12389466,0
144709,1,1,1.0,1
144710,0,1,0.5378911,0
144711,0,1,0.976513,0
144712,1,1,0.9998746,1
144713,1,1,0.99308276,1
144714,1,1,0.9952632,1
144715,0,0,0.1186912,1
144716,1,1,1.0,1
144717,1,1,0.99373454,1
144718,1,1,0.9579516,1
144719,1,0,0.007246802,0
144720,1,1,0.99947566,1
144721,0,1,0.9999932,0
144722,1,1,0.80494314,1
144723,0,0,0.06742378,1
144724,1,1,0.9563089,1
144725,1,1,0.99770385,1
144726,1,1,0.88856554,1
144727,1,1,1.0,1
144728,0,0,0.13420753,1
144729,1,1,0.9924374,1
144730,1,1,0.7925445,1
144731,0,0,0.25813892,1
144732,0,0,0.05505607,1
144733,1,1,0.9998809,1
144734,0,1,0.9700419,0
144735,0,1,1.0,0
144736,0,1,0.9999392,0
144737,0,0,0.002526185,1
144738,0,0,0.06019705,1
144739,0,0,0.08359068,1
144740,1,1,0.9999957,1
144741,0,1,0.39568868,0
144742,1,1,1.0,1
144743,1,0,0.32761452,0
144744,0,0,0.019271135,1
144745,1,1,1.0,1
144746,1,1,0.95159405,1
144747,1,1,0.99998736,1
144748,1,1,0.99999857,1
144749,0,0,0.03471688,1
144750,1,0,0.037928045,0
144751,1,1,0.9999893,1
144752,0,1,0.99988675,0
144753,1,1,0.99999666,1
144754,0,0,0.17596246,1
144755,1,1,0.99999595,1
144756,0,1,0.8034052,0
144757,1,1,0.39306462,1
144758,1,1,0.99998164,1
144759,1,1,0.72628,1
144760,0,0,0.0035106493,1
144761,1,1,0.99999857,1
144762,1,1,0.99998546,1
144763,0,1,0.7230651,0
144764,0,1,0.9999943,0
144765,0,1,0.619759,0
144766,1,0,0.19899648,0
144767,1,1,0.9999999,1
144768,0,1,0.9989329,0
144769,0,0,0.1153614,1
144770,0,0,0.030415535,1
144771,1,0,0.03073393,0
144772,1,1,0.49157792,1
144773,0,1,0.98327893,0
144774,1,1,0.99999964,1
144775,0,1,0.99787605,0
144776,1,1,0.9432954,1
144777,1,1,1.0,1
144778,0,1,0.61051154,0
144779,1,1,0.99720997,1
144780,0,1,1.0,0
144781,1,0,0.21725449,0
144782,1,1,0.86601925,1
144783,1,1,1.0,1
144784,0,1,0.97925514,0
144785,1,1,0.99999905,1
144786,1,1,0.99956185,1
144787,1,1,0.9999987,1
144788,0,0,0.24265401,1
144789,0,0,0.08381536,1
144790,0,1,0.8775817,0
144791,0,0,0.13910376,1
144792,0,1,0.6552808,0
144793,0,1,0.9999957,0
144794,1,1,0.9999249,1
144795,0,0,0.23048648,1
144796,1,1,0.9995005,1
144797,0,1,0.99544394,0
144798,0,0,0.06985836,1
144799,1,1,0.99731654,1
144800,1,1,0.9999999,1
144801,0,1,0.9989637,0
144802,0,0,0.16257937,1
144803,0,0,0.20307463,1
144804,0,1,0.92000264,0
144805,0,0,0.20914644,1
144806,0,1,0.9981863,0
144807,0,1,0.99979013,0
144808,1,1,0.9995963,1
144809,1,1,0.9999995,1
144810,0,1,1.0,0
144811,1,1,1.0,1
144812,1,1,0.99990654,1
144813,0,0,0.049451128,1
144814,0,0,0.039305612,1
144815,1,1,0.9999454,1
144816,1,1,0.9999788,1
144817,1,1,0.99990904,1
144818,0,1,0.99806577,0
144819,1,0,0.06471258,0
144820,1,0,0.0726367,0
144821,0,0,0.050705362,1
144822,0,1,0.82161736,0
144823,1,1,1.0,1
144824,0,1,0.99999976,0
144825,1,1,0.9999969,1
144826,1,1,0.99999857,1
144827,1,1,0.9999331,1
144828,0,0,0.1930713,1
144829,1,1,0.99999917,1
144830,0,1,0.99961334,0
144831,1,1,1.0,1
144832,0,1,0.99766773,0
144833,0,1,0.9187722,0
144834,0,0,0.13296424,1
144835,1,0,0.17363825,0
144836,0,1,0.39551353,0
144837,1,1,0.9999833,1
144838,1,1,0.8113773,1
144839,0,1,0.97254544,0
144840,1,1,0.9999918,1
144841,1,0,0.019624962,0
144842,0,1,0.999944,0
144843,1,0,0.008077626,0
144844,0,0,0.27391416,1
144845,0,1,0.626067,0
144846,1,1,0.9257686,1
144847,0,1,0.9997273,0
144848,1,1,1.0,1
144849,0,1,0.9999695,0
144850,1,0,0.29098085,0
144851,0,0,0.014700298,1
144852,1,1,0.99997926,1
144853,0,0,0.04169577,1
144854,0,0,0.013197362,1
144855,1,1,0.85919183,1
144856,0,0,0.110855594,1
144857,0,0,0.019966036,1
144858,0,1,0.99993956,0
144859,1,1,1.0,1
144860,1,1,0.99739385,1
144861,0,1,0.99820733,0
144862,1,0,0.067546695,0
144863,0,0,0.024563085,1
144864,1,0,0.14015962,0
144865,0,1,0.99999976,0
144866,0,1,0.97175217,0
144867,1,1,0.9745077,1
144868,0,1,0.45677322,0
144869,0,0,0.032313783,1
144870,0,0,0.035644967,1
144871,1,1,0.5202526,1
144872,1,1,0.71795213,1
144873,1,1,0.99877924,1
144874,1,1,0.9691787,1
144875,1,0,0.11961366,0
144876,1,1,0.9998809,1
144877,0,0,0.07510853,1
144878,0,0,0.014700298,1
144879,1,1,0.9984238,1
144880,1,1,0.8482194,1
144881,1,1,0.9999125,1
144882,1,1,0.35365137,1
144883,0,1,0.9958418,0
144884,0,1,0.90821165,0
144885,1,1,0.9999858,1
144886,1,1,1.0,1
144887,0,0,0.058131598,1
144888,1,0,0.20657375,0
144889,1,0,0.00048785712,0
144890,1,1,1.0,1
144891,0,1,0.58634526,0
144892,1,1,1.0,1
144893,0,1,1.0,0
144894,0,0,0.1579794,1
144895,0,0,0.0649494,1
144896,1,0,0.14092635,0
144897,1,1,0.99998736,1
144898,1,1,1.0,1
144899,1,0,0.07329728,0
144900,0,0,0.0794957,1
144901,1,0,0.21313141,0
144902,1,1,0.9856076,1
144903,1,1,0.7553664,1
144904,1,1,0.9984633,1
144905,1,0,0.12570794,0
144906,0,0,0.040883996,1
144907,1,0,0.3198645,0
144908,1,1,0.99999774,1
144909,1,0,0.03807084,0
144910,1,0,0.30735803,0
144911,0,0,0.037714817,1
144912,1,1,0.99991345,1
144913,0,1,0.6452876,0
144914,0,0,0.076683804,1
144915,1,1,0.9999999,1
144916,1,1,0.6552808,1
144917,1,0,0.22456521,0
144918,0,1,0.3520904,0
144919,0,1,0.6050992,0
144920,1,1,0.9291838,1
144921,0,0,0.056913942,1
144922,1,1,0.39184222,1
144923,1,0,0.08359068,0
144924,0,1,0.8587186,0
144925,0,0,0.09244169,1
144926,1,0,0.047602654,0
144927,1,1,0.99861145,1
144928,1,1,0.9999988,1
144929,1,1,0.9999881,1
144930,1,0,0.009358114,0
144931,1,0,0.020332353,0
144932,0,1,0.99985456,0
144933,1,1,1.0,1
144934,1,1,0.95506835,1
144935,0,0,0.030879721,1
144936,1,1,0.9999465,1
144937,1,1,1.0,1
144938,0,0,0.19314739,1
144939,1,1,1.0,1
144940,1,0,0.31106052,0
144941,1,1,1.0,1
144942,1,0,0.22841457,0
144943,1,1,0.99980444,1
144944,0,0,0.2527989,1
144945,1,0,0.1694746,0
144946,1,1,0.99813974,1
144947,1,0,0.11930549,0
144948,0,0,0.09636511,1
144949,1,1,0.99999976,1
144950,1,1,1.0,1
144951,1,1,0.8518296,1
144952,1,1,1.0,1
144953,0,0,0.09170697,1
144954,1,1,1.0,1
144955,1,1,1.0,1
144956,0,1,0.99999046,0
144957,0,0,0.116814375,1
144958,0,0,0.08616955,1
144959,1,0,0.29386023,0
144960,0,0,0.26521385,1
144961,0,0,0.032466814,1
144962,1,0,0.2893717,0
144963,1,1,1.0,1
144964,1,0,0.13534634,0
144965,1,1,0.99988043,1
144966,0,0,0.17272931,1
144967,1,1,0.97885466,1
144968,0,0,0.11823231,1
144969,0,1,0.9055731,0
144970,1,1,0.9971661,1
144971,1,0,0.06626642,0
144972,1,1,0.99956864,1
144973,0,1,0.99999774,0
144974,0,0,0.02578508,1
144975,1,1,0.9999956,1
144976,0,0,0.11211313,1
144977,0,0,0.035779487,1
144978,0,0,0.04659464,1
144979,1,1,0.99998844,1
144980,0,1,0.7627777,0
144981,0,0,0.12989861,1
144982,0,1,0.4560161,0
144983,1,1,0.9998827,1
144984,1,1,0.99998,1
144985,0,1,0.41647026,0
144986,0,0,0.19406216,1
144987,0,0,0.25543654,1
144988,1,0,0.31373507,0
144989,1,1,0.47073662,1
144990,0,0,0.3195459,1
144991,0,0,0.15707219,1
144992,0,0,0.02371207,1
144993,0,1,0.5794004,0
144994,1,1,1.0,1
144995,0,0,0.09170697,1
144996,1,1,0.9973374,1
144997,1,1,0.9999969,1
144998,0,1,0.37751198,0
144999,0,1,0.765418,0
145000,1,0,0.15546273,0
145001,0,1,0.9891816,0
145002,1,1,0.9938309,1
145003,1,1,0.9999995,1
145004,1,0,0.3110082,0
145005,1,1,0.99155444,1
145006,1,1,1.0,1
145007,1,0,0.024030639,0
145008,0,0,0.15713686,1
145009,0,0,0.1742697,1
145010,1,1,0.9999008,1
145011,0,0,0.25293726,1
145012,1,1,0.98862445,1
145013,0,1,0.961171,0
145014,1,1,1.0,1
145015,0,1,0.37239107,0
145016,1,1,0.89488137,1
145017,0,1,0.49200508,0
145018,0,1,0.47657967,0
145019,0,0,0.13799648,1
145020,0,0,0.11037522,1
145021,1,0,0.21518578,0
145022,0,1,0.50851357,0
145023,0,1,0.98199654,0
145024,1,0,0.013480104,0
145025,0,0,0.1309508,1
145026,1,1,0.9999987,1
145027,0,1,0.9467446,0
145028,0,0,0.024821786,1
145029,1,0,0.083965465,0
145030,1,1,0.9944559,1
145031,1,0,0.11606085,0
145032,0,1,0.5123266,0
145033,0,0,0.12901814,1
145034,0,1,0.8863221,0
145035,1,1,0.9851576,1
145036,0,0,0.021287354,1
145037,1,1,0.9650863,1
145038,0,0,0.065545,1
145039,1,1,0.99996495,1
145040,1,0,0.28736767,0
145041,0,0,0.1603975,1
145042,1,0,0.10715685,0
145043,0,1,0.9991704,0
145044,1,1,0.9123581,1
145045,1,1,0.99988675,1
145046,1,1,0.9999999,1
145047,0,1,0.74363375,0
145048,1,1,0.9999957,1
145049,1,1,1.0,1
145050,1,1,1.0,1
145051,0,0,0.004591684,1
145052,0,0,0.29951483,1
145053,0,1,0.9122018,0
145054,0,1,0.9531008,0
145055,1,0,0.20609397,0
145056,0,0,0.06103112,1
145057,1,1,0.9999993,1
145058,1,1,0.9998148,1
145059,1,1,0.9975418,1
145060,0,0,0.12442563,1
145061,0,0,0.090896755,1
145062,0,0,0.15027805,1
145063,0,0,0.12738101,1
145064,0,0,0.2305731,1
145065,1,1,1.0,1
145066,1,1,0.9999999,1
145067,1,1,0.99919754,1
145068,0,1,0.8255897,0
145069,1,1,1.0,1
145070,1,1,1.0,1
145071,0,1,0.9865458,0
145072,0,1,0.6814619,0
145073,1,1,0.9791955,1
145074,0,0,0.050611433,1
145075,0,0,0.316739,1
145076,1,1,0.9953454,1
145077,1,1,0.9999999,1
145078,1,1,0.99930406,1
145079,1,1,0.4332919,1
145080,1,0,0.039453376,0
145081,0,0,0.09434341,1
145082,1,1,0.9431384,1
145083,1,1,0.9976993,1
145084,0,1,0.48654503,0
145085,0,0,0.1256543,1
145086,1,1,0.9822708,1
145087,1,0,0.06325052,0
145088,1,1,1.0,1
145089,0,1,0.99937004,0
145090,1,1,0.9779888,1
145091,0,0,0.2509128,1
145092,0,1,0.9659639,0
145093,1,1,0.7062411,1
145094,0,0,0.13540348,1
145095,1,1,0.9999907,1
145096,0,0,0.1309508,1
145097,0,0,0.18550415,1
145098,1,1,0.9924374,1
145099,0,0,0.05394898,1
145100,0,0,0.018246775,1
145101,0,1,0.97032446,0
145102,1,1,1.0,1
145103,1,1,1.0,1
145104,1,1,0.99984026,1
145105,1,1,1.0,1
145106,1,0,0.17321827,0
145107,0,1,0.7605617,0
145108,0,0,0.12814279,1
145109,1,1,0.5357664,1
145110,1,1,0.99998724,1
145111,0,1,0.9526623,0
145112,1,1,0.78481424,1
145113,0,0,0.00571913,1
145114,1,1,0.99975985,1
145115,1,1,0.73163426,1
145116,1,1,0.9938309,1
145117,1,1,0.4242927,1
145118,1,1,0.9995461,1
145119,1,1,0.40333182,1
145120,0,1,0.6674187,0
145121,0,1,0.747155,0
145122,1,1,0.3718777,1
145123,0,1,0.99999976,0
145124,0,0,0.2780607,1
145125,1,1,0.99998486,1
145126,1,1,0.9998822,1
145127,1,0,0.21675669,0
145128,0,1,0.5649388,0
145129,1,0,0.15501449,0
145130,0,1,0.9981067,0
145131,0,1,0.5095203,0
145132,0,0,0.16871993,1
145133,0,0,0.13586143,1
145134,0,1,0.9998872,0
145135,0,1,0.6187228,0
145136,1,1,0.93569994,1
145137,0,1,0.5165345,0
145138,0,1,0.551936,0
145139,1,1,0.9981614,1
145140,0,1,0.66164964,0
145141,0,1,0.98387814,0
145142,1,0,0.32643247,0
145143,1,1,1.0,1
145144,1,1,0.9999999,1
145145,1,1,1.0,1
145146,0,0,0.016737208,1
145147,0,1,0.4003097,0
145148,1,1,1.0,1
145149,0,1,0.97986126,0
145150,0,0,0.15405755,1
145151,1,1,0.8580062,1
145152,0,0,0.039231926,1
145153,1,1,0.4881004,1
145154,1,1,1.0,1
145155,0,1,0.9305845,0
145156,1,1,1.0,1
145157,1,1,0.99992,1
145158,0,0,0.09518112,1
145159,1,1,0.89302987,1
145160,1,0,0.13017482,0
145161,1,1,0.35337245,1
145162,1,1,0.9914722,1
145163,1,1,1.0,1
145164,0,1,0.7230651,0
145165,1,1,0.9999968,1
145166,1,1,0.8193158,1
145167,1,1,0.9999865,1
145168,1,0,0.058078144,0
145169,1,1,0.9999982,1
145170,0,0,0.2500877,1
145171,0,1,0.45950052,0
145172,1,0,0.016230615,0
145173,1,1,0.48139286,1
145174,0,0,0.06336634,1
145175,0,0,0.0095224865,1
145176,0,1,0.84733725,0
145177,1,0,0.044847906,0
145178,1,1,0.44975513,1
145179,1,0,0.3227928,0
145180,0,1,0.75046134,0
145181,1,0,0.238107,0
145182,0,1,0.989791,0
145183,1,0,0.0238936,0
145184,0,1,0.9482025,0
145185,1,1,0.9861247,1
145186,1,0,0.21617696,0
145187,1,1,1.0,1
145188,1,0,0.12667711,0
145189,0,1,0.9527942,0
145190,0,1,0.9905691,0
145191,0,1,0.38214144,0
145192,0,0,0.31074667,1
145193,0,1,0.37233403,0
145194,1,1,1.0,1
145195,1,1,0.9999999,1
145196,1,1,0.99963737,1
145197,0,1,0.8213309,0
145198,1,1,0.99999976,1
145199,1,1,0.9999999,1
145200,1,1,0.9992706,1
145201,0,0,0.017678348,1
145202,0,1,0.37193474,0
145203,1,0,0.015130728,0
145204,1,0,0.04650795,0
145205,0,0,0.25729823,1
145206,1,0,0.019142363,0
145207,0,0,0.12331283,1
145208,0,1,0.99981624,0
145209,0,1,0.99604684,0
145210,1,1,1.0,1
145211,1,0,0.03750274,0
145212,1,1,0.9887988,1
145213,1,1,0.99978095,1
145214,0,0,0.103205055,1
145215,0,0,0.16933718,1
145216,1,0,0.13150749,0
145217,0,0,0.04405976,1
145218,1,1,0.9552357,1
145219,1,1,1.0,1
145220,1,1,0.9985134,1
145221,1,1,0.995037,1
145222,0,1,0.9448931,0
145223,1,1,0.9999491,1
145224,0,0,0.13173069,1
145225,0,0,0.124905184,1
145226,0,0,0.15146656,1
145227,1,1,0.4437511,1
145228,1,1,0.7791538,1
145229,1,1,0.9936365,1
145230,0,0,0.07389652,1
145231,1,1,1.0,1
145232,0,0,0.16885696,1
145233,0,1,0.99953544,0
145234,1,1,0.5833814,1
145235,0,1,0.7164171,0
145236,0,0,0.27781576,1
145237,0,1,1.0,0
145238,1,1,0.9774355,1
145239,0,1,0.99997926,0
145240,1,0,0.10221505,0
145241,1,1,0.9999995,1
145242,1,0,0.10221505,0
145243,1,1,0.9999987,1
145244,1,1,0.85158294,1
145245,0,1,0.63267297,0
145246,0,1,0.9078855,0
145247,1,1,0.9805993,1
145248,0,0,0.27820778,1
145249,0,1,0.8474635,0
145250,1,1,1.0,1
145251,0,0,0.064830884,1
145252,0,1,0.44351006,0
145253,0,1,0.9996302,0
145254,0,0,0.124905184,1
145255,1,1,0.9999981,1
145256,1,1,0.8705973,1
145257,1,1,0.99823856,1
145258,1,1,0.40951598,1
145259,0,0,0.013248331,1
145260,0,0,0.24382246,1
145261,0,0,0.009485712,1
145262,1,1,0.99890554,1
145263,0,1,0.5387405,0
145264,1,1,1.0,1
145265,0,0,0.012845958,1
145266,1,1,0.87987113,1
145267,1,1,0.9975177,1
145268,1,1,0.9841546,1
145269,0,1,0.49615484,0
145270,0,0,0.017110892,1
145271,1,0,0.1431877,0
145272,1,1,0.9999999,1
145273,0,0,0.2797301,1
145274,0,1,0.89469755,0
145275,1,1,0.9246196,1
145276,1,1,0.9999808,1
145277,1,0,0.034815192,0
145278,1,1,0.9999993,1
145279,1,1,0.76091725,1
145280,0,1,0.3833527,0
145281,1,1,1.0,1
145282,1,1,0.99992776,1
145283,1,0,0.3094931,0
145284,1,1,0.41569915,1
145285,1,1,0.99999976,1
145286,0,1,0.3764512,0
145287,0,1,0.8705973,0
145288,1,1,1.0,1
145289,1,1,0.7731308,1
145290,1,1,0.9997826,1
145291,0,1,0.9982522,0
145292,1,1,0.62056416,1
145293,1,1,0.99951124,1
145294,0,0,0.06383161,1
145295,1,1,0.9999776,1
145296,0,1,0.9175984,0
145297,0,0,0.0091787735,1
145298,1,1,0.9999963,1
145299,1,1,0.99712163,1
145300,0,0,0.034132607,1
145301,1,1,0.94834626,1
145302,0,0,0.0046818224,1
145303,1,1,0.48389226,1
145304,1,1,0.9997757,1
145305,0,0,0.13869494,1
145306,1,1,0.9999994,1
145307,0,0,0.16694687,1
145308,1,1,0.9999994,1
145309,0,1,0.984063,0
145310,1,1,0.9910493,1
145311,1,1,0.99989605,1
145312,1,1,0.9999442,1
145313,1,0,0.0124797,0
145314,0,0,0.032313783,1
145315,1,1,0.99343574,1
145316,0,0,0.21084754,1
145317,1,1,0.9999995,1
145318,1,1,0.8842393,1
145319,1,0,0.1336412,0
145320,0,1,0.35759556,0
145321,1,0,0.16871993,0
145322,1,1,0.99978346,1
145323,1,0,0.12137298,0
145324,1,1,0.9999999,1
145325,1,0,0.26208568,0
145326,1,1,0.9999918,1
145327,0,0,0.15071502,1
145328,0,0,0.08961382,1
145329,1,1,0.9999914,1
145330,1,1,1.0,1
145331,1,0,0.26350462,0
145332,1,1,0.99394965,1
145333,0,0,0.018851181,1
145334,0,0,0.14288844,1
145335,0,0,0.121320926,1
145336,1,1,1.0,1
145337,1,1,0.99984276,1
145338,0,0,0.1444503,1
145339,1,1,0.9998036,1
145340,0,1,0.96580297,0
145341,1,0,0.32332665,0
145342,1,1,1.0,1
145343,1,1,0.9970247,1
145344,1,0,0.2748377,0
145345,1,1,0.9992099,1
145346,1,1,1.0,1
145347,0,0,0.0042398255,1
145348,0,1,0.99997187,0
145349,1,0,0.11981949,0
145350,1,1,1.0,1
145351,1,1,0.65273964,1
145352,0,1,0.6860021,0
145353,1,1,0.9927532,1
145354,1,1,0.98971164,1
145355,1,0,0.018107349,0
145356,1,1,1.0,1
145357,0,1,0.99995947,0
145358,0,1,0.5012207,0
145359,1,1,1.0,1
145360,0,0,0.06548521,1
145361,1,0,0.3238076,0
145362,1,0,0.19628645,0
145363,0,0,0.0416178,1
145364,1,1,0.99999034,1
145365,1,1,0.9947084,1
145366,1,1,0.9714559,1
145367,1,1,1.0,1
145368,0,0,0.16885696,1
145369,1,1,0.9998996,1
145370,1,1,0.5792219,1
145371,1,1,0.99998426,1
145372,0,1,0.9988883,0
145373,0,0,0.27914017,1
145374,0,0,0.18513553,1
145375,1,1,1.0,1
145376,0,0,0.32257935,1
145377,0,0,0.17133832,1
145378,1,1,0.49456805,1
145379,1,1,0.9998722,1
145380,1,0,0.0063512353,0
145381,1,1,0.9999237,1
145382,1,1,0.99999976,1
145383,1,1,0.96964204,1
145384,1,0,0.1519693,0
145385,0,1,0.5348555,0
145386,1,0,0.011642225,0
145387,1,1,0.9999534,1
145388,0,1,0.9999689,0
145389,0,1,0.5555558,0
145390,1,1,1.0,1
145391,0,1,0.990892,0
145392,0,1,0.9999976,0
145393,1,1,0.9999988,1
145394,1,1,0.9999974,1
145395,1,1,0.9604726,1
145396,1,0,0.16586316,0
145397,1,0,0.01821182,0
145398,1,1,0.9999721,1
145399,1,0,0.025883388,0
145400,0,0,0.0703677,1
145401,0,1,0.71228224,0
145402,0,0,0.16092427,1
145403,1,1,0.98986953,1
145404,1,1,0.9999927,1
145405,0,0,0.30213365,1
145406,1,0,0.29012534,0
145407,0,0,0.0385747,1
145408,0,1,0.7331176,0
145409,1,1,0.99991035,1
145410,1,1,1.0,1
145411,0,0,0.03879259,1
145412,1,1,0.76699245,1
145413,0,1,0.8769508,0
145414,1,1,1.0,1
145415,1,0,0.2752271,0
145416,0,1,0.668718,0
145417,0,1,0.96691406,0
145418,1,1,0.58959824,1
145419,1,1,0.38832805,1
145420,0,0,0.031202815,1
145421,0,0,0.20465964,1
145422,0,1,0.9846347,0
145423,0,0,0.1522842,1
145424,1,1,0.9999651,1
145425,0,0,0.14990434,1
145426,1,1,0.99977034,1
145427,1,1,1.0,1
145428,1,0,0.114072114,0
145429,0,0,0.12814279,1
145430,1,1,0.9649213,1
145431,0,1,0.9574771,0
145432,1,0,0.14517595,0
145433,0,0,0.10239443,1
145434,0,1,0.91367656,0
145435,1,1,0.47849837,1
145436,0,0,0.19125213,1
145437,0,1,0.9168571,0
145438,1,1,0.99999917,1
145439,0,1,0.99999905,0
145440,1,1,0.9393595,1
145441,1,0,0.25183168,0
145442,0,0,0.0871745,1
145443,0,0,0.20577459,1
145444,1,1,0.9999988,1
145445,1,1,0.9999999,1
145446,1,1,0.7545535,1
145447,0,0,0.17002513,1
145448,0,1,0.65494996,0
145449,0,0,0.29188833,1
145450,0,1,0.47944275,0
145451,0,0,0.034618836,1
145452,0,1,0.9999888,0
145453,1,1,0.98020524,1
145454,1,1,0.99959,1
145455,1,0,0.10293422,0
145456,0,0,0.32151327,1
145457,0,1,0.39108613,0
145458,1,1,0.9869544,1
145459,0,0,0.042483207,1
145460,0,0,0.03179867,1
145461,1,0,0.07004896,0
145462,1,1,0.9999149,1
145463,1,1,1.0,1
145464,0,0,0.092359796,1
145465,0,0,0.086554825,1
145466,1,1,0.64651597,1
145467,0,1,0.8398654,0
145468,0,0,0.01569379,1
145469,0,1,0.61549234,0
145470,1,1,0.98524296,1
145471,1,0,0.18565173,0
145472,1,0,0.19667186,0
145473,1,1,0.99999917,1
145474,1,1,0.9999269,1
145475,0,0,0.24963012,1
145476,1,1,0.99936,1
145477,0,0,0.16092427,1
145478,0,0,0.10356715,1
145479,1,1,1.0,1
145480,1,0,0.18609506,0
145481,0,0,0.044806086,1
145482,0,1,0.50268555,0
145483,1,1,0.9998702,1
145484,0,1,0.99983966,0
145485,0,0,0.06548521,1
145486,1,1,0.99999905,1
145487,1,1,0.43866497,1
145488,1,1,0.99860877,1
145489,0,0,0.34032074,1
145490,1,1,0.82587075,1
145491,1,0,0.06019705,0
145492,1,1,1.0,1
145493,1,0,0.0031603528,0
145494,1,1,0.99994934,1
145495,1,1,0.4338915,1
145496,0,0,0.086246476,1
145497,1,1,0.98651993,1
145498,0,1,0.99966335,0
145499,1,1,0.9999981,1
145500,0,0,0.16721867,1
145501,0,0,0.09968911,1
145502,1,1,1.0,1
145503,1,0,0.18639106,0
145504,0,1,0.97803074,0
145505,1,1,0.9998872,1
145506,0,1,0.9783226,0
145507,0,0,0.20481862,1
145508,1,0,0.032558974,0
145509,1,1,0.9993345,1
145510,0,0,0.297572,1
145511,1,1,0.9999757,1
145512,1,1,0.8926561,1
145513,1,0,0.16776335,0
145514,1,1,0.9988531,1
145515,1,1,0.99990726,1
145516,1,1,0.94934165,1
145517,0,1,0.9999789,0
145518,0,1,0.42820352,0
145519,0,0,0.09244169,1
145520,1,1,1.0,1
145521,1,1,1.0,1
145522,0,0,0.11008789,1
145523,1,1,0.98951083,1
145524,1,1,0.99995446,1
145525,1,1,0.99999964,1
145526,1,1,0.8429925,1
145527,1,1,0.9997775,1
145528,0,1,0.6864226,0
145529,1,0,0.083291925,0
145530,1,1,0.388444,1
145531,1,1,0.9997527,1
145532,0,0,0.11666332,1
145533,1,1,1.0,1
145534,1,0,0.23414387,0
145535,1,1,0.99999344,1
145536,0,1,0.99988043,0
145537,0,0,0.29762304,1
145538,1,1,0.9999578,1
145539,0,0,0.020824393,1
145540,1,1,0.99932814,1
145541,1,1,0.99999726,1
145542,1,1,0.99986064,1
145543,1,1,0.9969066,1
145544,0,1,0.80240077,0
145545,1,1,0.99986184,1
145546,1,1,0.9999584,1
145547,1,1,0.99980205,1
145548,1,0,0.23603164,0
145549,1,0,0.32156652,0
145550,0,0,0.2216875,1
145551,1,1,0.91957027,1
145552,1,1,0.9461506,1
145553,0,1,0.6478539,0
145554,1,1,0.9990619,1
145555,0,0,0.04782452,1
145556,0,1,0.9999999,0
145557,0,0,0.059921406,1
145558,0,0,0.09392703,1
145559,0,0,0.3143662,1
145560,0,1,0.467818,0
145561,1,1,0.3903887,1
145562,1,1,0.9999994,1
145563,1,1,0.9999999,1
145564,1,1,0.9516839,1
145565,1,0,0.3193336,0
145566,0,0,0.052279223,1
145567,0,0,0.1138749,1
145568,1,1,0.9999938,1
145569,0,0,0.19012183,1
145570,1,1,1.0,1
145571,0,1,0.9977216,0
145572,0,1,0.6004813,0
145573,0,1,0.94694114,0
145574,0,1,0.6769937,0
145575,0,0,0.23766439,1
145576,1,1,0.6008911,1
145577,1,1,0.999071,1
145578,1,1,0.99999964,1
145579,1,1,0.99948066,1
145580,0,1,0.9989392,0
145581,1,0,0.17203271,0
145582,0,0,0.117774926,1
145583,0,1,0.41093358,0
145584,1,1,0.7879312,1
145585,0,0,0.03897507,1
145586,1,1,0.9999968,1
145587,1,1,0.6631784,1
145588,0,0,0.067485206,1
145589,1,1,1.0,1
145590,1,0,0.08874129,0
145591,0,1,0.9431908,0
145592,1,1,0.9999994,1
145593,0,1,0.4304765,0
145594,1,1,0.9997565,1
145595,0,1,0.9999497,0
145596,0,0,0.020468965,1
145597,1,1,0.8833366,1
145598,0,0,0.1775255,1
145599,0,0,0.18388654,1
145600,0,0,0.26488096,1
145601,0,0,0.1450548,1
145602,0,1,0.95888567,0
145603,0,0,0.0076362165,1
145604,0,0,0.30793005,1
145605,0,1,0.9144437,0
145606,0,0,0.013480104,1
145607,0,1,0.9999629,0
145608,1,1,1.0,1
145609,1,0,0.11802884,0
145610,0,0,0.27904198,1
145611,1,1,0.9929061,1
145612,1,1,0.9994547,1
145613,1,1,0.9252299,1
145614,0,1,0.8589554,0
145615,1,0,0.3031126,0
145616,0,0,0.14817041,1
145617,1,1,0.9987696,1
145618,0,1,0.9865976,0
145619,0,0,0.01539492,1
145620,1,0,0.13089524,0
145621,1,1,1.0,1
145622,1,1,0.96586746,1
145623,0,1,0.36738378,0
145624,0,0,0.3280987,1
145625,1,1,0.999666,1
145626,1,1,0.40145314,1
145627,1,1,0.99998474,1
145628,1,0,0.0768222,0
145629,0,0,0.03807084,1
145630,1,0,0.21791947,0
145631,1,1,0.99983966,1
145632,1,1,0.99849594,1
145633,0,0,0.011777842,1
145634,1,1,0.9841546,1
145635,1,0,0.035678547,0
145636,0,1,0.9999825,0
145637,0,1,0.44158268,0
145638,1,1,0.99995685,1
145639,1,1,0.7836161,1
145640,0,0,0.033242542,1
145641,0,0,0.20252202,1
145642,1,1,0.91482496,1
145643,0,0,0.17874077,1
145644,0,0,0.06030764,1
145645,0,1,0.9998579,0
145646,0,0,0.021656675,1
145647,1,0,0.18337418,0
145648,1,0,0.10347653,0
145649,1,1,0.80654806,1
145650,1,1,0.7698598,1
145651,1,1,1.0,1
145652,1,1,0.86838096,1
145653,1,1,1.0,1
145654,1,1,1.0,1
145655,1,1,0.9977349,1
145656,1,1,0.39373466,1
145657,1,0,0.24472384,0
145658,1,0,0.3112698,0
145659,1,1,0.99999976,1
145660,0,0,0.049681153,1
145661,0,1,0.9984421,0
145662,0,1,0.999995,0
145663,1,1,0.99622726,1
145664,0,1,0.99094474,0
145665,0,0,0.08064662,1
145666,1,0,0.06388999,0
145667,0,0,0.06935241,1
145668,0,1,0.99804294,0
145669,1,1,0.8067004,1
145670,0,0,0.026886744,1
145671,0,0,0.009764972,1
145672,0,0,0.32993123,1
145673,1,1,0.99491996,1
145674,1,0,0.12310184,0
145675,0,0,0.020984296,1
145676,1,1,0.99926347,1
145677,1,1,0.99306935,1
145678,0,1,0.91078377,0
145679,1,1,0.9997974,1
145680,1,0,0.078148484,0
145681,0,0,0.17349815,1
145682,1,1,1.0,1
145683,0,1,0.6562728,0
145684,1,1,0.96267307,1
145685,1,1,1.0,1
145686,0,0,0.29706192,1
145687,1,1,1.0,1
145688,1,1,0.9993081,1
145689,1,1,0.9923638,1
145690,0,0,0.13240233,1
145691,1,1,0.98187524,1
145692,1,1,0.9968273,1
145693,0,0,0.12033541,1
145694,1,1,0.973519,1
145695,1,1,0.8429925,1
145696,0,0,0.14934519,1
145697,1,1,1.0,1
145698,0,1,0.8784186,0
145699,1,1,0.689985,1
145700,1,1,0.9994081,1
145701,0,0,0.14151855,1
145702,0,0,0.32863715,1
145703,0,1,0.9650203,0
145704,1,1,0.89606965,1
145705,1,1,0.93868846,1
145706,1,1,0.9999666,1
145707,1,0,0.02640552,0
145708,1,0,0.29808256,0
145709,1,0,0.2033909,0
145710,0,0,0.074500255,1
145711,0,1,0.9532751,0
145712,1,1,0.99999714,1
145713,0,0,0.16465074,1
145714,1,1,0.9999995,1
145715,1,1,1.0,1
145716,1,1,0.88363826,1
145717,1,1,0.9999993,1
145718,1,1,0.99758923,1
145719,1,1,0.9992706,1
145720,0,0,0.060975183,1
145721,0,0,0.11124121,1
145722,1,1,0.9999796,1
145723,1,1,0.7749242,1
145724,1,1,1.0,1
145725,0,0,0.15090261,1
145726,1,1,1.0,1
145727,0,0,0.10026027,1
145728,1,1,0.87621135,1
145729,1,1,0.88393915,1
145730,0,1,0.9689738,0
145731,0,0,0.15115306,1
145732,1,1,0.50884914,1
145733,1,1,0.6302868,1
145734,1,1,0.99442345,1
145735,1,1,0.99999917,1
145736,1,1,0.9069832,1
145737,1,1,0.9983991,1
145738,1,1,1.0,1
145739,1,1,1.0,1
145740,0,1,0.52171487,0
145741,1,1,0.9999968,1
145742,1,0,0.03390796,0
145743,1,1,0.99999666,1
145744,0,0,0.14706452,1
145745,1,1,0.6117879,1
145746,1,1,0.9999982,1
145747,1,1,0.99937975,1
145748,1,1,0.99956185,1
145749,1,0,0.123365626,0
145750,1,0,0.1609902,0
145751,1,1,0.9999994,1
145752,1,0,0.008916127,0
145753,1,1,0.9999944,1
145754,0,0,0.16817279,1
145755,0,1,0.42468038,0
145756,1,0,0.1510904,0
145757,0,1,0.69569993,0
145758,1,1,1.0,1
145759,0,1,0.9727014,0
145760,1,0,0.033462938,0
145761,0,0,0.23872763,1
145762,1,0,0.11377637,0
145763,1,1,0.9999995,1
145764,0,0,0.1635122,1
145765,1,1,0.9999989,1
145766,0,1,0.8233284,0
145767,0,1,0.9828068,0
145768,0,1,0.96641046,0
145769,1,1,0.6253809,1
145770,0,1,0.9999943,0
145771,1,1,0.99998724,1
145772,0,0,0.25192368,1
145773,0,0,0.13341522,1
145774,0,0,0.2615195,1
145775,1,1,1.0,1
145776,0,1,0.35482422,0
145777,0,1,0.9382373,0
145778,0,0,0.22850062,1
145779,1,1,0.9999069,1
145780,1,1,0.978733,1
145781,1,1,0.980375,1
145782,0,0,0.20394525,1
145783,1,1,0.7981868,1
145784,1,0,0.22592856,0
145785,0,1,0.9999894,0
145786,0,0,0.090735495,1
145787,0,0,0.087954745,1
145788,0,1,0.6887302,0
145789,1,1,0.9999629,1
145790,0,1,0.9898892,0
145791,1,1,0.99935,1
145792,1,1,0.36727026,1
145793,1,1,0.4423354,1
145794,1,0,0.16317856,0
145795,0,0,0.19231172,1
145796,0,0,0.018176932,1
145797,1,1,0.9429811,1
145798,1,1,1.0,1
145799,1,0,0.29563648,0
145800,1,1,0.6304006,1
145801,1,1,0.99964094,1
145802,0,0,0.14438999,1
145803,1,1,0.8401279,1
145804,1,1,1.0,1
145805,0,1,0.9741166,0
145806,0,1,0.9659959,0
145807,1,1,0.6414785,1
145808,0,1,0.99772614,0
145809,0,1,0.4424257,0
145810,1,1,0.5189728,1
145811,0,1,0.9111007,0
145812,1,1,0.9840936,1
145813,0,0,0.06365676,1
145814,0,1,0.7113808,0
145815,1,1,0.9999993,1
145816,1,1,1.0,1
145817,1,1,0.9994374,1
145818,0,0,0.28487432,1
145819,1,0,0.008796121,0
145820,0,0,0.021594688,1
145821,1,1,0.7466935,1
145822,1,1,0.9999654,1
145823,1,1,0.9999993,1
145824,0,0,0.06742378,1
145825,0,1,0.9951325,0
145826,0,0,0.05037733,1
145827,1,1,1.0,1
145828,0,1,0.3963602,0
145829,0,1,0.83828294,0
145830,1,0,0.14694208,0
145831,0,1,0.9959927,0
145832,0,0,0.0047644526,1
145833,1,1,0.9352874,1
145834,1,1,0.9999753,1
145835,0,1,0.98953116,0
145836,1,1,0.9998253,1
145837,0,1,0.7427017,0
145838,0,0,0.021906365,1
145839,1,1,0.9890554,1
145840,1,1,0.9999138,1
145841,0,0,0.015814932,1
145842,0,0,0.015754245,1
145843,1,1,0.65406656,1
145844,1,1,0.99998224,1
145845,1,1,0.9806919,1
145846,0,0,0.2996685,1
145847,0,1,0.8891444,0
145848,1,1,0.9999716,1
145849,1,1,0.37659445,1
145850,0,0,0.09999631,1
145851,0,1,0.71012604,0
145852,0,1,0.99459416,0
145853,1,1,0.9921537,1
145854,1,0,0.2604835,0
145855,0,1,0.9038897,0
145856,1,1,0.90414387,1
145857,1,1,0.46420318,1
145858,1,1,0.71972847,1
145859,0,0,0.061480366,1
145860,1,1,0.9994286,1
145861,1,1,0.71716046,1
145862,0,0,0.078289315,1
145863,0,0,0.30440342,1
145864,0,0,0.16204827,1
145865,0,0,0.054349106,1
145866,1,1,0.9958901,1
145867,1,0,0.038178273,0
145868,0,1,0.7599387,0
145869,0,0,0.19993211,1
145870,1,1,0.99983776,1
145871,1,1,1.0,1
145872,1,0,0.011687257,0
145873,1,1,0.99936634,1
145874,1,1,0.99999976,1
145875,1,1,0.9992986,1
145876,0,1,0.9976859,0
145877,1,1,0.8474635,1
145878,0,1,0.45550132,0
145879,1,1,0.99999654,1
145880,0,0,0.31991765,1
145881,1,0,0.07270252,0
145882,0,1,0.9488225,0
145883,1,1,0.39283168,1
145884,0,1,0.6861073,0
145885,0,1,0.9999957,0
145886,0,1,0.9999995,0
145887,1,1,1.0,1
145888,1,1,0.9924959,1
145889,1,0,0.004573864,0
145890,0,1,0.97546023,0
145891,0,0,0.07843036,1
145892,1,1,0.46863863,1
145893,1,1,0.5211056,1
145894,0,0,0.09721884,1
145895,1,1,0.99988806,1
145896,0,1,0.996682,0
145897,0,0,0.008140463,1
145898,1,1,0.9996118,1
145899,1,1,0.9655115,1
145900,0,0,0.26697794,1
145901,0,1,0.44933224,0
145902,1,1,1.0,1
145903,0,0,0.24131057,1
145904,1,1,1.0,1
145905,0,0,0.04142348,1
145906,0,1,0.9999999,0
145907,1,1,0.9999995,1
145908,0,0,0.18300883,1
145909,0,1,0.95136863,0
145910,0,1,0.96792966,0
145911,0,1,0.73216116,0
145912,0,0,0.32879877,1
145913,0,0,0.07821887,1
145914,1,1,1.0,1
145915,1,1,0.9999912,1
145916,1,0,0.08064662,0
145917,1,1,0.915356,1
145918,0,0,0.096195176,1
145919,1,1,0.99907637,1
145920,1,1,1.0,1
145921,1,1,1.0,1
145922,0,1,0.9702681,0
145923,1,1,0.9999999,1
145924,1,1,0.99983776,1
145925,0,1,0.9987649,0
145926,0,1,0.9974541,0
145927,1,0,0.17924303,0
145928,1,1,1.0,1
145929,0,1,0.77398604,0
145930,1,1,0.99999976,1
145931,0,0,0.024446366,1
145932,1,1,0.9997154,1
145933,1,1,1.0,1
145934,0,0,0.3414178,1
145935,1,0,0.20283768,0
145936,1,1,1.0,1
145937,1,1,0.9993358,1
145938,1,1,0.6742114,1
145939,0,1,0.47134495,0
145940,1,1,0.9999974,1
145941,0,1,0.9999999,0
145942,0,1,0.99999964,0
145943,0,1,0.9983802,0
145944,0,1,0.9999335,0
145945,0,1,0.99989605,0
145946,0,0,0.0072749583,1
145947,1,1,1.0,1
145948,1,1,0.97527254,1
145949,0,1,0.9926684,0
145950,0,1,0.46132013,0
145951,0,0,0.28806815,1
145952,1,1,0.9938309,1
145953,0,1,0.41353637,0
145954,0,1,0.8964329,0
145955,1,1,0.9999398,1
145956,1,0,0.23722233,0
145957,1,1,0.99939525,1
145958,0,1,0.48468497,0
145959,0,0,0.20898496,1
145960,1,1,1.0,1
145961,1,0,0.03012886,0
145962,0,1,0.51677835,0
145963,1,1,0.91781974,1
145964,0,1,0.9392481,0
145965,1,1,0.92703366,1
145966,1,1,0.99998593,1
145967,1,0,0.29082978,0
145968,0,1,0.9851576,0
145969,0,1,0.99865675,0
145970,0,0,0.18609506,1
145971,0,0,0.31399792,1
145972,0,1,0.59284335,0
145973,1,1,0.99999976,1
145974,1,1,0.68378913,1
145975,0,1,0.93033177,0
145976,0,0,0.108471945,1
145977,0,0,0.007710576,1
145978,1,0,0.188548,0
145979,1,0,0.008950712,0
145980,1,1,0.6974544,1
145981,1,1,0.5955514,1
145982,0,1,0.9001793,0
145983,1,1,0.9999999,1
145984,0,1,0.48852742,0
145985,1,0,0.034132607,0
145986,1,1,0.99744415,1
145987,0,0,0.08449276,1
145988,1,1,0.6392295,1
145989,1,1,0.9869795,1
145990,1,1,0.99952435,1
145991,0,1,0.7467858,0
145992,1,1,1.0,1
145993,1,1,0.8042522,1
145994,1,1,0.99999905,1
145995,1,1,0.999984,1
145996,1,1,1.0,1
145997,1,1,1.0,1
145998,1,1,0.98421544,1
145999,1,0,0.1673547,0
146000,0,1,0.67238545,0
146001,1,0,0.21584621,0
146002,0,1,0.9999591,0
146003,1,1,0.9999988,1
146004,1,1,0.48328263,1
146005,0,1,0.9997527,0
146006,0,1,0.99502736,0
146007,1,1,0.9975799,1
146008,1,1,0.9979966,1
146009,1,1,1.0,1
146010,1,1,1.0,1
146011,1,1,0.99765414,1
146012,1,1,0.9999999,1
146013,1,1,0.9999372,1
146014,0,0,0.034979645,1
146015,1,1,1.0,1
146016,1,1,0.95540243,1
146017,0,1,0.5388619,0
146018,1,1,0.99993265,1
146019,0,1,0.97881407,0
146020,1,0,0.26769522,0
146021,0,1,0.8954313,0
146022,1,1,0.82573026,1
146023,0,1,0.6336371,0
146024,0,1,0.9971771,0
146025,0,1,0.9998111,0
146026,0,1,0.9765577,0
146027,1,1,0.99609274,1
146028,0,0,0.07204689,1
146029,0,1,0.7977145,0
146030,0,0,0.20149878,1
146031,1,1,0.7116815,1
146032,1,1,0.9994777,1
146033,1,0,0.15610489,0
146034,0,0,0.084040605,1
146035,1,0,0.12522575,0
146036,1,1,0.99992275,1
146037,1,0,0.042206,0
146038,0,1,0.5717666,0
146039,1,1,0.99158704,1
146040,0,1,0.5318781,0
146041,0,1,0.99999535,0
146042,1,1,0.99981767,1
146043,0,1,1.0,0
146044,1,1,0.9971384,1
146045,1,1,0.9999999,1
146046,1,0,0.29168653,0
146047,1,1,0.58841616,1
146048,0,1,0.6714167,0
146049,0,0,0.14829372,1
146050,1,1,0.9335521,1
146051,1,1,1.0,1
146052,1,1,0.9766915,1
146053,1,1,0.999959,1
146054,1,1,1.0,1
146055,1,1,0.99584997,1
146056,1,1,0.9999802,1
146057,0,1,0.9998981,0
146058,1,1,0.99999905,1
146059,1,0,0.008219693,0
146060,0,0,0.18330103,1
146061,1,0,0.052570295,0
146062,1,1,0.7624683,1
146063,0,1,0.82573026,0
146064,1,1,0.7405029,1
146065,0,1,0.9932156,0
146066,0,0,0.10493506,1
146067,0,0,0.047602654,1
146068,0,0,0.08874129,1
146069,1,1,0.5219585,1
146070,1,1,0.9965837,1
146071,1,1,0.99957854,1
146072,0,1,0.79944235,0
146073,1,1,0.99688244,1
146074,0,1,0.9990978,0
146075,1,1,0.99987614,1
146076,1,1,1.0,1
146077,0,0,0.03879259,1
146078,1,1,0.8711464,1
146079,0,1,0.9281487,0
146080,0,0,0.23979414,1
146081,1,1,0.999764,1
146082,0,0,0.14499424,1
146083,1,1,0.8884688,1
146084,1,1,0.9994241,1
146085,0,1,0.3579602,0
146086,1,0,0.14247034,0
146087,1,0,0.05686155,0
146088,0,1,0.9999696,0
146089,1,1,0.99992216,1
146090,1,1,0.86488205,1
146091,1,1,0.9991768,1
146092,1,1,0.99999726,1
146093,0,1,0.92114514,0
146094,1,1,0.9175246,1
146095,1,1,0.99999547,1
146096,0,0,0.10604083,1
146097,0,1,0.9999893,0
146098,0,1,0.90312344,0
146099,1,1,0.99998724,1
146100,0,1,0.97836393,0
146101,0,1,0.7874412,0
146102,1,1,0.9999976,1
146103,0,1,0.97769254,0
146104,1,1,0.41608465,1
146105,1,0,0.091382094,0
146106,1,1,1.0,1
146107,0,1,0.9756929,0
146108,0,1,0.92296976,0
146109,1,1,0.50884914,1
146110,1,1,0.99999905,1
146111,1,0,0.0047000605,0
146112,1,1,1.0,1
146113,1,0,0.037999377,0
146114,1,0,0.09920809,0
146115,1,1,0.61647415,1
146116,1,0,0.045991033,0
146117,1,1,0.9943031,1
146118,0,1,0.4528081,0
146119,0,1,0.8108536,0
146120,0,1,0.9971551,0
146121,0,1,0.9905691,0
146122,1,0,0.04858621,0
146123,1,1,0.9999995,1
146124,0,1,0.99958676,0
146125,1,1,0.9999865,1
146126,0,1,0.91920847,0
146127,0,0,0.09001297,1
146128,0,1,0.5458305,0
146129,1,1,0.99885976,1
146130,1,1,0.9994081,1
146131,1,1,0.99951875,1
146132,1,1,1.0,1
146133,0,1,0.9988418,0
146134,1,1,0.5910743,1
146135,0,1,0.99680245,0
146136,0,1,0.9997893,0
146137,0,1,0.62240195,0
146138,0,1,0.99994147,0
146139,0,1,0.97587764,0
146140,1,1,0.99999976,1
146141,0,0,0.18440005,1
146142,0,1,0.9916196,0
146143,0,1,0.8248855,0
146144,1,1,0.93599313,1
146145,1,0,0.168583,0
146146,1,1,0.9999999,1
146147,0,0,0.10715685,1
146148,0,1,0.4473094,0
146149,0,1,0.9997358,0
146150,0,1,0.99637836,0
146151,0,1,0.5355843,0
146152,1,1,0.99999726,1
146153,0,0,0.060919292,1
146154,0,0,0.009783876,1
146155,1,1,1.0,1
146156,1,1,0.88413936,1
146157,1,1,0.99647564,1
146158,0,0,0.040883996,1
146159,1,0,0.22286923,0
146160,1,1,0.9997358,1
146161,1,1,1.0,1
146162,1,1,0.9932025,1
146163,1,1,1.0,1
146164,0,1,1.0,0
146165,1,0,0.19352812,0
146166,1,1,0.9819447,1
146167,0,0,0.080719054,1
146168,0,0,0.022414219,1
146169,1,1,0.99986494,1
146170,0,0,0.32659352,1
146171,1,1,0.9999932,1
146172,1,1,0.99997103,1
146173,1,1,0.99998176,1
146174,0,1,0.3950175,0
146175,0,0,0.1447523,1
146176,0,0,0.0871745,1
146177,1,1,0.99998283,1
146178,1,1,0.8583628,1
146179,1,1,0.9999999,1
146180,0,1,0.914977,0
146181,1,1,1.0,1
146182,1,0,0.024191484,0
146183,0,0,0.114072114,1
146184,0,0,0.12776141,1
146185,0,0,0.26359937,1
146186,1,1,0.99999547,1
146187,0,0,0.03336831,1
146188,1,1,0.7129822,1
146189,0,0,0.077030234,1
146190,1,1,0.99996936,1
146191,1,1,1.0,1
146192,0,0,0.10585582,1
146193,0,1,0.9186264,0
146194,1,1,0.4003097,1
146195,0,0,0.020312909,1
146196,0,1,0.41590673,0
146197,1,1,0.9999691,1
146198,1,1,0.99240804,1
146199,0,1,0.49646002,0
146200,1,1,1.0,1
146201,1,1,0.99979013,1
146202,0,0,0.18388654,1
146203,1,1,0.9999943,1
146204,0,0,0.0607519,1
146205,0,1,0.5144003,0
146206,0,1,0.5674573,0
146207,1,1,0.9999782,1
146208,1,1,0.9999949,1
146209,1,1,0.9999634,1
146210,1,0,0.11274656,0
146211,1,1,0.9999951,1
146212,0,1,0.99999475,0
146213,0,0,0.11269772,1
146214,1,1,0.98752034,1
146215,1,1,0.9937588,1
146216,1,0,0.11308892,0
146217,0,0,0.100436606,1
146218,0,0,0.18300883,1
146219,1,1,0.99998116,1
146220,0,0,0.0051496075,1
146221,1,1,0.7632191,1
146222,1,1,0.99369794,1
146223,0,1,0.489595,0
146224,0,0,0.12168575,1
146225,0,1,0.98557997,0
146226,1,1,0.99615306,1
146227,0,0,0.07758752,1
146228,1,1,1.0,1
146229,0,1,0.86488205,0
146230,1,1,0.42268333,1
146231,0,0,0.019493869,1
146232,0,0,0.06159316,1
146233,0,1,0.69050694,0
146234,0,1,0.57755494,0
146235,0,1,0.9532315,0
146236,1,1,1.0,1
146237,0,1,0.73786706,0
146238,1,1,0.99974984,1
146239,1,1,0.8345418,1
146240,0,1,0.6589115,0
146241,1,1,0.99975985,1
146242,1,1,0.85573065,1
146243,0,0,0.26393127,1
146244,0,1,0.61004704,0
146245,1,1,0.9999994,1
146246,0,1,0.6313102,0
146247,0,1,0.9988236,0
146248,0,1,0.9823216,0
146249,1,1,0.47387025,1
146250,1,0,0.19907434,0
146251,0,0,0.1754674,1
146252,0,1,0.75432724,0
146253,0,0,0.30481714,1
146254,0,1,0.4388453,0
146255,1,0,0.25155574,0
146256,1,1,1.0,1
146257,1,1,0.99999774,1
146258,0,0,0.2996685,1
146259,1,1,0.999995,1
146260,0,1,1.0,0
146261,0,1,0.4436908,0
146262,1,1,0.55766463,1
146263,0,1,0.97550696,0
146264,1,1,1.0,1
146265,1,1,0.6304006,1
146266,1,1,0.9999993,1
146267,0,0,0.071786165,1
146268,0,1,0.9963924,0
146269,0,1,0.99389064,0
146270,1,1,0.9976769,1
146271,1,1,0.97046465,1
146272,1,1,0.57385755,1
146273,0,1,0.90690076,0
146274,1,1,0.928668,1
146275,0,1,0.5281684,0
146276,0,1,0.63776433,0
146277,1,1,0.9999255,1
146278,0,0,0.27786472,1
146279,0,1,0.6517428,0
146280,0,0,0.30512765,1
146281,1,1,1.0,1
146282,1,1,0.99999535,1
146283,1,1,0.99864894,1
146284,0,0,0.10585582,1
146285,1,0,0.09113915,0
146286,1,0,0.2739627,0
146287,0,0,0.0090903845,1
146288,1,1,0.9999995,1
146289,1,0,0.19095021,0
146290,0,0,0.036562506,1
146291,1,0,0.027298586,0
146292,1,1,0.9999635,1
146293,0,1,0.8079157,0
146294,1,1,0.9501803,1
146295,1,1,0.9999274,1
146296,1,1,1.0,1
146297,1,1,0.99835473,1
146298,0,1,0.98951083,0
146299,0,1,0.63742584,0
146300,1,1,0.7230651,1
146301,0,0,0.30244258,1
146302,0,0,0.014672034,1
146303,1,1,0.9606575,1
146304,0,1,0.9998889,0
146305,1,1,1.0,1
146306,1,1,0.99999917,1
146307,1,1,0.9999403,1
146308,1,1,0.8474635,1
146309,1,1,0.9999877,1
146310,0,0,0.020904195,1
146311,0,1,0.8901988,0
146312,1,1,0.76960015,1
146313,0,0,0.08471965,1
146314,0,0,0.17419945,1
146315,0,1,0.8253083,0
146316,0,1,0.99999964,0
146317,1,1,1.0,1
146318,1,1,0.99997425,1
146319,0,0,0.051893488,1
146320,1,0,0.12447884,0
146321,1,1,0.78340906,1
146322,1,1,0.95861524,1
146323,0,1,0.6782737,0
146324,1,1,0.9933717,1
146325,0,1,0.9334308,0
146326,0,0,0.13712755,1
146327,1,1,0.9999993,1
146328,1,1,1.0,1
146329,1,1,0.37250522,1
146330,1,1,0.96448904,1
146331,0,0,0.104294725,1
146332,1,0,0.07942426,0
146333,0,1,0.95226437,0
146334,1,1,1.0,1
146335,1,1,0.9596487,1
146336,1,1,0.9999976,1
146337,1,1,0.8842393,1
146338,1,0,0.108471945,0
146339,1,1,0.9999989,1
146340,0,1,0.5973143,0
146341,1,1,0.9999503,1
146342,0,1,0.99986756,0
146343,1,1,0.43353173,1
146344,1,1,0.9999956,1
146345,0,0,0.1454792,1
146346,1,1,0.99995494,1
146347,1,1,0.9538373,1
146348,0,0,0.16512138,1
146349,1,0,0.26683462,0
146350,0,0,0.020784607,1
146351,1,1,0.9934865,1
146352,0,0,0.15071502,1
146353,1,1,0.98302,1
146354,1,0,0.07606381,0
146355,0,1,0.7399865,0
146356,1,0,0.05165378,0
146357,1,1,0.99993646,1
146358,0,1,0.72831374,0
146359,1,1,0.8530579,1
146360,1,1,0.9999999,1
146361,1,1,0.9948704,1
146362,1,1,0.8000679,1
146363,1,1,0.93177354,1
146364,0,0,0.30787802,1
146365,0,0,0.04881241,1
146366,0,1,1.0,0
146367,1,0,0.18366683,0
146368,0,1,1.0,0
146369,0,1,0.99318933,0
146370,1,1,0.9999708,1
146371,0,1,0.9999683,0
146372,1,1,1.0,1
146373,1,1,0.9999856,1
146374,0,1,0.9119669,0
146375,0,0,0.07899691,1
146376,1,1,1.0,1
146377,0,1,0.7117816,0
146378,0,1,0.595963,0
146379,0,1,0.74003345,0
146380,1,1,0.8880812,1
146381,0,1,0.37765542,0
146382,0,0,0.22533137,1
146383,0,0,0.17816807,1
146384,1,0,0.08130065,0
146385,0,0,0.08108211,1
146386,0,0,0.1737083,1
146387,1,1,1.0,1
146388,0,0,0.04073109,1
146389,1,1,1.0,1
146390,0,1,0.9036349,0
146391,0,0,0.07230849,1
146392,1,1,0.55048656,1
146393,1,0,0.008916127,0
146394,1,0,0.021739593,0
146395,0,1,0.9113377,0
146396,0,1,0.62274617,0
146397,1,0,0.015814932,0
146398,1,0,0.20858167,0
146399,0,1,0.9993575,0
146400,0,0,0.055668924,1
146401,1,0,0.004972596,0
146402,1,0,0.14469185,0
146403,0,1,0.63352364,0
146404,0,0,0.134719,1
146405,0,1,0.56799656,0
146406,1,1,0.9999957,1
146407,0,0,0.065545,1
146408,0,1,0.5630176,0
146409,0,1,0.9642878,0
146410,1,0,0.2168396,0
146411,1,0,0.28497383,0
146412,1,0,0.10516458,0
146413,0,1,0.89724606,0
146414,0,0,0.05165378,1
146415,1,1,0.7782283,1
146416,0,0,0.041384716,1
146417,0,1,0.790692,0
146418,1,1,1.0,1
146419,1,1,1.0,1
146420,1,0,0.025883388,0
146421,1,1,0.9999999,1
146422,1,1,0.7762839,1
146423,1,1,0.99995935,1
146424,0,1,0.46918583,0
146425,0,0,0.24364243,1
146426,1,1,0.99999416,1
146427,0,0,0.30761793,1
146428,0,1,0.9999831,0
146429,0,1,0.9919848,0
146430,1,1,0.9975986,1
146431,0,0,0.02854415,1
146432,1,0,0.0010987311,0
146433,1,1,0.9969957,1
146434,1,1,0.91573364,1
146435,0,1,0.82375413,0
146436,1,1,1.0,1
146437,1,1,0.83534926,1
146438,1,1,0.99968493,1
146439,0,0,0.33328617,1
146440,1,0,0.2033909,0
146441,0,1,0.97093683,0
146442,0,1,0.9862046,0
146443,0,0,0.09342957,1
146444,1,1,0.988085,1
146445,0,0,0.1450548,1
146446,1,1,0.44743013,1
146447,1,1,1.0,1
146448,0,1,0.9993068,0
146449,1,0,0.13782232,0
146450,0,1,0.94910634,0
146451,1,1,0.90044224,1
146452,0,1,0.8523219,0
146453,1,1,0.9967649,1
146454,0,0,0.037644,1
146455,0,1,0.6749617,0
146456,0,0,0.21403356,1
146457,0,1,0.99999857,0
146458,0,1,0.9914556,0
146459,0,1,0.9996594,0
146460,1,0,0.2877178,0
146461,0,1,0.9897315,0
146462,0,0,0.03085051,1
146463,0,1,0.9957021,0
146464,0,1,0.9994673,0
146465,1,1,1.0,1
146466,1,1,0.8597815,1
146467,0,1,0.8698252,0
146468,1,1,0.91565824,1
146469,0,0,0.07928158,1
146470,0,1,0.9865458,0
146471,1,0,0.067546695,0
146472,1,0,0.034261618,0
146473,1,1,1.0,1
146474,0,1,0.6184924,0
146475,0,1,0.8047131,0
146476,0,1,0.60024697,0
146477,1,1,1.0,1
146478,0,0,0.24274376,1
146479,1,1,1.0,1
146480,0,0,0.06847518,1
146481,0,0,0.00640073,1
146482,1,1,1.0,1
146483,1,1,0.9999918,1
146484,0,1,0.9078038,0
146485,0,0,0.06941548,1
146486,1,1,0.4074218,1
146487,0,1,0.9860174,0
146488,0,0,0.29844025,1
146489,0,0,0.045268096,1
146490,1,1,0.9992417,1
146491,1,0,0.27923846,0
146492,1,1,0.3725623,1
146493,1,1,0.999652,1
146494,1,1,0.39773372,1
146495,0,1,0.9496227,0
146496,1,1,1.0,1
146497,0,1,0.4829473,0
146498,1,1,0.99928063,1
146499,1,1,0.9999999,1
146500,1,1,0.9999999,1
146501,0,0,0.13506088,1
146502,1,1,0.40609628,1
146503,1,1,0.9716986,1
146504,1,1,0.9999995,1
146505,1,0,0.13290796,0
146506,1,0,0.05404875,0
146507,1,1,0.99778724,1
146508,0,0,0.28007457,1
146509,1,1,0.9999459,1
146510,0,1,0.97052056,0
146511,0,1,0.99308276,0
146512,1,1,0.99491996,1
146513,0,0,0.11757212,1
146514,1,1,0.59166425,1
146515,1,1,1.0,1
146516,1,1,0.9994547,1
146517,0,0,0.03810662,1
146518,0,1,0.8100285,0
146519,1,0,0.1201288,0
146520,1,0,0.08137364,0
146521,1,1,0.98644173,1
146522,1,1,0.9992267,1
146523,1,0,0.16304526,0
146524,1,1,0.99697804,1
146525,0,1,0.9993255,0
146526,0,1,0.41566953,0
146527,0,1,0.99978346,0
146528,0,0,0.18330103,1
146529,0,0,0.14946929,1
146530,1,1,0.77670765,1
146531,0,0,0.2507293,1
146532,1,1,0.99992776,1
146533,1,1,1.0,1
146534,0,0,0.037538007,1
146535,0,1,0.55266047,0
146536,0,0,0.06608538,1
146537,1,0,0.27933675,0
146538,1,1,0.9998273,1
146539,0,0,0.06153674,1
146540,1,1,1.0,1
146541,1,1,0.99999964,1
146542,1,1,1.0,1
146543,1,1,0.9998535,1
146544,0,0,0.02475097,1
146545,0,1,0.9139073,0
146546,1,1,0.99992394,1
146547,0,0,0.0118005965,1
146548,1,1,0.36139008,1
146549,1,1,0.53661644,1
146550,0,0,0.0008693674,1
146551,1,0,0.1138749,0
146552,0,0,0.1496556,1
146553,1,1,0.9723097,1
146554,1,1,0.8146434,1
146555,0,0,0.0275591,1
146556,1,1,0.9999008,1
146557,1,1,0.98667485,1
146558,1,0,0.23335676,0
146559,1,1,0.9999764,1
146560,0,1,0.653514,0
146561,0,0,0.161717,1
146562,0,0,0.0551069,1
146563,1,1,0.99999905,1
146564,1,1,1.0,1
146565,1,1,1.0,1
146566,1,0,0.07382971,0
146567,1,1,0.8429925,1
146568,1,1,0.9990471,1
146569,0,1,0.99635005,0
146570,1,1,0.9999999,1
146571,0,0,0.03390796,1
146572,1,1,0.9894907,1
146573,0,0,0.062388144,1
146574,0,0,0.08042967,1
146575,1,1,0.39808467,1
146576,1,1,0.9999887,1
146577,1,1,0.9999994,1
146578,1,1,0.99961853,1
146579,1,1,0.97664696,1
146580,0,0,0.1821344,1
146581,1,1,0.99732697,1
146582,1,1,0.99999774,1
146583,1,1,0.5919591,1
146584,0,1,0.80348235,0
146585,1,1,1.0,1
146586,1,1,0.68357795,1
146587,0,0,0.1584346,1
146588,1,1,1.0,1
146589,1,1,0.97881407,1
146590,1,1,0.4058019,1
146591,0,0,0.14786254,1
146592,0,0,0.27708158,1
146593,0,1,0.44290757,0
146594,1,1,1.0,1
146595,1,1,0.99999166,1
146596,0,1,0.7026831,0
146597,0,0,0.012288597,1
146598,0,1,1.0,0
146599,0,0,0.034068275,1
146600,0,0,0.26592815,1
146601,0,0,0.06947859,1
146602,1,1,0.86385167,1
146603,1,1,0.9720191,1
146604,0,1,0.5409845,0
146605,0,0,0.0393425,1
146606,0,1,0.72966427,0
146607,1,1,1.0,1
146608,0,1,0.39528006,0
146609,1,0,0.20142023,0
146610,0,0,0.009821794,1
146611,1,1,0.99999976,1
146612,1,1,0.99918,1
146613,0,1,0.9328214,0
146614,1,1,0.99829596,1
146615,1,1,0.97254544,1
146616,1,1,0.9999912,1
146617,1,0,0.3260568,0
146618,0,0,0.06244529,1
146619,0,1,0.9488225,0
146620,1,1,1.0,1
146621,1,1,0.64349735,1
146622,0,0,0.20689404,1
146623,0,1,0.99746895,0
146624,1,1,0.42030212,1
146625,0,1,0.9650203,0
146626,1,1,0.9999263,1
146627,1,1,0.89778495,1
146628,1,1,0.9985506,1
146629,1,1,0.9253649,1
146630,0,0,0.068975195,1
146631,1,1,0.9993487,1
146632,0,1,0.99693066,0
146633,1,0,0.2839303,0
146634,1,1,1.0,1
146635,0,1,0.9995584,0
146636,0,0,0.12533277,1
146637,1,1,0.9889064,1
146638,0,0,0.042364188,1
146639,0,1,0.9894499,0
146640,0,1,0.7586,0
146641,1,1,0.99990606,1
146642,1,1,0.94355595,1
146643,0,0,0.15386674,1
146644,1,1,0.36477754,1
146645,0,0,0.22185604,1
146646,0,1,0.99398476,0
146647,1,1,0.6629601,1
146648,1,1,1.0,1
146649,0,1,0.8272706,0
146650,1,1,0.9999658,1
146651,0,1,0.99955136,0
146652,0,1,0.8022459,0
146653,1,0,0.14330755,0
146654,0,1,0.99857855,0
146655,0,0,0.16954333,1
146656,1,1,0.8233284,1
146657,0,1,0.7756898,0
146658,0,1,0.8568123,0
146659,0,1,0.9233162,0
146660,1,0,0.034880888,0
146661,1,1,0.41472107,1
146662,1,1,0.90747637,1
146663,1,1,0.9468429,1
146664,0,0,0.10158944,1
146665,1,0,0.18257123,0
146666,0,0,0.035880692,1
146667,1,0,0.20291662,0
146668,1,1,1.0,1
146669,1,1,1.0,1
146670,1,1,0.9988373,1
146671,1,0,0.14749378,0
146672,1,1,0.98337495,1
146673,1,1,0.99996257,1
146674,0,0,0.34565726,1
146675,0,1,0.91949815,0
146676,0,0,0.03194934,1
146677,0,1,0.99936384,0
146678,1,0,0.34825712,0
146679,1,1,0.92860323,1
146680,1,1,0.99999857,1
146681,0,0,0.15361264,1
146682,1,1,0.99990535,1
146683,0,0,0.04659464,1
146684,1,1,0.9999999,1
146685,0,0,0.026708465,1
146686,0,1,0.7976356,0
146687,0,1,0.9396923,0
146688,0,1,0.99010193,0
146689,0,1,0.9674411,0
146690,1,1,0.5898345,1
146691,1,1,0.98337495,1
146692,1,1,1.0,1
146693,1,1,1.0,1
146694,0,1,0.97259754,0
146695,0,0,0.12018043,1
146696,1,1,1.0,1
146697,0,1,0.6522968,0
146698,0,0,0.33845967,1
146699,0,0,0.026056305,1
146700,0,0,0.04668148,1
146701,1,1,0.4817586,1
146702,0,0,0.019215846,1
146703,0,1,0.57630354,0
146704,1,1,0.9999999,1
146705,1,1,0.99998474,1
146706,1,0,0.002247463,0
146707,0,0,0.003937739,1
146708,1,0,0.1404541,0
146709,1,1,0.99978,1
146710,1,1,1.0,1
146711,1,0,0.20850107,0
146712,1,1,0.6754971,1
146713,1,0,0.34637544,0
146714,1,1,1.0,1
146715,1,1,0.9999964,1
146716,1,1,0.54383254,1
146717,1,1,1.0,1
146718,0,1,0.9468921,0
146719,0,1,0.92007446,0
146720,1,0,0.08670936,0
146721,1,1,0.99998176,1
146722,1,1,0.739093,1
146723,1,1,0.99997115,1
146724,0,1,0.9984207,0
146725,1,0,0.24807851,0
146726,1,1,0.99886644,1
146727,1,1,0.99999905,1
146728,0,0,0.20102783,1
146729,1,1,0.45644006,1
146730,1,1,0.9999949,1
146731,1,1,0.9957104,1
146732,1,0,0.15046519,0
146733,0,1,0.9999999,0
146734,0,1,0.9999987,0
146735,1,0,0.3081382,0
146736,0,1,0.9991848,0
146737,0,0,0.10203597,1
146738,1,1,0.99997747,1
146739,1,0,3.379916e-06,0
146740,1,1,0.9770007,1
146741,0,1,0.9999448,0
146742,0,0,0.13799648,1
146743,1,1,0.6566032,1
146744,0,0,0.26331514,1
146745,1,1,0.99995935,1
146746,1,1,0.39922595,1
146747,0,1,0.84872156,0
146748,1,1,0.8992099,1
146749,0,0,0.07185127,1
146750,1,1,0.37593552,1
146751,1,1,0.48114908,1
146752,1,0,0.05266766,0
146753,1,1,1.0,1
146754,0,1,0.89423656,0
146755,1,1,0.999997,1
146756,0,1,0.9973477,0
146757,0,0,0.003642891,1
146758,0,0,0.10961043,1
146759,1,1,0.9999964,1
146760,1,1,0.9333701,1
146761,0,1,0.82161736,0
146762,0,0,0.24086387,1
146763,1,1,0.99999344,1
146764,1,1,0.99895763,1
146765,1,1,1.0,1
146766,0,1,0.9998766,0
146767,0,1,0.9520419,0
146768,1,1,0.99820733,1
146769,0,1,0.9992387,0
146770,0,1,0.9890554,0
146771,0,0,0.12179017,1
146772,1,1,0.9998198,1
146773,1,1,0.99999654,1
146774,1,1,0.98953116,1
146775,0,1,0.35253608,0
146776,0,1,0.62755185,0
146777,1,1,0.9999969,1
146778,1,0,4.1659587e-05,0
146779,1,1,0.7493624,1
146780,0,0,0.0130707845,1
146781,0,1,0.9988373,0
146782,0,1,0.9999999,0
146783,0,0,0.3330692,1
146784,0,1,0.97999567,0
146785,1,1,0.97298527,1
146786,1,1,0.9999999,1
146787,1,1,0.8085212,1
146788,0,0,0.1823527,1
146789,0,1,0.879043,0
146790,0,1,0.9434519,0
146791,0,1,0.96095175,0
146792,1,1,0.99999976,1
146793,1,1,0.996557,1
146794,1,1,0.9647889,1
146795,0,0,0.13701203,1
146796,1,1,0.9734181,1
146797,0,1,0.9973888,0
146798,1,1,0.45801535,1
146799,1,0,0.16398025,0
146800,0,1,0.9932025,0
146801,1,0,0.00784624,0
146802,0,0,0.1377643,1
146803,1,1,0.99978095,1
146804,1,1,0.5546514,1
146805,0,1,0.7923839,0
146806,1,1,1.0,1
146807,0,0,0.03393996,1
146808,1,1,0.99999595,1
146809,0,1,0.7105781,0
146810,1,1,0.82147413,1
146811,0,0,0.33074132,1
146812,0,1,0.9978719,0
146813,1,1,1.0,1
146814,0,0,0.115910664,1
146815,0,1,0.9999534,0
146816,1,1,1.0,1
146817,1,1,0.99999297,1
146818,1,0,0.042403832,0
146819,1,1,0.9999765,1
146820,0,1,0.51805854,0
146821,1,1,1.0,1
146822,0,1,0.9983865,0
146823,1,1,0.9254997,1
146824,1,1,0.9999999,1
146825,0,0,0.274157,1
146826,1,1,0.35683882,1
146827,0,1,0.9369228,0
146828,1,1,1.0,1
146829,1,1,0.9996762,1
146830,0,1,0.6579231,0
146831,1,1,0.99983263,1
146832,0,0,0.043895524,1
146833,0,0,0.031291503,1
146834,1,0,0.25054586,0
146835,1,1,0.9999622,1
146836,1,1,1.0,1
146837,0,0,0.020804489,1
146838,1,0,0.12147716,0
146839,0,0,0.078289315,1
146840,1,1,0.5229331,1
146841,1,1,0.9999943,1
146842,0,0,0.1698185,1
146843,0,0,0.04268228,1
146844,1,1,0.57391727,1
146845,0,1,0.35326087,0
146846,1,1,1.0,1
146847,1,1,0.999824,1
146848,1,0,0.15947905,0
146849,1,1,1.0,1
146850,0,0,0.14330755,1
146851,1,1,0.9997775,1
146852,0,1,0.9315248,0
146853,0,0,0.044847906,1
146854,0,1,0.44119143,0
146855,1,1,1.0,1
146856,0,0,0.22244667,1
146857,1,1,0.8884688,1
146858,1,1,0.99677116,1
146859,0,1,0.88700897,0
146860,0,0,0.21215041,1
146861,0,0,0.09033343,1
146862,1,0,0.16033176,0
146863,1,1,0.9920157,1
146864,1,1,1.0,1
146865,1,0,0.032436155,0
146866,1,1,0.9996935,1
146867,0,0,0.22678365,1
146868,0,0,0.19620943,1
146869,1,1,0.43518126,1
146870,1,1,0.99106663,1
146871,1,1,0.9508692,1
146872,0,0,0.1930713,1
146873,0,0,0.020984296,1
146874,1,1,1.0,1
146875,1,0,0.018299334,0
146876,1,1,0.35326087,1
146877,1,1,0.98942953,1
146878,0,0,0.2045007,1
146879,1,1,0.9961903,1
146880,0,1,0.9981614,0
146881,0,0,0.2614252,1
146882,1,1,0.99999714,1
146883,0,0,0.33611313,1
146884,1,1,1.0,1
146885,1,1,0.99060565,1
146886,1,0,0.03897507,0
146887,0,1,0.5665582,0
146888,0,1,0.8701566,0
146889,1,1,0.99999154,1
146890,1,1,0.7489954,1
146891,1,1,0.999984,1
146892,1,1,0.95388025,1
146893,1,1,0.98888505,1
146894,1,1,0.9026096,1
146895,1,1,0.99999964,1
146896,0,1,0.57367843,0
146897,1,1,0.99998295,1
146898,0,0,0.111627996,1
146899,1,1,0.49203557,1
146900,1,1,0.9999956,1
146901,0,0,0.0016135006,1
146902,1,0,0.13381088,0
146903,1,0,0.017968968,0
146904,1,1,0.98375374,1
146905,0,1,0.9947595,0
146906,0,0,0.11666332,1
146907,0,0,0.18046747,1
146908,0,0,0.05749328,1
146909,1,1,1.0,1
146910,0,1,0.9897315,0
146911,1,1,0.99980813,1
146912,1,1,0.99997747,1
146913,1,1,0.9999528,1
146914,1,1,0.98481095,1
146915,0,0,0.06572467,1
146916,1,1,0.96753323,1
146917,1,1,0.99999225,1
146918,0,1,0.48057008,0
146919,0,1,0.4039489,0
146920,0,1,0.99999905,0
146921,1,1,0.99764496,1
146922,1,1,0.9991272,1
146923,0,1,0.97953105,0
146924,1,1,0.9972638,1
146925,1,1,0.9834546,1
146926,0,1,0.9909622,0
146927,0,1,0.99984884,0
146928,0,0,0.012288597,1
146929,0,0,0.1328517,1
146930,0,0,0.011441684,1
146931,1,1,1.0,1
146932,1,1,0.97885466,1
146933,1,1,0.9999907,1
146934,0,1,0.9801483,0
146935,1,1,0.99983203,1
146936,1,0,0.14602636,0
146937,0,1,0.8344069,0
146938,0,0,0.07146149,1
146939,0,0,0.25183168,1
146940,1,1,0.9989371,1
146941,1,0,0.013848611,0
146942,0,0,0.24015035,1
146943,1,1,0.99996805,1
146944,0,0,0.15443976,1
146945,0,1,0.77805966,0
146946,0,1,0.9976172,0
146947,0,0,0.26369417,1
146948,1,1,0.99341017,1
146949,1,1,0.772788,1
146950,1,1,1.0,1
146951,0,0,0.028953163,1
146952,1,0,0.0135061005,0
146953,1,1,0.94600123,1
146954,0,0,0.076132484,1
146955,0,0,0.16184944,1
146956,0,1,0.99993944,0
146957,0,1,0.9978719,0
146958,0,0,0.012217682,1
146959,1,1,0.81859183,1
146960,1,1,0.97601515,1
146961,0,1,0.9998191,0
146962,1,1,0.9993424,1
146963,0,1,0.5807088,0
146964,1,1,0.46031922,1
146965,0,1,1.0,0
146966,1,1,0.61364174,1
146967,1,0,0.08555635,0
146968,0,0,0.11397346,1
146969,1,1,1.0,1
146970,0,1,0.8492224,0
146971,1,1,0.99999976,1
146972,0,1,0.89947516,0
146973,0,0,0.10374862,1
146974,0,0,0.10087861,1
146975,0,1,0.85729086,0
146976,0,0,0.06030764,1
146977,1,1,0.8106289,1
146978,1,1,0.9999827,1
146979,1,0,0.30187634,0
146980,0,1,0.9824568,0
146981,1,1,1.0,1
146982,1,1,0.9999871,1
146983,1,1,1.0,1
146984,0,1,0.3735044,0
146985,1,1,0.9999502,1
146986,1,1,0.8833366,1
146987,1,1,1.0,1
146988,0,0,0.07198163,1
146989,1,1,0.98571813,1
146990,0,1,0.44248593,0
146991,0,0,0.040087357,1
146992,0,0,0.13262686,1
146993,1,1,0.99999833,1
146994,0,0,0.21403356,1
146995,1,1,1.0,1
146996,0,0,0.045819946,1
146997,1,1,1.0,1
146998,1,1,0.78041154,1
146999,1,1,0.99976224,1
147000,0,0,0.15482274,1
147001,0,1,0.4424257,0
147002,0,0,0.08218025,1
147003,0,1,0.9964134,0
147004,0,1,0.9999969,0
147005,1,1,0.35270324,1
147006,0,1,0.4388754,0
147007,1,1,0.99994504,1
147008,0,1,0.52378577,0
147009,1,1,0.98617804,1
147010,0,0,0.09081609,1
147011,1,1,0.5032348,1
147012,1,0,0.2671213,0
147013,0,0,0.018493311,1
147014,0,0,0.16783156,1
147015,1,1,0.99999714,1
147016,1,0,0.19147882,0
147017,0,0,0.11392417,1
147018,1,1,0.9998184,1
147019,1,1,1.0,1
147020,1,0,0.106597565,0
147021,0,0,0.14258969,1
147022,1,1,0.99980134,1
147023,1,1,0.9250271,1
147024,1,1,0.99999654,1
147025,0,0,0.011664719,1
147026,0,1,0.95275027,0
147027,1,1,0.9999893,1
147028,0,0,0.0044079763,1
147029,0,1,0.9998957,0
147030,1,1,1.0,1
147031,1,0,0.20001023,0
147032,1,1,0.8206851,1
147033,1,1,0.7091702,1
147034,1,1,0.5794599,1
147035,1,1,0.9999999,1
147036,0,1,0.99719906,0
147037,0,0,0.0070390464,1
147038,1,0,0.253168,0
147039,0,1,0.9967269,0
147040,0,0,0.0033374047,1
147041,0,0,0.11656275,1
147042,1,1,1.0,1
147043,1,0,0.05515777,0
147044,1,1,0.9989956,1
147045,1,1,1.0,1
147046,1,0,0.21967211,0
147047,0,0,0.08064662,1
147048,1,1,0.99836427,1
147049,0,0,0.0527164,1
147050,0,0,0.085023046,1
147051,1,1,0.99966073,1
147052,1,1,0.85752964,1
147053,0,0,0.25210774,1
147054,0,1,0.81047887,0
147055,1,0,0.13167487,0
147056,0,1,0.47034124,0
147057,1,1,0.9993881,1
147058,0,0,0.29214072,1
147059,0,1,0.858837,0
147060,1,0,0.1193568,0
147061,0,1,0.74697053,0
147062,1,1,0.85931,1
147063,0,0,0.032961242,1
147064,0,0,0.24310295,1
147065,0,1,0.9801673,0
147066,1,1,0.9999907,1
147067,1,0,0.0689125,0
147068,1,0,0.19705787,0
147069,0,0,0.25335267,1
147070,1,1,0.5737979,1
147071,0,0,0.11981949,1
147072,0,0,0.10123348,1
147073,0,1,0.53193885,0
147074,1,1,1.0,1
147075,0,1,0.99992883,0
147076,0,0,0.04111437,1
147077,1,1,0.6547292,1
147078,0,1,0.9354055,0
147079,1,1,0.8866169,1
147080,0,0,0.03182875,1
147081,0,0,0.19079942,1
147082,1,1,0.98521465,1
147083,1,1,1.0,1
147084,0,1,0.7720154,0
147085,0,0,0.05577169,1
147086,1,1,0.99361163,1
147087,1,1,0.9999995,1
147088,0,0,0.06766981,1
147089,1,0,0.06542547,0
147090,1,1,0.9999454,1
147091,1,1,1.0,1
147092,1,1,1.0,1
147093,1,0,0.34604388,0
147094,1,1,0.9999896,1
147095,1,1,1.0,1
147096,1,1,1.0,1
147097,0,1,0.97376966,0
147098,0,1,0.852199,0
147099,1,1,1.0,1
147100,0,0,0.01665704,1
147101,1,1,0.9989698,1
147102,0,0,0.08929564,1
147103,1,1,1.0,1
147104,0,1,0.40483093,0
147105,0,0,0.02017732,1
147106,1,1,0.9999467,1
147107,1,1,0.9399685,1
147108,0,1,0.99836427,0
147109,0,1,0.99937373,0
147110,1,1,0.9999994,1
147111,1,1,0.96160597,1
147112,1,1,0.8221891,1
147113,1,1,0.6945617,1
147114,1,1,0.8897206,1
147115,1,1,0.900267,1
147116,1,1,0.9666002,1
147117,0,0,0.3359497,1
147118,1,1,0.97991896,1
147119,1,1,1.0,1
147120,0,1,0.5010376,0
147121,1,1,0.98096734,1
147122,0,1,0.9991424,0
147123,0,0,0.00698465,1
147124,1,1,0.84453726,1
147125,1,1,0.6959067,1
147126,1,1,0.99994874,1
147127,0,1,0.66252357,0
147128,1,1,0.8275496,1
147129,0,1,0.9296961,0
147130,0,1,0.9901782,0
147131,1,1,0.98971164,1
147132,0,1,0.54292387,0
147133,1,1,1.0,1
147134,0,1,0.9737197,0
147135,1,1,0.99977833,1
147136,0,1,0.63629663,0
147137,1,1,1.0,1
147138,1,1,0.9951514,1
147139,0,0,0.18032306,1
147140,0,0,0.16954333,1
147141,0,1,0.9345745,0
147142,1,1,0.47076702,1
147143,1,1,0.9999999,1
147144,1,1,0.9576358,1
147145,1,1,0.9999999,1
147146,1,1,0.99996865,1
147147,1,0,0.23118003,0
147148,0,0,0.13206616,1
147149,0,0,0.16020033,1
147150,0,1,0.999926,0
147151,0,0,0.17023194,1
147152,0,0,0.33720353,1
147153,1,1,0.9971661,1
147154,0,0,0.08570927,1
147155,0,0,0.011915022,1
147156,1,1,0.71253234,1
147157,1,1,0.69206995,1
147158,0,0,0.21485612,1
147159,1,1,0.99455196,1
147160,0,1,0.9364014,0
147161,1,0,0.00024536948,0
147162,0,1,0.35644665,0
147163,1,1,0.9999914,1
147164,1,1,1.0,1
147165,0,0,0.090735495,1
147166,1,1,1.0,1
147167,1,0,0.008108984,0
147168,0,1,0.9998313,0
147169,1,1,0.9999299,1
147170,0,0,0.19821933,1
147171,1,0,0.007606673,0
147172,1,1,0.9999956,1
147173,1,1,0.9999989,1
147174,0,1,0.9931363,0
147175,1,1,0.7139804,1
147176,1,1,0.9996309,1
147177,0,1,0.9916681,0
147178,0,1,0.9848401,0
147179,1,1,0.7818308,1
147180,1,1,0.9996222,1
147181,0,0,0.20418316,1
147182,1,0,0.1917057,0
147183,1,1,0.6902982,1
147184,1,1,0.9999875,1
147185,0,0,0.06103112,1
147186,1,1,1.0,1
147187,0,1,0.6267526,0
147188,0,1,0.77210134,0
147189,1,1,0.9999807,1
147190,1,1,0.82375413,1
147191,0,0,0.20801799,1
147192,0,1,0.9999994,0
147193,1,1,0.99963737,1
147194,1,1,0.93686515,1
147195,1,1,0.99695444,1
147196,0,0,0.31268474,1
147197,1,1,0.9999968,1
147198,0,0,0.19705787,1
147199,0,0,0.14306794,1
147200,1,1,0.9690618,1
147201,1,1,0.6582527,1
147202,0,0,0.04590542,1
147203,1,0,0.0226292,0
147204,0,0,0.11666332,1
147205,1,1,1.0,1
147206,1,1,0.99793327,1
147207,1,0,0.046033904,0
147208,1,1,1.0,1
147209,0,0,0.009232214,1
147210,1,1,0.99998856,1
147211,0,0,0.2693256,1
147212,1,1,0.9998902,1
147213,1,1,0.9981067,1
147214,0,1,0.99942964,0
147215,1,0,0.00070140825,0
147216,1,0,0.122838534,0
147217,0,1,0.9991374,0
147218,0,1,0.4879784,0
147219,1,1,1.0,1
147220,1,1,0.99415743,1
147221,1,1,1.0,1
147222,1,1,1.0,1
147223,1,1,0.9999831,1
147224,1,1,0.977132,1
147225,1,1,0.99977833,1
147226,1,1,0.9999943,1
147227,0,1,0.99492985,0
147228,1,1,0.5545308,1
147229,0,1,0.93183565,0
147230,0,0,0.11328496,1
147231,0,0,0.06866228,1
147232,1,1,0.999997,1
147233,1,1,0.97121114,1
147234,0,1,0.8586,0
147235,0,1,0.9962782,0
147236,1,0,0.016466172,0
147237,1,0,0.32439592,0
147238,0,1,0.961678,0
147239,1,1,0.9873018,1
147240,1,0,0.17781086,0
147241,0,1,0.5759458,0
147242,1,1,0.99949765,1
147243,0,0,0.1468197,1
147244,1,1,0.9999759,1
147245,1,0,0.2960433,0
147246,1,1,0.99995303,1
147247,1,1,0.99999225,1
147248,1,1,1.0,1
147249,0,0,0.15902139,1
147250,0,0,0.028382123,1
147251,0,1,0.7876047,0
147252,0,1,0.98657167,0
147253,1,1,0.51013047,1
147254,0,1,0.9999796,0
147255,1,1,0.9999999,1
147256,0,0,0.035982177,1
147257,0,1,0.4451677,0
147258,0,0,0.06916357,1
147259,0,1,0.99999976,0
147260,1,1,1.0,1
147261,0,0,0.033621218,1
147262,1,1,1.0,1
147263,1,0,0.018671406,0
147264,1,1,0.9875923,1
147265,1,1,1.0,1
147266,1,1,0.99999917,1
147267,1,0,0.118385084,0
147268,0,0,0.26559463,1
147269,1,0,0.34196696,0
147270,0,1,0.39117333,0
147271,1,1,0.99984217,1
147272,1,1,0.9998727,1
147273,1,1,0.99999774,1
147274,0,0,0.059101548,1
147275,0,0,0.049176436,1
147276,1,1,0.7480763,1
147277,1,1,0.94544977,1
147278,0,1,0.8625833,0
147279,0,1,0.9207184,0
147280,1,1,0.9999976,1
147281,1,0,0.3485343,0
147282,0,1,0.50262445,0
147283,1,1,0.99999857,1
147284,1,1,0.6046324,1
147285,1,1,0.7592254,1
147286,0,0,0.2509128,1
147287,1,1,1.0,1
147288,1,1,0.9976495,1
147289,0,0,0.0066928505,1
147290,1,1,0.9845458,1
147291,1,1,0.55874836,1
147292,0,1,0.9979007,0
147293,1,1,0.9999968,1
147294,0,1,0.8678218,0
147295,1,0,0.043528132,0
147296,1,1,0.87726665,1
147297,0,0,0.0070390464,1
147298,1,0,0.15159212,0
147299,1,1,0.9953544,1
147300,0,1,0.99605453,0
147301,0,1,0.99914575,0
147302,0,1,0.3690876,0
147303,0,1,0.86635876,0
147304,0,0,0.045394883,1
147305,0,1,0.9692078,0
147306,1,1,0.999984,1
147307,0,0,0.035344075,1
147308,1,1,0.8236123,1
147309,0,1,0.9645559,0
147310,1,1,0.999961,1
147311,0,1,0.8340017,0
147312,0,1,0.3914641,0
147313,1,1,1.0,1
147314,1,1,0.99999094,1
147315,0,1,0.7102767,0
147316,1,1,0.4065085,1
147317,1,1,0.9997273,1
147318,1,1,1.0,1
147319,0,1,0.9997613,0
147320,1,1,0.99545276,1
147321,0,1,0.5224458,0
147322,1,1,1.0,1
147323,0,1,0.9869292,0
147324,1,1,0.9909272,1
147325,1,0,0.030502051,0
147326,1,1,0.61335236,1
147327,0,0,0.13234626,1
147328,0,1,0.99955314,0
147329,0,1,0.47423548,0
147330,0,1,0.89606965,0
147331,0,0,0.011266296,1
147332,1,1,0.9999987,1
147333,0,0,0.056756895,1
147334,1,1,0.9999938,1
147335,1,1,0.80639565,1
147336,0,1,0.9999924,0
147337,0,1,0.9979292,0
147338,1,1,0.6057407,1
147339,0,1,0.90397453,0
147340,1,1,0.36920136,1
147341,0,0,0.045099564,1
147342,1,0,0.051510453,0
147343,1,1,1.0,1
147344,0,0,0.04057874,1
147345,1,1,0.9704367,1
147346,1,0,0.21068507,0
147347,1,1,0.99921906,1
147348,1,1,0.9999622,1
147349,1,1,0.9875683,1
147350,0,0,0.04023794,1
147351,1,1,0.9999999,1
147352,0,1,0.9103862,0
147353,0,1,0.388618,0
147354,0,1,0.88523525,0
147355,1,1,0.46921623,1
147356,0,1,0.9997826,0
147357,0,0,0.19868535,1
147358,1,0,0.17064616,0
147359,1,1,1.0,1
147360,1,1,0.9754135,1
147361,0,0,0.19845225,1
147362,0,0,0.062273983,1
147363,1,0,0.30923226,0
147364,0,0,0.030967517,1
147365,0,0,0.03274404,1
147366,0,1,0.60882664,0
147367,0,0,0.106597565,1
147368,0,0,0.014559519,1
147369,0,0,0.20777677,1
147370,0,0,0.29874703,1
147371,0,1,0.994089,0
147372,0,1,0.74195457,0
147373,1,1,0.63096917,1
147374,1,0,0.19132766,0
147375,1,0,0.26497605,0
147376,1,0,0.06233104,0
147377,1,1,0.93546456,1
147378,1,0,0.2243952,0
147379,1,1,1.0,1
147380,0,0,0.121425055,1
147381,1,1,1.0,1
147382,0,0,0.16178322,1
147383,1,1,0.9999716,1
147384,1,1,0.9831013,1
147385,1,1,0.9997731,1
147386,0,1,0.99998105,0
147387,1,1,0.9999969,1
147388,1,0,0.24193686,0
147389,1,1,0.99999964,1
147390,0,1,0.9999087,0
147391,0,1,0.9983675,0
147392,0,1,0.6512995,0
147393,0,1,0.38650292,0
147394,0,0,0.10438599,1
147395,1,1,0.9928924,1
147396,0,1,0.89029425,0
147397,1,1,1.0,1
147398,1,1,0.8492224,1
147399,0,1,0.6667681,0
147400,1,1,0.999959,1
147401,0,1,0.89982784,0
147402,1,1,0.9107044,1
147403,1,1,0.9999896,1
147404,0,0,0.12431929,1
147405,1,1,0.99929035,1
147406,0,1,0.9998529,0
147407,1,1,0.9999994,1
147408,0,0,0.06047389,1
147409,0,1,1.0,0
147410,0,1,0.65638304,0
147411,1,1,0.7947038,1
147412,1,1,0.9999999,1
147413,0,1,0.81873685,0
147414,1,1,0.99491996,1
147415,1,1,1.0,1
147416,1,1,0.5615154,1
147417,1,1,0.9995802,1
147418,1,1,0.5373449,1
147419,0,0,0.18550415,1
147420,1,1,0.9999999,1
147421,0,1,0.99988043,0
147422,0,1,0.99996936,0
147423,1,1,0.9695556,1
147424,1,1,0.89561397,1
147425,0,1,0.9646559,0
147426,0,0,0.09334689,1
147427,0,1,0.9999778,0
147428,1,1,0.9999641,1
147429,0,1,0.9861514,0
147430,0,1,0.9998505,0
147431,0,0,0.061875977,1
147432,0,1,0.94018847,0
147433,0,0,0.27367145,1
147434,1,1,0.99965334,1
147435,1,1,1.0,1
147436,1,0,0.08525123,0
147437,1,1,0.9999974,1
147438,0,1,0.8090497,0
147439,0,0,0.03767939,1
147440,1,1,0.9795506,1
147441,0,1,0.988425,0
147442,0,1,0.35331663,0
147443,1,1,0.9989141,1
147444,1,1,0.99999976,1
147445,0,1,0.52208036,0
147446,0,1,0.9016612,0
147447,0,1,0.9289907,0
147448,0,0,0.17398883,1
147449,1,1,0.9955403,1
147450,1,1,0.904903,1
147451,0,0,0.056392044,1
147452,1,1,0.99101454,1
147453,1,1,0.99999547,1
147454,1,0,0.10266401,0
147455,1,0,0.016673045,0
147456,0,1,0.99696034,0
147457,0,0,0.08336651,1
147458,1,1,1.0,1
147459,1,1,0.99993896,1
147460,1,1,0.8472108,1
147461,1,1,0.9999949,1
147462,0,1,0.7057343,0
147463,1,1,0.57701874,1
147464,0,0,0.077308424,1
147465,1,0,0.05424881,0
147466,1,1,1.0,1
147467,1,0,0.33917066,0
147468,1,1,0.9995963,1
147469,0,0,0.15713686,1
147470,1,1,1.0,1
147471,0,1,0.3943467,0
147472,1,0,0.17238072,0
147473,0,0,0.24571796,1
147474,1,1,0.98685336,1
147475,1,1,0.9991491,1
147476,1,1,0.98977125,1
147477,1,1,0.9912378,1
147478,0,0,0.018511046,1
147479,1,1,0.96378,1
147480,1,0,0.23083305,0
147481,1,1,0.99978346,1
147482,0,1,0.8003801,0
147483,0,0,0.065365784,1
147484,0,0,0.027272668,1
147485,1,1,0.99993134,1
147486,0,0,0.068040416,1
147487,1,1,0.99958354,1
147488,0,0,0.13724312,1
147489,1,1,0.4777978,1
147490,0,1,0.95331854,0
147491,1,1,1.0,1
147492,0,0,0.17490298,1
147493,0,0,0.03504564,1
147494,1,1,0.6615403,1
147495,0,1,0.39560106,0
147496,1,0,0.08819005,0
147497,1,1,1.0,1
147498,1,1,0.7043127,1
147499,0,0,0.14823206,1
147500,0,0,0.039676033,1
147501,0,0,0.055668924,1
147502,0,1,0.8763172,0
147503,1,1,0.9118885,1
147504,0,0,0.08232769,1
147505,0,1,0.9926542,0
147506,1,1,0.99998784,1
147507,1,1,0.936285,1
147508,0,1,0.78116375,0
147509,1,1,0.99970514,1
147510,0,1,0.44230524,0
147511,1,1,0.9954704,1
147512,1,1,0.99982053,1
147513,1,1,0.9999902,1
147514,0,0,0.037538007,1
147515,1,1,0.9999981,1
147516,1,1,0.99396133,1
147517,1,1,0.9979532,1
147518,0,0,0.10239443,1
147519,1,1,1.0,1
147520,0,1,0.9989837,0
147521,1,1,1.0,1
147522,0,1,0.9957767,0
147523,1,1,0.6765665,1
147524,1,1,0.98421544,1
147525,0,0,0.2520157,1
147526,1,1,1.0,1
147527,1,1,0.93963695,1
147528,1,1,1.0,1
147529,0,1,0.82460326,0
147530,0,0,0.01858215,1
147531,1,1,0.9987625,1
147532,1,1,0.997358,1
147533,1,1,0.9993228,1
147534,0,1,0.9263037,0
147535,1,1,1.0,1
147536,1,1,0.41472107,1
147537,0,1,0.42676947,0
147538,1,1,0.70947224,1
147539,1,1,0.7007413,1
147540,1,1,0.8077641,1
147541,0,0,0.06878729,1
147542,1,1,0.8962514,1
147543,1,1,0.99333304,1
147544,0,0,0.055823144,1
147545,1,0,0.122996464,0
147546,0,1,0.99620515,0
147547,0,0,0.23678085,1
147548,0,1,0.5440142,0
147549,1,1,0.99995804,1
147550,0,0,0.0066025695,1
147551,1,1,0.9665687,1
147552,1,1,1.0,1
147553,1,1,0.95643115,1
147554,0,0,0.09790669,1
147555,1,1,0.9999999,1
147556,0,1,0.9584212,0
147557,1,1,1.0,1
147558,0,1,0.9011404,0
147559,1,1,0.89805347,1
147560,1,0,0.1364357,0
147561,0,1,0.9988991,0
147562,0,0,0.22798456,1
147563,1,1,1.0,1
147564,0,0,0.10856642,1
147565,1,1,0.4266799,1
147566,0,0,0.22738354,1
147567,1,0,0.009615036,0
147568,0,0,0.17709816,1
147569,1,1,0.9990978,1
147570,0,0,0.0034631435,1
147571,0,1,0.65318227,0
147572,1,0,0.044639204,0
147573,0,0,0.021801988,1
147574,1,1,0.99101454,1
147575,1,0,0.10239443,0
147576,1,0,0.13706978,0
147577,1,1,0.9999995,1
147578,1,1,1.0,1
147579,0,0,0.015723988,1
147580,1,1,0.99437994,1
147581,0,1,0.9716448,0
147582,1,1,0.9999956,1
147583,0,1,0.4333219,0
147584,1,1,0.9996506,1
147585,1,1,0.99994326,1
147586,0,0,0.01665704,1
147587,1,1,0.58029264,1
147588,1,1,0.9999807,1
147589,0,0,0.043691058,1
147590,1,1,1.0,1
147591,0,0,0.04560694,1
147592,0,0,0.0607519,1
147593,1,1,0.9999999,1
147594,0,0,0.09973295,1
147595,0,0,0.22017473,1
147596,1,1,0.9999274,1
147597,1,0,0.085403666,0
147598,0,1,0.77210134,0
147599,0,0,0.15778463,1
147600,1,0,0.16052906,0
147601,1,1,0.99999917,1
147602,0,0,0.03893851,1
147603,0,1,0.676887,0
147604,1,1,0.9999615,1
147605,0,0,0.17078443,1
147606,1,1,0.99522626,1
147607,1,1,1.0,1
147608,0,1,0.6097566,0
147609,1,1,1.0,1
147610,1,0,0.070176296,0
147611,1,0,0.0037874577,0
147612,1,1,0.9291838,1
147613,1,1,0.62274617,1
147614,1,1,1.0,1
147615,0,0,0.024099445,1
147616,0,1,0.9891816,0
147617,0,1,0.9219218,0
147618,1,0,0.066206016,0
147619,1,1,0.9620006,1
147620,1,1,1.0,1
147621,0,0,0.19551727,1
147622,1,1,0.99998176,1
147623,0,0,0.21659093,1
147624,1,1,0.94468933,1
147625,1,1,0.9997589,1
147626,1,0,0.11095189,0
147627,1,1,0.95150405,1
147628,0,1,0.9986802,0
147629,1,1,0.35362348,1
147630,0,0,0.059210252,1
147631,1,1,0.99999964,1
147632,1,1,0.9999964,1
147633,0,0,0.14057204,1
147634,1,0,0.0011225654,0
147635,0,1,0.9561454,0
147636,0,0,0.1056711,1
147637,1,1,1.0,1
147638,0,0,0.068102375,1
147639,0,0,0.05315703,1
147640,1,1,0.35465655,1
147641,1,1,0.9999976,1
147642,1,1,0.9998722,1
147643,0,1,0.48569116,0
147644,1,1,1.0,1
147645,1,1,1.0,1
147646,1,0,0.3350788,0
147647,0,0,0.02335303,1
147648,1,1,0.5034484,1
147649,1,1,1.0,1
147650,1,1,0.9999994,1
147651,1,1,1.0,1
147652,1,1,0.99999917,1
147653,0,0,0.06500874,1
147654,0,1,0.6160123,0
147655,0,0,0.06791668,1
147656,1,0,0.34587818,0
147657,0,0,0.111821815,1
147658,0,1,0.97321534,0
147659,0,1,0.92121595,0
147660,0,0,0.0145035805,1
147661,1,1,0.99998605,1
147662,1,0,0.068537496,0
147663,0,1,0.98557997,0
147664,1,0,0.01533582,0
147665,1,0,0.19421494,0
147666,1,1,0.9393039,1
147667,1,1,0.9999995,1
147668,0,0,0.004848533,1
147669,1,0,0.21469142,0
147670,1,1,0.6522968,1
147671,1,1,0.88263035,1
147672,0,0,0.10875559,1
147673,1,1,0.99827933,1
147674,0,1,0.73866904,0
147675,1,1,0.99999976,1
147676,0,0,0.31457675,1
147677,1,1,0.99986756,1
147678,0,0,0.22034244,1
147679,0,0,0.18513553,1
147680,1,1,0.99999964,1
147681,1,1,0.999992,1
147682,1,1,0.6764596,1
147683,1,1,0.99789256,1
147684,0,0,0.108471945,1
147685,0,1,0.89715594,0
147686,1,0,0.17781086,0
147687,0,1,0.5995438,0
147688,1,1,0.97601515,1
147689,1,1,0.9991391,1
147690,1,1,1.0,1
147691,1,1,1.0,1
147692,1,1,0.99999535,1
147693,1,1,0.96182173,1
147694,1,0,0.020626193,0
147695,1,1,0.8933094,1
147696,0,0,0.29305032,1
147697,1,1,0.997981,1
147698,0,0,0.041075893,1
147699,1,1,0.99709916,1
147700,0,0,0.32396796,1
147701,1,1,0.97828114,1
147702,0,0,0.18039528,1
147703,1,1,1.0,1
147704,1,1,0.99996054,1
147705,0,0,0.18750432,1
147706,1,1,1.0,1
147707,1,0,0.12538631,0
147708,1,1,0.99957854,1
147709,0,1,0.43638182,0
147710,1,0,0.18817475,0
147711,0,0,0.28917095,1
147712,0,0,0.1363207,1
147713,0,1,0.92762595,0
147714,0,0,0.037821285,1
147715,0,0,0.20641372,1
147716,1,1,0.8986777,1
147717,1,1,0.9999255,1
147718,1,1,0.98302,1
147719,1,1,1.0,1
147720,0,0,0.05775844,1
147721,1,1,0.92892635,1
147722,0,0,0.10530251,1
147723,1,1,1.0,1
147724,1,1,0.9999999,1
147725,1,1,0.99994504,1
147726,0,0,0.04611975,1
147727,0,1,0.98178816,0
147728,1,0,0.13963085,0
147729,0,0,0.0921145,1
147730,0,0,0.17638768,1
147731,1,1,0.72081065,1
147732,1,1,0.9949886,1
147733,1,0,0.11357959,0
147734,0,0,0.004564981,1
147735,1,1,0.9995851,1
147736,0,1,0.9250947,0
147737,1,1,0.9966102,1
147738,1,1,0.9881765,1
147739,0,0,0.20149878,1
147740,1,1,0.6970421,1
147741,1,1,0.99999595,1
147742,1,1,0.9999999,1
147743,0,1,0.37290475,0
147744,1,0,0.3337203,0
147745,1,1,0.85729086,1
147746,0,1,0.99796116,0
147747,1,1,0.99588215,1
147748,0,1,0.9999989,0
147749,0,1,0.9991066,0
147750,0,1,0.89561397,0
147751,0,0,0.010673115,1
147752,0,1,0.9990996,0
147753,1,1,0.37943587,1
147754,1,1,0.78530854,1
147755,0,1,0.92709976,0
147756,0,1,0.99912554,0
147757,1,0,0.18126321,0
147758,1,1,1.0,1
147759,1,1,0.9650863,1
147760,0,0,0.22764099,1
147761,0,1,0.5607338,0
147762,0,1,0.9342753,0
147763,0,1,0.5501845,0
147764,0,1,0.9976993,0
147765,1,1,0.9997241,1
147766,1,1,0.6414785,1
147767,1,0,0.15203224,0
147768,0,0,0.26759952,1
147769,0,0,0.06103112,1
147770,0,0,0.004857966,1
147771,0,0,0.09451042,1
147772,1,1,0.4661165,1
147773,1,1,0.9999994,1
147774,0,0,0.2630784,1
147775,1,1,0.9997398,1
147776,0,0,0.054600604,1
147777,1,1,0.9999999,1
147778,0,1,0.6615403,0
147779,0,0,0.048181534,1
147780,1,1,0.8091252,1
147781,1,1,1.0,1
147782,0,1,0.7237978,0
147783,0,1,0.9987005,0
147784,0,1,0.9186264,0
147785,0,0,0.049085185,1
147786,0,0,0.2180027,1
147787,0,1,0.5934915,0
147788,0,1,1.0,0
147789,1,1,0.9219921,1
147790,0,1,0.993807,0
147791,1,0,0.15046519,0
147792,1,1,0.9999145,1
147793,1,1,0.9960776,1
147794,1,0,0.15469499,0
147795,0,0,0.33225623,1
147796,1,1,0.96631527,1
147797,1,1,0.97601515,1
147798,0,1,0.9427181,0
147799,0,1,0.61097586,0
147800,1,1,1.0,1
147801,1,1,0.99977833,1
147802,0,0,0.33366603,1
147803,1,1,0.45314083,1
147804,1,1,0.83601975,1
147805,1,1,0.99155444,1
147806,1,1,0.99999976,1
147807,1,1,1.0,1
147808,1,1,0.99981266,1
147809,1,1,0.6297177,1
147810,0,0,0.042802144,1
147811,1,0,0.068288535,0
147812,0,1,0.992349,0
147813,0,1,0.35812852,0
147814,1,1,0.9999771,1
147815,1,1,0.9984176,1
147816,1,0,0.15597628,0
147817,1,1,0.72671664,1
147818,1,1,0.99999344,1
147819,0,0,0.27386558,1
147820,1,0,0.053601146,0
147821,0,0,0.1603975,1
147822,1,1,0.99989724,1
147823,1,0,0.011093566,0
147824,1,1,0.99999,1
147825,1,1,0.9279531,1
147826,1,1,0.62291825,1
147827,0,1,0.9999651,0
147828,0,0,0.050611433,1
147829,1,0,0.03875619,0
147830,1,1,0.63278645,1
147831,0,1,0.9845458,0
147832,1,1,0.9990527,1
147833,0,1,0.9280184,0
147834,1,1,0.99996054,1
147835,0,0,0.014559519,1
147836,0,1,0.4244418,0
147837,0,1,0.7226738,0
147838,1,1,0.9996971,1
147839,1,1,0.59190017,1
147840,0,1,0.99998486,0
147841,1,1,0.45295936,1
147842,1,1,0.7222333,1
147843,1,1,1.0,1
147844,1,1,0.53607,1
147845,1,1,0.9999964,1
147846,1,1,0.9999347,1
147847,1,0,0.23161423,0
147848,1,1,0.98801583,1
147849,0,0,0.06847518,1
147850,1,0,0.031261913,0
147851,1,1,0.99999297,1
147852,0,0,0.23414387,1
147853,1,1,0.92847365,1
147854,1,1,0.98886347,1
147855,0,0,0.09577148,1
147856,0,0,0.026531339,1
147857,0,1,0.99995697,0
147858,1,1,0.84117436,1
147859,1,1,0.99568534,1
147860,0,1,0.99986064,0
147861,0,0,0.032558974,1
147862,1,1,0.7439594,1
147863,0,1,0.44272682,0
147864,1,1,0.9975799,1
147865,1,1,0.53151333,1
147866,1,1,1.0,1
147867,1,1,0.9999999,1
147868,1,1,0.9999993,1
147869,0,1,0.76829886,0
147870,1,1,0.9999999,1
147871,0,1,0.9742149,0
147872,1,1,0.99611557,1
147873,0,1,0.40215728,0
147874,1,0,0.22017473,0
147875,0,1,0.9990245,0
147876,1,1,0.9999471,1
147877,0,1,0.52342033,0
147878,1,1,0.9998795,1
147879,1,1,0.6887302,1
147880,1,1,0.61468315,1
147881,1,1,0.9999578,1
147882,0,1,0.99994326,0
147883,1,1,1.0,1
147884,0,1,0.92359227,0
147885,1,0,0.23161423,0
147886,0,0,0.22936255,1
147887,0,0,0.05775844,1
147888,0,0,0.17342815,1
147889,1,1,0.9853843,1
147890,0,0,0.15361264,1
147891,1,1,0.99999154,1
147892,1,1,0.9999993,1
147893,1,1,0.6682852,1
147894,0,0,0.1673547,1
147895,1,1,1.0,1
147896,0,1,0.9841851,0
147897,0,0,0.21469142,1
147898,0,0,0.14426938,1
147899,0,0,0.010902374,1
147900,1,1,0.999577,1
147901,1,1,0.988425,1
147902,0,1,0.4025095,0
147903,0,0,0.2043419,1
147904,1,1,0.54915714,1
147905,1,1,0.99997866,1
147906,1,1,0.9999994,1
147907,1,1,0.9911698,1
147908,1,1,0.9140609,1
147909,1,1,0.99999666,1
147910,1,1,0.99723166,1
147911,0,1,0.9055731,0
147912,1,1,0.6802948,1
147913,1,1,0.9994012,1
147914,1,0,0.07004896,0
147915,1,1,0.99999475,1
147916,1,1,1.0,1
147917,0,0,0.009232214,1
147918,0,1,0.9702681,0
147919,0,0,0.10875559,1
147920,1,1,0.9977743,1
147921,0,1,0.8191712,0
147922,0,1,0.47542265,0
147923,0,0,0.16940589,1
147924,1,1,0.6246942,1
147925,0,1,0.8338664,0
147926,0,1,0.75192153,0
147927,1,1,0.99860066,1
147928,0,1,0.99304235,0
147929,1,1,1.0,1
147930,0,0,0.19907434,1
147931,1,0,0.13500383,0
147932,0,1,0.9434519,0
147933,1,1,0.7440524,1
147934,1,1,0.99962366,1
147935,1,1,0.7348337,1
147936,1,1,0.99987173,1
147937,0,1,0.99901307,0
147938,1,0,0.10338597,0
147939,0,1,0.6244653,0
147940,1,1,1.0,1
147941,0,1,0.44251603,0
147942,1,0,0.1746917,0
147943,0,0,0.13523209,1
147944,1,1,0.9907141,1
147945,0,1,0.9730109,0
147946,0,1,0.6246942,0
147947,1,1,0.99999845,1
147948,0,0,0.05470151,1
147949,1,1,0.999992,1
147950,1,1,0.8153795,1
147951,0,0,0.28091216,1
147952,0,1,0.48572165,0
147953,0,1,0.91022676,0
147954,1,1,0.9999968,1
147955,1,1,0.99767226,1
147956,0,0,0.049958523,1
147957,1,1,0.9999976,1
147958,1,1,0.9839708,1
147959,1,1,0.99999917,1
147960,0,0,0.01858215,1
147961,1,1,0.9999994,1
147962,0,0,0.12700155,1
147963,1,1,0.95305705,1
147964,0,1,0.9998273,0
147965,0,0,0.117774926,1
147966,1,1,0.99984527,1
147967,1,0,0.20882359,0
147968,0,1,0.9542227,0
147969,1,1,1.0,1
147970,0,0,0.024680348,1
147971,0,0,0.04556445,1
147972,1,1,0.99951124,1
147973,0,1,0.88373864,0
147974,1,1,0.9999857,1
147975,1,1,0.99999917,1
147976,1,1,1.0,1
147977,1,1,0.8894329,1
147978,0,1,0.9417078,0
147979,1,1,0.9999982,1
147980,0,1,0.97889495,0
147981,1,1,0.9999994,1
147982,1,1,0.99999285,1
147983,1,1,0.9941004,1
147984,0,0,0.091625646,1
147985,1,1,1.0,1
147986,1,0,0.07510853,0
147987,0,1,0.96538115,0
147988,0,1,0.8326453,0
147989,1,0,0.05350215,0
147990,0,0,0.304145,1
147991,0,0,0.17272931,1
147992,0,1,0.80240077,0
147993,1,1,0.9973374,1
147994,1,1,1.0,1
147995,1,1,1.0,1
147996,1,1,0.63584447,1
147997,0,1,1.0,0
147998,0,0,0.012920474,1
147999,0,1,0.55157375,0
148000,1,1,0.9251624,1
148001,1,0,0.089136936,0
148002,0,1,0.39618495,0
148003,1,1,0.99999964,1
148004,0,0,0.033023555,1
148005,0,1,0.5911333,0
148006,1,1,0.6700148,1
148007,0,1,0.4039783,0
148008,0,0,0.34411275,1
148009,1,0,0.014172365,0
148010,1,1,0.9987056,1
148011,1,1,0.97110176,1
148012,0,1,1.0,0
148013,1,1,1.0,1
148014,1,1,0.85269034,1
148015,1,1,0.99974877,1
148016,0,0,0.11124121,1
148017,0,0,0.14627008,1
148018,1,0,0.15071502,0
148019,1,1,0.9999945,1
148020,1,1,0.9999982,1
148021,1,0,0.04177388,0
148022,1,1,0.57134813,1
148023,0,0,0.05981148,1
148024,1,1,0.91006696,1
148025,0,0,0.12989861,1
148026,0,0,0.09903369,1
148027,1,1,0.9999964,1
148028,1,1,0.9973477,1
148029,0,1,0.4397774,0
148030,0,1,0.9912039,0
148031,0,1,0.98680264,0
148032,1,1,0.99998736,1
148033,1,1,0.86165464,1
148034,1,1,0.8115267,1
148035,1,0,0.21011725,0
148036,0,1,0.8529355,0
148037,0,1,0.95154905,0
148038,0,1,0.9559813,0
148039,1,0,0.13500383,0
148040,1,1,0.99999964,1
148041,1,1,0.82810634,1
148042,0,1,0.99920374,0
148043,1,1,0.99999857,1
148044,1,0,0.11526177,0
148045,0,1,0.81888175,0
148046,1,1,1.0,1
148047,0,1,0.96323055,0
148048,0,1,0.45728818,0
148049,0,1,0.87147486,0
148050,0,1,0.99998176,0
148051,1,1,0.9629877,1
148052,0,1,0.7622471,0
148053,0,1,0.48383135,0
148054,0,0,0.28091216,1
148055,1,0,0.28259197,0
148056,1,1,0.7151754,1
148057,1,1,0.6518536,1
148058,1,0,0.039750516,0
148059,1,1,0.9971495,1
148060,0,0,0.07270252,1
148061,1,1,0.99999976,1
148062,0,1,0.99760795,0
148063,0,1,0.8933094,0
148064,1,1,0.7576151,1
148065,1,1,0.92000264,1
148066,0,1,0.4698243,0
148067,0,0,0.32955354,1
148068,0,1,0.6188956,0
148069,0,0,0.0282746,1
148070,1,1,1.0,1
148071,0,1,0.8831352,0
148072,0,0,0.23493281,1
148073,1,1,1.0,1
148074,0,1,0.6955966,0
148075,1,1,0.99999225,1
148076,1,1,1.0,1
148077,1,0,0.031261913,0
148078,1,0,0.2858701,0
148079,0,0,0.21584621,1
148080,0,0,0.2794842,1
148081,1,1,0.4395669,1
148082,1,1,1.0,1
148083,1,1,0.99999833,1
148084,1,1,0.77483904,1
148085,1,1,1.0,1
148086,1,1,0.99953353,1
148087,1,1,1.0,1
148088,0,0,0.11426965,1
148089,0,0,0.18967113,1
148090,1,1,0.9796482,1
148091,1,1,0.9999757,1
148092,1,1,0.9771756,1
148093,1,1,0.99219924,1
148094,1,1,1.0,1
148095,0,0,0.2689414,1
148096,1,1,0.99999213,1
148097,1,1,0.9991623,1
148098,0,0,0.12241826,1
148099,0,1,0.99910307,0
148100,0,0,0.26038945,1
148101,0,1,0.9470392,0
148102,0,1,0.99943966,0
148103,0,0,0.07606381,1
148104,0,1,0.6708779,0
148105,1,1,0.9999999,1
148106,1,1,0.9991272,1
148107,1,1,0.6856864,1
148108,0,1,0.9993917,0
148109,0,1,0.7593147,0
148110,0,1,0.7561325,0
148111,1,1,1.0,1
148112,0,0,0.053009767,1
148113,1,1,0.99991345,1
148114,1,1,1.0,1
148115,0,0,0.089216255,1
148116,0,0,0.035712164,1
148117,1,1,0.9205043,1
148118,0,1,0.718051,0
148119,0,0,0.09999631,1
148120,1,1,0.99998295,1
148121,1,0,0.16184944,0
148122,1,1,0.99951315,1
148123,1,1,0.99845123,1
148124,1,1,0.9915216,1
148125,0,0,0.16708273,1
148126,1,0,0.2150209,0
148127,1,1,0.9961903,1
148128,0,1,0.4279943,0
148129,1,1,0.9999938,1
148130,0,1,0.93874466,0
148131,0,0,0.0055765444,1
148132,1,0,0.024987794,0
148133,0,1,0.99998844,0
148134,1,1,0.9422947,1
148135,0,0,0.23326942,1
148136,1,0,0.045991033,0
148137,0,0,0.038357977,1
148138,1,1,0.423458,1
148139,1,0,0.034261618,0
148140,0,0,0.0894546,1
148141,0,1,0.8040984,0
148142,0,0,0.29925877,1
148143,0,1,0.81669897,0
148144,0,1,0.8932163,0
148145,0,0,0.10185715,1
148146,0,0,0.22962157,1
148147,1,1,0.83237296,1
148148,1,0,0.012312325,0
148149,1,1,0.77089626,1
148150,1,1,0.9999994,1
148151,1,1,1.0,1
148152,1,1,1.0,1
148153,1,1,0.9999988,1
148154,0,1,0.43839446,0
148155,0,1,0.9549844,0
148156,1,1,0.9999981,1
148157,0,1,0.9685601,0
148158,0,0,0.17245041,1
148159,1,1,1.0,1
148160,1,1,0.9982488,1
148161,1,0,0.13916223,0
148162,0,0,0.069921836,1
148163,1,1,0.9999696,1
148164,1,0,0.08100938,0
148165,0,0,0.040616777,1
148166,1,1,1.0,1
148167,1,1,0.99999166,1
148168,1,1,0.9997508,1
148169,1,1,0.99999976,1
148170,0,0,0.023802664,1
148171,0,0,0.059921406,1
148172,1,1,0.531027,1
148173,0,1,0.5669179,0
148174,1,1,1.0,1
148175,1,1,0.9045662,1
148176,0,1,0.99999714,0
148177,0,0,0.033431362,1
148178,1,1,0.9785493,1
148179,0,0,0.060252324,1
148180,1,0,0.039937317,0
148181,1,1,0.99999523,1
148182,1,1,0.9999995,1
148183,1,1,0.97321534,1
148184,1,1,0.93952614,1
148185,0,0,0.18535665,1
148186,1,1,0.9999957,1
148187,1,1,1.0,1
148188,0,1,0.9999895,0
148189,1,1,0.9999937,1
148190,0,1,0.99997294,0
148191,1,0,0.2230384,0
148192,1,1,0.8863221,1
148193,1,0,0.27542198,0
148194,0,1,1.0,0
148195,1,1,1.0,1
148196,1,1,0.9519973,1
148197,1,0,0.00472755,0
148198,1,1,0.99999535,1
148199,0,1,0.8778961,0
148200,1,0,0.28917095,0
148201,1,1,0.48892394,1
148202,1,1,0.99372226,1
148203,1,1,0.60328925,1
148204,0,0,0.19977595,1
148205,0,1,0.9971439,0
148206,1,0,0.11308892,0
148207,1,1,1.0,1
148208,1,1,0.99984586,1
148209,1,1,0.9615338,1
148210,1,1,0.9999938,1
148211,1,1,1.0,1
148212,0,1,0.96073127,0
148213,0,1,0.8079157,0
148214,1,1,0.99997306,1
148215,1,1,0.9999714,1
148216,1,0,0.12792476,0
148217,1,0,0.011093566,0
148218,1,1,0.88885534,1
148219,0,1,0.99995756,0
148220,0,0,0.025858779,1
148221,1,1,0.9603984,1
148222,0,1,0.98672616,0
148223,0,0,0.07654563,1
148224,0,0,0.14798562,1
148225,1,1,0.99999976,1
148226,1,1,1.0,1
148227,1,1,0.6620867,1
148228,0,1,0.7629543,0
148229,1,1,0.99900913,1
148230,0,0,0.005448068,1
148231,0,0,0.029063188,1
148232,0,0,0.009002837,1
148233,1,1,0.9888419,1
148234,1,1,0.99922967,1
148235,1,1,0.999134,1
148236,0,1,0.6732454,0
148237,1,1,1.0,1
148238,0,0,0.05198967,1
148239,0,0,0.11318691,1
148240,1,1,0.7061398,1
148241,0,0,0.20386599,1
148242,1,1,0.3584092,1
148243,1,1,1.0,1
148244,0,0,0.34931073,1
148245,1,1,0.8272706,1
148246,0,1,0.9998727,0
148247,1,1,0.9924374,1
148248,1,0,0.18869746,0
148249,0,0,0.35003245,1
148250,1,1,1.0,1
148251,0,0,0.015603534,1
148252,0,1,0.8318272,0
148253,0,1,0.88263035,0
148254,1,1,1.0,1
148255,0,1,0.5810654,0
148256,1,1,0.99993896,1
148257,0,1,0.9970305,0
148258,0,0,0.0715912,1
148259,1,1,0.9987232,1
148260,1,1,0.99999964,1
148261,0,1,0.5758266,0
148262,1,1,1.0,1
148263,1,0,0.023734689,0
148264,1,1,0.9507321,1
148265,1,0,0.04126865,0
148266,1,1,0.9999206,1
148267,0,1,0.8221891,0
148268,0,1,0.532729,0
148269,0,1,0.99983716,0
148270,0,0,0.021064695,1
148271,1,1,0.35248032,1
148272,1,0,0.10266401,0
148273,1,0,0.020984296,0
148274,1,0,0.14511536,0
148275,1,1,0.999129,1
148276,0,0,0.043487497,1
148277,1,1,0.99533635,1
148278,0,1,0.3692582,0
148279,0,0,0.0145035805,1
148280,0,0,0.008711384,1
148281,0,0,0.15960999,1
148282,1,1,0.9999912,1
148283,1,0,0.090494074,0
148284,0,0,0.0349467,1
148285,1,1,0.99994814,1
148286,0,1,0.9904406,0
148287,0,0,0.02136889,1
148288,0,1,0.99999964,0
148289,0,1,0.8708172,0
148290,0,1,0.5137904,0
148291,1,1,0.9999988,1
148292,1,0,0.0014269596,0
148293,1,1,1.0,1
148294,1,0,0.0226292,0
148295,1,1,0.6992031,1
148296,0,0,0.2491731,1
148297,0,1,0.64069206,0
148298,1,1,0.96485513,1
148299,0,1,0.7627777,0
148300,0,1,0.9908035,0
148301,0,0,0.13212214,1
148302,0,0,0.100524865,1
148303,1,1,0.9999914,1
148304,0,1,0.99491996,0
148305,1,1,0.8251675,1
148306,0,0,0.1653908,1
148307,0,0,0.064065434,1
148308,1,1,0.9999778,1
148309,1,1,0.99989927,1
148310,0,0,0.19140324,1
148311,0,0,0.035914496,1
148312,1,1,0.9999999,1
148313,1,1,0.704211,1
148314,0,1,0.99877924,0
148315,1,0,0.07470251,0
148316,1,1,1.0,1
148317,0,1,0.9393595,0
148318,1,1,1.0,1
148319,0,0,0.009917223,1
148320,1,0,0.3261641,0
148321,1,0,0.3011565,0
148322,1,1,0.98835784,1
148323,0,0,0.09227797,1
148324,1,1,0.9995035,1
148325,0,0,0.039453376,1
148326,1,1,0.9332485,1
148327,1,1,0.9999999,1
148328,1,1,1.0,1
148329,0,0,0.16552565,1
148330,0,0,0.10961043,1
148331,1,1,1.0,1
148332,1,0,0.12152928,0
148333,0,1,0.9992022,0
148334,0,1,0.9981828,0
148335,1,1,1.0,1
148336,1,1,0.97949183,1
148337,1,1,0.5346732,1
148338,0,1,0.9300146,0
148339,0,0,0.34820172,1
148340,0,0,0.031055551,1
148341,0,1,0.9998722,0
148342,1,1,0.9999982,1
148343,1,1,0.9999993,1
148344,0,0,0.0024201942,1
148345,1,1,0.625724,1
148346,1,0,0.0553617,0
148347,1,1,0.99879813,1
148348,1,1,0.9999999,1
148349,1,1,0.9976172,1
148350,1,1,0.9981863,1
148351,0,1,0.7148769,0
148352,0,1,0.45404848,0
148353,0,0,0.098772585,1
148354,1,1,1.0,1
148355,0,1,0.9698426,0
148356,0,0,0.07185127,1
148357,0,0,0.04972728,1
148358,0,1,0.7789017,0
148359,1,1,0.9999552,1
148360,1,1,0.72865176,1
148361,0,0,0.048405956,1
148362,1,1,0.9920466,1
148363,1,0,0.14996658,0
148364,0,1,0.98250717,0
148365,1,1,0.97009856,1
148366,1,0,0.3003863,0
148367,0,1,0.99956185,0
148368,0,0,0.21816924,1
148369,0,1,0.5843898,0
148370,0,0,0.054148693,1
148371,1,1,0.99855345,1
148372,1,1,0.9999943,1
148373,1,1,0.9998977,1
148374,1,1,0.9994837,1
148375,1,1,0.999928,1
148376,1,1,0.9999999,1
148377,1,0,0.33491564,0
148378,0,0,0.33895183,1
148379,0,1,0.49884033,0
148380,1,1,0.9964412,1
148381,1,0,0.08336651,0
148382,1,1,0.6229756,1
148383,0,0,0.043042846,1
148384,0,1,0.5682961,0
148385,0,0,0.14080818,1
148386,1,1,0.95585793,1
148387,1,0,0.1698185,0
148388,1,0,0.17731173,0
148389,1,0,0.13420753,0
148390,0,0,0.12085323,1
148391,0,1,0.9809856,0
148392,1,1,0.9433998,1
148393,1,1,0.5900707,1
148394,1,0,0.124905184,0
148395,0,1,0.99999976,0
148396,0,1,0.9991204,0
148397,0,0,0.29675615,1
148398,0,1,0.40871918,0
148399,0,0,0.2509128,1
148400,1,1,1.0,1
148401,0,1,0.68768245,0
148402,0,1,0.996271,0
148403,1,0,0.0047092056,0
148404,1,1,1.0,1
148405,1,0,0.1504028,0
148406,0,1,0.5926666,0
148407,1,0,0.31784958,0
148408,1,1,0.7879312,1
148409,1,1,0.953188,1
148410,0,1,0.88592786,0
148411,0,0,0.16424818,1
148412,0,1,1.0,0
148413,1,0,0.2780607,0
148414,0,1,0.99394965,0
148415,0,1,0.8890481,0
148416,0,0,0.058131598,1
148417,0,0,0.10511863,1
148418,1,1,1.0,1
148419,0,1,0.7824132,0
148420,0,0,0.086554825,1
148421,1,1,0.5817784,1
148422,0,1,0.7501869,0
148423,1,1,0.973519,1
148424,1,1,0.9992563,1
148425,1,0,0.099382766,0
148426,0,0,0.21543325,1
148427,1,1,0.91700584,1
148428,1,1,0.98197925,1
148429,0,0,0.15171777,1
148430,0,0,0.18111832,1
148431,1,1,1.0,1
148432,1,1,0.9608783,1
148433,1,1,0.95068645,1
148434,1,1,0.99998605,1
148435,1,1,0.8197491,1
148436,1,1,1.0,1
148437,1,1,0.9993845,1
148438,0,1,0.6021201,0
148439,1,1,0.9911011,1
148440,1,1,0.9622497,1
148441,1,1,0.99992156,1
148442,1,1,0.5774358,1
148443,0,0,0.14258969,1
148444,0,0,0.068975195,1
148445,0,0,0.14390808,1
148446,0,0,0.22397058,1
148447,0,0,0.19072402,1
148448,1,1,0.91352236,1
148449,1,1,0.99999905,1
148450,1,1,1.0,1
148451,1,1,1.0,1
148452,0,1,0.79755676,0
148453,1,1,0.9006172,1
148454,1,1,1.0,1
148455,1,1,0.99804676,1
148456,1,0,0.19590156,0
148457,1,1,0.9999999,1
148458,1,1,1.0,1
148459,1,1,0.9998273,1
148460,1,1,1.0,1
148461,0,0,0.013848611,1
148462,0,0,0.08961382,1
148463,1,0,0.21223202,0
148464,1,1,0.9993068,1
148465,0,1,0.99978596,0
148466,1,1,1.0,1
148467,1,1,0.9996737,1
148468,1,1,0.9971607,1
148469,0,1,0.4071566,0
148470,0,0,0.09170697,1
148471,1,1,1.0,1
148472,0,1,0.7545082,0
148473,1,1,0.9999988,1
148474,1,1,0.9999734,1
148475,1,1,0.99999213,1
148476,0,1,0.5579055,0
148477,1,0,0.10866097,0
148478,0,0,0.10557885,1
148479,1,1,0.9566747,1
148480,0,1,0.92468774,0
148481,0,0,0.04885778,1
148482,0,0,0.19314739,1
148483,1,1,0.99993074,1
148484,0,1,0.80837,0
148485,0,1,0.668177,0
148486,1,0,0.093512304,0
148487,1,1,0.99967813,1
148488,0,0,0.010348136,1
148489,0,1,0.95145893,0
148490,0,1,0.99996305,0
148491,1,1,1.0,1
148492,1,1,0.9999932,1
148493,0,1,0.99864894,0
148494,1,1,0.7036004,1
148495,0,1,0.5029296,0
148496,0,0,0.025371311,1
148497,0,1,0.99975556,0
148498,1,1,0.9999994,1
148499,0,0,0.12765263,1
148500,1,1,0.9994128,1
148501,1,1,0.9999999,1
148502,1,1,0.98866826,1
148503,0,1,0.5337013,0
148504,1,1,0.992349,1
148505,1,1,1.0,1
148506,1,1,0.9999442,1
148507,1,1,1.0,1
148508,0,1,0.9720721,0
148509,0,0,0.06348236,1
148510,0,1,0.99948573,0
148511,1,0,0.2885691,0
148512,0,0,0.14523655,1
148513,0,0,0.029929746,1
148514,0,0,0.04881241,1
148515,1,1,0.99903023,1
148516,1,1,0.9963924,1
148517,0,0,0.040313438,1
148518,1,1,0.35588682,1
148519,0,0,0.09057448,1
148520,1,1,0.9999999,1
148521,0,0,0.21535073,1
148522,0,0,0.33895183,1
148523,1,1,1.0,1
148524,1,1,1.0,1
148525,0,1,1.0,0
148526,0,0,0.046551276,1
148527,0,0,0.26006046,1
148528,1,1,0.9998332,1
148529,1,0,0.2524762,0
148530,1,1,0.9107044,1
148531,0,0,0.035745807,1
148532,1,1,0.5891255,1
148533,0,0,0.08570927,1
148534,0,1,1.0,0
148535,0,1,0.42620218,0
148536,1,0,0.15571934,0
148537,1,1,0.97550696,1
148538,0,0,0.109039895,1
148539,1,1,1.0,1
148540,0,0,0.009878943,1
148541,0,0,0.17960249,1
148542,0,0,0.04977345,1
148543,1,0,0.11676401,0
148544,1,0,0.020527788,0
148545,1,1,0.999943,1
148546,0,1,0.99999726,0
148547,0,1,0.6499675,0
148548,0,0,0.112600096,1
148549,0,0,0.026912306,1
148550,1,0,0.34043035,0
148551,1,1,0.8097278,1
148552,1,1,1.0,1
148553,0,1,0.99956006,0
148554,1,1,0.99922216,1
148555,1,1,0.98387814,1
148556,1,1,0.99999297,1
148557,1,1,0.99999964,1
148558,1,1,0.7525131,1
148559,1,1,0.94539934,1
148560,1,1,1.0,1
148561,1,1,0.3592517,1
148562,1,1,0.9812749,1
148563,1,1,0.87925047,1
148564,1,1,0.9947084,1
148565,0,0,0.012673735,1
148566,0,1,0.99956864,0
148567,0,1,0.9996295,0
148568,0,0,0.18220715,1
148569,0,0,0.049405243,1
148570,1,1,0.9164094,1
148571,1,1,1.0,1
148572,0,1,0.5799952,0
148573,1,0,0.21601154,0
148574,1,1,0.9985562,1
148575,1,0,0.11075938,0
148576,1,1,0.99891615,1
148577,0,1,0.99998534,0
148578,1,1,0.4958497,1
148579,0,1,0.8975158,0
148580,1,0,0.035914496,0
148581,0,1,0.97610646,0
148582,1,1,0.93581736,1
148583,1,1,0.9999999,1
148584,1,1,0.9923193,1
148585,1,1,0.9911527,1
148586,1,1,0.9953815,1
148587,1,1,0.99457306,1
148588,1,1,0.60550755,1
148589,1,1,0.99912554,1
148590,1,0,0.020904195,0
148591,1,1,0.97767127,1
148592,0,0,0.30975404,1
148593,0,1,0.99960107,0
148594,0,0,0.20729496,1
148595,1,1,0.991339,1
148596,1,1,1.0,1
148597,1,1,0.9984269,1
148598,0,1,0.99528164,0
148599,0,1,0.5966095,0
148600,0,1,0.89506495,0
148601,0,1,0.5661984,0
148602,0,0,0.042364188,1
148603,0,1,0.99999595,0
148604,1,1,0.9999286,1
148605,1,1,0.9999422,1
148606,1,0,0.27958256,0
148607,0,0,0.06669065,1
148608,1,1,1.0,1
148609,0,0,0.18417984,1
148610,0,1,0.9944126,0
148611,1,0,0.011961098,0
148612,0,1,0.3660797,0
148613,0,1,0.9901592,0
148614,0,0,0.049819652,1
148615,1,1,0.9999988,1
148616,1,1,0.9956262,1
148617,1,1,0.9518632,1
148618,1,1,1.0,1
148619,1,1,0.98242307,1
148620,0,1,0.5885344,0
148621,1,1,0.99961627,1
148622,1,1,1.0,1
148623,1,1,0.3617282,1
148624,1,1,0.99992836,1
148625,0,0,0.21816924,1
148626,1,0,0.0672398,0
148627,0,1,0.93318766,0
148628,1,0,0.10511863,0
148629,0,1,0.44447434,0
148630,0,1,0.89096016,0
148631,0,0,0.04885778,1
148632,1,1,0.9999999,1
148633,1,1,0.98799264,1
148634,1,1,0.87536144,1
148635,1,1,0.78858316,1
148636,0,0,0.052862898,1
148637,0,0,0.010631946,1
148638,1,1,0.35683882,1
148639,1,0,0.016308766,0
148640,1,1,0.99999726,1
148641,0,0,0.022457054,1
148642,1,1,0.99477994,1
148643,1,1,1.0,1
148644,0,0,0.20252202,1
148645,1,1,0.4198263,1
148646,1,1,1.0,1
148647,1,1,0.8632764,1
148648,1,0,0.084341794,0
148649,0,1,0.995488,0
148650,1,0,0.013096004,0
148651,0,1,0.83682144,0
148652,0,1,1.0,0
148653,1,0,0.2573916,0
148654,0,0,0.13922074,1
148655,1,1,1.0,1
148656,1,1,0.97285664,1
148657,1,1,0.98475236,1
148658,1,1,0.99999964,1
148659,0,1,0.9747491,0
148660,1,1,0.9798997,1
148661,0,0,0.11299101,1
148662,0,1,0.9701552,0
148663,1,1,0.9999497,1
148664,1,1,0.9990564,1
148665,0,1,0.9825408,0
148666,0,0,0.13557507,1
148667,1,1,0.99968255,1
148668,0,0,0.086246476,1
148669,0,1,0.7112805,0
148670,1,1,0.98961186,1
148671,1,1,1.0,1
148672,0,1,0.9979412,0
148673,0,1,0.3764512,0
148674,1,1,0.9994241,1
148675,0,1,0.6221725,0
148676,0,0,0.033875983,1
148677,0,1,0.61120796,0
148678,0,1,0.99976224,0
148679,1,1,1.0,1
148680,1,1,0.99807703,1
148681,1,0,0.00011147904,0
148682,0,0,0.104294725,1
148683,1,1,0.8906752,1
148684,0,0,0.0075333067,1
148685,0,0,0.042009052,1
148686,0,0,0.022737447,1
148687,0,0,0.11930549,1
148688,0,0,0.12199923,1
148689,0,0,0.011463797,1
148690,1,1,0.47338334,1
148691,1,1,1.0,1
148692,1,1,0.8949732,1
148693,1,1,0.9916681,1
148694,1,1,1.0,1
148695,1,1,0.97259754,1
148696,0,1,0.91648406,0
148697,0,1,0.9992735,0
148698,1,1,1.0,1
148699,0,1,0.36727026,0
148700,0,1,0.99968123,0
148701,1,0,0.10185715,0
148702,1,0,0.026230346,0
148703,0,0,0.15823938,1
148704,0,1,0.99530905,0
148705,0,1,0.6183772,0
148706,1,1,0.9814356,1
148707,1,1,1.0,1
148708,0,0,0.036873367,1
148709,0,1,0.6519645,0
148710,1,0,0.09113915,0
148711,1,1,0.9999286,1
148712,1,1,0.9998511,1
148713,1,0,0.122996464,0
148714,0,1,0.9714829,0
148715,0,0,0.0023141266,1
148716,1,0,0.00028351304,0
148717,1,1,0.996183,1
148718,0,0,0.008950712,1
148719,0,1,1.0,0
148720,1,1,0.9958418,1
148721,1,0,0.07647662,0
148722,0,1,0.9370381,0
148723,1,1,0.9814889,1
148724,1,0,0.074635044,0
148725,1,1,0.99722075,1
148726,1,0,0.29517913,0
148727,1,1,0.9999999,1
148728,1,1,0.99984884,1
148729,1,1,0.9992679,1
148730,1,0,0.06669065,0
148731,0,0,0.08787644,1
148732,1,1,0.94610083,1
148733,1,1,0.99999833,1
148734,0,1,0.9999956,0
148735,0,0,0.04146227,1
148736,1,1,0.9999975,1
148737,1,1,0.9924666,1
148738,1,1,0.9999478,1
148739,1,0,0.14330755,0
148740,0,0,0.06512755,1
148741,0,0,0.12863456,1
148742,0,0,0.08532742,1
148743,1,1,0.999997,1
148744,1,0,0.024563085,0
148745,0,1,0.4120865,0
148746,0,1,0.387053,0
148747,0,0,0.021656675,1
148748,1,1,0.9999999,1
148749,0,1,0.7080612,0
148750,0,0,0.17631677,1
148751,1,1,0.9999993,1
148752,1,1,0.9559813,1
148753,1,1,0.99379504,1
148754,0,0,0.045862667,1
148755,1,1,0.9999999,1
148756,1,0,0.02878888,0
148757,0,0,0.06447655,1
148758,1,1,1.0,1
148759,0,0,0.10275402,1
148760,1,1,0.98998636,1
148761,0,0,0.3451053,1
148762,0,1,0.9848984,0
148763,0,1,0.97527254,0
148764,1,1,0.98913974,1
148765,0,0,0.009689717,1
148766,0,0,0.17321827,1
148767,1,0,0.24990462,0
148768,1,0,0.11930549,0
148769,1,1,0.8213309,1
148770,1,1,0.77218723,1
148771,0,1,1.0,0
148772,0,1,0.99411184,0
148773,1,1,0.9797259,1
148774,0,0,0.039638843,1
148775,1,1,0.99999845,1
148776,0,0,0.042922337,1
148777,0,0,0.05075239,1
148778,1,1,0.99986553,1
148779,1,0,0.116864756,0
148780,0,1,0.9954261,0
148781,0,1,0.40248016,0
148782,1,0,0.14481276,0
148783,0,0,0.08449276,1
148784,1,0,0.17560875,0
148785,0,0,0.17314835,1
148786,1,0,0.0532062,0
148787,0,1,0.7839885,0
148788,1,1,0.9993424,1
148789,0,1,0.974893,0
148790,0,0,0.20729496,1
148791,1,1,0.63945466,1
148792,0,1,0.90422857,0
148793,0,1,0.852199,0
148794,1,1,0.99999964,1
148795,0,1,0.967256,0
148796,1,0,0.08359068,0
148797,0,0,0.10230471,1
148798,1,1,0.9989556,1
148799,1,1,0.7599387,1
148800,1,1,0.99999964,1
148801,1,1,0.9849563,1
148802,0,1,0.63934207,0
148803,1,1,0.9997695,1
148804,1,1,0.94224155,1
148805,0,1,0.39536762,0
148806,1,1,0.99999833,1
148807,1,1,0.9999924,1
148808,1,1,0.651133,1
148809,1,1,0.99999917,1
148810,1,1,0.9999976,1
148811,1,1,0.9984723,1
148812,1,1,0.996123,1
148813,1,1,1.0,1
148814,1,1,1.0,1
148815,1,1,0.61941373,1
148816,0,0,0.10913479,1
148817,1,1,0.9979048,1
148818,0,0,0.31875017,1
148819,1,1,0.8750415,1
148820,1,1,0.9999993,1
148821,0,0,0.023802664,1
148822,1,0,0.2675517,0
148823,1,1,0.9957767,1
148824,0,0,0.019271135,1
148825,1,0,0.19467384,0
148826,1,1,0.94122344,1
148827,0,1,0.80193585,0
148828,0,0,0.282493,1
148829,0,1,0.40925032,0
148830,1,1,0.47052372,1
148831,1,1,0.9999999,1
148832,0,0,0.15159212,1
148833,1,1,0.9999993,1
148834,0,0,0.1867616,1
148835,1,1,0.44586128,1
148836,1,1,0.99779165,1
148837,1,1,0.9981933,1
148838,0,0,0.025226824,1
148839,0,1,0.729327,0
148840,0,1,0.90422857,0
148841,1,1,0.9999999,1
148842,0,1,0.5785077,0
148843,1,1,0.9999894,1
148844,0,0,0.06773144,1
148845,0,0,0.042882238,1
148846,0,0,0.0053744875,1
148847,0,0,0.02218004,1
148848,0,1,0.9946464,0
148849,0,1,0.608594,0
148850,1,0,0.05975658,0
148851,0,0,0.04681203,1
148852,0,0,0.025908018,1
148853,0,1,0.6534034,0
148854,0,1,0.99992716,0
148855,1,0,0.008847356,0
148856,1,1,0.9258357,1
148857,0,0,0.15571934,1
148858,1,1,0.9974837,1
148859,1,1,0.9999994,1
148860,1,1,0.9970131,1
148861,1,1,0.9962419,1
148862,1,1,0.9069832,1
148863,0,0,0.21403356,1
148864,1,1,0.92762595,1
148865,1,1,0.9938788,1
148866,0,0,0.2923932,1
148867,1,0,0.06170614,0
148868,1,1,1.0,1
148869,0,0,0.077030234,1
148870,1,1,1.0,1
148871,1,0,2.1030175e-05,0
148872,0,0,0.24626137,1
148873,0,1,0.99988985,0
148874,1,1,0.82768893,1
148875,1,1,0.9280836,1
148876,1,1,0.4006028,1
148877,1,0,0.28761774,0
148878,1,1,0.9821684,1
148879,1,1,1.0,1
148880,1,1,0.86153823,1
148881,1,1,0.9267028,1
148882,1,0,0.25109637,0
148883,1,0,0.03989989,0
148884,1,1,0.43839446,1
148885,1,1,0.46596456,1
148886,1,1,0.99999976,1
148887,1,1,0.9410069,1
148888,1,1,0.99999785,1
148889,0,1,0.58894825,0
148890,1,1,1.0,1
148891,0,0,0.18293586,1
148892,1,1,0.99892455,1
148893,1,1,0.9921537,1
148894,1,0,0.3339375,0
148895,0,0,0.028034119,1
148896,1,1,0.99989283,1
148897,0,1,0.9998273,0
148898,1,1,0.999884,1
148899,0,1,0.35153365,0
148900,1,1,0.35947657,1
148901,1,1,0.9780727,1
148902,1,0,0.0815929,0
148903,1,1,0.5816002,1
148904,1,1,1.0,1
148905,0,1,0.9582261,0
148906,1,1,0.99849296,1
148907,1,0,0.17888416,0
148908,0,0,0.11114469,1
148909,1,1,0.35527143,1
148910,1,1,0.9999927,1
148911,1,1,0.96249723,1
148912,0,1,0.94386727,0
148913,0,1,0.98319834,0
148914,0,0,0.20721471,1
148915,0,0,0.038865484,1
148916,1,1,0.9996057,1
148917,0,1,0.87418467,0
148918,1,0,0.32002386,0
148919,0,0,0.14602636,1
148920,1,0,0.27586067,0
148921,1,1,0.9999219,1
148922,0,0,0.011823393,1
148923,0,1,0.9956937,0
148924,0,1,0.8926561,0
148925,1,1,0.9918121,1
148926,1,0,0.22151904,0
148927,1,1,0.99986124,1
148928,0,0,0.3457677,1
148929,1,1,1.0,1
148930,0,0,0.023065226,1
148931,1,1,0.9978636,1
148932,1,1,0.8305941,1
148933,1,1,1.0,1
148934,1,0,0.15947905,0
148935,1,1,0.9998771,1
148936,0,0,0.03194934,1
148937,1,0,0.27933675,0
148938,1,0,0.025395468,0
148939,1,0,0.0037874577,0
148940,1,0,0.07113817,0
148941,1,1,0.999995,1
148942,1,1,0.99999964,1
148943,1,1,1.0,1
148944,0,0,0.21166113,1
148945,0,0,0.06910072,1
148946,1,1,0.99666256,1
148947,1,0,0.08042967,0
148948,1,1,1.0,1
148949,1,1,0.68071944,1
148950,1,1,0.9999844,1
148951,0,0,0.005271083,1
148952,1,1,1.0,1
148953,1,0,0.100436606,0
148954,1,0,0.121320926,0
148955,1,1,1.0,1
148956,0,0,0.0275591,1
148957,1,1,1.0,1
148958,0,1,0.9999974,0
148959,0,0,0.018055335,1
148960,1,1,0.9753666,1
148961,0,1,0.99317604,0
148962,0,1,0.964355,0
148963,0,1,0.6512995,0
148964,1,1,0.5369807,1
148965,1,1,0.56277734,1
148966,0,0,0.05404875,1
148967,1,0,0.23292027,0
148968,0,0,0.12624557,1
148969,1,0,0.1929192,0
148970,0,1,0.9986827,0
148971,0,1,0.56025267,0
148972,0,0,0.17838266,1
148973,0,1,0.9996207,0
148974,0,1,0.9980957,0
148975,0,0,0.0064256205,1
148976,1,0,0.0076362165,0
148977,1,1,0.99999774,1
148978,1,1,0.99999833,1
148979,1,1,0.99394965,1
148980,0,0,0.08811155,1
148981,0,1,0.6410292,0
148982,1,1,1.0,1
148983,1,1,0.9999831,1
148984,1,1,0.9999918,1
148985,0,0,0.1685146,1
148986,0,1,0.9982993,0
148987,1,1,0.9999995,1
148988,1,0,0.19345194,0
148989,1,0,0.089933,0
148990,0,1,0.8162599,0
148991,0,0,0.023241922,1
148992,1,1,0.84325075,1
148993,0,0,0.035846926,1
148994,0,1,0.9681713,0
148995,1,1,1.0,1
148996,0,0,0.12023207,1
148997,1,1,1.0,1
148998,1,0,0.032344334,0
148999,0,0,0.017045315,1
149000,0,0,0.28110948,1
149001,0,0,0.082475364,1
149002,0,0,0.021781173,1
149003,0,1,0.8929365,0
149004,1,1,0.97999567,1
149005,1,0,0.0025016966,0
149006,1,0,0.21247703,0
149007,0,1,0.60077405,0
149008,0,1,0.49115083,0
149009,0,0,0.07899691,1
149010,0,1,0.9764232,0
149011,1,1,0.9296961,1
149012,1,0,0.027690258,0
149013,0,1,0.86339164,0
149014,1,1,0.836688,1
149015,0,0,0.25711167,1
149016,0,1,0.75680715,0
149017,1,1,1.0,1
149018,1,1,0.5479479,1
149019,0,0,0.025154885,1
149020,0,1,0.97664696,0
149021,1,1,0.9999943,1
149022,1,0,0.1431278,0
149023,1,1,0.9996679,1
149024,0,0,0.1384618,1
149025,0,0,0.09342957,1
149026,1,1,0.9990054,1
149027,0,0,0.12189465,1
149028,0,0,0.07185127,1
149029,0,0,0.1683778,1
149030,0,0,0.030996837,1
149031,1,1,0.99967754,1
149032,0,1,0.6238926,0
149033,1,1,1.0,1
149034,0,1,0.91928095,0
149035,0,0,0.1917057,1
149036,0,0,0.2673125,1
149037,0,1,0.43890542,0
149038,1,0,0.053700306,0
149039,0,1,0.990329,0
149040,1,1,0.9999894,1
149041,1,1,0.9999511,1
149042,0,1,0.99760795,0
149043,1,1,0.99999845,1
149044,1,0,0.15771976,0
149045,1,1,0.99485034,1
149046,0,1,0.99999905,0
149047,0,1,0.9999982,0
149048,1,0,0.24716878,0
149049,0,0,0.12158143,1
149050,0,0,0.2084205,1
149051,1,1,1.0,1
149052,0,1,0.82233185,0
149053,1,1,0.99993896,1
149054,0,1,0.9572778,0
149055,0,1,0.99992156,0
149056,1,1,0.60830325,1
149057,1,1,0.74447066,1
149058,1,1,0.90878,1
149059,0,1,0.6734602,0
149060,1,1,0.94266534,1
149061,0,0,0.065365784,1
149062,0,0,0.22329238,1
149063,1,0,0.1635122,0
149064,0,0,0.010209055,1
149065,1,1,0.99892044,1
149066,0,0,0.08748585,1
149067,0,1,0.99242276,0
149068,0,0,0.12168575,1
149069,1,1,0.6401298,1
149070,1,1,0.9999956,1
149071,0,1,0.99609274,0
149072,0,1,0.9953994,0
149073,0,0,0.017934537,1
149074,1,1,0.65924066,1
149075,1,1,0.9999987,1
149076,1,1,0.9630572,1
149077,0,0,0.0109234555,1
149078,0,1,0.96425414,0
149079,1,1,0.99959785,1
149080,0,1,0.9167081,0
149081,1,1,0.9973322,1
149082,1,1,0.9999989,1
149083,1,1,0.9996886,1
149084,1,0,0.1965176,0
149085,0,1,0.7852262,0
149086,0,0,0.28160313,1
149087,0,1,0.9890131,0
149088,1,1,0.9516839,1
149089,0,1,0.999998,0
149090,1,1,0.99849,1
149091,1,0,0.07716922,0
149092,0,1,0.8840393,0
149093,0,1,0.998259,0
149094,0,0,0.014813886,1
149095,1,1,0.47256178,1
149096,1,1,0.9931096,1
149097,1,1,0.9999939,1
149098,0,0,0.17224145,1
149099,1,1,0.9999968,1
149100,0,1,0.9966691,0
149101,1,1,0.904903,1
149102,1,1,1.0,1
149103,0,1,0.99922824,0
149104,0,0,0.02665774,1
149105,1,0,0.10158944,0
149106,0,1,0.8814109,0
149107,1,1,0.8413048,1
149108,1,0,0.030415535,0
149109,0,0,0.31753206,1
149110,1,1,0.9981104,1
149111,1,1,0.9998134,1
149112,0,0,0.14336753,1
149113,1,1,1.0,1
149114,1,1,0.9997203,1
149115,0,0,0.1649868,1
149116,1,1,0.99802387,1
149117,1,1,0.99984396,1
149118,0,1,0.7857199,0
149119,1,1,0.99532723,1
149120,1,1,0.99999917,1
149121,1,1,0.9992931,1
149122,1,1,0.9964064,1
149123,0,0,0.1727991,1
149124,0,0,0.069921836,1
149125,0,1,0.99999106,0
149126,1,1,0.4200642,1
149127,0,0,0.025662709,1
149128,0,0,0.012100385,1
149129,0,0,0.20809844,1
149130,0,0,0.26208568,1
149131,1,1,0.6930057,1
149132,0,1,0.9990601,0
149133,0,0,0.07204689,1
149134,0,1,0.5024414,0
149135,1,0,0.089136936,0
149136,0,1,0.99999976,0
149137,1,0,0.048405956,0
149138,0,0,0.3415825,1
149139,1,1,0.82275945,1
149140,1,1,0.9991221,1
149141,0,1,0.99984396,0
149142,0,1,0.98871195,0
149143,1,1,0.99999774,1
149144,0,0,0.042882238,1
149145,0,0,0.019870713,1
149146,0,1,0.5943159,0
149147,1,1,0.9999994,1
149148,1,1,1.0,1
149149,0,1,0.92736334,0
149150,1,1,0.9997198,1
149151,1,1,0.9999999,1
149152,1,1,0.820757,1
149153,0,1,0.519887,0
149154,1,1,0.9567152,1
149155,1,1,1.0,1
149156,1,1,1.0,1
149157,1,0,9.818327e-06,0
149158,1,1,0.99855906,1
149159,1,1,0.495453,1
149160,0,1,0.4566218,0
149161,1,1,0.99671423,1
149162,0,1,0.4310752,0
149163,1,1,1.0,1
149164,0,0,0.25432372,1
149165,1,0,0.031084953,0
149166,1,1,0.4329622,1
149167,1,1,0.8372211,1
149168,0,0,0.24762337,1
149169,0,0,0.19276717,1
149170,0,0,0.015814932,1
149171,1,1,0.98394,1
149172,1,1,0.999997,1
149173,0,0,0.21667379,1
149174,1,0,0.22764099,0
149175,1,1,0.99998033,1
149176,1,1,1.0,1
149177,0,1,0.58829796,0
149178,1,1,0.81077874,1
149179,1,1,0.99998033,1
149180,1,1,1.0,1
149181,0,0,0.035611417,1
149182,0,0,0.070623666,1
149183,1,1,1.0,1
149184,0,0,0.2186694,1
149185,0,0,0.019142363,1
149186,1,1,0.9003547,1
149187,1,0,0.32386106,0
149188,1,1,0.9999999,1
149189,1,1,0.999995,1
149190,0,0,0.024330191,1
149191,0,0,0.19907434,1
149192,0,1,0.9657707,0
149193,0,0,0.054148693,1
149194,1,1,0.8996516,1
149195,1,0,0.20809844,0
149196,1,1,0.8878869,1
149197,0,0,0.040464837,1
149198,1,1,0.9977437,1
149199,0,1,0.9775644,0
149200,0,1,0.44173318,0
149201,1,1,0.99999535,1
149202,1,1,0.9291838,1
149203,0,1,0.44791308,0
149204,1,1,0.83761996,1
149205,1,1,0.9999999,1
149206,0,0,0.11992252,1
149207,1,1,0.9989936,1
149208,1,1,0.77304506,1
149209,0,1,0.99517965,0
149210,1,1,0.9977569,1
149211,0,0,0.12879884,1
149212,0,1,0.9999989,0
149213,1,1,0.99994934,1
149214,1,1,0.9999255,1
149215,1,1,1.0,1
149216,1,1,0.9999784,1
149217,0,0,0.015814932,1
149218,1,1,1.0,1
149219,0,0,0.08678673,1
149220,1,1,1.0,1
149221,1,0,0.27850202,0
149222,0,0,0.17967446,1
149223,1,0,0.11191885,0
149224,0,0,0.11402278,1
149225,0,1,0.8477158,0
149226,1,0,0.01836964,0
149227,0,0,0.15335886,1
149228,0,0,0.13302054,1
149229,0,1,0.5826692,0
149230,1,0,0.0068771075,0
149231,1,1,0.99999654,1
149232,1,1,0.9998822,1
149233,1,1,0.99496907,1
149234,1,1,1.0,1
149235,0,1,0.9070655,0
149236,1,1,0.99999523,1
149237,1,1,0.99996114,1
149238,1,1,0.9975561,1
149239,0,1,0.5012207,0
149240,0,0,0.21092878,1
149241,1,1,0.9999999,1
149242,1,1,0.9999931,1
149243,0,0,0.16112214,1
149244,1,1,1.0,1
149245,1,1,0.9999981,1
149246,1,0,0.17724052,0
149247,1,1,1.0,1
149248,1,1,0.7678639,1
149249,1,1,0.9999994,1
149250,0,0,0.11566073,1
149251,1,1,1.0,1
149252,0,0,0.0640069,1
149253,0,0,0.19261529,1
149254,1,0,0.34482944,0
149255,0,0,0.0060739345,1
149256,1,0,0.070495576,0
149257,1,1,1.0,1
149258,1,1,0.7856377,1
149259,1,1,0.9872773,1
149260,0,0,0.06489012,1
149261,1,1,0.999445,1
149262,1,1,0.9999349,1
149263,0,0,0.072177574,1
149264,1,0,0.21255875,0
149265,0,1,0.5836187,0
149266,1,0,0.11586064,0
149267,1,1,0.83815056,1
149268,1,1,0.99998105,1
149269,1,1,0.99978846,1
149270,0,1,0.9999585,0
149271,0,0,0.12315456,1
149272,1,0,0.058722552,0
149273,0,1,0.9867517,0
149274,1,1,0.99999666,1
149275,1,0,0.05728198,0
149276,1,1,0.9999995,1
149277,1,1,0.86916035,1
149278,1,1,0.9828562,1
149279,1,1,0.99876726,1
149280,1,1,0.9994777,1
149281,0,1,0.9729595,0
149282,1,1,0.99999475,1
149283,1,1,0.99968255,1
149284,0,1,0.57403666,0
149285,0,0,0.21958841,1
149286,0,1,0.39056298,0
149287,0,0,0.23722233,1
149288,0,1,0.992062,0
149289,1,1,0.9966691,1
149290,1,1,0.9999993,1
149291,0,1,0.9729081,0
149292,1,0,0.09679113,0
149293,0,0,0.28101084,1
149294,1,1,0.98398626,1
149295,0,0,0.29695997,1
149296,1,1,1.0,1
149297,0,1,0.966347,0
149298,0,0,0.014392336,1
149299,1,1,0.9999999,1
149300,1,1,1.0,1
149301,1,1,0.999962,1
149302,0,1,0.99361163,0
149303,1,1,0.9999999,1
149304,1,1,1.0,1
149305,1,1,0.6983809,1
149306,0,0,0.023916386,1
149307,1,1,0.99973255,1
149308,0,0,0.07626997,1
149309,0,0,0.10293422,1
149310,0,0,0.17802514,1
149311,1,1,1.0,1
149312,1,1,0.9974191,1
149313,0,0,0.012407696,1
149314,1,1,0.99999213,1
149315,0,0,0.23961616,1
149316,1,1,0.9784466,1
149317,0,0,0.24517536,1
149318,1,1,0.5784482,1
149319,1,1,0.99999976,1
149320,0,0,0.13534634,1
149321,0,1,0.9739189,0
149322,1,1,0.9865458,1
149323,0,1,1.0,0
149324,1,0,0.2012632,0
149325,0,1,0.9999999,0
149326,0,0,0.18907149,1
149327,0,0,0.043487497,1
149328,1,1,0.9999845,1
149329,1,1,0.98102194,1
149330,0,0,0.13500383,1
149331,1,0,0.0042069694,0
149332,1,0,0.08291986,0
149333,0,1,0.9948403,0
149334,0,0,0.09739039,1
149335,1,1,0.86815757,1
149336,0,1,1.0,0
149337,1,1,0.9999918,1
149338,1,1,0.99987113,1
149339,0,1,0.9653485,0
149340,1,1,0.6060322,1
149341,1,1,0.99962807,1
149342,1,0,0.03378023,0
149343,1,1,1.0,1
149344,0,1,0.99010193,0
149345,0,0,0.1265691,1
149346,0,1,0.9929472,0
149347,0,0,0.17314835,1
149348,1,1,1.0,1
149349,1,1,0.9998977,1
149350,0,1,1.0,0
149351,0,0,0.26312575,1
149352,1,1,0.9971661,1
149353,0,0,0.33529645,1
149354,1,1,0.99678373,1
149355,1,0,0.17043895,0
149356,1,0,0.256832,0
149357,0,1,0.9770007,0
149358,1,1,1.0,1
149359,1,1,1.0,1
149360,1,0,0.31027627,0
149361,1,0,0.005240449,0
149362,0,0,0.014475689,1
149363,1,0,0.16418117,0
149364,1,1,0.9988752,1
149365,1,1,0.9967269,1
149366,0,0,0.28886992,1
149367,0,0,0.06687324,1
149368,0,0,0.005395409,1
149369,1,1,0.95460516,1
149370,1,1,0.9999999,1
149371,0,1,0.91978675,0
149372,1,1,1.0,1
149373,0,1,0.88671505,0
149374,1,1,0.9992986,1
149375,1,1,0.9954704,1
149376,1,1,1.0,1
149377,1,1,0.9999347,1
149378,1,1,0.9650203,1
149379,0,0,0.22067817,1
149380,0,1,0.91715443,0
149381,1,1,0.9999981,1
149382,0,0,0.16871993,1
149383,1,1,0.9766024,1
149384,1,1,1.0,1
149385,1,0,0.18010665,0
149386,0,1,0.6171089,0
149387,1,1,0.9999999,1
149388,1,1,1.0,1
149389,1,1,0.9958093,1
149390,0,0,0.050658382,1
149391,1,1,0.81479084,1
149392,1,0,0.34210432,0
149393,1,1,1.0,1
149394,1,1,0.83467656,1
149395,0,0,0.068040416,1
149396,1,1,0.82018155,1
149397,1,1,0.99999964,1
149398,0,0,0.14639206,1
149399,0,0,0.24095315,1
149400,0,1,0.50567603,0
149401,1,1,0.8962514,1
149402,0,1,0.7472472,0
149403,1,1,0.9979691,1
149404,1,1,0.999972,1
149405,0,0,0.07382971,1
149406,1,1,0.9954615,1
149407,1,0,0.17709816,0
149408,0,1,0.9999565,0
149409,1,1,0.99047756,1
149410,0,0,0.07675298,1
149411,1,1,1.0,1
149412,0,0,0.23633994,1
149413,0,0,0.014227045,1
149414,0,0,0.0007495314,1
149415,1,1,0.5323036,1
149416,1,1,0.957715,1
149417,1,1,0.9931229,1
149418,0,1,0.99996984,0
149419,0,0,0.09097748,1
149420,1,0,0.3361676,0
149421,1,1,0.98707956,1
149422,1,1,1.0,1
149423,0,1,0.97009856,0
149424,0,1,0.8429925,0
149425,0,0,0.10347653,1
149426,0,0,0.07751766,1
149427,0,1,0.47670147,0
149428,0,0,0.056600258,1
149429,0,1,0.986904,0
149430,0,0,0.007831049,1
149431,1,1,0.7337381,1
149432,0,0,0.22253114,1
149433,1,1,0.99915075,1
149434,1,1,0.92716575,1
149435,0,0,0.06985836,1
149436,0,0,0.15297888,1
149437,0,1,0.9994735,0
149438,1,0,0.26616648,0
149439,0,1,0.6735676,0
149440,1,0,0.15297888,0
149441,0,1,0.54607254,0
149442,1,0,0.13660839,0
149443,0,1,0.49041867,0
149444,1,1,0.999987,1
149445,0,0,0.09001297,1
149446,0,0,0.30991066,1
149447,0,0,0.20769641,1
149448,1,1,0.99999356,1
149449,0,1,0.97678024,0
149450,1,1,0.5780909,1
149451,1,0,0.06307716,0
149452,1,0,0.074635044,0
149453,1,1,0.60305554,1
149454,1,1,0.99371004,1
149455,1,1,0.98792297,1
149456,0,0,0.051605962,1
149457,1,1,0.9999833,1
149458,1,1,0.9742639,1
149459,0,0,0.3094409,1
149460,1,1,1.0,1
149461,0,0,0.17161581,1
149462,1,1,0.99999785,1
149463,1,1,1.0,1
149464,1,1,0.9949397,1
149465,1,1,1.0,1
149466,1,1,0.999943,1
149467,0,1,0.7471089,0
149468,1,1,1.0,1
149469,0,1,0.64271283,0
149470,1,0,0.06319269,0
149471,0,1,0.7684726,0
149472,1,0,0.20721471,0
149473,1,1,0.9999745,1
149474,0,1,0.9829055,0
149475,0,1,0.379091,0
149476,0,1,0.8903896,0
149477,0,1,0.5681163,0
149478,0,0,0.11357959,1
149479,1,1,0.96405166,1
149480,1,0,0.0006628099,0
149481,0,1,1.0,0
149482,1,1,0.9999392,1
149483,0,0,0.018761085,1
149484,0,1,0.98959166,0
149485,1,1,0.45386693,1
149486,1,1,0.9981828,1
149487,1,1,0.9999999,1
149488,0,0,0.27125168,1
149489,1,1,1.0,1
149490,0,1,0.3880381,0
149491,1,1,1.0,1
149492,1,1,0.9946359,1
149493,1,1,1.0,1
149494,1,0,0.24373244,0
149495,0,0,0.3347525,1
149496,1,0,0.21419789,0
149497,1,1,0.9984841,1
149498,1,1,0.9951137,1
149499,1,0,0.025250848,0
149500,0,1,0.9948403,0
149501,0,0,0.042483207,1
149502,0,0,0.25256836,1
149503,1,0,0.083515875,0
149504,1,1,0.99999964,1
149505,0,1,0.9376119,0
149506,0,1,0.99998724,0
149507,0,1,0.38113317,0
149508,0,1,0.71348155,0
149509,1,1,0.99530905,1
149510,0,1,0.8740772,0
149511,0,0,0.010590936,1
149512,1,1,0.73278314,1
149513,0,1,0.5851011,0
149514,1,1,0.9996395,1
149515,1,1,1.0,1
149516,0,0,0.31289464,1
149517,0,0,0.013584393,1
149518,0,0,0.32130027,1
149519,1,1,0.9986356,1
149520,1,1,0.993346,1
149521,1,1,1.0,1
149522,0,0,0.049405243,1
149523,1,1,0.8844391,1
149524,0,1,0.38369906,0
149525,1,1,0.99797314,1
149526,1,1,0.9997017,1
149527,1,1,0.9999993,1
149528,1,1,0.86431044,1
149529,1,1,0.99992096,1
149530,1,0,0.21411571,0
149531,1,1,0.9999609,1
149532,1,1,0.9999993,1
149533,1,1,0.9899282,1
149534,1,1,0.8053262,1
149535,1,1,0.36596638,1
149536,1,1,0.99961853,1
149537,1,1,0.9896718,1
149538,0,0,0.13951358,1
149539,0,1,0.8372211,0
149540,0,1,0.6222872,0
149541,0,1,0.6966295,0
149542,0,0,0.07024005,1
149543,1,0,0.016403032,0
149544,0,1,0.67217034,0
149545,0,0,0.34493974,1
149546,0,1,0.52975,0
149547,0,1,0.37840167,0
149548,0,0,0.11576064,1
149549,0,0,0.15361264,1
149550,1,1,0.9999999,1
149551,0,1,0.6401298,0
149552,1,0,0.04954302,0
149553,0,0,0.108377546,1
149554,1,1,0.99998724,1
149555,1,0,0.31331474,0
149556,0,1,0.55096984,0
149557,0,0,0.3299852,1
149558,1,0,0.04564947,0
149559,0,0,0.15178062,1
149560,0,0,0.276007,1
149561,1,1,0.9999962,1
149562,1,1,0.9999999,1
149563,1,1,0.9999994,1
149564,1,0,0.17133832,0
149565,0,1,0.49407983,0
149566,1,0,0.10922978,0
149567,1,1,1.0,1
149568,0,0,0.2758119,1
149569,0,0,0.26473835,1
149570,1,1,0.6754971,1
149571,0,1,0.9999107,0
149572,1,1,0.9999995,1
149573,1,1,1.0,1
149574,1,1,0.9999989,1
149575,0,0,0.1965176,1
149576,0,1,0.99155444,0
149577,0,0,0.16844618,1
149578,1,1,0.988085,1
149579,1,1,0.9999999,1
149580,0,1,0.6398486,0
149581,1,1,1.0,1
149582,0,1,0.99165195,0
149583,1,1,0.9980354,1
149584,0,1,0.5479479,0
149585,1,0,0.32643247,0
149586,0,0,0.14253002,1
149587,0,0,0.008219693,1
149588,1,0,0.010550081,0
149589,1,0,0.10176784,0
149590,0,0,0.07626997,1
149591,1,1,1.0,1
149592,0,1,0.8162599,0
149593,0,0,0.062904246,1
149594,0,1,0.60830325,0
149595,0,1,0.7602504,0
149596,0,1,0.5769592,0
149597,1,1,0.9997198,1
149598,1,0,0.09560247,0
149599,1,0,0.02748069,0
149600,1,1,0.3687466,1
149601,1,1,0.99999976,1
149602,0,1,0.7019685,0
149603,0,0,0.3323646,1
149604,1,1,0.7839885,1
149605,1,1,1.0,1
149606,1,1,0.99540824,1
149607,1,1,0.96249723,1
149608,1,1,0.6392295,1
149609,0,1,0.81669897,0
149610,1,1,0.9999788,1
149611,1,1,0.9999714,1
149612,0,0,0.032867983,1
149613,0,0,0.08748585,1
149614,0,0,0.18967113,1
149615,1,1,1.0,1
149616,1,0,0.09260568,0
149617,1,0,0.08866235,0
149618,0,0,0.15316877,1
149619,1,1,0.45534995,1
149620,1,1,0.84195566,1
149621,0,0,0.10026027,1
149622,0,0,0.14426938,1
149623,1,0,0.22764099,0
149624,1,1,1.0,1
149625,0,0,0.11426965,1
149626,1,1,0.8248149,1
149627,1,1,1.0,1
149628,0,1,0.9940659,0
149629,1,1,1.0,1
149630,1,1,0.99999774,1
149631,1,1,0.99997234,1
149632,0,0,0.06255973,1
149633,0,0,0.02660711,1
149634,1,1,0.524212,1
149635,1,0,0.12945776,0
149636,1,0,0.008728267,0
149637,0,1,0.57684,0
149638,1,1,1.0,1
149639,0,1,1.0,0
149640,0,0,0.07626997,1
149641,0,1,0.99990606,0
149642,1,1,1.0,1
149643,1,0,0.327507,0
149644,0,1,0.540742,0
149645,0,1,0.57731664,0
149646,1,1,0.9999999,1
149647,1,1,0.87439936,1
149648,1,0,0.13184245,0
149649,1,0,0.13799648,0
149650,1,1,0.999905,1
149651,1,0,0.18454698,0
149652,0,0,0.21518578,1
149653,1,0,0.0269635,0
149654,0,0,0.15746048,1
149655,0,0,0.1336412,1
149656,1,1,0.98096734,1
149657,0,0,0.19238758,1
149658,1,1,1.0,1
149659,0,0,0.09293445,1
149660,1,1,0.9999491,1
149661,1,0,0.13432106,0
149662,1,0,0.18624303,0
149663,0,0,0.2180027,1
149664,0,0,0.1619157,1
149665,0,1,0.69569993,0
149666,1,0,0.34411275,0
149667,0,1,0.9999999,0
149668,1,1,0.97396845,1
149669,1,1,0.9999263,1
149670,0,1,0.5671577,0
149671,1,1,0.9999906,1
149672,1,0,0.31589425,0
149673,1,0,0.28452632,0
149674,1,1,0.88563144,1
149675,1,1,0.99999905,1
149676,1,1,0.7055315,1
149677,1,1,0.9999988,1
149678,1,1,0.9975799,1
149679,1,1,0.9999342,1
149680,1,0,0.0248928,0
149681,0,0,0.060086653,1
149682,1,1,0.99960417,1
149683,0,1,0.97316426,0
149684,1,0,0.13341522,0
149685,1,1,0.42253438,1
149686,0,0,0.013636835,1
149687,0,1,0.5428027,0
149688,1,0,0.23039988,0
149689,1,1,0.99997103,1
149690,0,1,0.8785229,0
149691,0,1,0.9976814,0
149692,1,1,0.40107188,1
149693,1,1,0.79198205,1
149694,0,0,0.2934551,1
149695,1,1,0.70543,1
149696,1,1,0.99999905,1
149697,1,1,1.0,1
149698,0,0,0.04501553,1
149699,1,1,0.9999149,1
149700,1,0,0.19322349,0
149701,0,1,0.9999968,0
149702,1,1,0.9904221,1
149703,0,1,0.9962126,0
149704,1,1,0.77081,1
149705,1,0,0.117774926,0
149706,1,0,0.081959546,0
149707,1,1,1.0,1
149708,1,1,0.6452876,1
149709,0,0,0.11240509,1
149710,1,1,1.0,1
149711,0,1,0.9999857,0
149712,1,1,0.98638946,1
149713,0,0,0.1765296,1
149714,1,1,0.9999938,1
149715,0,1,0.9868281,0
149716,1,1,0.97682446,1
149717,1,1,0.9990746,1
149718,0,1,0.5720655,0
149719,0,0,0.034553625,1
149720,0,1,0.3930064,0
149721,0,0,0.18388654,1
149722,1,1,0.99999964,1
149723,0,1,0.99999774,0
149724,0,0,0.07524433,1
149725,0,0,0.09484525,1
149726,0,1,0.99997497,0
149727,1,1,0.9894091,1
149728,1,0,0.1346052,0
149729,1,1,0.99999976,1
149730,1,1,1.0,1
149731,1,0,0.12797923,0
149732,0,0,0.12085323,1
149733,0,0,0.19095021,1
149734,1,1,0.99999964,1
149735,1,1,0.9997527,1
149736,0,0,0.058078144,1
149737,1,0,0.26222733,0
149738,1,1,0.9747971,1
149739,1,1,0.99999964,1
149740,1,0,0.28497383,0
149741,0,0,0.055208687,1
149742,1,1,1.0,1
149743,1,0,0.09577148,0
149744,1,1,0.9966036,1
149745,1,1,0.55682135,1
149746,0,1,0.99999356,0
149747,1,1,0.9999974,1
149748,0,1,0.53212124,0
149749,0,0,0.08218025,1
149750,0,0,0.028652672,1
149751,1,0,0.036459446,0
149752,0,0,0.06233104,1
149753,0,0,0.0076807467,1
149754,1,1,0.999998,1
149755,0,0,0.14977995,1
149756,0,1,0.9999888,0
149757,1,0,0.07971035,0
149758,1,1,0.8348113,1
149759,1,1,0.99999833,1
149760,1,1,1.0,1
149761,0,1,0.9959378,0
149762,0,0,0.024727408,1
149763,0,1,0.9992834,0
149764,1,1,0.9999999,1
149765,0,1,0.96432143,0
149766,1,1,1.0,1
149767,0,0,0.15700755,1
149768,1,1,0.9988883,1
149769,0,0,0.25879404,1
149770,0,1,0.9974291,0
149771,0,0,0.023984872,1
149772,1,1,0.47822425,1
149773,1,1,0.99997795,1
149774,1,1,0.99999905,1
149775,0,0,0.020023443,1
149776,0,1,0.43860483,0
149777,0,0,0.2574849,1
149778,1,1,0.8844391,1
149779,1,1,0.99973315,1
149780,0,1,0.9092645,0
149781,1,0,0.0064256205,0
149782,0,1,0.37479073,0
149783,0,0,0.21717146,1
149784,1,1,0.9999814,1
149785,1,0,0.13811268,0
149786,1,1,0.97555363,1
149787,1,1,0.99999833,1
149788,0,1,0.9975177,0
149789,1,1,0.99864095,1
149790,1,1,1.0,1
149791,1,1,0.9999963,1
149792,1,1,1.0,1
149793,1,1,0.8414352,1
149794,0,0,0.31111282,1
149795,0,1,0.35147798,0
149796,0,0,0.01919745,1
149797,0,0,0.091058284,1
149798,1,0,0.2186694,0
149799,0,1,0.6597889,0
149800,1,1,0.9999975,1
149801,1,1,0.9718593,1
149802,0,1,0.8728902,0
149803,0,0,0.02344229,1
149804,0,0,0.23890513,1
149805,1,1,0.99724776,1
149806,1,1,0.96580297,1
149807,0,1,0.47253132,0
149808,1,1,1.0,1
149809,1,1,0.98387814,1
149810,0,1,0.9999995,0
149811,0,0,0.00082474656,1
149812,1,1,0.88710684,1
149813,1,0,0.3136825,0
149814,0,1,0.8656789,0
149815,1,1,0.99879336,1
149816,0,0,0.08225394,1
149817,1,1,0.9999999,1
149818,0,1,0.99972135,0
149819,0,0,0.0689125,1
149820,1,1,1.0,1
149821,1,1,0.6442811,1
149822,0,1,0.9998523,0
149823,1,1,0.9999994,1
149824,1,1,0.9646226,1
149825,1,0,0.034456022,0
149826,0,0,0.1186912,1
149827,0,1,0.96900314,0
149828,1,1,1.0,1
149829,1,0,0.06052939,0
149830,0,1,0.50903225,0
149831,1,1,0.9998952,1
149832,0,1,0.8003801,0
149833,1,1,1.0,1
149834,0,0,0.05218253,1
149835,1,1,1.0,1
149836,1,1,0.9996587,1
149837,1,1,0.43608162,1
149838,0,0,0.022137716,1
149839,0,1,0.99997675,0
149840,1,1,0.9442283,1
149841,1,0,0.06711741,0
149842,1,1,0.8213309,1
149843,1,1,1.0,1
149844,1,1,0.7927853,1
149845,0,1,0.99879575,0
149846,1,0,0.13933781,0
149847,0,0,0.076132484,1
149848,1,0,0.3471497,0
149849,1,1,0.9997603,1
149850,0,0,0.17518502,1
149851,1,1,0.5384372,1
149852,1,0,0.035914496,0
149853,0,1,0.5887118,0
149854,1,1,0.99998116,1
149855,1,1,1.0,1
149856,1,1,1.0,1
149857,1,1,1.0,1
149858,1,0,0.31247488,0
149859,0,0,0.045819946,1
149860,1,1,0.9902351,1
149861,1,0,0.067546695,0
149862,0,0,0.22431023,1
149863,0,0,0.08359068,1
149864,0,1,0.9054896,0
149865,1,1,0.9999993,1
149866,1,0,0.20866227,0
149867,1,1,1.0,1
149868,0,0,0.20110625,1
149869,1,1,0.9946878,1
149870,0,0,0.15649123,1
149871,1,0,0.050051305,0
149872,0,0,0.00041165142,1
149873,1,1,0.581719,1
149874,1,1,0.99987066,1
149875,0,0,0.18352044,1
149876,1,0,0.055566337,0
149877,1,1,0.8110782,1
149878,0,0,0.22354652,1
149879,0,0,0.2271263,1
149880,0,1,0.74279505,0
149881,1,1,1.0,1
149882,0,1,0.9996983,0
149883,0,0,0.027585285,1
149884,1,1,1.0,1
149885,0,0,0.32552055,1
149886,1,1,0.44507724,1
149887,0,0,0.07723879,1
149888,1,1,1.0,1
149889,0,0,0.12002561,1
149890,1,0,0.015754245,0
149891,1,1,1.0,1
149892,1,1,0.9999995,1
149893,1,1,1.0,1
149894,1,1,0.9999999,1
149895,1,1,0.9999337,1
149896,0,0,0.05345272,1
149897,1,1,0.9997358,1
149898,0,0,0.20386599,1
149899,0,0,0.044472914,1
149900,1,1,0.99926347,1
149901,1,1,1.0,1
149902,1,1,0.9984084,1
149903,0,1,0.9231778,0
149904,1,1,0.9977349,1
149905,0,0,0.04169577,1
149906,0,0,0.10650459,1
149907,1,0,0.2232077,0
149908,0,0,0.024122424,1
149909,0,1,0.99999285,0
149910,0,1,0.9508236,0
149911,0,1,0.9700703,0
149912,1,1,0.9999969,1
149913,0,0,0.014785409,1
149914,0,0,0.3033189,1
149915,1,0,0.22996724,0
149916,1,1,0.98199654,1
149917,1,1,0.99532723,1
149918,1,0,0.27786472,0
149919,0,0,0.14829372,1
149920,0,1,0.9998499,0
149921,1,1,0.5558572,1
149922,0,0,0.28214672,1
149923,0,1,0.51043546,0
149924,0,0,0.15993772,1
149925,1,1,0.99980205,1
149926,1,1,1.0,1
149927,0,1,0.7014575,0
149928,0,0,0.26340985,1
149929,0,0,0.19590156,1
149930,1,1,0.99994004,1
149931,0,1,0.8513358,0
149932,0,0,0.090494074,1
149933,1,0,0.11426965,0
149934,0,0,0.03775027,1
149935,0,1,0.6953898,0
149936,1,1,0.9874721,1
149937,1,1,0.9999999,1
149938,1,1,0.9952448,1
149939,0,0,0.08284563,1
149940,0,0,0.05033063,1
149941,0,1,0.80131465,0
149942,0,0,0.083441176,1
149943,1,1,0.69259,1
149944,0,1,0.36426857,0
149945,0,1,0.9974788,0
149946,0,1,0.9491535,0
149947,0,0,0.08100938,1
149948,1,1,1.0,1
149949,1,1,1.0,1
149950,0,1,0.9982658,0
149951,0,0,0.046855625,1
149952,0,1,0.998784,0
149953,0,0,0.029090757,1
149954,1,1,0.98394,1
149955,0,1,0.84376645,0
149956,0,1,0.999864,0
149957,1,1,0.96688277,1
149958,1,1,0.9999944,1
149959,0,1,0.3900692,0
149960,0,0,0.090896755,1
149961,1,0,0.34886694,0
149962,1,1,1.0,1
149963,0,1,0.9999938,0
149964,0,0,0.012845958,1
149965,1,1,1.0,1
149966,0,1,0.4756053,0
149967,0,0,0.04954302,1
149968,1,0,0.03465149,0
149969,1,1,1.0,1
149970,0,1,0.47280517,0
149971,1,1,1.0,1
149972,1,0,0.041384716,0
149973,1,1,1.0,1
149974,1,1,0.99999547,1
149975,0,1,0.98986953,0
149976,0,1,0.8453051,0
149977,0,1,0.9999999,0
149978,1,1,0.57684,1
149979,1,1,0.9819619,1
149980,0,1,0.9991066,0
149981,1,1,0.9999187,1
149982,1,1,0.9999999,1
149983,1,1,0.9999869,1
149984,1,1,0.9999999,1
149985,1,1,0.9994568,1
149986,0,0,0.09113915,1
149987,1,1,1.0,1
149988,0,0,0.031232351,1
149989,1,1,1.0,1
149990,0,0,0.010590936,1
149991,1,1,0.9999778,1
149992,1,0,0.04845096,0
149993,0,1,0.9886464,0
149994,0,0,0.044348583,1
149995,1,0,0.24544656,0
149996,0,0,0.123577,1
149997,0,0,0.034358688,1
149998,1,1,0.99999845,1
149999,0,0,0.30136207,1
150000,1,1,0.8329173,1
150001,0,1,0.70997524,0
150002,0,1,0.99961925,0
150003,1,1,0.9190633,1
150004,0,1,0.9879462,0
150005,0,0,0.3070982,1
150006,1,0,0.08079154,0
150007,1,1,0.99999976,1
150008,0,0,0.09309923,1
150009,1,1,0.7514658,1
150010,0,0,0.116814375,1
150011,0,1,0.9395816,0
150012,0,1,1.0,0
150013,0,0,0.24472384,1
150014,1,1,0.9999976,1
150015,1,1,0.7620701,1
150016,1,1,0.9993475,1
150017,0,0,0.12538631,1
150018,0,0,0.12252321,1
150019,0,0,0.010110846,1
150020,1,1,0.99998593,1
150021,1,1,0.99869555,1
150022,0,1,0.9309621,0
150023,1,0,0.007591943,0
150024,0,1,0.9998827,0
150025,0,1,0.909907,0
150026,0,1,0.62056416,0
150027,0,0,0.3180084,1
150028,1,1,0.9999988,1
150029,0,1,0.97925514,0
150030,0,0,0.0946777,1
150031,0,0,0.04977345,1
150032,0,0,0.2305731,1
150033,0,1,0.94407386,0
150034,1,1,0.8329173,1
150035,0,0,0.01533582,1
150036,0,1,0.45534995,0
150037,0,1,0.3727335,0
150038,0,1,0.91985875,0
150039,1,1,0.83575183,1
150040,1,1,0.79182106,1
150041,0,1,0.70977414,0
150042,1,1,0.99996376,1
150043,0,1,0.77848095,0
150044,0,1,0.9998666,0
150045,0,1,0.9920157,0
150046,1,1,0.9994956,1
150047,1,1,0.9999989,1
150048,1,1,0.99984586,1
150049,1,0,0.1732882,0
150050,0,0,0.06717857,1
150051,1,1,0.99998593,1
150052,1,1,0.6386663,1
150053,1,0,0.0876419,0
150054,1,1,0.52208036,1
150055,1,1,0.99993026,1
150056,0,0,0.34986582,1
150057,0,0,0.0031115084,1
150058,1,1,0.99973255,1
150059,1,1,0.51092356,1
150060,1,1,0.9999926,1
150061,0,1,0.9969663,0
150062,1,0,0.14063105,0
150063,0,1,0.9409528,0
150064,0,0,0.3089195,1
150065,1,1,0.9901592,1
150066,0,1,0.4664506,0
150067,1,1,0.7356891,1
150068,0,0,0.2359876,1
150069,0,1,0.4517195,0
150070,1,1,1.0,1
150071,0,1,0.9953454,0
150072,0,0,0.029647512,1
150073,0,0,0.17016298,1
150074,1,0,0.040162582,0
150075,1,0,0.2052962,0
150076,0,0,0.09293445,1
150077,1,0,0.046205748,0
150078,1,1,0.9962782,1
150079,1,1,0.9999114,1
150080,1,1,0.99999774,1
150081,1,0,0.027376488,0
150082,0,1,0.99876,0
150083,1,1,1.0,1
150084,1,0,0.048271183,0
150085,1,1,0.9999707,1
150086,1,1,0.9470882,1
150087,1,1,0.9947901,1
150088,1,1,0.9999958,1
150089,1,1,1.0,1
150090,0,1,0.95589906,0
150091,1,1,0.6101051,1
150092,0,0,0.3181143,1
150093,1,1,0.9998505,1
150094,0,0,0.045862667,1
150095,1,1,1.0,1
150096,1,1,0.9998184,1
150097,0,1,0.4367722,0
150098,0,0,0.30855474,1
150099,0,1,0.56403846,0
150100,1,1,0.99996936,1
150101,0,1,0.89190525,0
150102,0,0,0.05608106,1
150103,1,1,0.9999764,1
150104,0,1,0.98337495,0
150105,1,0,0.071786165,0
150106,0,0,0.08359068,1
150107,1,1,0.9274291,1
150108,1,1,0.7663811,1
150109,0,0,0.124532074,1
150110,0,0,0.11556087,1
150111,0,1,0.4497249,0
150112,0,1,0.75716645,0
150113,0,1,0.6316511,0
150114,1,1,0.96641046,1
150115,0,1,0.9907678,0
150116,1,1,0.5301149,1
150117,0,0,0.08441725,1
150118,0,1,0.945349,0
150119,1,1,0.99999976,1
150120,0,1,0.9603984,0
150121,1,1,0.7236513,1
150122,0,0,0.023802664,1
150123,0,0,0.029760094,1
150124,0,0,0.05075239,1
150125,1,1,0.99999976,1
150126,0,1,0.75913614,0
150127,0,0,0.18780208,1
150128,1,1,0.98582757,1
150129,1,1,0.9976949,1
150130,1,1,0.9566342,1
150131,1,1,0.9499951,1
150132,1,1,1.0,1
150133,1,1,0.39294818,1
150134,1,1,0.94825053,1
150135,1,0,0.26170808,0
150136,1,1,0.98977125,1
150137,1,1,1.0,1
150138,0,1,0.8267118,0
150139,1,0,0.11976799,0
150140,0,0,0.17724052,1
150141,0,1,0.8500957,0
150142,1,1,0.9979966,1
150143,1,1,0.9999999,1
150144,0,1,0.9564718,0
150145,1,1,0.7719295,1
150146,0,0,0.03919513,1
150147,0,1,0.95888567,0
150148,0,1,0.618838,0
150149,1,0,0.05728198,0
150150,0,0,0.039305612,1
150151,0,0,0.05340333,1
150152,0,1,0.6620867,0
150153,0,1,0.79716235,0
150154,1,1,1.0,1
150155,0,1,0.6806133,0
150156,0,0,0.041539967,1
150157,1,1,0.9999999,1
150158,1,1,0.99993765,1
150159,0,1,0.9999372,0
150160,1,1,0.52116656,1
150161,0,0,0.039416388,1
150162,0,1,0.4505407,0
150163,1,1,0.9999999,1
150164,1,1,0.8655653,1
150165,1,1,0.9999869,1
150166,1,1,0.56481874,1
150167,1,0,0.24139994,0
150168,0,0,0.073098525,1
150169,1,1,0.9999989,1
150170,0,1,0.87546796,0
150171,0,0,0.07544843,1
150172,0,1,0.70977414,0
150173,1,1,0.99997056,1
150174,0,1,0.9999727,0
150175,0,1,0.999985,0
150176,1,1,0.9999962,1
150177,1,0,0.15902139,0
150178,1,1,0.9999856,1
150179,0,1,0.9998293,0
150180,0,1,0.65781325,0
150181,0,1,0.98672616,0
150182,0,1,0.5586882,0
150183,0,1,0.46681517,0
150184,0,1,0.9976311,0
150185,0,0,0.078148484,1
150186,0,1,0.95443547,0
150187,1,0,0.12592277,0
150188,1,1,0.58634526,1
150189,1,0,0.019382192,0
150190,1,1,0.4370124,1
150191,1,1,0.9747011,1
150192,1,1,0.99494946,1
150193,0,0,0.2666436,1
150194,0,0,0.11961366,1
150195,1,1,0.9989956,1
150196,0,1,0.9000915,0
150197,0,0,0.04324442,1
150198,1,1,1.0,1
150199,0,1,0.9997775,0
150200,1,1,0.99979895,1
150201,0,1,0.99499834,0
150202,0,0,0.05970174,1
150203,0,1,0.40586078,0
150204,0,0,0.04858621,1
150205,1,0,0.042285025,0
150206,1,0,0.33453506,0
150207,1,1,0.83682144,1
150208,0,0,0.03715183,1
150209,1,1,1.0,1
150210,1,1,0.8749346,1
150211,1,1,0.8067004,1
150212,0,0,0.09816574,1
150213,0,0,0.18359362,1
150214,1,0,0.0007509957,0
150215,0,1,0.4245909,0
150216,0,1,0.9655439,0
150217,0,0,0.24880788,1
150218,1,0,0.018055335,0
150219,0,0,0.024586499,1
150220,0,1,0.52713394,0
150221,1,1,0.9998969,1
150222,1,1,0.9948102,1
150223,0,0,0.18832397,1
150224,1,0,0.0013096057,0
150225,1,1,0.99992967,1
150226,1,1,0.74516666,1
150227,0,1,0.99800056,0
150228,1,0,0.08449276,0
150229,0,1,0.99997497,0
150230,1,1,0.9999949,1
150231,0,1,0.9947084,0
150232,1,0,0.11696559,0
150233,1,1,0.99999094,1
150234,0,1,0.8645393,0
150235,0,0,0.0042151595,1
150236,1,1,0.9927812,1
150237,0,1,0.49353063,0
150238,1,1,0.9539232,1
150239,1,1,0.6414785,1
150240,1,1,0.99999774,1
150241,0,1,0.99997747,0
150242,1,1,0.9999999,1
150243,1,1,0.37544882,1
150244,0,0,0.23678085,1
150245,0,1,0.9889705,0
150246,1,1,0.99999774,1
150247,1,1,0.9999999,1
150248,1,1,0.99999905,1
150249,0,0,0.13649327,1
150250,0,0,0.1112895,1
150251,1,1,1.0,1
150252,1,1,0.89478946,1
150253,0,1,0.99759394,0
150254,0,0,0.16311188,1
150255,0,1,0.72845864,0
150256,0,0,0.29568732,1
150257,0,0,0.06841291,1
150258,1,1,0.75851065,1
150259,0,1,0.9999832,0
150260,1,1,0.9973425,1
150261,1,1,0.99999917,1
150262,0,1,0.8813088,0
150263,1,1,0.80286485,1
150264,0,1,0.9994418,0
150265,1,1,1.0,1
150266,0,0,0.29113197,1
150267,1,1,0.8362874,1
150268,0,1,0.9999999,0
150269,1,1,0.9999962,1
150270,1,1,1.0,1
150271,1,1,0.726959,1
150272,1,0,0.33513322,0
150273,0,0,0.07871317,1
150274,1,1,0.46508378,1
150275,1,1,1.0,1
150276,0,0,0.09492911,1
150277,0,0,0.09244169,1
150278,0,0,0.054802597,1
150279,1,1,1.0,1
150280,1,0,0.0343263,0
150281,1,0,0.1462091,0
150282,0,0,0.23642808,1
150283,0,0,0.2243952,1
150284,0,1,0.91157407,0
150285,0,1,0.9999987,0
150286,0,0,0.18440005,1
150287,1,1,1.0,1
150288,1,1,1.0,1
150289,1,1,0.9142142,1
150290,1,1,0.99999857,1
150291,1,0,0.0640069,0
150292,0,1,0.9952632,0
150293,0,1,0.9912378,0
150294,1,1,0.9777776,1
150295,1,1,0.99999857,1
150296,1,1,0.9999988,1
150297,1,1,0.9999901,1
150298,1,1,0.98761624,1
150299,1,1,0.9971661,1
150300,1,1,0.97889495,1
150301,1,1,0.99989843,1
150302,1,0,0.01524759,0
150303,1,1,0.96975684,1
150304,1,1,1.0,1
150305,1,1,0.9907678,1
150306,1,1,0.9998198,1
150307,0,1,0.98050606,0
150308,0,0,0.05754622,1
150309,0,1,0.38821205,0
150310,0,0,0.26359937,1
150311,1,1,0.99992037,1
150312,1,1,0.9971495,1
150313,1,1,1.0,1
150314,0,1,0.99977833,0
150315,1,1,1.0,1
150316,1,1,0.9997695,1
150317,0,1,0.59302014,0
150318,1,0,0.280173,0
150319,1,1,0.99765414,1
150320,0,1,0.74991226,0
150321,1,1,0.97840524,1
150322,0,0,0.23607564,1
150323,1,1,0.7309625,1
150324,1,1,0.93611,1
150325,0,1,0.7650233,0
150326,1,1,0.8543993,1
150327,0,1,0.704211,0
150328,1,1,0.98947024,1
150329,1,1,0.97925514,1
150330,0,0,0.0052099936,1
150331,0,0,0.0069038384,1
150332,1,1,0.9966365,1
150333,1,0,0.33535084,0
150334,0,0,0.15190639,1
150335,1,1,0.97887486,1
150336,1,0,0.07544843,0
150337,0,1,0.89947516,0
150338,1,1,0.4409206,1
150339,0,0,0.21559837,1
150340,1,1,0.7992857,1
150341,1,1,0.9999914,1
150342,0,0,0.037963696,1
150343,1,1,0.7777222,1
150344,0,1,0.7409249,0
150345,1,1,1.0,1
150346,1,1,0.99425864,1
150347,1,1,1.0,1
150348,0,0,0.31247488,1
150349,1,1,1.0,1
150350,1,1,0.98588216,1
150351,1,1,0.99915576,1
150352,1,0,0.04773565,0
150353,1,1,0.61929864,1
150354,0,0,0.0014636011,1
150355,1,1,0.9989225,1
150356,0,1,0.44074005,0
150357,1,1,0.8177201,1
150358,1,0,0.011288075,0
150359,1,0,0.34620965,0
150360,1,1,0.99956185,1
150361,1,1,1.0,1
150362,1,1,0.99999976,1
150363,1,1,0.9613528,1
150364,1,1,0.99996626,1
150365,0,1,0.76489156,0
150366,0,0,0.05781161,1
150367,1,1,0.9998634,1
150368,1,1,0.9999721,1
150369,0,1,0.37227693,0
150370,0,0,0.09426001,1
150371,0,1,0.999966,0
150372,0,0,0.054954547,1
150373,1,1,0.6788062,1
150374,0,0,0.17462131,1
150375,0,0,0.14336753,1
150376,1,1,0.99999905,1
150377,0,1,0.9982003,0
150378,0,0,0.052327625,1
150379,0,0,0.005730246,1
150380,0,1,0.4208971,0
150381,1,1,0.9907856,1
150382,1,1,0.88373864,1
150383,0,1,1.0,0
150384,1,1,0.99890983,1
150385,1,1,0.9999999,1
150386,1,1,0.98892784,1
150387,1,1,0.97891515,1
150388,1,1,0.3806151,1
150389,0,0,0.29380956,1
150390,0,1,0.999972,0
150391,0,1,0.44927183,0
150392,1,1,1.0,1
150393,0,1,0.99894744,0
150394,1,1,0.4254262,1
150395,1,1,0.8177201,1
150396,0,1,0.9972154,0
150397,1,1,0.9983223,1
150398,1,1,1.0,1
150399,1,1,1.0,1
150400,1,1,0.99999344,1
150401,1,1,0.96580297,1
150402,0,1,1.0,0
150403,0,0,0.049085185,1
150404,1,0,0.049222115,0
150405,1,1,1.0,1
150406,0,0,0.048721813,1
150407,0,0,0.058507007,1
150408,1,1,0.99504673,1
150409,0,0,0.13951358,1
150410,0,1,0.99952435,0
150411,1,0,0.18293586,0
150412,0,1,0.7777222,0
150413,0,0,0.04858621,1
150414,1,1,0.9999908,1
150415,0,1,0.6877873,0
150416,0,1,0.9328826,0
150417,0,1,0.41226393,0
150418,0,1,0.35460067,0
150419,1,1,0.99999666,1
150420,0,1,0.47514868,0
150421,1,1,1.0,1
150422,1,0,0.044597577,0
150423,0,1,0.9988708,0
150424,1,0,0.09653531,0
150425,1,0,0.13426429,0
150426,1,1,0.99999976,1
150427,0,1,0.43401143,0
150428,1,1,0.9999713,1
150429,1,1,0.99995947,1
150430,1,1,0.41051996,1
150431,0,0,0.089136936,1
150432,0,1,0.99899954,0
150433,1,1,0.9997347,1
150434,1,1,0.9925249,1
150435,0,0,0.035111748,1
150436,1,1,0.4087487,1
150437,0,1,0.99504673,0
150438,0,1,0.55802596,0
150439,1,1,1.0,1
150440,0,1,0.8688268,0
150441,0,0,0.31827322,1
150442,1,1,0.99999964,1
150443,1,1,0.69123685,1
150444,0,1,0.9864938,0
150445,0,1,0.99666256,0
150446,1,1,0.99963665,1
150447,1,1,0.90252376,1
150448,1,1,0.43590152,1
150449,0,1,0.99991417,0
150450,1,1,0.9999988,1
150451,1,1,0.69817513,1
150452,1,1,0.99999976,1
150453,0,1,0.99967945,0
150454,1,1,1.0,1
150455,0,0,0.19027226,1
150456,1,1,0.996503,1
150457,1,1,0.99999976,1
150458,1,1,1.0,1
150459,0,1,0.99961627,0
150460,0,0,0.05997644,1
150461,1,1,1.0,1
150462,1,1,0.9999956,1
150463,1,1,0.62749475,1
150464,0,0,0.030559864,1
150465,0,1,0.68810177,0
150466,1,1,0.99373454,1
150467,1,1,1.0,1
150468,0,0,0.18899663,1
150469,1,1,0.99999964,1
150470,1,1,0.9987056,1
150471,1,1,0.99998677,1
150472,0,0,0.20386599,1
150473,1,1,1.0,1
150474,1,1,0.99541724,1
150475,0,1,0.86613256,0
150476,0,1,0.81501174,0
150477,1,0,0.0029521477,0
150478,0,0,0.089375086,1
150479,1,0,0.24698713,0
150480,1,1,1.0,1
150481,0,0,0.104660206,1
150482,1,1,0.87546796,1
150483,0,0,0.01964376,1
150484,1,1,0.99808455,1
150485,0,0,0.017309094,1
150486,1,1,0.99999,1
150487,0,0,0.011846234,1
150488,1,1,0.49163896,1
150489,0,0,0.33323193,1
150490,1,1,0.92821383,1
150491,0,1,0.9983125,0
150492,0,0,0.052279223,1
150493,0,1,0.9805248,0
150494,1,1,1.0,1
150495,0,1,0.84389514,0
150496,1,1,1.0,1
150497,0,0,0.21535073,1
150498,1,1,0.92663634,1
150499,1,0,0.2625581,0
150500,1,1,0.96929514,1
150501,1,1,0.8782099,1
150502,1,1,1.0,1
150503,1,1,0.9999999,1
150504,0,1,0.99999964,0
150505,0,0,0.10338597,1
150506,1,1,0.9584212,1
150507,0,0,0.12912793,1
150508,1,1,1.0,1
150509,1,1,0.99527246,1
150510,1,0,0.34643072,0
150511,1,1,0.99688244,1
150512,0,0,0.04505753,1
150513,0,0,0.033431362,1
150514,1,1,0.99999857,1
150515,0,0,0.252845,1
150516,1,1,0.9975321,1
150517,1,0,0.015723988,0
150518,0,0,0.28135625,1
150519,0,1,0.9989329,0
150520,0,0,0.060418423,1
150521,1,1,0.9985392,1
150522,0,1,0.4860266,0
150523,0,1,0.3877483,0
150524,1,1,0.46876022,1
150525,0,0,0.08441725,1
150526,1,1,0.9999883,1
150527,0,0,0.27958256,1
150528,1,1,0.99957854,1
150529,1,1,1.0,1
150530,0,0,0.14829372,1
150531,0,0,0.0095224865,1
150532,0,0,0.32912216,1
150533,0,1,0.6885208,0
150534,1,1,0.9996947,1
150535,1,0,0.08108211,0
150536,0,1,0.97840524,0
150537,0,0,0.029008126,1
150538,0,1,0.55036575,0
150539,0,0,0.023802664,1
150540,0,0,0.009783876,1
150541,1,1,0.9984145,1
150542,0,1,0.40591964,0
150543,0,0,0.105948284,1
150544,0,1,0.828523,0
150545,1,0,0.1112895,0
150546,0,1,0.6942508,0
150547,1,1,0.9992519,1
150548,0,0,0.029118354,1
150549,0,1,0.89340246,0
150550,0,0,0.10017222,1
150551,0,1,0.99806195,0
150552,1,1,0.9999713,1
150553,1,1,0.9999999,1
150554,0,0,0.06669065,1
150555,1,1,0.99985456,1
150556,0,0,0.12106091,1
150557,1,1,0.5708697,1
150558,0,0,0.11636177,1
150559,1,1,0.8957965,1
150560,1,0,0.026759284,0
150561,0,0,0.026430635,1
150562,0,0,0.20850107,1
150563,1,1,0.530723,1
150564,1,1,0.9999975,1
150565,1,1,0.9994937,1
150566,1,0,0.12989861,0
150567,0,0,0.11114469,1
150568,0,1,0.80837,0
150569,1,1,1.0,1
150570,0,1,0.9955403,0
150571,0,1,1.0,0
150572,1,1,0.9999883,1
150573,1,1,0.43431133,1
150574,1,1,0.9999982,1
150575,1,1,0.9999949,1
150576,1,0,0.08381536,0
150577,1,0,0.01977584,0
150578,1,1,0.9999999,1
150579,1,1,0.96249723,1
150580,1,1,0.69435453,1
150581,0,1,0.72081065,0
150582,0,0,0.23039988,1
150583,0,0,0.31341976,1
150584,1,1,0.9999813,1
150585,1,1,0.9912378,1
150586,0,1,1.0,0
150587,0,0,0.091058284,1
150588,0,0,0.020645931,1
150589,0,1,0.99743915,0
150590,1,1,0.99993956,1
150591,0,1,0.98173577,0
150592,1,1,1.0,1
150593,0,0,0.016466172,1
150594,0,1,0.6266384,0
150595,0,0,0.042206,1
150596,0,1,0.37107965,0
150597,1,1,0.70987463,1
150598,0,0,0.090092994,1
150599,1,1,0.99999654,1
150600,1,1,0.9996506,1
150601,1,1,0.99968123,1
150602,1,0,0.18148069,0
150603,0,0,0.014756982,1
150604,0,0,0.03551094,1
150605,0,1,0.4711624,0
150606,0,0,0.06267437,1
150607,0,0,0.13980691,1
150608,1,1,0.99060565,1
150609,1,1,1.0,1
150610,1,1,0.997537,1
150611,0,1,0.9999981,0
150612,0,0,0.0894546,1
150613,0,0,0.03825006,1
150614,0,0,0.06394842,1
150615,0,0,0.045268096,1
150616,1,1,0.99950445,1
150617,0,0,0.055720285,1
150618,0,1,0.99631435,0
150619,0,0,0.21925393,1
150620,1,1,1.0,1
150621,1,1,1.0,1
150622,1,1,0.99999344,1
150623,1,1,0.7892337,1
150624,0,0,0.102484226,1
150625,1,1,0.99982053,1
150626,1,1,0.9978636,1
150627,1,1,0.9999957,1
150628,1,0,0.28591993,0
150629,1,1,0.9983612,1
150630,0,1,0.99997675,0
150631,0,1,0.39472583,0
150632,1,1,0.36778104,1
150633,1,1,1.0,1
150634,0,1,0.9998097,0
150635,1,1,0.99994004,1
150636,0,1,0.98228765,0
150637,0,0,0.16471791,1
150638,0,0,0.006375936,1
150639,1,1,0.5111676,1
150640,1,0,0.01798621,0
150641,0,0,0.124798484,1
150642,0,0,0.071332,1
150643,0,1,0.68124986,0
150644,1,1,0.82375413,1
150645,0,1,0.9999496,0
150646,0,1,0.99951875,0
150647,0,0,0.06471258,1
150648,1,1,1.0,1
150649,1,1,0.9628831,1
150650,1,0,0.050237365,0
150651,1,1,0.92495924,1
150652,1,1,0.99999976,1
150653,1,1,0.99996984,1
150654,0,0,0.11119294,1
150655,1,0,0.18169841,0
150656,1,1,0.53315437,1
150657,0,0,0.039787814,1
150658,0,1,0.9993525,0
150659,1,1,0.9999981,1
150660,0,0,0.07250525,1
150661,0,0,0.22017473,1
150662,1,1,0.68621236,1
150663,0,0,0.044307213,1
150664,1,1,0.6203342,1
150665,1,1,0.9999778,1
150666,1,1,0.9999747,1
150667,1,1,1.0,1
150668,1,0,0.13927925,0
150669,1,1,0.9928786,1
150670,0,1,0.7762839,0
150671,1,1,0.9999751,1
150672,1,1,0.9999999,1
150673,1,1,1.0,1
150674,1,1,1.0,1
150675,1,0,0.089057684,0
150676,0,0,0.02027408,1
150677,1,1,0.9999999,1
150678,0,0,0.010735163,1
150679,0,1,0.5984882,0
150680,1,1,0.99999976,1
150681,0,1,0.55730325,0
150682,0,0,0.025395468,1
150683,0,0,0.05515777,1
150684,0,1,0.44131178,0
150685,1,1,0.9999999,1
150686,1,0,0.20024472,0
150687,1,1,0.995488,1
150688,1,1,1.0,1
150689,1,1,0.98965186,1
150690,0,1,0.5062863,0
150691,0,1,0.55501324,0
150692,1,0,0.08525123,0
150693,1,1,0.95540243,1
150694,0,0,0.058507007,1
150695,0,0,0.2813069,1
150696,1,1,0.920218,1
150697,0,0,0.29325265,1
150698,1,1,0.9810946,1
150699,0,0,0.14718705,1
150700,0,1,0.9999989,0
150701,1,1,0.99999547,1
150702,1,1,0.99914074,1
150703,1,1,0.9943031,1
150704,0,0,0.087720014,1
150705,1,1,0.87450653,1
150706,0,0,0.12700155,1
150707,0,0,0.15941359,1
150708,1,1,0.9981863,1
150709,0,0,0.05602938,1
150710,1,1,0.99999833,1
150711,1,1,0.8917168,1
150712,0,0,0.062103122,1
150713,1,1,1.0,1
150714,1,1,0.96538115,1
150715,1,0,0.036562506,0
150716,0,0,0.011419615,1
150717,0,1,1.0,0
150718,1,0,0.30471367,0
150719,1,0,0.06903792,0
150720,1,1,0.9999919,1
150721,1,1,1.0,1
150722,1,1,0.9646559,1
150723,1,0,0.01539492,0
150724,0,0,0.023043232,1
150725,0,0,0.037186775,1
150726,0,0,0.13415082,1
150727,0,1,0.6994084,0
150728,0,0,0.04813677,1
150729,1,1,0.9987649,1
150730,1,1,0.99883956,1
150731,0,0,0.2562732,1
150732,1,1,0.9999987,1
150733,1,1,1.0,1
150734,0,1,0.5290201,0
150735,0,1,0.99999917,0
150736,1,1,1.0,1
150737,1,1,0.99987316,1
150738,1,1,0.9879695,1
150739,0,0,0.21708846,1
150740,1,0,0.027169233,0
150741,1,1,0.9998005,1
150742,0,1,0.9813286,0
150743,0,1,0.7219883,0
150744,0,1,0.98159516,0
150745,1,1,0.8301815,1
150746,1,1,1.0,1
150747,0,1,0.9971827,0
150748,0,0,0.03551094,1
150749,1,1,0.9998727,1
150750,1,1,0.96472245,1
150751,1,1,0.92827886,1
150752,1,1,0.9999976,1
150753,1,1,0.61503005,1
150754,1,1,0.87652874,1
150755,1,1,0.42363682,1
150756,0,0,0.08064662,1
150757,0,0,0.005179713,1
150758,1,1,0.9928786,1
150759,1,1,0.72898954,1
150760,1,1,0.5787458,1
150761,1,1,0.9999852,1
150762,0,0,0.062160026,1
150763,1,0,0.04344689,0
150764,1,0,0.15597628,0
150765,0,1,0.8811043,0
150766,0,0,0.00044508645,1
150767,1,1,0.8789391,1
150768,1,1,0.999979,1
150769,1,1,0.9064877,1
150770,0,1,0.95869267,0
150771,1,0,0.13724312,0
150772,0,1,0.79881525,0
150773,0,0,0.056966383,1
150774,1,1,0.99766326,1
150775,1,1,1.0,1
150776,1,1,0.5239684,1
150777,0,1,0.99999475,0
150778,0,1,0.98403233,0
150779,0,1,0.99787605,0
150780,0,0,0.08733005,1
150781,0,0,0.05834584,1
150782,1,1,0.9980882,1
150783,1,1,0.99990237,1
150784,0,0,0.1524734,1
150785,1,1,0.9999989,1
150786,1,1,0.9958901,1
150787,0,0,0.017917344,1
150788,1,1,1.0,1
150789,0,1,0.8716935,0
150790,0,0,0.238107,1
150791,1,1,0.9999999,1
150792,0,1,0.9402983,0
150793,0,1,0.99990535,0
150794,1,1,1.0,1
150795,0,0,0.061649624,1
150796,0,0,0.009936419,1
150797,0,1,0.713182,0
150798,0,0,0.34620965,1
150799,1,1,0.9769568,1
150800,0,0,0.10293422,1
150801,0,0,0.050846573,1
150802,1,1,1.0,1
150803,1,1,0.9999925,1
150804,0,0,0.02784845,1
150805,1,1,0.9742639,1
150806,1,0,0.31806138,0
150807,0,1,0.55935025,0
150808,1,1,0.59572774,1
150809,0,1,0.99990976,0
150810,0,1,0.40954548,0
150811,1,1,0.99998546,1
150812,1,0,0.2509128,0
150813,1,1,0.999987,1
150814,1,1,0.3764512,1
150815,1,0,0.0028783479,0
150816,0,0,0.14432967,1
150817,0,1,0.9420286,0
150818,0,1,0.6493007,0
150819,1,1,1.0,1
150820,0,0,0.08218025,1
150821,1,0,0.06760824,0
150822,1,1,0.37244815,1
150823,1,1,0.9999968,1
150824,0,1,0.35902697,0
150825,1,1,1.0,1
150826,1,1,0.99990976,1
150827,0,0,0.12754393,1
150828,0,1,0.9654138,0
150829,1,1,0.990732,1
150830,1,1,1.0,1
150831,1,1,0.9999969,1
150832,0,1,0.8903896,0
150833,1,1,1.0,1
150834,0,0,0.15323211,1
150835,0,1,0.9389689,0
150836,0,0,0.014559519,1
150837,0,0,0.09057448,1
150838,1,1,0.9999993,1
150839,1,1,0.99999964,1
150840,1,1,0.98466414,1
150841,1,0,0.014392336,0
150842,1,1,1.0,1
150843,1,0,0.3156305,0
150844,0,1,0.9995963,0
150845,1,0,0.19012183,0
150846,1,1,0.9999808,1
150847,1,1,0.81390494,1
150848,0,1,0.8990328,0
150849,1,1,0.4437511,1
150850,1,1,0.93569994,1
150851,1,0,0.33829567,0
150852,1,1,0.99999595,1
150853,1,1,0.9979048,1
150854,1,1,0.4931645,1
150855,1,0,0.021105006,0
150856,1,1,0.9999795,1
150857,0,1,0.43257266,0
150858,1,1,1.0,1
150859,0,0,0.11848707,1
150860,1,1,0.99999535,1
150861,0,0,0.040087357,1
150862,1,1,0.6547292,1
150863,1,1,0.8989441,1
150864,1,1,0.42003447,1
150865,0,1,0.99999726,0
150866,1,0,0.024492992,0
150867,0,1,0.9999685,0
150868,1,1,1.0,1
150869,1,1,0.99986756,1
150870,1,1,1.0,1
150871,1,0,0.163579,0
150872,1,1,1.0,1
150873,0,0,0.051893488,1
150874,1,0,0.03188899,0
150875,0,0,0.038357977,1
150876,1,1,0.99920064,1
150877,0,0,0.1407491,1
150878,1,1,0.6302868,1
150879,0,0,0.17731173,1
150880,1,1,0.99999976,1
150881,0,1,0.9999784,0
150882,0,0,0.019966036,1
150883,0,1,0.92000264,0
150884,0,0,0.029395703,1
150885,1,0,0.14336753,0
150886,1,0,0.049451128,0
150887,1,0,0.1727991,0
150888,0,0,0.19079942,1
150889,0,1,0.98546845,0
150890,0,1,0.6802948,0
150891,0,1,0.8710367,0
150892,0,0,0.10239443,1
150893,1,1,1.0,1
150894,0,1,0.6715244,0
150895,0,0,0.04142348,1
150896,1,1,0.9665054,1
150897,1,1,0.9900636,1
150898,1,1,0.9993575,1
150899,0,1,0.99990463,0
150900,1,1,0.9999596,1
150901,1,1,0.7334519,1
150902,1,1,0.99997425,1
150903,0,1,0.46508378,0
150904,1,1,0.99983,1
150905,1,1,0.9996574,1
150906,1,1,0.5409845,1
150907,1,0,0.0140636265,0
150908,0,0,0.12879884,1
150909,1,1,0.3771678,1
150910,1,1,1.0,1
150911,1,0,0.08042967,0
150912,1,1,0.86130506,1
150913,1,1,0.99885535,1
150914,0,0,0.12501197,1
150915,0,0,0.017492766,1
150916,1,1,0.9999994,1
150917,1,0,0.05749328,0
150918,0,0,0.30270016,1
150919,1,0,0.017712299,0
150920,1,1,0.906156,1
150921,1,1,0.99960953,1
150922,1,1,1.0,1
150923,1,1,1.0,1
150924,1,1,0.9831176,1
150925,1,1,1.0,1
150926,1,1,0.99184376,1
150927,1,1,0.9999994,1
150928,1,1,0.99999964,1
150929,1,1,0.98093086,1
150930,1,1,1.0,1
150931,0,0,0.014871003,1
150932,1,1,1.0,1
150933,1,1,0.94829834,1
150934,1,1,1.0,1
150935,1,1,0.99999774,1
150936,0,0,0.08525123,1
150937,1,1,0.9999784,1
150938,1,1,0.99999654,1
150939,1,0,0.04560694,0
150940,1,1,0.99999034,1
150941,0,0,0.12797923,1
150942,0,1,0.9979007,0
150943,1,0,0.00462753,0
150944,0,0,0.20593424,1
150945,0,0,0.15310545,1
150946,1,1,1.0,1
150947,0,0,0.17596246,1
150948,1,1,0.9007919,1
150949,1,0,0.014254464,0
150950,1,1,0.9999944,1
150951,1,0,0.035344075,0
150952,1,1,0.9993268,1
150953,1,1,0.9996886,1
150954,0,1,0.9770007,0
150955,0,0,0.26279455,1
150956,1,1,0.99974686,1
150957,0,0,0.12352412,1
150958,1,0,0.11417084,0
150959,0,0,0.017309094,1
150960,0,0,0.11240509,1
150961,0,1,0.6522968,0
150962,1,1,0.99993074,1
150963,1,1,0.99999964,1
150964,1,1,0.96841115,1
150965,1,1,0.6736749,1
150966,1,0,0.22678365,0
150967,1,0,0.09955772,0
150968,1,1,0.55694187,1
150969,1,1,0.99999917,1
150970,0,1,0.89805347,0
150971,0,0,0.07675298,1
150972,0,1,0.87147486,0
150973,1,1,1.0,1
150974,0,1,0.9998671,0
150975,0,0,0.13178657,1
150976,1,1,0.6107437,1
150977,1,1,0.998319,1
150978,0,1,0.81508535,0
150979,0,0,0.07716922,1
150980,0,0,0.26312575,1
150981,1,1,0.59478664,1
150982,1,1,0.99572706,1
150983,1,1,0.9813286,1
150984,0,1,0.9995915,0
150985,1,1,0.9957188,1
150986,0,0,0.12570794,1
150987,0,0,0.08740792,1
150988,0,0,0.11792721,1
150989,1,0,0.022286186,0
150990,1,1,1.0,1
150991,0,0,0.074567616,1
150992,1,0,0.0808641,0
150993,1,1,0.9997029,1
150994,1,1,0.8824279,1
150995,0,1,0.5958454,0
150996,1,1,0.7245293,1
150997,1,1,0.9843664,1
150998,1,1,0.46596456,1
150999,1,1,0.99554896,1
151000,0,1,0.98752034,0
151001,0,1,0.86339164,0
151002,1,1,0.99997675,1
151003,1,1,0.9986462,1
151004,1,1,0.47107115,1
151005,1,1,0.99140584,1
151006,1,1,0.99999976,1
151007,0,1,0.99972516,0
151008,1,0,0.115960725,0
151009,0,1,0.4806615,0
151010,1,1,0.55627906,1
151011,1,1,1.0,1
151012,0,0,0.060031522,1
151013,1,1,1.0,1
151014,1,0,0.03581319,0
151015,1,1,0.5818972,1
151016,0,0,0.07942426,1
151017,1,1,1.0,1
151018,1,1,1.0,1
151019,0,0,0.043813635,1
151020,1,1,0.95861524,1
151021,1,1,1.0,1
151022,0,0,0.017045315,1
151023,0,0,0.28239402,1
151024,1,1,0.64293706,1
151025,0,0,0.13840355,1
151026,1,1,0.99998176,1
151027,1,1,0.99999285,1
151028,1,0,0.049912184,0
151029,1,0,0.12189465,0
151030,1,1,0.99998426,1
151031,0,1,0.9999598,0
151032,0,0,0.06797852,1
151033,0,0,0.0004965043,1
151034,0,0,0.3015163,1
151035,1,1,0.94122344,1
151036,1,0,0.22465022,0
151037,0,1,0.98313373,0
151038,0,0,0.23292027,1
151039,1,1,0.45692468,1
151040,1,1,0.9999379,1
151041,0,0,0.20087102,1
151042,0,0,0.24229527,1
151043,1,1,0.38315073,1
151044,1,1,0.99997556,1
151045,1,1,1.0,1
151046,1,1,0.99999976,1
151047,0,0,0.2650236,1
151048,1,1,0.9999982,1
151049,1,1,1.0,1
151050,1,0,0.063773274,0
151051,0,0,0.24023944,1
151052,0,0,0.057864826,1
151053,1,1,0.999572,1
151054,1,1,0.999731,1
151055,1,1,0.9219921,1
151056,1,1,0.92000264,1
151057,0,1,0.9998247,0
151058,1,0,0.3504214,0
151059,1,1,0.992961,1
151060,1,1,0.9971048,1
151061,0,0,0.05242457,1
151062,1,1,0.9999844,1
151063,0,1,0.563438,0
151064,0,0,0.2184192,1
151065,1,0,0.24626137,0
151066,0,1,0.99963164,0
151067,1,1,0.99998033,1
151068,1,1,1.0,1
151069,1,1,0.9999255,1
151070,1,1,0.99803144,1
151071,0,1,0.86726075,0
151072,1,1,0.8733229,1
151073,0,0,0.060863446,1
151074,0,0,0.19276717,1
151075,1,1,0.99644804,1
151076,0,0,0.04556445,1
151077,1,1,1.0,1
151078,1,1,0.9996699,1
151079,1,1,0.99990654,1
151080,1,1,0.99999976,1
151081,1,1,0.999995,1
151082,0,0,0.19102567,1
151083,0,0,0.07030384,1
151084,0,1,0.93451476,0
151085,0,1,0.9997478,0
151086,0,1,0.9999931,0
151087,1,1,1.0,1
151088,0,1,0.7311066,0
151089,1,1,1.0,1
151090,0,0,0.050658382,1
151091,1,1,0.9668514,1
151092,1,1,0.9998591,1
151093,0,0,0.28185016,1
151094,0,0,0.014517544,1
151095,0,1,0.8710367,0
151096,1,1,0.99999154,1
151097,0,0,0.2630784,1
151098,0,0,0.09170697,1
151099,1,1,0.9999976,1
151100,0,0,0.03365296,1
151101,1,1,0.99999464,1
151102,0,0,0.20402455,1
151103,0,1,0.9999572,0
151104,1,1,1.0,1
151105,1,1,0.99996746,1
151106,0,1,0.9992489,0
151107,1,1,0.99999976,1
151108,0,1,0.717507,0
151109,1,1,0.99999964,1
151110,0,1,0.98947024,0
151111,0,0,0.22405545,1
151112,1,1,0.9999294,1
151113,1,0,0.16391331,0
151114,0,1,0.8384153,0
151115,1,0,0.24490437,0
151116,1,1,0.99998915,1
151117,1,1,0.80882335,1
151118,1,0,0.001827943,0
151119,1,1,0.9050709,1
151120,1,1,0.7422816,1
151121,0,0,0.07942426,1
151122,0,0,0.009540926,1
151123,1,1,0.9999651,1
151124,0,0,0.04616273,1
151125,1,1,0.9694112,1
151126,0,0,0.015014747,1
151127,0,1,0.99976224,0
151128,1,1,0.99999964,1
151129,0,1,0.97311324,0
151130,0,1,0.7313465,0
151131,0,1,0.9965166,0
151132,1,1,0.9999825,1
151133,0,0,0.08284563,1
151134,0,0,0.13869494,1
151135,0,0,0.053899158,1
151136,1,0,0.07004896,0
151137,0,0,0.046855625,1
151138,1,1,0.99865675,1
151139,0,1,0.99947566,0
151140,1,1,0.9596866,1
151141,1,1,0.999841,1
151142,0,0,0.0139288595,1
151143,0,1,0.99789655,0
151144,0,1,0.6021786,0
151145,1,1,0.9992417,1
151146,0,1,0.99968004,0
151147,0,1,0.36613634,0
151148,1,1,0.99930537,1
151149,1,1,0.8308688,1
151150,1,1,1.0,1
151151,1,1,0.99999714,1
151152,1,1,0.7696867,1
151153,1,1,0.9673486,1
151154,1,0,0.07510853,0
151155,0,0,0.1080477,1
151156,0,0,0.09568695,1
151157,0,0,0.11506276,1
151158,0,1,0.4849289,0
151159,1,0,0.01533582,0
151160,0,0,0.24671482,1
151161,1,0,0.12158143,0
151162,1,0,0.13039611,0
151163,0,1,0.44948328,0
151164,1,0,0.043204032,0
151165,1,1,0.99974686,1
151166,0,0,0.10856642,1
151167,1,1,0.9999987,1
151168,1,1,0.99723166,1
151169,1,1,0.9999331,1
151170,1,1,0.9999919,1
151171,0,1,0.705227,0
151172,0,0,0.22151904,1
151173,1,1,0.5833221,1
151174,1,1,0.9756001,1
151175,1,1,1.0,1
151176,0,1,0.9956091,0
151177,0,1,0.76304257,0
151178,1,0,0.020042615,0
151179,1,0,0.21543325,0
151180,1,1,0.99338466,1
151181,0,1,0.6742114,0
151182,0,1,0.9677472,0
151183,1,1,0.99999845,1
151184,1,1,0.99999094,1
151185,0,1,0.99999523,0
151186,1,1,1.0,1
151187,0,1,0.593786,0
151188,0,1,0.99999094,0
151189,0,0,0.12879884,1
151190,1,1,0.9998111,1
151191,0,0,0.21329524,1
151192,1,1,0.99839276,1
151193,0,1,0.6249232,0
151194,0,1,0.9054896,0
151195,1,1,0.43581146,1
151196,0,0,0.11506276,1
151197,0,1,0.97280496,0
151198,1,1,1.0,1
151199,0,0,0.015483986,1
151200,1,1,0.99583375,1
151201,0,0,0.2795334,1
151202,1,1,0.9998766,1
151203,0,1,0.95995015,0
151204,0,1,1.0,0
151205,1,1,0.99963236,1
151206,0,0,0.09756222,1
151207,0,1,0.52768165,0
151208,1,1,0.9999995,1
151209,1,0,0.12538631,0
151210,0,1,0.9759694,0
151211,0,0,0.021328082,1
151212,0,0,0.05404875,1
151213,0,0,0.27512974,1
151214,0,0,0.078078166,1
151215,1,0,0.017078074,0
151216,0,0,0.0962801,1
151217,0,0,0.039787814,1
151218,0,1,0.98159516,0
151219,1,0,0.22482039,0
151220,1,1,0.80271024,1
151221,0,0,0.010755925,1
151222,1,1,1.0,1
151223,1,0,0.055823144,0
151224,0,0,0.07477004,1
151225,1,0,0.04268228,0
151226,1,0,0.13724312,0
151227,1,1,1.0,1
151228,1,0,0.1987631,0
151229,1,0,0.19544049,0
151230,1,1,0.9986827,1
151231,1,1,1.0,1
151232,0,1,0.63301337,0
151233,0,0,0.21403356,1
151234,0,1,0.945349,0
151235,1,0,0.076132484,0
151236,0,1,0.7932662,0
151237,0,0,0.06512755,1
151238,1,1,0.920218,1
151239,1,1,0.99999976,1
151240,0,0,0.09401018,1
151241,1,1,0.99675864,1
151242,1,1,1.0,1
151243,1,1,0.9999999,1
151244,0,1,0.9913892,0
151245,1,1,0.99996865,1
151246,0,0,0.21304952,1
151247,0,1,0.9985562,0
151248,1,1,0.9999528,1
151249,1,1,0.98521465,1
151250,1,1,0.99910825,1
151251,0,0,0.091382094,1
151252,1,1,0.99999917,1
151253,1,0,0.07113817,0
151254,0,0,0.05975658,1
151255,1,1,1.0,1
151256,0,1,0.75590736,0
151257,1,1,0.9999713,1
151258,0,1,0.6443929,0
151259,0,1,0.9257686,0
151260,1,1,0.99111825,1
151261,1,1,0.9999459,1
151262,0,1,0.99502736,0
151263,1,1,0.9995802,1
151264,0,0,0.07716922,1
151265,1,1,0.7589575,1
151266,0,0,0.1965176,1
151267,1,0,0.090896755,0
151268,1,1,0.9999844,1
151269,1,0,0.03400406,0
151270,1,1,0.99778724,1
151271,0,0,0.08889936,1
151272,1,1,1.0,1
151273,0,0,0.028355207,1
151274,0,1,1.0,0
151275,1,1,0.9566342,1
151276,0,0,0.044639204,1
151277,1,1,0.82976806,1
151278,1,1,0.9998671,1
151279,1,1,0.4250085,1
151280,0,0,0.015043661,1
151281,1,1,0.9999716,1
151282,1,0,0.17009403,0
151283,1,1,1.0,1
151284,1,1,0.9999993,1
151285,1,1,0.7153743,1
151286,0,0,0.18795106,1
151287,1,1,0.5085441,1
151288,1,1,0.98833525,1
151289,0,1,0.9914225,0
151290,0,1,0.99975175,0
151291,1,1,0.99883276,1
151292,0,1,0.996357,0
151293,1,1,0.99999964,1
151294,0,1,1.0,0
151295,1,0,0.17823958,0
151296,0,0,0.032283258,1
151297,0,1,0.46742293,0
151298,1,1,0.99490017,1
151299,1,1,0.99877447,1
151300,1,0,0.30574915,0
151301,1,1,0.9716448,1
151302,1,1,0.9999995,1
151303,0,0,0.21133544,1
151304,1,1,0.7980295,1
151305,0,1,0.70247906,0
151306,1,1,1.0,1
151307,1,0,0.08756384,0
151308,0,0,0.03537739,1
151309,0,0,0.16458358,1
151310,1,1,0.99999917,1
151311,1,1,0.9999945,1
151312,1,1,0.9981614,1
151313,1,0,0.33589524,0
151314,1,1,0.99812144,1
151315,1,1,0.8687154,1
151316,1,1,0.99701905,1
151317,1,1,1.0,1
151318,0,0,0.0041420166,1
151319,1,0,0.12137298,0
151320,1,1,1.0,1
151321,1,0,0.15418488,0
151322,0,1,0.99966466,0
151323,1,0,0.019794779,0
151324,0,0,0.0212264,1
151325,1,1,0.99688244,1
151326,0,1,0.994292,0
151327,1,1,0.9999987,1
151328,1,1,0.5975492,1
151329,1,1,0.5274383,1
151330,0,1,0.46793956,0
151331,0,0,0.34560204,1
151332,1,1,1.0,1
151333,1,1,0.99997973,1
151334,1,1,0.984516,1
151335,1,1,0.99517965,1
151336,0,0,0.21133544,1
151337,1,1,0.99999976,1
151338,1,1,0.7479843,1
151339,1,1,0.995523,1
151340,1,1,0.6615403,1
151341,1,0,0.15373966,0
151342,1,1,0.9979652,1
151343,1,1,0.9592689,1
151344,0,0,0.14360754,1
151345,1,1,0.99999964,1
151346,1,1,0.38745853,1
151347,1,1,1.0,1
151348,1,1,0.99992,1
151349,1,1,0.99998665,1
151350,0,1,0.42769545,0
151351,1,1,0.9999999,1
151352,1,1,0.661431,1
151353,0,1,0.99973255,0
151354,1,1,1.0,1
151355,1,1,0.9999975,1
151356,1,1,0.8101787,1
151357,0,1,0.9734181,0
151358,0,1,0.8822251,0
151359,0,1,0.95861524,0
151360,1,0,0.34676248,0
151361,0,1,0.7942254,0
151362,1,1,0.5870556,1
151363,1,1,1.0,1
151364,1,1,0.7752647,1
151365,0,1,0.5202526,0
151366,0,0,0.17245041,1
151367,0,1,1.0,0
151368,1,1,0.9999988,1
151369,0,1,0.89858866,0
151370,0,0,0.16988736,1
151371,0,1,0.5009155,0
151372,1,0,0.16803622,0
151373,1,1,0.99956185,1
151374,0,1,0.9913223,0
151375,1,1,0.81699115,1
151376,0,0,0.21700546,1
151377,1,1,0.43596154,1
151378,0,1,1.0,0
151379,1,1,1.0,1
151380,1,1,0.97212505,1
151381,0,0,0.30970183,1
151382,1,1,0.9998184,1
151383,0,0,0.0129954135,1
151384,0,1,0.7914184,0
151385,0,1,0.47971693,0
151386,1,1,0.42916018,1
151387,1,1,0.9998591,1
151388,1,0,0.035177976,0
151389,1,1,0.5161077,1
151390,0,1,0.950411,0
151391,1,1,0.9986462,1
151392,0,1,0.95270634,0
151393,1,1,1.0,1
151394,1,1,0.99036634,1
151395,1,1,0.41756833,1
151396,0,1,0.5213493,0
151397,0,0,0.020824393,1
151398,0,1,0.87546796,0
151399,0,1,0.35942036,0
151400,1,1,0.9478657,1
151401,1,1,0.99972516,1
151402,0,0,0.09097748,1
151403,1,1,0.9999043,1
151404,0,1,0.8301815,0
151405,0,1,0.98486924,0
151406,1,1,0.37353298,1
151407,0,0,0.13006428,1
151408,1,1,0.9994611,1
151409,1,1,0.9990656,1
151410,1,1,1.0,1
151411,0,1,0.9768687,0
151412,0,0,0.08419108,1
151413,0,1,0.9676251,0
151414,1,1,0.77304506,1
151415,1,1,0.99917847,1
151416,1,1,0.99999917,1
151417,0,1,0.6790191,0
151418,1,1,0.9999987,1
151419,0,1,0.8493474,0
151420,1,1,0.99987805,1
151421,1,0,0.09518112,0
151422,1,1,0.9998989,1
151423,0,0,0.029647512,1
151424,1,1,1.0,1
151425,1,1,1.0,1
151426,0,0,0.09747628,1
151427,0,1,0.8863221,0
151428,1,1,0.9999454,1
151429,0,1,0.7474317,0
151430,1,1,0.970771,1
151431,0,1,0.9882676,0
151432,1,0,0.23713401,0
151433,1,1,0.99298817,1
151434,1,0,0.23952717,0
151435,0,0,0.16687897,1
151436,0,1,0.6009497,0
151437,1,1,0.7285069,1
151438,0,1,0.8726732,0
151439,1,1,0.99240804,1
151440,1,1,0.99999976,1
151441,0,0,0.29330328,1
151442,0,1,0.40506625,0
151443,1,1,0.9976172,1
151444,1,0,0.17795369,0
151445,0,0,0.22695492,1
151446,0,1,0.677314,0
151447,0,1,0.9747971,0
151448,0,1,0.99922216,0
151449,0,0,0.2486254,1
151450,0,0,0.1791712,1
151451,1,1,0.92762595,1
151452,1,0,0.013795365,0
151453,1,0,0.02973191,0
151454,1,1,0.9909622,1
151455,0,1,0.8576489,0
151456,0,1,0.99273914,0
151457,1,1,1.0,1
151458,1,1,0.99999976,1
151459,0,0,0.06142404,1
151460,0,1,0.82018155,0
151461,0,1,0.9326989,0
151462,1,1,1.0,1
151463,0,0,0.10585582,1
151464,0,1,0.38919824,0
151465,1,1,0.99903214,1
151466,0,1,0.98365986,0
151467,1,1,0.9999641,1
151468,1,1,0.89143354,1
151469,1,1,0.71388066,1
151470,0,0,0.23100649,1
151471,0,1,0.9999114,0
151472,1,0,0.010169658,0
151473,1,1,0.69269395,1
151474,0,1,0.50115967,0
151475,1,1,0.52609926,1
151476,1,1,0.6281223,1
151477,1,1,0.9842457,1
151478,1,1,0.99990654,1
151479,0,0,0.023043232,1
151480,1,0,0.02753294,0
151481,0,0,0.036322463,1
151482,0,0,0.13683893,1
151483,0,0,0.011419615,1
151484,0,0,0.18462047,1
151485,1,1,0.8900078,1
151486,1,1,0.99591404,1
151487,1,0,0.06973154,0
151488,1,1,1.0,1
151489,0,1,0.4405595,0
151490,0,1,0.4003683,0
151491,0,0,0.1838133,1
151492,0,1,0.57194597,0
151493,0,0,0.121008955,1
151494,1,1,0.9968273,1
151495,1,0,0.012123754,0
151496,1,1,0.99926347,1
151497,1,0,0.34726036,0
151498,1,1,0.9919224,1
151499,1,0,0.15329547,0
151500,0,1,0.99396133,0
151501,0,0,0.20617388,1
151502,1,1,0.99227446,1
151503,1,1,0.7526495,1
151504,1,1,0.9999882,1
151505,1,1,0.9930962,1
151506,0,1,0.99945897,0
151507,0,1,0.9999999,0
151508,1,0,0.12199923,0
151509,1,1,0.5480084,1
151510,0,1,0.99836427,0
151511,1,0,0.030415535,0
151512,0,1,0.41202733,0
151513,1,1,0.7100758,1
151514,1,1,0.99998915,1
151515,0,0,0.012796518,1
151516,1,1,0.99622726,1
151517,0,1,0.40538988,0
151518,1,1,0.99983394,1
151519,0,1,0.9966691,0
151520,1,1,0.9999988,1
151521,1,1,0.99959236,1
151522,1,1,0.55012405,1
151523,1,1,1.0,1
151524,0,0,0.2817019,1
151525,0,1,0.86339164,0
151526,0,0,0.018457891,1
151527,0,0,0.18097351,1
151528,1,0,0.24762337,0
151529,1,1,1.0,1
151530,1,1,1.0,1
151531,1,1,0.9996458,1
151532,0,1,0.99921906,0
151533,1,1,0.9999465,1
151534,1,1,0.9999591,1
151535,0,1,0.99943525,0
151536,0,1,0.9996917,0
151537,1,1,0.99999905,1
151538,1,1,0.9429286,1
151539,0,0,0.14823206,1
151540,1,1,0.99999166,1
151541,0,1,1.0,0
151542,0,0,0.115960725,1
151543,0,0,0.2338813,1
151544,1,1,1.0,1
151545,1,1,0.9983612,1
151546,1,1,1.0,1
151547,1,1,1.0,1
151548,0,0,0.040692955,1
151549,0,1,0.99975365,0
151550,0,0,0.095433734,1
151551,1,1,0.99984455,1
151552,0,1,0.99999976,0
151553,1,1,0.8967949,1
151554,1,1,0.92944044,1
151555,1,1,0.99349916,1
151556,1,1,0.99999964,1
151557,0,0,0.12934773,1
151558,0,0,0.118998006,1
151559,1,1,0.9998932,1
151560,1,1,0.64985645,1
151561,1,1,0.9999999,1
151562,0,0,0.31315714,1
151563,1,1,0.99996793,1
151564,1,1,0.7057343,1
151565,0,1,0.9512782,0
151566,1,1,0.9999999,1
151567,0,1,0.9909622,0
151568,0,0,0.13432106,1
151569,0,1,0.99918646,0
151570,1,1,0.99999905,1
151571,0,0,0.003876926,1
151572,0,1,0.9996222,0
151573,1,1,0.9144437,1
151574,1,1,0.99997914,1
151575,1,1,0.47852883,1
151576,1,0,0.0048768865,0
151577,0,0,0.16391331,1
151578,0,0,0.18198897,1
151579,1,1,0.998844,1
151580,0,1,0.76020586,0
151581,0,1,0.5194604,0
151582,0,0,0.084040605,1
151583,1,1,0.99955136,1
151584,1,1,0.9998727,1
151585,1,1,0.39688602,1
151586,1,1,1.0,1
151587,1,0,1.420012e-06,0
151588,0,0,0.075653054,1
151589,1,1,0.93726826,1
151590,1,1,0.6629601,1
151591,0,0,0.07100922,1
151592,0,1,0.45498672,0
151593,1,0,0.05823863,0
151594,0,0,0.3317689,1
151595,1,1,0.99999976,1
151596,1,1,1.0,1
151597,1,1,0.99970514,1
151598,1,1,0.8847382,1
151599,0,0,0.088978484,1
151600,1,0,0.040960647,0
151601,0,1,0.99992776,0
151602,1,1,0.99999547,1
151603,0,1,0.76383626,0
151604,0,1,0.99722075,0
151605,0,1,0.9879695,0
151606,0,0,0.13494682,1
151607,0,0,0.05198967,1
151608,0,1,0.9999982,0
151609,1,1,0.99998665,1
151610,1,1,0.99999905,1
151611,0,0,0.10008423,1
151612,1,1,0.9999999,1
151613,1,1,0.99999666,1
151614,0,0,0.052570295,1
151615,1,1,0.9999999,1
151616,1,1,1.0,1
151617,1,1,0.99999857,1
151618,1,0,0.18565173,0
151619,1,0,0.34114337,0
151620,0,0,0.16899405,1
151621,1,1,1.0,1
151622,0,1,0.6336937,0
151623,0,1,0.39204586,0
151624,1,1,1.0,1
151625,1,0,0.055412795,0
151626,1,1,0.9375548,1
151627,0,1,0.6950794,0
151628,1,1,0.94829834,1
151629,0,0,0.16913125,1
151630,1,1,0.99680245,1
151631,1,1,1.0,1
151632,1,1,0.4936527,1
151633,1,1,0.9969722,1
151634,1,1,0.99937975,1
151635,0,0,0.08686416,1
151636,1,1,0.9999448,1
151637,0,0,0.19759926,1
151638,0,1,0.9905509,0
151639,1,1,1.0,1
151640,1,1,0.9920466,1
151641,1,1,1.0,1
151642,0,1,1.0,0
151643,0,1,0.99744415,0
151644,1,0,0.16633658,0
151645,0,1,0.9612802,0
151646,1,1,0.9801103,1
151647,0,0,0.16783156,1
151648,1,1,0.95577544,1
151649,0,1,1.0,0
151650,1,1,1.0,1
151651,0,1,0.9998523,0
151652,1,1,0.99978,1
151653,1,0,0.19246344,0
151654,0,0,0.23757595,1
151655,0,0,0.2012632,1
151656,0,0,0.20906568,1
151657,0,1,0.98387814,0
151658,1,1,0.9999999,1
151659,1,1,0.47554442,1
151660,0,0,0.12624557,1
151661,0,1,0.54734313,0
151662,1,1,0.998092,1
151663,1,1,0.6501897,1
151664,0,0,0.086246476,1
151665,0,0,0.25926262,1
151666,0,0,0.008627458,1
151667,1,1,0.99993265,1
151668,1,1,1.0,1
151669,1,1,0.6972483,1
151670,1,1,0.53181726,1
151671,0,1,0.5711687,0
151672,1,1,0.999688,1
151673,1,1,1.0,1
151674,0,0,0.20898496,1
151675,1,0,0.26511872,0
151676,1,0,0.022564495,0
151677,1,1,0.99861145,1
151678,1,1,0.49932864,1
151679,0,1,1.0,0
151680,0,1,0.998147,0
151681,0,0,0.0871745,1
151682,0,1,0.99999917,0
151683,1,1,0.99349916,1
151684,0,1,0.98862445,0
151685,1,1,0.99882597,1
151686,0,0,0.050283972,1
151687,1,1,0.9167827,1
151688,0,1,0.6400736,0
151689,1,0,0.20465964,0
151690,1,1,0.8842393,1
151691,1,1,0.8847382,1
151692,0,1,0.983597,0
151693,1,0,0.29599246,0
151694,0,0,0.014813886,1
151695,0,1,0.9999417,0
151696,1,1,0.9996147,1
151697,1,1,1.0,1
151698,1,1,0.9999882,1
151699,0,1,0.8290772,0
151700,0,1,0.9564718,0
151701,1,0,0.023219766,0
151702,0,1,1.0,0
151703,0,1,0.99996793,0
151704,0,1,0.9997826,0
151705,0,0,0.14426938,1
151706,1,1,0.9969722,1
151707,1,1,0.9945201,1
151708,0,0,0.1200772,1
151709,1,1,0.97957015,1
151710,1,1,1.0,1
151711,0,0,0.24328268,1
151712,1,1,0.9999999,1
151713,1,1,0.9550264,1
151714,1,0,0.19620943,0
151715,0,0,0.036049988,1
151716,0,0,0.23855019,1
151717,0,0,0.23265864,1
151718,0,0,0.021024454,1
151719,0,0,0.14270914,1
151720,1,1,0.99999964,1
151721,0,1,0.9881765,0
151722,1,0,0.09146322,0
151723,1,1,0.99253935,1
151724,0,1,0.9850429,0
151725,1,1,0.96929514,1
151726,0,1,0.9998741,0
151727,1,1,0.98292196,1
151728,1,0,0.06198946,0
151729,1,1,0.9655115,1
151730,0,0,0.026861202,1
151731,0,0,0.10239443,1
151732,0,1,0.99455196,0
151733,0,1,0.5340658,0
151734,1,0,0.17462131,0
151735,1,0,0.06447655,0
151736,1,1,0.42116487,1
151737,1,1,0.71943295,1
151738,1,1,1.0,1
151739,1,0,0.079853736,0
151740,1,1,0.999995,1
151741,1,1,0.9998989,1
151742,1,1,0.99419135,1
151743,1,1,1.0,1
151744,1,0,0.010150015,0
151745,1,1,1.0,1
151746,1,1,0.9448931,1
151747,1,1,0.99976856,1
151748,0,0,0.14015962,1
151749,0,0,0.049176436,1
151750,0,0,0.1866133,1
151751,0,0,0.11576064,1
151752,1,1,1.0,1
151753,1,0,0.2213507,0
151754,0,1,0.9987816,0
151755,0,0,0.043042846,1
151756,1,1,0.9999999,1
151757,1,1,0.55096984,1
151758,0,1,0.9989225,0
151759,1,1,0.99999976,1
151760,1,1,0.9407353,1
151761,1,0,0.106411695,0
151762,1,1,0.99495924,1
151763,1,0,0.094426885,0
151764,0,0,0.22850062,1
151765,0,0,0.11027936,1
151766,0,1,0.8891444,0
151767,0,1,0.9737197,0
151768,1,1,0.51903373,1
151769,1,1,0.9995883,1
151770,0,1,0.77304506,0
151771,0,0,0.051082734,1
151772,0,1,0.4572276,0
151773,1,1,0.99994326,1
151774,1,1,0.997285,1
151775,0,1,0.46037987,0
151776,1,1,0.9997439,1
151777,1,1,0.99999404,1
151778,1,1,0.99931085,1
151779,0,1,0.354936,0
151780,1,1,0.99992216,1
151781,1,1,0.9999981,1
151782,1,1,0.970771,1
151783,0,0,0.058722552,1
151784,1,1,0.91352236,1
151785,0,0,0.15565515,1
151786,0,1,0.9976859,0
151787,0,1,0.9862046,0
151788,0,1,0.88018054,0
151789,0,0,0.059155874,1
151790,0,1,0.99913234,0
151791,0,0,0.11571067,1
151792,0,1,0.98651993,0
151793,1,1,0.35448894,1
151794,1,0,0.13660839,0
151795,1,1,0.9795506,1
151796,1,0,0.3198114,0
151797,1,0,0.06644793,0
151798,1,1,0.9999392,1
151799,1,1,1.0,1
151800,1,1,0.6355052,1
151801,1,1,1.0,1
151802,0,1,0.94901186,0
151803,0,0,0.11153119,1
151804,1,0,0.02784845,0
151805,0,0,0.09492911,1
151806,1,1,1.0,1
151807,1,1,0.9735694,1
151808,1,0,0.017242776,0
151809,0,0,0.018797072,1
151810,0,1,0.99999976,0
151811,0,1,0.99529994,0
151812,1,1,1.0,1
151813,1,1,1.0,1
151814,1,0,0.31095585,0
151815,0,0,0.008461998,1
151816,1,1,0.99972683,1
151817,0,0,0.16586316,1
151818,0,0,0.17816807,1
151819,0,1,0.6107437,0
151820,0,1,0.9933589,0
151821,0,1,0.90295243,0
151822,0,1,0.9395816,0
151823,1,0,0.04169577,0
151824,0,1,0.50234985,0
151825,0,1,0.84479356,0
151826,1,1,0.9999893,1
151827,1,0,0.020884216,0
151828,1,1,0.9999864,1
151829,1,0,0.09203286,0
151830,0,1,0.9991991,0
151831,0,0,0.3323104,1
151832,1,1,0.7230651,1
151833,1,1,0.9999875,1
151834,0,0,0.3440026,1
151835,1,1,0.8678218,1
151836,0,0,0.077447854,1
151837,1,1,1.0,1
151838,1,1,1.0,1
151839,0,1,0.8620035,0
151840,0,0,0.08035747,1
151841,1,1,0.9737197,1
151842,1,0,0.06791668,0
151843,1,1,1.0,1
151844,1,0,0.08555635,0
151845,0,0,0.18713267,1
151846,0,0,0.084040605,1
151847,0,1,0.99997485,0
151848,0,0,0.14755519,1
151849,0,1,0.934455,0
151850,0,1,0.9999808,0
151851,0,0,0.011179601,1
151852,0,1,0.99106663,0
151853,1,0,0.21675669,0
151854,1,1,0.9999815,1
151855,0,1,0.41122907,0
151856,1,1,0.9999999,1
151857,0,0,0.010110846,1
151858,0,0,0.17953056,1
151859,1,0,0.08874129,0
151860,1,1,0.9987453,1
151861,0,1,0.99951124,0
151862,0,0,0.16742277,1
151863,1,1,0.9998697,1
151864,1,1,0.9999993,1
151865,1,1,0.6756041,1
151866,0,0,0.09825224,1
151867,1,1,0.9931096,1
151868,1,1,0.99999976,1
151869,0,0,0.15367614,1
151870,0,0,0.037714817,1
151871,0,1,0.9813107,0
151872,1,1,0.8057851,1
151873,1,1,0.9999995,1
151874,1,1,0.99999976,1
151875,1,1,0.9923934,1
151876,0,0,0.15804437,1
151877,1,0,0.02576056,0
151878,0,0,0.010248602,1
151879,0,1,0.9999862,0
151880,0,1,0.9948803,0
151881,0,1,0.4446552,0
151882,1,1,1.0,1
151883,0,1,0.5517549,0
151884,0,0,0.2894721,1
151885,1,0,0.015573563,0
151886,0,0,0.0059110695,1
151887,1,1,0.7336427,1
151888,0,0,0.27615336,1
151889,1,0,0.089136936,0
151890,0,0,0.061762713,1
151891,1,1,0.9999145,1
151892,1,1,0.99998236,1
151893,1,1,0.9969246,1
151894,1,1,0.99996114,1
151895,0,1,0.7367796,0
151896,1,1,0.90295243,1
151897,1,1,0.9875683,1
151898,1,1,1.0,1
151899,0,0,0.031768616,1
151900,1,1,0.99582565,1
151901,0,0,0.052086018,1
151902,0,0,0.031291503,1
151903,1,1,0.9999827,1
151904,1,0,0.06365676,0
151905,1,1,0.99766326,1
151906,1,1,0.9999999,1
151907,1,1,0.99989605,1
151908,1,1,0.9993068,1
151909,1,1,0.9756467,1
151910,1,0,0.030357989,0
151911,0,0,0.23361893,1
151912,1,1,1.0,1
151913,1,1,0.91985875,1
151914,1,1,1.0,1
151915,0,0,0.17660058,1
151916,1,1,0.97093683,1
151917,1,1,0.8962514,1
151918,1,1,0.99594563,1
151919,1,1,1.0,1
151920,0,0,0.042206,1
151921,1,1,1.0,1
151922,0,0,0.02265081,1
151923,1,1,0.99963665,1
151924,1,1,0.99999857,1
151925,1,0,0.029284457,0
151926,0,0,0.017763345,1
151927,0,0,0.11621123,1
151928,1,1,0.9891816,1
151929,0,0,0.018851181,1
151930,1,1,0.9604726,1
151931,0,0,0.17795369,1
151932,1,1,1.0,1
151933,0,1,0.9094255,0
151934,1,0,0.24571796,0
151935,0,1,0.99329424,0
151936,0,1,0.9972691,0
151937,1,1,0.70115066,1
151938,1,1,1.0,1
151939,1,1,0.99998367,1
151940,1,1,0.9998827,1
151941,0,1,0.99723697,0
151942,1,1,1.0,1
151943,0,0,0.18817475,1
151944,0,1,0.996357,0
151945,0,0,0.11240509,1
151946,0,1,0.7137809,0
151947,0,0,0.2062538,1
151948,1,1,1.0,1
151949,1,1,0.98469365,1
151950,1,1,0.9825743,1
151951,0,0,0.08779819,1
151952,0,0,0.035914496,1
151953,0,1,0.99999774,0
151954,0,0,0.052960765,1
151955,0,1,0.9981505,0
151956,0,1,0.41985607,0
151957,1,1,0.7590915,1
151958,1,0,0.013715874,0
151959,0,0,0.041384716,1
151960,1,1,0.89460546,1
151961,0,1,0.8539127,0
151962,0,1,0.6632874,0
151963,1,1,1.0,1
151964,1,1,0.9999783,1
151965,1,1,1.0,1
151966,1,0,0.15304215,0
151967,1,1,0.6736749,1
151968,1,1,0.99999976,1
151969,0,1,0.9971384,0
151970,1,1,0.9999999,1
151971,1,1,0.6927979,1
151972,1,1,0.8115267,1
151973,0,0,0.13922074,1
151974,0,1,0.98102194,0
151975,1,1,0.9990452,1
151976,0,0,0.036459446,1
151977,1,1,0.5843898,1
151978,1,1,0.9999988,1
151979,1,1,0.9987232,1
151980,1,1,0.5575442,1
151981,1,1,0.99900347,1
151982,0,0,0.23890513,1
151983,1,1,0.9947187,1
151984,1,0,0.025107034,0
151985,1,1,0.47709733,1
151986,1,1,0.9999999,1
151987,0,1,0.9999906,0
151988,1,1,1.0,1
151989,0,1,0.8789391,0
151990,0,0,0.02023532,1
151991,0,0,0.019568674,1
151992,1,1,0.99999774,1
151993,1,1,0.51110655,1
151994,1,1,0.7416272,1
151995,0,0,0.1305069,1
151996,0,0,0.00552265,1
151997,1,1,1.0,1
151998,1,1,0.9999924,1
151999,0,0,0.012920474,1
152000,0,0,0.06916357,1
152001,1,1,0.8265718,1
152002,1,0,0.009917223,0
152003,1,1,1.0,1
152004,1,1,0.9720191,1
152005,1,1,0.9999999,1
152006,1,0,0.014985891,0
152007,1,1,0.9997826,1
152008,0,1,0.63973606,0
152009,1,0,0.023757325,0
152010,0,0,0.026683092,1
152011,1,1,1.0,1
152012,0,0,0.019437952,1
152013,0,0,0.32971537,1
152014,1,0,0.018142106,0
152015,0,0,0.06602512,1
152016,0,0,0.18484107,1
152017,0,1,0.99999976,0
152018,0,1,0.3784591,0
152019,1,0,0.18572558,0
152020,1,1,0.94639885,1
152021,0,0,0.32707694,1
152022,0,0,0.2271263,1
152023,1,1,0.99961925,1
152024,0,0,0.07758752,1
152025,1,0,0.12173796,0
152026,1,0,0.14294825,0
152027,0,0,0.090896755,1
152028,1,1,0.6865277,1
152029,1,1,0.994292,1
152030,0,0,0.17085357,1
152031,0,1,0.99974185,0
152032,1,0,0.0570714,0
152033,1,0,0.016561339,0
152034,0,1,0.37937838,0
152035,1,1,0.99986863,1
152036,0,0,0.1407491,1
152037,0,0,0.12189465,1
152038,0,1,0.4675445,0
152039,0,1,0.9928924,0
152040,1,1,1.0,1
152041,1,1,0.9999968,1
152042,1,1,0.84859616,1
152043,0,1,0.82824534,0
152044,1,0,0.34831253,0
152045,0,0,0.08359068,1
152046,0,1,0.68124986,0
152047,1,1,0.99999917,1
152048,0,1,0.4065085,0
152049,0,1,0.36795133,0
152050,0,1,0.47088867,0
152051,0,0,0.03216145,1
152052,1,1,0.999995,1
152053,1,1,1.0,1
152054,0,1,0.9999491,0
152055,0,1,0.99947566,0
152056,1,1,0.9999162,1
152057,0,0,0.08028533,1
152058,1,1,0.99999166,1
152059,1,1,0.9999114,1
152060,0,1,0.58829796,0
152061,0,0,0.032222297,1
152062,1,1,0.9777776,1
152063,0,0,0.25711167,1
152064,0,1,0.99970347,0
152065,0,0,0.11576064,1
152066,1,1,0.99997497,1
152067,0,1,0.69735134,0
152068,0,0,0.12973315,1
152069,1,1,0.73478615,1
152070,1,1,0.9999076,1
152071,1,1,0.99997747,1
152072,1,1,0.9999863,1
152073,1,0,0.026380423,0
152074,1,1,1.0,1
152075,0,0,0.13307686,1
152076,1,1,0.9999993,1
152077,1,1,0.9999883,1
152078,1,0,0.24086387,0
152079,1,1,0.9992519,1
152080,0,0,0.02854415,1
152081,1,0,0.07942426,0
152082,0,0,0.14015962,1
152083,1,1,0.8115267,1
152084,1,1,0.99216896,1
152085,0,0,0.0060152626,1
152086,0,0,0.046855625,1
152087,0,1,0.99428093,0
152088,0,0,0.10669061,1
152089,1,1,0.5782696,1
152090,0,1,0.41516557,0
152091,0,0,0.13426429,1
152092,1,1,0.99999905,1
152093,0,0,0.15928277,1
152094,1,1,1.0,1
152095,0,1,0.6940435,0
152096,0,1,0.7699463,0
152097,0,0,0.2351962,1
152098,0,0,0.014672034,1
152099,1,1,0.5458305,1
152100,1,1,0.9997918,1
152101,1,1,0.90747637,1
152102,1,1,0.35239676,1
152103,1,1,1.0,1
152104,0,0,0.098772585,1
152105,1,1,1.0,1
152106,1,1,0.7406436,1
152107,1,1,0.40568417,1
152108,1,0,0.019756919,0
152109,0,1,0.9951703,0
152110,0,1,0.42354742,0
152111,1,1,0.8230441,1
152112,0,1,0.98609793,0
152113,1,1,0.90000373,1
152114,0,1,0.9958175,0
152115,0,1,0.9999703,0
152116,0,0,0.01919745,1
152117,0,1,0.99997497,0
152118,0,1,0.9991491,0
152119,1,1,0.9764232,1
152120,1,1,1.0,1
152121,0,0,0.10866097,1
152122,1,1,0.9989778,1
152123,1,1,0.94858485,1
152124,1,1,1.0,1
152125,1,1,0.9998273,1
152126,1,1,1.0,1
152127,0,0,0.14390808,1
152128,0,1,0.7178533,0
152129,1,1,0.99998844,1
152130,0,1,0.9976126,0
152131,0,0,0.2961451,1
152132,0,1,0.96805066,0
152133,1,1,1.0,1
152134,0,0,0.006326631,1
152135,1,1,0.96544635,1
152136,1,0,0.27943504,0
152137,0,1,0.425277,0
152138,0,1,0.9999914,0
152139,1,0,0.12262824,0
152140,1,1,0.999997,1
152141,0,1,0.99999464,0
152142,1,1,0.9996207,1
152143,1,1,0.99999976,1
152144,1,1,0.9999994,1
152145,1,1,0.7381975,1
152146,0,0,0.058131598,1
152147,1,1,0.9708817,1
152148,0,0,0.019966036,1
152149,1,1,0.9998585,1
152150,1,1,0.99954873,1
152151,0,1,0.99984646,0
152152,0,1,0.51860714,0
152153,1,1,0.9999956,1
152154,0,0,0.10484337,1
152155,0,1,0.6472967,0
152156,1,1,0.9999962,1
152157,0,0,0.28437722,1
152158,0,1,0.9024378,0
152159,0,0,0.027376488,1
152160,1,1,0.9999944,1
152161,1,1,0.9974541,1
152162,0,0,0.08166611,1
152163,1,1,1.0,1
152164,0,1,0.78282857,0
152165,1,1,0.9977569,1
152166,1,1,0.71790266,1
152167,1,0,0.0013147246,0
152168,0,0,0.05525965,1
152169,0,1,0.84972197,0
152170,0,1,0.45550132,0
152171,0,0,0.016152835,1
152172,1,1,0.99979097,1
152173,1,1,0.9997023,1
152174,0,0,0.025347177,1
152175,0,0,0.16184944,1
152176,0,1,0.49926758,0
152177,1,1,0.96347195,1
152178,1,1,0.9957848,1
152179,0,0,0.3339375,1
152180,0,0,0.11726853,1
152181,0,0,0.10856642,1
152182,1,0,0.0147996405,0
152183,0,1,0.38323727,0
152184,0,1,0.9996451,0
152185,1,1,0.39041775,1
152186,1,1,1.0,1
152187,1,1,0.999997,1
152188,1,1,0.9418684,1
152189,1,1,0.9985702,1
152190,1,1,0.99632144,1
152191,1,0,0.30105373,0
152192,1,0,0.107437484,0
152193,1,1,0.9819447,1
152194,0,0,0.13100637,1
152195,1,1,0.9997998,1
152196,0,0,0.17560875,1
152197,1,1,0.50448596,1
152198,0,0,0.0015158916,1
152199,0,0,0.093678005,1
152200,1,1,0.62755185,1
152201,1,1,0.90235174,1
152202,0,1,0.99928623,0
152203,1,1,0.9999809,1
152204,1,0,0.29792935,0
152205,0,0,0.08108211,1
152206,0,0,0.087720014,1
152207,0,0,0.31779665,1
152208,0,0,0.0385747,1
152209,1,1,0.99973875,1
152210,0,1,0.48060057,0
152211,1,1,0.99999833,1
152212,0,0,0.01200735,1
152213,0,1,0.9999944,0
152214,1,1,1.0,1
152215,1,0,0.011961098,0
152216,0,1,0.9851576,0
152217,1,1,0.9997677,1
152218,1,1,0.9999975,1
152219,0,1,0.99688846,0
152220,1,1,0.9961681,1
152221,1,1,0.8983214,1
152222,1,1,1.0,1
152223,1,1,0.9998568,1
152224,1,1,1.0,1
152225,0,0,0.0011051808,1
152226,1,1,0.99996233,1
152227,0,0,0.022350112,1
152228,0,0,0.028490044,1
152229,0,0,0.035144847,1
152230,0,1,0.38621348,0
152231,1,1,0.99338466,1
152232,0,1,0.6984837,0
152233,1,1,0.43815404,1
152234,1,1,0.9999403,1
152235,0,0,0.13150749,1
152236,0,1,0.5112286,0
152237,1,1,0.98544043,1
152238,0,1,0.3982894,0
152239,0,0,0.1153614,1
152240,0,1,0.99980515,0
152241,1,1,0.9999846,1
152242,0,1,0.9864157,0
152243,0,0,0.062216975,1
152244,1,0,0.33377463,0
152245,0,0,0.01964376,1
152246,1,1,0.9999999,1
152247,1,1,0.35460067,1
152248,1,1,0.9999901,1
152249,1,1,0.99989283,1
152250,0,1,0.9861514,0
152251,1,1,0.9956091,1
152252,0,0,0.06278921,1
152253,1,1,0.99945897,1
152254,1,1,0.99835795,1
152255,1,1,0.9322685,1
152256,1,1,0.99999976,1
152257,1,1,0.99973255,1
152258,1,1,0.95594025,1
152259,0,1,0.7821637,0
152260,1,1,1.0,1
152261,1,1,0.93312675,1
152262,0,1,0.9948704,0
152263,0,0,0.043487497,1
152264,0,0,0.021635992,1
152265,1,1,0.6545084,1
152266,1,1,0.79865825,1
152267,1,1,0.99946004,1
152268,1,1,0.36263058,1
152269,1,1,0.6213686,1
152270,1,1,0.99960107,1
152271,1,1,1.0,1
152272,1,0,0.091301054,0
152273,0,1,0.95880854,0
152274,0,1,0.99736315,0
152275,1,1,0.99935,1
152276,1,1,0.9251624,1
152277,1,0,0.009540926,0
152278,1,1,0.44788286,1
152279,0,1,0.9971607,0
152280,0,0,0.2703839,1
152281,0,0,0.057918087,1
152282,0,1,0.74190784,0
152283,0,0,0.25930947,1
152284,0,0,0.18257123,1
152285,1,0,0.0524731,0
152286,0,0,0.00198004,1
152287,0,0,0.0025909792,1
152288,1,0,0.081959546,0
152289,0,0,0.05686155,1
152290,0,0,0.091220066,1
152291,1,1,0.7421415,1
152292,0,1,0.5981362,0
152293,0,0,0.009055264,1
152294,0,0,0.089375086,1
152295,1,1,0.8112278,1
152296,1,1,1.0,1
152297,1,1,0.5452252,1
152298,0,1,0.99184376,0
152299,1,0,0.15121572,0
152300,1,1,0.99999976,1
152301,0,0,0.14324762,1
152302,1,1,0.99936134,1
152303,1,1,0.99999857,1
152304,0,0,0.1240007,1
152305,0,0,0.06530615,1
152306,0,1,0.9881765,0
152307,1,0,0.046335038,0
152308,0,0,0.070816204,1
152309,1,1,1.0,1
152310,1,1,0.9186264,1
152311,1,1,0.9999664,1
152312,1,1,1.0,1
152313,0,0,0.05608106,1
152314,0,1,0.9999962,0
152315,1,0,0.3438924,0
152316,0,0,0.10795362,1
152317,1,1,0.9999893,1
152318,1,1,0.9950563,1
152319,1,1,0.9999999,1
152320,1,1,0.99999964,1
152321,1,1,0.99999607,1
152322,0,0,0.0018172832,1
152323,1,1,0.57493186,1
152324,1,1,0.83682144,1
152325,1,0,0.017475989,0
152326,0,0,0.07270252,1
152327,1,1,0.99995995,1
152328,1,1,0.99999976,1
152329,1,1,0.999998,1
152330,0,0,0.11531158,1
152331,0,1,0.45096374,0
152332,1,1,0.999944,1
152333,1,1,0.7641884,1
152334,1,1,0.99998784,1
152335,1,1,0.9999292,1
152336,0,1,0.9999982,0
152337,1,1,0.35529938,1
152338,1,1,0.99897975,1
152339,1,1,1.0,1
152340,1,0,0.019032659,0
152341,0,1,0.39954802,0
152342,0,0,0.09955772,1
152343,1,1,0.999992,1
152344,0,0,0.11187033,1
152345,1,1,0.35153365,1
152346,0,0,0.04328485,1
152347,1,1,0.9909972,1
152348,1,1,1.0,1
152349,1,1,0.82866174,1
152350,1,1,0.9999993,1
152351,0,0,0.1665398,1
152352,1,0,0.1655931,0
152353,1,1,0.99994326,1
152354,0,1,0.42193884,0
152355,1,1,0.9308365,1
152356,1,0,0.21584621,0
152357,1,0,0.13466209,0
152358,0,0,0.07362963,1
152359,1,1,0.51000845,1
152360,1,0,0.049451128,0
152361,1,1,0.47569665,1
152362,0,1,0.9951231,0
152363,0,0,0.3432867,1
152364,0,0,0.114665605,1
152365,0,1,0.96138906,0
152366,0,1,0.47371808,0
152367,0,0,0.015276946,1
152368,1,1,0.9841546,1
152369,0,0,0.25210774,1
152370,0,1,0.45066157,0
152371,0,0,0.02973191,1
152372,0,1,0.7176554,0
152373,1,1,0.99951494,1
152374,1,1,0.9351691,1
152375,0,0,0.09309923,1
152376,0,0,0.23178807,1
152377,1,1,0.9940544,1
152378,0,0,0.17433996,1
152379,0,0,0.06596493,1
152380,1,1,0.99999845,1
152381,0,1,0.5479479,0
152382,1,1,0.67923194,1
152383,1,1,0.9999999,1
152384,0,0,0.0140636265,1
152385,1,0,0.23048648,0
152386,1,1,0.61259943,1
152387,1,0,0.11971655,0
152388,1,0,0.14560063,0
152389,1,1,1.0,1
152390,1,1,0.99999225,1
152391,1,1,0.98026204,1
152392,1,1,0.9989287,1
152393,1,1,1.0,1
152394,1,1,0.9950659,1
152395,1,1,0.98975134,1
152396,0,1,0.6017691,0
152397,1,0,0.21833587,0
152398,0,1,0.6204492,0
152399,1,0,0.116864756,0
152400,1,1,1.0,1
152401,0,1,0.9999999,0
152402,1,1,0.9813286,1
152403,0,1,0.9995819,0
152404,1,1,0.87831426,1
152405,0,0,0.07654563,1
152406,0,0,0.017917344,1
152407,1,1,0.99978,1
152408,0,0,0.036459446,1
152409,0,1,0.9886464,0
152410,0,0,0.042048372,1
152411,1,1,0.9999999,1
152412,0,0,0.074432954,1
152413,1,1,0.9997154,1
152414,1,1,0.9934865,1
152415,0,1,0.9982827,0
152416,1,0,0.042009052,0
152417,1,0,0.11956225,0
152418,0,1,0.8318272,0
152419,0,1,0.35376298,0
152420,0,1,0.91700584,0
152421,1,1,1.0,1
152422,1,0,0.16694687,0
152423,1,1,0.9999999,1
152424,0,0,0.19899648,1
152425,0,1,0.5054929,0
152426,0,1,0.7266681,0
152427,1,1,0.99987614,1
152428,0,0,0.044431433,1
152429,1,1,0.87810534,1
152430,1,1,1.0,1
152431,0,0,0.04401865,1
152432,1,1,1.0,1
152433,0,0,0.04556445,1
152434,1,0,0.033023555,0
152435,1,1,0.5239684,1
152436,1,1,0.99999964,1
152437,1,1,0.99993026,1
152438,1,1,0.86613256,1
152439,0,1,0.93257624,0
152440,0,0,0.036459446,1
152441,1,1,0.99999905,1
152442,1,1,0.9998894,1
152443,1,1,1.0,1
152444,1,1,1.0,1
152445,0,1,0.62503767,0
152446,1,1,0.6836835,1
152447,0,0,0.058722552,1
152448,1,1,0.9999999,1
152449,0,1,0.99999034,0
152450,1,1,0.99999857,1
152451,0,1,0.6503007,0
152452,1,1,0.9939731,1
152453,1,1,0.99999917,1
152454,1,1,0.9999398,1
152455,1,1,0.99999976,1
152456,0,0,0.08456833,1
152457,1,1,1.0,1
152458,0,1,0.99961925,0
152459,0,0,0.21125406,1
152460,1,1,0.9471371,1
152461,0,1,0.42503834,0
152462,1,1,0.99996734,1
152463,0,1,0.9125142,0
152464,1,1,0.9999994,1
152465,0,0,0.15222117,1
152466,1,1,0.99999964,1
152467,1,1,0.9996768,1
152468,0,0,0.07921033,1
152469,1,0,0.25664562,0
152470,1,1,0.96521765,1
152471,1,1,1.0,1
152472,1,0,1.1015954e-06,0
152473,0,1,1.0,0
152474,0,0,0.023939194,1
152475,1,1,0.9401336,1
152476,1,0,0.29446852,0
152477,0,1,0.99985576,0
152478,1,1,0.98886347,1
152479,1,1,1.0,1
152480,0,0,0.027663978,1
152481,1,0,0.12210386,0
152482,0,1,0.9410612,0
152483,0,1,0.4320035,0
152484,1,1,0.99998474,1
152485,1,1,1.0,1
152486,0,1,0.90821165,0
152487,0,0,0.12220859,1
152488,1,1,0.9999347,1
152489,0,1,0.9808209,0
152490,0,0,0.14572217,1
152491,0,0,0.008187911,1
152492,1,1,0.89302987,1
152493,0,1,0.48986956,0
152494,0,1,0.99999976,0
152495,0,0,0.19110113,1
152496,0,0,0.10875559,1
152497,1,1,0.9988531,1
152498,0,1,0.97550696,0
152499,1,0,0.019179069,0
152500,0,1,0.35331663,0
152501,0,0,0.014587567,1
152502,1,1,1.0,1
152503,0,0,0.22295383,1
152504,1,1,0.9999969,1
152505,0,0,0.05644403,1
152506,1,1,0.70831347,1
152507,0,0,0.3122127,1
152508,1,1,1.0,1
152509,0,1,0.9999982,0
152510,0,0,0.023939194,1
152511,0,0,0.19452079,1
152512,0,0,0.16284543,1
152513,1,1,1.0,1
152514,0,1,0.9920002,0
152515,0,1,0.7254056,0
152516,0,0,0.0354775,1
152517,1,1,0.9999857,1
152518,0,0,0.063773274,1
152519,1,1,0.9999461,1
152520,0,0,0.22329238,1
152521,1,0,0.17092276,0
152522,1,0,0.3501991,0
152523,0,0,0.16000333,1
152524,1,1,0.9431908,1
152525,0,1,0.75082695,0
152526,1,1,1.0,1
152527,1,0,0.1606607,0
152528,1,0,0.05037733,0
152529,0,1,0.3543772,0
152530,0,1,0.8352149,0
152531,1,1,0.9999988,1
152532,0,0,0.09492911,1
152533,1,1,0.9997017,1
152534,1,0,0.29941237,0
152535,1,1,0.8601343,1
152536,1,1,0.9998894,1
152537,1,1,0.35532737,1
152538,1,1,0.99956864,1
152539,0,0,0.034036152,1
152540,0,1,0.9865976,0
152541,1,0,0.042087723,0
152542,0,1,0.9999654,0
152543,0,0,0.28229508,1
152544,1,0,0.14139993,0
152545,1,1,0.9763331,1
152546,1,1,0.9999981,1
152547,0,0,0.08381536,1
152548,0,0,0.05531065,1
152549,0,0,0.10673714,1
152550,1,1,0.99550545,1
152551,1,1,1.0,1
152552,1,1,0.9997154,1
152553,0,0,0.0385747,1
152554,1,1,0.99998367,1
152555,0,1,0.6353921,0
152556,1,1,0.999998,1
152557,1,1,0.9999924,1
152558,1,1,1.0,1
152559,0,0,0.13614833,1
152560,1,1,0.99999964,1
152561,0,1,0.705024,0
152562,1,1,0.3816228,1
152563,0,1,0.9603612,0
152564,1,1,1.0,1
152565,0,0,0.09227797,1
152566,1,1,0.9999994,1
152567,0,0,0.04668148,1
152568,0,1,0.982591,0
152569,1,0,0.31864414,0
152570,0,1,0.9998722,0
152571,0,0,0.011375601,1
152572,0,0,0.028034119,1
152573,1,1,1.0,1
152574,1,1,1.0,1
152575,1,1,1.0,1
152576,1,1,0.49633795,1
152577,1,1,0.9922144,1
152578,1,0,0.31599978,0
152579,1,0,0.07878402,0
152580,0,0,0.037256766,1
152581,0,1,0.99999034,0
152582,0,1,0.99920684,0
152583,0,1,0.9714829,0
152584,0,1,0.99994934,0
152585,1,1,0.9999691,1
152586,1,0,0.10221505,0
152587,1,1,0.43449125,1
152588,1,0,0.21617696,0
152589,1,1,0.65373504,1
152590,1,1,0.99897975,1
152591,0,0,0.12549345,1
152592,0,0,0.17175467,1
152593,1,1,0.9985923,1
152594,1,1,0.91006696,1
152595,0,1,0.76821196,0
152596,1,1,0.961171,1
152597,0,0,0.16505408,1
152598,1,0,0.058131598,0
152599,0,0,0.12863456,1
152600,1,1,0.999982,1
152601,1,1,0.917746,1
152602,1,1,0.9923934,1
152603,1,0,0.10999224,0
152604,0,1,0.9899476,0
152605,1,1,0.98447126,1
152606,1,1,0.9998198,1
152607,0,1,0.797478,0
152608,0,0,0.049958523,1
152609,1,1,0.9999995,1
152610,1,1,0.99999857,1
152611,0,1,0.5835594,0
152612,1,1,0.92729753,1
152613,1,1,0.9978173,1
152614,1,0,0.13974822,0
152615,1,1,0.7600278,1
152616,0,1,0.99855345,0
152617,1,1,0.998092,1
152618,0,1,0.99999475,0
152619,0,0,0.14223188,1
152620,1,1,0.99999666,1
152621,0,1,0.992597,0
152622,1,1,0.99998116,1
152623,1,1,0.9394706,1
152624,1,1,0.9999939,1
152625,0,1,0.8838389,0
152626,0,1,0.9984053,0
152627,0,0,0.07389652,1
152628,1,0,0.010881333,0
152629,1,1,0.9997584,1
152630,1,1,1.0,1
152631,1,1,0.9999943,1
152632,0,0,0.1525365,1
152633,0,1,0.5280467,0
152634,1,1,0.9999999,1
152635,1,1,1.0,1
152636,1,1,0.94458723,1
152637,1,1,0.99956185,1
152638,0,1,0.98478174,0
152639,0,1,0.88592786,0
152640,0,0,0.09747628,1
152641,1,1,1.0,1
152642,1,1,0.53928655,1
152643,1,1,0.9990619,1
152644,0,0,0.06359858,1
152645,1,1,0.96688277,1
152646,0,0,0.20473911,1
152647,1,1,1.0,1
152648,0,1,0.39321026,0
152649,0,0,0.025274899,1
152650,1,1,0.9999999,1
152651,0,0,0.08456833,1
152652,0,0,0.13189834,1
152653,0,1,0.9848984,0
152654,0,0,0.026480937,1
152655,0,0,0.16552565,1
152656,0,1,0.9965436,0
152657,0,0,0.04050277,1
152658,0,1,0.9244834,0
152659,1,0,0.05623634,0
152660,0,0,0.05094091,1
152661,1,0,0.17838266,0
152662,0,0,0.25238404,1
152663,0,1,0.99964714,0
152664,0,0,0.15266278,1
152665,1,0,0.24753241,0
152666,1,1,1.0,1
152667,0,1,0.9662198,0
152668,1,0,0.28957257,0
152669,0,1,0.9999988,0
152670,1,1,0.9889705,1
152671,0,1,0.581719,0
152672,1,1,1.0,1
152673,1,1,0.99372226,1
152674,0,0,0.026810195,1
152675,1,1,0.7572562,1
152676,0,0,0.08969352,1
152677,0,0,0.16337869,1
152678,0,1,0.80730873,0
152679,1,0,0.32863715,0
152680,0,0,0.245085,1
152681,1,1,0.99987805,1
152682,0,1,0.5696731,0
152683,1,1,0.9985221,1
152684,0,1,0.66958284,0
152685,1,1,0.99999964,1
152686,0,1,0.99988985,0
152687,1,0,0.3205022,0
152688,0,0,0.028980628,1
152689,1,1,1.0,1
152690,0,1,0.704211,0
152691,1,1,0.9994611,1
152692,0,0,0.17189364,1
152693,1,1,0.5162906,1
152694,0,0,0.03289904,1
152695,1,1,0.9999964,1
152696,0,1,0.41460255,0
152697,0,1,0.9983418,0
152698,0,1,0.89077026,0
152699,0,1,0.9953454,0
152700,1,0,0.12085323,0
152701,0,0,0.082549304,1
152702,0,0,0.026861202,1
152703,0,0,0.04115289,1
152704,0,0,0.13968952,1
152705,1,1,0.9999988,1
152706,1,1,1.0,1
152707,1,0,0.03143985,0
152708,0,0,0.12064587,1
152709,1,1,0.9999465,1
152710,1,1,0.9998273,1
152711,1,1,0.9999666,1
152712,0,1,0.8293538,0
152713,1,1,0.972178,1
152714,0,0,0.032252766,1
152715,1,0,0.04738177,0
152716,1,1,0.99543506,1
152717,1,1,0.99998033,1
152718,1,0,0.1363207,0
152719,1,1,0.5940215,1
152720,0,1,0.5929023,0
152721,0,1,0.996557,0
152722,0,0,0.09081609,1
152723,0,0,0.10275402,1
152724,1,1,0.367327,1
152725,0,0,0.020429844,1
152726,1,1,0.5891255,1
152727,0,1,0.8951567,0
152728,1,1,1.0,1
152729,0,0,0.18653922,1
152730,0,0,0.10484337,1
152731,1,1,0.99085677,1
152732,1,1,1.0,1
152733,0,0,0.2679346,1
152734,1,0,0.14414886,0
152735,1,1,0.98953116,1
152736,1,1,0.6438333,1
152737,1,0,0.2949252,0
152738,1,0,0.044472914,0
152739,0,1,0.79502225,0
152740,0,1,0.9591543,0
152741,1,0,0.06766981,0
152742,0,0,0.11676401,1
152743,1,1,0.99996114,1
152744,1,1,0.953665,1
152745,1,1,0.85536855,1
152746,0,1,0.91767234,0
152747,0,1,0.599954,0
152748,0,0,0.15090261,1
152749,1,0,0.22832853,0
152750,0,0,0.006564249,1
152751,1,1,0.9951984,1
152752,0,1,0.40001673,0
152753,0,1,0.92007446,0
152754,1,0,0.14866413,0
152755,1,1,0.5837967,1
152756,0,0,0.056913942,1
152757,0,0,0.095433734,1
152758,0,1,1.0,0
152759,1,1,1.0,1
152760,0,0,0.06430006,1
152761,1,1,0.9740673,1
152762,1,1,0.93784,1
152763,1,1,1.0,1
152764,1,0,0.08299413,0
152765,1,0,0.21750368,0
152766,1,1,0.9998902,1
152767,0,0,0.15713686,1
152768,1,1,0.99998164,1
152769,0,1,0.99999833,0
152770,1,1,0.6748545,1
152771,1,1,0.9999999,1
152772,1,1,0.9999553,1
152773,1,1,1.0,1
152774,1,0,0.087720014,0
152775,1,1,1.0,1
152776,1,1,0.48029587,1
152777,1,1,0.5782696,1
152778,0,0,0.2830872,1
152779,1,1,0.9894091,1
152780,1,1,0.9999989,1
152781,1,1,0.9995883,1
152782,0,1,0.9381806,0
152783,1,1,1.0,1
152784,1,1,0.96267307,1
152785,0,0,0.094426885,1
152786,1,1,0.9407897,1
152787,1,1,0.9999914,1
152788,0,1,0.48925948,0
152789,0,1,0.9999057,0
152790,1,1,0.98215127,1
152791,1,1,0.98340684,1
152792,1,1,0.7814974,1
152793,1,1,0.9999999,1
152794,1,1,0.6238926,1
152795,1,1,0.984516,1
152796,0,1,0.8586,0
152797,0,1,0.90414387,0
152798,0,1,0.716169,0
152799,1,1,0.9883128,1
152800,0,1,0.9739189,0
152801,0,1,0.63686144,0
152802,1,1,0.9999814,1
152803,1,1,0.98007214,1
152804,1,1,0.6847386,1
152805,0,1,0.57701874,0
152806,0,0,0.19821933,1
152807,0,0,0.091301054,1
152808,1,1,0.99460465,1
152809,1,0,0.10687689,0
152810,0,0,0.19072402,1
152811,0,0,0.3024941,1
152812,1,1,0.9999969,1
152813,0,0,0.31278965,1
152814,1,1,0.7871142,1
152815,1,1,0.99999845,1
152816,0,1,0.8272706,0
152817,1,0,0.120438814,0
152818,1,1,0.99983454,1
152819,0,0,0.18787654,1
152820,0,1,0.49206612,0
152821,0,0,0.05948283,1
152822,1,0,0.035880692,0
152823,1,0,0.17168525,0
152824,0,0,0.046378206,1
152825,0,0,0.10715685,1
152826,1,0,0.18417984,0
152827,1,1,0.62869245,1
152828,1,1,0.996183,1
152829,0,1,0.48361793,0
152830,0,1,0.6052742,0
152831,0,1,0.73876333,0
152832,1,1,0.9999999,1
152833,0,1,0.46635953,0
152834,0,0,0.047558397,1
152835,1,1,0.9982926,1
152836,1,1,0.99695444,1
152837,1,1,0.9997594,1
152838,0,1,0.39094082,0
152839,1,1,1.0,1
152840,1,0,0.08866235,0
152841,1,0,0.099382766,0
152842,0,1,0.4292798,0
152843,0,1,0.9999927,0
152844,1,0,0.06359858,0
152845,0,0,0.23344414,1
152846,0,1,0.44975513,0
152847,0,0,0.091382094,1
152848,1,1,0.9905143,1
152849,1,1,0.9997464,1
152850,1,1,1.0,1
152851,1,1,1.0,1
152852,1,1,0.9628831,1
152853,0,1,0.79286546,0
152854,1,1,0.9999857,1
152855,1,0,0.0027629985,0
152856,1,1,0.9997478,1
152857,1,0,0.20354918,0
152858,0,0,0.04308309,1
152859,1,1,1.0,1
152860,0,0,0.08819005,1
152861,0,0,0.11716748,1
152862,1,1,0.99999976,1
152863,1,1,0.99978346,1
152864,1,1,1.0,1
152865,0,1,0.9860443,0
152866,1,1,1.0,1
152867,1,1,0.6866328,1
152868,1,1,0.9564718,1
152869,0,1,0.9250271,0
152870,0,0,0.1732882,1
152871,0,1,0.9998574,0
152872,1,1,0.94762397,1
152873,0,0,0.10706346,1
152874,1,1,0.9978173,1
152875,1,1,1.0,1
152876,1,0,0.04681203,0
152877,0,0,0.022201227,1
152878,0,0,0.08441725,1
152879,0,0,0.2805178,1
152880,0,1,0.48675847,0
152881,1,1,0.99990165,1
152882,0,0,0.055823144,1
152883,1,1,1.0,1
152884,1,1,0.9999949,1
152885,1,1,0.9999881,1
152886,1,1,0.7710687,1
152887,1,1,1.0,1
152888,1,1,0.9999999,1
152889,0,1,0.9999869,0
152890,0,0,0.17224145,1
152891,0,1,0.677314,0
152892,1,1,0.9994307,1
152893,0,0,0.08028533,1
152894,1,1,0.38352585,1
152895,0,1,0.90481883,0
152896,0,0,0.0815929,1
152897,0,1,0.99997723,0
152898,1,1,1.0,1
152899,1,1,0.9424538,1
152900,1,0,0.30373183,0
152901,0,0,0.1375904,1
152902,0,1,0.79565805,0
152903,0,0,0.093760945,1
152904,1,0,0.12890846,0
152905,0,0,0.1067837,1
152906,0,0,0.17953056,1
152907,1,1,1.0,1
152908,0,0,0.13245842,1
152909,1,1,0.99998426,1
152910,1,1,0.8493474,1
152911,1,0,0.21125406,0
152912,1,0,0.2062538,0
152913,1,1,1.0,1
152914,0,0,0.095265254,1
152915,1,1,1.0,1
152916,1,1,0.71893984,1
152917,0,0,0.12033541,1
152918,0,1,0.35706294,0
152919,1,0,0.16424818,0
152920,1,1,0.9999558,1
152921,0,1,0.9997459,0
152922,1,1,0.99861145,1
152923,1,1,0.9977437,1
152924,0,1,0.53509843,0
152925,0,0,0.18462047,1
152926,1,1,1.0,1
152927,1,1,1.0,1
152928,0,0,0.08181271,1
152929,0,0,0.020293487,1
152930,1,0,0.10669061,0
152931,1,1,0.99366105,1
152932,0,0,0.0025114634,1
152933,1,1,0.9999994,1
152934,1,1,0.99999726,1
152935,1,1,0.9915216,1
152936,1,1,0.9993148,1
152937,0,0,0.004736749,1
152938,0,0,0.1821344,1
152939,1,1,0.98871195,1
152940,1,1,0.48663646,1
152941,0,1,0.9999993,0
152942,1,1,1.0,1
152943,0,0,0.055874642,1
152944,1,0,0.022032263,0
152945,0,1,0.4887714,0
152946,0,1,0.9996673,0
152947,0,1,0.9999994,0
152948,1,1,0.99998784,1
152949,0,1,0.9999695,0
152950,0,1,0.8025555,0
152951,1,0,0.030357989,0
152952,0,0,0.33884242,1
152953,1,1,0.9675024,1
152954,1,1,0.81077874,1
152955,0,0,0.18557791,1
152956,0,0,0.25460163,1
152957,1,1,1.0,1
152958,0,0,0.064830884,1
152959,0,0,0.25860673,1
152960,0,1,0.99917525,0
152961,1,1,0.99428093,1
152962,1,1,0.9996451,1
152963,0,1,0.49212712,0
152964,1,1,0.9999709,1
152965,1,0,0.20577459,0
152966,1,0,0.07423137,0
152967,0,1,0.9184803,0
152968,1,1,0.56355816,1
152969,1,1,0.99709916,1
152970,1,0,0.032620545,0
152971,0,0,0.07793769,1
152972,1,1,0.60480744,1
152973,1,1,0.99999,1
152974,0,1,0.5335797,0
152975,1,1,0.9650863,1
152976,0,1,0.6410292,0
152977,0,0,0.010673115,1
152978,0,1,0.8240375,0
152979,1,1,1.0,1
152980,1,1,0.9999994,1
152981,1,1,1.0,1
152982,0,0,0.010110846,1
152983,0,0,0.18869746,1
152984,1,1,0.82261705,1
152985,0,0,0.05103542,1
152986,0,1,0.99981695,0
152987,1,1,0.9999372,1
152988,1,1,0.9999778,1
152989,1,0,0.20212801,0
152990,1,1,0.9567556,1
152991,0,0,0.02335303,1
152992,1,0,0.3201301,0
152993,1,1,0.99999917,1
152994,1,1,1.0,1
152995,0,0,0.10922978,1
152996,1,1,0.99949956,1
152997,0,1,0.99999714,0
152998,0,1,0.49737552,0
152999,0,1,1.0,0
153000,0,0,0.30886734,1
153001,1,1,1.0,1
153002,1,1,0.5128756,1
153003,1,1,0.99999857,1
153004,0,1,0.75658244,0
153005,1,1,0.98667485,1
153006,1,1,0.9999949,1
153007,1,1,0.9948902,1
153008,1,0,0.02876159,0
153009,1,1,1.0,1
153010,0,0,0.31142685,1
153011,0,1,0.44212458,0
153012,1,1,0.48563018,1
153013,1,1,0.9999372,1
153014,0,1,0.45571327,0
153015,0,0,0.012576347,1
153016,0,0,0.083965465,1
153017,0,1,0.60375667,0
153018,0,1,0.99960726,0
153019,0,1,0.94224155,0
153020,0,1,0.63516587,0
153021,0,0,0.006277706,1
153022,1,1,1.0,1
153023,1,1,0.9999999,1
153024,1,1,0.9999728,1
153025,1,1,0.99999976,1
153026,1,0,0.10338597,0
153027,1,0,0.2683658,0
153028,1,0,0.17483254,0
153029,0,1,0.47682327,0
153030,1,1,0.8077641,1
153031,0,0,0.29305032,1
153032,0,1,0.86408126,0
153033,1,1,0.8153795,1
153034,0,0,0.06822642,1
153035,0,1,0.99999714,0
153036,0,1,0.97223073,0
153037,1,1,0.9999933,1
153038,0,0,0.12331283,1
153039,1,1,0.95888567,1
153040,1,1,0.9921233,1
153041,1,1,0.7178533,1
153042,0,0,0.012194132,1
153043,1,0,0.09602549,0
153044,1,1,0.7480763,1
153045,1,1,0.9999677,1
153046,1,1,0.99978095,1
153047,0,0,0.047293693,1
153048,0,0,0.04054074,1
153049,0,0,0.019624962,1
153050,0,0,0.115960725,1
153051,1,1,1.0,1
153052,0,1,0.9984692,0
153053,1,0,0.18772759,0
153054,1,1,0.5218976,1
153055,1,1,0.56535876,1
153056,1,1,0.9997192,1
153057,0,1,0.9999999,0
153058,1,0,0.106597565,0
153059,1,1,1.0,1
153060,0,0,0.09484525,1
153061,1,1,0.99999654,1
153062,1,0,0.08449276,0
153063,0,1,0.43704244,0
153064,0,0,0.10687689,1
153065,1,1,0.99209267,1
153066,0,0,0.24535614,1
153067,0,0,0.09687654,1
153068,0,0,0.05404875,1
153069,1,1,1.0,1
153070,1,1,1.0,1
153071,1,1,1.0,1
153072,0,1,0.9366916,0
153073,1,0,0.056288198,0
153074,0,1,0.65318227,0
153075,1,1,1.0,1
153076,1,1,0.99738365,1
153077,1,1,0.78464925,1
153078,1,1,0.99999714,1
153079,0,0,0.0551069,1
153080,1,0,0.21149823,0
153081,0,0,0.19528697,1
153082,1,1,0.999995,1
153083,1,1,1.0,1
153084,1,1,0.99998415,1
153085,0,1,0.99509466,0
153086,0,0,0.008187911,1
153087,1,0,0.013376604,0
153088,0,0,0.022715757,1
153089,0,1,0.9999596,0
153090,1,1,0.9999908,1
153091,0,1,0.97436166,0
153092,1,0,0.064594455,0
153093,1,1,0.9904591,1
153094,0,1,0.7411123,0
153095,1,0,0.26450083,0
153096,0,0,0.2773751,1
153097,0,0,0.2914848,1
153098,0,0,0.048181534,1
153099,1,1,0.8372211,1
153100,1,1,0.9988028,1
153101,0,0,0.29711294,1
153102,0,1,0.6685017,0
153103,0,0,0.04126865,1
153104,1,1,1.0,1
153105,0,0,0.033148516,1
153106,1,1,0.9956176,1
153107,1,0,0.33252713,0
153108,1,1,0.61051154,1
153109,1,0,0.00784624,0
153110,1,1,1.0,1
153111,1,0,0.28846887,0
153112,1,1,0.99999917,1
153113,1,0,0.0836655,0
153114,0,0,0.075995214,1
153115,1,0,0.1588256,0
153116,0,0,0.01302049,1
153117,1,1,0.9999862,1
153118,1,1,0.9999914,1
153119,1,1,0.99999976,1
153120,0,1,0.9295044,0
153121,1,1,0.9999596,1
153122,0,0,0.024821786,1
153123,1,1,0.9985392,1
153124,1,1,1.0,1
153125,0,0,0.04111437,1
153126,1,1,0.9664738,1
153127,0,0,0.069604956,1
153128,0,1,0.531027,0
153129,0,0,0.014254464,1
153130,0,1,0.99925333,0
153131,1,0,0.054349106,0
153132,0,1,0.36426857,0
153133,1,1,0.99996793,1
153134,0,0,0.13793841,1
153135,1,0,0.058938842,0
153136,1,1,0.9999963,1
153137,1,0,0.11056715,0
153138,1,1,0.9999796,1
153139,0,1,0.9975799,0
153140,1,1,1.0,1
153141,0,0,0.08969352,1
153142,1,1,0.99999774,1
153143,1,1,1.0,1
153144,1,1,0.92064714,1
153145,0,1,0.986904,0
153146,0,0,0.32869104,1
153147,1,1,0.9999839,1
153148,1,1,0.99996996,1
153149,1,1,0.9999865,1
153150,1,1,0.9737447,1
153151,0,0,0.33155248,1
153152,1,0,0.024492992,0
153153,1,1,0.9376119,1
153154,0,1,0.950457,0
153155,0,0,0.263789,1
153156,0,0,0.21493848,1
153157,1,1,1.0,1
153158,1,0,0.12189465,0
153159,1,0,0.13869494,0
153160,1,1,1.0,1
153161,0,1,0.9996711,0
153162,1,1,1.0,1
153163,1,1,1.0,1
153164,1,1,0.4977417,1
153165,1,1,1.0,1
153166,1,1,0.99995244,1
153167,0,1,0.8641959,0
153168,0,1,1.0,0
153169,0,1,0.3671568,0
153170,1,1,0.40480152,1
153171,1,1,0.3975875,1
153172,0,0,0.16899405,1
153173,0,0,0.2032327,1
153174,1,1,0.9983675,1
153175,1,0,0.161717,0
153176,0,0,0.009002837,1
153177,1,1,0.9999999,1
153178,0,1,0.99977833,0
153179,0,0,0.161717,1
153180,0,0,0.08449276,1
153181,0,0,0.010735163,1
153182,1,1,1.0,1
153183,0,0,0.10087861,1
153184,1,1,0.38615564,1
153185,1,0,0.10866097,0
153186,1,0,0.037714817,0
153187,1,1,1.0,1
153188,0,0,0.23939382,1
153189,1,1,0.5542895,1
153190,1,1,0.99999976,1
153191,0,0,0.08819005,1
153192,0,0,0.29971972,1
153193,1,1,0.99999166,1
153194,1,1,0.6908199,1
153195,1,1,0.9999962,1
153196,1,1,0.9629877,1
153197,0,1,0.9968149,0
153198,1,1,0.97494066,1
153199,0,1,0.7796576,0
153200,0,0,0.11601078,1
153201,0,0,0.012796518,1
153202,1,1,1.0,1
153203,1,1,1.0,1
153204,0,0,0.16105616,1
153205,1,0,0.012649318,0
153206,1,1,1.0,1
153207,1,0,0.3475371,0
153208,1,1,0.9978884,1
153209,1,0,0.21215041,0
153210,1,1,1.0,1
153211,1,1,0.9999976,1
153212,1,1,1.0,1
153213,1,0,0.07423137,0
153214,0,0,0.08525123,1
153215,0,0,0.0023006378,1
153216,0,0,0.029760094,1
153217,1,1,0.6201042,1
153218,1,1,0.9780727,1
153219,0,0,0.1655931,1
153220,1,0,0.07878402,0
153221,1,1,1.0,1
153222,1,1,0.999987,1
153223,0,0,0.30125925,1
153224,0,0,0.018617803,1
153225,0,0,0.2249055,1
153226,1,1,0.99999976,1
153227,0,1,1.0,0
153228,0,1,0.99517965,0
153229,1,1,0.99999964,1
153230,1,0,0.09929539,0
153231,0,1,0.3652303,0
153232,0,0,0.07921033,1
153233,1,1,0.996183,1
153234,0,0,0.09602549,1
153235,1,1,0.95814794,1
153236,0,0,0.34246156,1
153237,1,1,1.0,1
153238,1,0,0.12447884,0
153239,0,0,0.09518112,1
153240,1,1,1.0,1
153241,1,1,0.5374663,1
153242,1,0,0.12732674,0
153243,1,1,0.998345,1
153244,0,0,0.047030386,1
153245,1,1,0.99995685,1
153246,1,1,1.0,1
153247,1,1,0.78224695,1
153248,0,0,0.021969227,1
153249,0,1,0.7676028,0
153250,0,1,0.9999125,0
153251,1,1,0.9905509,1
153252,0,1,0.67923194,0
153253,1,0,0.034782395,0
153254,0,0,0.24871661,1
153255,0,0,0.31426096,1
153256,1,1,0.98835784,1
153257,0,0,0.2580454,1
153258,1,1,0.93726826,1
153259,0,1,0.99823856,0
153260,0,0,0.14432967,1
153261,1,1,0.3897788,1
153262,1,1,0.9993424,1
153263,0,0,0.18330103,1
153264,1,1,1.0,1
153265,0,1,0.97321534,0
153266,1,1,0.99153805,1
153267,1,0,0.17078443,0
153268,0,1,0.9636776,0
153269,1,0,0.018404892,0
153270,0,0,0.02188545,1
153271,0,1,0.9570777,0
153272,0,1,0.44845647,0
153273,1,0,0.22815649,0
153274,1,1,0.35588682,1
153275,1,0,0.03390796,0
153276,0,0,0.009143315,1
153277,1,0,0.01361059,0
153278,1,0,0.19993211,0
153279,0,0,0.3019792,1
153280,1,1,1.0,1
153281,0,0,0.08291986,1
153282,1,1,0.45531967,1
153283,0,0,0.13039611,1
153284,1,0,0.093512304,0
153285,1,0,0.0996453,0
153286,1,1,1.0,1
153287,0,1,0.8827315,0
153288,1,1,0.9999902,1
153289,0,1,0.99999726,0
153290,0,1,0.93581736,0
153291,0,0,0.14438999,1
153292,1,1,0.99998534,1
153293,1,1,0.8990328,1
153294,0,0,0.00957791,1
153295,0,0,0.1444503,1
153296,1,1,1.0,1
153297,0,0,0.23083305,1
153298,1,0,0.020429844,0
153299,0,1,0.9994173,0
153300,1,1,1.0,1
153301,1,1,1.0,1
153302,1,1,1.0,1
153303,1,1,1.0,1
153304,0,0,0.17433996,1
153305,1,1,0.998862,1
153306,0,0,0.02017732,1
153307,1,1,0.9257686,1
153308,1,1,0.9987281,1
153309,0,1,0.9999982,0
153310,0,1,0.9999846,0
153311,0,0,0.031529184,1
153312,1,1,0.9999989,1
153313,1,1,0.98173577,1
153314,1,1,0.8453051,1
153315,0,0,0.06632688,1
153316,0,0,0.03429395,1
153317,0,1,0.8168451,0
153318,1,0,0.1474324,0
153319,0,0,0.036838707,1
153320,0,0,0.12194692,1
153321,0,0,0.29067877,1
153322,0,0,0.11109647,1
153323,1,1,0.9995635,1
153324,0,0,0.012241274,1
153325,1,1,1.0,1
153326,1,1,1.0,1
153327,0,1,0.98199654,0
153328,0,0,0.11920292,1
153329,0,1,0.9339146,0
153330,1,0,0.010714441,0
153331,0,1,0.9973425,0
153332,1,1,0.9990872,1
153333,1,1,0.9980083,1
153334,0,0,0.12586902,1
153335,0,0,0.06766981,1
153336,0,1,0.66589963,0
153337,1,1,0.99455196,1
153338,1,0,0.07191642,0
153339,0,1,0.8161134,0
153340,0,1,0.4710103,0
153341,0,0,0.20157737,1
153342,0,0,0.3506437,1
153343,0,0,0.010091316,1
153344,0,0,0.06278921,1
153345,0,1,0.5305101,0
153346,1,0,0.2839303,0
153347,1,1,0.9999858,1
153348,0,0,0.06797852,1
153349,1,1,0.99712163,1
153350,0,0,0.084947094,1
153351,0,0,0.12890846,1
153352,0,0,0.34493974,1
153353,0,1,0.5754688,0
153354,0,1,0.4787116,0
153355,0,0,0.24283355,1
153356,1,1,0.99999905,1
153357,0,0,0.022201227,1
153358,1,1,1.0,1
153359,1,1,1.0,1
153360,0,0,0.18119074,1
153361,1,1,0.99999225,1
153362,1,0,0.2881683,0
153363,1,0,0.032283258,0
153364,1,1,0.9921537,1
153365,1,1,0.99999964,1
153366,1,1,0.97254544,1
153367,1,1,1.0,1
153368,1,1,1.0,1
153369,0,0,0.17140767,1
153370,0,1,0.6090592,0
153371,0,1,0.94644845,0
153372,1,1,0.9759235,1
153373,1,0,0.07524433,0
153374,0,0,0.29315147,1
153375,1,1,0.85427785,1
153376,1,1,0.9999988,1
153377,0,0,0.11787642,1
153378,1,1,0.99805814,1
153379,1,1,0.9997718,1
153380,1,1,0.96792966,1
153381,1,1,0.99195355,1
153382,0,0,0.0349467,1
153383,0,0,0.17203271,1
153384,0,0,0.20142023,1
153385,1,1,0.98235554,1
153386,0,0,0.0570714,1
153387,1,1,0.99999094,1
153388,1,0,0.09492911,0
153389,1,1,0.9997209,1
153390,1,1,0.9987281,1
153391,0,0,0.17924303,1
153392,1,1,0.9991672,1
153393,0,0,0.020547435,1
153394,1,0,0.010228809,0
153395,1,1,0.9620006,1
153396,0,1,0.9428234,0
153397,0,0,0.048721813,1
153398,1,1,1.0,1
153399,1,1,0.9457512,1
153400,1,1,0.99999714,1
153401,1,1,0.9974541,1
153402,1,1,0.99999964,1
153403,1,1,0.78007674,1
153404,0,0,0.33960858,1
153405,1,1,0.9987888,1
153406,0,0,0.020964239,1
153407,1,1,0.44182354,1
153408,1,1,0.35145018,1
153409,0,1,0.88373864,0
153410,1,1,1.0,1
153411,0,1,0.52877676,0
153412,1,1,0.7985012,1
153413,1,1,1.0,1
153414,0,0,0.085403666,1
153415,0,1,0.99999654,0
153416,0,1,0.99976856,0
153417,1,1,1.0,1
153418,1,0,0.18609506,0
153419,0,1,0.9999627,0
153420,0,0,0.07382971,1
153421,1,1,0.49423245,1
153422,1,1,0.73937535,1
153423,0,0,0.2168396,1
153424,1,1,0.999956,1
153425,1,1,0.99909246,1
153426,1,1,0.6575934,1
153427,0,1,0.93732566,0
153428,0,0,0.057440385,1
153429,1,1,0.99997246,1
153430,0,0,0.16198196,1
153431,1,1,0.9952356,1
153432,0,1,0.77141327,0
153433,1,1,1.0,1
153434,1,1,0.9996444,1
153435,0,1,0.99999344,0
153436,0,0,0.008267596,1
153437,0,1,0.9231778,0
153438,0,0,0.13466209,1
153439,1,1,0.9999993,1
153440,1,1,1.0,1
153441,1,1,0.99921143,1
153442,1,1,0.99918324,1
153443,0,1,0.7665559,0
153444,1,0,0.14560063,0
153445,0,0,0.10687689,1
153446,1,1,1.0,1
153447,1,1,0.9999894,1
153448,1,1,0.9534488,1
153449,1,0,0.047293693,0
153450,1,1,0.99544394,1
153451,0,0,0.14469185,1
153452,1,1,0.99956185,1
153453,0,0,0.18698417,1
153454,1,1,0.9999907,1
153455,1,1,0.9999999,1
153456,1,1,1.0,1
153457,0,1,0.6353921,0
153458,1,1,0.99999905,1
153459,1,1,0.9999852,1
153460,1,1,1.0,1
153461,1,1,0.96160597,1
153462,1,1,0.9584989,1
153463,0,0,0.10856642,1
153464,0,0,0.09560247,1
153465,1,1,0.99999416,1
153466,1,1,1.0,1
153467,1,1,0.9782396,1
153468,1,1,0.9662516,1
153469,1,0,0.25552937,0
153470,1,1,0.99999726,1
153471,1,1,1.0,1
153472,1,1,0.9825408,1
153473,1,1,1.0,1
153474,0,0,0.01890545,1
153475,1,0,0.0129954135,0
153476,0,0,0.12241826,1
153477,0,0,0.19413854,1
153478,0,1,0.53965044,0
153479,1,1,1.0,1
153480,0,1,0.64651597,0
153481,1,1,0.50183105,1
153482,0,0,0.16926852,1
153483,0,0,0.25256836,1
153484,1,1,0.9999151,1
153485,1,1,0.9599126,1
153486,1,1,0.9954615,1
153487,1,0,0.020293487,0
153488,0,0,0.07004896,1
153489,1,1,1.0,1
153490,0,0,0.0145035805,1
153491,1,1,1.0,1
153492,1,1,1.0,1
153493,0,0,0.03194934,1
153494,1,0,0.019851703,0
153495,0,0,0.011508149,1
153496,1,1,0.968111,1
153497,1,1,0.9993724,1
153498,0,0,0.008711384,1
153499,1,1,0.35448894,1
153500,0,1,0.81479084,0
153501,0,0,0.09033343,1
153502,1,1,0.99998486,1
153503,1,1,1.0,1
153504,0,0,0.013197362,1
153505,0,1,0.714379,0
153506,0,1,0.9594213,0
153507,1,1,0.75689703,1
153508,1,1,1.0,1
153509,0,0,0.1067837,1
153510,1,1,0.9451974,1
153511,1,1,1.0,1
153512,0,1,0.40839475,0
153513,0,1,0.64159083,0
153514,0,1,0.8824279,0
153515,0,0,0.09999631,1
153516,1,1,0.82318634,1
153517,0,0,0.054600604,1
153518,0,1,0.73833907,0
153519,0,0,0.20275874,1
153520,0,0,0.10026027,1
153521,1,0,0.017746313,0
153522,0,0,0.10989669,1
153523,0,0,0.123577,1
153524,0,1,0.99957365,0
153525,0,0,0.09244169,1
153526,1,0,0.035277545,0
153527,1,1,0.99999976,1
153528,0,1,0.9999503,0
153529,1,1,1.0,1
153530,0,1,0.49194407,0
153531,1,1,0.9999865,1
153532,0,0,0.091544405,1
153533,1,1,0.99999976,1
153534,1,1,0.4001046,1
153535,1,0,0.01637155,0
153536,1,1,1.0,1
153537,1,1,0.99999976,1
153538,1,1,0.9012275,1
153539,1,0,0.18374003,0
153540,1,1,1.0,1
153541,0,0,0.08471965,1
153542,1,1,0.6970421,1
153543,0,0,0.15234725,1
153544,0,0,0.06506812,1
153545,0,0,0.07362963,1
153546,1,1,1.0,1
153547,1,1,0.9999471,1
153548,0,1,0.61144,0
153549,0,0,0.03327394,1
153550,1,1,0.9997305,1
153551,1,0,0.085785836,0
153552,0,1,0.38508555,0
153553,1,0,0.039564554,0
153554,1,1,1.0,1
153555,0,0,0.11757212,1
153556,0,0,0.23801847,1
153557,0,0,0.10293422,1
153558,0,1,0.99995947,0
153559,1,1,0.99996006,1
153560,1,1,0.99999976,1
153561,1,1,0.9913223,1
153562,1,0,0.14426938,0
153563,0,1,0.82949203,0
153564,1,0,0.029340027,0
153565,1,0,0.22422528,0
153566,1,1,0.64282495,1
153567,0,0,0.07243961,1
153568,0,0,0.31017175,1
153569,1,1,1.0,1
153570,0,0,0.08819005,1
153571,1,0,7.905304e-05,0
153572,1,1,0.99996686,1
153573,0,0,0.31806138,1
153574,1,1,0.999998,1
153575,1,1,0.92468774,1
153576,1,1,1.0,1
153577,1,1,0.9974342,1
153578,0,0,0.18046747,1
153579,0,1,0.9998969,0
153580,1,1,0.87800074,1
153581,0,1,0.6431612,0
153582,1,1,0.6149144,1
153583,0,1,0.55139256,0
153584,1,0,0.035444103,0
153585,1,1,1.0,1
153586,1,1,0.99994004,1
153587,1,1,0.9999999,1
153588,1,1,0.9998385,1
153589,1,1,0.705024,1
153590,0,1,0.767167,0
153591,0,1,0.99937373,0
153592,1,1,0.9999933,1
153593,0,0,0.03265138,1
153594,0,1,0.69735134,0
153595,0,0,0.017627545,1
153596,1,0,0.27367145,0
153597,0,0,0.21717146,1
153598,1,1,1.0,1
153599,0,0,0.0027097024,1
153600,1,1,1.0,1
153601,1,1,0.999884,1
153602,1,1,0.99906737,1
153603,0,0,0.020061804,1
153604,1,1,0.9999999,1
153605,1,1,1.0,1
153606,1,1,0.9971328,1
153607,0,0,0.015014747,1
153608,1,1,0.9131358,1
153609,1,1,0.98638946,1
153610,1,1,0.8077641,1
153611,1,1,0.9999535,1
153612,0,1,0.9459013,0
153613,0,0,0.2683658,1
153614,1,1,0.99529076,1
153615,1,1,0.515437,1
153616,1,1,0.9064877,1
153617,1,0,0.2660711,0
153618,0,0,0.21288587,1
153619,1,1,0.5231768,1
153620,1,1,0.6013595,1
153621,0,1,0.9715909,0
153622,1,1,0.9668201,1
153623,0,1,0.9081302,0
153624,1,1,1.0,1
153625,1,1,0.9999168,1
153626,1,1,0.9999435,1
153627,0,1,0.36375988,0
153628,1,0,0.17455095,0
153629,1,1,0.9999993,1
153630,0,0,0.03594832,1
153631,1,0,0.07191642,0
153632,0,1,0.9957021,0
153633,0,0,0.14946929,1
153634,1,0,0.050658382,0
153635,1,1,0.9981933,1
153636,0,1,0.36653307,0
153637,1,1,1.0,1
153638,0,1,0.68283814,0
153639,1,1,0.9913223,1
153640,0,0,0.008577485,1
153641,1,1,0.6579231,1
153642,1,1,1.0,1
153643,1,1,0.9998273,1
153644,1,1,0.64829934,1
153645,0,1,0.9995635,0
153646,0,0,0.01566365,1
153647,0,0,0.18668744,1
153648,1,1,0.8969756,1
153649,1,1,0.9999995,1
153650,0,1,0.98093086,0
153651,1,1,0.99992514,1
153652,0,1,0.985663,0
153653,0,1,0.7641884,0
153654,0,0,0.13139598,1
153655,1,1,0.9958901,1
153656,0,0,0.30352533,1
153657,1,0,0.23633994,0
153658,1,1,0.81167597,1
153659,0,0,0.10061321,1
153660,0,1,0.99997675,0
153661,0,0,0.07524433,1
153662,1,1,0.9999994,1
153663,1,0,0.17078443,0
153664,1,0,0.059428226,0
153665,1,1,0.9988236,1
153666,0,0,0.0047644526,1
153667,1,0,0.0047552,0
153668,1,1,0.70876724,1
153669,0,1,0.5063473,0
153670,1,1,0.8338664,1
153671,1,1,0.9999908,1
153672,0,0,0.12683924,1
153673,1,0,0.06047389,0
153674,1,1,0.7405029,1
153675,0,0,0.19505687,1
153676,0,1,0.98175323,0
153677,0,1,0.6462928,0
153678,1,1,0.84758973,1
153679,0,0,0.04556445,1
153680,1,0,0.07793769,0
153681,0,1,0.9987478,0
153682,0,0,0.00015843623,1
153683,1,1,0.99941957,1
153684,1,1,0.9994105,1
153685,0,1,0.71173155,0
153686,1,1,0.9999902,1
153687,0,0,0.02973191,1
153688,0,0,0.042443503,1
153689,1,1,0.7432612,1
153690,1,1,0.99890983,1
153691,0,0,0.17967446,1
153692,0,1,0.99999976,0
153693,0,1,0.40503684,0
153694,0,0,0.032774985,1
153695,0,1,0.9489646,0
153696,0,0,0.062103122,1
153697,1,1,0.98961186,1
153698,1,1,1.0,1
153699,1,1,0.99892455,1
153700,0,0,0.056340095,1
153701,1,1,0.9999999,1
153702,1,1,0.99999917,1
153703,1,1,0.9988752,1
153704,1,1,0.99995184,1
153705,1,1,0.9999398,1
153706,1,1,0.99974686,1
153707,1,1,0.7101763,1
153708,0,1,0.47932085,0
153709,1,1,0.96472245,1
153710,1,1,0.9999999,1
153711,0,0,0.17335817,1
153712,1,1,0.9997775,1
153713,0,1,0.4950563,0
153714,0,0,0.030043371,1
153715,1,0,0.2594502,0
153716,1,1,0.99997604,1
153717,1,1,0.9741658,1
153718,1,0,0.029479409,0
153719,0,1,0.48758188,0
153720,1,1,0.99999464,1
153721,1,1,0.9999987,1
153722,1,1,1.0,1
153723,1,1,0.9987331,1
153724,1,1,1.0,1
153725,0,1,0.9640178,0
153726,0,1,0.9045662,0
153727,0,0,0.096705794,1
153728,0,1,0.35170063,0
153729,1,1,0.82949203,1
153730,1,1,1.0,1
153731,0,1,0.5601925,0
153732,1,1,1.0,1
153733,0,1,0.71611935,0
153734,0,0,0.038502328,1
153735,0,0,0.30141345,1
153736,0,1,0.996557,0
153737,0,1,0.60865223,0
153738,1,1,1.0,1
153739,1,1,0.9834387,1
153740,1,0,0.032344334,0
153741,0,1,0.9999311,0
153742,0,1,0.99999964,0
153743,0,0,0.0628467,1
153744,1,1,0.8586,1
153745,0,0,0.0640069,1
153746,1,1,0.9999995,1
153747,0,0,0.059101548,1
153748,0,0,0.05577169,1
153749,1,1,0.9281487,1
153750,0,1,0.82810634,0
153751,0,0,0.053551625,1
153752,0,1,0.9924959,0
153753,1,1,0.9974837,1
153754,1,1,0.99971706,1
153755,0,0,0.059047263,1
153756,0,0,0.13678125,1
153757,0,0,0.074365705,1
153758,0,1,0.7973991,0
153759,0,0,0.05379964,1
153760,1,1,1.0,1
153761,1,1,0.9999999,1
153762,1,1,1.0,1
153763,1,1,0.9996111,1
153764,0,0,0.12597652,1
153765,1,1,0.9999995,1
153766,1,1,0.9936733,1
153767,1,1,0.47183162,1
153768,0,0,0.12678519,1
153769,1,1,0.7354042,1
153770,0,1,0.41480994,0
153771,0,1,0.92064714,0
153772,0,1,0.8702668,0
153773,0,0,0.14187485,1
153774,1,1,0.99980444,1
153775,1,1,0.772359,1
153776,1,1,0.84221536,1
153777,0,1,0.42104587,0
153778,0,1,0.6785932,0
153779,1,1,0.9863369,1
153780,1,1,0.8645393,1
153781,0,1,0.9999994,0
153782,1,1,0.9999995,1
153783,0,1,0.9839708,0
153784,1,1,0.9999988,1
153785,1,1,1.0,1
153786,0,0,0.022201227,1
153787,1,1,0.98527133,1
153788,0,1,0.47371808,0
153789,0,0,0.0069576083,1
153790,1,1,0.99999905,1
153791,1,1,1.0,1
153792,0,0,0.094594024,1
153793,0,0,0.051130094,1
153794,1,1,1.0,1
153795,0,1,0.99329424,0
153796,1,1,0.87674,1
153797,1,1,0.99998665,1
153798,0,0,0.08456833,1
153799,0,1,0.9999999,0
153800,1,1,1.0,1
153801,0,0,0.101144664,1
153802,1,1,0.9999999,1
153803,0,1,0.89858866,0
153804,1,1,0.89274967,1
153805,0,1,0.77848095,0
153806,1,1,0.99999297,1
153807,0,0,0.24630667,1
153808,1,1,0.9999958,1
153809,1,0,0.042285025,0
153810,0,0,0.3188562,1
153811,0,0,0.07723879,1
153812,1,1,1.0,1
153813,1,0,0.19314739,0
153814,1,1,0.99999416,1
153815,0,0,0.2004794,1
153816,0,1,0.9996686,0
153817,1,0,0.2784039,0
153818,1,1,0.46714947,1
153819,1,0,0.0921145,0
153820,1,1,1.0,1
153821,0,1,0.9916033,0
153822,1,1,0.9892855,1
153823,0,1,0.7204667,0
153824,1,1,1.0,1
153825,0,1,0.9514138,0
153826,0,0,0.21280403,1
153827,0,1,0.95292586,0
153828,1,1,0.9874236,1
153829,1,1,0.98833525,1
153830,0,0,0.22337706,1
153831,1,1,0.99999213,1
153832,1,1,0.9142142,1
153833,1,0,0.27498367,0
153834,0,1,0.99999917,0
153835,0,1,0.64651597,0
153836,1,1,0.999445,1
153837,1,0,0.32359383,0
153838,0,1,0.9999995,0
153839,0,0,0.12770702,1
153840,0,0,0.08137364,1
153841,1,1,0.9997695,1
153842,0,0,0.19329962,1
153843,1,0,0.12781584,0
153844,1,1,0.9987551,1
153845,1,1,0.9999913,1
153846,0,0,0.017695315,1
153847,0,0,0.23642808,1
153848,0,1,0.8394709,0
153849,1,1,1.0,1
153850,1,1,0.5837373,1
153851,1,1,1.0,1
153852,1,1,1.0,1
153853,0,1,0.75904685,0
153854,0,0,0.08014123,1
153855,1,1,0.9999994,1
153856,0,1,0.8119744,0
153857,0,0,0.010570489,1
153858,0,0,0.025565214,1
153859,1,1,0.99697804,1
153860,1,0,0.0125279315,0
153861,0,1,0.98607117,0
153862,1,1,0.6699068,1
153863,1,0,0.32477057,0
153864,0,0,0.08961382,1
153865,0,1,0.9899282,0
153866,1,0,0.04501553,0
153867,1,1,0.99964166,1
153868,0,1,0.9906781,0
153869,1,1,0.99999094,1
153870,1,1,0.99993265,1
153871,0,0,0.10734387,1
153872,1,1,1.0,1
153873,1,1,0.92441523,1
153874,0,1,0.9946359,0
153875,1,1,0.99776995,1
153876,1,1,0.98486924,1
153877,0,0,0.035712164,1
153878,0,0,0.12705572,1
153879,1,1,0.91655886,1
153880,1,1,1.0,1
153881,0,1,0.81815636,0
153882,0,1,0.99984026,0
153883,1,1,0.8056322,1
153884,0,1,0.9970305,0
153885,1,0,0.06941548,0
153886,1,1,0.98657167,1
153887,0,0,0.14134066,1
153888,0,1,0.38150758,0
153889,1,0,0.07585818,0
153890,1,1,0.9992563,1
153891,1,1,0.9916033,1
153892,0,0,0.020119479,1
153893,0,0,0.09492911,1
153894,0,0,0.08586245,1
153895,0,1,0.9792947,0
153896,1,1,0.9999999,1
153897,1,1,0.99995697,1
153898,0,1,0.7446563,0
153899,1,1,0.94224155,1
153900,1,1,0.99999595,1
153901,0,1,0.4990845,0
153902,1,1,1.0,1
153903,0,0,0.13963085,1
153904,1,1,0.999998,1
153905,1,1,0.99566,1
153906,0,1,0.96138906,0
153907,1,1,1.0,1
153908,0,0,0.007577241,1
153909,1,1,0.69580334,1
153910,1,1,1.0,1
153911,1,1,0.99999523,1
153912,1,0,0.30694237,0
153913,1,1,0.5212275,1
153914,1,1,1.0,1
153915,1,1,0.9921841,1
153916,0,1,0.9407897,0
153917,1,1,0.79438496,1
153918,0,1,0.8597815,0
153919,0,0,0.024376595,1
153920,0,1,0.40095457,0
153921,1,1,0.99997854,1
153922,1,0,0.07237402,0
153923,1,0,0.07043161,0
153924,0,0,0.13666598,1
153925,0,1,0.99178034,0
153926,0,1,0.67184746,0
153927,1,1,0.9878996,1
153928,0,0,0.11289317,1
153929,1,1,1.0,1
153930,0,0,0.12721826,1
153931,0,1,0.42199835,0
153932,0,0,0.06985836,1
153933,0,1,0.99991345,0
153934,1,1,0.9999151,1
153935,1,1,0.44046926,1
153936,0,1,0.51409537,0
153937,0,0,0.16974968,1
153938,1,1,1.0,1
153939,0,1,0.9999881,0
153940,1,1,1.0,1
153941,0,1,0.9796482,0
153942,0,1,0.99999976,0
153943,0,0,0.033971995,1
153944,1,1,1.0,1
153945,0,0,0.2403286,1
153946,1,0,0.029256709,0
153947,1,0,0.19163007,0
153948,0,1,0.51555896,0
153949,0,1,0.7577944,0
153950,1,1,0.68747264,1
153951,0,0,0.18403316,1
153952,0,0,0.08464396,1
153953,0,0,0.1289633,1
153954,1,1,0.90183425,1
153955,0,0,0.15431227,1
153956,0,0,0.24292329,1
153957,1,1,0.99850464,1
153958,1,1,0.9999993,1
153959,1,1,0.92976,1
153960,0,1,0.9551939,0
153961,0,1,0.9533619,0
153962,0,1,0.99801993,0
153963,0,0,0.016340127,1
153964,1,0,0.1791712,0
153965,0,1,0.53041893,0
153966,0,1,0.89058006,0
153967,0,1,0.4762143,0
153968,1,1,1.0,1
153969,1,1,0.99999535,1
153970,1,1,0.9999994,1
153971,0,0,0.020196635,1
153972,1,0,0.2052962,0
153973,1,1,1.0,1
153974,1,1,0.5644586,1
153975,0,1,0.63629663,0
153976,0,1,0.798344,0
153977,0,0,0.03132112,1
153978,1,1,0.6806133,1
153979,1,1,0.957715,1
153980,1,1,0.9999263,1
153981,0,1,0.868938,0
153982,0,1,0.9933201,0
153983,0,1,0.9524416,0
153984,1,1,1.0,1
153985,0,0,0.086554825,1
153986,0,1,0.94068086,0
153987,0,1,0.7940658,0
153988,1,1,0.9999999,1
153989,1,1,0.5994851,1
153990,1,1,0.7660312,1
153991,0,0,0.1534857,1
153992,0,1,0.99986756,0
153993,1,0,0.089933,0
153994,1,1,0.6777407,1
153995,1,1,0.4727139,1
153996,1,1,0.99820733,1
153997,1,1,0.49493426,1
153998,0,0,0.00902028,1
153999,1,1,0.9998894,1
154000,1,1,1.0,1
154001,1,0,0.066206016,0
154002,0,1,0.999764,0
154003,0,1,0.98792297,0
154004,1,1,0.9988949,1
154005,0,0,0.123365626,1
154006,1,1,0.9961903,1
154007,0,0,0.0032794434,1
154008,0,0,0.25753158,1
154009,0,1,0.9999832,0
154010,0,0,0.12121686,1
154011,1,1,0.99999666,1
154012,1,1,1.0,1
154013,1,1,0.9999995,1
154014,0,0,0.29634872,1
154015,1,1,0.99996805,1
154016,0,1,0.74316806,0
154017,0,0,0.30141345,1
154018,0,0,0.12700155,1
154019,1,1,0.9998511,1
154020,0,0,0.20307463,1
154021,1,0,0.053650703,0
154022,1,1,0.59684443,1
154023,1,1,0.9999989,1
154024,0,1,0.80363655,0
154025,0,0,0.060363002,1
154026,1,1,0.9999969,1
154027,1,1,0.9999995,1
154028,0,0,0.088820286,1
154029,0,1,0.86188734,0
154030,1,1,0.9994937,1
154031,0,1,0.42435235,0
154032,1,1,1.0,1
154033,0,0,0.08441725,1
154034,0,1,0.75446296,0
154035,0,1,0.9265035,0
154036,0,1,0.9244834,0
154037,0,1,0.99567693,0
154038,0,1,0.904903,0
154039,0,1,0.86759764,0
154040,1,1,0.6524075,1
154041,1,1,0.98240626,1
154042,1,1,0.9049869,1
154043,1,1,0.8513358,1
154044,0,0,0.050097767,1
154045,0,0,0.1375904,1
154046,0,1,0.42814374,0
154047,1,1,0.99999607,1
154048,1,1,0.9999956,1
154049,1,1,1.0,1
154050,1,1,0.87386215,1
154051,0,1,0.51970416,0
154052,1,1,0.8030194,1
154053,1,1,1.0,1
154054,1,0,0.3285833,0
154055,1,1,0.9489646,1
154056,0,0,0.03704717,1
154057,1,0,0.13649327,0
154058,1,1,0.46107745,1
154059,0,1,0.8923751,0
154060,0,1,0.41902375,0
154061,0,0,0.01693116,1
154062,0,0,0.120749526,1
154063,1,1,0.99999964,1
154064,0,1,0.99999964,0
154065,1,0,0.2556223,0
154066,1,1,0.99855906,1
154067,1,1,0.9999958,1
154068,1,1,1.0,1
154069,1,1,0.98475236,1
154070,1,1,1.0,1
154071,0,1,0.98283976,0
154072,1,1,0.999997,1
154073,0,1,0.947186,0
154074,1,1,0.8659059,1
154075,0,1,0.52000886,0
154076,1,1,1.0,1
154077,0,1,0.9999558,0
154078,0,0,0.0118005965,1
154079,1,1,0.59296125,1
154080,0,1,0.9999987,0
154081,0,0,0.2507293,1
154082,0,1,0.53345823,0
154083,1,0,0.036838707,0
154084,0,1,0.99097973,0
154085,1,1,0.99998784,1
154086,1,1,0.81873685,1
154087,1,1,0.98215127,1
154088,0,0,0.057334732,1
154089,0,0,0.12901814,1
154090,0,0,0.34103364,1
154091,0,1,0.9791357,0
154092,1,1,0.92879725,1
154093,0,1,0.8058614,0
154094,1,1,1.0,1
154095,1,1,0.38583735,1
154096,0,1,0.9996762,0
154097,1,1,1.0,1
154098,0,0,0.09492911,1
154099,0,0,0.083515875,1
154100,0,1,0.44402227,0
154101,0,1,0.9545628,0
154102,1,1,0.9158089,1
154103,1,1,0.99999964,1
154104,1,1,0.9999994,1
154105,1,1,1.0,1
154106,1,0,0.0010775026,0
154107,1,1,0.9775644,1
154108,0,0,0.25655252,1
154109,1,1,0.99567693,1
154110,1,1,0.9999999,1
154111,1,0,0.15495054,0
154112,1,1,0.9960699,1
154113,1,1,1.0,1
154114,0,1,0.99999976,0
154115,1,1,0.947381,1
154116,1,1,1.0,1
154117,1,1,0.99998164,1
154118,0,0,0.006062155,1
154119,0,1,0.8818186,0
154120,0,1,0.96609205,0
154121,1,1,0.8804891,1
154122,1,1,0.99827254,1
154123,1,0,0.004433765,0
154124,1,1,1.0,1
154125,1,0,0.078571655,0
154126,0,1,0.9812029,0
154127,0,1,0.7517393,0
154128,0,1,0.6132945,0
154129,0,0,0.13649327,1
154130,1,1,1.0,1
154131,1,1,0.9228308,1
154132,1,1,0.99999464,1
154133,1,1,0.9904406,1
154134,0,0,0.2564594,1
154135,0,0,0.3233801,1
154136,1,1,0.943608,1
154137,1,1,0.9999831,1
154138,1,0,0.22210902,0
154139,1,0,0.2862191,0
154140,1,1,0.99979585,1
154141,1,0,0.24068536,0
154142,1,1,0.99502736,1
154143,1,1,1.0,1
154144,1,1,0.9999162,1
154145,1,1,0.7584211,1
154146,0,0,0.08240149,1
154147,0,1,0.46885142,0
154148,1,0,0.24926446,0
154149,0,1,1.0,0
154150,1,1,0.77881753,1
154151,0,1,0.8621197,0
154152,1,1,0.99931884,1
154153,0,1,0.9993345,0
154154,0,0,0.15895613,1
154155,0,1,1.0,0
154156,1,0,0.22918998,0
154157,1,1,0.9842306,1
154158,1,1,0.957715,1
154159,1,1,1.0,1
154160,1,1,0.99999726,1
154161,0,1,0.40751025,0
154162,0,1,0.99984765,0
154163,1,0,0.063540444,0
154164,0,0,0.018635655,1
154165,1,1,0.9871293,1
154166,0,0,0.22101425,1
154167,0,0,0.032992378,1
154168,1,1,0.70679796,1
154169,0,1,0.9999995,0
154170,0,1,0.45416954,0
154171,0,0,0.2055353,1
154172,1,1,0.97386926,1
154173,1,1,0.9995963,1
154174,1,1,0.9829547,1
154175,0,0,0.25757828,1
154176,1,1,1.0,1
154177,1,1,0.4051839,1
154178,0,0,0.046076808,1
154179,0,0,0.18374003,1
154180,0,0,0.16291203,1
154181,0,1,0.661431,0
154182,0,1,0.9997713,0
154183,1,1,0.7757747,1
154184,0,1,0.9630572,0
154185,1,0,0.036977556,0
154186,1,0,0.111967385,0
154187,0,0,0.06435884,1
154188,1,1,1.0,1
154189,1,0,0.055208687,0
154190,0,0,0.096705794,1
154191,1,0,0.043042846,0
154192,0,1,1.0,0
154193,0,0,0.093512304,1
154194,1,1,0.9999764,1
154195,0,1,0.67012274,0
154196,1,1,0.9999913,1
154197,1,1,0.5133635,1
154198,1,1,1.0,1
154199,0,0,0.015513789,1
154200,0,0,0.0055333874,1
154201,1,1,1.0,1
154202,1,1,0.36540008,1
154203,0,0,0.2043419,1
154204,1,1,0.9458012,1
154205,0,1,0.3999874,0
154206,0,0,0.09097748,1
154207,1,0,0.10961043,0
154208,0,0,0.31389278,1
154209,1,1,0.996271,1
154210,0,0,0.039527465,1
154211,1,1,1.0,1
154212,0,1,0.98521465,0
154213,0,0,0.016230615,1
154214,1,1,0.82275945,1
154215,0,0,0.038178273,1
154216,0,0,0.101144664,1
154217,0,1,0.9999949,0
154218,1,1,0.6573735,1
154219,1,0,0.27708158,0
154220,0,0,0.26232183,1
154221,1,1,0.99915576,1
154222,1,1,0.74816835,1
154223,1,1,0.999892,1
154224,1,1,1.0,1
154225,0,0,0.12152928,1
154226,1,1,0.9909622,1
154227,0,1,0.9999846,0
154228,0,0,0.20673384,1
154229,1,1,1.0,1
154230,1,1,0.9999988,1
154231,1,0,0.11299101,0
154232,0,1,0.92100316,0
154233,1,1,0.9858549,1
154234,1,1,0.99999917,1
154235,1,1,0.99992776,1
154236,0,0,0.034036152,1
154237,0,1,0.4157881,0
154238,1,1,0.99998975,1
154239,1,1,0.91102153,1
154240,1,1,1.0,1
154241,1,1,0.95400894,1
154242,0,0,0.25063756,1
154243,0,0,0.037714817,1
154244,1,1,0.9999715,1
154245,1,1,0.83801806,1
154246,1,1,0.945349,1
154247,0,1,0.7642764,0
154248,0,0,0.098946586,1
154249,0,0,0.07878402,1
154250,1,1,0.9999995,1
154251,0,0,0.057123974,1
154252,0,0,0.08269734,1
154253,1,1,0.98926485,1
154254,0,1,0.9257686,0
154255,0,1,1.0,0
154256,0,0,0.019756919,1
154257,0,1,1.0,0
154258,0,0,0.056132775,1
154259,1,1,0.9940659,1
154260,1,1,1.0,1
154261,1,1,0.9038049,1
154262,0,0,0.182717,1
154263,0,1,0.99999726,0
154264,0,0,0.14116298,1
154265,1,1,0.6883113,1
154266,1,1,0.99999964,1
154267,1,1,0.99959,1
154268,0,1,0.47228798,0
154269,1,0,0.15190639,0
154270,1,1,0.5684158,1
154271,1,1,0.8384153,1
154272,0,0,0.013480104,1
154273,0,1,0.99108386,0
154274,0,0,0.2502709,1
154275,1,1,0.99999976,1
154276,0,0,0.03821415,1
154277,0,0,0.10293422,1
154278,0,1,0.5053709,0
154279,1,0,0.19528697,0
154280,0,0,0.17909941,1
154281,1,0,0.0024249142,0
154282,1,1,0.9975799,1
154283,1,1,0.99999976,1
154284,0,0,0.06142404,1
154285,1,0,0.13111758,0
154286,0,0,0.32220602,1
154287,1,1,0.9999999,1
154288,1,1,0.9999938,1
154289,0,1,0.9977787,0
154290,1,1,1.0,1
154291,0,1,0.99821436,0
154292,1,1,0.9999151,1
154293,0,0,0.18892181,1
154294,0,1,0.97249323,0
154295,1,1,1.0,1
154296,1,1,0.9979652,1
154297,1,1,0.9939964,1
154298,0,0,0.05394898,1
154299,0,0,0.100436606,1
154300,0,1,0.99999964,0
154301,1,1,0.9992549,1
154302,0,1,0.9417078,0
154303,0,0,0.09492911,1
154304,1,1,0.99999774,1
154305,1,1,0.7934263,1
154306,1,1,0.99997437,1
154307,1,1,1.0,1
154308,0,0,0.020626193,1
154309,1,1,1.0,1
154310,0,0,0.014672034,1
154311,1,1,0.9998332,1
154312,0,1,1.0,0
154313,1,1,0.9999465,1
154314,1,1,0.9997063,1
154315,0,1,0.9999796,0
154316,0,1,0.76374817,0
154317,1,1,0.94355595,1
154318,0,0,0.16000333,1
154319,1,0,0.048721813,0
154320,0,0,0.07531231,1
154321,1,1,0.9993869,1
154322,0,0,0.13857834,1
154323,0,0,0.058185086,1
154324,1,1,0.58658206,1
154325,0,0,0.20087102,1
154326,0,1,0.99997294,0
154327,0,1,0.99999964,0
154328,1,1,0.99909425,1
154329,1,1,0.9999949,1
154330,0,1,0.9766024,0
154331,0,1,0.89561397,0
154332,1,1,0.90320885,1
154333,0,0,0.029201293,1
154334,0,1,0.9237301,0
154335,0,1,0.58296597,0
154336,0,1,0.99999464,0
154337,0,0,0.13968952,1
154338,0,1,0.8414352,0
154339,1,1,0.9999988,1
154340,0,0,0.3320396,1
154341,1,1,1.0,1
154342,0,0,0.14922118,1
154343,0,0,0.33649457,1
154344,1,1,0.8872046,1
154345,1,1,0.99850464,1
154346,1,1,0.99986184,1
154347,1,1,0.99999964,1
154348,1,0,0.32220602,0
154349,1,1,0.99985456,1
154350,0,0,0.052862898,1
154351,0,1,0.9994797,0
154352,1,1,0.95775455,1
154353,0,0,0.12951279,1
154354,1,0,0.106411695,0
154355,1,0,0.12830654,0
154356,1,1,0.78703237,1
154357,1,0,0.040426936,0
154358,1,1,0.99170023,1
154359,1,1,0.96829146,1
154360,1,1,0.6137576,1
154361,0,1,0.9182606,0
154362,1,1,0.99821436,1
154363,1,1,0.99999535,1
154364,1,1,0.9999963,1
154365,1,1,0.48267296,1
154366,1,1,0.99967754,1
154367,1,1,0.50579804,1
154368,0,1,0.99998856,0
154369,0,0,0.06884988,1
154370,0,0,0.038321972,1
154371,1,0,0.16721867,0
154372,1,1,0.998103,1
154373,1,1,0.7703784,1
154374,1,1,0.99986756,1
154375,0,0,0.081154905,1
154376,1,1,0.99885535,1
154377,1,1,0.99999976,1
154378,0,0,0.1404541,1
154379,0,0,0.004150081,1
154380,1,1,1.0,1
154381,1,1,0.9480103,1
154382,1,1,0.65373504,1
154383,0,0,0.028167473,1
154384,0,1,0.81873685,0
154385,0,1,0.9967333,0
154386,0,0,0.083291925,1
154387,1,0,0.21477376,0
154388,0,0,0.0073743653,1
154389,1,1,0.9957021,1
154390,1,1,0.9999993,1
154391,1,0,0.19513355,0
154392,0,0,0.037928045,1
154393,0,0,0.08819005,1
154394,1,1,0.9631613,1
154395,1,1,0.99530905,1
154396,1,1,0.67955095,1
154397,0,0,0.024237636,1
154398,0,0,0.161717,1
154399,1,1,0.99949956,1
154400,0,0,0.11561079,1
154401,1,0,0.074365705,0
154402,0,1,0.9958901,0
154403,0,1,0.7653304,0
154404,1,1,1.0,1
154405,0,1,0.99962664,0
154406,1,1,0.99857306,1
154407,0,0,0.024845434,1
154408,1,1,0.9999968,1
154409,1,1,0.9999999,1
154410,0,1,0.9999907,0
154411,1,1,0.99999666,1
154412,0,0,0.1352892,1
154413,1,0,0.13660839,0
154414,1,1,0.9998097,1
154415,1,1,0.99999607,1
154416,1,1,0.9999957,1
154417,1,0,0.09033343,0
154418,0,1,0.99973255,0
154419,1,1,0.99999917,1
154420,1,0,0.04881241,0
154421,0,0,0.14657521,1
154422,1,1,0.988514,1
154423,1,1,0.9999989,1
154424,0,0,0.051319942,1
154425,0,0,0.015754245,1
154426,0,1,0.5898936,0
154427,0,1,0.99434716,0
154428,0,0,0.15393034,1
154429,1,1,0.9993917,1
154430,1,1,1.0,1
154431,1,0,0.2758119,0
154432,1,0,0.2960433,0
154433,1,1,1.0,1
154434,1,1,0.99656373,1
154435,0,0,0.07971035,1
154436,1,1,0.99999976,1
154437,0,0,0.29808256,1
154438,1,1,0.99894744,1
154439,0,1,0.9734181,0
154440,0,1,0.48932046,0
154441,0,1,0.9914722,0
154442,1,0,0.06080765,0
154443,0,0,0.019531239,1
154444,0,1,0.92495924,0
154445,1,1,1.0,1
154446,0,0,0.08108211,1
154447,1,0,0.01533582,0
154448,0,1,0.88263035,0
154449,1,1,0.9999118,1
154450,1,1,0.43902567,1
154451,0,1,0.39650622,0
154452,0,1,0.5533846,0
154453,0,1,0.5754688,0
154454,1,1,0.98934746,1
154455,1,1,1.0,1
154456,1,1,0.9999155,1
154457,0,1,0.9967649,0
154458,1,0,0.059537485,0
154459,1,1,0.99999976,1
154460,0,0,0.11476479,1
154461,1,1,0.99990165,1
154462,0,1,0.85318035,0
154463,1,0,0.05075239,0
154464,1,1,0.8897206,1
154465,0,0,0.017900169,1
154466,1,0,0.11187033,0
154467,0,1,0.9993026,0
154468,1,1,0.9766024,1
154469,0,1,0.7672978,0
154470,1,1,0.9999999,1
154471,1,1,0.99972624,1
154472,0,1,0.8710367,0
154473,1,0,0.0037072527,0
154474,0,1,0.99966204,0
154475,1,0,0.19299525,0
154476,1,0,0.19444428,0
154477,0,0,0.13167487,1
154478,1,1,0.51360744,1
154479,0,0,0.13302054,1
154480,0,0,0.1328517,1
154481,0,0,0.14015962,1
154482,0,0,0.20386599,1
154483,1,1,0.9999709,1
154484,1,1,0.9711565,1
154485,1,0,0.13330236,0
154486,1,1,0.9424538,1
154487,1,0,0.2026798,0
154488,1,1,0.540742,1
154489,1,0,0.1606607,0
154490,0,0,0.082475364,1
154491,0,1,0.9480585,0
154492,0,0,0.009615036,1
154493,1,0,0.0073458264,0
154494,0,0,0.05350215,1
154495,0,1,0.9940428,0
154496,0,1,0.961678,0
154497,1,1,0.9998957,1
154498,1,1,0.8917168,1
154499,0,1,0.99998224,0
154500,0,0,0.16708273,1
154501,0,1,0.4597734,0
154502,1,1,0.99959785,1
154503,0,1,0.9990073,0
154504,1,0,0.3176379,0
154505,1,1,1.0,1
154506,1,1,1.0,1
154507,1,1,0.99999905,1
154508,1,1,0.9994735,1
154509,1,0,0.06255973,0
154510,0,0,0.07185127,1
154511,0,0,0.18017878,1
154512,1,1,0.99867755,1
154513,1,1,0.999765,1
154514,1,0,0.2675517,0
154515,1,1,0.9999982,1
154516,1,1,0.9845458,1
154517,1,1,0.9999931,1
154518,1,1,0.4958497,1
154519,0,1,0.99861693,0
154520,0,0,0.2971639,1
154521,1,1,0.98439646,1
154522,1,1,1.0,1
154523,0,0,0.33785865,1
154524,1,1,0.9999243,1
154525,1,1,0.92007446,1
154526,0,0,0.11299101,1
154527,1,1,0.5792219,1
154528,0,1,0.9824568,0
154529,0,1,0.76812494,0
154530,0,0,0.1336412,1
154531,0,1,0.9771756,0
154532,0,0,0.21174264,1
154533,1,1,0.99999857,1
154534,0,0,0.024007749,1
154535,1,1,1.0,1
154536,0,1,0.97678024,0
154537,1,1,0.99968374,1
154538,1,1,0.9999982,1
154539,1,0,0.287968,0
154540,1,1,0.9999975,1
154541,1,1,0.86511016,1
154542,0,1,0.58326274,0
154543,1,1,0.77509457,1
154544,0,1,0.9953904,0
154545,0,1,0.86083776,0
154546,0,0,0.021532876,1
154547,0,0,0.08819005,1
154548,0,1,0.41483957,0
154549,1,1,1.0,1
154550,0,0,0.0021074724,1
154551,1,1,1.0,1
154552,0,0,0.11940814,1
154553,1,1,0.6955966,1
154554,0,0,0.31373507,1
154555,0,1,0.9869795,0
154556,0,0,0.24953869,1
154557,1,1,0.9999553,1
154558,1,1,0.9890976,1
154559,1,1,0.9830526,1
154560,1,1,0.9217811,1
154561,0,1,0.9427707,0
154562,1,0,0.08277145,0
154563,0,0,0.046033904,1
154564,1,1,0.9999944,1
154565,1,1,1.0,1
154566,0,1,0.98680264,0
154567,1,0,0.000965975,0
154568,0,0,0.052765187,1
154569,1,1,1.0,1
154570,1,1,0.992349,1
154571,0,0,0.06365676,1
154572,1,0,0.24889913,0
154573,1,1,0.99983776,1
154574,1,1,1.0,1
154575,1,1,0.9980882,1
154576,0,0,0.24780536,1
154577,0,1,0.51427835,0
154578,1,1,0.6469622,1
154579,1,1,0.8749346,1
154580,1,0,0.029423581,0
154581,0,1,0.6747474,0
154582,1,1,1.0,1
154583,1,1,0.99988496,1
154584,0,1,0.97180575,0
154585,1,1,0.9125921,1
154586,1,1,1.0,1
154587,0,0,0.10687689,1
154588,0,1,0.5642185,0
154589,1,1,0.9973008,1
154590,1,0,0.07126734,0
154591,1,0,0.21700546,0
154592,0,1,0.6781671,0
154593,0,0,0.11486404,1
154594,1,0,0.20481862,0
154595,1,0,0.34411275,0
154596,1,0,0.2549725,0
154597,1,1,0.9999999,1
154598,1,1,0.98833525,1
154599,1,1,0.99333304,1
154600,1,1,0.99821436,1
154601,0,0,0.0031480705,1
154602,1,1,1.0,1
154603,1,1,0.9999982,1
154604,1,1,0.79889375,1
154605,1,0,0.07971035,0
154606,1,1,0.9993625,1
154607,1,1,0.47880298,1
154608,1,1,0.9994023,1
154609,1,1,0.99999917,1
154610,1,1,1.0,1
154611,0,0,0.03374837,1
154612,1,1,1.0,1
154613,1,1,0.5852197,1
154614,1,0,0.22558717,0
154615,1,1,0.9930559,1
154616,1,1,1.0,1
154617,1,1,0.99999976,1
154618,1,1,0.7188412,1
154619,0,0,0.0794957,1
154620,0,1,0.43800378,0
154621,1,1,0.9999999,1
154622,0,0,0.15234725,1
154623,0,1,0.9972262,0
154624,0,1,0.8022459,0
154625,1,1,0.90657043,1
154626,0,1,0.8490974,0
154627,1,0,0.10026027,0
154628,0,0,0.12770702,1
154629,0,1,0.81077874,0
154630,1,0,0.037186775,0
154631,0,1,0.9026955,0
154632,0,0,0.25219983,1
154633,0,1,0.3597577,0
154634,1,0,0.046551276,0
154635,0,0,0.05531065,1
154636,1,1,0.99968255,1
154637,1,1,0.6203342,1
154638,1,1,0.8864204,1
154639,1,0,0.17356819,0
154640,1,0,0.11787642,0
154641,0,1,0.990892,0
154642,0,1,0.8671483,0
154643,0,1,0.82544905,0
154644,1,1,0.99979657,1
154645,0,0,0.007800757,1
154646,0,1,0.46660253,0
154647,0,0,0.18757874,1
154648,0,1,0.57487214,0
154649,0,1,0.3718777,0
154650,0,0,0.18010665,1
154651,1,1,0.94815457,1
154652,0,0,0.020371297,1
154653,0,1,0.9873262,0
154654,0,0,0.10176784,1
154655,1,0,0.18594721,0
154656,1,1,1.0,1
154657,0,1,0.60340613,0
154658,1,1,0.99999845,1
154659,0,1,0.99890983,0
154660,0,0,0.13898684,1
154661,1,1,0.99341017,1
154662,0,0,0.100701615,1
154663,1,1,0.90582335,1
154664,0,1,0.36463615,0
154665,1,1,0.99984944,1
154666,1,1,0.9999975,1
154667,0,0,0.06693421,1
154668,1,1,0.999998,1
154669,0,1,0.708868,0
154670,0,0,0.21469142,1
154671,1,0,0.07992553,0
154672,1,0,0.19299525,0
154673,1,0,0.20362833,0
154674,0,0,0.25183168,1
154675,1,1,1.0,1
154676,0,1,0.5737979,0
154677,1,1,1.0,1
154678,1,0,0.33036318,0
154679,1,1,0.7778066,1
154680,1,1,0.8607207,1
154681,1,1,1.0,1
154682,1,1,1.0,1
154683,1,1,1.0,1
154684,1,1,0.9950659,1
154685,1,1,0.9974491,1
154686,0,1,0.9811488,0
154687,0,0,0.017425755,1
154688,0,1,0.95787287,0
154689,0,0,0.07956719,1
154690,1,1,0.9999999,1
154691,1,1,0.38179567,1
154692,0,0,0.05103542,1
154693,1,1,1.0,1
154694,0,0,0.23581159,1
154695,1,1,0.99999976,1
154696,0,0,0.1939858,1
154697,0,1,0.55441016,0
154698,0,0,0.05184547,1
154699,0,0,0.031410128,1
154700,0,0,0.018176932,1
154701,0,1,0.86511016,0
154702,0,0,0.046033904,1
154703,0,0,0.2629364,1
154704,0,1,0.42298126,0
154705,0,1,0.38107562,0
154706,0,1,0.38329497,0
154707,1,1,1.0,1
154708,1,1,0.9995408,1
154709,1,1,0.9999999,1
154710,0,1,0.5191557,0
154711,1,1,0.9921233,1
154712,1,1,0.99863297,1
154713,1,0,0.026280278,0
154714,0,0,0.18653922,1
154715,1,1,0.99992716,1
154716,1,0,0.1305069,0
154717,0,1,0.9959693,0
154718,0,1,0.36421204,0
154719,0,1,1.0,0
154720,0,0,0.2754707,1
154721,1,1,0.99857306,1
154722,1,1,0.9999999,1
154723,1,1,0.99943525,1
154724,1,1,0.8547634,1
154725,1,1,0.99999964,1
154726,1,1,0.8869111,1
154727,1,0,0.20040116,0
154728,1,1,0.5481898,1
154729,1,0,0.05948283,0
154730,0,0,0.01533582,1
154731,1,0,0.008968054,0
154732,0,0,0.038430087,1
154733,1,1,1.0,1
154734,1,0,0.0008426422,0
154735,1,1,0.98041254,1
154736,1,1,0.99867237,1
154737,1,0,0.016625078,0
154738,0,1,0.93127525,0
154739,0,1,0.87191176,0
154740,1,1,0.99971646,1
154741,1,0,0.042522945,0
154742,1,1,0.99999976,1
154743,1,1,1.0,1
154744,0,1,0.99999905,0
154745,0,1,0.91985875,0
154746,0,0,0.07230849,1
154747,1,1,0.99839276,1
154748,0,0,0.010169658,1
154749,0,0,0.07477004,1
154750,1,0,0.1685146,0
154751,1,1,0.99979585,1
154752,1,1,1.0,1
154753,0,1,0.39376375,0
154754,0,0,0.10230471,1
154755,1,1,1.0,1
154756,1,0,0.042642392,0
154757,1,1,0.9999999,1
154758,1,1,0.83508044,1
154759,0,1,0.9975561,0
154760,1,0,0.030530943,0
154761,1,1,0.9954615,1
154762,0,1,0.9920157,0
154763,1,1,0.99999785,1
154764,0,0,0.020390792,1
154765,1,1,0.9999778,1
154766,1,0,0.052862898,0
154767,1,1,0.95145893,1
154768,0,1,0.66459477,0
154769,0,1,0.5292634,0
154770,1,1,1.0,1
154771,1,1,0.988085,1
154772,1,1,0.99999976,1
154773,0,1,0.71735847,0
154774,1,1,0.99996066,1
154775,0,0,0.050237365,1
154776,1,1,1.0,1
154777,1,1,0.9801483,1
154778,1,1,0.41401014,1
154779,0,0,0.0035588038,1
154780,1,1,1.0,1
154781,0,0,0.14694208,1
154782,1,0,0.0025459477,0
154783,0,0,0.022737447,1
154784,1,0,0.090253234,0
154785,1,0,0.004190637,0
154786,1,1,0.35753947,1
154787,1,1,1.0,1
154788,1,1,0.99947256,1
154789,1,1,0.6906113,1
154790,1,1,0.8704873,1
154791,1,1,0.99997616,1
154792,1,1,0.63335353,1
154793,0,1,0.73177797,0
154794,1,1,0.8224745,1
154795,0,1,0.9814,0
154796,1,1,0.891339,1
154797,1,1,0.97628796,1
154798,1,1,0.9987864,1
154799,1,0,0.12560067,0
154800,1,1,0.9999927,1
154801,1,1,1.0,1
154802,0,0,0.020606475,1
154803,1,1,0.99943966,1
154804,1,0,0.14069007,0
154805,1,1,1.0,1
154806,0,0,0.30280325,1
154807,1,1,0.99999917,1
154808,0,0,0.08811155,1
154809,1,1,1.0,1
154810,0,0,0.055823144,1
154811,1,1,0.46751407,1
154812,1,1,0.99764496,1
154813,0,0,0.028490044,1
154814,1,1,0.9999994,1
154815,1,0,0.116261385,0
154816,1,1,0.9999999,1
154817,1,1,1.0,1
154818,1,1,0.9999944,1
154819,1,0,0.14163724,0
154820,1,1,0.99554896,1
154821,1,1,0.99999845,1
154822,1,0,0.049085185,0
154823,0,1,0.9662198,0
154824,0,0,0.3082423,1
154825,0,0,0.011397586,1
154826,0,1,0.5162906,0
154827,1,1,0.69735134,1
154828,1,1,0.9990207,1
154829,1,1,0.6469622,1
154830,1,0,0.21223202,0
154831,1,1,0.5963156,1
154832,0,1,0.99837387,0
154833,1,1,0.9991204,1
154834,0,0,0.22185604,1
154835,0,1,0.999617,0
154836,1,1,0.96249723,1
154837,0,1,0.99970573,0
154838,0,0,0.23739909,1
154839,0,1,0.55314326,0
154840,1,1,0.86130506,1
154841,1,0,0.32332665,0
154842,0,0,0.05218253,1
154843,1,0,0.15941359,0
154844,0,1,0.9999738,0
154845,0,1,0.8895288,0
154846,1,0,0.23458193,0
154847,1,1,0.9999503,1
154848,1,1,0.9321451,1
154849,0,0,0.0532062,1
154850,0,0,0.029090757,1
154851,1,1,0.91398406,1
154852,0,1,0.99956864,0
154853,0,0,0.058722552,1
154854,1,1,0.9999999,1
154855,1,1,0.99998665,1
154856,1,1,0.9999933,1
154857,1,1,0.9613528,1
154858,0,1,0.9999999,0
154859,0,1,0.58100593,0
154860,1,1,0.9990415,1
154861,1,1,1.0,1
154862,0,0,0.09252366,1
154863,1,0,0.11767348,0
154864,1,1,0.9999993,1
154865,1,1,1.0,1
154866,1,1,1.0,1
154867,0,1,0.99988675,0
154868,1,0,0.0524731,0
154869,0,0,0.11018359,1
154870,1,0,0.16264586,0
154871,1,1,0.99990237,1
154872,1,1,0.99996257,1
154873,1,1,0.92468774,1
154874,0,0,0.042722195,1
154875,0,0,0.044973567,1
154876,0,0,0.011823393,1
154877,0,1,0.7740714,0
154878,0,1,0.9856076,0
154879,1,1,0.43968722,1
154880,1,0,0.23213603,0
154881,0,0,0.2549725,1
154882,0,1,0.9916842,0
154883,1,1,0.7940658,1
154884,0,1,0.99999535,0
154885,1,1,1.0,1
154886,1,1,1.0,1
154887,1,1,0.9999989,1
154888,1,1,0.9278225,1
154889,1,1,1.0,1
154890,0,1,0.9920773,0
154891,1,1,0.99999726,1
154892,0,0,0.34925526,1
154893,1,1,0.99999225,1
154894,0,1,0.48188052,0
154895,1,0,0.31753206,0
154896,1,1,0.98022413,1
154897,0,1,0.6190684,0
154898,1,1,0.9999988,1
154899,1,0,0.11843607,0
154900,1,1,0.9999956,1
154901,1,1,0.9907499,1
154902,1,1,0.9695268,1
154903,0,1,0.7530129,0
154904,1,1,0.99999976,1
154905,0,1,0.99967873,0
154906,0,0,0.038538493,1
154907,1,0,0.20866227,0
154908,1,0,0.17196317,0
154909,1,0,0.10502681,0
154910,1,1,0.9999999,1
154911,1,1,1.0,1
154912,0,0,0.1746917,1
154913,0,0,0.08525123,1
154914,1,1,1.0,1
154915,0,1,0.9999722,0
154916,0,1,0.7146778,0
154917,0,0,0.091058284,1
154918,1,1,0.9999076,1
154919,1,1,0.99917525,1
154920,0,0,0.026205411,1
154921,1,0,0.15469499,0
154922,1,1,0.89912134,1
154923,1,1,0.9993013,1
154924,0,1,0.99963737,0
154925,1,1,1.0,1
154926,0,1,0.9747011,0
154927,0,0,0.27299255,1
154928,1,0,0.023916386,0
154929,1,1,0.99995637,1
154930,1,1,1.0,1
154931,0,1,0.8692713,0
154932,0,0,0.19110113,1
154933,1,1,0.9152046,1
154934,0,0,0.019870713,1
154935,0,0,0.18832397,1
154936,0,1,0.9506406,0
154937,0,1,0.98340684,0
154938,0,1,0.8191712,0
154939,1,0,0.05033063,0
154940,1,1,0.99850756,1
154941,0,0,0.08151975,1
154942,1,1,1.0,1
154943,0,1,0.9999485,0
154944,1,1,1.0,1
154945,0,0,0.14487322,1
154946,0,1,0.9664738,0
154947,0,1,0.92000264,0
154948,1,1,0.99351174,1
154949,1,1,0.9985952,1
154950,1,1,0.9956176,1
154951,0,0,0.12033541,1
154952,0,0,0.24517536,1
154953,0,1,0.7303861,0
154954,0,1,0.84872156,0
154955,1,1,0.9999989,1
154956,0,1,0.77509457,0
154957,0,0,0.054651033,1
154958,0,0,0.053849373,1
154959,1,1,0.9962999,1
154960,1,1,1.0,1
154961,1,1,0.96405166,1
154962,0,1,0.98007214,0
154963,0,0,0.1648523,1
154964,0,1,0.43188366,0
154965,1,1,0.7796576,1
154966,0,1,0.57904345,0
154967,1,1,0.7411123,1
154968,1,1,0.4116725,1
154969,0,0,0.18046747,1
154970,1,1,0.9709644,1
154971,1,1,0.9677472,1
154972,0,0,0.07243961,1
154973,1,1,0.999985,1
154974,1,1,0.9999987,1
154975,0,1,0.9968945,0
154976,0,0,0.26057756,1
154977,1,1,0.99991655,1
154978,0,1,0.8550057,0
154979,1,0,0.023802664,0
154980,1,1,1.0,1
154981,1,1,0.39117333,1
154982,1,1,0.99816847,1
154983,0,1,0.9957353,0
154984,1,0,0.0085278,0
154985,1,1,0.9473323,1
154986,1,1,0.8321002,1
154987,0,0,0.091220066,1
154988,0,1,0.999974,0
154989,0,1,0.82261705,0
154990,1,1,1.0,1
154991,0,1,0.99649614,0
154992,0,0,0.28641868,1
154993,0,0,0.20809844,1
154994,1,1,0.99760324,1
154995,0,0,0.26908544,1
154996,0,1,0.36015138,0
154997,0,1,0.99984026,0
154998,1,0,0.25655252,0
154999,0,1,0.8855325,0
155000,0,0,0.064594455,1
155001,1,0,0.04177388,0
155002,1,1,0.9829055,1
155003,1,1,0.999979,1
155004,1,1,0.9998969,1
155005,0,1,0.9999999,0
155006,0,0,0.33545968,1
155007,0,0,0.0836655,1
155008,1,1,1.0,1
155009,1,1,1.0,1
155010,0,1,0.99998677,0
155011,1,1,0.9998989,1
155012,0,0,0.31795546,1
155013,0,0,0.064830884,1
155014,1,1,0.99890983,1
155015,1,1,0.98961186,1
155016,0,0,0.19736712,1
155017,0,0,0.022846196,1
155018,1,1,0.9995566,1
155019,1,1,0.47137532,1
155020,0,0,0.11961366,1
155021,0,0,0.03750274,1
155022,0,1,0.99999917,0
155023,1,1,0.9999993,1
155024,1,1,0.93980294,1
155025,1,0,0.08858347,0
155026,0,1,0.9999707,0
155027,1,1,0.9993081,1
155028,0,0,0.1880256,1
155029,0,0,0.0374323,1
155030,1,1,0.9998517,1
155031,1,1,0.9860174,1
155032,0,1,0.9999949,0
155033,1,0,0.23572361,0
155034,0,0,0.13805456,1
155035,1,0,0.33052522,0
155036,0,0,0.34565726,1
155037,0,1,0.8715842,0
155038,1,1,0.5339443,1
155039,1,1,0.99987316,1
155040,0,1,1.0,0
155041,0,0,0.1838133,1
155042,1,1,0.9992706,1
155043,1,1,1.0,1
155044,0,0,0.022457054,1
155045,1,1,1.0,1
155046,1,0,0.008235631,0
155047,1,1,0.998092,1
155048,1,1,1.0,1
155049,1,0,0.18824935,0
155050,1,1,0.9999709,1
155051,0,0,0.19829696,1
155052,0,1,0.59331477,0
155053,1,1,0.99999964,1
155054,0,0,0.23292027,1
155055,0,0,0.016340127,1
155056,1,1,0.98644173,1
155057,1,1,1.0,1
155058,0,0,0.23934935,1
155059,0,1,0.9393595,0
155060,1,0,0.27747297,0
155061,1,1,1.0,1
155062,0,0,0.08079154,1
155063,0,1,0.99845123,0
155064,1,0,0.27134824,0
155065,0,1,0.6468507,0
155066,0,1,0.65748346,0
155067,0,1,0.74521303,0
155068,1,1,0.9999968,1
155069,1,1,0.9857729,1
155070,1,1,0.716169,1
155071,1,1,1.0,1
155072,1,1,0.99242276,1
155073,1,1,0.9988575,1
155074,1,1,0.99994147,1
155075,0,1,0.48486793,0
155076,1,1,0.9971048,1
155077,1,1,1.0,1
155078,0,1,0.97999567,0
155079,1,1,1.0,1
155080,0,0,0.010590936,1
155081,0,0,0.1067837,1
155082,0,0,0.05717659,1
155083,0,1,0.49407983,0
155084,1,1,0.78481424,1
155085,0,1,0.9713201,0
155086,1,1,0.9953994,1
155087,0,1,1.0,0
155088,0,1,0.7940658,0
155089,1,1,1.0,1
155090,1,0,0.24472384,0
155091,0,0,0.061762713,1
155092,0,0,0.008968054,1
155093,1,1,0.57439476,1
155094,0,0,0.08525123,1
155095,0,1,0.967163,0
155096,1,1,0.8818186,1
155097,1,1,0.8975158,1
155098,1,1,0.99993134,1
155099,0,1,0.4317339,0
155100,0,1,0.853669,0
155101,1,1,0.99973875,1
155102,1,1,0.99996173,1
155103,0,0,0.23353149,1
155104,1,0,0.15488662,0
155105,1,0,0.102484226,0
155106,0,0,0.13206616,1
155107,1,1,1.0,1
155108,1,1,1.0,1
155109,1,1,0.65285033,1
155110,1,1,0.7520581,1
155111,1,1,0.87578696,1
155112,0,0,0.13580413,1
155113,0,1,0.4276656,0
155114,0,1,0.6747474,0
155115,1,1,0.5136685,1
155116,1,0,0.18624303,0
155117,0,0,0.022846196,1
155118,0,0,0.047030386,1
155119,0,0,0.2812575,1
155120,0,1,0.950411,0
155121,0,0,0.0628467,1
155122,1,1,0.9999999,1
155123,0,1,0.9999995,0
155124,1,1,0.99999976,1
155125,1,1,0.99998105,1
155126,0,1,0.9992848,0
155127,0,0,0.050004896,1
155128,0,0,0.06626642,1
155129,1,1,0.7947038,1
155130,0,0,0.22558717,1
155131,0,0,0.28288907,1
155132,0,0,0.22109832,1
155133,1,1,0.9981178,1
155134,1,0,0.27835485,0
155135,0,0,0.01578456,1
155136,1,1,0.99261135,1
155137,1,1,0.99952257,1
155138,1,0,0.21027938,0
155139,1,0,0.07558479,0
155140,0,1,0.99856746,0
155141,0,0,0.08232769,1
155142,1,0,0.14657521,0
155143,0,0,0.10158944,1
155144,1,1,0.9826909,1
155145,1,1,0.96210754,1
155146,1,1,0.8554893,1
155147,1,1,0.9978636,1
155148,1,1,0.62142605,1
155149,0,0,0.02580962,1
155150,0,1,0.47383982,0
155151,0,0,0.32327327,1
155152,0,1,0.7940658,0
155153,0,0,0.08299413,1
155154,1,1,0.9999945,1
155155,0,0,0.088425905,1
155156,0,0,0.07490528,1
155157,0,0,0.3489224,1
155158,0,1,0.36375988,0
155159,0,0,0.25256836,1
155160,1,0,0.089933,0
155161,1,0,0.027246773,0
155162,0,0,0.118385084,1
155163,0,0,0.22354652,1
155164,1,1,0.9988796,1
155165,1,1,0.9999999,1
155166,1,0,0.18609506,0
155167,0,1,0.6461812,0
155168,1,1,1.0,1
155169,1,1,0.9976172,1
155170,0,0,0.073098525,1
155171,0,0,0.1192542,1
155172,1,1,0.9935243,1
155173,0,0,0.011222865,1
155174,0,1,0.98018634,0
155175,0,1,0.99997723,0
155176,0,1,0.9999422,0
155177,1,0,0.055463932,0
155178,1,1,0.9999987,1
155179,1,1,0.68925333,1
155180,0,0,0.22185604,1
155181,1,1,0.80240077,1
155182,0,1,0.9886901,0
155183,1,1,0.8576489,1
155184,1,1,0.9626381,1
155185,1,1,1.0,1
155186,1,1,1.0,1
155187,1,1,1.0,1
155188,1,1,0.99892455,1
155189,0,0,0.06797852,1
155190,0,0,0.19110113,1
155191,0,0,0.31326216,1
155192,0,0,0.083441176,1
155193,0,1,0.93127525,0
155194,1,1,0.9998894,1
155195,1,1,0.92495924,1
155196,0,1,0.9926399,0
155197,1,1,1.0,1
155198,1,1,0.8183016,1
155199,0,0,0.036665846,1
155200,1,1,0.6936286,1
155201,1,1,0.9998957,1
155202,1,1,0.99379504,1
155203,0,1,0.49932864,0
155204,1,0,0.089057684,0
155205,1,1,0.9777776,1
155206,1,1,0.9912209,1
155207,1,0,0.09186979,0
155208,0,1,0.9999999,0
155209,0,0,0.024492992,1
155210,1,1,0.9963994,1
155211,0,1,0.4880394,0
155212,1,1,0.99998546,1
155213,1,1,0.49481216,1
155214,0,1,0.55603796,0
155215,0,1,0.99882823,0
155216,0,1,0.9999995,0
155217,0,1,0.947381,0
155218,1,1,0.9948902,1
155219,1,1,0.7905303,1
155220,0,1,0.9999958,0
155221,1,1,0.6993057,1
155222,0,1,0.8490974,0
155223,0,1,0.98959166,0
155224,1,1,0.99866986,1
155225,0,1,0.604107,0
155226,1,1,0.78604853,1
155227,0,1,0.6853707,0
155228,1,0,0.10365786,0
155229,0,1,0.9871293,0
155230,1,1,0.9999907,1
155231,1,1,0.99995565,1
155232,0,1,0.9999999,0
155233,1,1,0.97074324,1
155234,0,1,0.617628,0
155235,1,1,1.0,1
155236,0,1,0.99090964,0
155237,0,1,0.99997187,0
155238,0,0,0.11631158,1
155239,1,1,0.99959475,1
155240,1,1,0.5265253,1
155241,1,1,0.9747971,1
155242,1,1,0.9999993,1
155243,1,0,0.028870905,0
155244,0,1,0.95846003,0
155245,0,0,0.031410128,1
155246,1,1,0.70801073,1
155247,1,1,0.9976586,1
155248,0,0,0.09645018,1
155249,1,0,0.061762713,0
155250,0,0,0.2705766,1
155251,1,1,1.0,1
155252,0,1,0.9988236,0
155253,0,0,0.11666332,1
155254,1,1,0.9999999,1
155255,0,0,0.02665774,1
155256,1,0,0.25219983,0
155257,1,1,0.9998822,1
155258,1,0,0.18772759,0
155259,0,0,0.034358688,1
155260,1,1,1.0,1
155261,1,1,0.9902351,1
155262,0,1,0.39507583,0
155263,0,1,0.76764625,0
155264,1,1,0.99999976,1
155265,0,1,0.9906419,0
155266,1,1,0.9999875,1
155267,1,1,0.99187535,1
155268,1,1,0.8106289,1
155269,0,0,0.09001297,1
155270,1,1,0.94728357,1
155271,0,0,0.009783876,1
155272,0,1,0.97093683,0
155273,1,1,0.9368073,1
155274,1,1,1.0,1
155275,0,0,0.22944888,1
155276,0,1,0.9999039,0
155277,1,0,0.03618598,0
155278,0,0,0.06779314,1
155279,0,0,0.30606017,1
155280,1,0,0.12560067,0
155281,1,1,0.5474036,1
155282,0,1,0.9996724,0
155283,1,1,0.99928194,1
155284,0,0,0.065545,1
155285,1,1,1.0,1
155286,0,1,0.89796406,0
155287,1,1,0.9999219,1
155288,1,0,0.13683893,0
155289,0,0,0.0071491017,1
155290,1,1,0.96084166,1
155291,0,0,0.25935638,1
155292,1,1,0.51665646,1
155293,1,1,0.757346,1
155294,1,1,0.99998736,1
155295,0,1,0.8705973,0
155296,0,0,0.12543987,1
155297,0,0,0.02761149,1
155298,0,0,0.007591943,1
155299,0,0,0.029760094,1
155300,1,1,0.5324251,1
155301,1,1,0.6861073,1
155302,1,0,0.086246476,0
155303,0,0,0.05770532,1
155304,1,1,0.99901307,1
155305,1,1,1.0,1
155306,0,1,0.8472108,0
155307,1,0,0.049313605,0
155308,0,1,0.80240077,0
155309,0,1,0.9999517,0
155310,1,1,0.9997942,1
155311,0,0,0.07382971,1
155312,0,1,0.4539577,0
155313,0,1,0.9714829,0
155314,1,1,0.5966095,1
155315,1,1,1.0,1
155316,1,1,1.0,1
155317,1,1,0.999997,1
155318,1,1,0.9999999,1
155319,1,0,0.021677375,0
155320,0,0,0.2686535,1
155321,1,1,0.9556928,1
155322,1,1,0.9999951,1
155323,0,1,0.9693242,0
155324,1,1,0.87525487,1
155325,1,1,0.5084221,1
155326,0,1,0.9760608,0
155327,1,1,0.9451974,1
155328,1,1,0.99999607,1
155329,0,0,0.12576161,1
155330,1,1,0.9878762,1
155331,1,1,1.0,1
155332,0,1,0.9997367,0
155333,1,0,0.0140636265,0
155334,1,0,0.03117331,0
155335,1,1,0.9996898,1
155336,0,0,0.22185604,1
155337,1,1,0.99998796,1
155338,1,1,0.99990726,1
155339,1,1,0.99378294,1
155340,1,1,0.9999982,1
155341,1,1,0.99453074,1
155342,0,1,0.99999595,0
155343,1,1,0.9998809,1
155344,0,0,0.0008609261,1
155345,1,0,0.25330648,0
155346,1,1,0.99723166,1
155347,0,1,0.71963,0
155348,1,1,0.99944824,1
155349,1,1,0.9977349,1
155350,0,0,0.14517595,1
155351,1,0,0.023197629,0
155352,0,1,0.882022,0
155353,0,1,0.9991204,0
155354,1,1,0.96777767,1
155355,1,1,0.381162,1
155356,0,1,0.9864938,0
155357,0,1,0.96912026,0
155358,0,0,0.060363002,1
155359,0,0,0.19352812,1
155360,1,1,0.99999917,1
155361,0,1,1.0,0
155362,1,1,0.9998859,1
155363,0,0,0.17674264,1
155364,1,1,0.99988496,1
155365,1,1,0.99979013,1
155366,0,1,0.9999956,0
155367,0,1,0.5730812,0
155368,1,1,0.99971086,1
155369,1,0,0.19744445,0
155370,1,1,0.9999987,1
155371,0,1,0.9999933,0
155372,0,0,0.1584346,1
155373,1,1,1.0,1
155374,1,1,1.0,1
155375,1,1,0.9999994,1
155376,1,1,0.99566853,1
155377,0,1,0.9989034,0
155378,0,0,0.3300392,1
155379,0,1,0.984767,0
155380,1,1,0.75482464,1
155381,1,0,0.068040416,0
155382,1,1,0.9999999,1
155383,0,1,0.99979013,0
155384,0,1,0.991032,0
155385,1,1,0.7852674,1
155386,0,0,0.12874407,1
155387,0,1,0.9969663,0
155388,1,1,1.0,1
155389,0,1,0.4333219,0
155390,0,1,0.38728473,0
155391,0,0,0.054298937,1
155392,0,0,0.045948204,1
155393,1,1,0.41220477,1
155394,0,0,0.09585608,1
155395,0,1,0.9872773,0
155396,1,1,0.9999732,1
155397,0,0,0.04836099,1
155398,0,0,0.023825366,1
155399,0,0,0.0672398,1
155400,0,1,0.99999356,0
155401,0,1,0.42617235,0
155402,0,0,0.021801988,1
155403,1,1,0.9973374,1
155404,1,1,0.98147124,1
155405,0,1,0.48352647,0
155406,1,1,0.9984603,1
155407,0,0,0.27212125,1
155408,0,0,0.2996685,1
155409,1,1,0.99967504,1
155410,0,0,0.08686416,1
155411,0,1,0.9999994,0
155412,0,0,0.048903175,1
155413,0,0,0.23423143,1
155414,0,0,0.22177176,1
155415,0,1,0.8178656,0
155416,0,1,0.89823216,0
155417,0,0,0.009540926,1
155418,1,1,1.0,1
155419,1,1,0.9999999,1
155420,1,0,0.20394525,0
155421,1,1,0.9999528,1
155422,1,0,0.16118816,0
155423,0,0,0.18374003,1
155424,1,1,0.99999976,1
155425,0,0,0.023870833,1
155426,0,1,0.99998915,0
155427,1,1,0.99782157,1
155428,1,0,0.32412842,0
155429,0,1,0.98644173,0
155430,0,0,0.31341976,1
155431,1,0,0.0028952137,0
155432,1,1,1.0,1
155433,0,0,0.0606962,1
155434,0,0,0.22962157,1
155435,0,1,0.96329963,0
155436,1,1,0.92617035,1
155437,0,0,0.041307308,1
155438,1,1,0.99886864,1
155439,1,1,0.9976172,1
155440,1,1,0.9999237,1
155441,1,0,0.19759926,0
155442,0,0,0.114072114,1
155443,0,1,0.997851,0
155444,1,0,0.04885778,0
155445,0,1,0.9231778,0
155446,0,1,0.95695716,0
155447,1,1,0.4799912,1
155448,1,1,0.99999976,1
155449,1,1,0.9974241,1
155450,0,0,0.13506088,1
155451,1,1,1.0,1
155452,0,1,0.97142875,0
155453,1,0,0.21076632,0
155454,1,1,0.997358,1
155455,1,1,0.99195355,1
155456,0,1,0.87914675,0
155457,1,0,0.00014257943,0
155458,1,1,0.99999297,1
155459,1,1,0.9999989,1
155460,0,1,0.9761519,0
155461,0,1,0.96628344,0
155462,0,0,0.06524657,1
155463,1,0,0.14909723,0
155464,1,1,0.75110084,1
155465,1,1,0.5248818,1
155466,0,1,0.98507166,0
155467,0,1,0.40842423,0
155468,0,1,0.63250273,0
155469,0,0,0.09203286,1
155470,1,1,0.64192754,1
155471,1,1,0.6814619,1
155472,0,1,0.9954704,0
155473,0,1,0.66622543,0
155474,0,0,0.33344895,1
155475,1,1,1.0,1
155476,1,1,0.6966295,1
155477,0,1,0.8401279,0
155478,0,1,0.99997795,0
155479,1,0,0.07316472,0
155480,0,0,0.114072114,1
155481,0,1,0.99983203,0
155482,1,1,0.7059371,1
155483,1,1,0.99999833,1
155484,1,1,0.98975134,1
155485,1,1,1.0,1
155486,0,1,0.94781744,0
155487,0,1,0.9942697,0
155488,0,0,0.23248436,1
155489,0,0,0.19961987,1
155490,0,0,0.03061778,1
155491,0,1,0.9312127,0
155492,0,1,0.9957353,0
155493,1,1,0.9999995,1
155494,1,1,0.8812066,1
155495,0,0,0.22346178,1
155496,1,1,0.99723697,1
155497,1,1,0.7801604,1
155498,0,1,0.4490906,0
155499,0,0,0.101144664,1
155500,0,0,0.100436606,1
155501,0,1,0.35186765,0
155502,1,1,0.9999294,1
155503,0,0,0.0046818224,1
155504,1,1,0.997917,1
155505,1,1,0.9999989,1
155506,1,1,0.99994266,1
155507,0,1,0.9896718,0
155508,1,1,0.93891287,1
155509,1,1,0.37765542,1
155510,1,1,0.99972254,1
155511,1,1,0.999987,1
155512,1,1,1.0,1
155513,1,1,0.46879065,1
155514,1,1,1.0,1
155515,0,0,0.10311471,1
155516,1,0,0.2580454,0
155517,0,0,0.3422417,1
155518,1,0,0.22295383,0
155519,0,1,0.9843664,0
155520,0,0,0.11104826,1
155521,0,0,0.1464531,1
155522,0,0,0.07483763,1
155523,1,1,1.0,1
155524,1,1,0.9979572,1
155525,0,0,0.13603349,1
155526,0,1,0.9777776,0
155527,1,1,0.9999945,1
155528,0,1,0.99999905,0
155529,1,1,1.0,1
155530,1,1,0.59190017,1
155531,0,0,0.023153413,1
155532,0,0,0.030996837,1
155533,0,1,0.6584724,0
155534,1,1,1.0,1
155535,0,0,0.07654563,1
155536,1,1,1.0,1
155537,1,1,0.39495912,1
155538,1,0,0.32729194,0
155539,1,1,0.93306583,1
155540,1,1,0.9999988,1
155541,1,1,0.8653379,1
155542,0,1,0.95938325,0
155543,1,0,0.039564554,0
155544,0,1,0.74316806,0
155545,1,1,0.7634837,1
155546,1,1,0.9014879,1
155547,1,1,0.71913713,1
155548,0,0,0.25590113,1
155549,0,1,0.84195566,0
155550,1,1,0.99128854,1
155551,0,0,0.095265254,1
155552,0,1,0.99849,0
155553,0,1,0.9996437,0
155554,1,0,0.057123974,0
155555,1,1,0.9144437,1
155556,0,1,0.78695047,0
155557,0,1,0.53108776,0
155558,0,1,0.70846474,0
155559,0,0,0.020351816,1
155560,1,1,0.990892,1
155561,1,1,0.9999995,1
155562,1,1,0.772788,1
155563,1,1,0.9911698,1
155564,0,1,0.99991846,0
155565,0,0,0.19019702,1
155566,0,1,0.7008436,0
155567,0,1,0.38693717,0
155568,1,1,0.65638304,1
155569,1,1,1.0,1
155570,0,0,0.24015035,1
155571,1,1,1.0,1
155572,0,0,0.22850062,1
155573,1,1,0.99694854,1
155574,0,1,0.99575186,0
155575,1,0,0.08050193,0
155576,1,1,1.0,1
155577,0,1,0.9997347,0
155578,1,0,0.022392828,0
155579,1,1,0.99911004,1
155580,0,1,1.0,0
155581,0,1,0.84376645,0
155582,1,1,0.99998486,1
155583,0,1,0.97865146,0
155584,0,1,0.91550726,0
155585,1,0,0.21255875,0
155586,1,1,0.993255,1
155587,1,1,0.967194,1
155588,1,1,0.9997942,1
155589,1,1,0.9997209,1
155590,1,1,1.0,1
155591,1,1,0.70634234,1
155592,0,1,0.9999151,0
155593,1,1,0.8889517,1
155594,1,1,0.6858969,1
155595,1,1,1.0,1
155596,1,1,0.99997663,1
155597,0,1,0.36037648,0
155598,1,0,0.31526145,0
155599,0,1,0.9692369,0
155600,1,1,0.9369228,1
155601,1,1,0.7329743,1
155602,1,1,1.0,1
155603,0,1,0.754915,0
155604,0,0,0.10374862,1
155605,0,0,0.034586217,1
155606,0,1,0.42045087,0
155607,1,1,0.99890554,1
155608,0,1,0.37765542,0
155609,1,1,0.8568123,1
155610,1,1,0.9845754,1
155611,1,0,0.13296424,0
155612,1,0,0.07921033,0
155613,1,1,0.9990054,1
155614,0,0,0.058185086,1
155615,0,0,0.20882359,1
155616,1,1,0.9984421,1
155617,0,0,0.08321738,1
155618,0,0,0.052570295,1
155619,0,1,0.7892337,0
155620,1,1,0.7400804,1
155621,1,1,0.9999697,1
155622,1,1,0.99991655,1
155623,1,1,0.99965465,1
155624,1,1,0.98638946,1
155625,1,1,0.8517063,1
155626,0,0,0.07899691,1
155627,0,1,0.93784,0
155628,0,1,0.9979652,0
155629,0,1,0.6902982,0
155630,1,1,1.0,1
155631,1,1,0.9986249,1
155632,0,0,0.23545979,1
155633,0,0,0.026081098,1
155634,0,1,0.99963236,0
155635,1,1,0.9994956,1
155636,1,0,0.308711,0
155637,0,0,0.2244802,1
155638,1,1,0.99999666,1
155639,0,0,0.023825366,1
155640,0,1,0.99999785,0
155641,1,1,0.99983454,1
155642,1,1,0.88263035,1
155643,0,0,0.06542547,1
155644,1,1,0.5349162,1
155645,0,0,0.01720971,1
155646,1,1,0.99999213,1
155647,1,1,0.35465655,1
155648,0,0,0.09920809,1
155649,1,1,0.95561,1
155650,0,1,0.8823265,0
155651,1,1,0.47813284,1
155652,1,1,0.9227612,1
155653,1,0,0.31837916,0
155654,1,0,0.18010665,0
155655,0,0,0.02660711,1
155656,0,1,0.9333701,0
155657,0,1,0.99999547,0
155658,0,0,0.06273176,1
155659,0,0,0.012895588,1
155660,0,1,0.56511873,0
155661,1,1,0.5289592,1
155662,1,0,0.123577,0
155663,0,0,0.04084572,1
155664,0,1,0.9983675,0
155665,0,0,0.2033909,1
155666,0,0,0.15386674,1
155667,0,1,0.9693242,0
155668,0,0,0.23502058,1
155669,1,1,0.9981433,1
155670,0,0,0.3154723,1
155671,1,0,0.018281795,0
155672,0,1,0.9974837,0
155673,0,1,0.7163675,0
155674,0,1,0.9191359,0
155675,1,1,0.9474783,1
155676,0,1,0.99952626,0
155677,0,1,0.9899087,0
155678,0,0,0.34953272,1
155679,0,1,0.78686863,0
155680,0,0,0.07578975,1
155681,0,0,0.10818896,1
155682,0,0,0.05424881,1
155683,0,1,0.99996614,0
155684,1,1,0.9999839,1
155685,0,1,0.53449106,0
155686,0,1,0.99634284,0
155687,1,1,1.0,1
155688,1,1,0.9999467,1
155689,1,1,1.0,1
155690,0,1,0.99948573,0
155691,1,1,0.9981104,1
155692,0,0,0.006205023,1
155693,0,0,0.34687304,1
155694,0,0,0.035880692,1
155695,1,1,0.9996178,1
155696,1,1,1.0,1
155697,1,1,0.3981139,1
155698,1,1,1.0,1
155699,1,1,0.99999666,1
155700,1,1,1.0,1
155701,0,1,0.9970822,0
155702,1,1,0.99993217,1
155703,0,1,0.98264104,0
155704,1,0,0.17738298,0
155705,1,1,0.9999993,1
155706,0,1,0.8478418,0
155707,1,1,0.99999845,1
155708,0,0,0.34986582,1
155709,1,1,0.955444,1
155710,1,1,1.0,1
155711,1,0,0.2546943,0
155712,0,0,0.010348136,1
155713,1,0,0.20165595,0
155714,1,1,0.9967077,1
155715,0,1,0.4136548,0
155716,0,0,0.13892843,1
155717,1,1,1.0,1
155718,1,1,0.9999999,1
155719,1,0,0.22721201,0
155720,1,1,0.9883128,1
155721,0,0,0.10715685,1
155722,0,0,0.11828322,1
155723,0,1,0.9999374,0
155724,1,1,0.39685678,1
155725,0,0,0.01709447,1
155726,1,1,1.0,1
155727,0,0,0.09739039,1
155728,1,0,0.13939638,0
155729,1,1,0.9999995,1
155730,0,0,0.07999737,1
155731,1,1,1.0,1
155732,1,1,0.997065,1
155733,0,0,0.04001227,1
155734,0,1,0.991891,0
155735,0,0,0.13307686,1
155736,1,1,0.9547741,1
155737,0,1,0.818011,0
155738,1,1,1.0,1
155739,0,0,0.0586686,1
155740,1,1,0.74069047,1
155741,0,0,0.047913536,1
155742,0,0,0.34059486,1
155743,1,1,0.9995995,1
155744,1,1,0.8370879,1
155745,1,1,1.0,1
155746,0,1,0.80882335,0
155747,0,0,0.16865148,1
155748,0,1,0.87546796,0
155749,1,0,0.15941359,0
155750,1,0,0.3468178,0
155751,1,0,0.083142914,0
155752,0,0,0.025274899,1
155753,0,1,0.9990396,0
155754,1,0,0.021615336,0
155755,1,1,0.9904591,1
155756,0,0,0.3068385,1
155757,0,1,0.998912,0
155758,0,0,0.16291203,1
155759,0,1,0.7401744,0
155760,1,1,0.70161086,1
155761,0,1,0.392104,0
155762,1,1,0.9999542,1
155763,0,1,0.37693843,0
155764,0,1,0.65517056,0
155765,1,1,1.0,1
155766,1,1,0.9999231,1
155767,1,1,0.71824867,1
155768,1,0,0.17497346,0
155769,0,1,0.99999464,0
155770,0,0,0.182717,1
155771,0,1,0.879043,0
155772,1,1,0.9962419,1
155773,0,0,0.182717,1
155774,0,0,0.18337418,1
155775,0,0,0.14330755,1
155776,0,1,0.99797314,0
155777,1,0,0.103295475,0
155778,0,0,0.11556087,1
155779,1,1,0.9873262,1
155780,1,1,1.0,1
155781,1,1,0.9997316,1
155782,1,1,0.98892784,1
155783,1,1,0.37659445,1
155784,1,1,0.99988675,1
155785,1,1,0.98801583,1
155786,0,1,0.7839885,0
155787,1,1,0.5887709,1
155788,0,1,0.65152115,0
155789,0,0,0.108377546,1
155790,1,1,1.0,1
155791,0,1,0.8951567,0
155792,0,0,0.20874292,1
155793,1,1,1.0,1
155794,0,0,0.036390893,1
155795,0,1,0.9994374,0
155796,0,0,0.24015035,1
155797,1,1,0.9642206,1
155798,1,0,0.0049533066,0
155799,1,0,0.12538631,0
155800,1,0,0.021105006,0
155801,0,1,0.87321484,0
155802,1,1,0.999982,1
155803,1,1,1.0,1
155804,0,0,0.3501991,1
155805,1,1,0.9900058,1
155806,1,1,0.9999875,1
155807,1,1,0.9999274,1
155808,1,1,1.0,1
155809,1,1,1.0,1
155810,1,1,0.999959,1
155811,1,1,1.0,1
155812,0,1,0.9449439,0
155813,0,0,0.19628645,1
155814,0,0,0.018159512,1
155815,0,1,0.99956685,0
155816,0,0,0.08336651,1
155817,1,1,0.5386192,1
155818,1,0,0.09929539,0
155819,0,0,0.13296424,1
155820,1,1,0.9999902,1
155821,1,1,0.6372001,1
155822,0,0,0.076683804,1
155823,0,1,0.9774785,0
155824,1,1,0.99999225,1
155825,1,1,0.9999846,1
155826,0,1,0.49295092,0
155827,1,1,0.9999994,1
155828,0,0,0.13150749,1
155829,1,0,0.016340127,0
155830,1,1,0.9999999,1
155831,1,0,0.18286288,0
155832,1,0,0.16311188,0
155833,1,1,0.6915494,1
155834,0,0,0.08321738,1
155835,0,1,0.84428066,0
155836,1,1,0.9999981,1
155837,1,1,1.0,1
155838,1,0,0.25729823,0
155839,0,0,0.056966383,1
155840,0,1,0.91125876,0
155841,1,0,0.0077405213,0
155842,1,1,1.0,1
155843,1,1,1.0,1
155844,0,1,0.99291986,0
155845,0,0,0.11971655,1
155846,1,1,0.99407744,1
155847,0,1,0.60807055,0
155848,1,1,0.90481883,1
155849,1,1,0.4626855,1
155850,1,1,1.0,1
155851,1,1,0.9995461,1
155852,0,0,0.016387284,1
155853,1,0,0.012030543,0
155854,0,0,0.085632786,1
155855,1,0,0.10132237,0
155856,0,1,0.7403621,0
155857,1,1,0.68177974,1
155858,0,0,0.29543313,1
155859,1,1,1.0,1
155860,0,1,0.4807225,0
155861,0,1,0.9922294,0
155862,1,1,0.9986853,1
155863,0,0,0.31341976,1
155864,1,0,0.04023794,0
155865,1,1,1.0,1
155866,1,1,0.99649614,1
155867,0,1,0.9999999,0
155868,1,1,0.9999999,1
155869,1,1,1.0,1
155870,1,0,0.124053754,0
155871,0,0,0.18068421,1
155872,0,1,0.99825555,0
155873,1,0,0.087252244,0
155874,0,1,0.97212505,0
155875,1,1,0.43440127,1
155876,0,1,0.9999869,0
155877,0,0,0.048002712,1
155878,1,1,0.9996947,1
155879,1,1,0.91693145,1
155880,0,1,0.9998574,0
155881,1,1,0.9658996,1
155882,0,0,0.2043419,1
155883,1,1,0.47749326,1
155884,1,0,0.054298937,0
155885,0,1,0.99918956,0
155886,1,1,1.0,1
155887,1,0,0.048903175,0
155888,0,1,0.62926215,0
155889,1,1,1.0,1
155890,1,1,1.0,1
155891,0,1,0.45477483,0
155892,1,1,0.9998876,1
155893,0,0,0.18039528,1
155894,0,1,0.5940215,0
155895,0,1,0.9999385,0
155896,1,1,0.9999988,1
155897,1,1,0.5894801,1
155898,1,1,0.9987649,1
155899,0,1,0.38592416,0
155900,1,0,0.03471688,0
155901,0,0,0.06383161,1
155902,0,0,0.27004686,1
155903,1,1,0.9999653,1
155904,1,1,0.9899476,1
155905,1,1,1.0,1
155906,1,1,0.9546474,1
155907,1,1,0.9239362,1
155908,1,1,0.9999999,1
155909,1,1,1.0,1
155910,0,1,0.9644221,0
155911,1,0,0.00065126823,0
155912,0,1,0.9942363,0
155913,1,1,0.9999999,1
155914,1,1,0.9998191,1
155915,0,0,0.032713126,1
155916,1,0,0.22781274,0
155917,1,1,0.9996252,1
155918,1,1,1.0,1
155919,1,1,0.9565531,1
155920,1,0,0.02384809,0
155921,0,0,0.038466193,1
155922,0,1,0.6093498,0
155923,0,1,0.7851439,0
155924,1,1,0.486606,1
155925,0,1,0.9962782,0
155926,1,1,0.99999094,1
155927,1,1,0.99984217,1
155928,1,1,0.99999034,1
155929,0,1,0.70775825,0
155930,1,1,0.37496233,1
155931,1,1,0.99999774,1
155932,1,1,1.0,1
155933,1,1,0.9999999,1
155934,0,0,0.09113915,1
155935,0,1,0.9853843,0
155936,1,1,0.41667795,1
155937,0,0,0.09285216,1
155938,1,1,0.75260395,1
155939,1,1,0.9750835,1
155940,1,1,0.52238494,1
155941,0,1,0.95292586,0
155942,0,1,0.68789214,0
155943,1,1,0.9974885,1
155944,1,1,0.9998574,1
155945,1,1,1.0,1
155946,0,0,0.22936255,1
155947,0,1,0.7214489,0
155948,0,1,0.6782737,0
155949,0,1,0.89096016,0
155950,0,0,0.019289603,1
155951,1,0,0.002560871,0
155952,1,1,0.99999654,1
155953,1,1,0.9439706,1
155954,0,1,0.89506495,0
155955,1,1,0.9990207,1
155956,0,1,0.992597,0
155957,1,1,1.0,1
155958,1,1,0.74609274,1
155959,0,0,0.22850062,1
155960,1,1,0.9923786,1
155961,0,1,0.7954198,0
155962,1,0,0.032283258,0
155963,0,1,0.41179076,0
155964,0,1,0.86601925,0
155965,1,1,1.0,1
155966,0,1,0.41051996,0
155967,0,0,0.30689043,1
155968,0,1,0.3686898,0
155969,1,0,0.103975855,0
155970,0,1,0.53540206,0
155971,0,0,0.0524731,1
155972,1,1,0.9999999,1
155973,1,0,0.11940814,0
155974,0,1,0.6476311,0
155975,1,1,0.7354992,1
155976,1,0,0.11250255,0
155977,1,1,0.9670699,1
155978,0,1,1.0,0
155979,1,1,1.0,1
155980,0,0,0.09484525,1
155981,1,0,0.28487432,0
155982,0,0,0.07243961,1
155983,0,0,0.061649624,1
155984,1,1,0.37082332,1
155985,1,0,0.0020507437,0
155986,0,0,0.0416178,1
155987,0,0,0.022499967,1
155988,1,1,0.6077214,1
155989,0,1,0.6661168,0
155990,1,1,0.5409845,1
155991,0,1,0.52634275,0
155992,1,1,0.9990169,1
155993,0,0,0.2641685,1
155994,1,1,0.99999845,1
155995,0,1,0.9506406,0
155996,0,0,0.06717857,1
155997,1,0,0.25054586,0
155998,1,1,0.9999852,1
155999,0,0,0.13156325,1
156000,1,1,0.99066,1
156001,1,0,0.1504028,0
156002,0,1,0.436592,0
156003,0,1,0.9895716,0
156004,1,1,0.99999976,1
156005,1,1,0.9925103,1
156006,0,0,0.06518703,1
156007,1,1,1.0,1
156008,0,1,0.9900636,0
156009,1,0,0.090494074,0
156010,0,1,0.9999665,0
156011,1,1,1.0,1
156012,0,0,0.0068107303,1
156013,1,0,0.16105616,0
156014,1,1,1.0,1
156015,1,1,0.9869795,1
156016,1,1,0.99398476,1
156017,1,1,0.96814114,1
156018,0,0,0.07376295,1
156019,0,0,0.16391331,1
156020,0,1,0.99603146,0
156021,1,1,0.99997604,1
156022,1,0,0.1850619,0
156023,0,1,0.99816495,0
156024,1,1,0.99804676,1
156025,1,1,1.0,1
156026,0,1,0.94463825,0
156027,0,1,0.9433476,0
156028,1,0,0.19759926,0
156029,1,1,0.99999976,1
156030,1,1,0.9999968,1
156031,0,0,0.025443856,1
156032,1,1,0.99999964,1
156033,1,1,0.61341023,1
156034,1,0,0.1791712,0
156035,0,0,0.023825366,1
156036,1,1,0.9650863,1
156037,0,0,0.040162582,1
156038,1,1,0.9999831,1
156039,1,1,0.37759802,1
156040,0,0,0.10167862,1
156041,0,0,0.041230027,1
156042,1,1,0.7567173,1
156043,0,0,0.004070138,1
156044,1,1,0.88612515,1
156045,0,0,0.03085051,1
156046,1,1,1.0,1
156047,1,1,0.65638304,1
156048,1,1,0.99979585,1
156049,0,0,0.09560247,1
156050,1,0,0.10894504,0
156051,0,0,0.23405632,1
156052,1,1,1.0,1
156053,1,1,1.0,1
156054,0,0,0.10530251,1
156055,1,0,0.010328152,0
156056,1,1,1.0,1
156057,1,0,0.033844035,0
156058,1,1,1.0,1
156059,1,1,0.99990726,1
156060,1,1,0.99999976,1
156061,1,1,0.9999658,1
156062,0,0,0.010776726,1
156063,0,1,0.8879841,0
156064,1,1,0.9999949,1
156065,1,1,0.99999523,1
156066,0,0,0.15533453,1
156067,1,1,0.992349,1
156068,0,0,0.3415825,1
156069,1,0,0.28358296,0
156070,1,1,0.9392481,1
156071,1,1,0.9961456,1
156072,0,1,0.8819204,0
156073,1,1,1.0,1
156074,1,1,0.99999714,1
156075,1,1,0.99997497,1
156076,1,1,0.95226437,1
156077,0,0,0.011201213,1
156078,0,1,0.90235174,0
156079,1,1,0.99912554,1
156080,0,1,0.44302806,0
156081,0,1,0.8694931,0
156082,0,0,0.08122775,1
156083,0,1,0.43350175,0
156084,1,0,0.23458193,0
156085,1,1,0.988425,1
156086,1,1,0.99999094,1
156087,0,0,0.16913125,1
156088,1,0,0.10402136,0
156089,0,0,0.095940754,1
156090,1,0,0.20689404,0
156091,1,1,0.9999881,1
156092,1,1,1.0,1
156093,0,1,0.7152749,0
156094,0,0,0.19436781,1
156095,0,1,0.9997695,0
156096,0,0,0.085479975,1
156097,1,1,0.7244806,1
156098,1,0,0.020705253,0
156099,1,1,0.99783844,1
156100,1,0,0.12803373,0
156101,1,1,0.99004436,1
156102,0,1,0.9998313,0
156103,1,1,0.5073847,1
156104,0,0,0.05823863,1
156105,1,1,1.0,1
156106,0,1,0.9946255,0
156107,0,0,0.027195055,1
156108,1,0,0.070623666,0
156109,0,0,0.18395983,1
156110,0,0,0.14984211,1
156111,1,1,0.99603915,1
156112,1,1,1.0,1
156113,1,1,0.5323036,1
156114,1,1,0.9975561,1
156115,0,0,0.09268777,1
156116,1,1,0.9899671,1
156117,0,0,0.11516222,1
156118,1,1,0.9987478,1
156119,1,1,0.99957854,1
156120,0,0,0.32987726,1
156121,1,1,0.9999654,1
156122,1,0,0.31294715,0
156123,0,0,0.043854564,1
156124,1,0,0.13863662,0
156125,0,1,0.8067004,0
156126,0,1,0.891339,0
156127,1,1,0.9995932,1
156128,0,1,0.9510968,0
156129,1,0,0.21370518,0
156130,0,0,0.015424551,1
156131,1,0,0.3445537,0
156132,1,0,0.34295654,0
156133,1,1,1.0,1
156134,1,1,1.0,1
156135,1,1,0.54359025,1
156136,0,1,0.9999975,0
156137,1,1,0.99998176,1
156138,1,0,0.113383114,0
156139,0,0,0.18557791,1
156140,1,1,0.99990904,1
156141,1,1,0.947186,1
156142,1,1,0.8171371,1
156143,0,0,0.01243165,1
156144,0,0,0.021532876,1
156145,1,1,0.9832949,1
156146,1,1,0.94192183,1
156147,0,0,0.04296247,1
156148,1,1,0.9936365,1
156149,1,0,0.16092427,0
156150,0,1,0.9971717,0
156151,1,1,1.0,1
156152,0,1,0.99907815,0
156153,1,1,0.99917847,1
156154,0,0,0.12956785,1
156155,1,1,0.40154114,1
156156,0,0,0.040616777,1
156157,0,1,0.97104686,0
156158,0,0,0.11201595,1
156159,1,0,0.11661302,0
156160,0,1,0.45616752,0
156161,0,1,0.5086661,0
156162,1,1,0.70380396,1
156163,1,0,0.19551727,0
156164,0,1,0.95626813,0
156165,1,1,0.9991573,1
156166,0,0,0.020081012,1
156167,0,1,0.38289112,0
156168,1,1,0.76951355,1
156169,0,1,0.51781476,0
156170,0,1,0.9839708,0
156171,1,1,0.9999324,1
156172,0,0,0.12069768,1
156173,1,1,0.388444,1
156174,1,0,0.12495856,0
156175,0,0,0.25063756,1
156176,0,1,0.99140584,0
156177,1,1,1.0,1
156178,0,0,0.12787029,1
156179,0,1,0.8967045,0
156180,1,1,0.79174054,1
156181,1,1,1.0,1
156182,1,1,0.99804294,1
156183,1,0,0.3080341,0
156184,0,1,0.9999988,0
156185,1,1,0.99758446,1
156186,0,0,0.084341794,1
156187,0,0,0.1419343,1
156188,0,0,0.19954187,1
156189,1,0,0.0894546,0
156190,0,0,0.055874642,1
156191,0,1,0.9832145,0
156192,1,1,0.76454026,1
156193,0,1,0.6004226,0
156194,1,1,0.9999497,1
156195,1,1,0.63096917,1
156196,1,1,0.974893,1
156197,0,0,0.32696947,1
156198,1,1,0.9999999,1
156199,0,0,0.13660839,1
156200,1,0,0.083515875,0
156201,0,1,1.0,0
156202,1,1,0.99999213,1
156203,1,1,0.57403666,1
156204,0,0,0.042087723,1
156205,0,0,0.11318691,1
156206,1,1,0.74600023,1
156207,1,0,0.07999737,0
156208,0,1,0.39390948,0
156209,0,1,0.9934738,0
156210,0,0,0.013222823,1
156211,0,1,0.9999968,0
156212,0,1,0.366363,0
156213,1,1,0.90747637,1
156214,0,0,0.163579,1
156215,0,1,0.98953116,0
156216,0,0,0.24535614,1
156217,0,1,0.6144519,0
156218,0,1,0.631026,0
156219,0,1,0.6308555,0
156220,1,0,0.14773951,0
156221,0,0,0.21617696,1
156222,1,1,1.0,1
156223,0,0,0.06742378,1
156224,1,1,0.75032413,1
156225,0,1,0.38508555,0
156226,0,0,0.30486888,1
156227,1,1,0.79454446,1
156228,0,0,0.20505732,1
156229,1,1,1.0,1
156230,0,1,0.99998033,0
156231,1,1,0.99999976,1
156232,1,1,0.9999887,1
156233,1,1,0.7186438,1
156234,1,1,0.95494246,1
156235,1,0,0.060863446,0
156236,1,1,1.0,1
156237,1,1,0.84872156,1
156238,0,1,0.96333414,0
156239,0,1,0.57761455,0
156240,0,1,0.9999337,0
156241,1,1,0.9999621,1
156242,1,1,0.99998724,1
156243,1,1,0.56661814,1
156244,1,0,0.16742277,0
156245,0,1,0.70125294,0
156246,1,1,0.76374817,1
156247,1,1,1.0,1
156248,1,1,1.0,1
156249,0,0,0.10790661,1
156250,1,0,0.10631887,0
156251,1,1,0.99999964,1
156252,1,1,0.9919224,1
156253,1,1,0.6401298,1
156254,1,1,0.9970247,1
156255,1,1,1.0,1
156256,0,0,0.06632688,1
156257,1,1,0.51110655,1
156258,0,1,0.99999857,0
156259,1,1,1.0,1
156260,1,1,0.89533985,1
156261,1,1,0.99999297,1
156262,1,1,1.0,1
156263,1,1,0.9999994,1
156264,0,0,0.016121825,1
156265,1,1,0.7314424,1
156266,1,1,0.99999726,1
156267,0,1,0.6595696,0
156268,0,1,0.96538115,0
156269,1,1,1.0,1
156270,1,0,0.13139598,0
156271,0,1,0.6630692,0
156272,0,0,0.019069158,1
156273,0,1,0.79653,0
156274,1,1,0.9999813,1
156275,0,0,0.04189131,1
156276,1,1,0.9994715,1
156277,1,1,0.9659959,1
156278,0,1,0.9948102,0
156279,1,1,1.0,1
156280,1,1,0.9808209,1
156281,1,0,0.04296247,0
156282,1,0,0.10946754,0
156283,0,1,0.9996381,0
156284,1,1,0.9877351,1
156285,1,1,0.9999645,1
156286,0,1,0.87557435,0
156287,1,0,0.22695492,0
156288,1,1,0.9999666,1
156289,1,1,0.60667324,1
156290,1,1,0.82032555,1
156291,0,1,0.9909622,0
156292,1,1,0.9993268,1
156293,0,1,0.8692713,0
156294,0,1,0.98953116,0
156295,1,0,0.030559864,0
156296,0,1,0.999982,0
156297,1,1,0.99999213,1
156298,1,1,0.5852197,1
156299,1,1,0.999944,1
156300,0,1,0.99992394,0
156301,0,0,0.13887003,1
156302,1,1,0.9999975,1
156303,1,1,0.53193885,1
156304,1,1,0.998835,1
156305,1,0,0.32723817,0
156306,1,1,0.9545204,1
156307,1,1,0.99780446,1
156308,0,0,0.27561688,1
156309,1,1,1.0,1
156310,1,0,0.014475689,0
156311,1,1,0.99982184,1
156312,1,1,0.9999987,1
156313,1,1,1.0,1
156314,1,0,0.31336722,0
156315,0,1,0.54698014,0
156316,0,0,0.10818896,1
156317,1,1,1.0,1
156318,1,1,0.99962366,1
156319,1,0,0.0022213378,0
156320,0,0,0.05975658,1
156321,1,1,0.9999713,1
156322,1,1,1.0,1
156323,0,1,0.999961,0
156324,1,1,0.93587595,1
156325,1,1,0.9912378,1
156326,0,0,0.33404613,1
156327,1,1,1.0,1
156328,0,1,0.8680457,0
156329,1,1,0.9505489,1
156330,1,1,1.0,1
156331,0,1,0.7154737,0
156332,1,1,1.0,1
156333,1,1,0.96360916,1
156334,1,1,0.99789655,1
156335,1,0,0.34054002,0
156336,0,0,0.102484226,1
156337,0,0,0.0871745,1
156338,1,0,0.05531065,0
156339,1,1,0.9994504,1
156340,1,0,0.033242542,0
156341,0,0,0.11476479,1
156342,1,0,0.23642808,0
156343,1,0,0.014957087,0
156344,1,1,0.99956006,1
156345,0,0,0.070623666,1
156346,0,1,0.5388012,0
156347,1,1,0.9999999,1
156348,0,0,0.06080765,1
156349,1,0,0.13307686,0
156350,1,1,0.5268297,1
156351,1,1,0.9983612,1
156352,1,1,0.9944126,1
156353,1,1,1.0,1
156354,0,0,0.11726853,1
156355,0,0,0.16871993,1
156356,0,0,0.11486404,1
156357,1,1,1.0,1
156358,1,1,0.6367485,1
156359,0,1,0.4804482,0
156360,0,1,0.6094661,0
156361,1,1,0.99946946,1
156362,0,1,0.9379537,0
156363,1,1,0.929951,1
156364,0,1,0.5669778,0
156365,0,1,0.99997497,0
156366,0,0,0.021206122,1
156367,1,1,0.35650268,1
156368,1,1,0.9999999,1
156369,0,0,0.27727723,1
156370,1,0,0.07389652,0
156371,0,1,0.7379143,0
156372,1,1,0.9999999,1
156373,1,1,0.99085677,1
156374,0,0,0.012123754,1
156375,1,1,0.9974241,1
156376,1,1,0.9983612,1
156377,1,0,0.065545,0
156378,1,0,0.05623634,0
156379,1,1,0.49469015,1
156380,0,0,0.19231172,1
156381,0,0,0.18395983,1
156382,1,1,0.9240048,1
156383,1,1,0.9999906,1
156384,1,0,0.09033343,0
156385,0,1,0.40118918,0
156386,1,0,0.19993211,0
156387,0,0,0.03355782,1
156388,1,1,0.9999896,1
156389,1,1,0.999995,1
156390,1,1,0.99999845,1
156391,1,1,0.99999595,1
156392,1,1,0.999884,1
156393,1,1,0.99997544,1
156394,0,0,0.18757874,1
156395,0,0,0.03581319,1
156396,1,1,0.5995438,1
156397,1,1,0.41149512,1
156398,1,1,0.70492244,1
156399,1,1,0.9694401,1
156400,1,1,0.99995613,1
156401,1,1,0.9999907,1
156402,0,1,0.9999815,0
156403,1,0,0.11576064,0
156404,1,0,0.0010733063,0
156405,0,1,0.98771137,0
156406,1,1,0.99998057,1
156407,1,1,0.9999908,1
156408,1,1,0.989368,1
156409,0,0,0.09696201,1
156410,0,0,0.034586217,1
156411,1,1,0.9825743,1
156412,1,1,0.9999937,1
156413,0,1,0.46132013,0
156414,1,1,1.0,1
156415,0,0,0.04177388,1
156416,0,1,0.37851653,0
156417,1,0,0.012945406,0
156418,0,1,0.9807842,0
156419,1,1,1.0,1
156420,0,0,0.2573916,1
156421,0,0,0.054802597,1
156422,0,0,0.06979493,1
156423,0,0,0.024798159,1
156424,1,1,0.95270634,1
156425,0,0,0.014785409,1
156426,1,1,0.99994373,1
156427,1,1,0.69673264,1
156428,0,0,0.056913942,1
156429,1,1,1.0,1
156430,1,1,0.9999342,1
156431,0,1,1.0,0
156432,0,0,0.30574915,1
156433,1,1,0.9184803,1
156434,1,1,0.9780727,1
156435,1,1,0.80700475,1
156436,0,1,0.49462914,0
156437,0,0,0.0061331755,1
156438,0,1,0.99674594,0
156439,1,1,0.9887988,1
156440,0,0,0.1584997,1
156441,0,0,0.09001297,1
156442,1,1,0.87652874,1
156443,1,1,0.9737447,1
156444,1,1,1.0,1
156445,1,1,0.9999993,1
156446,1,1,0.9999473,1
156447,1,1,0.38306415,1
156448,0,0,0.17575018,1
156449,0,0,0.04177388,1
156450,1,1,0.9998722,1
156451,0,0,0.0532062,1
156452,0,1,0.99984396,0
156453,0,1,0.95150405,0
156454,1,1,0.9993449,1
156455,1,1,0.9305214,1
156456,1,1,0.99974877,1
156457,0,1,0.70583576,0
156458,1,1,1.0,1
156459,0,1,0.99456257,0
156460,1,1,0.99997246,1
156461,0,0,0.053601146,1
156462,0,1,0.9999908,0
156463,1,1,0.74922484,1
156464,1,1,0.9980083,1
156465,0,1,0.9973425,0
156466,1,1,1.0,1
156467,1,0,0.038502328,0
156468,1,1,0.9999994,1
156469,0,1,0.99994457,0
156470,0,1,0.7761143,0
156471,1,1,0.7697732,1
156472,0,0,0.052911807,1
156473,0,1,0.35460067,0
156474,0,0,0.017814532,1
156475,1,1,1.0,1
156476,1,1,0.9999999,1
156477,1,1,0.40380192,1
156478,0,1,0.9730109,0
156479,1,1,0.99620515,1
156480,1,1,0.99999154,1
156481,0,1,0.91648406,0
156482,1,1,0.9988098,1
156483,0,0,0.076683804,1
156484,1,1,1.0,1
156485,0,1,0.4055076,0
156486,1,1,1.0,1
156487,1,1,0.99992454,1
156488,0,1,0.9821854,0
156489,1,1,0.8290772,1
156490,1,1,0.99719363,1
156491,0,1,0.9930962,0
156492,0,0,0.12315456,1
156493,1,1,1.0,1
156494,1,1,1.0,1
156495,0,0,0.01539492,1
156496,0,0,0.06342434,1
156497,0,0,0.32782966,1
156498,0,0,0.28932148,1
156499,1,1,0.9999999,1
156500,0,1,0.8607207,0
156501,1,1,0.9001793,1
156502,1,0,0.25155574,0
156503,0,1,0.55796576,0
156504,1,0,0.23231015,0
156505,1,1,0.9796871,1
156506,1,1,0.9995584,1
156507,1,0,0.042802144,0
156508,0,0,0.02371207,1
156509,1,1,0.9999999,1
156510,0,1,0.46806115,0
156511,1,1,0.9999993,1
156512,1,1,0.9998306,1
156513,0,0,0.317585,1
156514,0,1,0.9659959,0
156515,1,1,0.999879,1
156516,0,0,0.24780536,1
156517,1,1,0.9999535,1
156518,0,0,0.10585582,1
156519,0,0,0.20378675,1
156520,1,1,0.384681,1
156521,0,0,0.31237,1
156522,0,0,0.17745425,1
156523,0,1,0.99999404,0
156524,1,1,0.59343255,1
156525,0,1,0.5943159,0
156526,0,1,0.9733675,0
156527,0,1,0.8283842,0
156528,1,1,1.0,1
156529,0,1,0.99308276,0
156530,0,0,0.23152734,1
156531,1,0,0.13189834,0
156532,1,1,0.8110782,1
156533,1,0,0.28388065,0
156534,1,1,0.65063375,1
156535,1,1,0.99983585,1
156536,1,0,0.30886734,0
156537,0,0,0.018159512,1
156538,1,1,0.9999993,1
156539,0,0,0.17667161,1
156540,1,1,0.99393785,1
156541,1,1,0.94994867,1
156542,0,1,1.0,0
156543,0,1,0.9708264,0
156544,1,1,0.9840477,1
156545,0,0,0.07369626,1
156546,0,0,0.18639106,1
156547,1,1,1.0,1
156548,1,1,0.9999999,1
156549,1,1,0.97790456,1
156550,1,1,0.99995244,1
156551,0,1,0.39586377,0
156552,0,0,0.00472755,1
156553,0,0,0.24050692,1
156554,1,1,1.0,1
156555,1,1,0.50903225,1
156556,1,1,1.0,1
156557,1,1,0.9999999,1
156558,0,1,0.4129148,0
156559,0,0,0.02138932,1
156560,1,1,0.9999976,1
156561,0,1,0.41173163,0
156562,1,1,1.0,1
156563,1,1,0.47161865,1
156564,1,0,0.039084956,0
156565,1,1,0.89029425,1
156566,0,1,0.999049,0
156567,0,0,0.07276838,1
156568,1,1,0.99486035,1
156569,1,1,0.8340017,1
156570,0,1,0.99999785,0
156571,0,1,0.7332131,0
156572,0,1,0.9831013,0
156573,0,1,0.86036915,0
156574,0,1,1.0,0
156575,1,1,1.0,1
156576,1,1,0.9413314,1
156577,1,1,0.9983865,1
156578,1,1,0.99994993,1
156579,1,1,0.9872773,1
156580,1,1,0.99962664,1
156581,0,1,0.99988127,0
156582,0,1,0.7358315,0
156583,1,1,0.99999714,1
156584,1,1,0.99564314,1
156585,1,0,0.03007184,0
156586,0,0,0.014036571,1
156587,1,1,0.4256351,1
156588,1,1,0.9999535,1
156589,1,1,0.8698252,1
156590,1,1,0.9999968,1
156591,0,0,0.018617803,1
156592,0,0,0.05834584,1
156593,1,1,0.9998827,1
156594,0,1,0.66055566,0
156595,1,1,1.0,1
156596,0,1,0.9950659,0
156597,1,1,0.99961627,1
156598,0,1,0.9745077,0
156599,1,1,0.9900636,1
156600,0,1,0.983518,0
156601,1,1,0.99996793,1
156602,1,1,0.99990726,1
156603,0,1,0.5658986,0
156604,1,1,0.9998568,1
156605,1,0,0.022694087,0
156606,1,1,0.9993148,1
156607,0,1,0.6942508,0
156608,0,0,0.12901814,1
156609,0,0,0.074030295,1
156610,0,1,0.9999788,0
156611,0,0,0.02308724,1
156612,1,1,0.99999714,1
156613,0,1,0.9991186,0
156614,1,1,0.9999993,1
156615,0,0,0.2129677,1
156616,1,0,0.06626642,0
156617,1,1,0.99980587,1
156618,1,1,0.9999926,1
156619,1,1,0.99957365,1
156620,1,1,0.9695556,1
156621,0,1,1.0,0
156622,1,1,0.9998977,1
156623,1,1,0.995906,1
156624,1,0,0.14247034,0
156625,0,1,0.3681501,0
156626,1,1,0.66383237,1
156627,0,0,0.12951279,1
156628,1,1,1.0,1
156629,1,0,0.2660711,0
156630,0,0,0.06632688,1
156631,0,0,0.29482368,1
156632,1,0,0.11348131,0
156633,1,1,0.9999945,1
156634,1,1,1.0,1
156635,1,1,0.991339,1
156636,0,1,0.9926399,0
156637,0,1,0.7297606,0
156638,1,1,0.9999999,1
156639,0,1,0.7711549,0
156640,1,1,0.99999976,1
156641,0,0,0.0570714,1
156642,1,1,1.0,1
156643,0,0,0.02218004,1
156644,0,0,0.12989861,1
156645,0,0,0.024214549,1
156646,0,0,0.14724834,1
156647,1,1,1.0,1
156648,1,1,1.0,1
156649,0,0,0.25916883,1
156650,1,1,0.9999999,1
156651,0,1,1.0,0
156652,1,1,0.8974259,1
156653,0,0,0.1668111,1
156654,0,0,0.2973679,1
156655,1,0,0.34698373,0
156656,1,1,0.99999774,1
156657,1,1,0.99998367,1
156658,1,1,0.9997981,1
156659,0,0,0.10866097,1
156660,1,1,0.99953353,1
156661,0,1,0.4106381,0
156662,0,0,0.12463858,1
156663,0,1,0.91543174,0
156664,1,0,0.00932197,0
156665,1,0,0.12705572,0
156666,1,1,0.8530579,1
156667,1,1,0.3691445,1
156668,0,0,0.21019831,1
156669,0,1,1.0,0
156670,1,1,0.9999924,1
156671,1,1,1.0,1
156672,1,1,0.999995,1
156673,0,1,0.9999995,0
156674,1,1,0.94509614,1
156675,0,1,0.9962638,0
156676,1,1,0.79117644,1
156677,0,0,0.0649494,1
156678,1,0,0.079068,0
156679,1,1,0.9999995,1
156680,1,1,1.0,1
156681,0,0,0.20729496,1
156682,1,1,0.49841312,1
156683,0,1,0.99999976,0
156684,1,1,0.9914556,1
156685,1,1,0.99999106,1
156686,1,1,0.9869795,1
156687,0,1,0.6074885,0
156688,1,0,0.024469672,0
156689,1,1,0.9999374,1
156690,0,0,0.01083937,1
156691,1,0,0.041307308,0
156692,1,1,0.9980276,1
156693,1,0,0.16158465,0
156694,1,1,0.99953353,1
156695,0,0,0.03132112,1
156696,1,1,0.9997868,1
156697,0,0,0.21783629,1
156698,1,1,0.8597815,1
156699,1,1,0.9966036,1
156700,0,1,0.7108792,0
156701,0,1,0.9792947,0
156702,1,1,1.0,1
156703,0,1,0.9760608,0
156704,0,1,0.5548323,0
156705,1,1,0.66893435,1
156706,0,1,0.3741902,0
156707,1,1,0.54037815,1
156708,1,1,0.9999994,1
156709,1,1,1.0,1
156710,0,0,0.056340095,1
156711,0,1,0.99999523,0
156712,1,1,0.99999976,1
156713,0,1,0.99996555,0
156714,1,1,0.89048487,1
156715,0,1,0.55922985,0
156716,0,0,0.26340985,1
156717,1,1,1.0,1
156718,1,1,1.0,1
156719,0,1,0.9999887,0
156720,0,0,0.17314835,1
156721,0,0,0.24963012,1
156722,1,1,0.9998505,1
156723,1,1,0.99999416,1
156724,0,1,0.99999976,0
156725,1,0,0.09577148,0
156726,1,1,0.9951137,1
156727,0,0,0.18053968,1
156728,1,1,0.9998722,1
156729,1,1,0.9998267,1
156730,0,1,0.9874236,0
156731,1,1,0.9928509,1
156732,0,1,0.71889055,0
156733,0,1,0.8632764,0
156734,1,1,0.99999976,1
156735,1,1,0.93115014,1
156736,1,1,0.9059898,1
156737,1,1,0.96360916,1
156738,1,1,1.0,1
156739,0,0,0.03021459,1
156740,1,1,0.9918595,1
156741,0,0,0.15373966,1
156742,1,1,0.9289907,1
156743,0,0,0.12549345,1
156744,1,1,0.9999685,1
156745,1,0,0.11666332,0
156746,0,1,0.4469171,0
156747,1,1,0.60492414,1
156748,1,1,0.5909563,1
156749,1,1,0.5273165,1
156750,1,0,0.0004916815,0
156751,0,0,0.11456651,1
156752,1,0,0.19200854,0
156753,0,1,0.9732661,0
156754,1,0,0.084947094,0
156755,1,1,0.99998534,1
156756,1,0,0.07751766,0
156757,0,0,0.025347177,1
156758,0,1,0.99894124,0
156759,0,1,0.9894091,0
156760,0,1,0.8398654,0
156761,1,0,0.007403014,0
156762,1,1,1.0,1
156763,0,1,0.94287604,0
156764,1,0,0.20513694,0
156765,0,1,0.9879695,0
156766,0,1,0.5907792,0
156767,1,1,1.0,1
156768,0,0,0.11696559,1
156769,0,1,0.99966335,0
156770,1,1,0.49551407,1
156771,1,1,1.0,1
156772,0,1,0.6468507,0
156773,1,1,0.9999999,1
156774,0,0,0.1562336,1
156775,1,1,1.0,1
156776,0,1,0.6402423,0
156777,0,1,0.9982488,0
156778,1,1,0.9999999,1
156779,1,0,0.013273888,0
156780,1,0,0.21386933,0
156781,0,0,0.14235108,1
156782,0,1,0.9608783,0
156783,1,1,1.0,1
156784,1,0,0.25534368,0
156785,0,0,0.17788225,1
156786,1,0,0.07490528,0
156787,1,1,0.4827339,1
156788,1,1,0.9986142,1
156789,1,1,0.9965837,1
156790,0,1,0.9993749,0
156791,1,1,0.9038049,1
156792,0,1,0.99962807,0
156793,0,0,0.0031603528,1
156794,1,1,0.9999988,1
156795,1,1,0.9999757,1
156796,0,1,0.9988575,0
156797,1,0,0.14451066,0
156798,0,1,0.66893435,0
156799,1,1,0.9998945,1
156800,0,1,0.39563027,0
156801,1,0,0.29741892,0
156802,1,1,0.9980122,1
156803,1,1,1.0,1
156804,1,1,0.9999851,1
156805,0,0,0.13822897,1
156806,0,0,0.3268083,1
156807,1,1,0.9999999,1
156808,1,1,0.9999989,1
156809,0,1,0.99403125,0
156810,0,0,0.3054901,1
156811,1,0,0.10818896,0
156812,1,0,0.19574778,0
156813,0,0,0.23118003,1
156814,0,1,0.81873685,0
156815,1,0,0.31362996,0
156816,0,1,0.35114416,0
156817,0,1,0.9912039,0
156818,0,0,0.07978202,1
156819,1,1,0.5307838,1
156820,1,1,0.9999995,1
156821,1,1,1.0,1
156822,0,0,0.1153614,1
156823,1,1,0.9461506,1
156824,1,1,0.9999145,1
156825,1,1,1.0,1
156826,0,0,0.10447732,1
156827,1,0,0.32343352,0
156828,1,1,0.9999999,1
156829,1,0,0.14414886,0
156830,0,1,0.47371808,0
156831,0,1,0.99736315,0
156832,0,0,0.34521565,1
156833,0,0,0.046335038,1
156834,0,1,0.96472245,0
156835,0,0,0.23100649,1
156836,0,0,0.047558397,1
156837,0,0,0.16451645,1
156838,0,1,0.366193,0
156839,0,0,0.11348131,1
156840,0,1,0.99959,0
156841,0,0,0.06278921,1
156842,1,1,0.99968004,1
156843,0,1,0.9959378,0
156844,0,1,0.57773364,0
156845,0,0,0.03442355,1
156846,1,1,0.7113808,1
156847,0,1,0.40371376,0
156848,1,1,0.9305214,1
156849,1,1,1.0,1
156850,1,1,0.8625833,1
156851,0,1,0.99783427,0
156852,0,1,0.87810534,0
156853,1,1,0.9996561,1
156854,0,0,0.079068,1
156855,0,1,0.5467987,0
156856,0,0,0.1297883,1
156857,1,0,0.043813635,0
156858,1,1,0.8596637,1
156859,1,0,0.027663978,0
156860,0,0,0.040351234,1
156861,1,1,0.9593071,1
156862,0,1,0.9909622,0
156863,0,0,0.012455653,1
156864,0,0,0.013299493,1
156865,0,1,0.99984705,0
156866,1,1,1.0,1
156867,0,1,0.99596137,0
156868,0,1,0.9425068,0
156869,1,1,0.9997565,1
156870,1,1,0.99920684,1
156871,0,0,0.11201595,1
156872,1,1,0.67635274,1
156873,1,1,0.9091839,1
156874,0,1,0.9252299,0
156875,1,1,0.6318783,1
156876,1,0,4.9471593e-05,0
156877,0,1,0.7300975,0
156878,0,1,0.99983966,0
156879,0,0,0.15616924,1
156880,0,0,0.0071076322,1
156881,1,0,0.2780607,0
156882,1,1,1.0,1
156883,1,1,0.47201416,1
156884,1,0,0.08419108,0
156885,1,1,0.9999937,1
156886,0,0,0.23109324,1
156887,1,1,1.0,1
156888,0,0,0.023464657,1
156889,1,1,0.9999573,1
156890,1,1,0.5012207,1
156891,1,0,0.25580814,0
156892,1,1,0.9999149,1
156893,0,1,0.99909246,0
156894,0,0,0.008933403,1
156895,1,1,0.9993563,1
156896,1,1,0.9999615,1
156897,1,0,0.34516045,0
156898,0,1,0.9796092,0
156899,1,0,0.27659285,0
156900,1,0,0.109324835,0
156901,1,1,1.0,1
156902,1,0,0.22988081,0
156903,0,1,0.9999987,0
156904,0,0,0.13793841,1
156905,1,1,0.99939406,1
156906,0,1,0.47694507,0
156907,1,1,0.88523525,1
156908,1,1,1.0,1
156909,0,1,0.9932811,0
156910,1,0,0.1919328,0
156911,1,0,0.018387254,0
156912,1,1,0.99957854,1
156913,0,1,0.9936733,0
156914,0,0,0.11586064,1
156915,1,1,1.0,1
156916,1,1,0.9985758,1
156917,0,1,1.0,0
156918,1,1,0.99979264,1
156919,1,1,0.86759764,1
156920,1,1,0.95869267,1
156921,0,1,0.67281556,0
156922,1,1,0.9427181,1
156923,0,1,0.99933845,0
156924,0,0,0.15297888,1
156925,0,0,0.08064662,1
156926,1,1,0.99999523,1
156927,1,1,0.3937055,1
156928,1,1,0.99999964,1
156929,0,1,0.4106381,0
156930,1,1,1.0,1
156931,1,1,0.82261705,1
156932,0,1,0.6970421,0
156933,1,0,0.048496004,0
156934,1,0,0.03197956,0
156935,0,0,0.02859836,1
156936,1,0,0.060363002,0
156937,0,0,0.23881637,1
156938,1,1,0.99998724,1
156939,1,1,1.0,1
156940,1,1,0.99603915,1
156941,1,0,0.23846151,0
156942,0,0,0.15889087,1
156943,0,1,0.45995536,0
156944,1,0,0.11884453,0
156945,1,1,0.83894384,1
156946,1,1,1.0,1
156947,1,1,0.9772191,1
156948,0,0,0.070751965,1
156949,1,1,0.9997358,1
156950,1,1,0.97782,1
156951,1,1,1.0,1
156952,0,0,0.10941996,1
156953,1,1,0.9999969,1
156954,1,1,0.9713746,1
156955,0,1,0.97381955,0
156956,1,1,0.9979372,1
156957,1,1,0.99999964,1
156958,0,0,0.052230857,1
156959,0,0,0.20331182,1
156960,0,0,0.1504028,1
156961,1,1,0.9990434,1
156962,1,1,1.0,1
156963,0,0,0.19829696,1
156964,0,1,0.63482636,0
156965,0,0,0.039231926,1
156966,0,1,0.62926215,0
156967,0,0,0.090735495,1
156968,1,1,0.87557435,1
156969,0,1,0.6249232,0
156970,0,0,0.068537496,1
156971,1,1,0.91543174,1
156972,1,1,0.99999976,1
156973,1,1,1.0,1
156974,0,1,0.908618,0
156975,0,1,0.9966756,0
156976,0,1,0.9921233,0
156977,0,1,0.76242405,0
156978,1,1,0.5420755,1
156979,1,1,0.96823144,1
156980,1,1,0.9678993,1
156981,0,1,0.9933201,0
156982,1,1,0.9996424,1
156983,0,1,0.91550726,0
156984,1,1,0.9394706,1
156985,0,1,0.5563393,0
156986,0,0,0.11318691,1
156987,1,1,0.89478946,1
156988,0,0,0.07369626,1
156989,1,0,0.029035643,0
156990,1,1,1.0,1
156991,1,0,0.014672034,0
156992,1,1,0.99790895,1
156993,0,1,0.9999703,0
156994,1,1,0.99998593,1
156995,1,1,0.99997985,1
156996,0,0,0.110855594,1
156997,1,1,0.99984705,1
156998,1,1,0.9991943,1
156999,1,1,0.98975134,1
157000,0,1,0.47046292,0
157001,1,0,0.037573304,0
157002,0,0,0.14057204,1
157003,0,1,0.99992216,0
157004,1,1,0.99999964,1
157005,0,1,0.9998702,0
157006,1,1,0.969469,1
157007,0,0,0.0077405213,1
157008,1,0,0.08586245,0
157009,1,1,1.0,1
157010,1,1,1.0,1
157011,0,1,0.3656265,0
157012,1,1,0.99984944,1
157013,1,1,1.0,1
157014,1,1,0.69518286,1
157015,1,0,0.015952315,0
157016,1,1,0.70775825,1
157017,0,1,0.47980836,0
157018,0,1,0.48767337,0
157019,0,0,0.073098525,1
157020,0,1,0.5920181,0
157021,1,1,1.0,1
157022,1,1,1.0,1
157023,1,1,0.9999976,1
157024,1,1,0.9999968,1
157025,0,0,0.10356715,1
157026,1,0,0.086477645,0
157027,1,1,0.9999914,1
157028,0,0,0.118998006,1
157029,1,1,0.9999695,1
157030,0,1,0.9995883,0
157031,0,1,0.6991004,0
157032,0,0,0.2744486,1
157033,0,1,0.99993527,0
157034,0,0,0.16586316,1
157035,0,0,0.14134066,1
157036,1,1,1.0,1
157037,0,1,0.67281556,0
157038,0,1,0.41187948,0
157039,0,0,0.012845958,1
157040,1,1,0.9999988,1
157041,0,1,0.37239107,0
157042,1,1,0.98617804,1
157043,1,1,0.98922324,1
157044,1,0,0.2693256,0
157045,1,1,0.98922324,1
157046,0,0,0.14946929,1
157047,1,1,1.0,1
157048,1,1,1.0,1
157049,0,1,0.5095203,0
157050,1,0,0.3188032,0
157051,0,0,0.06644793,1
157052,0,1,0.9341553,0
157053,0,0,0.12770702,1
157054,1,1,0.9957437,1
157055,1,1,0.9626028,1
157056,0,1,0.6785932,0
157057,0,1,0.998319,0
157058,0,1,0.9920773,0
157059,0,1,0.9874721,0
157060,1,1,0.9987207,1
157061,1,0,0.19042274,0
157062,0,0,0.23161423,1
157063,0,0,0.22652687,1
157064,0,1,0.4675749,0
157065,1,1,1.0,1
157066,1,1,0.9990872,1
157067,1,1,0.9906419,1
157068,1,1,1.0,1
157069,0,0,0.3501991,1
157070,1,1,0.9999927,1
157071,1,0,0.17745425,0
157072,0,0,0.18184364,1
157073,0,0,0.18535665,1
157074,0,0,0.031648684,1
157075,1,1,0.9999988,1
157076,0,1,0.6666596,0
157077,1,1,0.99999917,1
157078,1,0,0.051130094,0
157079,1,1,0.94980925,1
157080,1,1,0.97455615,1
157081,1,1,0.9999511,1
157082,1,1,0.999998,1
157083,0,1,0.71725947,0
157084,0,1,0.8253083,0
157085,0,0,0.31822026,1
157086,0,1,0.88769233,0
157087,1,1,0.99969935,1
157088,1,1,0.72715276,1
157089,1,1,0.9999989,1
157090,1,0,0.10194652,0
157091,1,1,1.0,1
157092,1,1,0.9999443,1
157093,0,1,0.38289112,0
157094,0,1,0.9982993,0
157095,1,0,0.31769082,0
157096,1,0,0.038466193,0
157097,1,0,0.13898684,0
157098,1,1,0.98300374,1
157099,0,1,0.99999976,0
157100,1,1,0.9998141,1
157101,0,0,0.12126887,1
157102,0,0,0.34847882,1
157103,0,1,0.9519973,0
157104,0,0,0.111627996,1
157105,0,0,0.23766439,1
157106,1,0,0.08381536,0
157107,0,0,0.10604083,1
157108,1,1,0.9951984,1
157109,0,1,0.5444381,0
157110,0,0,0.20513694,1
157111,0,1,0.99999917,0
157112,0,0,0.27771777,1
157113,0,1,0.9570777,0
157114,1,1,0.7473855,1
157115,1,1,0.9984269,1
157116,1,1,1.0,1
157117,0,1,0.9985923,0
157118,0,1,0.6094661,0
157119,0,1,0.9547741,0
157120,1,0,0.28547153,0
157121,1,1,0.9928231,1
157122,0,0,0.34997696,1
157123,0,1,0.4477621,0
157124,0,1,0.5480084,0
157125,0,0,0.05037733,1
157126,1,1,0.6396798,1
157127,0,0,0.079853736,1
157128,1,1,0.9759235,1
157129,0,0,0.07011259,1
157130,0,1,0.90183425,0
157131,0,1,0.4821243,0
157132,1,1,0.9885583,1
157133,1,0,0.21908678,0
157134,1,1,1.0,1
157135,1,1,0.9705485,1
157136,1,1,0.90681833,1
157137,0,0,0.25767168,1
157138,1,0,0.07675298,0
157139,1,1,1.0,1
157140,1,0,0.014172365,0
157141,0,1,0.4669671,0
157142,0,0,0.12194692,1
157143,1,1,0.9999999,1
157144,0,1,0.5660785,0
157145,1,1,0.9992446,1
157146,1,0,0.12581532,0
157147,0,0,0.18395983,1
157148,1,1,0.9998894,1
157149,1,1,0.99989724,1
157150,1,0,0.13369773,0
157151,0,0,0.17391866,1
157152,0,1,0.85989916,0
157153,1,0,0.19049802,0
157154,0,0,0.31816727,1
157155,0,1,0.55645984,0
157156,0,0,0.041578867,1
157157,0,1,0.9999589,0
157158,1,1,0.9363432,1
157159,0,1,0.6796573,0
157160,1,1,0.98442644,1
157161,0,0,0.035244327,1
157162,0,1,0.99966264,0
157163,0,0,0.22084618,1
157164,0,1,0.9347534,0
157165,0,0,0.2794842,1
157166,0,0,0.010288301,1
157167,1,1,0.3682353,1
157168,1,0,0.21452682,0
157169,0,0,0.085479975,1
157170,1,1,0.9999993,1
157171,0,0,0.25330648,1
157172,0,0,0.2614252,1
157173,0,1,0.3611084,0
157174,0,0,0.17866908,1
157175,0,1,0.6284644,0
157176,1,1,0.9913054,1
157177,1,1,0.9999982,1
157178,1,1,0.36534345,1
157179,1,1,0.9434519,1
157180,1,1,0.75904685,1
157181,0,0,0.26227456,1
157182,1,1,0.91789335,1
157183,1,0,0.018671406,0
157184,1,1,0.9990728,1
157185,0,0,0.1419343,1
157186,1,1,0.52737737,1
157187,1,1,0.92847365,1
157188,1,0,0.086246476,0
157189,1,1,1.0,1
157190,1,1,0.9987888,1
157191,0,0,0.22499062,1
157192,0,0,0.10951515,1
157193,0,0,0.18148069,1
157194,0,1,0.9991573,0
157195,0,1,0.7498665,0
157196,1,1,0.9999994,1
157197,1,1,0.99999404,1
157198,0,0,0.19597848,1
157199,0,1,0.9992592,0
157200,0,1,0.9218515,0
157201,0,1,0.7629543,0
157202,0,0,0.021677375,1
157203,1,1,0.99948776,1
157204,0,0,0.11920292,1
157205,0,1,0.9300782,0
157206,0,1,0.9978802,0
157207,0,1,0.5876473,0
157208,1,1,0.50311273,1
157209,0,0,0.086632065,1
157210,0,0,0.18690996,1
157211,1,0,0.100348406,0
157212,1,1,0.9999901,1
157213,0,0,0.3477032,1
157214,1,1,0.99999976,1
157215,0,0,0.13409412,1
157216,1,1,1.0,1
157217,1,1,0.3551037,1
157218,1,1,0.9999484,1
157219,1,1,0.5043944,1
157220,1,1,0.40992925,1
157221,0,0,0.13420753,1
157222,0,1,0.9831013,0
157223,1,1,0.99948776,1
157224,0,1,0.78596646,0
157225,0,0,0.036356665,1
157226,0,0,0.022074388,1
157227,0,0,0.025035424,1
157228,1,1,0.9999937,1
157229,1,1,0.99968624,1
157230,1,0,0.09178833,0
157231,0,0,0.25349125,1
157232,1,1,0.676032,1
157233,0,1,0.48916793,0
157234,0,0,0.066751465,1
157235,0,0,0.22807053,1
157236,0,0,0.3416374,1
157237,0,1,0.91978675,0
157238,1,1,1.0,1
157239,0,0,0.06244529,1
157240,1,0,0.006085737,0
157241,1,1,0.99984217,1
157242,1,1,0.99999166,1
157243,1,1,0.9991221,1
157244,1,1,0.9999945,1
157245,1,1,0.9999982,1
157246,1,1,1.0,1
157247,0,0,0.07928158,1
157248,0,1,0.7521036,0
157249,1,1,0.9976404,1
157250,0,1,0.99999225,0
157251,0,1,0.99989724,0
157252,0,0,0.17560875,1
157253,1,0,0.26260537,0
157254,1,1,1.0,1
157255,1,1,0.99630713,1
157256,1,0,0.0715912,0
157257,1,1,0.99993265,1
157258,0,1,0.9990601,0
157259,1,1,0.98026204,1
157260,0,0,0.30985844,1
157261,0,0,0.018743115,1
157262,0,0,0.08269734,1
157263,0,1,0.9922294,0
157264,1,1,0.37504816,1
157265,0,0,0.19605544,1
157266,1,1,0.6144519,1
157267,1,1,0.8533026,1
157268,0,1,0.9896918,0
157269,0,1,0.9811488,0
157270,1,1,0.99967504,1
157271,0,0,0.061480366,1
157272,1,1,0.9999659,1
157273,1,1,0.87578696,1
157274,0,1,0.9925538,0
157275,1,1,0.99216896,1
157276,1,1,0.99999976,1
157277,1,1,0.99992514,1
157278,1,1,0.9998253,1
157279,0,0,0.12912793,1
157280,1,0,0.052521676,0
157281,0,0,0.029675618,1
157282,0,0,0.11027936,1
157283,0,0,0.10951515,1
157284,1,1,0.988085,1
157285,0,1,0.9995372,0
157286,1,1,0.99750805,1
157287,1,1,1.0,1
157288,0,0,0.18126321,1
157289,1,1,0.99996614,1
157290,0,1,0.3759642,0
157291,0,0,0.24617074,1
157292,0,0,0.08733005,1
157293,1,1,0.9993869,1
157294,1,0,0.05470151,0
157295,1,1,1.0,1
157296,1,0,0.016308766,0
157297,1,1,1.0,1
157298,0,1,0.7378199,0
157299,0,1,0.99996674,0
157300,1,1,0.8958876,1
157301,1,1,0.5700322,1
157302,1,1,0.99999917,1
157303,1,1,0.9999993,1
157304,0,0,0.24256429,1
157305,1,1,1.0,1
157306,0,1,0.5132415,0
157307,1,1,0.68621236,1
157308,1,1,1.0,1
157309,1,1,0.99979585,1
157310,1,1,1.0,1
157311,1,1,0.70410925,1
157312,0,0,0.15241031,1
157313,1,1,0.9999999,1
157314,0,1,0.96354055,0
157315,1,0,0.10447732,0
157316,0,1,0.97957015,0
157317,1,1,0.99999833,1
157318,1,1,0.9916358,1
157319,0,0,0.042403832,1
157320,0,1,0.99600047,0
157321,1,1,0.99958676,1
157322,1,0,0.003914824,0
157323,1,0,0.29563648,0
157324,0,1,0.87705624,0
157325,0,0,0.0715912,1
157326,0,0,0.05399884,1
157327,0,1,0.99999964,0
157328,1,1,0.9954791,1
157329,0,1,0.99922824,0
157330,1,1,0.9988575,1
157331,0,1,0.99999344,0
157332,1,1,1.0,1
157333,0,0,0.071396716,1
157334,1,0,0.12857984,0
157335,1,1,0.9999989,1
157336,0,1,0.99743915,0
157337,0,0,0.029901406,1
157338,0,0,0.12570794,1
157339,0,0,0.036700353,1
157340,1,1,0.8086723,1
157341,0,1,0.9998416,0
157342,0,1,0.3638164,0
157343,1,1,0.41326994,1
157344,1,1,0.96249723,1
157345,1,1,1.0,1
157346,0,1,0.66050094,0
157347,1,0,0.052037824,0
157348,1,1,0.99999976,1
157349,1,1,0.7913377,1
157350,1,0,0.15863001,0
157351,1,1,0.98860246,1
157352,1,1,0.9998505,1
157353,0,1,0.99718815,0
157354,1,1,1.0,1
157355,1,0,0.099120855,0
157356,1,1,0.9185534,1
157357,0,0,0.083515875,1
157358,0,0,0.07146149,1
157359,0,1,0.8330532,0
157360,1,0,0.20713452,0
157361,0,0,0.047913536,1
157362,1,1,0.99999976,1
157363,0,1,0.5162296,0
157364,1,0,0.036700353,0
157365,1,1,1.0,1
157366,0,0,0.13145173,1
157367,0,1,0.7812472,0
157368,1,1,0.9882449,1
157369,0,1,0.8833366,0
157370,0,0,0.15386674,1
157371,0,0,0.15165491,1
157372,1,1,1.0,1
157373,0,1,0.9983223,0
157374,0,0,0.013821962,1
157375,0,1,0.40447807,0
157376,1,1,0.48270342,1
157377,1,1,0.8878869,1
157378,1,0,0.06307716,0
157379,0,0,0.055668924,1
157380,1,1,1.0,1
157381,0,1,0.6779539,0
157382,1,1,0.8244619,1
157383,1,1,0.9991672,1
157384,0,1,0.99687636,0
157385,1,0,0.046464663,0
157386,0,0,0.023264103,1
157387,1,1,0.99936754,1
157388,1,1,0.5224458,1
157389,1,1,0.8967949,1
157390,0,1,0.45819718,0
157391,1,1,0.9898303,1
157392,1,1,0.9978719,1
157393,0,1,0.9989034,0
157394,1,1,0.9981178,1
157395,0,1,0.9158089,0
157396,0,0,0.06255973,1
157397,0,0,0.13551785,1
157398,0,1,0.4724705,0
157399,1,0,0.15463115,0
157400,0,0,0.008933403,1
157401,0,1,1.0,0
157402,1,1,0.99993575,1
157403,0,0,0.14669742,1
157404,1,0,0.2754707,0
157405,0,0,0.24653336,1
157406,0,1,0.9917163,0
157407,1,1,0.81888175,1
157408,1,1,0.99999356,1
157409,0,0,0.03659692,1
157410,1,1,0.7787335,1
157411,0,1,0.9400786,0
157412,0,1,0.97346866,0
157413,1,1,0.9470392,1
157414,1,1,0.9972638,1
157415,0,1,0.8713654,0
157416,1,1,0.8454327,1
157417,1,1,0.99974984,1
157418,1,1,0.9999337,1
157419,1,1,0.9810037,1
157420,1,1,0.61201984,1
157421,1,1,0.6046908,1
157422,1,1,0.9999999,1
157423,1,1,0.99999964,1
157424,1,0,0.0354775,0
157425,1,1,0.9998859,1
157426,0,1,0.9421352,0
157427,0,1,0.99228936,0
157428,1,1,0.9996018,1
157429,0,0,0.20354918,1
157430,0,1,0.9084556,0
157431,0,1,0.5547117,0
157432,1,1,0.99991655,1
157433,0,1,0.9999194,0
157434,1,1,0.9999999,1
157435,1,1,0.997399,1
157436,1,1,0.9999509,1
157437,0,0,0.22970796,1
157438,1,1,0.99999654,1
157439,1,1,0.98089427,1
157440,1,1,1.0,1
157441,1,1,1.0,1
157442,1,1,0.9999981,1
157443,0,0,0.18119074,1
157444,1,1,0.96669465,1
157445,1,1,0.52877676,1
157446,1,0,0.0996453,0
157447,0,0,0.23005375,1
157448,1,1,1.0,1
157449,1,1,0.999998,1
157450,0,0,0.12215622,1
157451,0,0,0.3455468,1
157452,0,1,0.7727022,0
157453,1,1,0.99999976,1
157454,0,0,0.082475364,1
157455,0,0,0.08210661,1
157456,1,1,0.99999726,1
157457,1,1,1.0,1
157458,1,0,0.14984211,0
157459,0,0,0.23100649,1
157460,0,0,0.066206016,1
157461,0,1,0.99913234,0
157462,0,0,0.07723879,1
157463,0,1,0.88592786,0
157464,0,1,0.4143359,0
157465,1,1,0.99989235,1
157466,0,0,0.0028063871,1
157467,0,1,0.99922514,0
157468,0,1,0.56103444,0
157469,0,1,0.9991204,0
157470,0,0,0.17802514,1
157471,0,0,0.093760945,1
157472,1,1,0.9992778,1
157473,1,1,0.995488,1
157474,1,1,1.0,1
157475,1,1,0.99936384,1
157476,1,1,1.0,1
157477,1,1,0.9999794,1
157478,0,0,0.108471945,1
157479,0,0,0.020744892,1
157480,0,1,0.9988373,0
157481,1,1,0.9858549,1
157482,0,1,0.47795013,0
157483,1,0,0.02439983,0
157484,0,0,0.13852006,1
157485,1,1,0.99994266,1
157486,0,1,0.99945253,0
157487,0,0,0.17909941,1
157488,1,0,0.10753115,0
157489,1,0,0.052765187,0
157490,1,1,0.9997826,1
157491,1,1,0.9804874,1
157492,1,1,0.99997675,1
157493,0,1,0.3963602,0
157494,0,1,0.98899186,0
157495,0,1,0.88393915,0
157496,1,1,0.9935243,1
157497,1,1,0.9973374,1
157498,0,0,0.1613863,1
157499,0,0,0.083515875,1
157500,1,0,0.10230471,0
157501,0,0,0.011463797,1
157502,1,0,0.14169659,0
157503,0,1,0.7501869,0
157504,0,1,0.95751673,0
157505,0,0,0.02265081,1
157506,1,1,0.92617035,1
157507,1,1,0.9016612,1
157508,0,0,0.23091978,1
157509,1,1,0.49804688,1
157510,1,1,0.9962782,1
157511,1,1,0.754101,1
157512,0,0,0.23466964,1
157513,1,1,0.9999999,1
157514,1,1,1.0,1
157515,1,1,1.0,1
157516,1,1,1.0,1
157517,0,1,0.87514824,0
157518,0,0,0.21149823,1
157519,0,0,0.09260568,1
157520,1,1,0.9997942,1
157521,1,0,0.00052747846,0
157522,1,1,0.52366394,1
157523,1,1,1.0,1
157524,1,0,0.30865893,0
157525,0,1,0.9964551,0
157526,1,1,0.9999995,1
157527,1,1,0.99999833,1
157528,1,1,0.9992505,1
157529,0,1,0.9562273,0
157530,0,0,0.06916357,1
157531,1,1,0.6186652,1
157532,1,1,0.9999999,1
157533,0,1,0.5437719,0
157534,0,1,0.67976356,0
157535,1,1,0.9497627,1
157536,1,0,0.006784358,0
157537,0,0,0.0065515246,1
157538,1,1,0.9999149,1
157539,0,1,0.90574,0
157540,1,1,0.99720997,1
157541,0,0,0.09451042,1
157542,1,1,0.76777697,1
157543,0,0,0.2875677,1
157544,0,1,0.49578866,0
157545,0,0,0.07230849,1
157546,1,1,0.9506406,1
157547,0,0,0.009955651,1
157548,1,1,0.999992,1
157549,0,0,0.008950712,1
157550,0,1,0.9987649,0
157551,1,0,0.015043661,0
157552,0,1,0.55380696,0
157553,0,1,0.92736334,0
157554,0,1,0.7001265,0
157555,1,1,0.99999857,1
157556,1,1,0.5876473,1
157557,1,0,0.1490353,0
157558,1,1,0.83031917,1
157559,0,1,0.9845458,0
157560,1,1,0.9642878,1
157561,1,1,0.9999995,1
157562,0,1,1.0,0
157563,0,1,0.81449586,0
157564,0,1,0.47158828,0
157565,1,0,0.053058814,0
157566,1,1,0.50872713,1
157567,1,1,0.99999964,1
157568,0,0,0.15027805,1
157569,1,1,0.99970454,1
157570,0,0,0.32044902,1
157571,1,0,0.19559407,0
157572,0,0,0.2052962,1
157573,1,0,0.21378726,0
157574,0,0,0.04590542,1
157575,0,0,0.11930549,1
157576,1,1,0.99999654,1
157577,0,1,0.99393785,0
157578,1,1,0.9994173,1
157579,0,0,0.032222297,1
157580,0,1,0.999941,0
157581,1,1,0.9999901,1
157582,0,1,0.6397923,0
157583,1,1,1.0,1
157584,0,0,0.061762713,1
157585,0,0,0.02027408,1
157586,1,0,0.046421416,0
157587,0,1,0.9925827,0
157588,1,1,0.9999987,1
157589,0,0,0.021267017,1
157590,0,0,0.10017222,1
157591,1,1,0.98247355,1
157592,1,1,0.79174054,1
157593,0,0,0.09903369,1
157594,1,0,0.025154885,0
157595,1,1,0.9496227,1
157596,0,1,0.8778961,0
157597,0,0,0.050470848,1
157598,1,1,0.5073237,1
157599,1,1,0.8847382,1
157600,0,1,0.98046875,0
157601,1,1,0.99999976,1
157602,0,1,0.95869267,0
157603,1,1,0.99999964,1
157604,1,1,0.99997663,1
157605,1,1,0.99981695,1
157606,1,1,1.0,1
157607,1,1,0.9999975,1
157608,1,1,0.9998872,1
157609,0,1,0.99988806,0
157610,1,1,1.0,1
157611,0,0,0.049039625,1
157612,1,1,1.0,1
157613,1,1,1.0,1
157614,0,1,0.9999974,0
157615,1,0,0.03188899,0
157616,0,0,0.12808825,1
157617,1,1,0.92788786,1
157618,1,1,1.0,1
157619,0,0,0.20465964,1
157620,0,1,0.5429844,0
157621,1,0,0.07336364,0
157622,0,0,0.18249834,1
157623,1,1,0.42468038,1
157624,1,1,0.99999917,1
157625,1,1,1.0,1
157626,0,1,0.36469272,0
157627,1,1,0.99394965,1
157628,0,0,0.18220715,1
157629,1,1,0.9947084,1
157630,1,0,0.14027737,0
157631,1,1,0.5484317,1
157632,0,0,0.07606381,1
157633,0,1,0.96472245,0
157634,1,1,0.99712163,1
157635,1,1,0.58604914,1
157636,0,0,0.11616108,1
157637,0,1,0.7294234,0
157638,0,0,0.003292236,1
157639,1,1,0.9998859,1
157640,1,1,1.0,1
157641,0,0,0.046076808,1
157642,0,0,0.1305069,1
157643,0,0,0.14306794,1
157644,1,1,0.4768537,1
157645,1,1,0.9943251,1
157646,1,1,1.0,1
157647,1,1,1.0,1
157648,1,1,0.9999999,1
157649,0,0,0.094176665,1
157650,1,1,0.6864226,1
157651,1,0,0.053107906,0
157652,0,1,0.9999871,0
157653,1,1,0.97550696,1
157654,0,1,0.9999263,0
157655,0,1,0.37972337,0
157656,1,1,1.0,1
157657,0,0,0.25534368,1
157658,1,1,0.9976586,1
157659,0,1,0.8056322,0
157660,1,0,0.2639787,0
157661,0,0,0.15488662,1
157662,1,1,0.9999995,1
157663,1,1,1.0,1
157664,1,0,0.03618598,0
157665,1,1,1.0,1
157666,1,1,1.0,1
157667,1,1,0.42190903,1
157668,0,0,0.20561504,1
157669,0,0,0.060031522,1
157670,0,1,0.72076154,0
157671,0,1,0.96432143,0
157672,1,1,1.0,1
157673,1,0,0.05242457,0
157674,1,1,0.9986223,1
157675,0,1,0.51000845,0
157676,1,1,0.9999944,1
157677,1,1,0.9972904,1
157678,0,1,0.9678993,0
157679,0,1,0.99999785,0
157680,1,0,0.052521676,0
157681,1,1,0.99791294,1
157682,0,0,0.026683092,1
157683,1,1,0.9999999,1
157684,1,1,0.999966,1
157685,1,1,0.99999964,1
157686,1,1,0.9999993,1
157687,0,1,0.98926485,0
157688,0,0,0.0773781,1
157689,0,0,0.29254478,1
157690,1,1,0.9826576,1
157691,0,1,0.9999734,0
157692,1,1,1.0,1
157693,1,1,0.799129,1
157694,0,0,0.08050193,1
157695,1,1,0.9999926,1
157696,1,0,0.033242542,0
157697,1,0,0.001626135,0
157698,1,1,0.96062064,1
157699,1,1,1.0,1
157700,1,1,1.0,1
157701,0,0,0.17845424,1
157702,0,1,0.9741166,0
157703,1,1,0.95426536,1
157704,0,0,0.005080037,1
157705,0,0,0.33895183,1
157706,0,0,0.1987631,1
157707,0,0,0.0836655,1
157708,1,1,0.99999964,1
157709,1,0,0.3287449,0
157710,1,1,0.99999547,1
157711,0,1,0.36398593,0
157712,0,0,0.014700298,1
157713,0,0,0.08100938,1
157714,0,0,0.07585818,1
157715,1,1,0.9782396,1
157716,0,0,0.025982061,1
157717,0,0,0.05975658,1
157718,1,1,0.98833525,1
157719,1,1,0.99766326,1
157720,0,0,0.030100336,1
157721,0,1,0.7106283,0
157722,0,1,0.44990617,0
157723,1,1,0.99979013,1
157724,1,1,0.99996686,1
157725,1,1,0.9502266,1
157726,0,0,0.20212801,1
157727,0,0,0.14306794,1
157728,0,0,0.024940254,1
157729,1,1,0.35287052,1
157730,1,1,0.9980882,1
157731,1,1,0.98247355,1
157732,1,0,0.021677375,0
157733,1,1,0.99999845,1
157734,1,1,0.9999995,1
157735,0,0,0.1164622,1
157736,0,1,0.73492885,0
157737,0,1,0.9988927,0
157738,1,1,0.99575186,1
157739,1,1,1.0,1
157740,1,1,0.9974291,1
157741,1,0,0.01374232,0
157742,0,1,0.9999863,0
157743,1,1,0.9990996,1
157744,0,0,0.09739039,1
157745,0,1,0.9999994,0
157746,1,1,1.0,1
157747,1,1,0.55700207,1
157748,1,1,1.0,1
157749,0,0,0.13500383,1
157750,0,0,0.10239443,1
157751,1,1,0.6346,1
157752,1,1,0.998884,1
157753,1,1,0.90772206,1
157754,1,1,1.0,1
157755,0,1,0.99991286,0
157756,1,1,0.91228,1
157757,1,0,0.19004667,0
157758,0,1,0.8720208,0
157759,1,1,0.99999225,1
157760,0,1,0.5066524,0
157761,0,1,0.48349598,0
157762,0,0,0.074567616,1
157763,0,0,0.17724052,1
157764,1,1,0.99998295,1
157765,1,1,0.9999225,1
157766,0,1,0.38676345,0
157767,1,1,0.95699733,1
157768,1,1,0.9674411,1
157769,1,1,0.9999999,1
157770,1,1,0.999652,1
157771,1,1,1.0,1
157772,0,0,0.0362883,1
157773,1,1,0.9400786,1
157774,1,1,0.9999263,1
157775,0,0,0.09033343,1
157776,1,1,1.0,1
157777,1,1,1.0,1
157778,0,1,0.5324251,0
157779,1,1,0.9990508,1
157780,1,1,1.0,1
157781,0,1,0.9722835,0
157782,0,1,0.94024336,0
157783,1,1,0.9999912,1
157784,0,1,0.99995685,0
157785,1,1,0.85034436,1
157786,0,0,0.052911807,1
157787,1,1,0.9996892,1
157788,1,1,1.0,1
157789,0,1,0.40262696,0
157790,1,0,0.34471914,0
157791,0,1,0.926769,0
157792,1,1,1.0,1
157793,1,1,1.0,1
157794,1,0,0.047691282,0
157795,1,1,1.0,1
157796,1,1,0.99999917,1
157797,0,1,0.90540594,0
157798,0,0,0.03618598,1
157799,0,1,0.49371374,0
157800,0,1,0.45547107,0
157801,1,0,0.17030093,0
157802,1,0,0.101144664,0
157803,0,1,0.8253083,0
157804,1,1,0.9999999,1
157805,1,1,0.995858,1
157806,1,0,0.3237007,0
157807,1,1,0.535645,1
157808,1,1,0.999841,1
157809,1,1,0.5736187,1
157810,0,1,0.7060385,0
157811,1,1,0.9999939,1
157812,0,0,0.12506539,1
157813,0,1,0.99999976,0
157814,0,1,0.98899186,0
157815,1,1,0.9990601,1
157816,1,1,1.0,1
157817,1,1,1.0,1
157818,1,0,0.024609927,0
157819,0,1,0.9999795,0
157820,1,1,0.9997918,1
157821,1,1,0.9999994,1
157822,0,1,0.5376483,0
157823,0,0,0.086477645,1
157824,0,0,0.15046519,1
157825,0,1,0.5333367,0
157826,1,1,0.99999845,1
157827,1,0,0.034456022,0
157828,1,1,0.9987864,1
157829,0,0,0.08079154,1
157830,1,1,0.9993845,1
157831,1,1,0.99991655,1
157832,0,0,0.14724834,1
157833,0,1,0.9069832,0
157834,1,1,0.99767226,1
157835,0,0,0.014913983,1
157836,1,1,1.0,1
157837,0,0,0.0768222,1
157838,1,0,0.0054059,0
157839,1,1,0.9999993,1
157840,1,1,0.98942953,1
157841,0,1,0.3987283,0
157842,1,1,0.9999982,1
157843,0,1,0.8806945,0
157844,1,1,0.8206132,1
157845,0,0,0.18366683,1
157846,1,0,0.031648684,0
157847,0,0,0.17617498,1
157848,1,1,0.99988127,1
157849,1,0,0.10539455,0
157850,1,1,0.64192754,1
157851,1,1,0.9999784,1
157852,1,0,0.056600258,0
157853,0,1,0.9429286,0
157854,1,0,0.00045831292,0
157855,0,1,0.9981324,0
157856,1,1,0.99992514,1
157857,0,1,0.9794526,0
157858,1,1,0.9815244,1
157859,1,1,0.99998415,1
157860,0,1,0.7343577,0
157861,0,0,0.18690996,1
157862,1,1,0.9542227,1
157863,0,1,0.51793665,0
157864,0,0,0.091544405,1
157865,0,0,0.2671213,1
157866,0,0,0.08616955,1
157867,1,1,0.9995802,1
157868,1,1,0.8850366,1
157869,1,1,0.9999995,1
157870,1,1,0.93463427,1
157871,0,0,0.08277145,1
157872,0,0,0.32525256,1
157873,1,0,0.11736965,0
157874,0,0,0.281949,1
157875,1,0,0.039490405,0
157876,1,1,0.99955493,1
157877,1,1,0.9999428,1
157878,1,1,0.4490302,1
157879,1,0,0.122838534,0
157880,1,1,0.8089743,1
157881,1,1,1.0,1
157882,1,1,1.0,1
157883,0,0,0.008610767,1
157884,0,0,0.16331196,1
157885,1,1,0.9999558,1
157886,0,0,0.008077626,1
157887,1,1,0.99999833,1
157888,0,1,0.9892441,0
157889,1,1,0.9987625,1
157890,0,0,0.16518871,1
157891,0,1,0.99929726,0
157892,0,1,0.9828892,0
157893,0,1,0.505615,0
157894,0,1,0.989368,0
157895,0,0,0.0056969603,1
157896,1,1,0.99338466,1
157897,1,1,0.91796696,1
157898,1,1,1.0,1
157899,1,1,1.0,1
157900,1,1,0.99998903,1
157901,1,1,0.8733229,1
157902,0,0,0.13597612,1
157903,1,1,1.0,1
157904,1,0,0.00040055232,0
157905,1,1,1.0,1
157906,0,1,0.7153743,0
157907,1,0,0.12570794,0
157908,1,0,0.0010796068,0
157909,0,0,0.062216975,1
157910,0,0,0.043650273,1
157911,0,1,0.99632865,0
157912,0,0,0.010489091,1
157913,0,1,0.91359943,0
157914,0,1,0.40589023,0
157915,0,1,0.9994547,0
157916,1,1,0.99999976,1
157917,1,1,0.99931216,1
157918,0,0,0.09990845,1
157919,0,0,0.2928986,1
157920,1,1,1.0,1
157921,1,1,0.9763782,1
157922,1,1,0.41389167,1
157923,0,1,0.74922484,0
157924,1,1,0.97494066,1
157925,1,0,0.31864414,0
157926,0,0,0.1186912,1
157927,1,1,0.9999918,1
157928,1,1,0.99999976,1
157929,1,1,0.39706132,1
157930,0,0,0.0017477858,1
157931,1,0,0.046378206,0
157932,0,1,0.9364014,0
157933,0,1,0.71388066,0
157934,1,0,0.1203871,0
157935,0,1,0.99997497,0
157936,0,1,0.7600278,0
157937,0,1,0.75913614,0
157938,1,1,1.0,1
157939,1,1,0.9999989,1
157940,0,0,0.18780208,1
157941,0,0,0.022350112,1
157942,0,1,0.4383043,0
157943,1,1,0.40371376,1
157944,0,0,0.30523115,1
157945,0,0,0.01964376,1
157946,0,0,0.10627249,1
157947,1,1,0.99952257,1
157948,1,0,0.022542965,0
157949,1,1,0.9971048,1
157950,1,1,1.0,1
157951,1,1,1.0,1
157952,0,0,0.02143024,1
157953,1,0,0.12962292,0
157954,0,0,0.038719833,1
157955,0,1,0.7262315,0
157956,1,1,0.99937856,1
157957,0,0,0.050893724,1
157958,1,1,0.86669767,1
157959,0,0,0.052862898,1
157960,0,1,0.9995408,0
157961,0,1,0.90473473,0
157962,0,1,1.0,0
157963,1,1,0.9996561,1
157964,1,1,0.999998,1
157965,1,1,0.39088267,1
157966,1,1,0.999423,1
157967,0,0,0.083291925,1
157968,0,0,0.2872177,1
157969,1,0,0.18877222,0
157970,0,1,0.97180575,0
157971,1,1,0.9973786,1
157972,0,0,0.08269734,1
157973,0,1,0.52482086,0
157974,0,0,0.049222115,1
157975,0,0,0.02463338,1
157976,1,1,0.998698,1
157977,0,0,0.09146322,1
157978,0,1,0.999866,0
157979,1,1,0.9999999,1
157980,0,1,0.45625833,0
157981,0,0,0.050611433,1
157982,1,0,0.062617026,0
157983,1,0,0.028087387,0
157984,1,1,1.0,1
157985,0,0,0.31997073,1
157986,1,1,0.99682117,1
157987,0,1,0.99386686,0
157988,1,1,1.0,1
157989,0,1,0.9405718,0
157990,1,1,0.945349,1
157991,1,1,0.84834504,1
157992,0,0,0.059210252,1
157993,0,0,0.2642634,1
157994,1,1,0.9999573,1
157995,0,0,0.113383114,1
157996,1,1,1.0,1
157997,1,1,1.0,1
157998,1,1,0.96975684,1
157999,1,1,0.9568766,1
158000,0,1,0.99999285,0
158001,0,1,0.7684726,0
158002,1,1,0.9812029,1
158003,0,1,0.99723697,0
158004,1,0,0.016529558,0
158005,0,1,0.9792154,0
158006,0,0,0.10257407,1
158007,1,1,0.9999956,1
158008,1,1,0.9999999,1
158009,0,0,0.16105616,1
158010,0,1,1.0,0
158011,1,1,0.99999213,1
158012,0,1,1.0,0
158013,1,1,0.9941233,1
158014,1,1,0.99999344,1
158015,1,0,0.05394898,0
158016,1,1,1.0,1
158017,1,0,0.11511248,0
158018,1,1,0.35779187,1
158019,0,1,0.99990606,0
158020,1,1,0.9999976,1
158021,1,0,0.078289315,0
158022,1,1,0.9623913,1
158023,0,0,0.29128316,1
158024,0,0,0.06418264,1
158025,1,1,0.99668854,1
158026,1,1,0.7912571,1
158027,1,1,0.9659317,1
158028,1,1,0.99979097,1
158029,0,0,0.16865148,1
158030,1,1,0.70058763,1
158031,1,0,0.04340633,0
158032,1,1,1.0,1
158033,1,1,0.9993625,1
158034,1,0,0.050237365,0
158035,0,1,0.99976677,0
158036,1,1,0.94886994,1
158037,1,1,0.92860323,1
158038,1,1,0.98383164,1
158039,1,1,0.40913224,1
158040,0,0,0.2613309,1
158041,1,1,0.98093086,1
158042,1,1,0.7276853,1
158043,1,1,0.9966102,1
158044,0,1,0.90183425,0
158045,0,0,0.25128007,1
158046,1,1,1.0,1
158047,1,1,1.0,1
158048,1,1,0.65770334,1
158049,1,1,0.99998415,1
158050,1,1,0.9710193,1
158051,1,1,0.99650973,1
158052,1,1,0.9995819,1
158053,1,0,0.078571655,0
158054,1,0,0.0606962,0
158055,0,0,0.10374862,1
158056,1,0,0.01317195,0
158057,1,1,0.9999783,1
158058,0,1,0.9885583,0
158059,0,1,0.6246942,0
158060,0,0,0.030014923,1
158061,1,1,0.99999976,1
158062,1,1,1.0,1
158063,0,0,0.11666332,1
158064,1,0,0.27786472,0
158065,1,1,0.6629601,1
158066,1,0,0.0065769986,0
158067,0,0,0.16238002,1
158068,1,1,0.95791227,1
158069,1,1,1.0,1
158070,0,0,0.08487122,1
158071,1,1,0.98581403,1
158072,1,1,0.8959786,1
158073,1,1,0.9999963,1
158074,1,1,0.98792297,1
158075,0,0,0.22592856,1
158076,1,1,1.0,1
158077,0,1,0.99812883,0
158078,1,1,1.0,1
158079,1,1,0.88612515,1
158080,0,0,0.009596454,1
158081,1,1,1.0,1
158082,0,1,0.48188052,0
158083,1,1,0.9999931,1
158084,1,0,0.096195176,0
158085,1,1,0.998835,1
158086,0,1,0.99999774,0
158087,1,1,1.0,1
158088,0,0,0.074500255,1
158089,1,1,0.9960699,1
158090,0,0,0.21395142,1
158091,1,0,0.102484226,0
158092,0,0,0.23048648,1
158093,1,1,0.9996486,1
158094,1,1,0.9999664,1
158095,1,0,0.22618484,0
158096,1,1,0.66622543,1
158097,1,1,0.99984705,1
158098,1,1,0.9999994,1
158099,1,1,0.98427594,1
158100,0,0,0.025711589,1
158101,1,1,0.9999995,1
158102,1,1,1.0,1
158103,1,1,0.9936365,1
158104,0,0,0.18528292,1
158105,1,0,0.2486254,0
158106,1,1,0.9999778,1
158107,1,1,1.0,1
158108,0,0,0.3209277,1
158109,0,1,0.5373449,0
158110,0,1,0.94901186,0
158111,1,1,0.98319834,1
158112,0,1,0.9986646,0
158113,1,1,1.0,1
158114,1,1,0.9999838,1
158115,0,1,0.99533635,0
158116,0,0,0.23458193,1
158117,1,1,0.98862445,1
158118,0,0,0.11153119,1
158119,1,1,0.9955403,1
158120,1,1,1.0,1
158121,1,1,0.98961186,1
158122,1,1,1.0,1
158123,1,1,1.0,1
158124,1,1,0.9352874,1
158125,1,1,1.0,1
158126,1,1,0.79246426,1
158127,0,1,0.9844862,0
158128,1,1,0.98340684,1
158129,1,1,0.9999255,1
158130,0,0,0.011530388,1
158131,1,1,1.0,1
158132,1,1,0.99999976,1
158133,0,1,0.82318634,0
158134,1,1,0.57403666,1
158135,1,0,0.0876419,0
158136,0,1,0.9994956,0
158137,0,0,0.2613309,1
158138,1,1,0.8824279,1
158139,1,0,0.12126887,0
158140,0,1,0.98819935,0
158141,1,1,0.9999876,1
158142,1,1,0.987375,1
158143,0,0,0.044931643,1
158144,0,1,0.46025857,0
158145,1,1,0.99999917,1
158146,0,0,0.299566,1
158147,1,1,1.0,1
158148,0,1,0.50006104,0
158149,1,0,0.016979992,0
158150,0,1,0.9979007,0
158151,1,0,0.08166611,0
158152,0,1,0.99522626,0
158153,0,1,0.8388118,0
158154,1,0,0.030100336,0
158155,1,1,1.0,1
158156,1,1,0.9999974,1
158157,0,1,0.9429811,0
158158,0,1,0.5594706,0
158159,0,0,0.0793529,1
158160,1,1,1.0,1
158161,0,1,0.99999905,0
158162,0,0,0.16431522,1
158163,0,0,0.017814532,1
158164,1,0,0.30378342,0
158165,1,1,0.99967873,1
158166,1,0,0.014643826,0
158167,1,1,0.9913054,1
158168,1,0,0.12268078,0
158169,0,0,0.09409338,1
158170,1,0,0.10894504,0
158171,1,1,0.961678,1
158172,1,1,0.99999964,1
158173,1,1,1.0,1
158174,1,0,0.15418488,0
158175,1,1,0.99999523,1
158176,1,1,0.9160345,1
158177,1,1,0.40703875,1
158178,0,0,0.16742277,1
158179,1,1,0.6993057,1
158180,0,0,0.28363255,1
158181,0,0,0.15354916,1
158182,0,1,0.74022126,0
158183,1,1,1.0,1
158184,1,1,0.77713084,1
158185,1,1,1.0,1
158186,1,1,0.99999964,1
158187,1,1,1.0,1
158188,1,1,0.98955137,1
158189,1,1,1.0,1
158190,1,1,0.9999989,1
158191,0,0,0.009232214,1
158192,1,0,0.24716878,0
158193,1,0,0.32557413,0
158194,0,1,0.9899282,0
158195,1,1,0.77509457,1
158196,0,0,0.25823247,1
158197,0,0,0.008412978,1
158198,1,0,0.070495576,0
158199,0,1,0.43284234,0
158200,1,0,0.30074558,0
158201,0,1,0.61878043,0
158202,1,1,0.9999987,1
158203,1,0,0.23074637,0
158204,1,1,0.9984084,1
158205,1,1,0.7580631,1
158206,0,0,0.107437484,1
158207,1,1,0.99940586,1
158208,1,0,0.12511882,0
158209,0,1,0.9896718,0
158210,0,0,0.055208687,1
158211,1,1,0.99293363,1
158212,0,1,0.90515476,0
158213,0,1,0.78407115,0
158214,1,1,0.9999362,1
158215,1,1,1.0,1
158216,0,1,0.99999917,0
158217,1,0,0.07490528,0
158218,1,0,0.27105868,0
158219,0,1,0.38682136,0
158220,1,1,1.0,1
158221,0,0,0.17674264,1
158222,0,1,0.68071944,0
158223,0,0,0.08173938,1
158224,1,0,0.13381088,0
158225,0,0,0.08093672,1
158226,1,1,0.999969,1
158227,0,0,0.14688088,1
158228,1,0,0.17245041,0
158229,0,1,0.8677098,0
158230,0,1,0.80942667,0
158231,0,0,0.076132484,1
158232,0,1,0.99871576,0
158233,1,1,0.9999534,1
158234,1,1,0.99679,1
158235,0,0,0.30808613,1
158236,0,0,0.037256766,1
158237,1,1,1.0,1
158238,1,0,0.07323097,0
158239,0,0,0.253861,1
158240,1,1,1.0,1
158241,1,1,0.9894907,1
158242,1,0,0.20833994,0
158243,0,1,0.9992387,0
158244,0,1,0.9830688,0
158245,1,0,0.2358996,0
158246,0,1,0.99928194,0
158247,0,1,0.9315248,0
158248,0,0,0.02505927,1
158249,0,1,0.98951083,0
158250,0,0,0.03750274,1
158251,1,1,0.99999225,1
158252,0,0,0.22746935,1
158253,0,0,0.16238002,1
158254,0,0,0.11606085,1
158255,0,0,0.05728198,1
158256,1,1,0.9999995,1
158257,1,1,0.99999475,1
158258,1,1,0.99999976,1
158259,1,1,0.9999999,1
158260,1,1,0.99705935,1
158261,1,0,0.047869008,0
158262,0,0,0.056704637,1
158263,0,0,0.0035588038,1
158264,1,1,1.0,1
158265,0,0,0.07004896,1
158266,1,1,0.9988236,1
158267,1,1,1.0,1
158268,1,1,0.99996495,1
158269,0,0,0.01836964,1
158270,0,1,0.7703784,0
158271,1,0,0.04020025,0
158272,1,0,0.04689926,0
158273,1,0,0.29153523,0
158274,1,1,0.99998426,1
158275,0,1,0.43797374,0
158276,0,1,0.7660312,0
158277,1,1,0.96882665,1
158278,1,1,0.7191864,1
158279,0,0,0.070176296,1
158280,1,1,1.0,1
158281,0,1,0.94829834,0
158282,0,0,0.025250848,1
158283,0,1,0.41350675,0
158284,0,1,0.9955576,0
158285,1,1,0.9999969,1
158286,1,1,0.35186765,1
158287,0,1,0.99014014,0
158288,1,0,0.18631704,0
158289,1,1,0.9984176,1
158290,1,1,0.563438,1
158291,1,1,0.9999076,1
158292,1,1,0.60498255,1
158293,0,1,0.99932814,0
158294,1,1,0.99802387,1
158295,1,0,0.056756895,0
158296,1,1,0.99999964,1
158297,0,1,0.9904406,0
158298,0,1,0.99995446,0
158299,0,0,0.21329524,1
158300,0,0,0.079068,1
158301,0,0,0.14402843,1
158302,1,1,0.48334357,1
158303,0,0,0.1728689,1
158304,0,0,0.13580413,1
158305,1,1,0.99998796,1
158306,1,1,0.8916225,1
158307,0,1,0.9421883,0
158308,1,1,0.4398977,1
158309,0,0,0.297572,1
158310,0,1,0.9867517,0
158311,1,1,0.99784684,1
158312,0,1,0.7150759,0
158313,1,1,0.9986462,1
158314,0,1,0.983597,0
158315,0,0,0.14487322,1
158316,0,1,0.60539085,0
158317,1,1,0.8912444,1
158318,0,1,0.9314625,0
158319,1,0,0.2695178,0
158320,1,1,0.99407744,1
158321,1,1,0.9999896,1
158322,1,1,0.4031262,1
158323,0,1,0.9935868,0
158324,1,1,0.9999918,1
158325,1,1,0.9985392,1
158326,0,1,0.6242363,0
158327,1,1,0.99952805,1
158328,1,1,0.9999999,1
158329,1,0,0.26654816,0
158330,0,0,0.032961242,1
158331,1,1,1.0,1
158332,1,0,0.07107367,0
158333,1,1,0.99595356,1
158334,0,1,0.9989267,0
158335,1,1,0.9999881,1
158336,1,1,0.8275496,1
158337,0,1,0.9977083,0
158338,0,0,0.03919513,1
158339,0,1,0.6893579,0
158340,1,0,0.079638734,0
158341,1,1,0.99611557,1
158342,1,1,0.7489954,1
158343,1,0,0.22601396,0
158344,0,1,0.9400236,0
158345,1,1,0.9999788,1
158346,1,0,0.23917161,0
158347,1,1,1.0,1
158348,1,1,0.9890343,1
158349,0,0,0.11521199,1
158350,1,1,0.9999995,1
158351,0,1,0.92379886,0
158352,0,0,0.11008789,1
158353,1,1,0.6747474,1
158354,1,0,0.11289317,0
158355,1,1,0.99957854,1
158356,1,1,0.99917525,1
158357,1,1,0.99999857,1
158358,1,1,0.6976604,1
158359,1,1,0.8797679,1
158360,1,1,1.0,1
158361,0,1,0.9997527,0
158362,0,1,0.91964257,0
158363,1,1,0.6998189,1
158364,1,1,0.99998784,1
158365,0,1,0.99887747,0
158366,1,1,1.0,1
158367,1,0,0.035078675,0
158368,0,1,0.9999987,0
158369,1,0,0.10167862,0
158370,0,0,0.020764738,1
158371,0,0,0.26473835,1
158372,1,1,0.9998273,1
158373,0,0,0.12389466,1
158374,0,1,0.68315536,0
158375,0,1,1.0,0
158376,0,1,0.93077356,0
158377,0,0,0.00059650384,1
158378,0,0,0.11747085,1
158379,1,1,0.9997695,1
158380,1,1,0.9999999,1
158381,1,1,0.9999995,1
158382,0,1,0.39239505,0
158383,1,1,1.0,1
158384,1,1,0.99999845,1
158385,1,1,0.92290026,1
158386,1,1,1.0,1
158387,1,1,0.99999905,1
158388,1,1,0.99880743,1
158389,0,0,0.21280403,1
158390,1,1,0.9999999,1
158391,1,1,0.9924521,1
158392,0,1,0.76180446,0
158393,0,1,0.9813107,0
158394,1,0,0.09782047,0
158395,1,1,0.98093086,1
158396,0,0,0.04831607,1
158397,0,1,0.7546439,0
158398,0,1,0.8264319,0
158399,1,0,0.033684738,0
158400,1,1,0.99999845,1
158401,0,0,0.23563562,1
158402,0,0,0.051941562,1
158403,1,1,1.0,1
158404,1,1,0.66524744,1
158405,1,1,0.9638481,1
158406,0,0,0.067056276,1
158407,0,1,0.99975747,0
158408,1,1,1.0,1
158409,1,1,0.75635755,1
158410,1,1,0.9999994,1
158411,1,0,0.13234626,0
158412,1,1,0.9999989,1
158413,1,1,0.5559777,1
158414,1,1,0.96672606,1
158415,1,1,1.0,1
158416,0,0,0.12252321,1
158417,0,0,0.22558717,1
158418,0,1,0.7186438,0
158419,0,0,0.28303766,1
158420,1,1,0.40127715,1
158421,1,1,1.0,1
158422,1,1,0.9999852,1
158423,0,1,0.7594039,0
158424,0,0,0.105210535,1
158425,0,0,0.015603534,1
158426,0,0,0.089057684,1
158427,0,1,0.95430803,0
158428,0,1,0.9678385,0
158429,1,1,0.9995005,1
158430,1,0,0.1501534,0
158431,1,1,0.49646002,1
158432,1,1,0.9974738,1
158433,1,0,0.071396716,0
158434,0,0,0.10230471,1
158435,0,0,0.06014182,1
158436,0,1,0.41105178,0
158437,0,0,0.066751465,1
158438,0,1,0.8687154,0
158439,1,1,0.99724233,1
158440,1,1,0.99992156,1
158441,1,1,0.99401975,1
158442,0,1,0.6285784,0
158443,1,0,0.13718534,0
158444,0,0,0.11636177,1
158445,1,1,1.0,1
158446,1,0,0.083142914,0
158447,1,0,0.11402278,0
158448,0,1,0.76568097,0
158449,0,1,0.97628796,0
158450,0,1,0.9944559,0
158451,0,0,0.14402843,1
158452,0,0,0.012600624,1
158453,1,1,0.98862445,1
158454,1,0,0.0595922,0
158455,1,0,0.058078144,0
158456,0,1,0.99999297,0
158457,1,1,0.9999995,1
158458,1,1,0.9822708,1
158459,0,1,0.9999918,0
158460,0,1,0.5256732,0
158461,0,0,0.13951358,1
158462,0,1,0.7338335,0
158463,0,0,0.33878776,1
158464,0,1,0.9906238,0
158465,1,0,0.09203286,0
158466,1,1,1.0,1
158467,0,1,0.46411213,0
158468,1,1,0.99999285,1
158469,0,0,0.12581532,1
158470,0,0,0.16297863,1
158471,0,0,0.06530615,1
158472,1,1,0.48060057,1
158473,1,1,0.9999491,1
158474,1,1,0.74720114,1
158475,1,1,1.0,1
158476,0,0,0.2115797,1
158477,0,0,0.28897023,1
158478,0,1,0.46614686,0
158479,1,1,0.99999964,1
158480,1,1,1.0,1
158481,1,1,0.36248952,1
158482,0,0,0.16532342,1
158483,1,1,0.99943525,1
158484,0,0,0.009746104,1
158485,0,0,0.024845434,1
158486,0,1,0.8581252,0
158487,0,0,0.23353149,1
158488,0,1,0.9894499,0
158489,0,0,0.043650273,1
158490,1,1,0.99987364,1
158491,1,1,0.89395916,1
158492,1,1,0.8984105,1
158493,0,0,0.066206016,1
158494,1,1,0.9998332,1
158495,0,1,0.9668514,0
158496,0,1,0.9957353,0
158497,1,1,0.98507166,1
158498,0,0,0.0763388,1
158499,1,1,0.89858866,1
158500,0,0,0.075653054,1
158501,1,1,1.0,1
158502,0,1,0.9997981,0
158503,0,1,0.9824905,0
158504,0,0,0.11426965,1
158505,1,1,0.9999794,1
158506,0,1,0.9975986,0
158507,0,1,1.0,0
158508,0,1,0.9887771,0
158509,0,1,0.40556645,0
158510,1,0,0.16059487,0
158511,1,0,0.09081609,0
158512,1,1,0.9649213,1
158513,0,1,0.99778724,0
158514,0,1,0.99890125,0
158515,1,1,0.99999666,1
158516,1,0,0.00042140932,0
158517,1,1,0.98951083,1
158518,0,1,0.7673414,0
158519,1,1,0.6653562,1
158520,1,0,0.05033063,0
158521,0,0,0.049912184,1
158522,1,1,0.99879813,1
158523,1,0,0.17881243,0
158524,0,0,0.17610413,1
158525,1,1,0.9988373,1
158526,1,0,0.051082734,0
158527,0,1,0.9999616,0
158528,0,1,0.93863225,0
158529,1,1,0.999984,1
158530,1,1,0.8431217,1
158531,0,1,0.9175984,0
158532,1,1,0.9810946,1
158533,1,1,0.99999917,1
158534,1,1,0.9999994,1
158535,1,0,0.07538034,0
158536,1,1,0.36738378,1
158537,0,0,0.076683804,1
158538,0,1,0.91920847,0
158539,0,0,0.07362963,1
158540,0,0,0.2692295,1
158541,1,1,1.0,1
158542,0,0,0.20079263,1
158543,1,1,0.9831176,1
158544,1,1,0.9999995,1
158545,1,1,0.9944343,1
158546,1,0,0.2673125,0
158547,1,1,0.9992461,1
158548,0,0,0.074298516,1
158549,1,0,0.23775287,0
158550,0,0,0.009196552,1
158551,1,1,0.99930406,1
158552,1,1,0.999943,1
158553,1,0,0.06941548,0
158554,1,1,0.99984944,1
158555,1,1,0.99525404,1
158556,0,0,0.24499467,1
158557,0,0,0.06250249,1
158558,1,1,0.9763782,1
158559,0,1,0.9900636,0
158560,0,0,0.009821794,1
158561,0,0,0.16906263,1
158562,1,0,0.3101195,0
158563,1,0,0.064594455,0
158564,1,1,0.98771137,1
158565,1,1,1.0,1
158566,1,0,0.081154905,0
158567,1,0,0.20142023,0
158568,0,0,0.11736965,1
158569,1,1,0.99999976,1
158570,0,0,0.08609269,1
158571,1,1,1.0,1
158572,1,1,1.0,1
158573,0,0,0.02876159,1
158574,0,1,0.999539,0
158575,0,1,0.99998116,0
158576,0,0,0.08694165,1
158577,0,1,0.94068086,0
158578,0,1,0.87514824,0
158579,1,1,0.9999982,1
158580,0,1,0.38647398,0
158581,0,0,0.30923226,1
158582,1,1,1.0,1
158583,1,1,0.77721536,1
158584,1,1,0.9999478,1
158585,1,0,0.06441766,0
158586,1,1,0.7985798,1
158587,0,1,0.741674,0
158588,0,1,0.99991214,0
158589,1,1,0.60626537,1
158590,0,0,0.23248436,1
158591,1,1,0.7711549,1
158592,1,0,0.09509706,0
158593,1,1,1.0,1
158594,0,1,1.0,0
158595,1,1,0.999977,1
158596,0,0,0.022933563,1
158597,1,1,0.9999083,1
158598,0,0,0.16640429,1
158599,1,1,0.99999905,1
158600,1,1,0.9999759,1
158601,1,0,0.3437271,0
158602,0,1,0.92114514,0
158603,0,1,0.95880854,0
158604,0,0,0.25441635,1
158605,0,1,0.5410451,0
158606,1,1,0.5015869,1
158607,1,1,0.9993487,1
158608,0,1,0.94018847,0
158609,1,1,0.6325595,1
158610,1,0,0.09585608,0
158611,0,0,0.019794779,1
158612,1,1,0.9999974,1
158613,1,0,0.051510453,0
158614,0,1,0.98782945,0
158615,0,0,0.28096148,1
158616,1,1,1.0,1
158617,0,0,0.11402278,1
158618,0,0,0.091220066,1
158619,0,0,0.044722572,1
158620,0,1,0.77424216,0
158621,1,1,0.9966365,1
158622,0,0,0.16532342,1
158623,1,1,0.95961094,1
158624,1,1,0.95388025,1
158625,1,1,0.95409465,1
158626,1,1,0.99989486,1
158627,1,1,0.9999844,1
158628,0,1,0.9905143,0
158629,1,1,0.41250056,1
158630,0,0,0.13409412,1
158631,0,1,0.49450707,0
158632,1,0,0.124798484,0
158633,0,1,0.99999726,0
158634,1,1,1.0,1
158635,0,1,0.99770385,0
158636,1,1,0.94966936,1
158637,0,0,0.1500911,1
158638,1,1,0.999049,1
158639,1,0,0.108283214,0
158640,1,1,0.88252914,1
158641,1,1,0.9957437,1
158642,0,0,0.13039611,1
158643,0,1,1.0,0
158644,0,0,0.30326733,1
158645,1,1,0.99999976,1
158646,0,0,0.0705596,1
158647,0,0,0.19246344,1
158648,1,1,0.57648236,1
158649,0,1,0.72628,0
158650,0,1,0.7521036,0
158651,0,1,0.84581506,0
158652,1,1,0.9783226,1
158653,0,1,0.60480744,0
158654,1,1,0.9999987,1
158655,0,0,0.024446366,1
158656,1,1,0.9999938,1
158657,0,0,0.10800066,1
158658,1,1,0.9994081,1
158659,1,1,0.9999783,1
158660,1,1,0.44176328,1
158661,1,1,0.9999999,1
158662,1,1,0.9996345,1
158663,0,1,0.99948573,0
158664,1,1,0.70309097,1
158665,0,1,0.9496227,0
158666,0,0,0.039379433,1
158667,1,0,0.12352412,0
158668,0,1,0.7473855,0
158669,1,1,0.40245086,1
158670,1,1,0.9978677,1
158671,0,0,0.24015035,1
158672,0,0,0.04196977,1
158673,0,1,0.9619649,0
158674,1,1,1.0,1
158675,0,1,0.9534488,0
158676,0,0,0.10999224,1
158677,0,0,0.038285997,1
158678,0,1,0.6869479,0
158679,1,1,0.7175565,1
158680,1,1,0.99998116,1
158681,0,1,0.89368117,0
158682,0,1,0.5102525,0
158683,1,0,0.044597577,0
158684,1,1,0.43113506,1
158685,0,1,0.9768687,0
158686,0,0,0.286269,1
158687,0,1,0.9999933,0
158688,1,0,0.14724834,0
158689,0,1,0.98244,0
158690,0,1,0.9984176,0
158691,1,1,0.99060565,1
158692,1,1,0.9998894,1
158693,1,0,0.10221505,0
158694,0,0,0.1768137,1
158695,1,1,0.99999976,1
158696,1,1,0.9999993,1
158697,1,1,0.9991524,1
158698,1,1,0.97267544,1
158699,1,1,0.9982692,1
158700,1,1,0.9727014,1
158701,0,1,0.7567173,0
158702,1,1,0.9998795,1
158703,1,1,0.4431184,1
158704,0,1,0.90934503,0
158705,1,1,1.0,1
158706,1,1,0.9999999,1
158707,0,0,0.20347002,1
158708,0,0,0.020665687,1
158709,0,0,0.24229527,1
158710,0,0,0.019813737,1
158711,1,1,0.9867517,1
158712,0,1,0.9572778,0
158713,1,1,0.9999995,1
158714,1,1,0.9999999,1
158715,1,1,0.9999995,1
158716,0,1,0.4574397,0
158717,0,0,0.11853807,1
158718,0,1,0.9912209,0
158719,1,0,0.22533137,0
158720,0,1,0.99885976,0
158721,1,1,1.0,1
158722,1,0,0.2757144,0
158723,0,0,0.009358114,1
158724,1,0,0.32199275,0
158725,1,1,0.904903,1
158726,0,1,1.0,0
158727,1,1,0.6325595,1
158728,0,0,0.0882686,1
158729,1,0,0.009727272,0
158730,0,1,0.9999975,0
158731,1,0,0.014700298,0
158732,1,1,0.3827469,1
158733,1,1,0.99106663,1
158734,1,1,0.98761624,1
158735,1,1,0.6890441,1
158736,1,1,0.92944044,1
158737,0,0,0.07531231,1
158738,0,0,0.016152835,1
158739,1,1,0.9977349,1
158740,0,1,1.0,0
158741,1,1,0.80509645,1
158742,0,0,0.083441176,1
158743,1,0,0.08694165,0
158744,0,1,0.6500786,0
158745,1,1,1.0,1
158746,1,1,0.5506074,1
158747,0,1,0.52908087,0
158748,1,1,0.8272706,1
158749,1,1,0.8352149,1
158750,1,1,0.9997603,1
158751,1,1,1.0,1
158752,1,1,0.9999875,1
158753,1,1,0.9999975,1
158754,1,1,0.99179614,1
158755,0,1,0.97436166,0
158756,1,1,1.0,1
158757,1,1,0.9999974,1
158758,0,0,0.07956719,1
158759,0,0,0.29477292,1
158760,0,1,0.36712846,0
158761,0,1,0.9657061,0
158762,0,0,0.1880256,1
158763,1,1,1.0,1
158764,0,1,0.9933717,0
158765,0,0,0.14792407,1
158766,0,0,0.025638297,1
158767,0,0,0.08173938,1
158768,1,1,0.37321883,1
158769,1,1,1.0,1
158770,1,0,0.069921836,0
158771,1,1,1.0,1
158772,0,1,0.35482422,0
158773,0,0,0.09782047,1
158774,0,1,0.9985619,0
158775,1,1,0.99982125,1
158776,0,0,0.024191484,1
158777,0,0,0.015573563,1
158778,1,1,0.88171685,1
158779,1,1,1.0,1
158780,1,1,0.43548134,1
158781,0,0,0.10771874,1
158782,0,1,0.70826304,0
158783,1,1,0.8474635,1
158784,0,1,0.98680264,0
158785,1,1,1.0,1
158786,1,1,0.999992,1
158787,0,0,0.08586245,1
158788,1,1,0.99999833,1
158789,1,0,0.089375086,0
158790,0,0,0.12189465,1
158791,1,1,0.99989486,1
158792,1,1,0.9896318,1
158793,0,1,0.65063375,0
158794,0,0,0.075653054,1
158795,0,1,0.86188734,0
158796,0,0,0.34737104,1
158797,0,0,0.31137452,1
158798,1,0,0.11566073,0
158799,1,1,0.9982827,1
158800,1,1,0.9999691,1
158801,0,0,0.023021257,1
158802,0,0,0.2817019,1
158803,0,0,0.26702574,1
158804,1,1,0.99998987,1
158805,1,0,0.13145173,0
158806,0,0,0.049681153,1
158807,1,1,0.9129808,1
158808,1,1,0.9989718,1
158809,1,1,0.99918,1
158810,1,1,0.6947688,1
158811,1,1,0.9999511,1
158812,1,1,0.7576151,1
158813,1,1,0.97957015,1
158814,1,1,1.0,1
158815,0,1,0.93367314,0
158816,0,0,0.12592277,1
158817,0,1,0.99968493,0
158818,1,1,0.9999993,1
158819,1,1,0.99999726,1
158820,0,0,0.08471965,1
158821,0,0,0.056288198,1
158822,1,1,0.9984053,1
158823,1,1,0.95226437,1
158824,0,0,0.13580413,1
158825,0,0,0.09816574,1
158826,1,0,0.11114469,0
158827,1,1,0.9174507,1
158828,0,0,0.08555635,1
158829,1,0,0.0762012,0
158830,0,0,0.26189682,1
158831,0,0,0.12683924,1
158832,1,1,1.0,1
158833,1,0,0.10622612,0
158834,1,1,0.99971753,1
158835,0,1,0.9981969,0
158836,0,1,0.99719363,0
158837,1,1,0.9985221,1
158838,1,1,0.99997807,1
158839,0,1,0.9998859,0
158840,0,0,0.10194652,1
158841,1,1,0.8967045,1
158842,1,1,1.0,1
158843,0,1,0.99213856,0
158844,0,1,0.73225695,0
158845,0,0,0.08555635,1
158846,0,1,0.9285385,0
158847,1,1,0.9999274,1
158848,0,1,0.9474297,0
158849,0,1,0.99996257,0
158850,0,1,1.0,0
158851,1,0,0.1949802,0
158852,1,1,0.999997,1
158853,1,0,0.01510165,0
158854,1,1,0.9999894,1
158855,1,1,0.9241418,1
158856,1,1,0.9999932,1
158857,0,0,0.02784845,1
158858,1,1,0.8967949,1
158859,1,0,0.010735163,0
158860,0,1,1.0,0
158861,0,0,0.058185086,1
158862,0,0,0.058292214,1
158863,1,1,0.9124362,1
158864,0,1,0.7774689,0
158865,0,0,0.17300858,1
158866,1,0,0.17731173,0
158867,1,1,0.99969935,1
158868,1,1,0.9506406,1
158869,1,1,0.99996173,1
158870,1,1,0.8401279,1
158871,0,0,0.07992553,1
158872,0,0,0.090735495,1
158873,0,0,0.18967113,1
158874,1,0,0.045141645,0
158875,1,0,0.10230471,0
158876,1,1,0.4609561,1
158877,0,1,0.85931,0
158878,0,1,0.99793327,0
158879,0,0,0.06687324,1
158880,0,0,0.18169841,1
158881,0,0,0.19728975,1
158882,1,1,0.7255514,1
158883,0,1,0.97381955,0
158884,0,1,0.9999962,0
158885,1,1,1.0,1
158886,1,1,0.99937975,1
158887,0,1,0.736211,0
158888,0,1,0.8251675,0
158889,1,1,0.9999993,1
158890,0,1,0.9983158,0
158891,1,0,0.3256814,0
158892,0,1,0.85729086,0
158893,1,1,0.90481883,1
158894,0,1,0.9986827,0
158895,0,0,0.23170112,1
158896,0,0,0.068975195,1
158897,0,0,0.035779487,1
158898,1,1,0.99997675,1
158899,0,1,0.99993944,0
158900,0,0,0.022889841,1
158901,1,1,0.9428234,1
158902,1,1,0.9906961,1
158903,0,1,0.65373504,0
158904,1,1,0.99308276,1
158905,0,1,0.9420286,0
158906,0,1,0.47944275,0
158907,0,1,0.9994937,0
158908,0,0,0.029118354,1
158909,0,1,0.8763172,0
158910,0,0,0.05597775,1
158911,0,0,0.19759926,1
158912,0,0,0.3427915,1
158913,0,1,0.99036634,0
158914,1,1,0.9999981,1
158915,0,0,0.011441684,1
158916,0,1,0.9982893,0
158917,0,1,0.8326453,0
158918,0,1,0.9646226,0
158919,1,1,0.9989434,1
158920,0,0,0.22422528,1
158921,0,1,0.9555686,0
158922,0,0,0.012845958,1
158923,1,1,0.9999975,1
158924,1,1,0.9999993,1
158925,0,1,0.742048,0
158926,1,0,0.10585582,0
158927,0,1,0.50768983,0
158928,0,0,0.15713686,1
158929,1,0,0.048092045,0
158930,1,1,0.9999814,1
158931,1,0,0.04650795,0
158932,0,0,0.039564554,1
158933,0,0,0.16572809,1
158934,0,1,0.9994956,0
158935,1,1,0.9889492,1
158936,1,1,0.8890481,1
158937,1,1,0.8697146,1
158938,1,1,0.9933072,1
158939,1,1,0.54698014,1
158940,0,1,0.52208036,0
158941,1,1,0.99991214,1
158942,0,0,0.07885492,1
158943,0,0,0.12226098,1
158944,1,1,1.0,1
158945,1,1,0.70977414,1
158946,1,1,1.0,1
158947,0,1,0.99990904,0
158948,1,0,0.004093958,0
158949,0,0,0.07661468,1
158950,0,0,0.07978202,1
158951,1,1,0.929951,1
158952,0,0,0.037856847,1
158953,0,1,0.6215983,0
158954,0,1,0.9939731,0
158955,1,0,0.09260568,0
158956,0,1,0.99880743,0
158957,0,1,0.999332,0
158958,0,1,0.7992857,0
158959,1,1,0.8702668,1
158960,1,1,0.6602272,1
158961,0,0,0.021635992,1
158962,1,1,0.9140609,1
158963,1,1,0.5672176,1
158964,0,1,0.7175565,0
158965,1,1,0.9999994,1
158966,0,0,0.20995522,1
158967,1,1,1.0,1
158968,1,1,0.99999714,1
158969,0,0,0.05122493,1
158970,1,1,1.0,1
158971,1,1,1.0,1
158972,1,1,0.9922444,1
158973,1,1,0.99999523,1
158974,1,1,0.9972262,1
158975,1,1,0.9999634,1
158976,1,1,0.99986863,1
158977,1,1,0.98780584,1
158978,0,0,0.10687689,1
158979,1,0,0.10604083,0
158980,0,0,0.049130786,1
158981,1,1,0.9924521,1
158982,0,0,0.06325052,1
158983,1,1,0.9986802,1
158984,0,1,0.9998535,0
158985,1,1,0.50573707,1
158986,0,0,0.28656837,1
158987,1,1,1.0,1
158988,1,1,0.9647889,1
158989,0,0,0.27192786,1
158990,1,1,1.0,1
158991,1,0,0.24256429,0
158992,1,0,0.11056715,0
158993,1,0,0.09696201,0
158994,1,0,0.074500255,0
158995,0,0,0.13992442,1
158996,1,1,0.92482364,1
158997,0,1,0.70684856,0
158998,1,1,0.79182106,1
158999,0,0,0.20087102,1
159000,1,1,1.0,1
159001,0,1,0.96050966,0
159002,0,0,0.06418264,1
159003,0,0,0.058078144,1
159004,1,1,0.91173136,1
159005,1,1,0.9999999,1
159006,1,1,0.6210239,1
159007,0,0,0.05823863,1
159008,1,1,0.8601343,1
159009,1,1,1.0,1
159010,0,1,0.99901116,0
159011,1,0,0.027690258,0
159012,1,0,0.31747916,0
159013,1,1,0.99952257,1
159014,1,1,1.0,1
159015,1,1,0.9999994,1
159016,1,1,1.0,1
159017,1,1,0.96171397,1
159018,1,1,1.0,1
159019,1,1,1.0,1
159020,1,0,0.31737337,0
159021,1,1,0.9999924,1
159022,1,0,0.3317148,0
159023,1,0,0.020371297,0
159024,0,0,0.3150507,1
159025,1,1,0.99997556,1
159026,1,1,0.48383135,1
159027,0,0,0.017593754,1
159028,1,1,0.55694187,1
159029,1,1,1.0,1
159030,1,1,0.99967813,1
159031,1,1,0.99974483,1
159032,0,0,0.063714996,1
159033,1,1,0.9999994,1
159034,0,0,0.14854057,1
159035,0,0,0.1284158,1
159036,0,1,0.954393,0
159037,1,0,0.038178273,0
159038,1,1,0.9999982,1
159039,0,1,0.9999993,0
159040,0,0,0.19238758,1
159041,0,0,0.12721826,1
159042,1,1,0.9999999,1
159043,0,0,0.08240149,1
159044,0,1,0.6783802,0
159045,1,1,1.0,1
159046,0,1,0.98922324,0
159047,1,1,0.99724233,1
159048,1,1,0.99999976,1
159049,1,1,0.99999905,1
159050,0,0,0.15687834,1
159051,1,0,0.0005233757,0
159052,1,1,0.99997926,1
159053,0,1,0.8702668,0
159054,0,1,0.3736187,0
159055,0,0,0.14128143,1
159056,0,0,0.32487765,1
159057,1,1,1.0,1
159058,1,1,0.9034647,1
159059,1,0,0.31997073,0
159060,0,1,0.9512329,0
159061,1,1,0.9878528,1
159062,1,0,0.25543654,0
159063,1,0,0.13028543,0
159064,0,1,0.4285024,0
159065,1,1,0.9713746,1
159066,1,0,0.04505753,0
159067,0,1,0.6280653,0
159068,1,1,0.38413212,1
159069,0,1,0.76304257,0
159070,0,0,0.20087102,1
159071,1,1,1.0,1
159072,1,1,0.9627432,1
159073,1,1,0.9968087,1
159074,0,0,0.030763038,1
159075,0,1,0.71963,0
159076,1,1,1.0,1
159077,0,1,0.37521982,0
159078,1,1,0.5988988,1
159079,0,1,0.8393393,0
159080,0,0,0.2631731,1
159081,1,1,0.99995637,1
159082,0,1,0.6538456,0
159083,1,1,0.45465374,1
159084,0,0,0.052327625,1
159085,0,1,0.70022905,0
159086,0,1,0.47058454,0
159087,0,1,0.80609053,0
159088,1,1,0.9999907,1
159089,1,1,1.0,1
159090,0,0,0.14330755,1
159091,1,1,1.0,1
159092,1,1,0.9999913,1
159093,0,0,0.17196317,1
159094,1,1,0.99999976,1
159095,0,1,0.61630094,0
159096,0,1,1.0,0
159097,0,1,0.98524296,0
159098,1,1,0.8581252,1
159099,0,1,0.9998907,0
159100,1,1,0.99780875,1
159101,1,0,0.25935638,0
159102,0,0,0.0018821858,1
159103,0,0,0.029675618,1
159104,1,1,0.87599933,1
159105,1,1,0.9432954,1
159106,1,1,0.36122105,1
159107,0,1,0.8583628,0
159108,0,1,0.48087484,0
159109,1,1,0.99998987,1
159110,0,1,0.3911152,0
159111,0,0,0.06644793,1
159112,1,1,0.8662457,1
159113,0,0,0.32815254,1
159114,0,1,0.3545448,0
159115,1,1,0.930395,1
159116,1,0,0.10585582,0
159117,0,1,0.5556161,0
159118,1,0,0.116411984,0
159119,0,0,0.23144047,1
159120,1,1,0.9776072,1
159121,0,1,0.9603984,0
159122,0,0,0.003794834,1
159123,1,0,0.22575781,0
159124,0,1,0.99959785,0
159125,0,0,0.21337716,1
159126,0,0,0.15694293,1
159127,1,1,0.9993625,1
159128,1,1,0.42119464,1
159129,0,1,0.43899563,0
159130,0,0,0.26369417,1
159131,1,0,0.27576312,0
159132,0,0,0.005080037,1
159133,1,0,0.15354916,0
159134,1,1,0.47785872,1
159135,0,1,0.99997056,0
159136,1,0,0.23292027,0
159137,0,0,0.033684738,1
159138,0,0,0.0610871,1
159139,1,1,0.8864204,1
159140,1,1,1.0,1
159141,0,1,0.99975556,0
159142,0,0,0.22042635,1
159143,1,1,0.9999988,1
159144,1,1,0.97573924,1
159145,0,0,0.05797139,1
159146,1,1,0.9999517,1
159147,0,1,0.9996395,0
159148,1,1,0.9716448,1
159149,1,1,0.99999,1
159150,1,1,1.0,1
159151,0,1,0.91157407,0
159152,1,1,1.0,1
159153,1,1,0.99989843,1
159154,1,1,0.9996574,1
159155,1,1,0.9999764,1
159156,0,1,0.9999999,0
159157,0,1,0.63482636,0
159158,1,0,0.14205328,0
159159,1,1,0.99920374,1
159160,1,0,0.079068,0
159161,1,1,0.9999994,1
159162,0,0,0.018387254,1
159163,1,0,0.33187717,0
159164,0,1,0.9567556,0
159165,0,0,0.069921836,1
159166,1,1,0.9944988,1
159167,1,0,0.050564528,0
159168,0,1,0.9925249,0
159169,0,1,0.6778473,0
159170,0,1,0.99458355,0
159171,1,1,0.45713675,1
159172,0,1,0.74562997,0
159173,0,0,0.113383114,1
159174,1,1,0.9911527,1
159175,0,1,0.8413048,0
159176,1,1,1.0,1
159177,1,1,1.0,1
159178,1,1,0.69466525,1
159179,0,0,0.15539862,1
159180,1,0,0.074635044,0
159181,0,0,0.037999377,1
159182,0,0,0.10673714,1
159183,1,1,0.9972045,1
159184,1,1,0.9999999,1
159185,1,1,0.4497249,1
159186,1,0,0.06669065,0
159187,1,1,1.0,1
159188,0,0,0.10951515,1
159189,1,1,1.0,1
159190,0,0,0.1201288,1
159191,0,1,0.4645979,0
159192,1,0,0.017442483,0
159193,0,1,0.5219585,0
159194,0,0,0.016801614,1
159195,1,1,1.0,1
159196,0,1,0.99839276,0
159197,0,0,0.3094409,1
159198,1,0,0.24953869,0
159199,0,1,0.43731278,0
159200,0,0,0.22746935,1
159201,0,0,0.16371268,1
159202,1,1,0.4993591,1
159203,1,1,0.962356,1
159204,1,1,0.4015998,1
159205,0,1,0.9981828,0
159206,1,1,1.0,1
159207,0,0,0.2115797,1
159208,1,1,0.91957027,1
159209,1,1,0.9993333,1
159210,0,0,0.17738298,1
159211,1,1,0.9770445,1
159212,1,0,0.13857834,0
159213,0,1,0.38986588,0
159214,1,1,0.99368566,1
159215,0,0,0.055566337,1
159216,1,0,0.01533582,0
159217,1,1,0.99592197,1
159218,1,1,0.9999999,1
159219,1,1,0.45519862,1
159220,0,1,0.8611883,0
159221,1,1,0.8806945,1
159222,0,1,0.38219908,0
159223,1,1,0.99987066,1
159224,1,1,0.99993813,1
159225,1,1,0.9988752,1
159226,1,0,0.04747001,0
159227,0,0,0.16913125,1
159228,1,1,0.9999931,1
159229,0,0,0.07329728,1
159230,1,1,0.9959378,1
159231,1,1,0.9999888,1
159232,1,1,0.9999999,1
159233,0,0,0.12678519,1
159234,0,0,0.09602549,1
159235,1,1,1.0,1
159236,0,1,0.62274617,0
159237,1,1,1.0,1
159238,1,1,0.9999753,1
159239,1,1,1.0,1
159240,1,1,0.9999682,1
159241,0,1,0.99989927,0
159242,1,1,0.9999999,1
159243,0,1,0.37607875,0
159244,0,1,0.9999924,0
159245,0,1,0.9999981,0
159246,0,1,0.44495666,0
159247,1,1,0.9997851,1
159248,1,1,0.99990046,1
159249,1,0,0.18513553,0
159250,1,1,1.0,1
159251,1,1,0.99967754,1
159252,0,1,0.3955427,0
159253,1,1,1.0,1
159254,1,1,1.0,1
159255,1,1,1.0,1
159256,1,1,1.0,1
159257,1,1,0.6932134,1
159258,1,1,0.98782945,1
159259,0,0,0.014672034,1
159260,1,1,0.9999999,1
159261,0,1,0.35756752,0
159262,0,0,0.15412119,1
159263,0,0,0.050705362,1
159264,0,0,0.12716407,1
159265,0,0,0.056913942,1
159266,0,1,0.5984882,0
159267,0,1,0.91228,0
159268,1,1,0.6091173,1
159269,0,1,0.7343577,0
159270,1,0,0.0061689946,0
159271,1,1,0.97786224,1
159272,0,0,0.035644967,1
159273,0,0,0.08977329,1
159274,0,1,0.9668514,0
159275,0,0,0.053058814,1
159276,0,0,0.028870905,1
159277,1,1,0.9360516,1
159278,1,1,1.0,1
159279,1,0,0.3024941,0
159280,0,0,0.011050794,1
159281,1,1,0.99425864,1
159282,1,1,0.9996886,1
159283,0,1,0.9530133,0
159284,0,0,0.03760863,1
159285,0,1,0.59502196,0
159286,1,1,0.99999964,1
159287,0,1,0.53400505,0
159288,0,1,0.99956864,0
159289,0,1,0.97949183,0
159290,1,0,0.014309456,0
159291,1,1,0.41914263,1
159292,0,1,0.9900058,0
159293,1,1,0.4497853,1
159294,1,0,0.1256543,0
159295,0,0,0.09653531,1
159296,1,1,1.0,1
159297,0,0,0.064771704,1
159298,1,1,0.9997843,1
159299,0,1,0.9969126,0
159300,1,0,0.061875977,0
159301,1,0,0.20665379,0
159302,1,1,0.9959849,1
159303,0,0,0.030792164,1
159304,0,1,0.6774207,0
159305,1,1,0.9999981,1
159306,0,0,0.1538032,1
159307,0,0,0.020864256,1
159308,1,1,0.7833262,1
159309,1,0,0.118998006,0
159310,1,1,0.9898499,1
159311,0,0,0.26020142,1
159312,0,1,0.9999398,0
159313,1,1,0.7826625,1
159314,1,1,1.0,1
159315,0,1,0.5061032,0
159316,0,0,0.33020115,1
159317,1,0,0.021906365,0
159318,0,1,0.8940517,0
159319,1,1,0.9999994,1
159320,1,1,0.99999976,1
159321,1,1,1.0,1
159322,0,1,0.964822,0
159323,1,0,0.009250096,0
159324,0,1,0.8431217,0
159325,0,0,0.2639787,1
159326,1,1,0.9999988,1
159327,1,1,0.99877447,1
159328,0,1,0.844409,0
159329,1,1,1.0,1
159330,0,0,0.317585,1
159331,1,1,0.9889064,1
159332,1,1,0.9956006,1
159333,1,0,0.34908882,0
159334,1,1,0.9390248,1
159335,0,0,0.04196977,1
159336,1,1,0.35987014,1
159337,0,0,0.34218672,1
159338,1,1,0.9957848,1
159339,1,1,0.41747925,1
159340,1,0,0.17238072,0
159341,0,0,0.0551069,1
159342,1,1,0.98175323,1
159343,1,0,0.21992333,0
159344,0,1,0.68378913,0
159345,0,1,0.9977482,0
159346,1,1,0.9999814,1
159347,0,0,0.09999631,1
159348,1,1,0.9999943,1
159349,0,1,0.3981724,0
159350,1,1,0.9998253,1
159351,0,0,0.074298516,1
159352,0,0,0.1328517,1
159353,0,0,0.08291986,1
159354,0,1,0.99978846,0
159355,1,0,0.1320102,0
159356,1,1,1.0,1
159357,0,0,0.08834723,1
159358,1,0,0.22910374,0
159359,1,1,1.0,1
159360,1,1,1.0,1
159361,1,1,0.6788062,1
159362,1,1,1.0,1
159363,0,1,0.81047887,0
159364,0,0,0.23934935,1
159365,1,1,0.99976856,1
159366,0,0,0.22109832,1
159367,0,0,0.042009052,1
159368,1,1,1.0,1
159369,0,0,0.044348583,1
159370,0,1,0.99550545,0
159371,0,1,0.9974738,0
159372,1,0,0.04169577,0
159373,1,1,1.0,1
159374,1,1,0.9967524,1
159375,0,0,0.013532148,1
159376,0,1,0.86849254,0
159377,0,0,0.045437217,1
159378,0,0,0.0140907345,1
159379,0,1,0.6104535,0
159380,1,0,0.21766995,0
159381,1,1,0.9999999,1
159382,1,1,0.5211056,1
159383,0,1,1.0,0
159384,0,1,0.9999964,0
159385,0,1,0.7552762,0
159386,0,1,0.754915,0
159387,0,0,0.090735495,1
159388,0,1,0.9968149,0
159389,0,0,0.22669801,1
159390,1,1,0.9999958,1
159391,1,1,0.99914575,1
159392,0,1,0.98623115,0
159393,1,1,0.9999999,1
159394,1,1,0.999666,1
159395,1,0,0.13614833,0
159396,0,0,0.00324136,1
159397,0,0,0.057018865,1
159398,0,0,0.2043419,1
159399,1,1,0.99995184,1
159400,1,1,0.8143483,1
159401,1,1,0.99888617,1
159402,0,0,0.014559519,1
159403,1,0,0.082549304,0
159404,0,0,0.23022676,1
159405,1,1,0.9999914,1
159406,1,1,0.99999976,1
159407,1,0,0.31552505,0
159408,0,0,0.12189465,1
159409,0,0,0.10762492,1
159410,1,0,0.11367794,0
159411,0,1,0.9092645,0
159412,1,1,0.7765382,1
159413,1,1,0.42691875,1
159414,0,0,0.05103542,1
159415,1,1,0.99999595,1
159416,0,1,0.3973829,0
159417,0,0,0.15804437,1
159418,1,0,0.016183903,0
159419,0,1,0.9987081,0
159420,1,1,0.66622543,1
159421,1,0,0.30239108,0
159422,1,1,1.0,1
159423,0,0,0.19444428,1
159424,1,1,0.99999976,1
159425,1,1,0.99999404,1
159426,1,0,0.08525123,0
159427,1,1,0.3863582,1
159428,1,0,0.2616138,0
159429,1,1,0.9999999,1
159430,1,1,1.0,1
159431,1,1,0.99999213,1
159432,1,1,0.99999857,1
159433,0,0,0.015043661,1
159434,1,1,1.0,1
159435,1,1,0.660008,1
159436,1,1,0.99975747,1
159437,0,0,0.25173965,1
159438,0,0,0.33212084,1
159439,0,0,0.13117322,1
159440,1,1,0.9982759,1
159441,1,1,0.99937123,1
159442,0,1,0.6893579,0
159443,1,1,0.9992693,1
159444,0,1,0.99772614,0
159445,0,1,0.6873677,0
159446,0,1,0.5013428,0
159447,1,0,0.07290027,0
159448,1,0,0.1187934,0
159449,0,1,0.55217755,0
159450,1,1,0.46979392,1
159451,0,1,1.0,0
159452,0,1,0.53728414,0
159453,1,1,0.999959,1
159454,1,1,0.943919,1
159455,1,1,0.9775644,1
159456,0,1,0.99630713,0
159457,1,0,0.1791712,0
159458,1,1,0.79597545,1
159459,1,0,0.32912216,0
159460,1,1,0.47079742,1
159461,0,1,0.98667485,0
159462,0,1,0.9741658,0
159463,0,0,0.041539967,1
159464,1,0,0.096705794,0
159465,0,0,0.034456022,1
159466,0,1,0.9984176,0
159467,1,0,0.12506539,0
159468,1,1,0.99995863,1
159469,1,0,0.28912073,0
159470,0,0,0.054600604,1
159471,1,1,0.47819373,1
159472,0,1,0.9557341,0
159473,1,1,1.0,1
159474,0,0,0.18017878,1
159475,1,1,0.95013416,1
159476,1,1,0.8100285,1
159477,0,1,0.9987257,0
159478,0,0,0.21428008,1
159479,0,1,0.97142875,0
159480,0,0,0.18520921,1
159481,1,1,0.9535786,1
159482,1,0,0.23144047,0
159483,1,1,0.9747491,1
159484,1,1,0.9999999,1
159485,1,1,0.8050198,1
159486,0,0,0.2693256,1
159487,1,1,0.9905143,1
159488,0,0,0.05103542,1
159489,1,1,1.0,1
159490,0,1,0.9999976,0
159491,1,0,0.12721826,0
159492,0,1,0.8175745,0
159493,1,1,0.64360934,1
159494,0,0,0.24853417,1
159495,0,0,0.09178833,1
159496,1,1,0.91352236,1
159497,0,0,0.074365705,1
159498,1,1,0.5279859,1
159499,0,0,0.1056711,1
159500,0,1,0.98961186,0
159501,0,1,0.45983407,0
159502,0,0,0.08787644,1
159503,0,0,0.095518075,1
159504,1,0,0.08969352,0
159505,0,0,0.018475594,1
159506,1,1,0.9988418,1
159507,1,1,0.9999999,1
159508,1,1,0.858244,1
159509,0,0,0.1375904,1
159510,0,1,0.9999435,0
159511,1,1,0.9974934,1
159512,1,1,0.7669051,1
159513,1,1,0.9999987,1
159514,0,1,0.45168924,0
159515,1,1,0.7303861,1
159516,0,1,0.97786224,0
159517,0,1,0.99995613,0
159518,1,1,1.0,1
159519,0,1,0.7483983,0
159520,1,1,1.0,1
159521,1,1,0.99999213,1
159522,1,1,0.45853055,1
159523,0,1,0.92944044,0
159524,0,0,0.0028449094,1
159525,0,1,0.6785932,0
159526,1,1,0.99999964,1
159527,0,0,0.06910072,1
159528,1,1,0.99999976,1
159529,1,1,0.9999999,1
159530,1,1,1.0,1
159531,0,1,0.8290772,0
159532,1,0,0.095265254,0
159533,0,1,0.9841851,0
159534,1,1,0.99998534,1
159535,0,0,0.024237636,1
159536,1,1,0.9988167,1
159537,1,1,0.9267028,1
159538,0,0,0.045991033,1
159539,0,0,0.10715685,1
159540,0,0,0.055515114,1
159541,0,0,0.04300264,1
159542,1,0,0.30606017,0
159543,1,0,0.23731071,0
159544,1,0,0.12121686,0
159545,0,1,0.6277801,0
159546,0,1,0.9627432,0
159547,0,0,0.061480366,1
159548,0,0,0.089933,1
159549,1,1,1.0,1
159550,0,1,1.0,0
159551,1,0,0.04716187,0
159552,1,1,0.9774355,1
159553,0,1,0.99999297,0
159554,1,1,0.9999981,1
159555,0,0,0.008694533,1
159556,1,1,0.999961,1
159557,0,0,0.21354114,1
159558,1,1,0.9999945,1
159559,1,1,0.9986249,1
159560,1,0,0.10356715,0
159561,0,0,0.20930803,1
159562,1,0,0.020508163,0
159563,1,1,0.858244,1
159564,1,1,0.736211,1
159565,0,0,0.10631887,1
159566,1,0,0.067546695,0
159567,0,1,0.97792566,0
159568,0,1,0.97881407,0
159569,1,1,0.9998691,1
159570,0,1,0.7165658,0
159571,1,0,0.238107,0
159572,1,1,0.5664383,1
159573,0,0,0.01083937,1
159574,1,1,0.99983203,1
159575,1,1,0.9999151,1
159576,0,1,0.4414924,0
159577,1,1,0.54461974,1
159578,1,1,0.99998355,1
159579,0,0,0.14110379,1
159580,1,1,0.9999974,1
159581,0,0,0.073098525,1
159582,1,1,0.41679662,1
159583,1,1,1.0,1
159584,1,1,0.99743915,1
159585,0,1,0.5062863,0
159586,1,1,0.9935743,1
159587,0,1,0.9948902,0
159588,0,1,0.81655276,0
159589,1,0,0.28746766,0
159590,1,1,0.9981541,1
159591,1,1,0.69238204,1
159592,1,1,1.0,1
159593,1,1,1.0,1
159594,1,1,0.6461812,1
159595,1,0,0.18705842,0
159596,1,0,0.007815888,0
159597,1,1,0.99999475,1
159598,1,1,0.9999548,1
159599,0,0,0.06910072,1
159600,0,1,0.7401274,0
159601,0,1,0.94287604,0
159602,1,1,0.99998975,1
159603,1,1,0.9996222,1
159604,1,0,0.13318956,0
159605,1,1,1.0,1
159606,1,1,0.99567693,1
159607,1,1,0.9657707,1
159608,0,0,0.053353984,1
159609,0,1,0.941493,0
159610,0,1,0.99991965,0
159611,1,0,0.19406216,0
159612,1,1,1.0,1
159613,1,0,0.14330755,0
159614,1,1,0.53594863,1
159615,0,1,1.0,0
159616,1,1,0.99921906,1
159617,1,1,1.0,1
159618,1,1,0.99999964,1
159619,0,1,0.7675156,0
159620,0,1,0.9956176,0
159621,1,1,0.9995426,1
159622,0,1,0.90312344,0
159623,0,0,0.18061194,1
159624,1,1,0.9999896,1
159625,0,1,1.0,0
159626,0,1,0.67012274,0
159627,0,0,0.061143138,1
159628,1,1,0.9924521,1
159629,1,1,0.9999999,1
159630,0,0,0.23022676,1
159631,1,1,0.99999905,1
159632,0,1,0.43950677,0
159633,0,1,0.99936754,0
159634,0,1,0.51561993,0
159635,1,1,0.7751796,1
159636,0,0,0.014475689,1
159637,1,0,0.094176665,0
159638,1,1,0.9999989,1
159639,0,0,0.23669264,1
159640,0,1,0.85931,0
159641,1,1,0.96069443,1
159642,0,0,0.07971035,1
159643,0,1,0.51793665,0
159644,1,1,0.7672542,1
159645,0,1,0.9999374,0
159646,0,1,0.48328263,0
159647,1,1,0.99998665,1
159648,1,0,0.13712755,0
159649,1,1,0.9908744,1
159650,0,0,0.06412401,1
159651,1,1,0.9999865,1
159652,0,1,0.99996495,0
159653,0,1,0.99999976,0
159654,1,1,0.9781563,1
159655,0,0,0.12770702,1
159656,1,1,0.9999502,1
159657,0,1,0.9961681,0
159658,0,0,0.046464663,1
159659,0,0,0.064653486,1
159660,0,0,0.17596246,1
159661,1,1,1.0,1
159662,0,1,0.91006696,0
159663,0,1,0.46219996,0
159664,1,1,0.9923044,1
159665,1,1,1.0,1
159666,0,0,0.04569203,1
159667,1,1,0.997065,1
159668,0,0,0.031055551,1
159669,1,1,0.9992679,1
159670,0,1,0.7421415,0
159671,1,1,0.9999999,1
159672,0,1,0.76038384,0
159673,0,1,0.70947224,0
159674,1,0,0.34847882,0
159675,1,0,0.13111758,0
159676,1,1,0.98685336,1
159677,0,0,0.29777616,1
159678,1,1,1.0,1
159679,0,1,1.0,0
159680,1,1,1.0,1
159681,1,1,0.9234544,1
159682,1,1,0.99997413,1
159683,0,0,0.29138398,1
159684,0,0,0.26635727,1
159685,1,1,0.9675638,1
159686,1,1,0.9958175,1
159687,1,1,0.96691406,1
159688,1,1,0.8716935,1
159689,0,0,0.10530251,1
159690,0,0,0.022392828,1
159691,1,1,1.0,1
159692,0,0,0.020332353,1
159693,0,1,0.35779187,0
159694,0,0,0.09033343,1
159695,0,1,0.8398654,0
159696,0,0,0.20858167,1
159697,0,1,0.99601597,0
159698,1,1,0.98546845,1
159699,0,0,0.34964374,1
159700,0,1,0.38242972,0
159701,0,0,0.07243961,1
159702,1,0,0.09113915,0
159703,1,1,0.6589115,1
159704,1,1,0.9480103,1
159705,1,1,0.9996395,1
159706,1,1,0.99979657,1
159707,0,0,0.16572809,1
159708,0,1,0.89442116,0
159709,0,0,0.28259197,1
159710,0,0,0.11661302,1
159711,1,0,0.08678673,0
159712,1,1,0.9999629,1
159713,0,1,0.41955876,0
159714,0,1,0.42354742,0
159715,0,0,0.03989989,1
159716,0,1,0.9999882,0
159717,0,0,0.0047183693,1
159718,1,0,0.18772759,0
159719,1,1,0.91920847,1
159720,1,0,0.050705362,0
159721,0,1,0.89634216,0
159722,1,1,0.6440572,1
159723,0,1,0.9998198,0
159724,1,1,0.99983203,1
159725,1,1,0.9982692,1
159726,1,1,0.9090225,1
159727,1,1,0.75757027,1
159728,1,1,0.9946774,1
159729,1,1,0.9999981,1
159730,1,0,0.21231367,0
159731,0,1,0.99879336,0
159732,1,0,0.34737104,0
159733,0,1,0.70063883,0
159734,1,1,0.91550726,1
159735,0,0,0.088425905,1
159736,0,1,0.73829186,0
159737,0,1,0.8812066,0
159738,0,1,0.9999511,0
159739,1,1,0.9993749,1
159740,0,0,0.09033343,1
159741,1,1,0.96697646,1
159742,0,1,0.81077874,0
159743,0,0,0.06632688,1
159744,1,1,0.9999696,1
159745,0,1,0.99999976,0
159746,1,0,0.053058814,0
159747,1,1,0.99700147,1
159748,0,1,1.0,0
159749,0,0,0.16145241,1
159750,0,1,0.9872528,0
159751,0,0,0.11279541,1
159752,1,1,1.0,1
159753,1,1,0.5745738,1
159754,1,1,0.9698712,1
159755,1,1,0.99951875,1
159756,0,1,0.5200698,0
159757,1,1,0.99543506,1
159758,1,1,1.0,1
159759,0,1,0.3579602,0
159760,1,1,0.9874236,1
159761,1,0,0.009559399,0
159762,1,1,0.40942743,1
159763,0,1,0.5691942,0
159764,1,1,1.0,1
159765,0,1,0.7239442,0
159766,0,0,0.04836099,1
159767,1,1,0.78108025,1
159768,0,0,0.020725062,1
159769,1,0,0.06506812,0
159770,1,1,0.99854493,1
159771,1,1,0.9567152,1
159772,0,1,0.8795612,0
159773,1,1,0.55844736,1
159774,0,1,0.9968273,0
159775,0,1,0.5851011,0
159776,1,1,0.99999976,1
159777,1,0,0.24589899,0
159778,1,1,0.858244,1
159779,1,1,0.9999759,1
159780,1,1,0.99941957,1
159781,1,0,0.02578508,0
159782,0,1,0.8974259,0
159783,0,0,0.22465022,1
159784,0,0,0.14258969,1
159785,0,0,0.029063188,1
159786,1,1,1.0,1
159787,0,0,0.068288535,1
159788,0,0,0.093512304,1
159789,0,0,0.014587567,1
159790,0,0,0.0703677,1
159791,1,0,0.021553464,0
159792,1,1,0.6172243,1
159793,1,1,1.0,1
159794,1,1,0.9752254,1
159795,0,1,0.9861247,0
159796,0,0,0.049039625,1
159797,1,1,0.99999154,1
159798,0,1,0.99926645,0
159799,0,0,0.04020025,1
159800,1,0,0.083142914,0
159801,1,1,0.8698252,1
159802,1,1,0.99664956,1
159803,0,0,0.004573864,1
159804,1,1,1.0,1
159805,0,0,0.11930549,1
159806,0,1,0.9269014,0
159807,0,0,0.20979328,1
159808,1,1,1.0,1
159809,1,1,0.9999974,1
159810,1,1,0.99999964,1
159811,0,1,0.9822366,0
159812,1,0,0.16830944,0
159813,1,1,0.7576599,1
159814,0,0,0.06785488,1
159815,0,0,0.042166542,1
159816,0,1,0.9457011,0
159817,1,1,0.99861956,1
159818,1,1,0.99995637,1
159819,0,0,0.113383114,1
159820,1,1,0.9173767,1
159821,0,0,0.069921836,1
159822,1,1,0.99879104,1
159823,1,1,0.6608841,1
159824,1,0,0.0830685,0
159825,0,1,1.0,0
159826,0,1,0.3561667,0
159827,1,1,0.98846966,1
159828,0,0,0.25128007,1
159829,0,1,0.5644586,0
159830,1,0,0.09509706,0
159831,0,0,0.017275905,1
159832,1,1,1.0,1
159833,1,1,0.99999607,1
159834,1,1,0.99999607,1
159835,1,1,0.9709919,1
159836,0,0,0.012649318,1
159837,1,1,0.4802349,1
159838,1,1,0.7803279,1
159839,0,0,0.04189131,1
159840,0,0,0.04881241,1
159841,1,1,0.94544977,1
159842,1,1,0.99994934,1
159843,0,0,0.06255973,1
159844,1,1,0.46041018,1
159845,1,0,0.016561339,0
159846,0,1,0.9977743,0
159847,0,1,0.99994004,0
159848,1,1,0.99999774,1
159849,0,0,0.18432663,1
159850,0,0,0.020527788,1
159851,1,1,0.99988496,1
159852,1,1,1.0,1
159853,0,1,0.99108386,0
159854,0,0,0.116814375,1
159855,0,1,0.9997086,0
159856,0,1,0.98922324,0
159857,0,1,0.38387227,0
159858,1,1,0.9999974,1
159859,0,1,0.5615755,0
159860,0,1,0.8830344,0
159861,1,0,0.045268096,0
159862,1,1,0.4334418,1
159863,1,1,0.99835795,1
159864,1,0,0.1524734,0
159865,0,1,0.97852874,0
159866,0,0,0.061480366,1
159867,1,1,1.0,1
159868,1,1,0.9894907,1
159869,1,1,0.9997739,1
159870,1,1,0.99999845,1
159871,0,1,0.6401298,0
159872,0,0,0.07999737,1
159873,0,1,0.36274344,0
159874,1,1,0.99999857,1
159875,1,0,0.05717659,0
159876,1,1,0.7871142,1
159877,0,1,0.99993527,0
159878,1,1,0.7200239,1
159879,0,0,0.24023944,1
159880,1,1,0.8862236,1
159881,1,1,0.519826,1
159882,1,1,0.9999981,1
159883,0,0,0.16586316,1
159884,0,1,0.39213315,0
159885,1,1,0.9392481,1
159886,0,0,0.075721376,1
159887,1,1,0.63776433,1
159888,0,0,0.11762279,1
159889,1,1,0.98965186,1
159890,1,1,0.35379094,1
159891,0,0,0.032100704,1
159892,1,1,1.0,1
159893,1,0,0.24707794,0
159894,0,1,1.0,0
159895,0,0,0.13067321,1
159896,0,1,0.99966395,0
159897,1,1,0.9999877,1
159898,1,1,0.37559196,1
159899,1,1,1.0,1
159900,1,1,0.92821383,1
159901,1,1,0.9999994,1
159902,1,1,0.9999578,1
159903,1,1,1.0,1
159904,0,1,0.787768,0
159905,0,0,0.1665398,1
159906,1,1,0.6342602,1
159907,1,1,0.9999999,1
159908,1,0,0.13028543,0
159909,0,0,0.022824407,1
159910,0,0,0.17881243,1
159911,0,1,0.5378911,0
159912,1,1,1.0,1
159913,1,0,0.028870905,0
159914,1,1,0.99583375,1
159915,1,0,0.042562727,0
159916,0,1,0.9999881,0
159917,1,1,1.0,1
159918,0,0,0.1596755,1
159919,1,0,0.3202364,0
159920,0,0,0.13240233,1
159921,0,1,0.85848147,0
159922,1,1,0.86838096,1
159923,1,1,0.999995,1
159924,0,0,0.09186979,1
159925,0,1,0.96232057,0
159926,0,1,0.8784186,0
159927,0,1,0.97877365,0
159928,0,1,0.99938214,0
159929,0,1,0.99966,0
159930,0,1,0.7806625,0
159931,1,0,0.18425323,0
159932,1,1,0.9987281,1
159933,0,0,0.09687654,1
159934,1,1,0.51994795,1
159935,1,1,1.0,1
159936,1,0,0.2667391,0
159937,1,1,0.6883113,1
159938,1,1,0.9975799,1
159939,1,1,0.999884,1
159940,0,1,0.5148882,0
159941,1,0,0.03117331,0
159942,0,1,1.0,0
159943,1,1,0.99998295,1
159944,0,0,0.057599206,1
159945,1,1,0.99966073,1
159946,1,1,0.9948902,1
159947,0,1,0.91062486,0
159948,0,0,0.33698532,1
159949,1,1,0.9790958,1
159950,1,1,0.6931096,1
159951,1,1,0.9999968,1
159952,1,1,0.99806577,1
159953,0,0,0.0169963,1
159954,0,0,0.22584318,1
159955,1,0,0.03327394,0
159956,1,1,0.99999917,1
159957,1,1,1.0,1
159958,1,1,0.9988752,1
159959,1,1,0.9991117,1
159960,0,1,0.9878996,0
159961,0,0,0.048903175,1
159962,0,0,0.13279545,1
159963,0,1,0.8484707,0
159964,1,1,0.9999999,1
159965,0,0,0.08686416,1
159966,0,0,0.105210535,1
159967,0,1,0.59502196,0
159968,0,1,0.99830914,0
159969,0,0,0.01919745,1
159970,0,0,0.2174206,1
159971,0,1,0.998487,0
159972,1,1,0.9999094,1
159973,1,0,0.26769522,0
159974,1,1,0.9999999,1
159975,1,1,1.0,1
159976,0,0,0.020884216,1
159977,0,0,0.11940814,1
159978,0,1,1.0,0
159979,0,0,0.022392828,1
159980,0,0,0.18061194,1
159981,1,0,0.09816574,0
159982,0,0,0.23633994,1
159983,1,1,0.99924755,1
159984,1,1,0.9999975,1
159985,1,1,0.42757598,1
159986,1,1,0.9999999,1
159987,1,1,0.9999999,1
159988,1,1,0.9345745,1
159989,1,1,0.9999999,1
159990,0,0,0.018617803,1
159991,1,1,0.9996587,1
159992,1,1,0.9997273,1
159993,0,1,0.999987,0
159994,0,1,0.99966264,0
159995,1,1,0.999984,1
159996,0,1,0.9999943,0
159997,1,1,0.99998856,1
159998,0,1,0.9999974,0
159999,1,0,0.24944724,0
160000,0,0,0.037963696,1
160001,0,0,0.26189682,1
160002,0,0,0.19299525,1
160003,1,0,0.32402146,0
160004,1,1,0.99999857,1
160005,0,1,0.97782,0
160006,1,1,0.99992967,1
160007,1,1,1.0,1
160008,0,1,0.53509843,0
160009,1,1,0.9999956,1
160010,0,0,0.22236224,1
160011,0,0,0.26274723,1
160012,0,1,0.99973875,0
160013,1,1,1.0,1
160014,0,1,0.8498466,0
160015,0,0,0.04340633,1
160016,0,1,0.95751673,0
160017,1,1,0.9999951,1
160018,1,1,0.99293363,1
160019,1,1,0.99964654,1
160020,1,1,1.0,1
160021,1,1,0.99783844,1
160022,1,0,0.09326426,0
160023,1,0,0.28826845,0
160024,0,0,0.14481276,1
160025,1,0,0.09409338,0
160026,1,0,0.03021459,0
160027,0,0,0.18198897,1
160028,1,1,0.8451773,1
160029,0,0,0.26118958,1
160030,1,1,0.9985952,1
160031,0,0,0.28492406,1
160032,1,1,0.9997826,1
160033,1,0,0.018352037,0
160034,1,0,0.14063105,0
160035,0,0,0.16599831,1
160036,1,1,0.9999856,1
160037,1,1,0.999997,1
160038,0,0,0.0154097285,1
160039,1,1,0.9988796,1
160040,0,1,0.89469755,0
160041,0,1,0.99936134,0
160042,0,0,0.050051305,1
160043,1,1,0.9999635,1
160044,0,0,0.27566564,1
160045,0,0,0.019531239,1
160046,1,1,0.9999999,1
160047,1,1,0.9993436,1
160048,0,1,0.7570767,0
160049,1,1,0.9985221,1
160050,1,0,0.0028839589,0
160051,0,0,0.19238758,1
160052,0,1,0.57373816,0
160053,0,1,0.99991846,0
160054,1,1,0.99619776,1
160055,0,1,0.98168314,0
160056,1,1,0.9999962,1
160057,0,1,0.88463855,0
160058,1,0,0.09401018,0
160059,1,1,1.0,1
160060,1,1,1.0,1
160061,0,1,0.74502754,0
160062,1,1,0.9999672,1
160063,0,1,0.42065907,0
160064,0,1,0.99698395,0
160065,0,0,0.29741892,1
160066,1,1,0.9999733,1
160067,1,1,1.0,1
160068,0,0,0.19072402,1
160069,0,1,0.9999738,0
160070,0,0,0.006062155,1
160071,1,1,0.99999964,1
160072,1,0,0.2351962,0
160073,1,1,0.8872046,1
160074,1,1,0.8659059,1
160075,0,0,0.30621576,1
160076,1,1,1.0,1
160077,0,1,0.8722386,0
160078,1,1,0.9999403,1
160079,1,0,0.065545,0
160080,0,1,0.9996594,0
160081,0,1,0.42488918,0
160082,1,1,1.0,1
160083,0,0,0.10257407,1
160084,0,0,0.08456833,1
160085,0,0,0.018978037,1
160086,1,1,0.9960776,1
160087,0,1,0.41182032,0
160088,1,1,0.9999552,1
160089,0,1,0.6474082,0
160090,1,1,0.9859634,1
160091,1,1,0.99986863,1
160092,1,1,0.37313312,1
160093,1,0,0.238107,0
160094,1,1,0.3589146,1
160095,1,1,1.0,1
160096,1,1,1.0,1
160097,0,1,0.78357476,0
160098,1,0,0.080213256,0
160099,1,1,0.7745834,1
160100,1,0,0.22507577,0
160101,0,0,0.25757828,1
160102,1,1,0.998662,1
160103,0,0,0.04624881,1
160104,0,1,0.99995553,0
160105,0,0,0.10790661,1
160106,1,1,0.99830914,1
160107,1,0,0.0070254076,0
160108,1,1,0.99648935,1
160109,0,1,0.982117,0
160110,0,0,0.04405976,1
160111,1,1,0.9999999,1
160112,1,1,0.99998295,1
160113,0,1,0.84834504,0
160114,0,0,0.026455773,1
160115,0,0,0.15662017,1
160116,0,0,0.20220678,1
160117,0,0,0.08740792,1
160118,1,0,0.06153674,0
160119,1,1,0.9501803,1
160120,0,0,0.028953163,1
160121,0,1,0.9870297,0
160122,1,0,0.09384396,0
160123,1,1,0.9999974,1
160124,0,0,0.10158944,1
160125,1,1,0.9999989,1
160126,0,1,0.8130158,0
160127,1,1,1.0,1
160128,1,1,0.9774571,1
160129,1,1,0.45005724,1
160130,1,0,0.07024005,0
160131,0,0,0.25618014,1
160132,0,1,0.9999989,0
160133,1,1,0.81960475,1
160134,1,0,0.16762705,0
160135,1,1,0.99999833,1
160136,1,1,0.3727335,1
160137,1,1,0.856092,1
160138,1,1,1.0,1
160139,0,1,0.5090932,0
160140,1,1,0.99979335,1
160141,1,1,1.0,1
160142,0,0,0.08419108,1
160143,0,0,0.08748585,1
160144,1,1,0.8250265,1
160145,1,1,0.9891606,1
160146,1,1,0.9991768,1
160147,0,0,0.018546565,1
160148,0,0,0.0527164,1
160149,0,0,0.18639106,1
160150,1,1,0.99999857,1
160151,1,0,0.11511248,0
160152,1,1,0.8250265,1
160153,0,0,0.26057756,1
160154,0,1,0.36687323,0
160155,0,1,0.7824132,0
160156,0,0,0.09929539,1
160157,1,1,0.5111676,1
160158,1,1,0.35807243,1
160159,0,1,0.49029663,0
160160,0,1,0.38398772,0
160161,0,0,0.15127839,1
160162,1,1,0.9999906,1
160163,0,1,0.98478174,0
160164,0,1,0.9101469,0
160165,0,0,0.027143434,1
160166,0,0,0.16545825,1
160167,1,1,0.44939262,1
160168,0,0,0.046551276,1
160169,1,1,1.0,1
160170,1,1,0.99972194,1
160171,1,1,0.96249723,1
160172,0,1,0.3756492,0
160173,0,1,0.98220253,0
160174,0,0,0.076407686,1
160175,1,0,0.02118586,0
160176,0,1,0.9343353,0
160177,0,0,0.13788034,1
160178,0,0,0.005865338,1
160179,0,1,0.6902982,0
160180,1,1,0.72193927,1
160181,1,0,0.3504214,0
160182,1,1,1.0,1
160183,1,0,0.15316877,0
160184,1,1,0.9999894,1
160185,0,0,0.053601146,1
160186,0,0,0.044764314,1
160187,1,1,0.7496374,1
160188,1,1,0.9999969,1
160189,1,1,0.534734,1
160190,0,0,0.08834723,1
160191,1,1,0.93439513,1
160192,0,0,0.20402455,1
160193,1,1,0.5350377,1
160194,0,1,0.9877351,0
160195,0,1,0.4352713,0
160196,1,1,0.9992267,1
160197,0,1,0.60515755,0
160198,0,1,0.9992053,0
160199,1,1,0.9999968,1
160200,1,1,1.0,1
160201,0,0,0.11889567,1
160202,1,1,0.5979014,1
160203,1,1,0.568835,1
160204,0,1,0.76699245,0
160205,0,0,0.03293013,1
160206,1,0,0.31489265,0
160207,0,0,0.12967801,1
160208,0,0,0.1534857,1
160209,1,1,0.99372226,1
160210,1,1,1.0,1
160211,1,1,0.9999895,1
160212,0,0,0.3429015,1
160213,1,0,0.13980691,0
160214,0,1,0.76260096,0
160215,0,1,0.9255671,0
160216,1,1,1.0,1
160217,0,1,0.9987306,0
160218,1,1,0.99999857,1
160219,1,1,0.9999497,1
160220,1,1,0.89143354,1
160221,1,0,0.024703868,0
160222,1,1,0.9999975,1
160223,0,0,0.28851897,1
160224,1,1,0.9781563,1
160225,1,1,0.9968149,1
160226,0,0,0.199854,1
160227,1,1,0.9999132,1
160228,0,0,0.12694745,1
160229,0,1,0.7493166,0
160230,0,0,0.03722176,1
160231,1,1,0.48361793,1
160232,1,1,0.9269014,1
160233,1,0,0.19544049,0
160234,0,1,0.92043275,0
160235,1,1,1.0,1
160236,0,1,1.0,0
160237,1,1,0.9998505,1
160238,1,1,0.94834626,1
160239,0,1,1.0,0
160240,0,1,0.9932681,0
160241,1,1,0.9999999,1
160242,0,1,0.9741658,0
160243,1,1,0.4781633,1
160244,1,1,0.9692369,1
160245,1,1,0.72154707,1
160246,0,1,0.392657,0
160247,0,1,0.9981433,0
160248,0,1,0.4081588,0
160249,0,0,0.041539967,1
160250,0,0,0.2639787,1
160251,1,1,0.5597112,1
160252,1,1,0.98628414,1
160253,1,1,0.9988643,1
160254,0,1,0.99724233,0
160255,1,1,0.92821383,1
160256,1,1,0.99995637,1
160257,1,0,0.3270232,0
160258,1,1,0.99999976,1
160259,0,1,0.99984765,0
160260,1,1,0.99985516,1
160261,1,1,0.9302051,1
160262,0,0,0.09602549,1
160263,1,1,0.81844676,1
160264,1,1,0.9999999,1
160265,0,1,0.8625833,0
160266,0,0,0.09999631,1
160267,1,1,0.9999956,1
160268,1,1,0.9986749,1
160269,0,1,0.99915075,0
160270,1,0,0.15810935,0
160271,0,0,0.17695588,1
160272,1,1,0.48511183,1
160273,0,0,0.030415535,1
160274,1,1,0.9999958,1
160275,0,1,0.7405498,0
160276,0,0,0.107437484,1
160277,0,0,0.12463858,1
160278,1,1,1.0,1
160279,1,1,0.98739934,1
160280,1,1,0.6300592,1
160281,1,1,1.0,1
160282,1,1,0.99999964,1
160283,1,1,0.99974877,1
160284,0,0,0.03336831,1
160285,1,1,0.9946774,1
160286,1,1,0.9998957,1
160287,1,1,0.9994023,1
160288,1,1,0.9999982,1
160289,1,1,0.80286485,1
160290,0,1,0.99999654,0
160291,0,1,0.99527246,0
160292,1,1,0.9998965,1
160293,1,1,0.99983907,1
160294,0,1,1.0,0
160295,1,1,0.5483107,1
160296,0,1,0.5757073,0
160297,0,1,1.0,0
160298,0,1,0.9999665,0
160299,1,1,1.0,1
160300,1,1,1.0,1
160301,0,0,0.16431522,1
160302,0,0,0.040464837,1
160303,1,1,0.5129366,1
160304,1,1,0.9996971,1
160305,0,0,0.059101548,1
160306,1,1,1.0,1
160307,0,0,0.086400524,1
160308,1,1,1.0,1
160309,0,1,0.40294996,0
160310,0,1,0.40639073,0
160311,0,0,0.006513499,1
160312,1,1,0.9999713,1
160313,0,0,0.074030295,1
160314,0,0,0.0042151595,1
160315,1,1,1.0,1
160316,0,1,0.47110155,0
160317,1,1,1.0,1
160318,0,1,0.9999771,0
160319,1,1,0.9999995,1
160320,0,0,0.016090875,1
160321,1,1,0.9999999,1
160322,0,1,0.4002218,0
160323,0,0,0.05079946,1
160324,1,0,0.29299974,0
160325,0,0,0.100701615,1
160326,1,1,0.99783,1
160327,1,1,1.0,1
160328,0,0,0.08874129,1
160329,0,0,0.1368966,1
160330,0,0,0.0020229532,1
160331,0,0,0.11382563,1
160332,1,1,0.9999609,1
160333,1,1,0.9951325,1
160334,1,1,1.0,1
160335,1,1,0.531027,1
160336,0,0,0.27279878,1
160337,0,1,0.9679902,0
160338,0,0,0.12732674,1
160339,1,1,0.9999857,1
160340,1,1,1.0,1
160341,1,1,1.0,1
160342,0,0,0.21133544,1
160343,1,1,0.7897206,1
160344,1,0,0.048047364,0
160345,1,0,0.04344689,0
160346,1,1,0.99996626,1
160347,0,0,0.004972596,1
160348,1,0,0.00050235394,0
160349,0,0,0.069921836,1
160350,0,1,0.5672775,0
160351,1,1,0.9915052,1
160352,0,0,0.34174725,1
160353,1,1,0.9759235,1
160354,0,1,0.49249324,0
160355,1,0,0.017593754,0
160356,0,0,0.30673468,1
160357,0,1,0.4299977,0
160358,0,0,0.29777616,1
160359,0,1,0.9715909,0
160360,0,0,0.24095315,1
160361,0,0,0.289673,1
160362,1,1,0.9999999,1
160363,1,0,0.27532452,0
160364,1,1,0.9982317,1
160365,0,1,0.9990527,0
160366,0,0,0.21493848,1
160367,1,1,0.7614498,1
160368,0,1,0.6894624,0
160369,1,1,0.9999931,1
160370,1,1,0.9999994,1
160371,1,1,0.99553156,1
160372,1,1,0.67528296,1
160373,0,0,0.12158143,1
160374,1,1,1.0,1
160375,0,0,0.22084618,1
160376,1,1,0.8478418,1
160377,1,1,0.7468782,1
160378,0,0,0.18257123,1
160379,1,1,0.68326104,1
160380,1,1,0.99999595,1
160381,0,0,0.27289566,1
160382,1,0,0.20817894,0
160383,0,1,0.9999548,0
160384,1,1,0.99999774,1
160385,1,0,0.063714996,0
160386,1,0,0.08701921,0
160387,1,1,0.42178997,1
160388,1,0,0.28199846,0
160389,0,1,0.55549556,0
160390,0,0,0.033526164,1
160391,1,1,1.0,1
160392,0,1,0.9970247,0
160393,1,1,0.4341014,1
160394,0,1,0.8843393,0
160395,1,0,0.035712164,0
160396,1,0,0.15386674,0
160397,1,0,0.14360754,0
160398,1,1,0.9999329,1
160399,1,1,0.7349764,1
160400,0,0,0.2186694,1
160401,0,0,0.035277545,1
160402,0,1,0.99187535,0
160403,1,0,0.070176296,0
160404,1,1,0.64237636,1
160405,0,0,0.016914913,1
160406,0,0,0.06250249,1
160407,0,1,0.9999969,0
160408,1,0,0.11606085,0
160409,1,1,0.9999999,1
160410,0,0,0.0059919516,1
160411,1,1,0.99854773,1
160412,1,1,1.0,1
160413,1,0,0.049176436,0
160414,1,1,0.96448904,1
160415,1,0,0.021064695,0
160416,1,1,0.99999905,1
160417,0,0,0.037644,1
160418,0,1,0.9163345,0
160419,1,1,0.9999945,1
160420,1,1,0.9991491,1
160421,0,0,0.01214717,1
160422,0,1,0.63096917,0
160423,1,1,0.9947391,1
160424,1,1,0.99991846,1
160425,0,1,0.9967397,0
160426,1,1,0.9999999,1
160427,1,1,0.999892,1
160428,1,1,0.99999917,1
160429,1,1,0.9997459,1
160430,1,1,0.42476988,1
160431,0,1,0.99999976,0
160432,0,0,0.04451443,1
160433,1,1,0.9999844,1
160434,1,0,0.058614686,0
160435,0,1,0.5402569,0
160436,1,1,0.9998894,1
160437,1,1,0.9868281,1
160438,0,1,0.9999993,0
160439,0,0,0.058614686,1
160440,1,1,0.9999999,1
160441,0,1,0.9970708,0
160442,1,0,0.12797923,0
160443,1,1,0.5289592,1
160444,0,0,0.10622612,1
160445,1,0,0.01161977,0
160446,0,1,0.9999846,0
160447,1,0,0.06435884,0
160448,1,1,0.99972254,1
160449,1,1,0.7460465,1
160450,1,1,0.97009856,1
160451,0,0,0.23335676,1
160452,1,1,0.56925416,1
160453,0,0,0.082549304,1
160454,1,1,0.568835,1
160455,0,1,0.9985562,0
160456,0,1,0.99906915,0
160457,1,1,0.6487445,1
160458,1,1,0.8784186,1
160459,1,1,0.9996222,1
160460,1,0,0.025687134,0
160461,0,0,0.10922978,1
160462,0,1,0.7318259,0
160463,1,1,1.0,1
160464,0,1,0.99999976,0
160465,1,1,0.996682,1
160466,1,1,0.99968624,1
160467,0,0,0.17504396,1
160468,0,0,0.13511792,1
160469,1,1,0.9999753,1
160470,0,1,0.99985397,0
160471,1,1,0.9999982,1
160472,1,1,1.0,1
160473,0,1,0.99630713,0
160474,0,0,0.33160657,1
160475,1,1,0.953665,1
160476,1,1,0.99977034,1
160477,1,1,0.99853635,1
160478,0,1,0.39347243,0
160479,1,1,0.9981541,1
160480,1,1,0.998103,1
160481,1,1,0.9999994,1
160482,1,1,0.84221536,1
160483,1,1,0.99978095,1
160484,0,0,0.032805953,1
160485,1,1,0.99568534,1
160486,1,1,0.6132945,1
160487,1,1,1.0,1
160488,0,0,0.05218253,1
160489,1,1,0.99187535,1
160490,0,1,1.0,0
160491,0,1,0.93077356,0
160492,1,1,0.99705935,1
160493,0,1,0.94458723,0
160494,1,1,0.8079157,1
160495,0,0,0.18053968,1
160496,0,1,0.8862236,0
160497,0,1,0.8492224,0
160498,0,1,0.99936,0
160499,1,1,0.7520126,1
160500,0,1,0.995793,0
160501,1,1,0.9999999,1
160502,1,1,1.0,1
160503,1,1,0.98886347,1
160504,0,1,0.6258384,0
160505,1,0,0.14953136,0
160506,1,1,0.99279517,1
160507,1,1,1.0,1
160508,1,1,0.99972516,1
160509,1,1,0.99947566,1
160510,0,0,0.19452079,1
160511,0,1,0.8984996,0
160512,1,0,0.17996249,0
160513,1,1,0.9997974,1
160514,1,1,0.9348725,1
160515,0,0,0.33535084,1
160516,0,0,0.030559864,1
160517,0,1,0.8115267,0
160518,0,0,0.050893724,1
160519,1,1,0.9999964,1
160520,1,1,1.0,1
160521,0,1,0.984516,0
160522,0,1,0.9226916,0
160523,1,0,0.15386674,0
160524,1,1,1.0,1
160525,1,0,0.2773751,0
160526,1,1,0.82741016,1
160527,0,1,0.9990978,0
160528,0,1,0.86036915,0
160529,0,1,0.62079406,0
160530,0,0,0.17490298,1
160531,1,1,0.9997749,1
160532,0,0,0.06365676,1
160533,0,1,0.9986142,0
160534,1,1,0.9999999,1
160535,1,0,0.30048895,0
160536,0,0,0.017695315,1
160537,0,1,0.99952996,0
160538,0,0,0.3082423,1
160539,0,1,0.99827933,0
160540,0,1,0.99959785,0
160541,1,1,0.99963236,1
160542,0,1,0.77864933,0
160543,0,0,0.08686416,1
160544,0,1,0.7366375,0
160545,1,1,0.9999994,1
160546,0,0,0.30970183,1
160547,1,1,0.9988236,1
160548,1,1,0.9707155,1
160549,1,1,0.61022115,1
160550,0,1,0.36195374,0
160551,0,1,0.6980722,0
160552,1,1,0.99999905,1
160553,0,0,0.0658447,1
160554,0,1,0.9075583,0
160555,1,0,0.0763388,0
160556,1,1,1.0,1
160557,1,1,1.0,1
160558,1,1,0.9987056,1
160559,1,1,0.99727446,1
160560,1,1,0.9502266,1
160561,1,0,0.10622612,0
160562,1,1,0.98365986,1
160563,0,1,0.7091702,0
160564,0,0,0.018142106,1
160565,1,1,0.99333304,1
160566,0,0,0.27014312,1
160567,0,0,0.13426429,1
160568,0,0,0.021718834,1
160569,1,1,0.9865976,1
160570,1,1,0.98067343,1
160571,1,0,0.29299974,0
160572,1,1,0.82290184,1
160573,0,0,0.011869121,1
160574,0,0,0.019419348,1
160575,0,0,0.27212125,1
160576,1,1,0.9999999,1
160577,1,1,1.0,1
160578,0,1,0.7992857,0
160579,0,0,0.14971778,1
160580,0,0,0.2830872,1
160581,0,1,0.994729,0
160582,0,1,0.99642736,0
160583,0,1,0.99415743,0
160584,0,0,0.30208215,1
160585,0,1,0.99648935,0
160586,0,1,0.61549234,0
160587,0,1,0.6620867,0
160588,1,1,1.0,1
160589,1,0,0.2867681,0
160590,0,0,0.065604836,1
160591,1,1,0.9841393,1
160592,1,1,0.88018054,1
160593,1,1,0.9928231,1
160594,0,0,0.28686795,1
160595,1,1,1.0,1
160596,1,1,1.0,1
160597,0,0,0.25776508,1
160598,0,0,0.099820666,1
160599,1,1,0.9998859,1
160600,0,1,0.573141,0
160601,1,1,0.9993475,1
160602,1,1,0.49829102,1
160603,0,0,0.25082102,1
160604,0,1,0.99213856,0
160605,1,1,1.0,1
160606,0,0,0.09409338,1
160607,0,0,0.26511872,1
160608,1,1,0.99997354,1
160609,1,1,0.98421544,1
160610,1,1,0.9679902,1
160611,0,0,0.02184368,1
160612,1,1,0.9999999,1
160613,1,1,0.9999982,1
160614,0,0,0.07558479,1
160615,0,0,0.27187952,1
160616,1,1,0.9841241,1
160617,0,1,1.0,0
160618,1,1,1.0,1
160619,1,1,0.99978,1
160620,1,1,0.89991575,1
160621,0,1,0.99398476,0
160622,1,1,0.9972584,1
160623,0,0,0.18683577,1
160624,0,0,0.14247034,1
160625,1,0,0.07592667,0
160626,0,0,0.01605998,1
160627,0,1,0.9486801,0
160628,0,1,0.8030194,0
160629,1,1,1.0,1
160630,0,1,0.96544635,0
160631,1,1,0.9961004,1
160632,1,1,0.9996959,1
160633,1,0,0.11992252,0
160634,0,0,0.050097767,1
160635,0,1,0.74706274,0
160636,0,1,0.6503007,0
160637,0,0,0.171269,1
160638,1,1,1.0,1
160639,1,1,0.8833366,1
160640,0,1,0.8785229,0
160641,1,1,0.9763782,1
160642,0,1,0.474479,0
160643,1,0,0.012771868,0
160644,1,1,0.9999937,1
160645,1,1,0.6708779,1
160646,1,0,0.11807967,0
160647,0,0,0.0047459654,1
160648,0,0,0.18668744,1
160649,1,1,1.0,1
160650,0,0,0.15668468,1
160651,0,0,0.036838707,1
160652,1,1,0.41448405,1
160653,0,1,0.6249232,0
160654,0,1,0.7866228,0
160655,0,0,0.12597652,1
160656,1,1,0.99912554,1
160657,1,1,0.4065969,1
160658,1,1,0.4876124,1
160659,0,1,1.0,0
160660,0,0,0.11221037,1
160661,1,1,0.9997981,1
160662,1,0,0.19231172,0
160663,1,1,0.9994128,1
160664,1,0,0.09057448,0
160665,0,1,0.94886994,0
160666,0,1,0.99994993,0
160667,1,1,0.7841538,1
160668,0,0,0.056600258,1
160669,1,1,0.99967504,1
160670,0,0,0.2564594,1
160671,1,1,1.0,1
160672,0,1,0.9982827,0
160673,0,0,0.26812616,1
160674,0,1,0.6499675,0
160675,1,0,0.06424133,0
160676,0,0,0.020744892,1
160677,1,1,1.0,1
160678,0,1,1.0,0
160679,1,1,0.9999969,1
160680,1,1,0.8967949,1
160681,1,1,0.9999989,1
160682,1,0,0.08419108,0
160683,0,0,0.2502709,1
160684,1,1,0.99744415,1
160685,0,1,0.7973991,0
160686,0,0,0.30923226,1
160687,1,1,0.88671505,1
160688,1,1,1.0,1
160689,0,0,0.01665704,1
160690,0,0,0.0059919516,1
160691,0,1,0.9999919,0
160692,0,0,0.26189682,1
160693,0,0,0.33339468,1
160694,1,1,1.0,1
160695,1,1,0.50097656,1
160696,1,1,1.0,1
160697,0,1,0.9022657,0
160698,0,1,0.9985421,0
160699,0,1,0.9184803,0
160700,1,1,0.79310596,1
160701,1,1,0.99792105,1
160702,1,1,0.9956006,1
160703,0,1,0.99985516,0
160704,1,0,0.0238936,0
160705,0,1,0.9999993,0
160706,1,1,0.9891187,1
160707,0,0,0.3413629,1
160708,1,1,0.92262185,1
160709,1,1,0.6693667,1
160710,1,1,0.9965233,1
160711,0,1,0.99997246,0
160712,1,1,0.99216896,1
160713,1,1,0.9999993,1
160714,1,1,0.9999993,1
160715,0,1,0.9999578,0
160716,1,1,0.7992073,1
160717,1,1,1.0,1
160718,0,1,0.35284263,0
160719,0,1,0.5461936,0
160720,0,0,0.066206016,1
160721,1,1,0.44251603,1
160722,0,0,0.105486654,1
160723,0,1,0.992062,0
160724,1,1,0.9981324,1
160725,0,1,0.8734309,0
160726,0,1,0.98445636,0
160727,1,1,0.99999976,1
160728,0,0,0.06319269,1
160729,0,0,0.11446747,1
160730,1,0,0.07172112,0
160731,0,1,0.4563492,0
160732,0,1,0.9363432,0
160733,1,1,0.9720721,1
160734,0,1,0.99925774,0
160735,0,0,0.10571725,1
160736,0,0,0.2256725,1
160737,1,1,0.8352149,1
160738,1,1,0.99999857,1
160739,0,0,0.10158944,1
160740,1,0,0.2043419,0
160741,0,1,0.7278788,0
160742,0,1,0.99999166,0
160743,0,0,0.26870146,1
160744,0,1,0.4245909,0
160745,0,1,0.44510737,0
160746,1,1,0.86130506,1
160747,0,1,0.99993646,0
160748,1,1,0.87831426,1
160749,0,0,0.0016388679,1
160750,1,1,0.9999924,1
160751,1,1,0.99999976,1
160752,0,1,0.8080672,0
160753,1,1,0.9620006,1
160754,1,1,0.8086723,1
160755,1,1,0.99998736,1
160756,0,0,0.22979435,1
160757,1,1,1.0,1
160758,0,1,0.7789858,0
160759,0,1,0.9999473,0
160760,1,1,1.0,1
160761,1,1,1.0,1
160762,0,1,0.8017807,0
160763,1,1,0.9886464,1
160764,0,0,0.05261895,1
160765,1,0,0.0140636265,0
160766,0,1,0.7394224,0
160767,0,0,0.26208568,1
160768,1,1,0.999928,1
160769,1,1,0.93558234,1
160770,0,0,0.16715068,1
160771,1,1,0.9993575,1
160772,0,1,0.9852997,0
160773,1,1,0.9984573,1
160774,1,1,0.9999982,1
160775,1,1,0.9999989,1
160776,0,0,0.12967801,1
160777,0,0,0.011664719,1
160778,1,1,0.99982053,1
160779,1,1,0.9999316,1
160780,1,1,0.99097973,1
160781,0,0,0.022521457,1
160782,1,1,1.0,1
160783,1,1,0.9869292,1
160784,0,1,0.97933435,0
160785,1,1,0.9999993,1
160786,0,1,0.9026955,0
160787,0,0,0.033336822,1
160788,1,1,0.99999976,1
160789,1,1,1.0,1
160790,0,1,0.75590736,0
160791,1,1,0.9999907,1
160792,1,0,0.08144666,0
160793,1,1,0.9998155,1
160794,1,0,0.091382094,0
160795,0,0,0.15552686,1
160796,1,0,0.19360435,0
160797,0,0,0.016340127,1
160798,1,1,0.998743,1
160799,0,0,0.06779314,1
160800,1,1,0.9999844,1
160801,0,1,0.99977916,0
160802,1,1,1.0,1
160803,0,0,0.11981949,1
160804,0,1,0.49633795,0
160805,1,1,0.9942139,1
160806,0,1,0.86499614,0
160807,0,0,0.09227797,1
160808,1,1,0.95610446,1
160809,0,0,0.0023231627,1
160810,0,1,0.6682852,0
160811,0,1,0.5079339,0
160812,1,0,0.09326426,0
160813,0,0,0.08210661,1
160814,1,1,0.999998,1
160815,0,0,0.21044159,1
160816,1,0,0.32108733,0
160817,1,1,0.9984176,1
160818,1,1,0.9999845,1
160819,0,1,0.99994195,0
160820,1,1,0.99527246,1
160821,1,1,0.7290378,1
160822,1,1,1.0,1
160823,1,1,0.9357587,1
160824,0,0,0.11807967,1
160825,0,1,0.5117166,0
160826,1,1,0.89478946,1
160827,1,1,0.99999857,1
160828,1,1,0.9996594,1
160829,0,0,0.03393996,1
160830,0,1,0.97527254,0
160831,0,0,0.22996724,1
160832,1,1,0.8333246,1
160833,1,1,1.0,1
160834,0,1,0.99594563,0
160835,0,1,0.94781744,0
160836,0,1,0.99999976,0
160837,1,0,0.14897339,0
160838,1,1,1.0,1
160839,1,0,0.01461567,0
160840,0,1,0.968441,0
160841,0,1,0.46879065,0
160842,0,0,0.2115797,1
160843,1,1,0.997065,1
160844,0,0,0.062388144,1
160845,1,1,0.9971328,1
160846,1,0,0.26095405,0
160847,1,1,1.0,1
160848,0,1,0.5580862,0
160849,0,0,0.059047263,1
160850,0,1,0.4055076,0
160851,1,1,0.99999857,1
160852,1,0,0.17147702,0
160853,0,0,0.031291503,1
160854,1,1,0.9890343,1
160855,0,1,0.4075397,0
160856,0,0,0.16238002,1
160857,1,1,0.9982317,1
160858,1,1,1.0,1
160859,0,0,0.017459229,1
160860,0,1,0.5369807,0
160861,1,0,0.19605544,0
160862,0,0,0.068102375,1
160863,0,0,0.017831627,1
160864,1,1,1.0,1
160865,0,1,0.9938788,0
160866,0,0,0.14657521,1
160867,1,1,1.0,1
160868,0,1,0.57624394,0
160869,1,1,0.9999958,1
160870,0,1,0.99987066,0
160871,1,1,0.75292206,1
160872,0,1,0.99948174,0
160873,1,0,0.06596493,0
160874,1,1,0.99999857,1
160875,1,0,0.15272596,0
160876,0,1,0.9748452,0
160877,1,1,0.9999635,1
160878,0,0,0.05608106,1
160879,1,1,0.7237978,1
160880,1,1,0.9999995,1
160881,1,0,0.025083143,0
160882,0,0,0.0056309616,1
160883,0,1,0.9712657,0
160884,0,1,0.7564475,0
160885,1,1,1.0,1
160886,1,1,0.45241496,1
160887,0,1,0.36880344,0
160888,1,1,0.9999975,1
160889,1,1,1.0,1
160890,1,1,0.99965465,1
160891,1,1,0.9631959,1
160892,0,1,0.98771137,0
160893,1,1,1.0,1
160894,0,1,0.99988675,0
160895,0,1,0.44915098,0
160896,1,0,0.06847518,0
160897,0,0,0.10989669,1
160898,1,1,0.8047131,1
160899,0,0,0.0066669313,1
160900,1,1,0.999997,1
160901,1,1,0.9999417,1
160902,0,1,0.99591404,0
160903,0,0,0.33736724,1
160904,1,0,0.088978484,0
160905,1,1,0.9989371,1
160906,0,0,0.26966205,1
160907,1,1,0.9999876,1
160908,0,0,0.073098525,1
160909,0,1,0.39548436,0
160910,0,0,0.19636348,1
160911,1,1,0.99936634,1
160912,0,1,0.50262445,0
160913,1,1,1.0,1
160914,1,0,0.19314739,0
160915,1,1,0.9999988,1
160916,0,0,0.16204827,1
160917,0,1,0.725843,0
160918,1,1,0.99999714,1
160919,0,1,0.73014563,0
160920,0,0,0.1364357,1
160921,1,1,1.0,1
160922,1,1,0.6597889,1
160923,0,0,0.012796518,1
160924,1,1,0.9883802,1
160925,1,1,0.5583872,1
160926,0,1,0.36775264,0
160927,0,1,0.97555363,0
160928,0,0,0.092359796,1
160929,1,1,0.59455127,1
160930,1,1,0.9999925,1
160931,1,0,0.34543642,0
160932,0,1,0.6355052,0
160933,0,1,0.51580286,0
160934,0,0,0.2641685,1
160935,1,1,0.99952066,1
160936,1,1,0.45359462,1
160937,1,1,0.99997175,1
160938,0,0,0.10132237,1
160939,0,1,0.9999912,0
160940,1,1,0.7555468,1
160941,1,1,0.9999999,1
160942,0,1,0.83894384,0
160943,0,0,0.09730459,1
160944,1,0,0.009055264,0
160945,1,1,0.999992,1
160946,1,1,0.991032,1
160947,1,1,0.9988991,1
160948,1,0,0.06307716,0
160949,0,0,0.04050277,1
160950,0,0,0.080213256,1
160951,0,1,0.9999995,0
160952,1,0,0.16762705,0
160953,1,0,0.012288597,0
160954,1,1,1.0,1
160955,0,1,0.8394709,0
160956,0,1,0.9614615,0
160957,1,1,1.0,1
160958,1,1,0.85158294,1
160959,1,1,0.3678946,1
160960,0,1,0.7910151,0
160961,1,1,0.991339,1
160962,1,1,1.0,1
160963,1,1,0.970771,1
160964,0,0,0.10257407,1
160965,0,0,0.039379433,1
160966,1,1,0.9999963,1
160967,0,1,0.55266047,0
160968,1,1,0.5628374,1
160969,1,1,0.9992237,1
160970,0,1,0.47329202,0
160971,0,1,0.63176465,0
160972,0,1,0.3703677,0
160973,0,1,0.9997584,0
160974,1,1,1.0,1
160975,0,0,0.009633653,1
160976,1,1,0.999089,1
160977,0,0,0.2784039,1
160978,0,1,0.91022676,0
160979,1,1,0.9994105,1
160980,1,1,0.9999615,1
160981,0,0,0.2330948,1
160982,1,0,0.22772686,0
160983,1,1,0.99986815,1
160984,1,1,0.9996513,1
160985,0,1,0.525795,0
160986,1,0,0.2885691,0
160987,1,1,1.0,1
160988,0,1,0.7195807,0
160989,0,0,0.17582092,1
160990,0,1,0.35448894,0
160991,0,0,0.24753241,1
160992,1,1,1.0,1
160993,1,1,0.71417975,1
160994,1,1,0.99999225,1
160995,1,1,0.9911868,1
160996,0,1,0.908699,0
160997,1,1,0.993807,1
160998,0,1,0.9999989,0
160999,0,0,0.075653054,1
161000,1,1,0.9999895,1
161001,1,1,0.99999106,1
161002,1,1,0.9999881,1
161003,0,0,0.2659758,1
161004,0,1,0.6997163,0
161005,0,0,0.088820286,1
161006,1,1,1.0,1
161007,0,1,0.9526182,0
161008,0,1,0.52999324,0
161009,1,1,0.9999968,1
161010,1,1,0.7558173,1
161011,1,1,0.9999505,1
161012,1,0,0.002038787,0
161013,0,0,0.028087387,1
161014,0,0,0.118946835,1
161015,1,1,0.99999714,1
161016,1,0,0.012123754,0
161017,0,0,0.29183787,1
161018,1,1,0.47557488,1
161019,0,1,0.9999558,0
161020,0,1,0.42009392,0
161021,1,0,0.094426885,0
161022,1,1,0.9957021,1
161023,0,0,0.08487122,1
161024,0,1,0.49899292,0
161025,0,1,0.79117644,0
161026,0,0,0.06711741,1
161027,1,1,0.99999976,1
161028,1,1,0.37079483,1
161029,1,1,0.9997775,1
161030,1,1,0.73478615,1
161031,1,1,0.999962,1
161032,0,0,0.05394898,1
161033,1,1,1.0,1
161034,1,1,0.9999999,1
161035,0,1,0.9650203,0
161036,1,1,0.68967146,1
161037,0,1,0.37754068,0
161038,0,0,0.0793529,1
161039,1,1,0.88769233,1
161040,0,0,0.054802597,1
161041,1,1,0.99977833,1
161042,0,0,0.0036076168,1
161043,0,1,0.8812066,0
161044,1,1,0.9999459,1
161045,0,0,0.05098815,1
161046,1,0,0.020904195,0
161047,1,1,0.99998903,1
161048,1,1,0.96528316,1
161049,1,1,0.9999585,1
161050,0,0,0.011179601,1
161051,1,1,0.9892855,1
161052,1,1,0.5380731,1
161053,0,1,0.99746895,0
161054,1,1,0.9951231,1
161055,1,1,1.0,1
161056,1,1,0.98722816,1
161057,1,1,0.99967945,1
161058,1,1,0.6110919,1
161059,1,1,0.9999999,1
161060,0,1,0.9999976,0
161061,0,0,0.09326426,1
161062,0,1,0.99094474,0
161063,1,0,0.018246775,0
161064,1,0,0.10818896,0
161065,1,1,0.99984396,1
161066,0,1,0.41513592,0
161067,0,1,0.55892897,0
161068,0,0,0.030157411,1
161069,1,1,1.0,1
161070,1,1,0.76821196,1
161071,1,1,0.7299531,1
161072,1,1,1.0,1
161073,0,1,0.9829547,0
161074,0,1,0.83815056,0
161075,1,0,0.024821786,0
161076,0,0,0.041734807,1
161077,0,1,1.0,0
161078,1,1,0.8886622,1
161079,1,1,1.0,1
161080,1,1,0.5897754,1
161081,1,1,0.9999989,1
161082,1,1,1.0,1
161083,1,1,1.0,1
161084,0,1,0.8067004,0
161085,1,1,0.9776499,1
161086,0,0,0.25349125,1
161087,1,1,0.9892855,1
161088,0,1,0.99992,0
161089,0,1,0.96882665,0
161090,0,0,0.16674323,1
161091,0,1,0.9951325,0
161092,0,0,0.2243952,1
161093,0,1,0.99758923,0
161094,1,1,0.40230405,1
161095,1,0,0.011008185,0
161096,1,0,0.26057756,0
161097,1,1,0.99967873,1
161098,1,1,0.8886622,1
161099,1,1,0.98998636,1
161100,1,1,1.0,1
161101,0,1,0.41303316,0
161102,0,0,0.25841954,1
161103,0,1,0.5173271,0
161104,0,0,0.07689149,1
161105,1,1,0.87831426,1
161106,1,1,0.99998593,1
161107,0,1,0.99903786,0
161108,0,0,0.085479975,1
161109,0,1,0.37593552,0
161110,1,1,0.8596637,1
161111,1,1,0.9999999,1
161112,1,0,0.12836117,0
161113,1,0,0.24023944,0
161114,1,1,0.999987,1
161115,1,1,1.0,1
161116,1,1,1.0,1
161117,0,1,0.8342719,0
161118,1,1,0.99637836,1
161119,1,0,0.096195176,0
161120,1,1,0.99999356,1
161121,0,1,0.6244653,0
161122,1,1,0.99982256,1
161123,1,1,0.66904247,1
161124,0,0,0.051941562,1
161125,1,1,0.99381906,1
161126,1,1,0.4827949,1
161127,0,0,0.13764834,1
161128,1,1,1.0,1
161129,1,1,0.9946568,1
161130,0,0,0.004848533,1
161131,1,1,0.98986953,1
161132,1,1,0.63352364,1
161133,1,1,0.99952435,1
161134,1,1,0.9999999,1
161135,0,0,0.12765263,1
161136,0,1,0.4977417,0
161137,0,1,0.99433607,0
161138,1,1,0.9999907,1
161139,0,1,0.9984207,0
161140,0,1,0.4652964,0
161141,1,0,0.2718312,0
161142,1,1,0.99999297,1
161143,0,0,0.13017482,1
161144,0,1,0.80821866,0
161145,1,1,0.9998574,1
161146,0,0,0.0553617,1
161147,0,0,0.20833994,1
161148,1,0,0.037186775,0
161149,0,0,0.055823144,1
161150,1,0,0.121008955,0
161151,1,1,0.97885466,1
161152,1,1,0.9997098,1
161153,1,1,1.0,1
161154,0,0,0.033684738,1
161155,1,0,0.08933536,0
161156,1,1,0.99999404,1
161157,1,1,1.0,1
161158,1,1,0.99999976,1
161159,1,0,0.1365508,0
161160,1,0,0.049085185,0
161161,1,1,1.0,1
161162,0,1,0.9741658,0
161163,0,0,0.09782047,1
161164,1,1,0.98657167,1
161165,1,1,0.98803884,1
161166,1,1,0.9999443,1
161167,1,1,0.3671001,1
161168,0,1,0.9959299,0
161169,0,0,0.09687654,1
161170,1,1,0.99979335,1
161171,0,1,0.99999905,0
161172,0,0,0.040313438,1
161173,1,1,0.99999225,1
161174,0,0,0.2629364,1
161175,1,0,0.111724876,0
161176,0,1,0.99097973,0
161177,0,0,0.19961987,1
161178,1,1,1.0,1
161179,0,1,0.836688,0
161180,0,0,0.062160026,1
161181,1,1,0.99971646,1
161182,0,1,0.67217034,0
161183,1,1,1.0,1
161184,1,1,0.41658893,1
161185,1,1,0.9999858,1
161186,1,1,1.0,1
161187,1,1,0.99993765,1
161188,0,1,0.9999795,0
161189,0,1,0.996557,0
161190,0,1,0.8162599,0
161191,1,1,0.96853036,1
161192,1,1,0.86960393,1
161193,0,0,0.031055551,1
161194,0,0,0.17610413,1
161195,1,1,0.59502196,1
161196,1,1,0.46304968,1
161197,1,1,0.9759694,1
161198,1,0,0.10141131,0
161199,1,1,0.9997584,1
161200,1,1,0.75608754,1
161201,1,0,0.049130786,0
161202,0,0,0.32552055,1
161203,1,1,0.9999889,1
161204,0,1,0.98481095,0
161205,1,0,0.00577493,0
161206,0,1,0.99961025,0
161207,0,0,0.0061212815,1
161208,1,1,0.9982248,1
161209,0,0,0.013821962,1
161210,0,0,0.050237365,1
161211,1,1,0.99973875,1
161212,1,0,0.12389466,0
161213,1,1,0.5440748,1
161214,1,1,0.9608783,1
161215,1,1,0.8022459,1
161216,0,1,0.7382447,0
161217,1,1,0.999894,1
161218,1,1,0.9999999,1
161219,0,1,0.9859093,0
161220,1,1,1.0,1
161221,1,1,0.9584989,1
161222,0,1,0.692486,0
161223,1,1,1.0,1
161224,1,0,0.06626642,0
161225,1,1,0.99999917,1
161226,1,1,0.9994035,1
161227,1,1,0.98926485,1
161228,1,1,1.0,1
161229,0,1,0.39960662,0
161230,0,0,0.0035936027,1
161231,0,0,0.01102947,1
161232,1,1,1.0,1
161233,0,0,0.17113045,1
161234,0,1,0.98166555,0
161235,1,1,0.9999633,1
161236,1,1,0.99866986,1
161237,1,0,0.027272668,0
161238,0,0,0.0045561143,1
161239,1,1,0.9999993,1
161240,0,0,0.064594455,1
161241,0,0,0.18017878,1
161242,1,1,0.9999999,1
161243,1,1,1.0,1
161244,1,0,0.028301448,0
161245,1,1,0.99983525,1
161246,1,0,0.23961616,0
161247,0,0,0.06365676,1
161248,1,1,0.99992454,1
161249,1,1,0.6084196,1
161250,1,1,1.0,1
161251,0,1,0.44918123,0
161252,1,0,0.013848611,0
161253,0,0,0.034456022,1
161254,0,1,0.72608584,0
161255,1,1,0.9744105,1
161256,1,1,0.99420255,1
161257,0,1,0.99984586,0
161258,1,1,0.8992099,1
161259,1,1,1.0,1
161260,0,0,0.20275874,1
161261,0,0,0.12442563,1
161262,0,0,0.2205942,1
161263,1,1,0.82147413,1
161264,1,1,0.99999905,1
161265,0,1,0.54758507,0
161266,0,0,0.33160657,1
161267,0,0,0.12538631,1
161268,1,1,1.0,1
161269,1,1,0.9996983,1
161270,1,1,0.9999995,1
161271,0,1,0.9914225,0
161272,1,1,0.9999999,1
161273,1,0,0.008124708,0
161274,0,1,0.99984765,0
161275,1,1,0.9863105,1
161276,1,1,1.0,1
161277,0,1,0.6910284,0
161278,0,1,0.5067745,0
161279,1,1,0.999936,1
161280,1,1,0.99999976,1
161281,0,1,0.999015,0
161282,0,1,0.7690802,0
161283,1,0,0.010693759,0
161284,1,0,0.06822642,0
161285,1,1,0.99993134,1
161286,0,0,0.0815929,1
161287,1,0,0.09577148,0
161288,1,1,1.0,1
161289,0,0,0.05754622,1
161290,1,1,0.9999558,1
161291,1,0,0.3477032,0
161292,1,1,0.5577851,1
161293,1,1,1.0,1
161294,0,1,0.46386924,0
161295,1,1,0.6618682,1
161296,1,1,0.37022537,1
161297,0,0,0.28537196,1
161298,1,1,1.0,1
161299,0,0,0.103839464,1
161300,0,0,0.017292492,1
161301,0,0,0.03746751,1
161302,1,1,0.9547741,1
161303,1,1,0.99999857,1
161304,1,1,0.84156543,1
161305,1,1,0.99992,1
161306,1,1,0.984063,1
161307,1,0,0.09484525,0
161308,1,1,0.9902351,1
161309,0,1,0.9912209,0
161310,1,1,1.0,1
161311,1,1,0.6350527,1
161312,0,0,0.074635044,1
161313,1,1,0.9999999,1
161314,0,0,0.08108211,1
161315,1,0,0.078148484,0
161316,1,0,0.06506812,0
161317,1,1,0.9999999,1
161318,1,1,0.9987649,1
161319,0,0,0.05470151,1
161320,1,1,0.9876639,1
161321,1,1,0.99999833,1
161322,1,1,0.66904247,1
161323,1,1,0.9781563,1
161324,0,0,0.20157737,1
161325,0,0,0.05505607,1
161326,1,1,1.0,1
161327,1,1,0.9999567,1
161328,0,0,0.03821415,1
161329,0,0,0.22354652,1
161330,0,1,0.39487165,0
161331,1,1,0.9959378,1
161332,1,1,0.99941385,1
161333,1,1,0.8624676,1
161334,0,1,0.9999993,0
161335,0,0,0.04773565,1
161336,1,1,0.9999976,1
161337,1,0,0.33911595,0
161338,1,1,0.99999714,1
161339,0,0,0.21092878,1
161340,0,1,0.99770385,0
161341,0,1,0.99989104,0
161342,1,1,0.9826743,1
161343,1,1,0.99988854,1
161344,1,0,0.10311471,0
161345,0,1,0.9923786,0
161346,0,0,0.054449577,1
161347,1,1,0.9390807,1
161348,1,1,0.9999999,1
161349,1,0,0.19891867,0
161350,1,0,0.15739572,0
161351,0,1,0.79613405,0
161352,1,1,0.9999932,1
161353,0,1,0.58165956,0
161354,0,0,0.04689926,1
161355,0,1,0.97121114,0
161356,1,1,1.0,1
161357,0,0,0.02188545,1
161358,1,1,0.7370635,1
161359,1,1,0.3761074,1
161360,1,1,0.5111676,1
161361,0,0,0.084040605,1
161362,0,1,0.999997,0
161363,0,1,0.84972197,0
161364,1,1,1.0,1
161365,0,1,0.9999677,0
161366,0,1,0.9994547,0
161367,0,1,0.9967269,0
161368,0,0,0.009161027,1
161369,0,1,0.45350388,0
161370,1,0,0.23335676,0
161371,0,1,0.99997294,0
161372,0,1,0.6065567,0
161373,1,1,1.0,1
161374,1,1,1.0,1
161375,1,1,1.0,1
161376,0,0,0.0060152626,1
161377,1,0,0.15241031,0
161378,0,0,0.06779314,1
161379,0,1,0.9956937,0
161380,1,0,0.15424858,0
161381,1,1,0.9608783,1
161382,1,1,0.9579909,1
161383,1,1,0.9999999,1
161384,0,1,0.5528415,0
161385,1,1,0.9999691,1
161386,1,1,0.5341265,1
161387,1,0,0.10613344,0
161388,0,0,0.0703677,1
161389,1,1,0.99271095,1
161390,0,1,0.9999999,0
161391,1,0,0.027091902,0
161392,1,0,0.058507007,0
161393,1,1,0.99060565,1
161394,1,1,0.9946568,1
161395,0,0,0.08122775,1
161396,0,1,0.99999976,0
161397,1,1,0.73946947,1
161398,0,0,0.33149835,1
161399,0,1,0.99557483,0
161400,0,1,0.92709976,0
161401,0,1,0.66099346,0
161402,1,1,0.8664719,1
161403,1,1,0.8345418,1
161404,1,1,0.87726665,1
161405,1,1,0.99824536,1
161406,1,1,1.0,1
161407,1,1,1.0,1
161408,0,1,0.57707834,0
161409,1,1,0.99499834,1
161410,1,1,1.0,1
161411,1,0,0.03179867,0
161412,0,0,0.22936255,1
161413,1,0,0.22541662,0
161414,1,0,0.12808825,0
161415,0,1,1.0,0
161416,1,1,0.9999999,1
161417,1,1,0.8305941,1
161418,1,1,1.0,1
161419,1,1,1.0,1
161420,0,1,0.47155786,0
161421,0,0,0.048405956,1
161422,1,1,0.4223855,1
161423,1,1,0.9963924,1
161424,1,1,0.8034052,1
161425,1,1,0.9938309,1
161426,0,0,0.015424551,1
161427,1,0,0.15533453,0
161428,1,1,0.704211,1
161429,0,0,0.33225623,1
161430,0,0,0.33258134,1
161431,1,1,1.0,1
161432,0,1,0.9933717,0
161433,0,0,0.06602512,1
161434,1,1,1.0,1
161435,1,1,0.8821236,1
161436,1,1,0.86293024,1
161437,0,0,0.036049988,1
161438,0,1,0.7745834,0
161439,1,0,0.23943825,0
161440,1,1,0.99996674,1
161441,1,1,0.99983,1
161442,1,0,0.07382971,0
161443,0,0,0.14390808,1
161444,1,0,0.09342957,0
161445,0,1,0.73748916,0
161446,1,1,1.0,1
161447,1,0,0.040769264,0
161448,0,0,0.3410885,1
161449,1,1,0.99997663,1
161450,1,1,1.0,1
161451,1,0,0.02317551,0
161452,0,0,0.09409338,1
161453,1,1,0.99952996,1
161454,0,0,0.10669061,1
161455,0,0,0.046378206,1
161456,0,1,0.6948723,0
161457,1,0,0.0012521496,0
161458,1,1,0.99953353,1
161459,1,1,0.99978596,1
161460,0,1,0.39761674,0
161461,1,0,0.10951515,0
161462,1,1,0.99961627,1
161463,0,0,0.02931223,1
161464,0,0,0.27105868,1
161465,1,1,0.9706599,1
161466,1,1,0.99995565,1
161467,0,1,0.9999194,0
161468,1,0,0.33155248,0
161469,0,0,0.043123364,1
161470,0,0,0.09434341,1
161471,0,0,0.053353984,1
161472,0,0,0.26908544,1
161473,0,1,0.9999974,0
161474,0,1,0.5428027,0
161475,1,1,0.99999976,1
161476,0,0,0.0077856546,1
161477,1,1,0.40001673,1
161478,1,1,1.0,1
161479,0,0,0.04972728,1
161480,0,0,0.32407495,1
161481,1,1,0.9999856,1
161482,0,1,0.9999194,0
161483,0,0,0.3094931,1
161484,0,0,0.12210386,1
161485,1,1,1.0,1
161486,0,1,0.3838145,0
161487,0,1,0.9999989,0
161488,1,1,0.95443547,1
161489,1,1,0.99964786,1
161490,0,1,0.9980354,0
161491,1,1,1.0,1
161492,0,1,0.99966204,0
161493,0,0,6.014152e-05,1
161494,0,0,0.17838266,1
161495,0,1,0.95938325,0
161496,1,0,0.15090261,0
161497,1,1,0.99992096,1
161498,1,1,0.9985814,1
161499,1,1,0.99857855,1
161500,0,0,0.12054232,1
161501,1,1,0.7526495,1
161502,1,1,0.99993026,1
161503,1,1,0.98646784,1
161504,0,0,0.24826072,1
161505,0,0,0.287968,1
161506,0,1,0.46617723,0
161507,0,1,1.0,0
161508,1,0,0.13000904,0
161509,1,1,1.0,1
161510,1,0,0.18388654,0
161511,1,1,1.0,1
161512,0,1,0.99634284,0
161513,1,1,0.9995035,1
161514,0,1,0.87800074,0
161515,0,1,0.96189344,0
161516,1,1,1.0,1
161517,1,1,0.9999665,1
161518,1,1,1.0,1
161519,1,1,1.0,1
161520,1,1,1.0,1
161521,1,1,0.9913223,1
161522,0,1,0.9955835,0
161523,1,1,0.9927812,1
161524,0,0,0.034068275,1
161525,1,0,0.020685462,0
161526,1,1,1.0,1
161527,0,1,0.5139734,0
161528,0,0,0.18352044,1
161529,1,1,1.0,1
161530,0,1,0.99209267,0
161531,1,0,0.07696085,0
161532,1,0,0.12080135,0
161533,1,1,0.41374364,1
161534,1,1,1.0,1
161535,1,1,1.0,1
161536,1,0,0.13701203,0
161537,0,0,0.03410043,1
161538,0,1,0.4490906,0
161539,0,1,0.72691053,0
161540,0,0,0.08686416,1
161541,0,1,0.66774374,0
161542,0,1,0.9999629,0
161543,1,1,0.95735765,1
161544,0,0,0.26602346,1
161545,1,0,0.2186694,0
161546,1,1,1.0,1
161547,0,0,0.2817019,1
161548,0,1,0.99993765,0
161549,0,0,0.28096148,1
161550,0,1,0.8326453,0
161551,1,1,0.99986815,1
161552,1,1,0.7891525,1
161553,1,1,0.99997747,1
161554,1,0,0.017226238,0
161555,0,0,0.21700546,1
161556,1,1,1.0,1
161557,1,1,1.0,1
161558,1,1,1.0,1
161559,0,1,0.7397516,0
161560,1,1,1.0,1
161561,1,1,0.8831352,1
161562,1,1,1.0,1
161563,0,0,0.030675802,1
161564,0,0,0.13945496,1
161565,0,0,0.002741556,1
161566,1,1,1.0,1
161567,0,1,0.44839606,0
161568,1,0,0.30860683,0
161569,0,1,0.8967045,0
161570,1,1,0.9505489,1
161571,1,1,0.99998546,1
161572,1,1,0.4991455,1
161573,0,1,0.96498734,0
161574,1,1,0.99946314,1
161575,1,0,0.3137876,0
161576,1,1,1.0,1
161577,1,0,0.19837458,0
161578,0,0,0.04300264,1
161579,0,0,0.08464396,1
161580,0,1,0.49096775,0
161581,0,1,0.8894329,0
161582,1,1,0.99428093,1
161583,0,1,1.0,0
161584,0,1,0.5665582,0
161585,1,0,0.06019705,0
161586,1,1,0.9979532,1
161587,0,0,0.28831857,1
161588,1,0,0.18817475,0
161589,0,0,0.14946929,1
161590,0,1,0.99978846,0
161591,0,0,0.07921033,1
161592,0,0,0.016152835,1
161593,1,0,0.2996685,0
161594,0,0,0.32156652,1
161595,0,1,0.43722266,0
161596,0,1,0.484563,0
161597,0,1,0.98378503,0
161598,1,1,1.0,1
161599,1,1,0.99892044,1
161600,1,1,1.0,1
161601,1,1,0.9976814,1
161602,0,0,0.04650795,1
161603,1,1,0.9999497,1
161604,1,1,0.9342753,1
161605,1,1,0.7312985,1
161606,1,1,0.9998832,1
161607,0,0,0.2794842,1
161608,0,1,0.99601597,0
161609,0,0,0.030967517,1
161610,1,1,0.9999745,1
161611,1,1,1.0,1
161612,0,1,0.8393393,0
161613,1,1,0.9999982,1
161614,1,0,0.014985891,0
161615,1,1,0.99999166,1
161616,0,1,0.8578872,0
161617,0,1,0.994089,0
161618,0,0,0.007591943,1
161619,1,1,0.9999931,1
161620,1,1,0.9983223,1
161621,1,0,0.12929276,0
161622,1,1,0.9999881,1
161623,0,0,0.33448073,1
161624,0,1,0.99600047,0
161625,0,1,0.99097973,0
161626,0,1,0.9551939,0
161627,1,1,0.9951703,1
161628,1,1,1.0,1
161629,1,1,1.0,1
161630,0,0,0.24319282,1
161631,0,0,0.24944724,1
161632,1,1,1.0,1
161633,1,0,0.16046326,0
161634,0,1,0.7968463,0
161635,0,0,0.057652235,1
161636,1,1,0.9999914,1
161637,0,0,0.024821786,1
161638,0,1,0.8590736,0
161639,0,1,0.9916196,0
161640,0,0,0.05981148,1
161641,0,0,0.035611417,1
161642,0,0,0.1339241,1
161643,0,0,0.14324762,1
161644,0,1,0.44269672,0
161645,1,1,0.94853723,1
161646,0,0,0.24418274,1
161647,1,1,0.9982488,1
161648,0,0,0.26279455,1
161649,0,1,0.64573455,0
161650,1,0,0.34004676,0
161651,0,1,0.9456007,0
161652,0,0,0.05424881,1
161653,0,0,0.15726623,1
161654,1,0,0.07185127,0
161655,0,0,0.2502709,1
161656,0,1,0.42125416,0
161657,0,1,0.99997497,0
161658,0,0,0.068040416,1
161659,0,0,0.044722572,1
161660,1,0,0.13741668,0
161661,1,1,1.0,1
161662,0,0,0.03739713,1
161663,1,1,0.9998952,1
161664,0,0,0.08336651,1
161665,0,1,0.47901624,0
161666,1,1,0.99999964,1
161667,1,1,0.9999994,1
161668,0,1,0.44191384,0
161669,0,1,0.99975556,0
161670,0,1,1.0,0
161671,0,0,0.3426265,1
161672,1,1,0.62056416,1
161673,1,0,0.20601411,0
161674,0,0,0.25580814,1
161675,0,0,0.023825366,1
161676,0,0,0.047646955,1
161677,1,1,0.9997998,1
161678,0,0,0.13609089,1
161679,1,1,0.97877365,1
161680,0,1,0.9999995,0
161681,0,0,0.163579,1
161682,1,0,0.070176296,0
161683,0,0,0.07303238,1
161684,1,1,0.96242666,1
161685,1,1,0.9999987,1
161686,0,0,0.168583,1
161687,0,1,0.881513,0
161688,1,1,0.9926967,1
161689,1,1,0.99999905,1
161690,1,1,0.9352283,1
161691,0,0,0.056913942,1
161692,1,1,0.99971753,1
161693,0,0,0.32664722,1
161694,1,1,0.99813974,1
161695,0,1,0.3894885,0
161696,0,1,0.9999999,0
161697,1,1,1.0,1
161698,0,1,0.36082682,0
161699,0,1,0.9967269,0
161700,0,0,0.109039895,1
161701,0,1,0.85848147,0
161702,1,1,0.5957866,1
161703,1,0,0.03155902,0
161704,1,1,1.0,1
161705,1,1,0.6706622,1
161706,0,0,0.11920292,1
161707,1,1,0.9116528,1
161708,1,1,0.7366375,1
161709,0,1,0.9799574,0
161710,1,1,0.9899282,1
161711,1,1,0.99999344,1
161712,0,0,0.12570794,1
161713,1,1,0.999979,1
161714,1,1,0.9898107,1
161715,0,1,0.6234342,0
161716,1,1,0.9968149,1
161717,1,1,1.0,1
161718,0,1,0.9513234,0
161719,0,0,0.10158944,1
161720,1,1,0.99999917,1
161721,1,0,0.015276946,0
161722,0,1,0.9992206,0
161723,1,1,0.85269034,1
161724,0,1,0.99999905,0
161725,0,0,0.012771868,1
161726,0,0,0.17497346,1
161727,0,0,0.29007506,1
161728,1,1,0.99908006,1
161729,1,1,1.0,1
161730,1,1,0.9939964,1
161731,1,1,0.6949759,1
161732,0,0,0.098772585,1
161733,1,1,1.0,1
161734,1,0,0.022414219,0
161735,1,1,0.38690823,1
161736,1,1,0.99608517,1
161737,1,1,0.9811849,1
161738,1,1,1.0,1
161739,0,0,0.09687654,1
161740,0,0,0.02463338,1
161741,0,1,0.99860066,0
161742,0,0,0.30907583,1
161743,1,1,0.98932695,1
161744,1,1,1.0,1
161745,0,0,0.05997644,1
161746,1,0,0.03750274,0
161747,1,0,0.27371997,0
161748,1,1,1.0,1
161749,0,0,0.07483763,1
161750,1,1,0.83359575,1
161751,0,0,0.2779627,1
161752,1,1,0.99999976,1
161753,0,1,0.9996338,0
161754,1,1,0.8103289,1
161755,1,0,0.16271237,0
161756,0,0,0.16830944,1
161757,0,0,0.17539679,1
161758,1,1,0.99999726,1
161759,0,0,0.047780067,1
161760,1,1,1.0,1
161761,0,1,0.9889492,0
161762,1,1,0.99650973,1
161763,1,1,0.9996679,1
161764,1,1,0.9999999,1
161765,1,0,0.20882359,0
161766,0,0,0.2358996,1
161767,0,0,0.07152632,1
161768,0,1,0.8493474,0
161769,1,0,0.16572809,0
161770,0,0,0.09342957,1
161771,1,1,0.41902375,1
161772,0,1,0.3742474,0
161773,0,0,0.1919328,1
161774,1,1,0.6241217,1
161775,0,1,0.9994012,0
161776,1,1,0.39323938,1
161777,1,1,0.98582757,1
161778,0,1,0.9540518,0
161779,0,1,0.4991455,0
161780,0,0,0.0046545975,1
161781,1,1,1.0,1
161782,1,1,0.9999585,1
161783,0,1,0.9999999,0
161784,0,0,0.20866227,1
161785,0,0,0.027402505,1
161786,1,1,0.9999882,1
161787,0,1,0.49591073,0
161788,1,1,0.9976859,1
161789,0,0,0.086554825,1
161790,0,1,0.7059371,0
161791,1,1,0.96958447,1
161792,1,0,0.14069007,0
161793,0,1,0.9869795,0
161794,1,0,0.035244327,0
161795,1,1,0.99888617,1
161796,1,0,0.3227928,0
161797,0,1,0.9594213,0
161798,0,0,0.27727723,1
161799,1,1,0.9999999,1
161800,0,1,0.79438496,0
161801,0,1,0.99955493,0
161802,1,1,0.99999833,1
161803,1,1,0.99996626,1
161804,0,0,0.18698417,1
161805,0,1,0.9997739,0
161806,0,1,0.3838434,0
161807,1,1,0.99900913,1
161808,1,1,0.88161486,1
161809,1,1,0.99999404,1
161810,0,1,0.9161096,0
161811,0,1,0.9997378,0
161812,0,0,0.20354918,1
161813,1,1,0.3737615,1
161814,0,1,0.9920157,0
161815,0,0,0.08678673,1
161816,1,1,1.0,1
161817,1,1,0.8468312,1
161818,1,1,1.0,1
161819,0,0,0.16317856,1
161820,1,0,0.21068507,0
161821,1,1,0.99994755,1
161822,0,1,0.61941373,0
161823,0,1,0.35342818,0
161824,1,1,1.0,1
161825,0,1,0.99962664,0
161826,1,1,0.9999659,1
161827,0,0,0.27958256,1
161828,1,1,0.39420095,1
161829,0,0,0.2630784,1
161830,0,1,0.9791357,0
161831,0,0,0.17504396,1
161832,0,0,0.05754622,1
161833,0,0,0.20537588,1
161834,0,0,0.21019831,1
161835,0,1,0.99999833,0
161836,0,0,0.06412401,1
161837,1,0,0.18039528,0
161838,0,1,0.9993449,0
161839,1,1,0.99999964,1
161840,0,0,0.09730459,1
161841,1,1,0.99769044,1
161842,1,1,0.6702306,1
161843,1,1,0.9999269,1
161844,1,1,0.99999976,1
161845,1,1,0.49389675,1
161846,1,1,0.9284088,1
161847,0,1,0.99903023,0
161848,1,0,0.2594502,0
161849,1,0,0.018707229,0
161850,0,0,0.018511046,1
161851,0,0,0.11671367,1
161852,0,1,0.5015259,0
161853,0,0,0.18922126,1
161854,0,1,0.9773492,0
161855,1,1,0.9999989,1
161856,0,1,0.9593071,0
161857,1,1,1.0,1
161858,1,0,0.20521656,0
161859,1,1,0.99999905,1
161860,0,0,0.026989132,1
161861,1,1,0.9424538,1
161862,1,1,0.9999713,1
161863,0,1,0.4414924,0
161864,1,1,0.9999994,1
161865,1,1,0.9870046,1
161866,1,1,0.54540676,1
161867,0,1,0.9999863,0
161868,1,1,0.9466954,1
161869,0,1,0.9978258,0
161870,0,1,0.9909272,0
161871,1,1,0.99155444,1
161872,1,1,0.9999999,1
161873,1,0,0.07850098,0
161874,0,1,0.57975733,0
161875,0,1,0.7653304,0
161876,0,0,0.03971326,1
161877,1,1,0.99630713,1
161878,1,1,0.9999989,1
161879,0,1,0.99999,0
161880,1,1,0.9999982,1
161881,1,1,0.9981756,1
161882,1,1,0.99996924,1
161883,1,1,0.99999535,1
161884,1,1,0.7090191,1
161885,0,1,0.9999956,0
161886,1,1,0.99997544,1
161887,0,0,0.02945148,1
161888,1,1,0.8547634,1
161889,1,1,0.97836393,1
161890,0,1,0.94924754,0
161891,1,1,1.0,1
161892,1,1,0.52299404,1
161893,1,1,0.749179,1
161894,0,0,0.039862495,1
161895,1,0,0.05623634,0
161896,1,1,1.0,1
161897,0,0,0.22524613,1
161898,0,0,0.11037522,1
161899,0,1,0.99999356,0
161900,1,1,0.8656789,1
161901,0,1,0.9871788,0
161902,1,1,0.999129,1
161903,1,1,1.0,1
161904,0,1,0.99894124,0
161905,0,0,0.035177976,1
161906,0,0,0.12808825,1
161907,1,1,0.9630224,1
161908,1,0,0.15418488,0
161909,0,0,0.028816197,1
161910,0,1,0.9889064,0
161911,0,1,0.5474641,0
161912,0,0,0.033242542,1
161913,1,1,1.0,1
161914,1,1,0.95296955,1
161915,0,0,0.02665774,1
161916,1,0,0.15373966,0
161917,1,0,0.23493281,0
161918,1,1,0.7856377,1
161919,1,0,0.077447854,0
161920,0,1,0.93587595,0
161921,1,1,0.47834605,1
161922,1,0,0.11240509,0
161923,1,1,1.0,1
161924,0,1,0.385259,0
161925,1,1,1.0,1
161926,0,1,0.9996381,0
161927,1,1,0.99977654,1
161928,0,0,0.07765744,1
161929,1,0,0.0374323,0
161930,1,1,0.99298817,1
161931,0,1,0.99085677,0
161932,0,0,0.19884089,1
161933,0,0,0.080213256,1
161934,1,1,0.99999976,1
161935,1,1,1.0,1
161936,1,1,0.9878528,1
161937,1,1,0.99999464,1
161938,1,0,0.052086018,0
161939,1,1,0.42551568,1
161940,1,1,0.85269034,1
161941,1,1,0.99999964,1
161942,0,0,0.27187952,1
161943,1,1,0.9920466,1
161944,0,1,1.0,0
161945,1,0,0.182717,0
161946,0,0,0.16092427,1
161947,0,1,0.65946,0
161948,1,1,1.0,1
161949,0,0,0.20386599,1
161950,0,1,0.48148432,0
161951,0,1,0.9946464,0
161952,1,1,0.92860323,1
161953,0,1,0.77814394,0
161954,1,1,0.99999297,1
161955,0,0,0.11289317,1
161956,1,1,0.9930153,1
161957,0,1,0.5415907,0
161958,1,0,0.14134066,0
161959,0,0,0.01461567,1
161960,1,1,1.0,1
161961,0,1,0.8146434,0
161962,1,1,0.43629178,1
161963,0,1,0.6242363,0
161964,0,0,0.2026798,1
161965,1,1,1.0,1
161966,0,1,0.9839708,0
161967,0,0,0.052086018,1
161968,0,0,0.17476209,1
161969,0,1,0.7703784,0
161970,0,1,0.4532921,0
161971,1,1,1.0,1
161972,1,1,0.64372134,1
161973,0,1,0.49780273,0
161974,0,0,0.03861093,1
161975,1,1,0.95331854,1
161976,1,1,0.8217605,1
161977,1,1,0.9984176,1
161978,1,1,0.8159668,1
161979,1,1,0.9997851,1
161980,0,0,0.104660206,1
161981,1,1,1.0,1
161982,0,0,0.051749542,1
161983,1,1,0.99694854,1
161984,0,0,0.0683507,1
161985,1,1,0.6009497,1
161986,0,0,0.16317856,1
161987,1,0,0.09476145,0
161988,0,1,0.9908744,0
161989,1,1,0.9933589,1
161990,1,1,0.9999982,1
161991,1,1,0.9999999,1
161992,0,0,0.0672398,1
161993,0,0,0.07362963,1
161994,1,1,0.96171397,1
161995,0,0,0.04012495,1
161996,0,0,0.075653054,1
161997,1,1,1.0,1
161998,0,0,0.29844025,1
161999,0,0,0.12787029,1
162000,1,1,1.0,1
162001,1,1,0.9999969,1
162002,1,0,0.11951087,0
162003,0,1,0.99668854,0
162004,1,1,0.96964204,1
162005,0,1,0.9966299,0
162006,0,1,0.45426032,0
162007,1,0,0.0773781,0
162008,1,1,1.0,1
162009,0,0,0.17967446,1
162010,0,1,0.99999976,0
162011,1,0,0.28229508,0
162012,1,1,1.0,1
162013,0,0,0.021615336,1
162014,0,1,0.95536083,0
162015,1,1,0.99858415,1
162016,0,0,0.017409043,1
162017,1,1,1.0,1
162018,0,1,0.40916178,0
162019,1,1,0.9997236,1
162020,1,1,0.99996996,1
162021,0,1,0.6196439,0
162022,1,1,0.58894825,1
162023,1,1,0.92590266,1
162024,1,1,0.9998097,1
162025,0,0,0.2887696,1
162026,1,1,0.8016254,1
162027,1,0,0.0768222,0
162028,1,1,0.99999857,1
162029,0,1,0.37450472,0
162030,1,1,0.7778066,1
162031,1,1,0.99394965,1
162032,1,1,0.99951315,1
162033,1,0,0.07716922,0
162034,0,1,0.6062071,0
162035,0,1,0.99998367,0
162036,1,0,0.11221037,0
162037,0,1,0.9999964,0
162038,1,1,0.9893063,1
162039,0,0,0.15146656,1
162040,0,1,0.79286546,0
162041,0,0,0.029591372,1
162042,1,1,0.995906,1
162043,1,1,0.9798034,1
162044,1,1,0.9997739,1
162045,1,1,0.99965334,1
162046,0,0,0.20402455,1
162047,1,1,0.9993424,1
162048,1,1,0.9990564,1
162049,0,0,0.08210661,1
162050,0,0,0.024030639,1
162051,1,1,0.47411373,1
162052,1,1,0.97142875,1
162053,1,1,0.99999964,1
162054,1,1,0.99998164,1
162055,0,0,0.023870833,1
162056,1,1,0.9999999,1
162057,1,1,0.99961406,1
162058,0,0,0.09782047,1
162059,0,0,0.314682,1
162060,1,1,0.99541724,1
162061,1,1,0.6746403,1
162062,1,1,1.0,1
162063,0,0,0.17398883,1
162064,0,1,0.9680808,0
162065,0,1,1.0,0
162066,1,1,1.0,1
162067,1,1,0.97381955,1
162068,0,1,0.98166555,0
162069,1,1,0.99444515,1
162070,1,0,0.095433734,0
162071,1,1,0.9989536,1
162072,0,1,0.92241246,0
162073,1,0,0.075721376,0
162074,0,0,0.021656675,1
162075,0,1,0.6994084,0
162076,0,1,0.99985516,0
162077,1,1,1.0,1
162078,0,0,0.037082024,1
162079,0,1,0.8318272,0
162080,1,1,1.0,1
162081,1,1,1.0,1
162082,1,1,0.37461907,1
162083,1,1,0.99999845,1
162084,1,1,0.9999027,1
162085,1,0,0.0052302782,0
162086,1,1,0.99998593,1
162087,0,0,0.12236581,1
162088,0,0,0.2982869,1
162089,0,0,0.13933781,1
162090,0,0,0.04822634,1
162091,1,1,0.35588682,1
162092,1,1,0.9999999,1
162093,1,1,1.0,1
162094,1,1,0.976513,1
162095,0,1,0.71338165,0
162096,1,1,0.44173318,1
162097,1,1,0.9999938,1
162098,1,0,0.07921033,0
162099,1,1,0.9991541,1
162100,1,1,1.0,1
162101,0,0,0.008985428,1
162102,0,1,0.99298817,0
162103,0,1,0.5746932,0
162104,1,1,0.9957188,1
162105,0,1,0.9321451,0
162106,1,0,0.28542176,0
162107,1,1,0.9999658,1
162108,1,1,1.0,1
162109,0,1,0.9078855,0
162110,0,0,0.11018359,1
162111,0,0,0.34620965,1
162112,1,1,0.9170801,1
162113,1,0,0.21766995,0
162114,1,0,0.0015247863,0
162115,1,1,0.9914391,1
162116,0,0,0.28886992,1
162117,1,1,0.9570375,1
162118,1,1,0.54019624,1
162119,0,1,0.99495924,0
162120,0,1,0.999866,0
162121,1,1,0.9976814,1
162122,0,0,0.036769465,1
162123,0,0,0.00472755,1
162124,0,1,0.9993,0
162125,0,0,0.20024472,1
162126,1,1,0.99843913,1
162127,1,1,0.99999833,1
162128,1,1,1.0,1
162129,0,0,0.13597612,1
162130,1,1,0.9999609,1
162131,0,0,0.18046747,1
162132,1,0,0.12635334,0
162133,0,1,0.9999645,0
162134,0,0,0.2692295,1
162135,1,0,0.025858779,0
162136,0,1,0.9932025,0
162137,0,1,0.9997011,0
162138,1,1,1.0,1
162139,1,1,0.99976677,1
162140,0,1,0.7580631,0
162141,1,1,0.9988121,1
162142,0,0,0.0025859368,1
162143,0,1,0.73192173,0
162144,1,1,1.0,1
162145,1,1,0.999928,1
162146,0,1,0.6119039,0
162147,0,1,0.98739934,0
162148,1,0,0.015014747,0
162149,1,1,0.9989617,1
162150,0,1,0.86153823,0
162151,0,1,0.9342153,0
162152,0,0,0.11075938,1
162153,1,1,0.9205757,1
162154,0,0,0.3045068,1
162155,0,1,0.9931363,0
162156,1,1,0.661431,1
162157,1,1,0.98026204,1
162158,1,1,1.0,1
162159,0,1,0.47046292,0
162160,0,0,0.24880788,1
162161,1,1,0.65913093,1
162162,1,1,0.99998355,1
162163,1,1,0.9989698,1
162164,1,1,0.99997234,1
162165,1,1,0.99999845,1
162166,0,0,0.0794957,1
162167,1,1,0.99999964,1
162168,1,1,0.96792966,1
162169,1,1,0.9998671,1
162170,0,0,0.1274896,1
162171,1,0,0.24490437,0
162172,0,0,0.25534368,1
162173,0,0,0.054752033,1
162174,0,0,0.05686155,1
162175,0,1,0.43089557,0
162176,0,0,0.04455598,1
162177,1,1,1.0,1
162178,1,1,0.65781325,1
162179,0,0,0.22516096,1
162180,0,0,0.09146322,1
162181,1,1,0.9993575,1
162182,1,1,0.9999995,1
162183,1,1,0.9543506,1
162184,1,1,0.63358027,1
162185,0,1,0.99999976,0
162186,0,0,0.18359362,1
162187,0,1,0.5573635,0
162188,0,1,0.93195957,0
162189,0,0,0.11651246,1
162190,0,0,0.053009767,1
162191,0,0,0.01925269,1
162192,1,0,0.25017932,0
162193,0,1,0.9999999,0
162194,1,1,0.99988675,1
162195,1,1,0.98922324,1
162196,1,1,0.52092284,1
162197,1,1,0.9994673,1
162198,0,1,0.9399685,0
162199,0,1,0.99943966,0
162200,1,1,0.9494355,1
162201,1,1,0.7415804,1
162202,1,1,0.999969,1
162203,0,1,0.9995963,0
162204,0,0,0.064830884,1
162205,0,0,0.14608724,1
162206,1,0,0.124798484,0
162207,1,1,0.9999827,1
162208,1,1,0.891055,1
162209,1,0,0.049865905,0
162210,1,1,1.0,1
162211,1,1,1.0,1
162212,1,0,0.109039895,0
162213,0,0,0.31663334,1
162214,0,0,0.10557885,1
162215,1,1,0.53995365,1
162216,1,1,1.0,1
162217,1,1,0.9958741,1
162218,1,1,0.8804891,1
162219,0,0,0.105948284,1
162220,0,1,0.97321534,0
162221,1,0,0.34842342,0
162222,0,1,0.9975751,0
162223,0,1,0.9111007,0
162224,1,1,1.0,1
162225,1,1,0.99999917,1
162226,1,0,0.3271307,0
162227,0,1,0.83761996,0
162228,0,0,0.14116298,1
162229,1,1,0.5787458,1
162230,1,1,0.4519614,1
162231,1,1,0.9999337,1
162232,1,0,0.05051767,0
162233,1,1,0.3788612,1
162234,1,1,0.9894499,1
162235,0,0,0.19659473,1
162236,1,1,0.7866228,1
162237,1,1,0.99776125,1
162238,0,0,0.26846167,1
162239,1,0,0.046205748,0
162240,0,0,0.06524657,1
162241,0,0,0.15681377,1
162242,0,1,0.9987356,0
162243,0,1,0.99932146,0
162244,1,1,0.99994373,1
162245,1,1,1.0,1
162246,0,0,0.19713515,1
162247,0,0,0.02578508,1
162248,0,0,0.13822897,1
162249,1,1,0.99999964,1
162250,1,1,0.3962434,1
162251,1,0,0.013454153,0
162252,0,0,0.14378779,1
162253,0,1,0.99187535,0
162254,0,1,0.8847382,0
162255,1,1,1.0,1
162256,1,0,0.2625581,0
162257,1,0,0.13540348,0
162258,1,1,0.9998568,1
162259,1,1,0.4593793,1
162260,1,0,0.32906824,0
162261,1,0,0.19390948,0
162262,1,1,0.3927152,1
162263,0,1,0.9993411,0
162264,1,1,1.0,1
162265,1,1,0.99952626,1
162266,0,1,0.43704244,0
162267,1,0,0.16438228,0
162268,1,1,0.9702116,1
162269,0,1,0.9999999,0
162270,1,1,0.36122105,1
162271,0,0,0.1292378,1
162272,0,1,0.5391045,0
162273,0,0,0.13869494,1
162274,0,1,0.992725,0
162275,0,1,0.9887988,0
162276,1,0,0.2790911,0
162277,0,0,0.029958112,1
162278,1,1,0.8472108,1
162279,1,1,0.9991912,1
162280,0,1,0.72076154,0
162281,1,1,0.9934738,1
162282,1,0,2.178265e-05,0
162283,0,0,0.12619172,1
162284,1,1,0.9947595,1
162285,0,1,0.48800892,0
162286,0,1,0.99949956,0
162287,1,1,1.0,1
162288,1,0,0.11037522,0
162289,0,0,0.10356715,1
162290,1,1,0.9999962,1
162291,0,1,0.98623115,0
162292,1,0,0.13563229,0
162293,1,1,0.49859622,1
162294,0,1,0.9116528,0
162295,0,1,0.99887747,0
162296,1,1,0.96391606,1
162297,0,0,0.18220715,1
162298,0,0,0.10266401,1
162299,0,1,0.63663554,0
162300,1,1,1.0,1
162301,1,1,0.99998784,1
162302,1,1,1.0,1
162303,0,0,0.028220985,1
162304,1,1,0.99372226,1
162305,1,0,0.20307463,0
162306,1,1,0.9999994,1
162307,0,0,0.020764738,1
162308,1,1,0.57254356,1
162309,0,0,0.10961043,1
162310,1,1,0.99999976,1
162311,0,1,0.5168393,0
162312,1,1,0.99915576,1
162313,0,0,0.05802475,1
162314,1,0,0.14306794,0
162315,1,1,0.9999939,1
162316,0,1,0.9835022,0
162317,1,1,0.9999994,1
162318,1,1,0.9999442,1
162319,1,1,0.99999225,1
162320,1,1,0.9993,1
162321,0,0,0.025107034,1
162322,1,1,1.0,1
162323,0,1,0.96688277,0
162324,1,0,0.34521565,0
162325,0,1,0.989791,0
162326,1,1,1.0,1
162327,1,1,1.0,1
162328,0,0,0.3366581,1
162329,1,0,0.12667711,0
162330,1,1,1.0,1
162331,0,0,0.1261379,1
162332,1,1,0.7559974,1
162333,1,1,0.9999907,1
162334,0,1,0.87914675,0
162335,1,1,0.85741025,1
162336,0,1,0.6980722,0
162337,1,1,0.9928509,1
162338,0,0,0.058938842,1
162339,1,1,0.37547743,1
162340,1,1,0.9999999,1
162341,1,1,0.99997234,1
162342,0,0,0.025565214,1
162343,1,1,0.57975733,1
162344,0,1,0.54225737,0
162345,0,0,0.05033063,1
162346,0,0,0.2580454,1
162347,0,0,0.23784137,1
162348,1,1,0.9998134,1
162349,1,1,0.99999964,1
162350,1,1,0.7433543,1
162351,1,1,0.9998872,1
162352,1,1,0.95751673,1
162353,0,0,0.19736712,1
162354,0,0,0.037291814,1
162355,1,1,0.9864287,1
162356,1,1,0.55441016,1
162357,0,1,0.45447215,0
162358,1,1,0.9064877,1
162359,1,1,0.97957015,1
162360,1,1,1.0,1
162361,0,0,0.22371607,1
162362,0,0,0.17567943,1
162363,1,1,0.40113053,1
162364,1,1,0.5128146,1
162365,1,1,0.99876726,1
162366,0,0,0.09268777,1
162367,0,0,0.11299101,1
162368,1,1,0.9843664,1
162369,1,1,0.9916842,1
162370,0,0,0.13706978,1
162371,0,1,0.9996302,0
162372,0,1,0.48236817,0
162373,0,0,0.12651514,1
162374,1,0,0.07892589,0
162375,0,0,0.0770997,1
162376,1,1,0.9999671,1
162377,1,1,0.99991286,1
162378,1,1,0.35131106,1
162379,0,1,0.99808455,0
162380,0,0,0.13998318,1
162381,0,0,0.14823206,1
162382,0,0,0.21206881,1
162383,0,0,0.05749328,1
162384,1,1,0.4324828,1
162385,1,0,0.029340027,0
162386,0,1,0.71477735,0
162387,1,1,0.98761624,1
162388,0,0,0.10669061,1
162389,1,0,0.2870678,0
162390,1,1,0.9999989,1
162391,0,1,0.59625685,0
162392,0,1,0.99723697,0
162393,1,1,0.99945253,1
162394,1,1,0.8961605,1
162395,0,0,0.09730459,1
162396,0,1,0.7823301,0
162397,1,1,0.9999999,1
162398,1,0,0.12586902,0
162399,1,1,1.0,1
162400,0,1,0.9756001,0
162401,0,1,0.9999069,0
162402,1,1,0.9999565,1
162403,0,0,0.049497057,1
162404,1,0,0.15021572,0
162405,1,1,0.99999917,1
162406,0,0,0.044224583,1
162407,1,1,0.999974,1
162408,1,0,0.028355207,0
162409,1,1,0.8763172,1
162410,1,0,0.119151674,0
162411,1,1,1.0,1
162412,1,1,1.0,1
162413,0,0,0.14264941,1
162414,1,1,1.0,1
162415,1,1,1.0,1
162416,0,0,0.13563229,1
162417,1,0,0.22524613,0
162418,0,0,0.17773949,1
162419,1,1,0.99997497,1
162420,0,0,0.033621218,1
162421,1,1,1.0,1
162422,1,1,0.99025387,1
162423,1,1,0.42292166,1
162424,0,0,0.10539455,1
162425,0,0,0.12033541,1
162426,1,0,0.21092878,0
162427,1,1,1.0,1
162428,0,1,0.9654138,0
162429,0,1,0.888372,0
162430,0,1,0.9238675,0
162431,1,1,0.99457306,1
162432,1,1,0.65318227,1
162433,1,1,0.99973255,1
162434,1,1,1.0,1
162435,0,1,0.353484,0
162436,1,1,0.9996686,1
162437,1,1,1.0,1
162438,1,1,1.0,1
162439,1,1,1.0,1
162440,0,0,0.0842664,1
162441,1,1,0.9915707,1
162442,1,1,0.8045595,1
162443,1,0,0.22858672,0
162444,1,1,0.99951684,1
162445,1,1,0.99999976,1
162446,1,1,0.9997408,1
162447,0,0,0.09203286,1
162448,0,0,0.2885691,1
162449,0,0,0.008577485,1
162450,1,1,0.9999999,1
162451,1,1,0.99632144,1
162452,1,1,0.83761996,1
162453,0,1,0.9978719,0
162454,1,1,0.99999917,1
162455,1,1,0.9998859,1
162456,0,1,0.9889064,0
162457,1,1,0.9999999,1
162458,1,1,0.99999976,1
162459,1,0,0.348368,0
162460,0,1,0.99984527,0
162461,1,1,0.9999993,1
162462,1,1,0.99996924,1
162463,1,0,0.16404721,0
162464,1,0,0.110663235,0
162465,1,1,1.0,1
162466,1,1,0.4056547,1
162467,0,0,0.11486404,1
162468,0,1,0.9999924,0
162469,1,0,0.062103122,0
162470,1,1,0.9933717,1
162471,1,1,0.99999905,1
162472,1,1,0.99976856,1
162473,1,0,0.30725408,0
162474,1,0,0.34811863,0
162475,1,1,0.9627082,1
162476,1,1,0.99999964,1
162477,1,0,0.15869519,0
162478,1,0,0.14767805,0
162479,1,1,1.0,1
162480,0,1,0.93985814,0
162481,1,1,1.0,1
162482,0,1,0.97517824,0
162483,0,0,0.050004896,1
162484,0,0,0.019587422,1
162485,1,1,1.0,1
162486,0,1,0.9742639,0
162487,0,0,0.11333402,1
162488,0,1,0.75568205,0
162489,1,1,0.99778724,1
162490,1,1,1.0,1
162491,0,0,0.20094942,1
162492,1,1,0.74316806,1
162493,0,0,0.009285965,1
162494,1,1,0.5619962,1
162495,1,1,1.0,1
162496,0,0,0.25776508,1
162497,1,1,0.8746137,1
162498,0,1,0.60562414,0
162499,0,0,0.055874642,1
162500,1,1,1.0,1
162501,0,1,0.99996555,0
162502,1,1,0.8626991,1
162503,1,1,0.99999976,1
162504,1,1,1.0,1
162505,1,1,0.9628482,1
162506,0,0,0.3184851,1
162507,0,1,0.96900314,0
162508,1,1,0.9996929,1
162509,1,0,0.2018919,0
162510,1,1,0.99999774,1
162511,1,1,1.0,1
162512,0,1,0.98685336,0
162513,0,0,0.09577148,1
162514,1,1,0.99866724,1
162515,1,1,0.9995851,1
162516,1,1,0.9999683,1
162517,0,1,0.82824534,0
162518,1,1,0.99999976,1
162519,1,0,0.22824252,0
162520,0,1,0.6484107,0
162521,1,1,0.99751294,1
162522,0,0,0.0028952137,1
162523,1,0,0.09203286,0
162524,1,1,1.0,1
162525,0,1,0.9739189,0
162526,1,0,0.2303133,0
162527,0,0,0.07779745,1
162528,1,1,0.9628132,1
162529,0,0,0.10557885,1
162530,0,0,0.08277145,1
162531,0,1,0.9997918,0
162532,1,1,0.99987066,1
162533,1,1,1.0,1
162534,1,0,0.03138043,0
162535,0,0,0.25954404,1
162536,1,1,0.98677725,1
162537,1,1,1.0,1
162538,0,0,0.06342434,1
162539,0,1,0.68789214,0
162540,1,1,0.9999999,1
162541,1,1,0.9991524,1
162542,0,1,0.43665206,0
162543,0,0,0.17582092,1
162544,1,0,0.19284318,0
162545,1,1,1.0,1
162546,1,1,1.0,1
162547,1,0,0.2645958,0
162548,1,1,0.9678082,1
162549,0,1,0.9986802,0
162550,0,1,0.7217922,0
162551,0,0,0.14792407,1
162552,1,0,0.17881243,0
162553,1,0,0.12857984,0
162554,1,1,0.53151333,1
162555,0,1,0.99108386,0
162556,0,1,0.3566707,0
162557,0,1,0.7685595,0
162558,0,0,0.16762705,1
162559,0,1,0.7627777,0
162560,0,0,0.33654907,1
162561,1,1,0.9756467,1
162562,1,1,1.0,1
162563,0,1,0.60504085,0
162564,1,1,0.99999547,1
162565,1,1,0.9995566,1
162566,1,1,0.3845365,1
162567,1,0,0.1673547,0
162568,1,1,0.99988043,1
162569,1,1,1.0,1
162570,1,1,0.9940544,1
162571,1,0,0.20275874,0
162572,1,1,0.67109346,1
162573,0,0,0.13735881,1
162574,1,0,0.013715874,0
162575,1,1,0.9999958,1
162576,1,1,1.0,1
162577,0,1,0.9999933,0
162578,1,0,0.28736767,0
162579,0,1,0.35521552,0
162580,0,0,0.20252202,1
162581,0,0,0.21518578,1
162582,1,1,0.708868,1
162583,0,0,0.01821182,1
162584,0,1,1.0,0
162585,1,1,0.99996114,1
162586,0,0,0.00946738,1
162587,0,0,0.25256836,1
162588,0,0,0.0393425,1
162589,0,1,0.6081287,0
162590,1,1,0.99736834,1
162591,1,1,1.0,1
162592,0,0,0.013222823,1
162593,1,1,0.9323302,1
162594,0,1,0.9404625,0
162595,0,1,0.8479678,0
162596,0,0,0.26015443,1
162597,1,1,0.99974483,1
162598,1,1,0.99995184,1
162599,0,0,0.088978484,1
162600,1,1,0.94122344,1
162601,1,1,0.81390494,1
162602,1,1,0.7081621,1
162603,1,0,0.011050794,0
162604,0,0,0.15687834,1
162605,1,1,0.9993575,1
162606,1,0,0.06638737,0
162607,0,0,0.017392347,1
162608,0,0,0.22507577,1
162609,0,1,0.9690618,0
162610,1,1,0.51647353,1
162611,0,0,0.056288198,1
162612,0,0,0.07165614,1
162613,1,1,1.0,1
162614,0,0,0.027117655,1
162615,0,0,0.02873432,1
162616,1,1,0.896614,1
162617,0,1,0.99983,0
162618,1,1,0.91985875,1
162619,0,1,0.88463855,0
162620,0,1,0.46836504,0
162621,0,0,0.34919977,1
162622,1,1,0.99999833,1
162623,1,0,0.16988736,0
162624,1,1,1.0,1
162625,1,1,0.9999658,1
162626,1,1,1.0,1
162627,1,1,0.9998306,1
162628,0,1,0.97933435,0
162629,0,0,0.28120816,1
162630,1,1,0.93564117,1
162631,0,1,0.8161134,0
162632,1,1,0.6799761,1
162633,0,0,0.033716537,1
162634,1,1,0.99677116,1
162635,1,1,0.9993625,1
162636,0,0,0.040464837,1
162637,1,1,1.0,1
162638,1,1,0.9999999,1
162639,0,1,0.48471546,0
162640,0,0,0.14366761,1
162641,0,0,0.009708477,1
162642,1,1,0.5771975,1
162643,0,0,0.08225394,1
162644,1,1,0.9990226,1
162645,1,1,0.96084166,1
162646,0,1,0.992837,0
162647,1,1,0.998884,1
162648,0,1,0.6496342,0
162649,0,1,0.67217034,0
162650,1,1,0.9978594,1
162651,1,1,0.8296301,1
162652,0,0,0.036356665,1
162653,0,1,0.9998691,0
162654,0,1,0.87418467,0
162655,0,0,0.32885265,1
162656,1,1,0.9999988,1
162657,0,0,0.2625581,1
162658,0,0,0.1752556,1
162659,0,0,0.10456872,1
162660,0,0,0.1237887,1
162661,0,0,0.06080765,1
162662,1,0,0.07531231,0
162663,1,1,0.9999541,1
162664,0,0,0.025443856,1
162665,1,1,0.9989556,1
162666,0,1,0.46229097,0
162667,1,1,0.99999726,1
162668,0,0,0.114665605,1
162669,1,0,0.12907304,0
162670,1,1,1.0,1
162671,1,1,0.9999988,1
162672,0,1,0.41255975,0
162673,1,1,0.99794525,1
162674,1,1,1.0,1
162675,0,0,0.014672034,1
162676,0,1,0.8234704,0
162677,1,1,0.9999999,1
162678,0,0,0.14010078,1
162679,1,1,0.99999976,1
162680,1,0,0.13805456,0
162681,0,1,0.618838,0
162682,0,1,0.9948403,0
162683,1,1,0.8003801,1
162684,0,0,0.08811155,1
162685,1,1,1.0,1
162686,0,1,0.99976224,0
162687,1,1,0.90312344,1
162688,0,0,0.047691282,1
162689,1,0,0.056809194,0
162690,0,1,0.6321054,0
162691,0,0,0.020626193,1
162692,0,0,0.05340333,1
162693,0,1,0.9998029,0
162694,0,1,0.6378771,0
162695,1,1,0.9983386,1
162696,0,1,0.4016878,0
162697,1,1,0.7910151,1
162698,1,1,1.0,1
162699,1,1,0.5316957,1
162700,1,1,0.9999989,1
162701,1,1,0.55235857,1
162702,1,1,1.0,1
162703,0,0,0.06506812,1
162704,0,0,0.044722572,1
162705,1,1,0.9999999,1
162706,1,1,0.9999913,1
162707,1,1,0.5192776,1
162708,1,1,0.99871314,1
162709,1,1,0.9877351,1
162710,0,1,0.7354992,0
162711,1,1,0.5454673,1
162712,0,0,0.24981311,1
162713,1,0,0.019032659,0
162714,1,1,0.9999908,1
162715,1,1,1.0,1
162716,0,1,0.99594563,0
162717,0,1,0.9998585,0
162718,1,0,0.020468965,0
162719,1,0,0.07198163,0
162720,1,1,1.0,1
162721,0,1,0.5046996,0
162722,0,1,1.0,0
162723,0,1,0.88769233,0
162724,1,0,0.21942112,0
162725,1,1,0.99992335,1
162726,1,1,1.0,1
162727,1,1,0.99732697,1
162728,1,1,1.0,1
162729,1,1,0.99998105,1
162730,1,1,0.99999356,1
162731,0,0,0.017193202,1
162732,0,1,0.6220576,0
162733,1,1,0.9999932,1
162734,1,1,0.93645954,1
162735,1,1,0.9997508,1
162736,0,1,0.92359227,0
162737,1,1,0.99980897,1
162738,1,0,0.12252321,0
162739,1,1,0.99996793,1
162740,1,0,0.23554772,0
162741,1,1,0.9954261,1
162742,0,1,0.44510737,0
162743,1,1,1.0,1
162744,1,1,0.9999918,1
162745,0,1,0.8822251,0
162746,1,1,0.93593454,1
162747,0,0,0.07942426,1
162748,1,0,0.106411695,0
162749,0,1,0.98527133,0
162750,0,0,0.012455653,1
162751,0,0,0.01750956,1
162752,1,0,0.19208428,0
162753,1,1,0.9615699,1
162754,0,1,0.8520759,0
162755,0,0,0.30985844,1
162756,1,1,0.4074218,1
162757,1,0,0.2536761,0
162758,1,1,0.9999707,1
162759,0,1,0.6955966,0
162760,1,1,0.7884203,1
162761,0,1,0.99990654,0
162762,1,0,0.10284408,0
162763,1,1,0.99996376,1
162764,0,1,0.99974483,0
162765,1,1,0.99998343,1
162766,1,0,9.685608e-05,0
162767,0,1,0.5676371,0
162768,0,1,0.39423013,0
162769,1,1,0.9997017,1
162770,1,1,0.9006172,1
162771,1,1,0.83250916,1
162772,1,0,0.052960765,0
162773,0,1,0.99892044,0
162774,1,1,1.0,1
162775,1,1,0.9834387,1
162776,1,1,1.0,1
162777,0,0,0.026455773,1
162778,0,1,0.9962999,0
162779,1,0,0.07835981,0
162780,1,1,0.9995703,1
162781,1,1,0.9999988,1
162782,1,1,0.89190525,1
162783,0,1,0.98782945,0
162784,0,1,0.9246196,0
162785,0,0,0.044307213,1
162786,0,0,0.055515114,1
162787,0,0,0.07517641,1
162788,0,1,0.8479678,0
162789,0,1,0.99995387,0
162790,0,0,0.046335038,1
162791,1,1,0.46068317,1
162792,1,0,0.17030093,0
162793,1,1,0.9704367,1
162794,1,0,0.08834723,0
162795,0,0,0.19117662,1
162796,1,1,0.9257015,1
162797,0,0,0.107250325,1
162798,1,1,0.9848401,1
162799,0,0,0.024916517,1
162800,0,1,0.79358625,0
162801,0,0,0.30357692,1
162802,1,0,0.16566059,0
162803,1,1,1.0,1
162804,1,0,0.1668111,0
162805,0,1,0.61120796,0
162806,0,0,0.022328783,1
162807,1,1,0.99999976,1
162808,0,0,0.17140767,1
162809,1,1,0.6382154,1
162810,1,1,0.9999999,1
162811,0,0,0.10257407,1
162812,1,0,0.1965176,0
162813,0,0,0.122838534,1
162814,0,1,0.6885208,0
162815,0,1,0.7871142,0
162816,1,0,0.087096825,0
162817,1,1,1.0,1
162818,1,1,0.91655886,1
162819,1,1,0.99981624,1
162820,1,1,0.9999752,1
162821,1,1,0.99903405,1
162822,0,0,0.056340095,1
162823,1,1,0.9990564,1
162824,0,1,0.9998727,0
162825,0,0,0.16418117,1
162826,0,0,0.2770327,1
162827,0,1,0.99937373,0
162828,0,0,0.07409726,1
162829,1,0,0.20689404,0
162830,1,1,0.9999962,1
162831,1,1,0.9999993,1
162832,1,1,1.0,1
162833,0,1,0.99993944,0
162834,0,1,0.43722266,0
162835,1,1,0.99935883,1
162836,1,1,0.90320885,1
162837,1,0,0.0027044297,0
162838,1,1,1.0,1
162839,0,0,0.049039625,1
162840,1,0,0.2608599,0
162841,1,0,0.096705794,0
162842,0,0,0.008203787,1
162843,1,1,0.9999989,1
162844,1,1,1.0,1
162845,0,0,0.049085185,1
162846,1,0,0.10079008,0
162847,0,0,0.09756222,1
162848,0,1,0.9961755,0
162849,1,1,0.97726256,1
162850,0,1,0.9194258,0
162851,1,1,0.88856554,1
162852,1,0,0.069226466,0
162853,0,1,0.42289186,0
162854,1,1,0.9655439,1
162855,1,0,0.24382246,0
162856,0,1,0.81249565,0
162857,0,1,0.99582565,0
162858,1,0,0.31943977,0
162859,0,0,0.07843036,1
162860,0,1,1.0,0
162861,1,1,0.99997497,1
162862,0,0,0.053601146,1
162863,1,0,0.074500255,0
162864,1,1,0.99386686,1
162865,1,1,0.39388034,1
162866,0,0,0.05094091,1
162867,0,1,0.9411153,0
162868,0,0,0.096620515,1
162869,0,0,0.01883313,1
162870,0,0,0.19072402,1
162871,1,1,0.999902,1
162872,1,0,0.056184534,0
162873,0,1,0.99784684,0
162874,0,1,0.62240195,0
162875,1,1,0.7589575,1
162876,1,0,0.15178062,0
162877,1,1,0.75314903,1
162878,0,0,0.032222297,1
162879,1,1,0.99999774,1
162880,0,0,0.06656919,1
162881,1,1,0.9999999,1
162882,1,0,0.03875619,0
162883,1,1,1.0,1
162884,1,1,0.9890765,1
162885,1,1,0.99984586,1
162886,0,1,0.5163516,0
162887,1,0,0.15291561,0
162888,0,1,0.9999558,0
162889,1,0,0.11843607,0
162890,0,1,0.95589906,0
162891,0,0,0.045819946,1
162892,1,1,1.0,1
162893,0,1,0.36483416,0
162894,0,0,0.20212801,1
162895,1,1,1.0,1
162896,1,0,0.2855712,0
162897,1,1,0.98651993,1
162898,1,1,1.0,1
162899,1,1,1.0,1
162900,1,1,0.99999857,1
162901,0,1,0.5952573,0
162902,0,1,0.9480585,0
162903,1,1,0.99999964,1
162904,0,0,0.042166542,1
162905,0,0,0.011353655,1
162906,0,0,0.08748585,1
162907,0,0,0.04624881,1
162908,1,1,0.996682,1
162909,1,1,0.9998977,1
162910,1,1,0.9851576,1
162911,1,1,0.99998975,1
162912,0,1,0.9971551,0
162913,0,1,0.99849296,0
162914,1,0,0.035544395,0
162915,1,1,0.9998945,1
162916,1,1,0.97865146,1
162917,0,0,0.10194652,1
162918,0,1,0.9638821,0
162919,1,1,0.99997604,1
162920,0,1,0.94165415,0
162921,0,1,0.38393,0
162922,1,1,0.99958354,1
162923,1,1,0.45656118,1
162924,0,0,0.13257071,1
162925,0,1,0.5910743,0
162926,1,0,0.029901406,0
162927,0,0,0.039527465,1
162928,1,0,0.17203271,0
162929,0,1,0.99776995,0
162930,0,0,0.06687324,1
162931,1,1,0.7175565,1
162932,0,1,0.9882902,0
162933,0,1,0.97578543,0
162934,1,1,0.99279517,1
162935,1,1,0.99999964,1
162936,1,0,0.09227797,0
162937,1,1,0.99999964,1
162938,1,1,0.99998486,1
162939,1,1,0.9999999,1
162940,0,1,0.9999815,0
162941,1,1,0.9999981,1
162942,0,0,0.17133832,1
162943,1,1,0.42000473,1
162944,1,1,1.0,1
162945,1,1,0.9999528,1
162946,1,0,0.014813886,0
162947,0,1,1.0,0
162948,1,1,0.9999896,1
162949,0,0,0.04054074,1
162950,1,0,0.004582765,0
162951,1,1,0.9993411,1
162952,0,0,0.25711167,1
162953,0,0,0.0140907345,1
162954,1,1,0.9999999,1
162955,1,1,0.59561014,1
162956,1,1,0.99398476,1
162957,1,0,0.03775027,0
162958,1,1,0.9999752,1
162959,1,1,0.43338183,1
162960,0,1,0.39542598,0
162961,1,1,0.99997187,1
162962,1,1,1.0,1
162963,0,1,0.97376966,0
162964,0,1,0.99983203,0
162965,1,1,1.0,1
162966,1,1,0.98792297,1
162967,0,1,0.40969306,0
162968,0,0,0.051177494,1
162969,0,1,0.430686,0
162970,1,1,0.99989605,1
162971,1,1,0.9999999,1
162972,0,1,0.615839,0
162973,0,1,0.9370381,0
162974,1,0,0.30933657,0
162975,1,1,0.352982,1
162976,0,1,0.82741016,0
162977,1,1,0.9892855,1
162978,0,1,0.9753666,0
162979,0,0,0.21526824,1
162980,1,1,0.99398476,1
162981,1,0,0.10302444,0
162982,1,1,0.8872046,1
162983,1,0,0.032589745,0
162984,0,1,0.5851011,0
162985,1,0,0.07329728,0
162986,1,1,0.99999976,1
162987,0,0,0.12989861,1
162988,0,1,0.98173577,0
162989,0,0,0.067056276,1
162990,1,0,0.009232214,0
162991,0,0,0.034456022,1
162992,1,0,0.13764834,0
162993,0,0,0.33709443,1
162994,1,1,0.9971717,1
162995,1,1,0.92107415,1
162996,0,1,0.8006141,0
162997,1,1,0.99983203,1
162998,1,0,0.032283258,0
162999,1,1,0.41905347,1
163000,1,1,0.9981541,1
163001,1,1,1.0,1
163002,0,1,0.999992,0
163003,1,1,0.9999467,1
163004,0,0,0.23265864,1
163005,0,1,0.8704873,0
163006,1,1,0.99998844,1
163007,1,0,0.00577493,0
163008,1,1,0.953188,1
163009,1,1,0.9806364,1
163010,0,0,0.18090117,1
163011,1,1,0.99802387,1
163012,0,0,0.13637818,1
163013,1,1,1.0,1
163014,0,1,0.9999707,0
163015,0,1,1.0,0
163016,0,1,0.9222726,0
163017,0,1,0.367327,0
163018,1,1,0.9993525,1
163019,0,1,0.99757034,0
163020,1,0,0.19276717,0
163021,0,1,0.91891783,0
163022,0,1,0.9904591,0
163023,1,1,0.9865458,1
163024,1,1,0.4288911,1
163025,1,0,0.10132237,0
163026,1,1,1.0,1
163027,0,0,0.0094490815,1
163028,1,0,0.034132607,0
163029,0,1,0.72282064,0
163030,1,1,0.99812514,1
163031,1,0,0.10913479,0
163032,1,1,0.99982256,1
163033,0,0,0.0830685,1
163034,1,1,0.999089,1
163035,1,0,0.0058199596,0
163036,0,0,0.2923932,1
163037,1,0,0.05179748,0
163038,0,1,0.8040984,0
163039,0,1,0.9997198,0
163040,1,1,0.9999999,1
163041,1,1,0.5098864,1
163042,0,0,0.01510165,1
163043,0,1,0.9943251,0
163044,1,1,1.0,1
163045,1,1,0.9678082,1
163046,0,1,0.982117,0
163047,1,1,1.0,1
163048,1,1,0.9999651,1
163049,1,1,0.99960417,1
163050,0,1,0.37473348,0
163051,1,1,0.9999893,1
163052,1,1,0.9451974,1
163053,1,0,0.0028671585,0
163054,0,0,0.09392703,1
163055,1,1,0.4368923,1
163056,0,0,0.22067817,1
163057,0,1,0.75676227,0
163058,0,0,0.036734894,1
163059,1,1,0.99993896,1
163060,1,0,0.21084754,0
163061,1,0,0.25017932,0
163062,0,0,0.05037733,1
163063,1,1,0.99895155,1
163064,1,1,0.36375988,1
163065,0,0,0.066206016,1
163066,1,0,0.245537,0
163067,0,0,0.1201288,1
163068,0,1,0.988108,0
163069,0,1,0.9167827,0
163070,1,1,0.99972945,1
163071,1,1,1.0,1
163072,0,1,0.98680264,0
163073,1,1,0.99959785,1
163074,1,0,0.029008126,0
163075,1,1,1.0,1
163076,0,0,0.037963696,1
163077,1,1,0.36065793,1
163078,0,0,0.24409263,1
163079,1,1,0.99736834,1
163080,1,1,0.9999999,1
163081,0,0,0.1289633,1
163082,0,0,0.06935241,1
163083,0,1,0.6084196,0
163084,0,1,0.99140584,0
163085,1,1,1.0,1
163086,0,0,0.04377274,1
163087,0,1,0.72277164,0
163088,1,1,0.9875444,1
163089,0,1,0.79350626,0
163090,0,0,0.18032306,1
163091,0,0,0.30574915,1
163092,0,0,0.24310295,1
163093,0,1,0.9999726,0
163094,0,0,0.044764314,1
163095,1,1,0.9989698,1
163096,0,1,0.7092205,0
163097,0,1,0.9890343,0
163098,1,0,0.093512304,0
163099,1,1,0.4663291,1
163100,1,0,0.31090358,0
163101,0,0,0.013325147,1
163102,1,0,0.1067837,0
163103,1,1,1.0,1
163104,1,0,0.29467145,0
163105,1,1,0.99997973,1
163106,0,1,0.54716164,0
163107,0,0,0.051415116,1
163108,1,1,0.9997594,1
163109,0,0,0.09401018,1
163110,1,1,0.9999877,1
163111,0,1,0.99999774,0
163112,1,1,0.99808073,1
163113,1,1,0.9873262,1
163114,1,1,0.9998722,1
163115,0,1,0.61607003,0
163116,1,0,0.16532342,0
163117,1,1,0.92262185,1
163118,1,1,0.8166259,1
163119,0,1,0.40262696,0
163120,0,0,0.33796784,1
163121,1,1,0.891339,1
163122,0,1,0.5657787,0
163123,0,0,0.073098525,1
163124,1,1,0.9999707,1
163125,1,1,0.99998355,1
163126,1,1,0.45892456,1
163127,1,1,0.8130901,1
163128,1,0,0.16776335,0
163129,1,0,0.10771874,0
163130,1,0,0.30933657,0
163131,1,0,0.12033541,0
163132,1,1,0.99165195,1
163133,1,0,0.19845225,0
163134,0,0,0.006314365,1
163135,1,0,0.00014653131,0
163136,1,1,0.8630457,1
163137,1,1,0.9835812,1
163138,1,1,0.9563497,1
163139,0,0,0.3089195,1
163140,0,1,0.9994461,0
163141,1,1,0.41730115,1
163142,1,1,0.38006845,1
163143,1,1,0.999987,1
163144,0,0,0.025011595,1
163145,1,1,0.91413754,1
163146,1,1,0.5129366,1
163147,0,0,0.26189682,1
163148,1,1,0.9928924,1
163149,1,1,0.9131358,1
163150,0,1,0.54292387,0
163151,1,1,0.7545535,1
163152,1,1,0.9998535,1
163153,1,1,0.86036915,1
163154,1,1,1.0,1
163155,1,0,0.3122127,0
163156,1,1,0.99998724,1
163157,0,1,0.98314995,0
163158,0,0,0.15335886,1
163159,1,1,0.97933435,1
163160,0,1,0.8296301,0
163161,1,0,0.2776688,0
163162,1,1,0.99998856,1
163163,1,1,0.9309621,1
163164,1,1,1.0,1
163165,0,1,0.9993411,0
163166,1,1,0.99822825,1
163167,0,0,0.00571913,1
163168,1,1,0.99953353,1
163169,1,1,0.9999517,1
163170,1,0,0.082549304,0
163171,1,0,0.31859115,0
163172,0,0,0.29690903,1
163173,1,1,0.41096312,1
163174,1,0,0.07793769,0
163175,1,0,0.14021848,0
163176,1,1,1.0,1
163177,0,0,0.04196977,1
163178,0,0,0.1450548,1
163179,0,1,0.97555363,0
163180,0,0,0.20212801,1
163181,1,0,0.046855625,0
163182,1,1,0.9990207,1
163183,1,1,1.0,1
163184,0,0,0.074567616,1
163185,0,0,0.025250848,1
163186,0,1,0.48968652,0
163187,0,0,0.20761606,1
163188,1,1,0.89199936,1
163189,0,0,0.043650273,1
163190,0,0,0.10771874,1
163191,0,1,0.9915052,0
163192,1,1,0.9998134,1
163193,1,1,0.38173804,1
163194,1,1,0.44477576,1
163195,1,1,0.99253935,1
163196,1,1,1.0,1
163197,1,1,0.9779888,1
163198,0,1,0.99999964,0
163199,1,1,0.96612394,1
163200,1,1,0.9925103,1
163201,0,0,0.093595125,1
163202,1,1,0.9999995,1
163203,1,0,0.03289904,0
163204,0,1,0.7922233,0
163205,1,1,0.98242307,1
163206,1,1,1.0,1
163207,0,1,0.531027,0
163208,0,0,0.23899394,1
163209,1,1,0.99997425,1
163210,1,1,0.99999547,1
163211,1,1,0.39431757,1
163212,1,0,0.14959349,0
163213,0,1,0.99990046,0
163214,0,1,0.9969187,0
163215,0,0,0.055823144,1
163216,1,1,0.99036634,1
163217,0,1,0.99957854,0
163218,0,1,0.9993449,0
163219,0,1,0.68326104,0
163220,1,0,0.046942927,0
163221,0,0,0.16606593,1
163222,1,1,0.97321534,1
163223,0,0,0.04377274,1
163224,0,1,0.99804676,0
163225,0,1,0.46213925,0
163226,0,0,0.04733772,1
163227,1,0,0.068288535,0
163228,1,1,1.0,1
163229,1,1,1.0,1
163230,0,0,0.021084841,1
163231,0,0,0.0354775,1
163232,0,1,0.9953994,0
163233,0,0,0.18425323,1
163234,0,0,0.07094482,1
163235,1,1,0.9999962,1
163236,0,0,0.052376077,1
163237,0,1,0.9984053,0
163238,0,1,0.9849274,0
163239,0,1,0.65946,0
163240,1,1,0.99550545,1
163241,1,1,0.47155786,1
163242,1,0,0.06797852,0
163243,0,0,0.12090512,1
163244,1,0,0.1991522,0
163245,1,1,0.98961186,1
163246,1,1,0.6589115,1
163247,1,1,1.0,1
163248,0,1,0.9614253,0
163249,1,1,0.6164164,1
163250,1,1,0.9999783,1
163251,1,1,0.52000886,1
163252,1,1,1.0,1
163253,1,1,0.8091252,1
163254,0,1,0.9881765,0
163255,0,0,0.04863137,1
163256,1,1,0.99961996,1
163257,1,1,0.7453521,1
163258,1,1,0.9993462,1
163259,0,0,0.12137298,1
163260,1,1,1.0,1
163261,1,1,0.999332,1
163262,1,1,0.9999999,1
163263,1,1,0.9877587,1
163264,1,0,0.057018865,0
163265,1,0,0.14175598,0
163266,0,0,0.16885696,1
163267,0,0,0.1444503,1
163268,1,1,0.85693204,1
163269,0,0,0.3409239,1
163270,1,1,0.99704784,1
163271,1,1,0.9602495,1
163272,1,1,0.5714079,1
163273,1,0,0.083740406,0
163274,0,0,0.03601607,1
163275,1,1,1.0,1
163276,1,1,0.9999168,1
163277,1,1,0.66622543,1
163278,0,0,0.045437217,1
163279,1,1,0.99997175,1
163280,1,0,0.20922722,0
163281,1,1,1.0,1
163282,0,1,0.5535656,0
163283,0,0,0.1237887,1
163284,1,1,0.9627082,1
163285,1,1,0.99999726,1
163286,1,0,0.29895166,0
163287,0,0,0.11889567,1
163288,0,0,0.01583014,1
163289,0,1,0.36257413,0
163290,1,0,0.06512755,0
163291,1,1,1.0,1
163292,0,0,0.21255875,1
163293,1,0,0.31568325,0
163294,1,1,0.99999213,1
163295,1,1,0.9998293,1
163296,1,1,0.9985979,1
163297,0,0,0.13483287,1
163298,1,1,0.9274948,1
163299,1,1,0.97610646,1
163300,1,0,0.06342434,0
163301,1,1,0.35868996,1
163302,1,1,0.99595356,1
163303,1,1,0.9984573,1
163304,1,1,0.8079157,1
163305,0,0,0.008762129,1
163306,1,0,0.0054692742,0
163307,1,1,1.0,1
163308,0,0,0.104660206,1
163309,1,1,0.6128891,1
163310,1,1,0.99968123,1
163311,1,1,0.99992716,1
163312,0,1,0.98922324,0
163313,0,1,0.45029894,0
163314,1,1,0.99999464,1
163315,1,1,0.99979013,1
163316,1,1,0.99999714,1
163317,0,0,0.036083944,1
163318,1,1,0.86385167,1
163319,0,0,0.1525365,1
163320,0,0,0.12765263,1
163321,0,0,0.123577,1
163322,1,1,1.0,1
163323,1,1,0.8562122,1
163324,1,1,0.9999994,1
163325,1,1,0.9827572,1
163326,1,1,0.99998057,1
163327,1,1,0.9985702,1
163328,0,0,0.30059156,1
163329,1,1,0.9997086,1
163330,1,0,0.0393425,0
163331,1,1,1.0,1
163332,1,1,0.76942694,1
163333,1,1,0.726959,1
163334,0,1,0.9722835,0
163335,0,1,0.8594279,0
163336,0,0,0.26104826,1
163337,1,1,0.9999999,1
163338,1,1,0.992597,1
163339,1,1,0.96909106,1
163340,1,1,0.38024104,1
163341,1,1,0.6443929,1
163342,1,1,1.0,1
163343,1,1,0.9999951,1
163344,0,0,0.10631887,1
163345,0,1,0.9665054,0
163346,0,1,0.99877924,0
163347,1,1,0.47819373,1
163348,1,0,0.258326,0
163349,0,0,0.09636511,1
163350,0,1,0.9019207,0
163351,1,0,0.0139288595,0
163352,0,1,0.9999993,0
163353,1,0,0.024798159,0
163354,0,1,0.486606,0
163355,0,1,0.9999713,0
163356,0,0,0.032313783,1
163357,1,1,1.0,1
163358,1,1,0.90235174,1
163359,1,1,0.9161096,1
163360,1,1,0.9999995,1
163361,0,0,0.22034244,1
163362,1,0,0.27815872,0
163363,0,0,0.19163007,1
163364,1,0,0.033462938,0
163365,1,1,1.0,1
163366,1,1,0.99400806,1
163367,1,1,0.9510059,1
163368,0,1,0.8829335,0
163369,1,1,0.9896918,1
163370,1,1,0.9999995,1
163371,0,0,0.0061689946,1
163372,0,1,0.99709916,0
163373,1,1,1.0,1
163374,1,1,1.0,1
163375,1,1,0.9877823,1
163376,1,0,0.22541662,0
163377,1,1,0.97204566,1
163378,0,0,0.010509383,1
163379,1,0,0.03739713,0
163380,1,1,0.9747971,1
163381,0,0,0.31917444,1
163382,0,1,0.9999958,0
163383,1,1,0.9988508,1
163384,0,1,0.99999905,0
163385,1,1,0.9998313,1
163386,0,1,0.5112896,0
163387,1,1,0.3833527,1
163388,1,1,1.0,1
163389,1,1,0.4084832,1
163390,0,1,0.9233162,0
163391,0,0,0.010611421,1
163392,1,0,0.12347128,0
163393,1,0,0.23926048,0
163394,0,0,0.2045007,1
163395,1,1,0.9815244,1
163396,0,1,0.9999107,0
163397,1,0,0.012771868,0
163398,1,1,0.6256097,1
163399,1,0,0.056704637,0
163400,1,1,1.0,1
163401,1,0,0.06542547,0
163402,1,1,0.9999989,1
163403,1,1,0.9999999,1
163404,1,1,0.8441522,1
163405,0,1,0.6861073,0
163406,1,0,0.07779745,0
163407,1,1,0.99525404,1
163408,0,0,0.08586245,1
163409,1,1,0.42417344,1
163410,1,1,0.9999678,1
163411,1,1,0.99999976,1
163412,1,1,0.7857199,1
163413,1,0,0.051272422,0
163414,1,1,0.99996233,1
163415,0,0,0.29711294,1
163416,0,0,0.2654518,1
163417,1,1,0.99984586,1
163418,0,0,0.27610457,1
163419,1,1,0.5966095,1
163420,0,0,0.15354916,1
163421,0,0,0.07423137,1
163422,0,1,0.96069443,0
163423,1,1,0.9999999,1
163424,1,1,1.0,1
163425,1,1,0.9999963,1
163426,1,0,0.047913536,0
163427,0,0,0.018072657,1
163428,1,1,0.9999305,1
163429,1,0,0.055412795,0
163430,1,1,0.9999995,1
163431,0,1,0.99196917,0
163432,1,1,0.99999976,1
163433,1,1,0.9999999,1
163434,1,1,1.0,1
163435,1,1,0.99999976,1
163436,0,0,0.1352892,1
163437,0,1,0.58847535,0
163438,1,1,0.9989329,1
163439,0,0,0.11736965,1
163440,0,1,0.6993057,0
163441,1,1,0.99732697,1
163442,1,1,1.0,1
163443,1,1,0.9999999,1
163444,0,0,0.024703868,1
163445,0,0,0.24707794,1
163446,1,1,0.9845458,1
163447,0,0,0.08686416,1
163448,1,1,0.943919,1
163449,0,1,0.78473175,0
163450,0,1,0.99740905,0
163451,1,1,0.97321534,1
163452,1,1,0.9996147,1
163453,1,1,0.99999285,1
163454,0,1,0.97752154,0
163455,1,1,0.99987805,1
163456,1,0,0.007246802,0
163457,1,0,0.25045422,0
163458,1,1,1.0,1
163459,1,0,0.03652812,0
163460,0,1,0.967225,0
163461,0,0,0.2773751,1
163462,1,1,0.8267118,1
163463,0,1,0.87726665,0
163464,0,0,0.14069007,1
163465,1,1,1.0,1
163466,1,1,1.0,1
163467,1,0,0.25655252,0
163468,1,0,0.10017222,0
163469,1,1,0.9986436,1
163470,0,0,0.14396824,1
163471,0,1,0.7839885,0
163472,0,0,0.00324136,1
163473,0,0,0.0836655,1
163474,1,0,0.021145396,0
163475,0,0,0.08874129,1
163476,0,1,0.9998776,0
163477,0,1,0.86613256,0
163478,1,1,0.98438144,1
163479,0,1,0.40025112,0
163480,0,0,0.1240007,1
163481,0,1,0.68357795,0
163482,1,1,0.9659639,1
163483,1,1,0.9617859,1
163484,0,1,0.99897975,0
163485,1,1,0.99999607,1
163486,1,0,0.2726051,0
163487,0,1,0.9147487,0
163488,1,1,0.9999881,1
163489,0,0,0.1991522,1
163490,1,0,0.009358114,0
163491,0,1,0.9994023,0
163492,1,1,0.9998523,1
163493,1,1,0.9999907,1
163494,1,1,1.0,1
163495,1,1,0.9999982,1
163496,1,0,0.13817081,0
163497,1,0,0.2829386,0
163498,1,1,0.9935369,1
163499,1,1,0.9748452,1
163500,1,0,0.05717659,0
163501,0,0,0.06430006,1
163502,0,0,0.21223202,1
163503,1,1,0.99999356,1
163504,0,1,0.9693242,0
163505,0,0,0.011072159,1
163506,1,1,1.0,1
163507,0,1,0.99923575,0
163508,0,0,0.020004287,1
163509,0,1,0.9996424,0
163510,0,0,0.25460163,1
163511,0,0,0.35097733,1
163512,0,0,0.061311536,1
163513,1,1,0.99995387,1
163514,1,1,0.9859364,1
163515,1,1,0.9858549,1
163516,0,1,0.93732566,0
163517,0,0,0.33993718,1
163518,0,0,0.10311471,1
163519,1,1,1.0,1
163520,1,1,0.9999999,1
163521,1,1,0.9999865,1
163522,1,0,0.33693078,0
163523,1,1,1.0,1
163524,1,0,0.21003625,0
163525,1,1,0.59131026,1
163526,1,1,1.0,1
163527,1,1,0.99998534,1
163528,0,0,0.05644403,1
163529,0,0,0.0061570313,1
163530,1,1,0.41202733,1
163531,1,0,0.06159316,0
163532,1,0,0.2983891,0
163533,0,0,0.014813886,1
163534,0,0,0.07230849,1
163535,1,1,1.0,1
163536,0,0,0.13817081,1
163537,0,1,0.78108025,0
163538,1,1,0.708868,1
163539,0,0,0.20283768,1
163540,1,1,1.0,1
163541,0,1,0.3515893,0
163542,1,1,0.9999999,1
163543,1,0,0.062216975,0
163544,0,0,0.33193132,1
163545,1,1,0.40048558,1
163546,1,1,0.9437636,1
163547,0,0,0.22901753,1
163548,1,1,0.99975556,1
163549,1,1,0.6504117,1
163550,1,1,0.9995016,1
163551,0,1,0.96333414,0
163552,1,1,1.0,1
163553,1,1,1.0,1
163554,1,1,0.99997723,1
163555,1,1,1.0,1
163556,1,1,1.0,1
163557,1,1,0.90105337,1
163558,0,0,0.15140381,1
163559,0,1,0.75913614,0
163560,1,1,1.0,1
163561,0,1,0.81047887,0
163562,1,1,1.0,1
163563,0,1,0.35583088,0
163564,1,1,1.0,1
163565,0,0,0.022737447,1
163566,1,1,0.9993068,1
163567,1,1,0.6613216,1
163568,1,1,0.98735064,1
163569,1,1,0.99333304,1
163570,0,0,0.2672169,1
163571,0,1,0.45105445,0
163572,0,1,0.38375676,0
163573,1,1,0.9951231,1
163574,1,1,0.93686515,1
163575,0,0,0.056756895,1
163576,1,0,0.23039988,0
163577,0,0,0.29675615,1
163578,1,0,0.06841291,0
163579,1,0,0.051749542,0
163580,0,0,0.028816197,1
163581,1,0,0.30089962,0
163582,1,1,0.99988174,1
163583,1,0,0.04881241,0
163584,1,1,0.93403506,1
163585,0,1,0.99242276,0
163586,0,1,0.99865156,0
163587,1,1,0.9244834,1
163588,0,0,0.087720014,1
163589,1,0,0.15495054,0
163590,1,1,0.40486038,1
163591,1,1,0.9993513,1
163592,1,1,0.98886347,1
163593,1,1,0.99746895,1
163594,1,1,0.9999999,1
163595,0,0,0.08834723,1
163596,0,1,0.9456509,0
163597,1,0,0.10669061,0
163598,0,1,0.9985392,0
163599,1,1,0.71913713,1
163600,1,1,1.0,1
163601,1,1,0.7374419,1
163602,0,1,1.0,0
163603,0,1,0.99990726,0
163604,0,1,0.7278304,0
163605,0,1,0.91655886,0
163606,1,1,1.0,1
163607,0,0,0.10866097,1
163608,1,1,0.9978719,1
163609,1,1,0.99723166,1
163610,0,0,0.15399395,1
163611,1,1,1.0,1
163612,1,0,0.18476751,0
163613,0,0,0.06626642,1
163614,1,1,0.9843062,1
163615,1,0,0.03216145,0
163616,0,1,0.9998511,0
163617,1,1,1.0,1
163618,0,1,0.95565146,0
163619,0,0,0.049405243,1
163620,0,1,0.42184952,0
163621,0,0,0.033023555,1
163622,0,1,0.9999995,0
163623,0,0,0.068102375,1
163624,0,1,0.91359943,0
163625,1,1,0.51561993,1
163626,1,1,0.99998486,1
163627,0,0,0.10438599,1
163628,1,1,1.0,1
163629,0,0,0.25183168,1
163630,0,1,0.98998636,0
163631,1,1,0.99986756,1
163632,1,1,1.0,1
163633,1,1,0.68431675,1
163634,0,0,0.02199022,1
163635,0,0,0.17092276,1
163636,1,1,0.9999995,1
163637,0,0,0.3217796,1
163638,1,1,0.99999774,1
163639,1,1,0.99949765,1
163640,1,0,0.06626642,0
163641,0,1,0.9989267,0
163642,0,1,0.9967649,0
163643,0,1,0.9853279,0
163644,1,1,0.9999865,1
163645,1,1,1.0,1
163646,0,1,0.8217605,0
163647,0,1,0.5827285,0
163648,1,0,0.25017932,0
163649,1,1,0.4937747,1
163650,1,0,0.03701235,0
163651,1,1,0.46338353,1
163652,1,1,0.9999999,1
163653,0,0,0.08173938,1
163654,1,1,0.999936,1
163655,1,1,0.9967397,1
163656,1,1,0.9421883,1
163657,1,1,0.9517288,1
163658,0,0,0.18967113,1
163659,1,1,0.9975986,1
163660,1,0,0.052521676,0
163661,0,0,0.06198946,1
163662,0,0,0.23757595,1
163663,0,1,0.5752898,0
163664,1,1,0.9999999,1
163665,1,1,0.76260096,1
163666,1,0,0.009214366,0
163667,1,1,0.9988236,1
163668,1,1,0.99927205,1
163669,1,1,0.99994695,1
163670,1,1,0.96102494,1
163671,1,1,1.0,1
163672,1,1,0.98400164,1
163673,0,1,0.8863221,0
163674,0,1,0.99997115,0
163675,1,1,0.9999964,1
163676,1,1,1.0,1
163677,0,0,0.13358468,1
163678,0,0,0.03044435,1
163679,1,1,0.45005724,1
163680,0,1,0.9998623,0
163681,1,0,0.012194132,0
163682,0,1,0.9727014,0
163683,1,0,0.030675802,0
163684,0,1,0.97032446,0
163685,0,0,0.0126982,1
163686,0,1,0.9999962,0
163687,0,0,0.18191628,1
163688,1,0,0.24762337,0
163689,0,1,0.999997,0
163690,0,1,0.9986142,0
163691,1,0,0.07204689,0
163692,0,0,0.056288198,1
163693,1,1,0.9999981,1
163694,1,1,0.9961456,1
163695,1,0,0.23528405,0
163696,0,0,0.0343263,1
163697,1,1,0.99837387,1
163698,1,1,0.8552477,1
163699,0,0,0.2004794,1
163700,1,1,0.4291303,1
163701,1,1,0.9999912,1
163702,1,0,0.28741768,0
163703,1,1,0.99987566,1
163704,1,1,1.0,1
163705,0,1,0.726959,0
163706,0,0,0.019419348,1
163707,0,0,0.16913125,1
163708,1,1,0.9916358,1
163709,0,0,0.26298374,1
163710,1,1,0.9999609,1
163711,1,0,0.09990845,0
163712,1,0,0.2686535,0
163713,0,1,0.99588215,0
163714,1,1,0.9998141,1
163715,1,1,0.99938214,1
163716,1,1,0.8736466,1
163717,1,1,0.99187535,1
163718,1,1,0.42235568,1
163719,1,1,0.70634234,1
163720,0,0,0.09244169,1
163721,1,1,0.9999907,1
163722,1,1,1.0,1
163723,1,0,0.3344264,0
163724,1,0,0.24535614,0
163725,1,1,0.9974788,1
163726,1,1,0.5920771,1
163727,1,1,0.9999958,1
163728,0,0,0.31636927,1
163729,1,1,0.99818975,1
163730,0,1,0.8449215,0
163731,1,1,0.9999963,1
163732,1,1,0.99989104,1
163733,1,1,0.9987551,1
163734,1,1,1.0,1
163735,1,1,0.99999917,1
163736,1,1,0.99966,1
163737,1,0,0.058078144,0
163738,1,1,1.0,1
163739,0,0,0.11008789,1
163740,0,1,0.9951703,0
163741,1,0,0.025371311,0
163742,0,0,0.20236439,1
163743,0,0,0.16613355,1
163744,0,1,0.87914675,0
163745,1,1,1.0,1
163746,1,0,0.20858167,0
163747,0,0,0.021471238,1
163748,0,1,0.9306476,0
163749,0,1,0.8037906,0
163750,1,1,0.9999995,1
163751,1,0,0.04881241,0
163752,1,0,0.13741668,0
163753,1,1,0.5228113,1
163754,1,0,0.19567093,0
163755,1,1,0.82796735,1
163756,1,1,0.85848147,1
163757,0,0,0.20593424,1
163758,1,0,0.22918998,0
163759,1,1,0.6200466,1
163760,0,0,0.28328544,1
163761,1,1,0.999997,1
163762,0,1,0.9923341,0
163763,0,0,0.10212547,1
163764,1,1,0.99996734,1
163765,0,1,0.9999443,0
163766,0,0,0.34709436,1
163767,1,1,0.9009663,1
163768,1,1,0.9990188,1
163769,1,1,0.5190947,1
163770,1,1,1.0,1
163771,0,0,0.06847518,1
163772,0,0,0.15361264,1
163773,1,1,0.7336427,1
163774,0,0,0.22093019,1
163775,0,0,0.117217995,1
163776,1,1,0.9993917,1
163777,0,1,0.7363532,0
163778,0,1,0.61618555,0
163779,0,1,0.98722816,0
163780,1,1,0.99996865,1
163781,0,1,0.9678689,0
163782,0,0,0.2146091,1
163783,1,1,0.9999342,1
163784,1,1,0.9999944,1
163785,1,1,0.9997198,1
163786,1,0,0.048767094,0
163787,0,0,0.24292329,1
163788,1,1,0.8056322,1
163789,1,1,0.9998996,1
163790,1,0,0.048271183,0
163791,0,1,0.83318895,0
163792,1,1,1.0,1
163793,0,0,0.114963345,1
163794,1,1,1.0,1
163795,0,0,0.044265874,1
163796,1,1,1.0,1
163797,1,1,0.92860323,1
163798,0,0,0.1584346,1
163799,0,1,0.8197491,0
163800,1,0,0.19132766,0
163801,1,1,0.9993857,1
163802,1,1,0.9995035,1
163803,0,0,0.09276993,1
163804,0,1,0.93306583,0
163805,0,0,0.10530251,1
163806,1,1,0.5801737,1
163807,0,1,0.9715909,0
163808,1,1,0.5461936,1
163809,1,1,0.99999976,1
163810,1,1,1.0,1
163811,0,0,0.05379964,1
163812,0,0,0.31158394,1
163813,1,1,0.99998355,1
163814,1,1,0.9999995,1
163815,0,1,0.93749756,0
163816,0,1,0.37473348,0
163817,0,0,0.057440385,1
163818,1,1,0.969469,1
163819,0,1,0.9986594,0
163820,0,0,0.34257153,1
163821,1,1,0.99997556,1
163822,1,0,0.06687324,0
163823,1,1,0.7516481,1
163824,0,1,0.95270634,0
163825,0,0,0.10894504,1
163826,1,1,0.9874236,1
163827,0,1,0.81479084,0
163828,1,1,0.99997306,1
163829,0,1,0.99996495,0
163830,0,1,0.63590103,0
163831,0,1,0.762866,0
163832,1,1,1.0,1
163833,0,0,0.29650146,1
163834,1,1,0.93089926,1
163835,0,1,0.7921428,0
163836,0,1,0.9999993,0
163837,1,1,0.9999982,1
163838,0,1,0.9789755,0
163839,0,1,0.753376,0
163840,1,1,0.5284726,1
163841,1,1,0.7871959,1
163842,1,0,0.065784656,0
163843,1,1,1.0,1
163844,1,1,0.9999995,1
163845,1,1,0.9992237,1
163846,1,1,0.9936365,1
163847,0,1,0.48608756,0
163848,1,0,0.07885492,0
163849,0,0,0.005240449,1
163850,1,1,0.5570623,1
163851,0,1,0.5567009,0
163852,0,1,0.98607117,0
163853,0,1,0.99036634,0
163854,1,1,0.9014879,1
163855,1,1,1.0,1
163856,0,1,0.9958093,0
163857,0,1,0.805173,0
163858,1,1,0.5304798,1
163859,1,1,0.9999968,1
163860,1,1,0.99723166,1
163861,0,1,0.35672674,0
163862,1,1,1.0,1
163863,1,1,0.6771005,1
163864,1,1,0.99995863,1
163865,1,1,0.9872528,1
163866,1,1,0.94877505,1
163867,0,0,0.22286923,1
163868,0,0,0.0045032725,1
163869,0,0,0.23074637,1
163870,0,1,0.7724019,0
163871,0,0,0.21239536,1
163872,1,1,0.99213856,1
163873,1,1,0.8119744,1
163874,0,0,0.11211313,1
163875,0,1,0.9997826,0
163876,0,1,0.98262435,0
163877,0,0,0.26057756,1
163878,1,1,0.6355052,1
163879,0,0,0.3158415,1
163880,0,1,0.9831176,0
163881,1,1,1.0,1
163882,1,1,0.99999964,1
163883,1,1,0.8152325,1
163884,0,0,0.053058814,1
163885,1,1,0.99998355,1
163886,0,1,0.7497749,0
163887,1,1,0.99999774,1
163888,1,1,1.0,1
163889,0,0,0.08064662,1
163890,0,1,0.9742639,0
163891,1,1,0.9992505,1
163892,0,1,0.9951041,0
163893,1,1,0.9836912,1
163894,0,0,0.188847,1
163895,0,0,0.09764823,1
163896,1,1,0.9740673,1
163897,1,1,1.0,1
163898,0,0,0.14566138,1
163899,1,1,0.40110123,1
163900,0,1,0.99956864,0
163901,1,1,0.9999802,1
163902,0,1,0.4409206,0
163903,0,0,0.22652687,1
163904,1,1,0.42877147,1
163905,1,1,0.9991848,1
163906,1,1,0.999987,1
163907,1,1,0.9809491,1
163908,1,1,0.99998534,1
163909,0,1,0.99997604,0
163910,1,1,0.9996977,1
163911,0,0,0.17363825,1
163912,1,1,0.99999905,1
163913,0,0,0.10302444,1
163914,0,0,0.05184547,1
163915,1,1,0.9566342,1
163916,0,0,0.15278916,1
163917,0,1,0.82741016,0
163918,0,1,0.3520904,0
163919,0,1,0.990732,0
163920,1,1,1.0,1
163921,1,1,1.0,1
163922,1,1,0.9999938,1
163923,0,0,0.045394883,1
163924,1,1,0.9999976,1
163925,0,0,0.13672362,1
163926,0,0,0.07204689,1
163927,0,1,0.8620035,0
163928,0,0,0.02800752,1
163929,1,1,0.9999994,1
163930,1,1,0.9999999,1
163931,0,0,0.10447732,1
163932,0,1,0.7871142,0
163933,1,0,0.017695315,0
163934,0,1,0.95610446,0
163935,0,1,0.9949886,0
163936,0,1,0.90772206,0
163937,0,0,0.0343263,1
163938,0,1,0.9999999,0
163939,0,0,0.1200772,1
163940,0,0,0.16995622,1
163941,1,0,0.025083143,0
163942,0,0,0.11191885,1
163943,0,0,0.11436852,1
163944,0,0,0.078571655,1
163945,0,0,0.04813677,1
163946,0,0,0.13546064,1
163947,0,0,0.044265874,1
163948,1,1,0.999658,1
163949,1,1,0.96628344,1
163950,1,1,0.9999994,1
163951,1,0,0.32156652,0
163952,0,0,0.010228809,1
163953,1,1,0.99817204,1
163954,1,0,0.33155248,0
163955,1,0,0.30918014,0
163956,0,1,0.98651993,0
163957,1,1,0.99989605,1
163958,0,0,0.021287354,1
163959,1,1,0.99993265,1
163960,1,1,1.0,1
163961,1,0,0.025154885,0
163962,1,1,0.3728762,1
163963,1,1,0.9999778,1
163964,1,1,0.78116375,1
163965,1,0,0.122733355,0
163966,1,1,0.9786107,1
163967,0,0,0.020023443,1
163968,1,0,0.015306354,0
163969,1,1,0.9997478,1
163970,0,0,0.04468087,1
163971,1,1,0.99459416,1
163972,1,1,0.6493007,1
163973,0,0,0.10753115,1
163974,0,0,0.020824393,1
163975,0,1,0.4749356,0
163976,0,0,0.09730459,1
163977,0,0,0.1587604,1
163978,0,1,0.7119819,0
163979,1,1,1.0,1
163980,1,1,0.49285933,1
163981,1,1,1.0,1
163982,0,0,0.011732464,1
163983,1,1,0.99997425,1
163984,0,0,0.25100458,1
163985,0,0,0.23704568,1
163986,1,0,0.19961987,0
163987,0,0,0.31242245,1
163988,0,1,0.7578839,0
163989,1,1,0.6664425,1
163990,0,0,0.010673115,1
163991,0,1,0.8119744,0
163992,1,1,1.0,1
163993,0,1,0.9792947,0
163994,1,1,0.9998267,1
163995,0,1,0.99913067,0
163996,1,1,1.0,1
163997,1,1,0.7116815,1
163998,0,0,0.07654563,1
163999,1,1,0.98497075,1
164000,0,1,0.9983707,0
164001,0,1,0.42122445,0
164002,1,1,1.0,1
164003,0,1,0.9986303,0
164004,1,1,1.0,1
164005,0,1,0.6004226,0
164006,0,0,0.07592667,1
164007,0,0,0.03336831,1
164008,1,0,0.1138749,0
164009,1,1,0.999764,1
164010,0,1,0.4292798,0
164011,1,1,0.99997795,1
164012,0,1,0.99999154,0
164013,1,1,0.44098076,1
164014,0,0,0.053650703,1
164015,0,0,0.042642392,1
164016,1,1,0.54570943,1
164017,0,1,0.8589554,0
164018,0,1,0.6826266,0
164019,0,1,0.7019685,0
164020,1,0,0.29706192,0
164021,1,1,0.7048209,1
164022,1,1,1.0,1
164023,0,1,0.9934738,0
164024,0,1,0.9482025,0
164025,0,1,0.9079672,0
164026,1,1,0.6401298,1
164027,0,1,0.3690876,0
164028,0,0,0.02693789,1
164029,0,0,0.05122493,1
164030,0,0,0.14817041,1
164031,1,1,0.9999931,1
164032,0,1,0.6404672,0
164033,1,0,0.32966143,0
164034,0,1,0.49841312,0
164035,0,0,0.1522842,1
164036,1,0,0.17272931,0
164037,0,1,0.99968433,0
164038,0,0,0.04535258,1
164039,0,1,0.5805899,0
164040,1,1,0.9670076,1
164041,0,1,0.4859656,0
164042,0,1,0.3963602,0
164043,1,1,1.0,1
164044,1,1,0.99953175,1
164045,1,1,1.0,1
164046,1,1,0.9999999,1
164047,1,1,0.5246991,1
164048,0,1,0.458379,0
164049,0,0,0.08593914,1
164050,1,1,0.94287604,1
164051,0,1,0.98521465,0
164052,1,1,0.99998116,1
164053,1,0,0.123365626,0
164054,1,0,0.089216255,0
164055,0,0,0.04169577,1
164056,1,1,1.0,1
164057,1,1,0.9933589,1
164058,1,0,0.10061321,0
164059,1,1,0.9936733,1
164060,0,1,0.39414266,0
164061,0,1,0.9978258,0
164062,0,0,0.0362883,1
164063,1,1,0.9999875,1
164064,1,0,0.026455773,0
164065,1,1,0.96521765,1
164066,1,1,0.9948803,1
164067,0,1,0.72594017,0
164068,1,1,1.0,1
164069,1,0,0.009268014,0
164070,0,1,0.9992986,0
164071,1,1,1.0,1
164072,0,0,0.05404875,1
164073,0,0,0.038321972,1
164074,1,1,1.0,1
164075,0,0,0.051319942,1
164076,0,1,0.86153823,0
164077,0,1,0.93546456,0
164078,0,1,0.97316426,0
164079,0,0,0.28651848,1
164080,1,1,0.9904591,1
164081,1,1,0.99999106,1
164082,0,1,0.60141796,0
164083,1,1,0.91359943,1
164084,1,1,0.95787287,1
164085,0,1,0.9995345,0
164086,0,0,0.0029235426,1
164087,1,1,0.7289413,1
164088,1,0,0.029201293,0
164089,0,1,0.74945414,0
164090,0,1,0.8025555,0
164091,1,1,0.97527254,1
164092,0,0,0.037573304,1
164093,1,0,0.3063195,0
164094,0,1,0.99999964,0
164095,1,1,0.9918121,1
164096,1,1,1.0,1
164097,0,0,0.039011665,1
164098,1,1,0.9995408,1
164099,1,0,0.06699522,0
164100,0,0,0.1260303,1
164101,1,1,0.47578797,1
164102,0,0,0.036977556,1
164103,0,0,0.09825224,1
164104,1,1,1.0,1
164105,1,1,0.9999672,1
164106,1,1,1.0,1
164107,0,0,0.007121429,1
164108,1,0,0.16776335,0
164109,0,0,0.05686155,1
164110,1,1,1.0,1
164111,1,1,1.0,1
164112,1,1,1.0,1
164113,0,1,0.4224451,0
164114,1,1,0.99941504,1
164115,0,0,0.33122793,1
164116,1,1,0.99999714,1
164117,1,0,0.30300945,0
164118,1,1,0.48117957,1
164119,0,0,0.26831785,1
164120,0,1,0.98739934,0
164121,0,1,0.9369228,0
164122,1,1,0.9991186,1
164123,1,0,0.18937114,0
164124,1,1,0.8468312,1
164125,1,0,0.13828714,0
164126,1,1,1.0,1
164127,0,0,0.062617026,1
164128,1,1,0.49234065,1
164129,0,0,0.19140324,1
164130,0,0,0.053650703,1
164131,1,1,0.9999889,1
164132,1,1,0.9999769,1
164133,0,0,0.11736965,1
164134,0,1,0.9859364,0
164135,0,1,0.86001676,0
164136,1,1,0.99999416,1
164137,1,1,0.9999999,1
164138,0,0,0.08517511,1
164139,0,0,0.15700755,1
164140,0,0,0.0282746,1
164141,0,0,0.30756596,1
164142,1,1,1.0,1
164143,0,1,0.99611557,0
164144,1,1,0.99979013,1
164145,0,1,0.9876401,0
164146,1,1,1.0,1
164147,1,1,1.0,1
164148,1,1,1.0,1
164149,0,0,0.058507007,1
164150,1,1,0.99996626,1
164151,1,1,0.99994373,1
164152,0,0,0.17981844,1
164153,0,1,0.97953105,0
164154,1,1,1.0,1
164155,1,1,0.9996923,1
164156,1,1,0.9999995,1
164157,0,1,0.6651387,0
164158,1,0,0.012503792,0
164159,0,1,0.9659639,0
164160,1,1,0.6743186,1
164161,1,1,1.0,1
164162,0,1,0.7884203,0
164163,1,1,0.89274967,1
164164,1,1,0.6504117,1
164165,0,1,0.9885583,0
164166,1,0,0.3190153,0
164167,1,1,1.0,1
164168,0,1,0.97121114,0
164169,1,1,0.80115914,1
164170,1,0,0.25109637,0
164171,1,1,0.9073943,1
164172,1,1,0.48999158,1
164173,0,1,0.82685167,0
164174,0,1,0.88373864,0
164175,1,1,0.9501803,1
164176,1,1,0.99952435,1
164177,0,1,0.99999964,0
164178,1,1,0.9994461,1
164179,0,1,0.42372623,0
164180,1,1,1.0,1
164181,1,1,0.9993575,1
164182,1,1,0.99953353,1
164183,1,1,0.9997347,1
164184,1,1,1.0,1
164185,1,0,0.07551658,0
164186,1,1,0.9999999,1
164187,1,1,0.9780727,1
164188,0,1,0.86904925,0
164189,0,1,0.999936,0
164190,0,0,0.19238758,1
164191,0,0,0.038502328,1
164192,0,0,0.032466814,1
164193,1,0,0.0362883,0
164194,0,0,0.28185016,1
164195,0,1,0.9060729,0
164196,1,1,0.9702681,1
164197,0,1,0.7027851,0
164198,1,1,0.9999994,1
164199,1,1,0.9038897,1
164200,0,0,0.005395409,1
164201,1,1,0.8997397,1
164202,1,1,1.0,1
164203,0,1,0.9999752,0
164204,0,0,0.2752271,1
164205,0,1,0.63482636,0
164206,0,1,0.997399,0
164207,1,1,0.99932945,1
164208,1,0,0.0071629784,0
164209,1,0,0.3088152,0
164210,1,1,1.0,1
164211,1,1,0.76220286,1
164212,1,1,0.9999311,1
164213,0,0,0.009936419,1
164214,1,0,0.2989005,0
164215,1,0,0.10438599,0
164216,1,1,0.99999964,1
164217,0,0,0.30559373,1
164218,0,1,0.9999999,0
164219,0,1,0.99999964,0
164220,0,1,0.99999666,0
164221,1,1,0.99997723,1
164222,1,1,0.632446,1
164223,1,1,0.9986594,1
164224,1,1,1.0,1
164225,1,1,0.99921906,1
164226,1,0,0.044472914,0
164227,1,1,1.0,1
164228,0,1,0.9999509,0
164229,1,1,0.9999981,1
164230,1,1,0.9999355,1
164231,1,1,0.8624676,1
164232,0,1,0.6033477,0
164233,1,0,0.07821887,0
164234,1,1,0.64282495,1
164235,0,1,0.98862445,0
164236,1,1,0.8893368,1
164237,0,1,0.88171685,0
164238,1,1,0.99999726,1
164239,1,0,0.118385084,0
164240,1,1,1.0,1
164241,1,1,1.0,1
164242,0,0,0.13852006,1
164243,1,1,0.9968702,1
164244,0,1,0.9878762,0
164245,1,1,1.0,1
164246,0,0,0.1991522,1
164247,1,0,0.20833994,0
164248,1,0,0.3284756,0
164249,0,0,0.20593424,1
164250,1,1,0.99999726,1
164251,1,1,0.999985,1
164252,0,1,0.964355,0
164253,1,1,0.9563905,1
164254,0,0,0.022201227,1
164255,0,1,0.40992925,0
164256,0,1,0.99999976,0
164257,0,1,0.5888891,0
164258,1,0,0.011353655,0
164259,1,1,0.98569053,1
164260,0,0,0.034618836,1
164261,0,1,0.5362522,0
164262,1,1,1.0,1
164263,0,0,0.2243952,1
164264,0,1,0.4477621,0
164265,0,0,0.13466209,1
164266,1,1,0.9342153,1
164267,1,1,0.9999995,1
164268,1,1,0.9520419,1
164269,1,0,0.22109832,0
164270,1,1,0.9997998,1
164271,0,1,0.76162714,0
164272,0,0,0.31305215,1
164273,0,1,0.9735694,0
164274,0,0,0.09696201,1
164275,1,1,0.9996437,1
164276,1,1,1.0,1
164277,1,1,0.9999995,1
164278,0,0,0.045099564,1
164279,0,1,0.9994012,0
164280,1,0,0.0763388,0
164281,1,1,0.9999993,1
164282,0,1,0.441673,0
164283,0,1,1.0,0
164284,1,0,0.093512304,0
164285,1,1,0.9998889,1
164286,1,1,0.9999994,1
164287,1,1,1.0,1
164288,1,1,0.99979013,1
164289,1,1,0.98986953,1
164290,1,0,0.21967211,0
164291,1,0,0.093181714,0
164292,1,1,0.9579516,1
164293,1,1,0.9552357,1
164294,1,1,0.9518184,1
164295,0,1,0.891055,0
164296,0,1,0.9982109,0
164297,0,0,0.13998318,1
164298,1,1,0.387053,1
164299,0,1,0.64640445,0
164300,1,1,0.5095203,1
164301,1,1,0.99999964,1
164302,1,1,0.9989434,1
164303,0,1,0.9999999,0
164304,1,1,0.4756053,1
164305,1,1,0.87439936,1
164306,1,1,0.5701518,1
164307,0,0,0.30393836,1
164308,1,1,0.3764512,1
164309,1,0,0.012264914,0
164310,0,0,0.056132775,1
164311,0,0,0.31200305,1
164312,1,1,0.9999999,1
164313,0,0,0.15367614,1
164314,0,0,0.012920474,1
164315,0,0,0.099820666,1
164316,0,1,1.0,0
164317,0,0,0.09342957,1
164318,0,1,0.37261936,0
164319,0,0,0.16687897,1
164320,1,0,0.13078417,0
164321,1,1,0.9999738,1
164322,1,1,0.9999993,1
164323,0,1,0.44824514,0
164324,0,0,0.111434445,1
164325,0,0,0.07389652,1
164326,1,0,0.17738298,0
164327,0,1,0.46304968,0
164328,1,1,0.8418256,1
164329,1,1,0.9951703,1
164330,0,1,0.6084196,0
164331,0,1,0.76559335,0
164332,1,1,0.99992883,1
164333,0,0,0.0060739345,1
164334,0,0,0.314682,1
164335,1,1,1.0,1
164336,1,1,0.44414282,1
164337,1,1,0.9999999,1
164338,0,1,0.99914575,0
164339,1,1,0.99453074,1
164340,0,0,0.22841457,1
164341,0,1,0.39609736,0
164342,1,1,0.89096016,1
164343,1,0,2.4337439e-08,0
164344,1,1,0.9998932,1
164345,1,1,0.6794978,1
164346,0,0,0.10203597,1
164347,0,0,0.14098547,1
164348,0,1,0.52561235,0
164349,1,1,0.99927205,1
164350,1,1,0.7676898,1
164351,1,1,1.0,1
164352,1,0,0.04057874,0
164353,1,1,0.7833262,1
164354,0,1,0.5439536,0
164355,0,1,0.62755185,0
164356,1,1,0.9999994,1
164357,1,1,0.9999981,1
164358,0,0,0.19954187,1
164359,1,0,0.052911807,0
164360,1,0,0.28666824,0
164361,1,1,0.8494724,1
164362,1,1,0.88252914,1
164363,1,1,0.99986064,1
164364,0,0,0.19299525,1
164365,0,0,0.21535073,1
164366,1,1,0.9999087,1
164367,1,1,0.99998856,1
164368,1,1,0.99860877,1
164369,1,1,0.35751146,1
164370,1,1,1.0,1
164371,0,1,0.50585914,0
164372,1,0,0.17539679,0
164373,1,0,0.0489941,0
164374,0,0,0.12023207,1
164375,1,1,0.9999999,1
164376,0,0,0.010368156,1
164377,0,0,0.13240233,1
164378,1,0,0.1336412,0
164379,0,1,0.8008478,0
164380,0,1,0.99565166,0
164381,1,0,0.16079244,0
164382,0,1,0.45631894,0
164383,0,0,0.044472914,1
164384,1,0,0.14909723,0
164385,1,1,0.92703366,1
164386,0,0,0.09739039,1
164387,0,1,0.6984837,0
164388,1,0,0.029816542,0
164389,1,1,0.97678024,1
164390,1,1,0.99953353,1
164391,0,0,0.24139994,1
164392,1,1,0.9980544,1
164393,1,1,0.99999976,1
164394,1,1,0.999998,1
164395,0,1,0.7043127,0
164396,1,1,0.99983263,1
164397,1,1,1.0,1
164398,1,0,0.15373966,0
164399,0,1,0.99720997,0
164400,1,1,0.99999976,1
164401,1,1,1.0,1
164402,1,1,0.60346454,1
164403,1,1,0.9999535,1
164404,0,1,0.8692713,0
164405,1,1,0.99938333,1
164406,0,1,0.99984217,0
164407,0,0,0.11201595,1
164408,0,1,0.9999708,0
164409,1,1,0.99999964,1
164410,1,1,0.9999969,1
164411,1,1,0.99495924,1
164412,0,0,0.04012495,1
164413,1,0,0.04505753,0
164414,1,1,0.9999995,1
164415,0,0,0.11636177,1
164416,1,1,0.9505489,1
164417,1,1,1.0,1
164418,1,0,0.02188545,0
164419,0,1,0.9764232,0
164420,0,1,0.9999999,0
164421,1,0,0.3173205,0
164422,0,0,0.34726036,1
164423,1,1,1.0,1
164424,1,1,0.9999994,1
164425,1,1,1.0,1
164426,0,0,0.012552117,1
164427,1,1,0.49218813,1
164428,0,1,0.40984067,0
164429,0,0,0.019889742,1
164430,0,1,0.99425864,0
164431,1,1,1.0,1
164432,1,0,0.22721201,0
164433,1,1,0.9999969,1
164434,0,1,0.9999987,0
164435,1,0,0.27110693,0
164436,1,1,1.0,1
164437,0,0,0.05997644,1
164438,0,0,0.12533277,1
164439,0,1,0.99709344,0
164440,0,1,0.9938309,0
164441,1,0,0.14229147,0
164442,0,1,0.81167597,0
164443,0,1,0.73829186,0
164444,0,0,0.12945776,1
164445,1,1,0.8874974,1
164446,0,0,0.13968952,1
164447,0,0,0.1525365,1
164448,0,0,0.03989989,1
164449,1,1,0.7640124,1
164450,0,1,0.40248016,0
164451,1,0,0.30497235,0
164452,0,0,0.07971035,1
164453,0,1,0.50366205,0
164454,0,0,0.08953418,1
164455,1,1,0.999998,1
164456,0,1,0.99993646,0
164457,1,0,0.3270232,0
164458,1,1,1.0,1
164459,0,0,0.0808641,1
164460,1,1,0.99983203,1
164461,1,1,0.9999994,1
164462,0,1,0.3788612,0
164463,1,1,1.0,1
164464,0,0,0.18907149,1
164465,1,1,1.0,1
164466,0,1,0.7228695,0
164467,1,1,0.5010376,1
164468,1,0,0.0248928,0
164469,0,0,0.16052906,1
164470,1,1,0.99945575,1
164471,0,1,0.9172285,0
164472,0,1,0.99938095,0
164473,1,0,0.10999224,0
164474,1,1,0.99999976,1
164475,0,1,0.9124362,0
164476,1,1,0.9992505,1
164477,1,0,0.11250255,0
164478,1,1,0.439597,1
164479,0,1,0.99940586,0
164480,1,1,0.7309146,1
164481,1,1,0.9999995,1
164482,0,1,0.41217524,0
164483,0,0,0.0830685,1
164484,1,1,1.0,1
164485,1,1,0.9993242,1
164486,1,1,1.0,1
164487,1,1,0.9998722,1
164488,0,1,0.75626755,0
164489,0,0,0.14223188,1
164490,1,1,0.8607207,1
164491,1,1,1.0,1
164492,1,1,0.6950794,1
164493,1,1,0.99997663,1
164494,1,1,0.92762595,1
164495,0,1,0.9794526,0
164496,1,1,0.88769233,1
164497,1,0,0.09999631,0
164498,1,1,0.9909972,1
164499,1,1,0.60480744,1
164500,1,0,0.15726623,0
164501,0,1,0.5143393,0
164502,0,0,0.027066177,1
164503,0,1,0.9813107,0
164504,0,0,0.10079008,1
164505,0,0,0.053353984,1
164506,0,0,0.18308187,1
164507,0,0,0.11476479,1
164508,1,1,0.9999981,1
164509,1,1,0.9999939,1
164510,0,0,0.039011665,1
164511,0,0,0.22618484,1
164512,1,1,1.0,1
164513,1,1,0.58029264,1
164514,1,1,0.99998415,1
164515,1,1,0.9961903,1
164516,1,0,0.20955054,0
164517,1,1,1.0,1
164518,0,0,0.28397995,1
164519,1,1,0.9999995,1
164520,1,1,1.0,1
164521,0,0,0.2858701,1
164522,1,1,0.9996486,1
164523,1,1,0.45301986,1
164524,1,1,0.84273374,1
164525,0,0,0.06566473,1
164526,1,1,1.0,1
164527,0,1,0.9129032,0
164528,1,0,0.024145423,0
164529,0,1,1.0,0
164530,1,1,1.0,1
164531,1,1,1.0,1
164532,0,1,0.49993896,0
164533,0,0,0.19852991,1
164534,1,1,0.9296961,1
164535,1,1,0.99903786,1
164536,0,1,0.9922144,0
164537,0,1,0.9962782,0
164538,0,0,0.023554333,1
164539,0,0,0.12814279,1
164540,0,0,0.07146149,1
164541,0,0,0.15668468,1
164542,1,1,1.0,1
164543,0,1,0.8260112,0
164544,1,0,0.16331196,0
164545,0,0,0.15720153,1
164546,0,1,0.5548926,0
164547,1,0,0.062160026,0
164548,1,1,0.9987356,1
164549,1,1,0.36857614,1
164550,1,1,0.9997918,1
164551,1,1,1.0,1
164552,1,1,1.0,1
164553,0,1,0.9894091,0
164554,1,1,0.9999999,1
164555,0,1,0.8262917,0
164556,0,0,0.1603975,1
164557,1,0,0.08874129,0
164558,1,1,0.9999145,1
164559,1,1,0.9966036,1
164560,1,1,0.9999988,1
164561,0,0,0.14946929,1
164562,0,1,0.43923616,0
164563,0,1,0.9173767,0
164564,1,1,0.9861514,1
164565,0,1,0.81859183,0
164566,0,0,0.24006127,1
164567,1,1,0.47277474,1
164568,0,1,0.915356,0
164569,0,1,0.364721,0
164570,1,1,0.9999999,1
164571,1,1,0.90303797,1
164572,1,1,0.9730109,1
164573,0,1,0.4950563,0
164574,1,1,0.43932635,1
164575,1,0,0.071202725,0
164576,1,0,0.018422542,0
164577,1,1,1.0,1
164578,0,0,0.047118004,1
164579,0,0,0.064771704,1
164580,0,1,0.8321002,0
164581,1,1,0.9999995,1
164582,0,0,0.04308309,1
164583,0,1,0.9986462,0
164584,1,1,0.97671366,1
164585,1,1,0.99987364,1
164586,1,1,1.0,1
164587,0,1,0.6365226,0
164588,1,1,0.8775817,1
164589,1,1,1.0,1
164590,1,0,0.06359858,0
164591,1,0,0.008711384,0
164592,1,0,0.21370518,0
164593,0,0,0.32332665,1
164594,0,0,0.29777616,1
164595,0,1,0.99989367,0
164596,1,1,0.9831822,1
164597,1,1,1.0,1
164598,0,0,0.27688602,1
164599,0,0,0.03465149,1
164600,1,1,0.5856937,1
164601,0,1,0.99972194,0
164602,0,1,0.99900144,0
164603,0,1,0.9868787,0
164604,1,1,0.94143915,1
164605,0,0,0.09679113,1
164606,1,1,0.49987793,1
164607,0,0,0.015906392,1
164608,1,0,0.21485612,0
164609,0,0,0.23952717,1
164610,0,1,0.7501869,0
164611,0,1,0.36268702,0
164612,0,0,0.039564554,1
164613,0,0,0.13117322,1
164614,0,0,0.038647197,1
164615,0,1,0.9999999,0
164616,1,0,0.09602549,0
164617,1,1,1.0,1
164618,0,1,0.9939731,0
164619,0,1,0.5005493,0
164620,1,1,1.0,1
164621,1,1,0.9999989,1
164622,1,1,0.99949765,1
164623,1,1,0.91367656,1
164624,0,1,0.9451468,0
164625,1,1,1.0,1
164626,1,1,0.9999989,1
164627,0,0,0.13072868,1
164628,1,1,1.0,1
164629,1,1,0.9839091,1
164630,1,1,0.99999964,1
164631,1,0,0.11476479,0
164632,1,1,0.9997086,1
164633,1,1,0.4950563,1
164634,1,1,0.8811043,1
164635,1,1,1.0,1
164636,1,1,1.0,1
164637,0,1,0.6266384,0
164638,0,1,0.7434475,0
164639,1,1,0.99996626,1
164640,1,1,0.85919183,1
164641,1,1,0.99999475,1
164642,0,0,0.12721826,1
164643,1,1,1.0,1
164644,0,0,0.118385084,1
164645,0,1,0.831006,0
164646,0,0,0.3287449,1
164647,1,1,0.9001793,1
164648,1,1,1.0,1
164649,1,1,0.95888567,1
164650,1,0,0.13910376,0
164651,1,1,0.99999976,1
164652,0,0,0.12326005,1
164653,0,1,0.40110123,0
164654,1,1,0.9343353,1
164655,1,1,0.77923787,1
164656,1,1,1.0,1
164657,1,1,0.81242126,1
164658,0,0,0.18082884,1
164659,1,1,0.9999999,1
164660,0,0,0.16968088,1
164661,0,0,0.2679346,1
164662,0,0,0.2833846,1
164663,0,1,0.9979572,0
164664,0,0,0.0040780623,1
164665,0,0,0.118385084,1
164666,1,1,0.8680457,1
164667,1,1,0.982524,1
164668,0,0,0.046378206,1
164669,1,1,0.9996724,1
164670,0,1,0.9792947,0
164671,0,0,0.059921406,1
164672,1,1,0.99459416,1
164673,0,1,0.941493,0
164674,1,1,0.9979048,1
164675,1,0,0.06650853,0
164676,1,1,0.9999956,1
164677,0,1,0.9905874,0
164678,0,0,0.13887003,1
164679,0,0,0.06766981,1
164680,0,0,0.16151851,1
164681,0,0,0.117774926,1
164682,0,1,0.7345958,0
164683,1,1,0.9852997,1
164684,0,0,0.064653486,1
164685,0,1,0.99630713,0
164686,1,1,0.95426536,1
164687,0,1,0.84619683,0
164688,1,0,0.3388971,0
164689,0,0,0.016817752,1
164690,0,1,1.0,0
164691,1,1,0.8924688,1
164692,1,1,0.97610646,1
164693,1,1,1.0,1
164694,1,1,0.99999464,1
164695,1,1,0.67313796,1
164696,1,0,0.06866228,0
164697,1,1,1.0,1
164698,0,1,0.52555144,0
164699,1,1,0.6484107,1
164700,0,1,0.9999558,0
164701,1,1,0.9999914,1
164702,0,0,0.22000709,1
164703,0,0,0.07126734,1
164704,0,1,0.9678082,0
164705,1,1,0.99973875,1
164706,0,0,0.05374995,1
164707,0,1,1.0,0
164708,0,1,0.94649786,0
164709,0,1,0.95759624,0
164710,0,1,0.9999728,0
164711,0,0,0.022999303,1
164712,1,1,0.8433798,1
164713,1,1,1.0,1
164714,1,1,0.9978719,1
164715,0,0,0.18832397,1
164716,1,1,0.99992335,1
164717,1,1,1.0,1
164718,0,1,0.98840266,0
164719,0,0,0.07030384,1
164720,0,0,0.042403832,1
164721,0,1,0.5914873,0
164722,0,1,0.50671345,0
164723,1,0,0.009268014,0
164724,0,1,0.9999982,0
164725,0,1,0.6783802,0
164726,0,0,0.05490385,1
164727,1,1,0.9999993,1
164728,1,0,0.108850285,0
164729,1,1,1.0,1
164730,0,1,0.999982,0
164731,0,0,0.3158415,1
164732,1,0,0.03642515,0
164733,0,1,0.9841851,0
164734,0,0,0.04328485,1
164735,1,1,0.99988043,1
164736,1,1,0.9140609,1
164737,1,1,0.99999666,1
164738,0,1,0.43011743,0
164739,1,1,0.99776566,1
164740,1,1,0.99837387,1
164741,1,1,0.9999994,1
164742,0,0,0.054499876,1
164743,1,1,0.97769254,1
164744,1,0,0.21215041,0
164745,1,1,0.9999999,1
164746,1,1,1.0,1
164747,1,0,0.06418264,0
164748,1,0,0.09955772,0
164749,0,0,0.18705842,1
164750,1,1,0.99901307,1
164751,1,1,1.0,1
164752,1,1,0.49798584,1
164753,0,1,0.5288984,0
164754,0,1,0.9314002,0
164755,0,0,0.20995522,1
164756,0,1,0.40583134,0
164757,1,0,0.021698095,0
164758,0,0,0.05103542,1
164759,1,1,0.5794004,1
164760,1,1,0.9999999,1
164761,1,1,1.0,1
164762,0,1,0.82375413,0
164763,0,1,0.99999964,0
164764,0,0,0.06985836,1
164765,1,1,0.9999951,1
164766,1,0,0.08232769,0
164767,0,0,0.029760094,1
164768,1,1,0.9523531,1
164769,1,0,0.083515875,0
164770,1,0,0.12447884,0
164771,1,0,0.2590751,0
164772,1,1,0.99927634,1
164773,0,0,0.10356715,1
164774,0,1,0.88769233,0
164775,1,1,0.8965235,1
164776,1,1,0.99998295,1
164777,1,1,0.4076576,1
164778,0,0,0.056966383,1
164779,0,0,0.11299101,1
164780,1,1,1.0,1
164781,0,0,0.09097748,1
164782,1,1,0.9999995,1
164783,0,0,0.013454153,1
164784,1,1,0.53582716,1
164785,1,0,0.035712164,0
164786,1,1,0.9999546,1
164787,0,1,0.9885361,0
164788,0,0,0.069604956,1
164789,0,0,0.017883008,1
164790,1,0,0.17996249,0
164791,0,1,0.5020752,0
164792,0,0,0.101144664,1
164793,0,0,0.11451697,1
164794,0,0,0.28348374,1
164795,1,1,1.0,1
164796,1,1,0.9999907,1
164797,1,1,0.9972531,1
164798,0,0,0.122733355,1
164799,1,1,0.9999994,1
164800,1,1,0.99999785,1
164801,1,0,0.17483254,0
164802,0,0,0.07793769,1
164803,0,0,0.13034077,1
164804,0,1,0.7465088,0
164805,1,1,0.9999993,1
164806,1,1,0.9999999,1
164807,1,0,0.18126321,0
164808,1,1,0.99967945,1
164809,1,0,0.19269124,0
164810,0,0,0.09999631,1
164811,0,1,0.5412876,0
164812,1,1,0.9999808,1
164813,0,0,0.24725968,1
164814,1,1,0.9999882,1
164815,1,0,0.006265534,0
164816,0,1,0.5532036,0
164817,1,1,0.99998415,1
164818,1,1,0.9999999,1
164819,0,1,0.91359943,0
164820,1,1,0.99911004,1
164821,1,1,0.9997029,1
164822,1,1,0.9823047,1
164823,0,1,0.5580862,0
164824,0,0,0.0048391186,1
164825,0,1,0.55772483,0
164826,0,1,0.99989486,0
164827,0,0,0.30751395,1
164828,1,1,1.0,1
164829,0,0,0.0013723688,1
164830,0,1,0.9424538,0
164831,0,0,0.084341794,1
164832,0,1,0.458773,0
164833,0,0,0.09227797,1
164834,0,0,0.09653531,1
164835,0,0,0.13551785,1
164836,0,0,0.18140818,1
164837,0,1,0.9982039,0
164838,1,1,1.0,1
164839,0,1,0.75797355,0
164840,0,0,0.15921742,1
164841,1,1,0.99986017,1
164842,0,1,0.64293706,0
164843,0,1,0.99984586,0
164844,1,1,0.95409465,1
164845,1,0,0.10176784,0
164846,0,1,0.83907574,0
164847,1,1,0.99999297,1
164848,1,1,1.0,1
164849,1,1,0.37353298,1
164850,1,0,0.1466363,0
164851,1,1,1.0,1
164852,0,1,0.73225695,0
164853,1,1,0.99999607,1
164854,0,1,0.95938325,0
164855,0,1,0.99999964,0
164856,0,1,0.43365166,0
164857,1,0,0.066629894,0
164858,1,1,1.0,1
164859,1,1,0.99864894,1
164860,1,1,1.0,1
164861,0,0,0.28318632,1
164862,1,1,0.99999964,1
164863,1,1,0.9998623,1
164864,1,1,1.0,1
164865,0,0,0.17384852,1
164866,1,1,0.9445361,1
164867,1,1,0.82290184,1
164868,1,1,0.9960622,1
164869,0,1,0.9990508,0
164870,1,1,0.9681713,1
164871,0,1,0.8130158,0
164872,1,1,0.9999758,1
164873,0,0,0.009002837,1
164874,0,1,0.9983612,0
164875,0,0,0.086246476,1
164876,0,0,0.1899715,1
164877,0,1,0.9585377,0
164878,1,1,0.9999969,1
164879,1,1,0.9999974,1
164880,1,1,0.9999999,1
164881,0,0,0.010368156,1
164882,0,1,0.5669179,0
164883,0,0,0.32311305,1
164884,1,1,1.0,1
164885,1,1,0.91022676,1
164886,1,1,0.98932695,1
164887,0,1,0.7930258,0
164888,0,0,0.3359497,1
164889,0,1,0.9994536,0
164890,0,1,0.7151754,0
164891,0,0,0.3106421,1
164892,1,1,0.9113377,1
164893,1,1,0.9999865,1
164894,0,1,0.86476797,0
164895,0,1,0.9802997,0
164896,0,0,0.13822897,1
164897,0,1,0.7874412,0
164898,0,0,0.09739039,1
164899,1,1,1.0,1
164900,1,1,0.99766326,1
164901,1,1,1.0,1
164902,1,1,1.0,1
164903,0,1,0.40474272,0
164904,1,1,0.5215321,1
164905,1,1,0.93622667,1
164906,0,0,0.12732674,1
164907,0,1,0.9966102,0
164908,0,1,1.0,0
164909,0,0,0.19551727,1
164910,1,0,0.30497235,0
164911,1,1,0.97773504,1
164912,1,1,0.45423004,1
164913,1,1,0.9999993,1
164914,1,1,0.9472348,1
164915,1,1,0.99994266,1
164916,1,1,0.3643251,1
164917,1,1,1.0,1
164918,1,1,1.0,1
164919,0,1,0.40409583,0
164920,1,1,0.9999949,1
164921,1,1,0.9552357,1
164922,1,1,0.99971646,1
164923,1,1,0.9999995,1
164924,0,1,0.4602889,0
164925,1,1,0.97298527,1
164926,0,1,0.39902103,0
164927,0,0,0.06644793,1
164928,1,0,0.05014425,0
164929,1,0,0.17582092,0
164930,1,1,1.0,1
164931,0,1,0.38312188,0
164932,1,1,1.0,1
164933,1,0,0.0004503306,0
164934,1,1,0.36251774,1
164935,1,1,1.0,1
164936,1,0,0.093760945,0
164937,1,1,0.97726256,1
164938,1,0,0.34119824,0
164939,1,1,0.9999987,1
164940,0,0,0.060031522,1
164941,1,0,0.03138043,0
164942,1,1,0.99998724,1
164943,0,0,0.054198727,1
164944,1,1,0.99956685,1
164945,1,1,0.997358,1
164946,0,0,0.30725408,1
164947,1,1,0.9609151,1
164948,0,1,0.99994326,0
164949,0,1,0.99999774,0
164950,1,1,0.9999999,1
164951,0,0,0.0040780623,1
164952,1,0,0.13318956,0
164953,0,0,0.17589168,1
164954,0,1,0.99980134,0
164955,0,0,0.09309923,1
164956,1,1,0.6848439,1
164957,0,1,0.9853843,0
164958,1,0,0.25192368,0
164959,0,0,0.017746313,1
164960,1,1,0.41724178,1
164961,0,1,0.6856864,0
164962,0,0,0.08779819,1
164963,0,0,0.19163007,1
164964,1,0,0.13443466,0
164965,0,0,0.01569379,1
164966,0,0,0.014899643,1
164967,1,1,0.924347,1
164968,1,1,0.9456509,1
164969,0,1,0.9810765,0
164970,0,0,0.024330191,1
164971,1,1,1.0,1
164972,0,1,0.8926561,0
164973,0,1,0.6410292,0
164974,1,1,1.0,1
164975,1,1,1.0,1
164976,0,0,0.008627458,1
164977,0,1,0.988085,0
164978,1,1,0.4676964,1
164979,0,1,0.9551939,0
164980,1,1,1.0,1
164981,1,1,1.0,1
164982,1,1,1.0,1
164983,0,1,0.96992815,0
164984,0,0,0.07107367,1
164985,0,1,0.9956346,0
164986,1,1,0.97259754,1
164987,0,1,0.6685017,0
164988,0,1,0.48148432,0
164989,0,1,0.9708264,0
164990,0,0,0.015130728,1
164991,1,0,0.07504072,0
164992,1,0,0.22109832,0
164993,0,1,0.9507321,0
164994,0,1,0.9999999,0
164995,1,1,0.99968123,1
164996,0,0,0.045734633,1
164997,0,1,0.6788062,0
164998,1,0,0.2659758,0
164999,0,0,0.16803622,1
165000,1,0,0.31536686,0
165001,0,0,0.1519693,1
165002,1,0,0.09920809,0
165003,1,1,0.99999964,1
165004,1,1,0.9999951,1
165005,1,1,1.0,1
165006,1,0,0.19110113,0
165007,1,1,0.80639565,1
165008,0,1,0.648188,0
165009,0,1,0.9597998,0
165010,0,1,0.98498523,0
165011,0,1,0.8372211,0
165012,1,1,0.999997,1
165013,0,0,0.0126982,1
165014,0,1,0.9260366,0
165015,0,1,0.9347534,0
165016,0,1,0.69528633,0
165017,1,1,0.99999917,1
165018,0,1,1.0,0
165019,1,1,0.9999933,1
165020,1,1,1.0,1
165021,1,1,0.99594563,1
165022,0,0,0.050051305,1
165023,0,1,0.99994504,0
165024,1,1,0.9989267,1
165025,1,1,1.0,1
165026,1,1,0.9999101,1
165027,0,0,0.03997477,1
165028,1,1,1.0,1
165029,1,1,0.9999999,1
165030,0,0,0.10141131,1
165031,1,1,0.7168632,1
165032,0,1,0.5542292,0
165033,0,0,0.34981033,1
165034,0,0,0.12028373,1
165035,1,1,0.9999989,1
165036,1,0,0.016246215,0
165037,1,0,0.090896755,0
165038,1,1,0.972178,1
165039,1,1,0.99993944,1
165040,1,1,0.9999976,1
165041,0,1,0.8525676,0
165042,1,1,0.99400806,1
165043,1,1,0.9999999,1
165044,1,1,0.9992387,1
165045,0,1,0.96521765,0
165046,1,0,0.16424818,0
165047,1,0,0.03803509,0
165048,1,1,0.42895088,1
165049,0,0,0.004829722,1
165050,0,1,0.99711037,0
165051,1,1,0.96792966,1
165052,0,0,0.29813364,1
165053,1,1,0.99997604,1
165054,0,1,0.9933717,0
165055,1,1,0.38286227,1
165056,0,1,0.6187228,0
165057,1,1,0.99004436,1
165058,1,1,0.9820826,1
165059,1,1,0.96882665,1
165060,1,0,0.23292027,0
165061,1,1,0.5705108,1
165062,1,1,1.0,1
165063,0,0,0.07551658,1
165064,1,1,1.0,1
165065,1,0,0.27352586,0
165066,0,1,0.9999845,0
165067,1,1,0.8957965,1
165068,1,1,0.99628556,1
165069,1,0,0.1237887,0
165070,0,1,0.68188566,0
165071,1,0,0.18227991,0
165072,1,0,0.018851181,0
165073,1,1,0.6157235,1
165074,1,1,0.99877685,1
165075,0,1,0.9996574,0
165076,1,1,0.9982488,1
165077,1,1,1.0,1
165078,1,1,0.99999714,1
165079,1,1,0.99995184,1
165080,1,0,0.3473434,0
165081,0,1,0.99800056,0
165082,0,1,0.6390043,0
165083,1,1,0.8153795,1
165084,0,0,0.02265081,1
165085,1,1,0.99724776,1
165086,1,0,0.25474066,0
165087,0,1,0.35913932,0
165088,1,1,0.9999981,1
165089,1,0,0.16995622,0
165090,0,0,0.052765187,1
165091,0,0,0.044348583,1
165092,0,1,0.92924803,0
165093,0,1,0.9995372,0
165094,1,1,0.9987005,1
165095,0,1,0.9248914,0
165096,1,1,0.99968624,1
165097,1,1,0.934813,1
165098,1,1,0.9998499,1
165099,1,1,0.87800074,1
165100,1,1,0.4506918,1
165101,0,1,0.41905347,0
165102,0,0,0.08811155,1
165103,1,1,0.988085,1
165104,0,0,0.19436781,1
165105,1,1,0.99991286,1
165106,1,1,1.0,1
165107,1,1,0.99999964,1
165108,0,1,0.92988735,0
165109,0,0,0.05834584,1
165110,1,1,0.9991768,1
165111,1,1,0.40721554,1
165112,0,0,0.33928013,1
165113,0,0,0.2989005,1
165114,1,1,0.9991272,1
165115,1,1,0.9988004,1
165116,1,0,0.3448846,0
165117,0,1,0.99273914,0
165118,1,1,0.99999976,1
165119,1,0,0.04505753,0
165120,1,1,0.99999976,1
165121,1,1,0.7728737,1
165122,0,1,0.8700462,0
165123,0,0,0.2680783,1
165124,0,1,0.8283842,0
165125,1,1,0.7318259,1
165126,0,0,0.19253935,1
165127,1,0,0.058507007,0
165128,1,1,0.86849254,1
165129,0,0,0.14258969,1
165130,1,1,0.9999906,1
165131,0,0,0.25210774,1
165132,1,0,0.02237146,0
165133,1,1,0.9817007,1
165134,1,1,1.0,1
165135,0,1,0.92905515,0
165136,1,0,0.34257153,0
165137,0,0,0.08064662,1
165138,1,1,0.66345096,1
165139,1,1,0.9720191,1
165140,0,0,0.16579561,1
165141,0,0,0.013402403,1
165142,1,1,0.41976687,1
165143,0,1,0.9403531,0
165144,1,1,1.0,1
165145,0,0,0.14996658,1
165146,0,1,0.602354,0
165147,1,1,1.0,1
165148,1,1,1.0,1
165149,1,0,0.35094953,0
165150,1,1,0.9999453,1
165151,1,1,0.8962514,1
165152,0,0,0.03038675,1
165153,0,0,0.22695492,1
165154,0,1,0.582016,0
165155,1,1,1.0,1
165156,1,0,0.33149835,0
165157,0,0,0.20291662,1
165158,0,1,0.91957027,0
165159,1,0,0.08359068,0
165160,0,1,0.41155422,0
165161,1,1,1.0,1
165162,0,0,0.06080765,1
165163,1,1,0.39603895,1
165164,0,0,0.1483554,1
165165,1,1,1.0,1
165166,0,1,0.9659639,0
165167,1,1,0.844409,1
165168,0,1,0.9999989,0
165169,1,0,0.304145,0
165170,0,1,0.9987527,0
165171,1,1,0.8620035,1
165172,0,1,0.99979657,0
165173,1,1,1.0,1
165174,0,1,0.99994993,0
165175,1,1,0.39201674,1
165176,1,1,0.7977145,1
165177,0,0,0.10338597,1
165178,1,1,0.9789353,1
165179,0,1,0.99780875,0
165180,1,1,1.0,1
165181,1,1,0.99998057,1
165182,1,1,1.0,1
165183,0,0,0.12907304,1
165184,1,1,0.9999999,1
165185,0,1,0.9934865,0
165186,1,1,0.99997747,1
165187,1,1,0.99937004,1
165188,0,1,0.74442416,0
165189,1,1,0.9999999,1
165190,1,1,0.99907815,1
165191,1,0,0.08166611,0
165192,1,1,1.0,1
165193,0,1,0.4776151,0
165194,1,0,0.17724052,0
165195,0,1,0.36099574,0
165196,1,0,0.12787029,0
165197,1,0,0.08593914,0
165198,0,0,0.10275402,1
165199,0,0,0.04836099,1
165200,1,1,0.9992519,1
165201,1,1,0.9997613,1
165202,0,0,0.14324762,1
165203,1,1,0.99852777,1
165204,1,1,1.0,1
165205,1,0,0.2664527,0
165206,0,0,0.07578975,1
165207,0,1,0.9994937,0
165208,0,1,0.4960328,0
165209,0,1,0.9999989,0
165210,0,0,0.009652304,1
165211,1,1,0.99999964,1
165212,1,1,1.0,1
165213,0,0,0.07843036,1
165214,1,1,0.997813,1
165215,0,1,0.8016254,0
165216,1,1,0.7812472,1
165217,0,1,0.9865458,0
165218,1,1,0.999998,1
165219,1,0,0.19907434,0
165220,1,1,1.0,1
165221,0,0,0.24526574,1
165222,1,1,0.988085,1
165223,0,1,0.98768765,0
165224,0,0,0.14264941,1
165225,0,1,0.62869245,0
165226,0,1,0.99922824,0
165227,0,1,0.6496342,0
165228,0,1,0.77805966,0
165229,0,1,0.8233284,0
165230,1,1,0.9999999,1
165231,0,0,0.052086018,1
165232,0,0,0.046378206,1
165233,0,1,0.99999917,0
165234,0,1,0.70115066,0
165235,0,0,0.031202815,1
165236,1,1,0.8058614,1
165237,1,0,0.20995522,0
165238,0,0,0.0673624,1
165239,0,0,0.04659464,1
165240,1,1,0.9882902,1
165241,1,1,0.9274948,1
165242,1,1,0.98771137,1
165243,0,0,0.033054754,1
165244,0,0,0.06058495,1
165245,1,0,0.20938884,0
165246,1,1,0.77551985,1
165247,1,0,0.09392703,0
165248,0,0,0.023802664,1
165249,0,0,0.18025091,1
165250,0,0,0.16344544,1
165251,1,1,0.99997246,1
165252,0,1,0.8543993,0
165253,1,1,0.4906017,1
165254,1,1,0.9999994,1
165255,1,1,0.96192914,1
165256,1,1,0.99665606,1
165257,1,1,0.60112536,1
165258,1,1,0.9992834,1
165259,0,0,0.043487497,1
165260,0,0,0.2894721,1
165261,1,1,1.0,1
165262,1,1,0.5126926,1
165263,1,1,0.9999999,1
165264,0,1,0.9998822,0
165265,1,1,0.997851,1
165266,1,1,0.9999999,1
165267,0,1,0.99184376,0
165268,0,1,0.58752906,0
165269,1,0,0.13951358,0
165270,0,0,0.052765187,1
165271,1,1,0.88161486,1
165272,0,0,0.05198967,1
165273,1,1,0.9999826,1
165274,1,0,0.07551658,0
165275,1,1,0.9999988,1
165276,1,1,0.6564931,1
165277,0,1,0.99440175,0
165278,0,0,0.0073743653,1
165279,1,1,0.71133065,1
165280,0,1,0.9784466,0
165281,0,0,0.046724956,1
165282,1,0,0.008030813,0
165283,1,1,1.0,1
165284,1,1,0.98571813,1
165285,1,1,0.9421352,1
165286,1,1,0.9999771,1
165287,0,0,0.062160026,1
165288,0,0,0.05623634,1
165289,0,1,0.9934865,0
165290,1,1,0.9997459,1
165291,1,1,0.99871576,1
165292,0,1,0.9843062,0
165293,1,0,0.0607519,0
165294,1,0,0.063540444,0
165295,0,1,0.97949183,0
165296,1,0,0.114665605,0
165297,0,1,0.9839708,0
165298,0,0,0.11201595,1
165299,0,1,0.9752254,0
165300,1,0,0.24789639,0
165301,1,1,0.9703525,1
165302,1,1,0.9994653,1
165303,0,0,0.09309923,1
165304,1,1,1.0,1
165305,1,1,1.0,1
165306,1,1,0.99991214,1
165307,1,0,0.1783111,0
165308,1,1,0.5506074,1
165309,1,1,0.9999299,1
165310,0,0,0.23283304,1
165311,0,0,0.03442355,1
165312,1,0,0.13432106,0
165313,0,0,0.23274586,1
165314,0,1,0.9995883,0
165315,1,1,0.5734396,1
165316,1,0,0.053601146,0
165317,1,0,0.059047263,0
165318,0,0,0.03237491,1
165319,0,1,0.9999243,0
165320,0,1,0.9393039,0
165321,0,1,0.9996911,0
165322,1,1,0.97503597,1
165323,1,1,0.9996381,1
165324,0,0,0.13184245,1
165325,0,0,0.007606673,1
165326,1,1,1.0,1
165327,0,0,0.074164286,1
165328,1,1,0.99987364,1
165329,0,0,0.23091978,1
165330,0,1,0.6706622,0
165331,0,1,0.8863221,0
165332,1,1,0.96309197,1
165333,1,0,0.07878402,0
165334,1,1,0.9599126,1
165335,0,1,0.9982039,0
165336,1,1,0.9931096,1
165337,0,0,0.12252321,1
165338,1,0,0.028625505,0
165339,0,1,0.9937709,0
165340,1,1,0.99956185,1
165341,0,1,0.9980696,0
165342,0,0,0.3390065,1
165343,1,1,0.99999976,1
165344,0,1,0.46344426,0
165345,1,0,0.043204032,0
165346,0,1,0.9014879,0
165347,0,1,0.45962182,0
165348,0,1,0.99899954,0
165349,0,0,0.07211221,1
165350,1,0,0.011331754,0
165351,0,1,0.9993575,0
165352,0,0,0.2249055,1
165353,1,1,0.43032688,1
165354,0,1,0.82824534,0
165355,1,1,0.9998074,1
165356,1,1,0.5312702,1
165357,0,0,0.07204689,1
165358,1,1,0.9999999,1
165359,0,1,0.9985979,0
165360,1,0,0.33895183,0
165361,1,1,0.98244,1
165362,1,1,0.9678385,1
165363,0,0,0.20165595,1
165364,0,1,0.5476455,0
165365,1,1,0.9999944,1
165366,1,1,1.0,1
165367,0,1,0.9076402,0
165368,1,1,0.99999905,1
165369,1,1,0.83534926,1
165370,0,0,0.134719,1
165371,0,0,0.048181534,1
165372,1,1,1.0,1
165373,1,1,1.0,1
165374,0,0,0.047691282,1
165375,0,1,0.9691787,0
165376,0,1,0.9824905,0
165377,0,0,0.08079154,1
165378,1,1,0.96771675,1
165379,0,0,0.15209518,1
165380,1,1,0.991339,1
165381,1,1,0.9999914,1
165382,1,1,0.9999993,1
165383,1,1,0.99999976,1
165384,0,1,0.99937004,0
165385,1,1,0.99999976,1
165386,0,1,0.99980515,0
165387,0,0,0.1134322,1
165388,0,1,0.9996395,0
165389,1,1,1.0,1
165390,0,1,0.9978594,0
165391,0,1,0.4845935,0
165392,1,1,0.9786107,1
165393,1,0,0.009072807,0
165394,0,1,0.9999883,0
165395,0,1,0.99999845,0
165396,0,1,0.35655868,0
165397,0,0,0.0762012,1
165398,0,0,0.070816204,1
165399,1,1,0.60434055,1
165400,1,1,0.9999999,1
165401,1,0,0.26511872,0
165402,0,0,0.07290027,1
165403,0,0,0.21109137,1
165404,1,0,0.14872593,0
165405,1,0,0.035177976,0
165406,1,1,0.99980587,1
165407,1,1,0.60130095,1
165408,0,0,0.020371297,1
165409,1,1,1.0,1
165410,1,1,0.36274344,1
165411,1,0,0.1834473,0
165412,1,1,0.9997546,1
165413,0,0,0.10866097,1
165414,1,1,1.0,1
165415,0,1,0.43428135,0
165416,1,1,0.81699115,1
165417,0,0,0.23970512,1
165418,0,0,0.026912306,1
165419,0,1,0.86130506,0
165420,1,0,0.0039454065,0
165421,0,1,0.9011404,0
165422,1,1,0.999433,1
165423,1,1,1.0,1
165424,0,0,0.051367506,1
165425,1,1,0.9999994,1
165426,0,0,0.0036642202,1
165427,1,1,0.99997485,1
165428,0,0,0.1437277,1
165429,0,0,0.3118982,1
165430,1,1,0.99999714,1
165431,0,1,0.8581252,0
165432,0,0,0.013299493,1
165433,1,1,0.9999708,1
165434,1,1,0.9990264,1
165435,0,0,0.08321738,1
165436,1,1,1.0,1
165437,1,1,1.0,1
165438,1,1,0.9965904,1
165439,0,0,0.12331283,1
165440,1,1,0.999997,1
165441,0,0,0.25818568,1
165442,0,1,0.43110514,0
165443,1,1,1.0,1
165444,1,1,0.87037706,1
165445,1,1,0.9999255,1
165446,0,0,0.27279878,1
165447,1,1,0.99999964,1
165448,1,1,0.36664644,1
165449,0,1,0.9652504,0
165450,1,0,0.038285997,0
165451,1,1,0.99967504,1
165452,0,1,0.489534,0
165453,1,1,0.9909272,1
165454,1,1,0.9999994,1
165455,0,1,0.4807225,0
165456,1,1,1.0,1
165457,1,1,0.99997497,1
165458,1,1,1.0,1
165459,1,1,0.999985,1
165460,1,1,0.46016762,1
165461,0,0,0.07477004,1
165462,1,1,0.9999825,1
165463,0,0,0.071786165,1
165464,1,1,1.0,1
165465,0,0,0.008267596,1
165466,0,1,0.9906961,0
165467,0,0,0.09518112,1
165468,1,0,0.022201227,0
165469,0,1,1.0,0
165470,1,1,0.99955314,1
165471,1,1,0.9999995,1
165472,1,1,0.9999999,1
165473,1,0,0.16762705,0
165474,0,0,0.16211456,1
165475,0,0,0.024680348,1
165476,0,0,0.02784845,1
165477,0,1,0.9582261,0
165478,1,0,0.23423143,0
165479,1,1,0.9999981,1
165480,0,0,0.054298937,1
165481,1,1,0.99986863,1
165482,1,1,0.3585215,1
165483,0,1,0.8092006,0
165484,1,1,0.99998,1
165485,0,0,0.062046263,1
165486,1,1,0.9999995,1
165487,0,1,0.9790558,0
165488,1,1,1.0,1
165489,1,1,1.0,1
165490,0,1,0.99179614,0
165491,1,1,0.99956006,1
165492,1,1,0.55796576,1
165493,0,0,0.24454337,1
165494,1,1,0.99999964,1
165495,1,0,0.25137195,0
165496,0,0,0.13557507,1
165497,1,1,0.7970834,1
165498,1,1,0.6866328,1
165499,0,0,0.16789973,1
165500,0,0,0.074298516,1
165501,1,1,0.84363765,1
165502,1,0,0.12028373,0
165503,1,1,0.99985516,1
165504,0,0,0.12326005,1
165505,1,0,0.0011763748,0
165506,0,0,0.13273923,1
165507,0,1,0.8951567,0
165508,1,1,0.99010193,1
165509,1,1,0.990329,1
165510,1,1,0.98680264,1
165511,1,1,0.8003801,1
165512,1,1,0.8097278,1
165513,1,1,1.0,1
165514,1,1,0.9983834,1
165515,1,1,0.9999999,1
165516,0,0,0.019549947,1
165517,0,0,0.13111758,1
165518,1,1,0.99940586,1
165519,0,0,0.06052939,1
165520,1,0,0.039011665,0
165521,0,0,0.1164622,1
165522,1,1,1.0,1
165523,1,1,0.87396973,1
165524,1,1,1.0,1
165525,0,0,0.085632786,1
165526,1,0,0.1683778,0
165527,0,0,0.13980691,1
165528,1,0,0.037714817,0
165529,0,0,0.008745182,1
165530,0,1,0.97110176,0
165531,0,0,0.31373507,1
165532,0,1,0.99949765,0
165533,1,1,0.9958741,1
165534,1,1,0.56547874,1
165535,0,0,0.16384642,1
165536,1,1,0.99603146,1
165537,0,0,0.07779745,1
165538,1,0,0.09057448,0
165539,0,1,0.9999517,0
165540,0,1,0.99942183,0
165541,0,0,0.24454337,1
165542,0,0,0.13741668,1
165543,0,1,0.41602537,0
165544,1,1,1.0,1
165545,0,1,0.99373454,0
165546,0,1,0.94791394,0
165547,1,1,0.99990535,1
165548,1,1,0.9999862,1
165549,1,1,0.9122018,1
165550,0,1,0.9869292,0
165551,1,0,0.025540898,0
165552,0,0,0.10356715,1
165553,1,1,0.982524,1
165554,1,0,0.063714996,0
165555,1,0,0.085785836,0
165556,1,1,0.6064984,1
165557,1,1,0.4907542,1
165558,1,1,0.9999994,1
165559,1,1,0.97175217,1
165560,1,0,0.012600624,0
165561,1,1,0.9974491,1
165562,1,0,0.069289416,0
165563,0,1,0.95418006,0
165564,0,1,0.87652874,0
165565,0,1,0.98780584,0
165566,1,1,0.99998593,1
165567,1,1,0.83894384,1
165568,0,0,0.0032287643,1
165569,0,0,0.039676033,1
165570,1,1,0.72193927,1
165571,0,1,0.9960238,0
165572,1,0,0.098512106,0
165573,0,1,0.98569053,0
165574,1,1,0.9999999,1
165575,0,0,0.020864256,1
165576,1,0,0.054349106,0
165577,1,1,0.99999785,1
165578,1,1,0.9967524,1
165579,1,1,0.9996178,1
165580,1,1,0.99997735,1
165581,0,1,0.91730267,0
165582,0,0,0.30964962,1
165583,0,0,0.067056276,1
165584,1,1,1.0,1
165585,0,1,0.99886864,0
165586,0,1,0.9610981,0
165587,1,1,1.0,1
165588,1,1,0.999992,1
165589,1,1,0.6520753,1
165590,1,1,0.9999988,1
165591,1,1,0.9233162,1
165592,1,1,0.9999993,1
165593,0,0,0.07356305,1
165594,1,1,0.9366916,1
165595,0,1,0.70583576,0
165596,1,1,0.9996302,1
165597,1,0,0.022201227,0
165598,1,1,0.9999591,1
165599,1,1,0.9993081,1
165600,0,1,0.99499834,0
165601,1,1,0.9971661,1
165602,0,1,0.7642764,0
165603,1,0,0.08487122,0
165604,1,1,0.90448195,1
165605,1,1,0.6284644,1
165606,0,0,0.27129996,1
165607,1,1,0.9876401,1
165608,0,0,0.04681203,1
165609,0,0,0.24889913,1
165610,1,1,0.9996087,1
165611,0,1,0.99528164,0
165612,0,1,0.61277324,0
165613,1,0,0.09326426,0
165614,1,1,1.0,1
165615,0,0,0.2941136,1
165616,0,1,0.9994081,0
165617,0,0,0.18817475,1
165618,1,1,0.828523,1
165619,0,1,0.79486305,0
165620,0,0,0.21141684,1
165621,1,1,1.0,1
165622,1,1,0.9907856,1
165623,1,1,0.87439936,1
165624,0,1,0.41602537,0
165625,1,1,0.9972904,1
165626,1,1,0.9916358,1
165627,1,1,0.99999046,1
165628,0,0,0.14217234,1
165629,1,0,0.021594688,0
165630,1,0,0.074567616,0
165631,1,1,1.0,1
165632,1,1,0.9996768,1
165633,0,1,0.93349147,0
165634,1,0,0.013402403,0
165635,0,1,0.99990463,0
165636,0,0,0.0610871,1
165637,1,1,1.0,1
165638,0,1,0.5352199,0
165639,0,0,0.17161581,1
165640,1,1,0.9958418,1
165641,1,1,1.0,1
165642,0,0,0.2331821,1
165643,1,1,0.9996959,1
165644,1,1,0.8342719,1
165645,1,0,0.059646945,0
165646,1,1,1.0,1
165647,1,1,0.9922144,1
165648,0,0,0.10790661,1
165649,0,0,0.23837286,1
165650,0,1,0.80654806,0
165651,1,1,0.46863863,1
165652,1,0,0.058560826,0
165653,0,1,0.9994797,0
165654,0,0,0.120957024,1
165655,0,1,0.78199726,0
165656,1,0,0.16398025,0
165657,0,1,0.9650863,0
165658,0,0,0.10809477,1
165659,1,1,0.9994622,1
165660,0,1,0.996858,0
165661,0,1,0.99877447,0
165662,0,1,0.6547292,0
165663,1,1,0.4313147,1
165664,0,1,0.99949956,0
165665,1,0,0.13992442,0
165666,1,1,0.99948174,1
165667,1,0,0.12989861,0
165668,1,1,1.0,1
165669,0,0,0.08609269,1
165670,1,0,0.28101084,0
165671,0,1,0.9879462,0
165672,1,1,0.9999347,1
165673,1,1,1.0,1
165674,0,1,0.9827738,0
165675,1,0,0.26588044,0
165676,0,1,0.99999523,0
165677,1,1,0.9999651,1
165678,0,0,0.23775287,1
165679,0,0,0.18300883,1
165680,0,0,0.19620943,1
165681,0,0,0.043204032,1
165682,1,0,0.03989989,0
165683,1,0,0.026230346,0
165684,1,1,0.99987566,1
165685,0,0,0.2689414,1
165686,1,1,0.9999958,1
165687,1,0,0.07323097,0
165688,0,0,0.14755519,1
165689,0,0,0.062046263,1
165690,0,0,0.1067837,1
165691,0,1,0.9912717,0
165692,0,1,0.86522406,0
165693,0,0,0.088820286,1
165694,1,1,0.81257004,1
165695,0,0,0.13500383,1
165696,1,0,0.022759158,0
165697,0,1,0.46174484,0
165698,1,1,0.99999976,1
165699,1,1,0.60981464,1
165700,0,0,0.024007749,1
165701,0,0,0.16391331,1
165702,1,1,0.4368022,1
165703,1,1,0.9999974,1
165704,1,1,0.93349147,1
165705,0,1,0.549278,0
165706,1,1,0.99999976,1
165707,0,0,0.0018208296,1
165708,0,0,0.0343263,1
165709,0,0,0.3228995,1
165710,0,0,0.14823206,1
165711,1,1,0.6468507,1
165712,0,0,0.34587818,1
165713,1,1,0.60981464,1
165714,1,1,0.99996233,1
165715,1,0,0.1274353,0
165716,0,0,0.13788034,1
165717,1,1,0.9904221,1
165718,0,0,0.24562746,1
165719,0,1,0.37224844,0
165720,0,0,0.08866235,1
165721,0,1,0.9995635,0
165722,1,1,0.9998969,1
165723,0,0,0.12347128,1
165724,0,1,0.9361684,0
165725,1,1,0.9987081,1
165726,0,1,0.9650863,0
165727,1,1,0.99998045,1
165728,1,1,0.98486924,1
165729,0,1,0.9013143,0
165730,0,0,0.14922118,1
165731,0,0,0.24944724,1
165732,1,1,1.0,1
165733,1,0,0.026810195,0
165734,0,1,0.42614248,0
165735,1,1,0.8326453,1
165736,1,0,0.08035747,0
165737,1,1,0.99933714,1
165738,0,0,0.02693789,1
165739,0,1,0.92262185,0
165740,0,0,0.1746917,1
165741,1,1,0.9999993,1
165742,1,0,0.28917095,0
165743,1,0,0.07490528,0
165744,1,1,0.9999995,1
165745,0,1,0.8987666,0
165746,0,1,0.7168632,0
165747,1,1,1.0,1
165748,1,1,1.0,1
165749,0,1,0.7896395,0
165750,1,1,0.9820655,1
165751,1,1,0.5551338,1
165752,0,1,0.999824,0
165753,0,1,0.58604914,0
165754,1,1,0.57373816,1
165755,1,0,0.07942426,0
165756,1,1,0.9951984,1
165757,0,1,0.9999994,0
165758,1,1,1.0,1
165759,1,1,0.99998856,1
165760,1,1,0.6799761,1
165761,0,0,0.03448853,1
165762,1,1,0.99999607,1
165763,1,1,0.9999988,1
165764,1,1,1.0,1
165765,0,0,0.08756384,1
165766,1,0,0.08464396,0
165767,0,1,0.9207184,0
165768,1,1,0.9813643,1
165769,0,0,0.29042712,1
165770,1,1,0.998147,1
165771,0,0,0.17398883,1
165772,1,1,0.3718777,1
165773,0,0,0.032191858,1
165774,1,1,0.99993396,1
165775,1,1,0.9999565,1
165776,1,1,0.9999974,1
165777,1,1,0.99999964,1
165778,1,1,0.998345,1
165779,1,1,0.99999464,1
165780,0,0,0.08336651,1
165781,1,1,0.9999968,1
165782,0,0,0.15437602,1
165783,0,1,1.0,0
165784,0,0,0.13857834,1
165785,0,0,0.30798203,1
165786,1,0,0.031678624,0
165787,0,1,0.9654789,0
165788,1,0,0.07369626,0
165789,0,1,0.9999933,0
165790,1,1,1.0,1
165791,1,1,0.58041155,1
165792,1,1,0.99557483,1
165793,0,1,0.99999774,0
165794,0,0,0.030185984,1
165795,0,0,0.10266401,1
165796,1,1,0.99605453,1
165797,1,1,0.97869223,1
165798,1,1,0.9990978,1
165799,0,0,0.28288907,1
165800,0,0,0.22644132,1
165801,1,1,1.0,1
165802,1,1,0.79358625,1
165803,1,0,0.1240007,0
165804,1,1,0.9979007,1
165805,1,0,2.2562048e-05,0
165806,1,1,0.99999976,1
165807,1,1,0.99989605,1
165808,0,1,0.9999938,0
165809,0,1,0.7977145,0
165810,1,1,0.9609883,1
165811,0,0,0.09285216,1
165812,0,1,0.3685193,0
165813,0,0,0.05500529,1
165814,1,0,0.02136889,0
165815,0,1,0.87125593,0
165816,1,1,0.99967754,1
165817,0,0,0.13672362,1
165818,1,1,1.0,1
165819,0,1,0.99783,0
165820,0,1,0.99580115,0
165821,0,1,0.52829003,0
165822,1,1,0.98557997,1
165823,1,1,0.9994673,1
165824,1,1,0.999998,1
165825,1,0,0.089853115,0
165826,1,1,1.0,1
165827,1,1,0.99521697,1
165828,1,1,0.8369547,1
165829,1,1,0.79597545,1
165830,1,1,0.9959771,1
165831,1,1,0.9845754,1
165832,1,1,0.9999858,1
165833,1,1,0.9999989,1
165834,0,0,0.058078144,1
165835,1,1,0.9861514,1
165836,0,0,0.05218253,1
165837,1,1,1.0,1
165838,0,1,0.8827315,0
165839,1,1,0.9999999,1
165840,1,1,0.9891187,1
165841,0,0,0.06267437,1
165842,0,1,0.9305845,0
165843,0,0,0.07477004,1
165844,0,1,0.4881004,0
165845,1,1,1.0,1
165846,0,1,0.5444381,0
165847,1,1,0.99999976,1
165848,1,1,0.9998111,1
165849,0,0,0.19057333,1
165850,1,1,0.9999149,1
165851,0,0,0.15687834,1
165852,1,0,0.10771874,0
165853,1,1,0.9965233,1
165854,1,1,0.5292634,1
165855,1,1,1.0,1
165856,1,0,0.07928158,0
165857,1,1,0.9999987,1
165858,1,1,0.9772191,1
165859,0,0,0.011309892,1
165860,1,1,0.9999795,1
165861,1,1,0.99948967,1
165862,0,0,0.03390796,1
165863,1,1,0.99615306,1
165864,0,1,0.81331253,0
165865,0,1,0.46502307,0
165866,1,0,0.0059110695,0
165867,0,0,0.19814174,1
165868,0,0,0.13788034,1
165869,0,0,0.11797801,1
165870,1,0,0.13586143,0
165871,1,1,0.9900636,1
165872,1,0,0.3327439,0
165873,0,0,0.052037824,1
165874,0,0,0.06693421,1
165875,0,1,0.99193794,0
165876,0,0,0.04738177,1
165877,0,0,0.085632786,1
165878,1,1,0.54516464,1
165879,0,1,0.7329743,0
165880,1,1,0.9956937,1
165881,0,1,0.40969306,0
165882,1,1,0.99999297,1
165883,0,0,0.13028543,1
165884,0,1,0.99083894,0
165885,0,0,0.2757144,1
165886,1,1,0.8698252,1
165887,0,0,0.062617026,1
165888,1,1,1.0,1
165889,1,1,1.0,1
165890,0,1,0.99999726,0
165891,0,1,0.9911011,0
165892,0,0,0.055874642,1
165893,0,0,0.1357468,1
165894,1,1,0.99999917,1
165895,1,1,0.9999887,1
165896,1,1,0.99948967,1
165897,1,1,0.4874294,1
165898,1,1,0.9739189,1
165899,1,1,0.6749617,1
165900,1,1,0.8240375,1
165901,0,0,0.024821786,1
165902,0,1,0.94539934,0
165903,1,0,0.0683507,0
165904,1,1,0.934813,1
165905,1,0,0.18068421,0
165906,1,1,1.0,1
165907,0,0,0.057387535,1
165908,1,1,1.0,1
165909,0,1,0.82615143,0
165910,1,1,1.0,1
165911,1,1,0.99993956,1
165912,0,1,0.41673732,0
165913,0,1,0.9995963,0
165914,1,0,0.12341844,0
165915,1,1,0.99998164,1
165916,1,1,0.95861524,1
165917,1,1,0.9940544,1
165918,0,1,0.5080559,0
165919,0,0,0.0279544,1
165920,1,0,0.0027044297,0
165921,1,1,0.8983214,1
165922,1,0,0.15571934,0
165923,0,0,0.13563229,1
165924,0,0,0.20793757,1
165925,0,0,0.107250325,1
165926,1,0,0.325199,0
165927,1,1,1.0,1
165928,1,0,0.3136825,0
165929,1,1,0.99992454,1
165930,0,1,0.44948328,0
165931,1,1,0.9462003,1
165932,1,1,0.9998894,1
165933,0,0,0.23722233,1
165934,1,1,0.9796092,1
165935,0,0,0.05717659,1
165936,1,1,0.9999509,1
165937,0,1,0.99995995,0
165938,1,1,0.99979657,1
165939,0,0,0.16762705,1
165940,1,1,0.9999187,1
165941,1,1,0.9999541,1
165942,0,0,0.041539967,1
165943,1,1,0.671309,1
165944,0,1,0.5675771,0
165945,1,1,0.998147,1
165946,1,1,1.0,1
165947,0,0,0.032436155,1
165948,0,0,0.18440005,1
165949,0,1,0.9334308,0
165950,0,0,0.33084944,1
165951,1,1,0.5103745,1
165952,1,1,1.0,1
165953,1,0,0.1635122,0
165954,1,1,1.0,1
165955,1,1,1.0,1
165956,1,1,1.0,1
165957,0,0,0.30699432,1
165958,1,1,0.99999,1
165959,1,0,0.08670936,0
165960,1,1,0.9999982,1
165961,1,1,0.99942636,1
165962,1,0,0.0570714,0
165963,0,1,0.99807703,0
165964,0,0,0.2331821,1
165965,0,0,0.049039625,1
165966,1,1,0.9982522,1
165967,1,1,0.9999993,1
165968,0,1,0.6848439,0
165969,1,1,1.0,1
165970,1,1,0.9993013,1
165971,0,0,0.14669742,1
165972,0,1,0.8656789,0
165973,0,1,0.81699115,0
165974,0,1,0.8623516,0
165975,1,1,1.0,1
165976,0,0,0.08100938,1
165977,0,0,0.083515875,1
165978,0,0,0.08889936,1
165979,1,1,0.9982003,1
165980,1,1,0.9999777,1
165981,1,1,0.9999695,1
165982,1,0,0.20024472,0
165983,0,1,0.39288992,0
165984,1,1,0.999998,1
165985,1,1,0.99988544,1
165986,1,0,0.008610767,0
165987,1,1,0.99999976,1
165988,0,1,0.9987696,0
165989,1,1,0.99967873,1
165990,0,1,0.8342719,0
165991,1,0,0.0628467,0
165992,1,0,0.25229195,0
165993,0,0,0.2804193,1
165994,0,1,0.97121114,0
165995,1,1,0.6545084,1
165996,0,0,0.3047654,1
165997,1,1,0.99999034,1
165998,1,1,1.0,1
165999,0,1,0.9985191,0
166000,0,0,0.05505607,1
166001,1,1,1.0,1
166002,1,1,0.44519785,1
166003,0,0,0.15291561,1
166004,0,0,0.21485612,1
166005,1,1,0.83359575,1
166006,0,1,0.5687751,0
166007,1,1,0.99999726,1
166008,0,1,0.9026096,0
166009,1,0,0.270095,0
166010,1,1,0.9999987,1
166011,1,0,0.11556087,0
166012,0,0,0.0059110695,1
166013,0,1,0.9747971,0
166014,1,1,0.9999937,1
166015,1,0,0.020665687,0
166016,1,1,0.99951124,1
166017,0,0,0.12825193,1
166018,1,1,1.0,1
166019,1,1,0.8251675,1
166020,1,1,0.999926,1
166021,0,1,0.7427017,0
166022,0,1,0.6201042,0
166023,0,1,0.92296976,0
166024,1,0,0.13817081,0
166025,0,0,0.09990845,1
166026,0,0,0.0248928,1
166027,1,1,1.0,1
166028,1,1,0.9999999,1
166029,1,1,0.9999999,1
166030,0,0,0.000947309,1
166031,0,0,0.027506804,1
166032,1,1,0.9999764,1
166033,1,0,0.11767348,0
166034,1,1,1.0,1
166035,1,1,1.0,1
166036,0,0,0.11792721,1
166037,0,1,0.9999995,0
166038,1,0,0.10613344,0
166039,1,1,0.9999981,1
166040,1,1,1.0,1
166041,1,1,0.99999976,1
166042,0,0,0.025395468,1
166043,0,0,0.038683496,1
166044,1,1,0.9838005,1
166045,1,0,0.06979493,0
166046,1,1,0.692486,1
166047,1,1,0.99227446,1
166048,1,1,0.9914887,1
166049,0,0,0.04822634,1
166050,0,1,0.99411184,0
166051,1,1,0.3798096,1
166052,1,1,0.99999833,1
166053,0,0,0.0095224865,1
166054,0,1,0.9999994,0
166055,0,0,0.12592277,1
166056,1,1,1.0,1
166057,0,0,0.038647197,1
166058,1,1,0.99679,1
166059,1,1,0.6782737,1
166060,0,1,0.99306935,0
166061,1,1,0.99999964,1
166062,1,1,1.0,1
166063,0,0,0.010071824,1
166064,0,0,0.00809329,1
166065,0,1,0.9129808,0
166066,0,1,0.93263763,0
166067,1,1,0.9774785,1
166068,0,0,0.27708158,1
166069,1,1,0.99999607,1
166070,0,0,0.04065485,1
166071,0,0,0.033494536,1
166072,1,0,0.009670993,0
166073,1,0,0.26166093,0
166074,0,0,0.1375904,1
166075,1,0,0.3347525,0
166076,1,1,0.99860877,1
166077,0,1,0.42907047,0
166078,0,0,0.20801799,1
166079,0,0,0.036356665,1
166080,1,1,0.9992693,1
166081,0,0,0.347205,1
166082,0,0,0.13432106,1
166083,1,0,0.075995214,0
166084,0,0,0.1384618,1
166085,1,1,0.9999989,1
166086,0,0,0.26654816,1
166087,1,1,0.68883485,1
166088,1,1,1.0,1
166089,0,1,0.99923575,0
166090,0,0,0.010489091,1
166091,0,0,0.005416411,1
166092,0,1,0.9975799,0
166093,1,1,0.99504673,1
166094,0,1,0.97601515,0
166095,0,1,0.35655868,0
166096,1,1,1.0,1
166097,0,1,0.53285056,0
166098,1,1,1.0,1
166099,1,1,0.95536083,1
166100,0,1,0.9792154,0
166101,0,1,0.9890554,0
166102,1,1,0.99999726,1
166103,1,1,0.46432465,1
166104,0,0,0.068102375,1
166105,1,1,0.8559716,1
166106,1,0,0.12126887,0
166107,1,0,0.027506804,0
166108,1,1,0.99967754,1
166109,1,0,0.03821415,0
166110,0,1,0.71972847,0
166111,0,0,0.22354652,1
166112,1,1,0.99999654,1
166113,1,1,0.50427234,1
166114,1,1,0.90950596,1
166115,1,0,0.25109637,0
166116,0,1,0.8597815,0
166117,1,1,0.99991286,1
166118,0,0,0.07100922,1
166119,1,1,0.99996805,1
166120,1,1,0.8327813,1
166121,0,1,0.9603612,0
166122,1,0,0.21272227,0
166123,0,0,0.09534946,1
166124,0,1,0.47889435,0
166125,0,0,0.045991033,1
166126,0,1,0.9983223,0
166127,0,0,0.020429844,1
166128,0,0,0.06699522,1
166129,0,1,0.9998902,0
166130,1,1,0.37960833,1
166131,1,1,0.99980134,1
166132,0,1,0.95150405,0
166133,0,1,0.6748545,0
166134,0,1,0.99975175,0
166135,0,1,0.9279531,0
166136,1,1,0.49288988,1
166137,1,1,0.9996971,1
166138,1,1,0.9958175,1
166139,1,1,0.9999856,1
166140,1,1,0.99999976,1
166141,0,0,0.1260303,1
166142,0,0,0.04300264,1
166143,0,0,0.08532742,1
166144,1,0,0.032774985,0
166145,1,0,0.20149878,0
166146,1,0,0.018725162,0
166147,0,0,0.19993211,1
166148,1,1,0.6237207,1
166149,0,0,0.071202725,1
166150,1,0,0.15720153,0
166151,0,1,0.99899954,0
166152,1,1,0.9678689,1
166153,1,0,0.17532618,0
166154,1,1,0.99999046,1
166155,0,0,0.11848707,1
166156,1,1,0.9561454,1
166157,1,1,0.9999995,1
166158,0,1,0.5309662,0
166159,1,1,0.5791624,1
166160,1,1,0.9999988,1
166161,0,1,0.8330532,0
166162,0,0,0.07606381,1
166163,0,0,0.078571655,1
166164,1,1,0.6764596,1
166165,0,0,0.1596755,1
166166,0,1,0.99739385,0
166167,0,1,0.9142907,0
166168,1,1,1.0,1
166169,0,1,0.57934093,0
166170,0,1,0.60964036,0
166171,1,1,0.9999999,1
166172,1,1,1.0,1
166173,1,1,1.0,1
166174,0,0,0.14187485,1
166175,0,0,0.31163633,1
166176,0,0,0.15278916,1
166177,1,1,1.0,1
166178,1,1,0.9999802,1
166179,1,0,0.017275905,0
166180,0,0,0.19845225,1
166181,0,1,0.9999999,0
166182,0,0,0.048676565,1
166183,0,0,0.20866227,1
166184,1,1,0.5905431,1
166185,0,1,0.4968262,0
166186,1,0,0.11476479,0
166187,0,0,0.022759158,1
166188,1,0,0.0607519,0
166189,1,1,0.99936503,1
166190,1,1,0.9999999,1
166191,0,1,0.9974885,0
166192,0,0,0.24467869,1
166193,0,1,0.90590656,0
166194,0,1,0.8236123,0
166195,1,1,0.99889046,1
166196,1,0,0.13273923,0
166197,1,1,0.98235554,1
166198,1,1,0.71972847,1
166199,0,1,0.9745077,0
166200,0,0,0.007937994,1
166201,0,0,0.10734387,1
166202,1,1,1.0,1
166203,1,1,0.9997731,1
166204,1,0,0.2052962,0
166205,1,1,0.9466954,1
166206,1,1,0.9774785,1
166207,1,1,0.87396973,1
166208,0,0,0.08291986,1
166209,0,1,0.94197524,0
166210,1,0,0.0021955152,0
166211,0,0,0.24220563,1
166212,0,1,0.5841525,0
166213,0,1,0.9811849,0
166214,0,0,0.0768222,1
166215,1,1,0.44984576,1
166216,1,0,0.1647851,0
166217,1,1,1.0,1
166218,1,1,0.36170003,1
166219,0,0,0.034261618,1
166220,0,1,0.9424538,0
166221,1,1,0.5558572,1
166222,0,1,0.9567556,0
166223,0,1,0.36268702,0
166224,0,0,0.111337796,1
166225,0,0,0.09492911,1
166226,1,1,0.9999987,1
166227,0,1,0.9999739,0
166228,1,1,0.87779135,1
166229,0,1,0.6353921,0
166230,0,1,0.5432874,0
166231,0,1,0.9992519,0
166232,1,1,0.8819204,1
166233,0,0,0.017968968,1
166234,1,1,0.35471243,1
166235,1,1,1.0,1
166236,1,1,0.59313804,1
166237,0,1,0.68177974,0
166238,0,0,0.02761149,1
166239,1,1,0.9939964,1
166240,0,1,0.99998796,0
166241,0,0,0.044348583,1
166242,1,1,0.977132,1
166243,1,1,0.9999808,1
166244,0,0,0.0607519,1
166245,1,1,0.9766024,1
166246,1,1,0.99999976,1
166247,1,1,0.99999976,1
166248,1,1,0.99997187,1
166249,0,1,0.5971969,0
166250,1,1,0.9999863,1
166251,1,1,0.71943295,1
166252,1,1,0.4782547,1
166253,1,0,0.18068421,0
166254,0,1,0.60340613,0
166255,0,0,0.013222823,1
166256,1,1,0.9069832,1
166257,1,1,0.75626755,1
166258,1,1,0.9091032,1
166259,1,0,0.32723817,0
166260,0,1,0.8587186,0
166261,1,0,0.13747455,0
166262,0,0,0.27367145,1
166263,0,1,0.98260766,0
166264,0,0,0.05404875,1
166265,0,0,0.042206,1
166266,1,1,0.43386152,1
166267,1,1,0.9999862,1
166268,1,1,0.99917847,1
166269,1,1,0.9999511,1
166270,0,1,0.9016612,0
166271,0,1,0.9040592,0
166272,1,0,0.08035747,0
166273,0,1,0.99959475,0
166274,1,1,0.9999951,1
166275,0,0,0.0076510315,1
166276,0,1,0.83642095,0
166277,1,1,0.9999999,1
166278,1,1,0.99996436,1
166279,1,1,1.0,1
166280,0,1,0.66502994,0
166281,0,0,0.11138611,1
166282,0,0,0.052960765,1
166283,0,0,0.21925393,1
166284,0,1,1.0,0
166285,0,1,0.99823856,0
166286,1,1,0.99999964,1
166287,0,1,0.93863225,0
166288,1,1,0.9999995,1
166289,1,1,0.99997926,1
166290,0,0,0.21125406,1
166291,1,1,1.0,1
166292,1,1,0.8398654,1
166293,0,0,0.09868569,1
166294,0,0,0.2491731,1
166295,1,1,0.9999844,1
166296,1,1,0.9935369,1
166297,1,1,0.99837697,1
166298,1,0,0.24617074,0
166299,1,1,0.40165845,1
166300,0,0,0.16885696,1
166301,1,1,0.99949265,1
166302,0,1,0.6769937,0
166303,0,1,0.37693843,0
166304,0,1,0.967101,0
166305,1,0,0.03155902,0
166306,1,1,0.92093205,1
166307,1,1,0.80570865,1
166308,1,1,0.9557341,1
166309,0,0,0.19845225,1
166310,1,1,0.9999968,1
166311,0,1,0.5317565,0
166312,1,1,0.7588235,1
166313,0,1,0.6383282,0
166314,0,0,0.16762705,1
166315,0,1,0.450722,0
166316,1,1,0.91006696,1
166317,1,1,0.995488,1
166318,1,0,0.21411571,0
166319,0,1,0.977132,0
166320,0,1,0.7137809,0
166321,0,0,0.086246476,1
166322,1,0,0.13290796,0
166323,0,1,0.99999905,0
166324,1,1,0.9999995,1
166325,0,1,0.9207897,0
166326,0,0,0.0011313597,1
166327,0,1,0.72501636,0
166328,0,1,1.0,0
166329,1,1,0.37791368,1
166330,0,1,0.637313,0
166331,1,1,1.0,1
166332,1,0,0.06847518,0
166333,0,0,0.00478301,1
166334,0,1,0.9999039,0
166335,1,1,0.99998975,1
166336,0,0,0.055208687,1
166337,0,1,0.8183016,0
166338,0,0,0.13620575,1
166339,0,1,0.8631611,0
166340,1,1,1.0,1
166341,0,1,0.9543506,0
166342,0,1,0.8559716,0
166343,0,1,0.76568097,0
166344,0,1,0.88059187,0
166345,1,1,0.9999778,1
166346,1,1,0.99559206,1
166347,1,1,0.99999714,1
166348,0,0,0.33895183,1
166349,1,0,0.21403356,0
166350,0,1,0.4626855,0
166351,1,1,0.999998,1
166352,1,0,0.032100704,0
166353,1,1,1.0,1
166354,0,1,0.6253809,0
166355,0,0,0.11397346,1
166356,1,1,1.0,1
166357,0,0,0.018072657,1
166358,1,1,0.97673583,1
166359,1,1,0.9999988,1
166360,1,1,0.66121227,1
166361,0,0,0.026989132,1
166362,0,0,0.23633994,1
166363,1,1,0.99158704,1
166364,1,1,0.9871293,1
166365,1,1,0.8293538,1
166366,0,0,0.13437785,1
166367,1,0,0.11521199,0
166368,1,1,0.9999862,1
166369,1,0,0.04344689,0
166370,0,0,0.11671367,1
166371,1,1,1.0,1
166372,1,0,0.3143662,0
166373,1,1,0.9999753,1
166374,1,1,0.999997,1
166375,0,0,0.1653908,1
166376,1,1,0.93409514,1
166377,1,0,0.1689255,0
166378,0,0,0.016497836,1
166379,0,0,0.049405243,1
166380,0,0,0.07043161,1
166381,1,1,0.49182203,1
166382,0,0,0.16885696,1
166383,0,1,0.8373541,0
166384,1,1,0.9070655,1
166385,1,1,0.9999999,1
166386,1,1,1.0,1
166387,0,1,1.0,0
166388,0,1,0.38543245,0
166389,1,0,0.0595922,0
166390,1,1,1.0,1
166391,0,0,0.12054232,1
166392,1,1,0.9999083,1
166393,0,0,0.049681153,1
166394,1,1,0.85415626,1
166395,1,1,0.9999311,1
166396,0,0,0.11240509,1
166397,1,1,0.81669897,1
166398,1,1,0.8974259,1
166399,1,1,0.8337311,1
166400,1,1,0.9946878,1
166401,1,1,0.97254544,1
166402,1,0,0.10017222,0
166403,1,1,0.9999987,1
166404,0,1,0.96405166,0
166405,0,0,0.0056528766,1
166406,0,1,0.38757443,0
166407,1,1,0.49987793,1
166408,0,0,0.3118982,1
166409,1,1,1.0,1
166410,0,0,0.07165614,1
166411,0,0,0.13184245,1
166412,0,0,0.030243218,1
166413,0,0,0.14086723,1
166414,0,1,0.9999479,0
166415,1,1,0.9999968,1
166416,1,1,0.999972,1
166417,1,1,1.0,1
166418,0,1,0.87674,0
166419,1,0,0.3053865,0
166420,0,0,0.23819561,1
166421,1,1,0.9741658,1
166422,1,1,0.9999989,1
166423,0,0,0.08181271,1
166424,1,1,0.9999682,1
166425,0,0,0.07107367,1
166426,0,0,0.06394842,1
166427,1,0,0.024798159,0
166428,0,0,0.034358688,1
166429,1,1,1.0,1
166430,0,0,0.22609939,1
166431,0,0,0.024099445,1
166432,1,1,0.994729,1
166433,1,1,0.8530579,1
166434,0,1,0.5890073,0
166435,1,1,0.9890131,1
166436,0,1,0.9974934,0
166437,0,1,0.99938095,0
166438,1,1,0.8044059,1
166439,1,1,0.9634375,1
166440,1,0,0.14909723,0
166441,0,0,0.072177574,1
166442,0,0,0.32971537,1
166443,0,0,0.20071429,1
166444,0,0,0.24373244,1
166445,1,0,0.29113197,0
166446,0,1,0.94610083,0
166447,0,1,0.36206648,0
166448,1,0,0.16291203,0
166449,0,1,0.9952448,0
166450,0,1,0.99998,0
166451,1,0,0.19185705,0
166452,1,1,1.0,1
166453,1,1,1.0,1
166454,1,1,0.99999094,1
166455,1,0,0.31420836,0
166456,0,0,0.035111748,1
166457,0,1,0.9984176,0
166458,0,0,0.21975583,1
166459,0,1,0.9175246,0
166460,1,1,0.99952996,1
166461,1,1,0.9998785,1
166462,0,0,0.2678867,1
166463,1,1,0.99424744,1
166464,0,1,0.906156,0
166465,0,1,1.0,0
166466,1,1,0.9987005,1
166467,0,1,0.49112034,0
166468,1,0,0.23926048,0
166469,1,1,1.0,1
166470,1,1,0.98873377,1
166471,0,1,0.5175709,0
166472,0,0,0.03073393,1
166473,0,0,0.16132024,1
166474,1,0,0.07497297,0
166475,0,0,0.04751418,1
166476,0,1,0.9976495,0
166477,1,0,0.16291203,0
166478,1,1,0.9519527,1
166479,0,1,0.41321072,0
166480,1,1,0.42793453,1
166481,1,1,0.99997675,1
166482,1,1,0.94610083,1
166483,0,1,0.9973218,0
166484,0,1,0.63686144,0
166485,1,1,0.9999995,1
166486,0,1,0.772359,0
166487,1,1,0.9999999,1
166488,1,1,0.99999857,1
166489,0,0,0.24762337,1
166490,1,1,0.5924898,1
166491,1,1,0.9999181,1
166492,1,1,0.9999491,1
166493,1,1,0.5120216,1
166494,0,1,1.0,0
166495,0,0,0.19345194,1
166496,1,1,0.9999869,1
166497,0,0,0.02630528,1
166498,1,1,0.999864,1
166499,0,1,0.7190385,0
166500,1,1,0.9999999,1
166501,1,1,1.0,1
166502,0,1,0.82893884,0
166503,1,1,0.8407826,1
166504,1,0,0.11056715,0
166505,0,0,0.12326005,1
166506,1,1,0.9999951,1
166507,0,0,0.03746751,1
166508,0,0,0.16633658,1
166509,0,1,0.7074552,0
166510,0,1,0.70115066,0
166511,0,0,0.13358468,1
166512,0,1,0.88778967,0
166513,1,1,1.0,1
166514,0,1,0.8535469,0
166515,1,0,0.08889936,0
166516,0,0,0.2155158,1
166517,0,0,0.025711589,1
166518,0,0,0.12437245,1
166519,0,0,0.016737208,1
166520,1,1,0.9999422,1
166521,0,1,0.48474598,0
166522,0,0,0.038683496,1
166523,0,1,0.9999918,0
166524,1,1,0.99990165,1
166525,0,1,0.66415924,0
166526,1,0,0.1363207,0
166527,1,1,0.99989486,1
166528,0,0,0.10311471,1
166529,1,1,0.99995637,1
166530,0,1,0.99998677,0
166531,0,1,1.0,0
166532,1,1,1.0,1
166533,0,1,0.85318035,0
166534,0,0,0.30089962,1
166535,0,0,0.28927132,1
166536,0,0,0.078078166,1
166537,0,1,0.8872046,0
166538,1,1,0.99999964,1
166539,0,1,1.0,0
166540,0,1,0.9996737,0
166541,1,1,0.99999976,1
166542,0,0,0.06693421,1
166543,0,0,0.052521676,1
166544,0,0,0.079068,1
166545,0,1,0.8197491,0
166546,0,0,0.021125194,1
166547,1,1,0.44899997,1
166548,0,1,0.9987281,0
166549,1,1,0.98157746,1
166550,0,0,0.08079154,1
166551,1,1,0.99371004,1
166552,0,0,0.07146149,1
166553,1,1,0.979354,1
166554,1,1,1.0,1
166555,1,1,1.0,1
166556,0,0,0.21617696,1
166557,1,1,1.0,1
166558,1,1,0.42420328,1
166559,1,1,0.99785525,1
166560,1,0,0.19521025,0
166561,0,1,0.99999976,0
166562,1,1,1.0,1
166563,1,1,0.99967504,1
166564,0,1,0.6108598,0
166565,1,1,1.0,1
166566,1,1,0.90804875,1
166567,1,1,0.99983525,1
166568,0,1,0.43110514,0
166569,0,0,0.1056711,1
166570,1,0,0.06711741,0
166571,0,1,0.9921841,0
166572,0,0,0.08100938,1
166573,0,0,0.030243218,1
166574,1,1,0.8494724,1
166575,1,1,0.3682353,1
166576,0,0,0.13683893,1
166577,1,1,0.9999087,1
166578,1,1,0.9500878,1
166579,0,1,0.41596603,0
166580,0,1,0.7056329,0
166581,1,1,0.67848676,1
166582,0,0,0.1266231,1
166583,0,0,0.17441027,1
166584,1,1,0.9999988,1
166585,1,1,0.97583157,1
166586,1,1,0.98546845,1
166587,0,1,0.79755676,0
166588,0,1,0.9999856,0
166589,1,1,0.9761973,1
166590,0,1,0.9964551,0
166591,1,1,0.99999976,1
166592,0,0,0.2589814,1
166593,0,1,0.96391606,0
166594,0,0,0.2295352,1
166595,1,1,0.566858,1
166596,0,0,0.16033176,1
166597,0,1,0.9289907,0
166598,1,1,0.9993449,1
166599,1,0,0.0768222,0
166600,0,1,0.8340017,0
166601,0,1,0.98998636,0
166602,1,1,0.99996114,1
166603,1,1,1.0,1
166604,0,0,0.17265955,1
166605,1,0,0.07551658,0
166606,0,1,0.3637034,0
166607,0,0,0.10946754,1
166608,1,1,1.0,1
166609,1,0,0.045310315,0
166610,1,1,0.6297177,1
166611,0,1,0.70063883,0
166612,1,0,0.06602512,0
166613,0,0,0.055823144,1
166614,0,0,0.0072749583,1
166615,0,0,0.026708465,1
166616,0,0,0.22422528,1
166617,0,1,0.9809125,0
166618,1,1,0.86849254,1
166619,1,1,0.9999995,1
166620,0,0,0.085479975,1
166621,1,1,0.999998,1
166622,1,0,0.21692254,0
166623,0,0,0.29320207,1
166624,0,0,0.095433734,1
166625,1,1,0.9642878,1
166626,1,1,0.5480084,1
166627,0,1,0.92703366,0
166628,1,0,0.18780208,0
166629,1,1,0.9851003,1
166630,0,1,0.65052277,0
166631,0,0,0.041307308,1
166632,0,1,0.7185944,0
166633,1,1,0.99999976,1
166634,1,0,0.016561339,0
166635,0,0,0.117319085,1
166636,1,1,0.99509466,1
166637,0,0,0.021125194,1
166638,1,1,0.9999746,1
166639,0,1,0.5571226,0
166640,1,1,1.0,1
166641,0,0,0.32257935,1
166642,1,1,0.98628414,1
166643,0,0,0.12956785,1
166644,0,1,0.92441523,0
166645,1,1,0.9976172,1
166646,1,1,1.0,1
166647,1,0,0.11328496,0
166648,0,0,0.10669061,1
166649,0,1,0.97682446,0
166650,1,0,0.07204689,0
166651,1,1,1.0,1
166652,1,1,0.99952805,1
166653,1,1,0.99999976,1
166654,1,1,1.0,1
166655,1,1,1.0,1
166656,1,1,0.99998844,1
166657,1,1,0.99999976,1
166658,0,1,0.9644221,0
166659,0,0,0.047646955,1
166660,1,1,0.99992883,1
166661,1,1,1.0,1
166662,1,1,0.9983675,1
166663,0,0,0.25673878,1
166664,1,1,0.99693656,1
166665,1,0,0.03179867,0
166666,0,0,0.13916223,1
166667,0,1,0.7417676,0
166668,1,0,0.020390792,0
166669,1,1,1.0,1
166670,1,1,1.0,1
166671,1,1,0.9979652,1
166672,1,1,0.9985191,1
166673,1,0,0.24454337,0
166674,1,0,0.105210535,0
166675,0,0,0.3106421,1
166676,1,0,0.10402136,0
166677,1,1,0.9433998,1
166678,0,1,0.99984455,0
166679,1,1,0.99469805,1
166680,0,1,0.9997658,0
166681,1,0,0.16052906,0
166682,0,0,0.02094421,1
166683,1,1,1.0,1
166684,0,0,0.013299493,1
166685,1,1,0.99860066,1
166686,0,1,0.99974877,0
166687,1,1,0.660008,1
166688,1,1,0.9999651,1
166689,0,0,0.047869008,1
166690,1,0,0.04038907,0
166691,1,1,0.99997056,1
166692,0,1,0.9251624,0
166693,0,1,0.64372134,0
166694,0,1,0.7302899,0
166695,1,1,0.9449439,1
166696,0,0,0.086246476,1
166697,1,1,0.99111825,1
166698,0,0,0.025858779,1
166699,1,1,0.6282364,1
166700,0,1,0.51555896,0
166701,1,1,1.0,1
166702,0,1,0.97223073,0
166703,0,1,0.37416163,0
166704,0,1,0.88710684,0
166705,1,1,0.7731308,1
166706,0,0,0.1698185,1
166707,0,0,0.008445628,1
166708,0,1,0.88582915,0
166709,0,0,0.05770532,1
166710,0,1,0.8248855,0
166711,1,1,1.0,1
166712,1,1,0.99876,1
166713,1,1,0.9983516,1
166714,0,0,0.19783162,1
166715,1,1,1.0,1
166716,1,1,0.9990508,1
166717,1,1,0.52713394,1
166718,0,0,0.010550081,1
166719,0,0,0.026759284,1
166720,1,1,0.9999999,1
166721,1,1,0.99937856,1
166722,1,0,0.14560063,0
166723,0,0,0.1783111,1
166724,1,1,1.0,1
166725,0,1,0.9998989,0
166726,1,1,0.9990582,1
166727,1,1,0.9999995,1
166728,1,1,0.93622667,1
166729,0,1,0.98833525,0
166730,0,1,0.5560983,0
166731,1,1,0.9873018,1
166732,1,1,0.9948102,1
166733,0,1,0.99906915,0
166734,0,0,0.109324835,1
166735,1,1,0.99083894,1
166736,0,1,0.9999995,0
166737,1,1,0.99964094,1
166738,0,0,0.033148516,1
166739,0,1,0.9999125,0
166740,0,1,0.9603239,0
166741,1,1,1.0,1
166742,1,1,0.5524794,1
166743,0,1,0.99060565,0
166744,0,1,0.9997478,0
166745,0,1,0.9702681,0
166746,0,0,0.0074317735,1
166747,0,1,0.93593454,0
166748,1,1,0.54601204,1
166749,0,1,0.82460326,0
166750,0,0,0.0055012377,1
166751,1,1,0.9073943,1
166752,1,1,1.0,1
166753,0,0,0.05899303,1
166754,1,1,0.94776917,1
166755,1,1,1.0,1
166756,0,1,0.37065244,0
166757,1,1,1.0,1
166758,1,1,0.9939261,1
166759,1,0,0.06506812,0
166760,1,1,1.0,1
166761,1,1,1.0,1
166762,1,0,0.074298516,0
166763,1,1,0.999572,1
166764,0,1,0.9933201,0
166765,1,1,0.84695786,1
166766,0,0,0.24229527,1
166767,0,0,0.003203718,1
166768,0,1,0.97396845,0
166769,0,1,0.50131226,0
166770,0,0,0.12442563,1
166771,1,1,0.99907637,1
166772,0,0,0.02118586,1
166773,0,1,0.37705314,0
166774,1,1,0.9838472,1
166775,0,1,0.9997148,0
166776,1,0,0.07483763,0
166777,1,1,0.7764535,1
166778,0,1,0.99999833,0
166779,1,1,0.99998486,1
166780,0,0,0.09859886,1
166781,1,1,0.9999999,1
166782,0,1,0.9137535,0
166783,0,1,0.5137904,0
166784,0,0,0.0126982,1
166785,1,1,0.99998,1
166786,1,0,0.12819736,0
166787,0,0,0.14169659,1
166788,0,0,0.041191436,1
166789,1,1,0.9999155,1
166790,1,1,0.9999858,1
166791,1,0,0.13483287,0
166792,0,1,0.6164164,0
166793,1,1,0.9999906,1
166794,0,0,0.15278916,1
166795,1,0,0.25302953,0
166796,1,0,0.17852582,0
166797,1,0,0.13156325,0
166798,1,1,1.0,1
166799,1,1,0.9999912,1
166800,0,0,0.09392703,1
166801,0,0,0.28012383,1
166802,1,1,0.9999999,1
166803,1,1,0.9999989,1
166804,0,0,0.0085278,1
166805,0,1,0.99999976,0
166806,1,1,0.9901211,1
166807,0,1,0.9825743,0
166808,1,1,0.999997,1
166809,0,0,0.03336831,1
166810,1,1,1.0,1
166811,0,0,0.1153614,1
166812,1,0,0.14922118,0
166813,0,0,0.08961382,1
166814,1,1,0.998242,1
166815,1,1,0.3773399,1
166816,1,1,0.9953904,1
166817,1,1,0.9998332,1
166818,1,0,0.20785718,0
166819,1,1,0.99996626,1
166820,0,1,0.71671456,0
166821,1,1,0.99992776,1
166822,0,0,0.042087723,1
166823,1,1,1.0,1
166824,0,1,0.53752697,0
166825,0,0,0.01096574,1
166826,0,0,0.06441766,1
166827,1,1,0.558327,1
166828,1,1,0.99595356,1
166829,1,0,0.17462131,0
166830,0,0,0.23502058,1
166831,0,0,0.23248436,1
166832,1,0,0.20979328,0
166833,1,1,0.96544635,1
166834,1,1,0.40577245,1
166835,0,0,0.10941996,1
166836,0,1,0.48337406,0
166837,1,1,0.9448931,1
166838,0,1,0.46465865,0
166839,0,0,0.054600604,1
166840,1,1,0.99998045,1
166841,1,1,1.0,1
166842,1,1,0.95426536,1
166843,1,1,0.99999714,1
166844,1,1,0.982591,1
166845,1,1,0.9998932,1
166846,0,0,0.09560247,1
166847,1,1,1.0,1
166848,1,1,1.0,1
166849,1,1,0.9999845,1
166850,0,1,0.9998795,0
166851,0,0,0.28651848,1
166852,0,1,0.9999995,0
166853,1,1,1.0,1
166854,1,1,0.7798252,1
166855,1,1,0.6095823,1
166856,1,1,0.99988985,1
166857,1,0,0.07068779,0
166858,0,0,0.017678348,1
166859,1,0,0.34350687,0
166860,0,1,0.9909972,0
166861,0,1,0.9990471,0
166862,1,1,0.366108,1
166863,1,0,0.2247353,0
166864,1,1,0.9999995,1
166865,1,1,0.8668104,1
166866,1,0,0.08225394,0
166867,1,1,0.98801583,1
166868,0,1,0.5619962,0
166869,1,0,0.13302054,0
166870,0,1,0.6206791,0
166871,0,0,0.14134066,1
166872,1,1,0.9991391,1
166873,1,1,0.6489671,1
166874,1,0,0.18315491,0
166875,0,1,0.42742658,0
166876,1,1,0.99372226,1
166877,0,1,0.5583872,0
166878,0,0,0.024376595,1
166879,1,1,0.5676969,1
166880,1,0,0.1240007,0
166881,1,1,0.9999999,1
166882,1,1,0.9991374,1
166883,1,1,0.99996114,1
166884,1,0,0.047425874,0
166885,0,1,0.9999927,0
166886,1,1,0.99999845,1
166887,1,1,1.0,1
166888,1,1,0.9966036,1
166889,0,1,0.83801806,0
166890,0,0,0.111627996,1
166891,0,0,0.17667161,1
166892,0,0,0.08262328,1
166893,0,0,0.30481714,1
166894,0,0,0.22962157,1
166895,0,1,0.9588471,0
166896,1,1,0.9995461,1
166897,0,1,0.999926,0
166898,1,0,0.3002837,0
166899,0,0,0.17688479,1
166900,0,0,0.12304914,1
166901,0,1,0.9991959,0
166902,0,0,0.106597565,1
166903,1,1,0.94355595,1
166904,0,0,0.0921145,1
166905,1,1,0.9999789,1
166906,1,1,0.9999999,1
166907,1,1,0.98262435,1
166908,1,0,0.15771976,0
166909,1,1,1.0,1
166910,1,1,0.74844426,1
166911,0,0,0.03465149,1
166912,0,1,0.7297606,0
166913,1,0,0.24077459,0
166914,1,1,0.99262565,1
166915,1,1,0.9816127,1
166916,1,1,0.99595356,1
166917,0,1,0.6021786,0
166918,1,1,0.96858984,1
166919,1,1,0.9999995,1
166920,1,1,0.99999213,1
166921,1,1,0.99999857,1
166922,1,1,0.6989977,1
166923,0,1,0.7182981,0
166924,0,0,0.012771868,1
166925,1,1,0.96628344,1
166926,1,1,0.999577,1
166927,0,1,0.9997198,0
166928,1,1,0.99999964,1
166929,0,1,0.6623052,0
166930,0,1,0.9999995,0
166931,1,0,0.07800791,0
166932,0,0,0.05531065,1
166933,1,1,0.7337858,1
166934,1,1,0.9989392,1
166935,1,1,0.9999924,1
166936,0,1,0.79613405,0
166937,1,1,0.99999964,1
166938,1,1,1.0,1
166939,1,0,0.20228556,0
166940,1,1,1.0,1
166941,1,1,1.0,1
166942,0,0,0.13764834,1
166943,1,1,0.9998702,1
166944,1,1,0.999894,1
166945,1,0,0.14897339,0
166946,1,0,0.34075937,0
166947,1,1,0.98680264,1
166948,0,0,0.052086018,1
166949,1,1,0.9999875,1
166950,1,1,0.9999925,1
166951,0,0,0.10989669,1
166952,0,0,0.08210661,1
166953,1,1,0.99474937,1
166954,1,1,1.0,1
166955,0,0,0.033494536,1
166956,1,1,0.9999149,1
166957,1,1,0.96378,1
166958,0,0,0.029901406,1
166959,1,1,0.99999774,1
166960,0,1,0.9780727,0
166961,1,0,0.051177494,0
166962,1,1,0.99991035,1
166963,1,1,0.9158089,1
166964,1,1,0.97691274,1
166965,0,0,0.025154885,1
166966,1,1,0.99994695,1
166967,1,1,0.99459416,1
166968,0,0,0.2673125,1
166969,0,1,0.9999764,0
166970,1,1,1.0,1
166971,1,1,0.9995851,1
166972,1,0,0.17881243,0
166973,1,0,0.24680553,0
166974,1,0,0.074365705,0
166975,1,1,0.7252596,1
166976,0,1,0.99999976,0
166977,0,0,0.32514542,1
166978,0,0,0.052814018,1
166979,1,1,0.99709916,1
166980,0,1,0.9979292,0
166981,1,1,0.99999607,1
166982,1,1,1.0,1
166983,1,1,0.91655886,1
166984,1,0,0.12934773,0
166985,1,1,0.9354055,1
166986,1,1,0.89688534,1
166987,0,1,0.9436599,0
166988,1,1,0.9999956,1
166989,0,0,0.010130412,1
166990,1,1,0.9990283,1
166991,1,1,0.99982053,1
166992,0,1,0.7816641,0
166993,1,1,0.5420755,1
166994,1,1,0.9992519,1
166995,0,1,0.99718815,0
166996,1,1,1.0,1
166997,1,0,0.25753158,0
166998,1,1,1.0,1
166999,1,1,0.86048645,1
167000,1,1,0.99994636,1
167001,0,1,0.84504944,0
167002,0,0,0.11797801,1
167003,0,0,0.2520157,1
167004,1,1,0.9982926,1
167005,0,1,0.5998368,0
167006,1,1,0.9510059,1
167007,1,0,0.08359068,0
167008,0,0,0.043487497,1
167009,0,0,0.028301448,1
167010,1,0,0.012455653,0
167011,0,0,0.21559837,1
167012,1,0,0.019437952,0
167013,1,1,0.99999833,1
167014,0,0,0.12912793,1
167015,1,1,0.42327923,1
167016,0,1,0.99992573,0
167017,0,1,0.732544,0
167018,0,0,0.106597565,1
167019,1,1,0.9999999,1
167020,1,1,0.9846051,1
167021,1,1,0.6820975,1
167022,0,0,0.07864238,1
167023,1,1,0.93257624,1
167024,1,1,0.98549646,1
167025,0,0,0.34908882,1
167026,0,1,0.9681713,0
167027,1,1,1.0,1
167028,1,1,0.8264319,1
167029,0,0,0.25483337,1
167030,0,0,0.0031542059,1
167031,1,1,0.999998,1
167032,1,1,0.66687655,1
167033,1,1,0.73805594,1
167034,1,1,0.99998593,1
167035,1,1,0.99994373,1
167036,0,0,0.0962801,1
167037,1,1,0.9420286,1
167038,1,0,0.21942112,0
167039,0,1,0.7315863,0
167040,0,0,0.1524734,1
167041,1,1,0.81888175,1
167042,0,1,0.8039445,0
167043,1,1,0.99998724,1
167044,1,1,0.9970822,1
167045,1,1,0.98421544,1
167046,1,1,0.9999833,1
167047,0,1,0.4065085,0
167048,1,0,0.013821962,0
167049,0,1,0.84619683,0
167050,0,0,0.19253935,1
167051,0,0,0.03504564,1
167052,1,1,0.99997675,1
167053,1,0,0.018797072,0
167054,1,1,0.9113377,1
167055,0,0,0.09451042,1
167056,0,1,0.99474937,0
167057,1,0,0.036562506,0
167058,1,0,0.034261618,0
167059,0,0,0.22575781,1
167060,0,0,0.13892843,1
167061,0,1,0.9370958,0
167062,1,1,0.99958676,1
167063,0,0,0.1603975,1
167064,1,1,0.9997851,1
167065,0,1,0.9999994,0
167066,1,0,0.2613309,0
167067,0,0,0.025638297,1
167068,1,1,0.995142,1
167069,0,1,0.4262619,0
167070,1,0,0.072177574,0
167071,0,0,0.064535476,1
167072,1,0,0.07821887,0
167073,1,1,0.9859904,1
167074,0,0,0.039453376,1
167075,1,1,1.0,1
167076,1,1,0.9921537,1
167077,0,0,0.14529718,1
167078,1,1,0.66415924,1
167079,1,0,0.07675298,0
167080,1,0,0.002981033,0
167081,1,1,0.3769671,1
167082,0,1,0.9999999,0
167083,0,1,0.39053392,0
167084,1,1,0.9985506,1
167085,1,1,0.99937004,1
167086,1,1,0.35897082,1
167087,0,0,0.15928277,1
167088,1,1,1.0,1
167089,1,1,1.0,1
167090,1,1,0.7883796,1
167091,0,1,0.49169996,0
167092,1,0,0.059428226,0
167093,0,1,0.999974,0
167094,0,1,0.400339,0
167095,1,1,1.0,1
167096,0,0,0.004007289,1
167097,1,1,0.99977034,1
167098,1,1,1.0,1
167099,0,0,0.0065008723,1
167100,0,1,0.97517824,0
167101,0,0,0.2985936,1
167102,0,0,0.25210774,1
167103,0,1,0.94138527,0
167104,1,1,0.997414,1
167105,0,0,0.29961726,1
167106,0,1,0.9828562,0
167107,0,1,0.5682362,0
167108,0,0,0.2574849,1
167109,1,1,1.0,1
167110,1,1,0.9999888,1
167111,0,1,0.99983907,0
167112,0,0,0.06916357,1
167113,1,1,0.9324533,1
167114,0,0,0.021125194,1
167115,1,1,1.0,1
167116,1,1,0.99990904,1
167117,1,0,0.04650795,0
167118,1,1,0.48999158,1
167119,1,1,0.9999974,1
167120,0,0,0.295789,1
167121,1,1,0.54667765,1
167122,1,0,0.028060742,0
167123,1,1,0.9997428,1
167124,1,1,1.0,1
167125,1,1,0.9993411,1
167126,0,1,0.9981178,0
167127,0,1,0.5613351,0
167128,1,0,0.036493763,0
167129,1,1,0.9999838,1
167130,0,1,0.9413314,0
167131,1,1,0.99854493,1
167132,1,1,0.9981578,1
167133,0,0,0.11807967,1
167134,1,1,0.88483775,1
167135,1,1,0.9909622,1
167136,1,0,0.07270252,0
167137,0,0,0.15733096,1
167138,0,0,0.0071629784,1
167139,0,1,0.94165415,0
167140,1,1,0.3678094,1
167141,1,0,0.28497383,0
167142,1,0,0.24698713,0
167143,1,1,0.9643886,1
167144,1,1,0.9991239,1
167145,0,0,0.12247072,1
167146,0,1,0.9943909,0
167147,1,1,0.9996724,1
167148,1,1,0.9999877,1
167149,1,1,0.8247444,1
167150,0,0,0.23572361,1
167151,1,0,0.23970512,0
167152,0,1,0.9316493,0
167153,1,0,0.16606593,0
167154,0,1,0.50488263,0
167155,1,1,1.0,1
167156,1,1,0.7229673,1
167157,1,0,0.12247072,0
167158,1,1,0.77923787,1
167159,0,1,0.9990872,0
167160,0,0,0.010169658,1
167161,0,0,0.14205328,1
167162,0,0,0.2607658,1
167163,1,1,0.99999976,1
167164,0,0,0.18417984,1
167165,1,0,0.0946777,0
167166,1,1,0.99736315,1
167167,1,1,0.99029154,1
167168,1,1,0.9994673,1
167169,1,0,0.19057333,0
167170,0,0,0.171269,1
167171,0,0,0.24139994,1
167172,0,1,0.98892784,0
167173,1,0,0.05754622,0
167174,1,1,0.9999995,1
167175,1,1,0.7776378,1
167176,0,0,0.043325305,1
167177,1,1,0.99948776,1
167178,0,0,0.022889841,1
167179,0,0,0.16112214,1
167180,1,1,0.9991912,1
167181,1,0,0.036665846,0
167182,1,1,1.0,1
167183,0,1,0.9166335,0
167184,0,0,0.048676565,1
167185,1,0,0.23065974,0
167186,1,1,0.5288984,1
167187,0,0,0.074500255,1
167188,1,0,0.16926852,0
167189,1,1,1.0,1
167190,1,1,0.37536293,1
167191,1,0,0.3006429,0
167192,0,1,0.9565125,0
167193,0,1,1.0,0
167194,1,1,0.995906,1
167195,1,0,0.21733755,0
167196,0,1,0.54613304,0
167197,1,1,0.9996444,1
167198,0,1,0.44158268,0
167199,1,1,0.9692369,1
167200,1,1,0.7902877,1
167201,1,1,0.9999269,1
167202,0,0,0.020293487,1
167203,1,1,0.99227446,1
167204,1,1,0.99389064,1
167205,1,1,1.0,1
167206,1,1,0.99991214,1
167207,1,0,0.25879404,0
167208,0,0,0.06325052,1
167209,0,0,0.009994227,1
167210,0,0,0.03680407,1
167211,0,1,0.9706043,0
167212,0,0,0.028140754,1
167213,0,0,0.0057525453,1
167214,0,1,0.9629179,0
167215,1,1,0.9545204,1
167216,1,1,0.99998426,1
167217,1,1,0.9999231,1
167218,0,0,0.111724876,1
167219,0,1,0.9997775,0
167220,0,0,0.06650853,1
167221,1,0,0.108471945,0
167222,1,1,0.97285664,1
167223,1,0,0.061255362,0
167224,0,0,0.2502709,1
167225,1,0,0.31299964,0
167226,0,1,0.7546439,0
167227,1,1,0.99999833,1
167228,1,1,0.82432055,1
167229,0,1,0.9997508,0
167230,0,1,0.37650847,0
167231,0,0,0.12581532,1
167232,0,0,0.31315714,1
167233,0,0,0.15791446,1
167234,0,1,0.9993148,0
167235,1,1,0.99324185,1
167236,1,1,0.99988544,1
167237,1,1,0.9979888,1
167238,0,1,0.805173,0
167239,1,1,0.59484553,1
167240,0,1,0.9877351,0
167241,1,0,0.017275905,0
167242,1,1,1.0,1
167243,1,1,0.9998766,1
167244,1,1,0.99997306,1
167245,1,1,1.0,1
167246,0,1,0.96017486,0
167247,1,1,0.9989183,1
167248,0,0,0.031232351,1
167249,1,0,0.0044079763,0
167250,1,1,0.9999964,1
167251,0,0,0.10557885,1
167252,1,1,1.0,1
167253,0,0,0.16762705,1
167254,1,1,0.999995,1
167255,1,1,0.99974483,1
167256,0,0,0.103205055,1
167257,1,1,0.9997131,1
167258,1,0,0.11328496,0
167259,1,0,0.04590542,0
167260,1,1,0.87256473,1
167261,0,1,0.97254544,0
167262,1,1,0.9999995,1
167263,1,1,0.9999995,1
167264,1,1,0.9341553,1
167265,1,1,0.7773844,1
167266,1,1,0.39318112,1
167267,0,1,0.9996295,0
167268,1,1,1.0,1
167269,1,0,0.039231926,0
167270,1,1,0.61895317,1
167271,0,0,0.12116486,1
167272,0,0,0.03739713,1
167273,0,1,0.36009517,0
167274,0,1,0.66589963,0
167275,1,1,0.9998766,1
167276,1,1,0.9999974,1
167277,1,1,0.8418256,1
167278,0,1,0.9993881,0
167279,1,1,0.99999964,1
167280,0,0,0.30715016,1
167281,1,1,1.0,1
167282,0,0,0.04569203,1
167283,0,0,0.02693789,1
167284,1,1,1.0,1
167285,1,1,0.99987113,1
167286,0,1,0.9519527,0
167287,1,0,0.06255973,0
167288,0,1,0.99996877,0
167289,0,0,0.076132484,1
167290,1,1,0.99999726,1
167291,0,1,0.9997876,0
167292,0,1,0.9999999,0
167293,1,1,0.8976953,1
167294,1,1,0.99686414,1
167295,0,0,0.064771704,1
167296,1,1,0.9915052,1
167297,0,1,0.36127737,0
167298,1,0,0.15947905,0
167299,1,1,0.9999995,1
167300,1,1,0.41685596,1
167301,1,1,0.3996359,1
167302,0,1,0.52646446,0
167303,0,1,0.96485513,0
167304,0,1,0.99837697,0
167305,0,1,0.8886622,0
167306,1,0,0.0130707845,0
167307,1,1,0.9549004,1
167308,0,1,0.5377697,0
167309,1,1,0.35987014,1
167310,1,0,0.031678624,0
167311,0,1,0.9999999,0
167312,1,0,0.24689633,0
167313,0,1,0.80193585,0
167314,1,1,0.9999937,1
167315,1,1,1.0,1
167316,1,0,0.16708273,0
167317,0,1,0.9922144,0
167318,0,1,0.7051256,0
167319,0,1,0.9503189,0
167320,1,1,1.0,1
167321,0,1,0.9992519,0
167322,1,0,0.15810935,0
167323,0,0,0.1309508,1
167324,0,0,0.28239402,1
167325,0,1,0.9901592,0
167326,0,1,1.0,0
167327,0,1,0.9994173,0
167328,0,0,0.013273888,1
167329,0,1,0.95257413,0
167330,0,0,0.0606962,1
167331,0,0,0.24193686,1
167332,1,1,0.9997187,1
167333,0,1,0.9480103,0
167334,1,1,0.84221536,1
167335,1,1,0.92886186,1
167336,0,0,0.2243952,1
167337,1,1,0.99998355,1
167338,1,1,0.5662584,1
167339,0,0,0.12901814,1
167340,1,1,0.9967775,1
167341,0,1,0.9982692,0
167342,1,1,0.9935243,1
167343,1,0,0.15152933,0
167344,0,1,0.9975656,0
167345,1,1,0.9787127,1
167346,1,1,0.99671423,1
167347,0,1,0.99946314,0
167348,0,1,0.8750415,0
167349,0,0,0.008694533,1
167350,0,1,0.97573924,0
167351,0,1,0.95731777,0
167352,1,1,0.99984276,1
167353,0,0,0.06785488,1
167354,0,0,0.054651033,1
167355,0,1,0.9990872,0
167356,1,1,0.5807088,1
167357,1,1,0.88038635,1
167358,0,1,0.7643643,0
167359,0,1,0.5952573,0
167360,1,1,0.9995566,1
167361,1,1,1.0,1
167362,1,1,0.40969306,1
167363,0,1,0.99960417,0
167364,0,1,0.63956726,0
167365,1,1,0.9999963,1
167366,1,1,0.99999917,1
167367,1,0,0.13251457,0
167368,1,1,0.9043131,1
167369,0,0,0.11726853,1
167370,0,1,0.38612667,0
167371,1,1,0.99985456,1
167372,0,1,0.9711565,0
167373,0,1,1.0,0
167374,1,0,0.24490437,0
167375,0,0,0.025298966,1
167376,1,1,0.3764512,1
167377,0,1,0.87726665,0
167378,1,1,0.9997316,1
167379,1,1,0.9999995,1
167380,0,0,0.06766981,1
167381,0,0,0.09492911,1
167382,0,0,0.10697014,1
167383,0,1,0.6819916,0
167384,0,1,0.9335521,0
167385,1,0,0.013689475,0
167386,1,1,0.45326185,1
167387,0,1,0.4461327,0
167388,1,1,0.9999995,1
167389,0,0,0.05948283,1
167390,1,1,0.9980045,1
167391,0,1,0.99897385,0
167392,0,1,1.0,0
167393,1,1,0.94208187,1
167394,1,0,0.025613915,0
167395,1,1,0.9335521,1
167396,0,0,0.23633994,1
167397,1,1,1.0,1
167398,0,0,0.055874642,1
167399,1,1,0.7989722,1
167400,0,0,0.12352412,1
167401,1,0,0.0049533066,0
167402,1,1,1.0,1
167403,1,1,0.9999999,1
167404,1,1,1.0,1
167405,1,1,0.99999964,1
167406,1,0,0.24725968,0
167407,0,1,0.73077047,0
167408,1,1,0.99999964,1
167409,0,1,0.9984022,0
167410,0,0,0.021781173,1
167411,1,0,0.046378206,0
167412,1,0,0.13039611,0
167413,1,0,0.036908068,0
167414,1,0,0.031618766,0
167415,0,1,0.99953175,0
167416,0,0,0.22746935,1
167417,0,0,0.019419348,1
167418,0,1,0.3531493,0
167419,0,1,0.99983716,0
167420,1,0,0.0010162441,0
167421,1,1,0.82161736,1
167422,1,1,0.99851626,1
167423,0,1,0.44049937,0
167424,1,1,1.0,1
167425,1,0,0.2968071,0
167426,0,1,0.78007674,0
167427,0,1,0.4781024,0
167428,1,0,0.042166542,0
167429,1,0,0.052521676,0
167430,1,1,1.0,1
167431,1,1,0.99986863,1
167432,0,1,0.9457011,0
167433,0,0,0.08291986,1
167434,1,1,0.99999726,1
167435,0,0,0.20705435,1
167436,1,1,0.99271095,1
167437,1,1,1.0,1
167438,0,1,0.9999627,0
167439,1,1,0.9955142,1
167440,0,0,0.033875983,1
167441,1,1,1.0,1
167442,1,1,0.999997,1
167443,0,0,0.058560826,1
167444,1,1,0.9999989,1
167445,1,1,0.91648406,1
167446,1,1,0.9922144,1
167447,1,1,0.5538673,1
167448,0,1,0.9071478,0
167449,1,1,0.98986953,1
167450,0,0,0.13735881,1
167451,1,1,0.99999964,1
167452,0,0,0.029507361,1
167453,1,1,0.98926485,1
167454,1,1,0.62652415,1
167455,1,1,0.40680304,1
167456,0,1,0.9943691,0
167457,1,1,0.99999976,1
167458,1,1,0.7620701,1
167459,1,1,0.99984276,1
167460,0,0,0.19140324,1
167461,0,1,0.9040592,0
167462,1,0,0.0354775,0
167463,1,1,0.9831013,1
167464,1,0,0.23669264,0
167465,1,1,0.99999964,1
167466,1,1,0.9998746,1
167467,1,1,0.9999963,1
167468,1,0,0.050190784,0
167469,0,0,0.08694165,1
167470,0,0,0.06966823,1
167471,0,1,0.9332485,0
167472,1,0,0.28776783,0
167473,1,1,1.0,1
167474,1,1,0.99983776,1
167475,0,0,0.16968088,1
167476,1,1,0.99999714,1
167477,1,1,0.9999999,1
167478,0,1,0.9838161,0
167479,0,1,0.86293024,0
167480,1,1,0.99989843,1
167481,1,0,0.09885954,0
167482,1,1,1.0,1
167483,1,0,0.20228556,0
167484,1,0,0.07689149,0
167485,1,1,0.96929514,1
167486,1,1,0.79502225,1
167487,0,1,0.99999976,0
167488,1,1,0.99983,1
167489,1,1,1.0,1
167490,1,1,0.9999957,1
167491,1,1,0.9999987,1
167492,0,1,0.5966095,0
167493,1,1,1.0,1
167494,1,1,0.98303634,1
167495,1,1,0.99995756,1
167496,1,1,0.9016612,1
167497,1,1,1.0,1
167498,1,1,0.9999962,1
167499,1,1,0.99910307,1
167500,1,1,1.0,1
167501,1,1,0.99999785,1
167502,0,1,0.65296096,0
167503,1,1,1.0,1
167504,0,0,0.17099196,1
167505,0,0,0.21543325,1
167506,0,1,1.0,0
167507,0,1,0.70811164,0
167508,1,1,0.9942139,1
167509,0,0,0.33556855,1
167510,0,1,0.9040592,0
167511,1,1,0.9993026,1
167512,0,0,0.020081012,1
167513,1,1,0.99999666,1
167514,0,0,0.03213106,1
167515,0,1,0.9309621,0
167516,1,1,1.0,1
167517,1,1,1.0,1
167518,0,1,0.65152115,0
167519,1,1,0.99996924,1
167520,1,0,0.040162582,0
167521,0,1,0.88038635,0
167522,1,1,0.9999012,1
167523,0,0,0.059210252,1
167524,0,1,0.99996614,0
167525,0,0,0.023419945,1
167526,0,0,0.03393996,1
167527,0,0,0.036459446,1
167528,0,1,0.94694114,0
167529,1,1,0.38583735,1
167530,1,1,0.99225944,1
167531,0,0,0.32300627,1
167532,0,0,0.015159859,1
167533,1,1,0.9996762,1
167534,1,1,0.9999958,1
167535,1,1,1.0,1
167536,0,0,0.079853736,1
167537,1,1,0.9999999,1
167538,0,0,0.07661468,1
167539,0,0,0.079638734,1
167540,0,0,0.21141684,1
167541,1,1,0.99973255,1
167542,0,0,0.15488662,1
167543,1,1,1.0,1
167544,1,1,1.0,1
167545,1,1,0.93397486,1
167546,0,1,0.9668514,0
167547,1,1,0.9994504,1
167548,0,0,0.18068421,1
167549,1,1,0.37096572,1
167550,1,1,0.9999927,1
167551,0,0,0.10706346,1
167552,1,0,0.19375685,0
167553,0,0,0.062103122,1
167554,0,1,0.99190676,0
167555,1,0,0.07551658,0
167556,1,1,1.0,1
167557,1,1,0.99998987,1
167558,1,1,0.9999994,1
167559,1,1,1.0,1
167560,0,1,0.9999968,0
167561,1,1,1.0,1
167562,1,1,1.0,1
167563,0,0,0.13580413,1
167564,1,0,0.110663235,0
167565,0,0,0.07793769,1
167566,0,0,0.10875559,1
167567,0,1,0.77906984,0
167568,0,0,0.11114469,1
167569,0,1,0.7177049,0
167570,0,0,0.0046909326,1
167571,0,1,0.9315248,0
167572,0,0,0.021044565,1
167573,1,1,0.99999976,1
167574,1,1,0.97334224,1
167575,1,1,0.9999318,1
167576,1,1,0.99764496,1
167577,1,1,0.9999969,1
167578,1,1,0.99938214,1
167579,1,1,0.88038635,1
167580,0,0,0.2216875,1
167581,1,1,0.99945897,1
167582,1,1,0.36664644,1
167583,1,1,0.99297464,1
167584,1,1,0.99999976,1
167585,1,1,0.93980294,1
167586,0,1,0.9994461,0
167587,0,0,0.084040605,1
167588,0,1,0.3873137,0
167589,0,1,0.99090964,0
167590,0,0,0.21362315,1
167591,0,0,0.2797301,1
167592,0,0,0.06693421,1
167593,1,1,0.99990356,1
167594,1,1,0.9999981,1
167595,1,1,0.99999857,1
167596,0,0,0.06816438,1
167597,1,1,0.9999989,1
167598,1,0,0.09645018,0
167599,1,0,0.14324762,0
167600,0,1,0.9994917,0
167601,1,1,0.99966,1
167602,0,0,0.23239724,1
167603,0,1,0.982524,0
167604,0,1,0.48672798,0
167605,0,1,0.99850464,0
167606,1,1,0.9998795,1
167607,0,1,0.9916358,0
167608,0,1,0.7667306,0
167609,0,1,0.99999976,0
167610,0,0,0.17023194,1
167611,0,0,0.11211313,1
167612,1,1,0.55531466,1
167613,0,0,0.00021318755,1
167614,0,0,0.056288198,1
167615,1,1,0.87652874,1
167616,0,1,0.992062,0
167617,1,1,0.98105836,1
167618,0,1,0.999998,0
167619,1,1,0.999977,1
167620,1,1,0.9891187,1
167621,0,0,0.106597565,1
167622,0,0,0.043568812,1
167623,1,1,0.99998,1
167624,1,0,0.10261904,0
167625,1,0,0.064830884,0
167626,1,1,0.99995685,1
167627,0,0,0.114072114,1
167628,0,0,0.09451042,1
167629,1,1,0.9991474,1
167630,0,1,0.60929173,0
167631,0,0,0.039527465,1
167632,0,1,0.60888475,0
167633,0,1,0.41682634,0
167634,0,1,0.962356,0
167635,1,1,0.39094082,1
167636,1,1,0.7804952,1
167637,0,0,0.07126734,1
167638,1,0,0.09492911,0
167639,0,0,0.07113817,1
167640,1,1,0.999608,1
167641,0,0,0.17412922,1
167642,0,0,0.010328152,1
167643,1,1,1.0,1
167644,1,1,0.9999987,1
167645,1,1,0.4443839,1
167646,1,0,0.20347002,0
167647,1,1,0.9971384,1
167648,1,0,0.036700353,0
167649,1,1,0.98685336,1
167650,0,1,0.7829945,0
167651,1,1,0.99877685,1
167652,1,1,0.8478418,1
167653,1,1,0.4598947,1
167654,1,1,0.8800775,1
167655,0,0,0.24926446,1
167656,0,0,0.012920474,1
167657,1,1,0.9999181,1
167658,0,1,0.4035081,0
167659,1,1,0.9999999,1
167660,1,1,0.974893,1
167661,1,1,0.9942139,1
167662,0,1,0.7554566,0
167663,1,1,0.972336,1
167664,1,1,1.0,1
167665,0,1,0.99998057,0
167666,1,1,1.0,1
167667,0,0,0.15713686,1
167668,0,0,0.24131057,1
167669,0,0,0.25376853,1
167670,1,1,1.0,1
167671,0,1,0.99950445,0
167672,1,1,0.99990976,1
167673,1,1,1.0,1
167674,1,1,0.99780446,1
167675,1,1,0.9999993,1
167676,0,0,0.20354918,1
167677,0,0,0.12220859,1
167678,1,1,0.5330329,1
167679,0,0,0.10061321,1
167680,0,0,0.043487497,1
167681,1,0,0.018725162,0
167682,1,1,0.9999901,1
167683,1,0,0.14057204,0
167684,1,0,0.10771874,0
167685,1,1,0.5774954,1
167686,1,0,0.32108733,0
167687,0,0,0.30316418,1
167688,1,1,1.0,1
167689,0,0,0.123577,1
167690,0,0,0.24041773,1
167691,1,1,0.99394965,1
167692,0,0,0.12054232,1
167693,0,0,0.30424836,1
167694,0,1,0.9999993,0
167695,0,1,0.6931096,0
167696,0,0,0.23135361,1
167697,0,1,0.9915216,0
167698,1,1,0.9965771,1
167699,0,0,0.19899648,1
167700,0,0,0.34015632,1
167701,1,0,0.16145241,0
167702,1,1,0.9966102,1
167703,0,0,0.11153119,1
167704,1,1,0.9980083,1
167705,0,0,0.0053744875,1
167706,0,1,0.7889899,0
167707,1,1,1.0,1
167708,1,1,1.0,1
167709,0,1,0.9132906,0
167710,1,1,0.99805814,1
167711,1,1,0.9999993,1
167712,1,1,0.9878762,1
167713,0,1,0.9983354,0
167714,1,1,1.0,1
167715,1,1,0.93546456,1
167716,0,1,0.99978846,0
167717,0,1,0.9999503,0
167718,0,1,0.36099574,0
167719,0,1,0.35807243,0
167720,1,0,0.06816438,0
167721,0,0,0.05644403,1
167722,1,0,0.13245842,0
167723,0,0,0.06142404,1
167724,0,0,0.12797923,1
167725,1,1,1.0,1
167726,1,1,0.9879695,1
167727,1,0,0.27125168,0
167728,0,0,0.03336831,1
167729,1,0,0.013299493,0
167730,1,1,1.0,1
167731,0,0,0.023131333,1
167732,0,0,0.11018359,1
167733,1,1,0.9999778,1
167734,1,1,1.0,1
167735,0,0,0.047691282,1
167736,1,1,1.0,1
167737,0,1,0.4774628,0
167738,0,0,0.0894546,1
167739,0,0,0.15863001,1
167740,1,1,0.9999974,1
167741,1,1,0.9990619,1
167742,1,1,1.0,1
167743,1,0,0.30373183,0
167744,0,1,0.3579041,0
167745,1,1,0.9995092,1
167746,0,0,0.052037824,1
167747,1,1,0.9999845,1
167748,0,0,0.033242542,1
167749,0,1,0.6595696,0
167750,1,1,0.9999969,1
167751,0,1,0.5288984,0
167752,1,1,0.9959378,1
167753,0,0,0.019813737,1
167754,1,0,0.21125406,0
167755,1,1,0.99998367,1
167756,1,0,0.10176784,0
167757,0,0,0.15171777,1
167758,1,1,0.9917163,1
167759,0,0,0.15700755,1
167760,1,1,0.54056007,1
167761,1,1,1.0,1
167762,1,1,0.9189906,1
167763,1,1,1.0,1
167764,0,0,0.15386674,1
167765,1,1,0.7957375,1
167766,1,0,0.13869494,0
167767,1,0,0.20617388,0
167768,1,1,0.7251137,1
167769,1,1,0.9999976,1
167770,1,1,0.6031724,1
167771,0,0,0.15501449,1
167772,1,1,0.41170207,1
167773,0,0,0.009143315,1
167774,1,1,1.0,1
167775,0,0,0.25036255,1
167776,1,1,0.99895966,1
167777,1,1,0.5726033,1
167778,0,1,0.87621135,0
167779,0,1,0.9935369,0
167780,0,0,0.07758752,1
167781,1,1,0.9713201,1
167782,0,1,0.9283439,0
167783,0,0,0.023464657,1
167784,0,1,0.47813284,0
167785,0,1,0.4528686,0
167786,0,1,0.93071055,0
167787,1,1,0.6442811,1
167788,1,1,0.978733,1
167789,1,0,0.17203271,0
167790,1,0,0.23213603,0
167791,1,1,0.99993265,1
167792,1,1,0.9998932,1
167793,0,1,0.8013923,0
167794,0,0,0.030243218,1
167795,0,1,0.633807,0
167796,1,1,0.9999995,1
167797,1,1,1.0,1
167798,0,1,0.5674573,0
167799,0,0,0.13381088,1
167800,0,0,0.32799113,1
167801,0,1,0.9969066,0
167802,1,1,0.9999994,1
167803,0,1,0.42402434,0
167804,0,0,0.13683893,1
167805,1,1,1.0,1
167806,1,1,0.99999475,1
167807,0,1,0.3515893,0
167808,1,1,0.8543993,1
167809,1,1,0.68378913,1
167810,0,1,0.9998932,0
167811,1,1,0.99994266,1
167812,1,1,1.0,1
167813,0,0,0.24391246,1
167814,0,1,0.79692537,0
167815,1,1,0.8000679,1
167816,0,0,0.071202725,1
167817,0,1,0.9990872,0
167818,1,1,0.90966654,1
167819,1,1,0.98466414,1
167820,0,1,0.5615755,0
167821,1,1,0.79613405,1
167822,1,1,0.99981767,1
167823,0,1,0.9999511,0
167824,1,1,0.99158704,1
167825,0,0,0.0553617,1
167826,1,1,0.99984884,1
167827,0,1,0.97678024,0
167828,1,0,0.03188899,0
167829,1,0,0.18765315,0
167830,0,0,0.22764099,1
167831,1,0,0.19682619,0
167832,1,1,0.9990169,1
167833,1,1,0.94966936,1
167834,0,1,0.56703776,0
167835,0,1,0.95460516,0
167836,0,0,0.014728614,1
167837,0,0,0.12431929,1
167838,1,1,0.9927812,1
167839,1,1,0.986904,1
167840,0,1,0.81227237,0
167841,0,0,0.2786983,1
167842,1,1,0.9999839,1
167843,0,0,0.11884453,1
167844,1,1,0.99996984,1
167845,1,1,0.99991345,1
167846,0,0,0.12608409,1
167847,1,0,0.14057204,0
167848,1,0,0.34737104,0
167849,1,1,1.0,1
167850,0,0,0.027246773,1
167851,0,1,0.9980544,0
167852,1,1,0.99631435,1
167853,0,1,0.87663436,0
167854,0,0,0.09227797,1
167855,1,0,0.07146149,0
167856,1,1,0.9836285,1
167857,1,1,0.9997017,1
167858,0,0,0.10951515,1
167859,0,1,0.9747491,0
167860,0,0,0.053304683,1
167861,0,0,0.03265138,1
167862,0,1,0.99695444,0
167863,1,1,0.9991424,1
167864,1,1,0.99998844,1
167865,1,1,1.0,1
167866,1,0,0.19590156,0
167867,0,0,0.04716187,1
167868,1,1,0.9999999,1
167869,0,0,0.07592667,1
167870,0,0,0.25580814,1
167871,1,1,1.0,1
167872,1,0,0.20617388,0
167873,0,0,0.0058312714,1
167874,1,0,8.25057e-07,0
167875,1,0,0.28437722,0
167876,0,0,0.05340333,1
167877,1,1,0.99901307,1
167878,1,1,0.87925047,1
167879,1,1,0.9998141,1
167880,0,0,0.068288535,1
167881,0,1,0.7858021,0
167882,0,1,0.8040984,0
167883,1,1,1.0,1
167884,1,0,0.14270914,0
167885,1,1,1.0,1
167886,0,0,0.015072628,1
167887,1,0,0.07497297,0
167888,0,1,0.603114,0
167889,1,1,0.9889705,1
167890,1,1,0.6530716,1
167891,1,1,0.9956937,1
167892,0,0,0.05823863,1
167893,1,1,0.9999995,1
167894,0,1,0.9727014,0
167895,1,1,0.99999857,1
167896,1,1,0.9619649,1
167897,0,1,0.38176683,0
167898,1,1,0.93463427,1
167899,0,1,0.95230865,0
167900,0,0,0.08181271,1
167901,1,1,0.9999988,1
167902,1,1,0.9999999,1
167903,1,1,1.0,1
167904,1,1,0.99988496,1
167905,0,0,0.11476479,1
167906,0,1,0.988108,0
167907,0,0,0.071202725,1
167908,0,1,0.92729753,0
167909,1,1,0.97275317,1
167910,1,1,1.0,1
167911,0,1,0.47402242,0
167912,1,1,0.99995756,1
167913,0,0,0.017610641,1
167914,1,1,0.9924374,1
167915,0,1,0.9799574,0
167916,0,0,0.18952107,1
167917,0,1,0.99799275,0
167918,0,1,0.8880812,0
167919,0,0,0.13609089,1
167920,1,1,0.9999994,1
167921,0,0,0.037256766,1
167922,0,1,0.63663554,0
167923,1,1,0.99764496,1
167924,1,1,1.0,1
167925,1,1,0.9999851,1
167926,1,0,0.0010423502,0
167927,1,1,0.85693204,1
167928,1,0,0.22893131,0
167929,1,1,0.9896318,1
167930,0,0,0.18330103,1
167931,1,1,1.0,1
167932,1,1,0.9999995,1
167933,1,1,0.9999999,1
167934,0,0,0.13730095,1
167935,1,1,0.99901116,1
167936,1,1,0.9999825,1
167937,0,1,0.5827879,0
167938,1,0,2.3830244e-05,0
167939,1,1,1.0,1
167940,1,1,0.9999999,1
167941,1,1,0.99993896,1
167942,0,0,0.25404602,1
167943,1,1,0.98442644,1
167944,1,0,0.13307686,0
167945,1,1,0.9732661,1
167946,0,1,0.9997029,0
167947,0,0,0.009376237,1
167948,0,1,0.740456,0
167949,1,1,0.46031922,1
167950,0,0,0.043568812,1
167951,1,1,1.0,1
167952,1,1,1.0,1
167953,1,1,0.9986223,1
167954,0,1,0.51744896,0
167955,0,1,0.4268889,0
167956,1,1,0.6117879,1
167957,0,0,0.07113817,1
167958,1,0,0.13375428,0
167959,1,1,0.5132415,1
167960,0,0,0.02384809,1
167961,1,1,0.9995956,1
167962,1,1,1.0,1
167963,1,1,1.0,1
167964,1,1,0.97869223,1
167965,1,0,0.058614686,0
167966,0,1,0.880797,0
167967,1,1,0.99999857,1
167968,0,1,0.9947391,0
167969,1,1,1.0,1
167970,0,0,0.18257123,1
167971,1,1,0.73696893,1
167972,0,0,0.33524203,1
167973,1,1,1.0,1
167974,1,1,0.99996614,1
167975,1,0,0.21419789,0
167976,1,1,0.9999999,1
167977,0,0,0.15475886,1
167978,0,1,0.62056416,0
167979,0,0,0.078078166,1
167980,1,1,0.99999976,1
167981,1,1,0.9999865,1
167982,1,1,0.9999219,1
167983,1,1,1.0,1
167984,1,1,0.9614977,1
167985,1,1,0.44010824,1
167986,1,1,0.7957375,1
167987,1,1,1.0,1
167988,0,0,0.039379433,1
167989,1,1,0.99985576,1
167990,0,1,0.97578543,0
167991,0,1,0.56313777,0
167992,1,0,0.2305731,0
167993,0,1,0.5289592,0
167994,0,0,0.19860761,1
167995,1,1,0.99999833,1
167996,0,0,0.15501449,1
167997,0,0,0.0055012377,1
167998,1,1,1.0,1
167999,0,1,0.98292196,0
168000,0,1,1.0,0
168001,0,1,0.7497291,0
168002,0,1,0.99998105,0
168003,0,1,0.99984944,0
168004,1,0,0.013768816,0
168005,0,0,0.20513694,1
168006,0,1,0.3764512,0
168007,0,0,0.083291925,1
168008,0,1,0.45350388,0
168009,1,1,0.997537,1
168010,1,1,0.99986124,1
168011,0,0,0.08456833,1
168012,0,1,0.8596637,0
168013,1,1,1.0,1
168014,1,1,0.9956091,1
168015,0,0,0.2012632,1
168016,1,0,0.03410043,0
168017,1,0,0.17043895,0
168018,1,1,0.9998907,1
168019,0,1,0.53206044,0
168020,0,0,0.079638734,1
168021,1,0,0.07885492,0
168022,1,1,0.39539677,1
168023,1,1,0.97664696,1
168024,1,1,0.9746045,1
168025,0,0,0.33878776,1
168026,1,0,0.12874407,0
168027,1,1,1.0,1
168028,1,1,1.0,1
168029,1,1,0.5991334,1
168030,0,1,0.9956937,0
168031,0,0,0.22901753,1
168032,0,0,0.21858597,1
168033,0,0,0.027066177,1
168034,0,0,0.013248331,1
168035,1,1,0.52171487,1
168036,1,1,1.0,1
168037,0,0,0.10017222,1
168038,0,0,0.030675802,1
168039,0,1,0.5142174,0
168040,1,1,0.39358893,1
168041,0,1,0.79597545,0
168042,0,0,0.008299687,1
168043,0,0,0.28209728,1
168044,0,0,0.002238721,1
168045,0,1,0.93569994,0
168046,0,0,0.16579561,1
168047,1,1,1.0,1
168048,0,0,0.018797072,1
168049,1,1,0.99999905,1
168050,1,0,0.09252366,0
168051,1,1,0.9207184,1
168052,0,1,0.8370879,0
168053,0,1,0.66709346,0
168054,1,1,0.4198263,1
168055,0,1,0.929951,0
168056,0,0,0.02892572,1
168057,1,1,0.99528164,1
168058,1,1,1.0,1
168059,1,1,0.47639698,1
168060,1,0,0.13892843,0
168061,1,1,0.9955835,1
168062,1,0,0.042324588,0
168063,1,1,0.80882335,1
168064,0,1,0.80363655,0
168065,0,0,0.07716922,1
168066,1,1,0.9678993,1
168067,0,1,0.9885804,0
168068,1,1,0.9999337,1
168069,1,1,1.0,1
168070,0,1,0.9274291,0
168071,1,1,0.93991333,1
168072,0,0,0.26630956,1
168073,0,1,0.97803074,0
168074,1,0,0.2062538,0
168075,0,0,0.12962292,1
168076,1,1,1.0,1
168077,1,1,1.0,1
168078,0,1,0.9879695,0
168079,1,0,7.254362e-05,0
168080,0,0,0.024964014,1
168081,1,1,1.0,1
168082,0,1,0.9223426,0
168083,1,1,0.6520753,1
168084,1,1,0.9994504,1
168085,1,1,1.0,1
168086,0,0,0.06052939,1
168087,0,0,0.17161581,1
168088,0,0,0.058614686,1
168089,1,1,0.96835136,1
168090,1,1,0.9999652,1
168091,1,1,0.5562188,1
168092,1,1,0.99998856,1
168093,1,0,0.30018112,0
168094,1,1,0.6296038,1
168095,0,0,0.19907434,1
168096,0,1,0.7051256,0
168097,0,1,0.9523531,0
168098,1,1,0.9997284,1
168099,0,0,0.34742638,1
168100,1,1,0.75137466,1
168101,1,0,0.11456651,0
168102,0,0,0.23475733,1
168103,1,1,0.6458462,1
168104,1,1,0.9907678,1
168105,0,1,0.68684286,0
168106,0,0,0.22609939,1
168107,1,0,0.15687834,0
168108,1,1,0.99993813,1
168109,0,1,0.37244815,0
168110,1,1,0.9982658,1
168111,1,0,0.16471791,0
168112,1,1,0.9999927,1
168113,1,1,0.6151456,1
168114,1,1,0.99210805,1
168115,0,1,0.86748546,0
168116,1,1,0.5429844,1
168117,0,1,0.997414,0
168118,0,1,0.99979335,0
168119,1,1,0.9737197,1
168120,1,0,0.11981949,0
168121,0,1,1.0,0
168122,0,1,0.9971717,0
168123,1,0,0.07356305,0
168124,0,1,0.62515205,0
168125,0,0,0.035644967,1
168126,0,1,0.98141783,0
168127,0,1,0.45768204,0
168128,1,1,0.9847231,1
168129,0,1,0.99584997,0
168130,1,1,0.9999994,1
168131,1,1,0.99999917,1
168132,1,1,0.99998856,1
168133,0,0,0.3082423,1
168134,0,1,0.9999989,0
168135,0,0,0.29670522,1
168136,1,0,0.12646116,0
168137,1,1,0.99949765,1
168138,1,1,0.92775697,1
168139,1,1,0.9999515,1
168140,1,1,0.8039445,1
168141,1,1,0.99996495,1
168142,0,0,0.020904195,1
168143,0,0,0.29203972,1
168144,0,1,0.91490096,0
168145,1,1,1.0,1
168146,1,1,1.0,1
168147,1,1,1.0,1
168148,1,1,0.9991768,1
168149,1,1,1.0,1
168150,1,0,0.15636237,0
168151,1,0,0.045479592,0
168152,1,1,0.9975177,1
168153,0,1,0.9746528,0
168154,1,1,0.99852496,1
168155,0,1,0.9005298,0
168156,1,1,0.9999981,1
168157,0,0,0.12389466,1
168158,1,1,0.88563144,1
168159,0,0,0.23757595,1
168160,1,1,0.8502201,1
168161,1,0,0.040769264,0
168162,0,1,0.9996493,0
168163,1,1,0.9124362,1
168164,1,1,0.9999114,1
168165,0,1,0.9859904,0
168166,0,1,0.38343924,0
168167,1,1,0.9997677,1
168168,1,1,0.96618783,1
168169,1,1,0.99997723,1
168170,1,1,0.9606575,1
168171,0,0,0.21411571,1
168172,1,0,0.25275272,0
168173,0,0,0.10669061,1
168174,0,0,0.32987726,1
168175,0,0,0.08284563,1
168176,1,1,0.7555468,1
168177,1,1,0.9999981,1
168178,1,1,0.6151456,1
168179,0,1,0.55290186,0
168180,1,1,0.99999964,1
168181,1,1,0.9830688,1
168182,1,1,1.0,1
168183,1,1,0.99933845,1
168184,1,1,0.6403548,1
168185,0,1,0.56391835,0
168186,1,1,0.99976677,1
168187,1,1,0.80115914,1
168188,1,1,0.65318227,1
168189,1,1,1.0,1
168190,1,0,0.0011291546,0
168191,1,1,0.9999999,1
168192,0,0,0.015218292,1
168193,1,0,0.24981311,0
168194,0,1,0.5786863,0
168195,0,1,0.99990535,0
168196,1,0,0.14253002,0
168197,0,0,0.12501197,1
168198,0,1,0.44531846,0
168199,1,1,0.77330196,1
168200,1,1,0.9999877,1
168201,1,1,0.9997347,1
168202,0,0,0.21584621,1
168203,0,0,0.082475364,1
168204,0,0,0.12792476,1
168205,1,1,0.9811488,1
168206,0,1,0.99941504,0
168207,0,1,0.8301815,0
168208,1,1,0.99425864,1
168209,1,1,0.9620006,1
168210,1,1,0.9999994,1
168211,0,1,0.9992889,0
168212,1,1,0.6620867,1
168213,0,1,0.54825026,0
168214,0,1,0.58403397,0
168215,0,1,0.6166473,0
168216,1,1,0.9735694,1
168217,1,1,0.99866986,1
168218,0,1,0.68135583,0
168219,0,1,0.9693532,0
168220,1,1,0.9999963,1
168221,1,1,0.44061968,1
168222,1,1,0.7992857,1
168223,0,1,0.3782294,0
168224,0,0,0.028220985,1
168225,0,0,0.34169233,1
168226,0,0,0.22798456,1
168227,1,1,1.0,1
168228,0,0,0.060975183,1
168229,1,0,0.1265691,0
168230,0,0,0.061255362,1
168231,0,1,0.99771726,0
168232,0,0,0.01883313,1
168233,1,1,0.8808996,1
168234,1,1,0.99394965,1
168235,0,1,0.9799574,0
168236,0,1,0.35264754,0
168237,0,0,0.0125279315,1
168238,0,1,1.0,0
168239,0,0,0.11436852,1
168240,1,1,0.94402224,1
168241,0,0,0.008015269,1
168242,0,0,0.05094091,1
168243,1,1,0.9999589,1
168244,0,0,0.09999631,1
168245,1,1,0.999765,1
168246,0,1,0.9962346,0
168247,1,0,0.09816574,0
168248,1,1,1.0,1
168249,0,1,0.51238763,0
168250,1,1,0.9998591,1
168251,0,0,0.07992553,1
168252,1,1,0.9999465,1
168253,0,1,0.92905515,0
168254,0,1,0.84273374,0
168255,0,0,0.25720495,1
168256,0,1,0.99999833,0
168257,1,1,0.70957285,1
168258,0,0,0.25423115,1
168259,1,0,0.019308088,0
168260,1,0,0.1488496,0
168261,0,0,0.023916386,1
168262,1,1,0.5022888,1
168263,1,1,1.0,1
168264,0,0,0.14157787,1
168265,0,0,0.08336651,1
168266,0,1,0.99999547,0
168267,1,1,0.9999995,1
168268,1,1,0.7796576,1
168269,0,0,0.012123754,1
168270,1,1,0.93220687,1
168271,0,1,0.9970305,0
168272,1,1,0.49450707,1
168273,1,1,1.0,1
168274,0,1,0.99990904,0
168275,0,0,0.0369428,1
168276,1,1,0.9965837,1
168277,1,1,0.9999976,1
168278,0,1,0.99575186,0
168279,0,0,0.09929539,1
168280,1,1,0.9966299,1
168281,0,0,0.09842541,1
168282,1,1,1.0,1
168283,1,1,0.99999976,1
168284,1,1,0.9649544,1
168285,1,1,0.9999813,1
168286,1,1,0.98871195,1
168287,0,0,0.15817434,1
168288,1,1,1.0,1
168289,0,0,0.16728666,1
168290,0,0,0.25711167,1
168291,0,1,0.90623903,0
168292,0,1,0.882022,0
168293,0,1,0.6472967,0
168294,1,1,0.98886347,1
168295,1,1,0.96185756,1
168296,1,0,0.1480472,0
168297,1,1,0.9999993,1
168298,0,1,0.9991541,0
168299,1,1,0.99997425,1
168300,1,1,0.9999802,1
168301,1,1,0.5836187,1
168302,1,0,0.008677717,0
168303,0,1,1.0,0
168304,1,1,0.9999721,1
168305,1,1,0.99694854,1
168306,1,0,0.11104826,0
168307,1,1,0.9999956,1
168308,1,1,0.9997131,1
168309,0,1,0.99575186,0
168310,0,0,0.26114246,1
168311,1,1,0.9999845,1
168312,0,0,0.15323211,1
168313,0,1,0.36212286,0
168314,0,0,0.31431356,1
168315,1,1,0.4263216,1
168316,1,0,0.15752526,0
168317,1,0,0.32119378,0
168318,0,1,1.0,0
168319,1,1,0.9999862,1
168320,0,0,0.27874738,1
168321,0,0,0.16079244,1
168322,0,1,0.40324372,0
168323,0,1,0.9997851,0
168324,0,1,0.5495198,0
168325,0,1,0.57564765,0
168326,0,0,0.07956719,1
168327,1,1,0.99999976,1
168328,0,0,0.15610489,1
168329,1,1,1.0,1
168330,0,1,0.96160597,0
168331,1,1,0.9999651,1
168332,1,1,0.6631784,1
168333,1,1,0.9905691,1
168334,1,1,0.4368022,1
168335,1,1,0.96185756,1
168336,0,0,0.073098525,1
168337,0,1,0.9936241,0
168338,1,1,0.99922824,1
168339,1,1,0.99996424,1
168340,1,1,1.0,1
168341,1,1,0.92886186,1
168342,0,1,0.9974039,0
168343,1,1,0.9959378,1
168344,1,0,0.15488662,0
168345,0,0,0.049958523,1
168346,1,1,0.99998105,1
168347,1,1,1.0,1
168348,1,1,0.9925249,1
168349,0,1,0.91565824,0
168350,0,1,0.6138733,0
168351,1,0,0.05975658,0
168352,1,0,0.20418316,0
168353,1,1,0.94886994,1
168354,1,1,1.0,1
168355,1,1,0.9883802,1
168356,0,1,0.6782737,0
168357,0,0,0.0876419,1
168358,1,1,0.9909622,1
168359,1,1,0.9999982,1
168360,0,1,0.39341414,0
168361,0,0,0.13111758,1
168362,1,1,1.0,1
168363,1,1,0.7388104,1
168364,0,1,0.99821776,0
168365,0,0,0.34306657,1
168366,1,0,0.23370637,0
168367,1,1,0.5911333,1
168368,1,1,0.9300146,1
168369,1,1,0.99928063,1
168370,1,0,0.19759926,0
168371,1,1,1.0,1
168372,1,1,0.6552808,1
168373,0,0,0.2594502,1
168374,0,1,0.99173236,0
168375,0,0,0.08678673,1
168376,0,1,0.9999999,0
168377,0,1,0.9998932,0
168378,0,1,0.9955403,0
168379,1,0,0.032283258,0
168380,1,1,0.9999956,1
168381,0,1,0.37119362,0
168382,1,1,0.97386926,1
168383,1,1,0.84156543,1
168384,1,1,0.93463427,1
168385,0,0,0.047425874,1
168386,0,1,0.9449947,0
168387,1,1,0.97933435,1
168388,0,0,0.20649374,1
168389,1,1,0.80193585,1
168390,1,1,0.54589105,1
168391,0,1,0.99999094,0
168392,0,0,0.024469672,1
168393,1,1,0.9995073,1
168394,1,1,1.0,1
168395,1,1,0.44323888,1
168396,0,1,0.9989183,0
168397,1,1,1.0,1
168398,1,1,0.999926,1
168399,0,0,0.04488975,1
168400,1,1,1.0,1
168401,0,1,0.9842609,0
168402,0,0,0.1437277,1
168403,1,0,0.14602636,0
168404,0,0,0.12885365,1
168405,1,1,1.0,1
168406,0,0,0.286269,1
168407,1,1,0.998092,1
168408,1,1,0.99984825,1
168409,1,1,0.9999825,1
168410,0,1,0.998092,0
168411,1,1,0.9994797,1
168412,0,1,0.9999347,0
168413,1,1,0.91352236,1
168414,0,1,0.9997631,0
168415,1,1,1.0,1
168416,1,1,0.9998629,1
168417,0,1,0.999997,0
168418,1,1,0.98394,1
168419,0,0,0.17788225,1
168420,1,1,0.3654567,1
168421,0,0,0.19269124,1
168422,1,1,0.91046584,1
168423,1,1,0.99999225,1
168424,1,1,0.9999839,1
168425,0,1,0.97678024,0
168426,1,1,0.97999567,1
168427,1,1,1.0,1
168428,1,1,0.44679642,1
168429,1,1,0.9999869,1
168430,0,1,0.99448806,0
168431,0,1,0.3599264,0
168432,1,1,0.43014732,1
168433,0,1,0.7235537,0
168434,0,1,0.42996782,0
168435,1,0,0.18155324,0
168436,1,1,0.9999645,1
168437,1,1,0.99703634,1
168438,1,1,0.999982,1
168439,1,0,0.28746766,0
168440,0,1,0.9420286,0
168441,1,1,0.99998605,1
168442,0,0,0.041578867,1
168443,1,1,0.44546923,1
168444,1,1,0.99529076,1
168445,1,1,1.0,1
168446,0,1,1.0,0
168447,0,0,0.029340027,1
168448,0,0,0.11616108,1
168449,1,1,1.0,1
168450,1,1,1.0,1
168451,0,1,0.8089743,0
168452,1,1,0.99529994,1
168453,0,0,0.03897507,1
168454,0,0,0.114072114,1
168455,0,1,0.99996114,0
168456,1,0,0.025371311,0
168457,1,1,0.7667306,1
168458,0,1,0.91173136,0
168459,1,1,0.4047133,1
168460,0,0,0.27855107,1
168461,0,1,0.9970765,0
168462,0,1,0.72676516,0
168463,0,1,0.99372226,0
168464,1,0,0.12929276,0
168465,0,0,0.23528405,1
168466,1,1,0.66350543,1
168467,1,1,0.99990654,1
168468,0,0,0.0052099936,1
168469,1,1,0.99936503,1
168470,1,1,0.9656413,1
168471,0,1,0.9998845,0
168472,1,1,0.7005364,1
168473,0,1,0.880797,0
168474,0,0,0.106597565,1
168475,0,1,0.9843062,0
168476,0,0,0.007190812,1
168477,1,0,0.11516222,0
168478,0,1,0.736448,0
168479,1,1,0.99998677,1
168480,0,0,0.1765296,1
168481,1,1,0.9991358,1
168482,1,1,0.9997826,1
168483,1,1,1.0,1
168484,1,1,0.99999654,1
168485,1,0,0.0773781,0
168486,1,1,0.9999963,1
168487,0,0,0.04300264,1
168488,0,1,0.9252299,0
168489,1,0,0.00671887,0
168490,1,1,0.9997075,1
168491,0,0,0.016850082,1
168492,0,1,0.51507115,0
168493,1,1,0.9471371,1
168494,0,0,0.32530618,1
168495,0,0,0.016183903,1
168496,1,0,0.14866413,0
168497,1,1,0.9994937,1
168498,1,1,0.92529744,1
168499,0,1,1.0,0
168500,1,1,0.99998677,1
168501,0,0,0.16694687,1
168502,0,1,0.9999964,0
168503,1,1,0.9999993,1
168504,1,0,0.12023207,0
168505,1,1,0.38317958,1
168506,1,1,1.0,1
168507,1,0,0.008429287,0
168508,1,1,0.99485034,1
168509,1,1,1.0,1
168510,1,1,0.9999975,1
168511,1,0,0.1297883,0
168512,0,1,0.99977034,0
168513,0,0,0.32252598,1
168514,0,0,0.043895524,1
168515,1,1,0.9996886,1
168516,0,1,0.9878528,0
168517,0,1,0.7922233,0
168518,1,1,0.99999785,1
168519,1,1,0.9999335,1
168520,0,1,0.971537,0
168521,0,1,0.99974877,0
168522,0,0,0.30850264,1
168523,0,1,0.71606976,0
168524,0,1,0.9994937,0
168525,1,1,1.0,1
168526,0,0,0.02092419,1
168527,1,1,0.9329437,1
168528,0,0,0.0066798786,1
168529,0,0,0.10315987,1
168530,1,1,1.0,1
168531,0,0,0.020626193,1
168532,0,1,0.7578839,0
168533,0,0,0.085403666,1
168534,1,1,0.8288003,1
168535,1,1,0.9986749,1
168536,1,1,0.99999964,1
168537,1,1,0.99997103,1
168538,1,1,1.0,1
168539,0,1,0.97624266,0
168540,0,1,0.93645954,0
168541,1,1,0.99999976,1
168542,1,1,0.6044573,1
168543,0,1,0.99999964,0
168544,1,1,0.9217107,1
168545,1,1,0.97436166,1
168546,1,1,0.60667324,1
168547,0,1,0.99999964,0
168548,0,0,0.24908175,1
168549,1,1,1.0,1
168550,1,1,0.9985923,1
168551,0,0,0.030559864,1
168552,1,1,0.9967775,1
168553,0,1,0.41563988,0
168554,1,1,0.99586606,1
168555,0,1,0.9985702,0
168556,1,0,0.07043161,0
168557,0,1,0.9263037,0
168558,1,0,0.10475175,0
168559,0,1,0.980053,0
168560,0,1,0.9407897,0
168561,0,0,0.12776141,1
168562,0,1,0.9812928,0
168563,0,1,0.9998005,0
168564,1,1,1.0,1
168565,0,1,0.9999714,0
168566,0,1,0.4325427,0
168567,1,1,0.99983454,1
168568,0,0,0.123947665,1
168569,1,1,1.0,1
168570,0,0,0.09065494,1
168571,1,0,0.31510338,0
168572,1,1,0.36342093,1
168573,1,1,0.6870529,1
168574,1,1,0.9931096,1
168575,1,0,0.09334689,0
168576,1,1,0.99083894,1
168577,0,0,0.30980623,1
168578,0,1,0.93505055,0
168579,1,0,0.06052939,0
168580,1,1,0.3682921,1
168581,0,0,0.029873094,1
168582,0,1,0.39350155,0
168583,1,1,1.0,1
168584,1,1,0.9971661,1
168585,1,1,0.9999658,1
168586,0,1,0.9552774,0
168587,0,1,0.9997125,0
168588,1,1,1.0,1
168589,1,1,0.9999337,1
168590,1,1,0.99992335,1
168591,1,1,1.0,1
168592,0,1,0.3531772,0
168593,1,1,1.0,1
168594,0,0,0.19467384,1
168595,1,1,0.9999994,1
168596,0,0,0.046551276,1
168597,0,0,0.05350215,1
168598,1,0,0.30131063,0
168599,1,1,0.99993217,1
168600,1,1,0.9972262,1
168601,0,0,0.13718534,1
168602,1,1,0.37627926,1
168603,1,1,0.9983321,1
168604,1,1,0.7794897,1
168605,0,0,0.06512755,1
168606,0,0,0.13881163,1
168607,0,0,0.10132237,1
168608,0,0,0.06441766,1
168609,1,1,1.0,1
168610,1,1,1.0,1
168611,0,0,0.069289416,1
168612,0,1,0.81405276,0
168613,0,0,0.24635202,1
168614,1,1,0.9999999,1
168615,1,1,0.9997584,1
168616,1,1,0.9999924,1
168617,0,1,0.85693204,0
168618,1,0,0.03915837,0
168619,0,0,0.33437207,1
168620,1,0,0.020023443,0
168621,0,1,0.9998293,0
168622,1,0,0.05374995,0
168623,1,1,0.5362522,1
168624,0,0,0.30239108,1
168625,1,1,0.9999732,1
168626,0,0,0.08517511,1
168627,1,1,0.9999788,1
168628,1,1,0.9465473,1
168629,0,0,0.17660058,1
168630,1,1,1.0,1
168631,1,0,0.12210386,0
168632,0,0,0.29138398,1
168633,1,0,0.014309456,0
168634,1,1,1.0,1
168635,0,1,0.50347894,0
168636,1,1,0.99999976,1
168637,1,1,0.97517824,1
168638,1,1,0.99999356,1
168639,1,0,0.028409066,0
168640,1,1,0.42143273,1
168641,1,1,0.7817474,1
168642,1,1,0.99584997,1
168643,1,0,0.18594721,0
168644,1,0,0.2985936,0
168645,0,1,0.5674573,0
168646,1,1,0.99931216,1
168647,1,1,0.9999808,1
168648,1,0,0.018493311,0
168649,1,1,0.5848641,1
168650,1,1,0.7902067,1
168651,0,0,0.2878679,1
168652,0,1,1.0,0
168653,0,0,0.04054074,1
168654,1,1,0.9996309,1
168655,0,0,0.056392044,1
168656,1,1,0.98844737,1
168657,0,1,0.6568234,0
168658,0,1,0.9894091,0
168659,1,1,0.99993944,1
168660,0,0,0.22901753,1
168661,0,0,0.33867836,1
168662,1,1,0.9999335,1
168663,1,1,1.0,1
168664,0,0,0.02184368,1
168665,1,1,1.0,1
168666,1,1,0.9999776,1
168667,0,1,0.45962182,0
168668,0,0,0.21601154,1
168669,0,0,0.19868535,1
168670,1,1,0.99983907,1
168671,0,0,0.17645861,1
168672,0,0,0.32066172,1
168673,1,0,0.10087861,0
168674,0,1,0.9999999,0
168675,1,1,0.95426536,1
168676,0,0,0.033684738,1
168677,0,1,0.91125876,0
168678,0,0,0.20641372,1
168679,1,1,0.46371743,1
168680,0,1,0.9999975,0
168681,0,0,0.03465149,1
168682,0,1,0.99637836,0
168683,1,1,1.0,1
168684,1,1,0.99999833,1
168685,1,1,1.0,1
168686,0,1,0.47527042,0
168687,1,1,0.98662347,1
168688,0,1,0.61941373,0
168689,0,0,0.10961043,1
168690,0,0,0.2694217,1
168691,1,1,0.78637683,1
168692,1,1,0.99885976,1
168693,1,1,0.79366624,1
168694,1,1,0.6039902,1
168695,0,1,0.6302868,0
168696,1,0,0.111821815,0
168697,1,0,0.11032728,0
168698,1,1,0.45350388,1
168699,1,0,0.021927299,0
168700,0,0,0.19064869,1
168701,1,0,0.13449147,0
168702,0,0,0.17356819,1
168703,0,1,0.5927255,0
168704,0,1,0.89488137,0
168705,1,1,0.67399687,1
168706,0,1,0.82090056,0
168707,0,1,0.9572778,0
168708,1,1,0.6630692,1
168709,0,1,0.4841362,0
168710,1,0,0.10167862,0
168711,0,1,0.6282364,0
168712,0,0,0.1481088,1
168713,0,1,0.7032948,0
168714,1,1,0.99967754,1
168715,1,1,0.8113773,1
168716,1,0,0.21003625,0
168717,0,0,0.26053056,1
168718,1,1,0.9999995,1
168719,1,1,0.8722386,1
168720,1,1,0.9999949,1
168721,0,0,0.04676847,1
168722,1,1,1.0,1
168723,0,0,0.29113197,1
168724,0,0,0.2614252,1
168725,0,1,0.9986878,0
168726,1,1,0.9999331,1
168727,1,1,1.0,1
168728,0,0,0.11586064,1
168729,0,1,1.0,0
168730,1,1,1.0,1
168731,0,1,0.9956006,0
168732,0,0,0.0094125895,1
168733,1,0,0.20497774,0
168734,1,1,0.9999651,1
168735,0,0,0.06058495,1
168736,0,1,0.9978002,0
168737,0,0,0.10212547,1
168738,1,1,1.0,1
168739,1,0,0.15960999,0
168740,1,1,0.999015,1
168741,1,0,4.832564e-05,0
168742,0,0,0.17099196,1
168743,0,0,0.060975183,1
168744,1,1,0.99719906,1
168745,0,0,0.05823863,1
168746,0,1,0.81640637,0
168747,0,0,0.0090377545,1
168748,1,1,0.8821236,1
168749,0,0,0.15495054,1
168750,0,0,0.021948252,1
168751,0,1,0.9889064,0
168752,1,1,0.99984336,1
168753,0,1,0.69113266,0
168754,1,1,0.9218515,1
168755,1,1,0.99999917,1
168756,1,1,0.4822767,1
168757,1,1,0.9999999,1
168758,0,1,0.89312315,0
168759,0,0,0.021084841,1
168760,1,1,1.0,1
168761,0,1,0.8716935,0
168762,0,0,0.0871745,1
168763,1,1,0.5098864,1
168764,1,1,0.945248,1
168765,1,1,0.9999889,1
168766,0,1,0.8115267,0
168767,1,1,0.67044646,1
168768,0,0,0.1979091,1
168769,1,1,0.9789755,1
168770,1,1,0.99996865,1
168771,0,1,0.98478174,0
168772,0,0,0.07204689,1
168773,0,0,0.11027936,1
168774,1,1,0.8558512,1
168775,0,0,0.11357959,1
168776,0,1,0.99955136,0
168777,1,1,0.9015746,1
168778,0,0,0.1437277,1
168779,1,1,0.99926347,1
168780,0,0,0.258326,1
168781,1,1,0.9999974,1
168782,0,0,0.1834473,1
168783,0,0,0.18952107,1
168784,1,1,0.6313102,1
168785,1,0,0.20134169,0
168786,0,1,0.9284088,0
168787,1,1,0.9999893,1
168788,1,1,0.8482194,1
168789,1,1,0.99694854,1
168790,1,1,0.79310596,1
168791,0,1,0.9716986,0
168792,1,0,0.009746104,0
168793,1,1,0.99987066,1
168794,1,1,0.9328826,1
168795,0,1,0.94138527,0
168796,0,1,0.6090011,0
168797,1,1,1.0,1
168798,1,1,0.9707155,1
168799,0,0,0.14229147,1
168800,0,1,0.9996506,0
168801,0,0,0.028652672,1
168802,1,1,0.9996295,1
168803,1,1,0.99951875,1
168804,0,1,0.9777776,0
168805,1,1,0.9998894,1
168806,0,1,0.70715195,0
168807,0,1,0.66557366,0
168808,0,1,0.9997843,0
168809,1,0,0.05184547,0
168810,1,0,0.038178273,0
168811,0,1,0.9517736,0
168812,0,0,0.0013224406,1
168813,0,0,0.034229323,1
168814,0,1,0.99997437,0
168815,0,0,0.0015011822,1
168816,1,1,0.9988305,1
168817,1,1,0.91884506,1
168818,1,1,1.0,1
168819,1,1,1.0,1
168820,1,1,0.81859183,1
168821,1,0,0.20793757,0
168822,0,0,0.0586686,1
168823,0,0,0.005301895,1
168824,1,1,0.9997367,1
168825,0,1,0.99922514,0
168826,1,1,0.3637034,1
168827,1,1,0.99999285,1
168828,1,1,0.999987,1
168829,0,0,0.26208568,1
168830,0,1,0.7692537,0
168831,0,0,0.20737517,1
168832,0,0,0.07779745,1
168833,1,1,0.99922514,1
168834,1,1,1.0,1
168835,0,0,0.019851703,1
168836,0,1,0.9999882,0
168837,1,1,0.9999274,1
168838,1,1,0.99999607,1
168839,0,0,0.09704756,1
168840,0,1,0.9995963,0
168841,1,1,0.9999713,1
168842,0,0,0.29849136,1
168843,1,1,0.95536083,1
168844,1,1,0.41238227,1
168845,1,1,0.974893,1
168846,1,1,0.83250916,1
168847,0,0,0.030646773,1
168848,1,1,0.40177584,1
168849,0,1,0.7323526,0
168850,0,0,0.08262328,1
168851,1,1,1.0,1
168852,0,1,0.99998426,0
168853,0,0,0.11104826,1
168854,0,0,0.04590542,1
168855,1,1,1.0,1
168856,1,1,0.99318933,1
168857,1,1,0.99723697,1
168858,0,0,0.06687324,1
168859,0,1,0.38470986,0
168860,1,1,0.99582565,1
168861,0,1,0.87386215,0
168862,1,0,0.12694745,0
168863,1,1,0.50573707,1
168864,0,1,0.99996805,0
168865,0,1,0.5535656,0
168866,0,0,0.007489624,1
168867,0,0,0.07303238,1
168868,0,1,0.43557134,0
168869,1,1,0.96580297,1
168870,1,1,0.9999305,1
168871,1,1,0.9996737,1
168872,0,1,0.8250265,0
168873,1,1,0.9986878,1
168874,1,1,0.90515476,1
168875,1,0,0.19034748,0
168876,1,1,0.99981695,1
168877,0,0,0.069289416,1
168878,0,0,0.30564553,1
168879,0,1,0.68040097,0
168880,0,1,0.9998385,0
168881,1,1,0.99911004,1
168882,0,0,0.18742996,1
168883,0,1,0.89733595,0
168884,1,1,0.99959,1
168885,1,1,1.0,1
168886,0,1,0.67217034,0
168887,1,1,0.99999964,1
168888,0,1,0.9326989,0
168889,1,1,1.0,1
168890,0,0,0.2650236,1
168891,1,1,0.9999392,1
168892,0,0,0.33382893,1
168893,0,1,0.99924314,0
168894,0,0,0.17356819,1
168895,0,1,0.7962924,0
168896,0,0,0.26913345,1
168897,1,0,0.07758752,0
168898,0,0,0.24621603,1
168899,1,0,0.04001227,0
168900,1,1,0.9996705,1
168901,1,1,1.0,1
168902,0,1,0.9056566,0
168903,1,1,0.99999166,1
168904,1,1,0.9943141,1
168905,1,0,0.22815649,0
168906,1,1,0.5642185,1
168907,1,1,0.5474641,1
168908,0,0,0.34875602,1
168909,0,1,0.9395816,0
168910,1,1,1.0,1
168911,1,1,1.0,1
168912,0,1,0.9999993,0
168913,0,1,0.9930962,0
168914,0,0,0.04410091,1
168915,1,1,0.9999459,1
168916,1,1,0.43944663,1
168917,1,1,1.0,1
168918,0,0,0.035177976,1
168919,0,1,0.9291196,0
168920,1,0,0.03875619,0
168921,0,1,0.99885535,0
168922,1,0,0.047691282,0
168923,1,1,0.352759,1
168924,1,1,1.0,1
168925,1,1,1.0,1
168926,0,0,0.07004896,1
168927,1,0,9.442197e-06,0
168928,1,1,0.9770007,1
168929,0,0,0.020645931,1
168930,1,1,0.9993162,1
168931,1,1,0.99540824,1
168932,1,1,0.99984336,1
168933,1,1,1.0,1
168934,1,1,0.9998118,1
168935,0,1,0.71477735,0
168936,1,0,0.026330303,0
168937,1,0,0.07349652,0
168938,1,1,0.8812066,1
168939,0,0,0.058185086,1
168940,1,1,1.0,1
168941,1,1,0.99994993,1
168942,0,0,0.12597652,1
168943,1,0,0.061199225,0
168944,1,1,0.5218976,1
168945,1,0,0.029035643,0
168946,0,1,1.0,0
168947,1,0,0.18543036,0
168948,1,1,0.9999995,1
168949,0,1,0.7787335,0
168950,0,1,0.5148272,0
168951,0,0,0.03750274,1
168952,0,1,0.7693403,0
168953,0,1,0.4079524,0
168954,0,0,0.12940273,1
168955,0,0,0.0606962,1
168956,0,1,0.99894947,0
168957,1,1,1.0,1
168958,0,0,0.0043399334,1
168959,1,1,0.9999994,1
168960,1,1,0.9999995,1
168961,0,0,0.22901753,1
168962,1,0,0.10123348,0
168963,1,1,0.89533985,1
168964,1,1,0.64807665,1
168965,1,1,1.0,1
168966,0,0,0.25146383,1
168967,1,1,0.99986494,1
168968,1,0,0.07971035,0
168969,1,1,1.0,1
168970,1,1,0.9688562,1
168971,1,1,0.61987406,1
168972,1,1,0.9999839,1
168973,0,1,0.9955142,0
168974,1,1,1.0,1
168975,0,0,0.0894546,1
168976,0,1,0.9545628,0
168977,1,0,0.21141684,0
168978,1,1,0.8976056,1
168979,0,1,0.3766518,0
168980,1,0,0.08232769,0
168981,1,0,0.035846926,0
168982,1,1,0.99999905,1
168983,1,0,0.02884354,0
168984,0,1,0.99921453,0
168985,0,0,0.03188899,1
168986,1,0,0.032497507,0
168987,1,0,0.3402659,0
168988,0,0,0.2186694,1
168989,1,1,0.9999567,1
168990,1,1,0.52074003,1
168991,0,0,0.086554825,1
168992,1,0,0.20593424,0
168993,0,1,0.42676947,0
168994,0,0,0.06548521,1
168995,0,0,0.117774926,1
168996,0,0,0.2168396,1
168997,0,1,0.44067985,0
168998,0,1,0.92944044,0
168999,1,1,0.7460465,1
169000,0,0,0.18787654,1
169001,1,1,1.0,1
169002,0,0,0.10420353,1
169003,1,1,0.9992735,1
169004,0,0,0.05098815,1
169005,0,1,1.0,0
169006,0,1,0.9882449,0
169007,1,1,1.0,1
169008,1,1,1.0,1
169009,1,1,0.9999994,1
169010,0,1,0.7767923,0
169011,1,0,0.24355245,0
169012,1,0,0.10105591,0
169013,1,1,0.9999696,1
169014,0,0,0.2211824,1
169015,1,0,0.27894375,0
169016,0,0,0.10167862,1
169017,0,1,0.9989141,0
169018,1,0,0.016801614,0
169019,1,1,0.9999994,1
169020,0,0,0.17455095,1
169021,0,1,0.9895716,0
169022,0,1,0.9766024,0
169023,1,1,0.9583042,1
169024,1,1,0.99999976,1
169025,1,1,0.99608517,1
169026,1,1,1.0,1
169027,0,1,0.87997437,0
169028,0,0,0.14199378,1
169029,1,1,0.99952805,1
169030,1,1,1.0,1
169031,0,1,0.99999905,0
169032,0,0,0.08166611,1
169033,1,1,0.99999964,1
169034,1,0,0.041656762,0
169035,0,0,0.006241259,1
169036,0,1,0.9457512,0
169037,0,1,0.35287052,0
169038,1,1,0.72189033,1
169039,0,1,0.99937975,0
169040,1,1,0.88875884,1
169041,1,1,0.88373864,1
169042,1,1,0.57134813,1
169043,0,1,0.9958901,0
169044,0,1,0.9670076,0
169045,1,0,0.07654563,0
169046,0,1,0.96069443,0
169047,1,1,0.7756048,1
169048,1,1,0.9994012,1
169049,1,1,0.9207184,1
169050,0,0,0.028816197,1
169051,0,0,0.044224583,1
169052,1,1,0.92944044,1
169053,0,1,0.950411,0
169054,0,1,0.7337858,0
169055,0,1,0.999956,0
169056,1,0,0.035779487,0
169057,0,0,0.027901374,1
169058,1,0,0.03997477,0
169059,0,1,0.99782157,0
169060,1,1,0.9999994,1
169061,0,1,0.99474937,0
169062,1,1,0.9999968,1
169063,1,1,1.0,1
169064,1,0,0.15090261,0
169065,0,1,0.9665054,0
169066,0,1,0.381162,0
169067,0,1,0.6390043,0
169068,0,0,0.10194652,1
169069,0,1,0.99984884,0
169070,0,1,1.0,0
169071,1,1,0.36048904,1
169072,1,1,0.9760608,1
169073,0,0,0.07211221,1
169074,0,0,0.038538493,1
169075,1,1,0.9930559,1
169076,1,1,0.9261035,1
169077,0,0,0.10697014,1
169078,0,1,0.65074474,0
169079,0,1,0.8928432,0
169080,1,1,1.0,1
169081,0,1,0.99986446,0
169082,0,1,0.98913974,0
169083,1,1,0.99977916,1
169084,1,1,0.9974885,1
169085,0,0,0.1447523,1
169086,0,0,0.107437484,1
169087,0,1,0.4086602,0
169088,0,0,0.029035643,1
169089,0,0,0.09973295,1
169090,0,1,0.9999858,0
169091,0,0,0.13449147,1
169092,1,1,0.3700546,1
169093,1,0,0.295789,0
169094,0,0,0.09178833,1
169095,1,1,0.99995184,1
169096,1,1,0.9959299,1
169097,0,1,0.6323325,0
169098,1,1,0.84208554,1
169099,1,1,0.50921524,1
169100,1,1,0.9993893,1
169101,0,1,0.41721213,0
169102,1,1,0.6073139,1
169103,1,1,0.6202192,1
169104,1,0,0.26736033,0
169105,0,1,0.99861145,0
169106,1,1,0.91117966,1
169107,1,1,0.9869544,1
169108,0,1,0.9913892,0
169109,1,0,0.30970183,0
169110,1,1,0.9999987,1
169111,0,1,0.6107437,0
169112,1,1,1.0,1
169113,1,1,0.9474783,1
169114,1,1,0.99998677,1
169115,0,0,0.09451042,1
169116,1,0,0.21485612,0
169117,1,0,0.0077255345,0
169118,1,1,0.9999988,1
169119,0,0,0.1584346,1
169120,0,1,0.99004436,0
169121,1,1,0.99998164,1
169122,0,0,0.024307016,1
169123,0,0,0.22575781,1
169124,1,1,0.9999982,1
169125,0,0,0.17582092,1
169126,1,0,0.03216145,0
169127,0,0,0.30300945,1
169128,0,1,0.48852742,0
169129,1,1,1.0,1
169130,0,1,0.9982926,0
169131,1,1,0.98644173,1
169132,1,1,0.7251137,1
169133,1,1,0.99997973,1
169134,0,1,0.5184243,0
169135,0,0,0.054298937,1
169136,1,0,0.031768616,0
169137,1,1,0.9987864,1
169138,1,0,0.1289633,0
169139,1,1,0.99926645,1
169140,1,1,1.0,1
169141,1,1,0.52171487,1
169142,1,1,0.98056203,1
169143,0,0,0.08464396,1
169144,0,0,0.02368947,1
169145,0,0,0.0532062,1
169146,1,1,1.0,1
169147,1,1,0.99732697,1
169148,0,1,0.9798805,0
169149,0,1,0.38496992,0
169150,1,1,0.83748704,1
169151,0,1,0.4648409,0
169152,0,1,0.37330452,0
169153,1,1,0.9999981,1
169154,1,1,0.99999726,1
169155,0,0,0.2052962,1
169156,0,0,0.06412401,1
169157,0,1,0.913368,0
169158,1,1,1.0,1
169159,0,0,0.30033502,1
169160,0,1,0.72081065,0
169161,1,1,0.91891783,1
169162,0,1,0.999902,0
169163,0,0,0.20777677,1
169164,0,0,0.06301948,1
169165,0,0,0.17624585,1
169166,0,1,0.99219924,0
169167,1,1,1.0,1
169168,0,0,0.04733772,1
169169,1,1,0.9913054,1
169170,1,0,0.25192368,0
169171,1,1,0.7339766,1
169172,1,0,0.015291642,0
169173,1,1,0.9999999,1
169174,0,0,0.17996249,1
169175,0,0,0.04738177,1
169176,0,1,1.0,0
169177,0,0,0.09721884,1
169178,1,1,0.80286485,1
169179,0,1,0.38577956,0
169180,1,1,0.99999976,1
169181,1,1,0.6547292,1
169182,1,0,0.11095189,0
169183,0,0,0.13805456,1
169184,0,0,0.2155158,1
169185,0,0,0.05608106,1
169186,0,1,0.99703634,0
169187,1,1,0.99981695,1
169188,0,0,0.31573597,1
169189,1,0,0.08359068,0
169190,0,1,0.59490436,0
169191,0,0,0.22431023,1
169192,0,1,0.7266681,0
169193,1,0,0.14396824,0
169194,0,0,0.20833994,1
169195,1,1,0.8632764,1
169196,1,0,0.08678673,0
169197,1,1,0.9997029,1
169198,1,0,0.002382762,0
169199,1,1,0.8891444,1
169200,1,1,0.999894,1
169201,0,0,0.06512755,1
169202,0,0,0.20833994,1
169203,1,1,1.0,1
169204,1,1,0.9999995,1
169205,0,0,0.08137364,1
169206,0,0,0.045394883,1
169207,1,1,0.9164094,1
169208,1,1,0.9999708,1
169209,1,1,1.0,1
169210,1,0,0.07270252,0
169211,0,1,0.38214144,0
169212,0,0,0.004564981,1
169213,1,1,0.9999962,1
169214,0,0,0.0369428,1
169215,1,1,0.4194993,1
169216,1,1,0.99999774,1
169217,0,0,0.053849373,1
169218,1,1,0.99998105,1
169219,0,1,0.7942254,0
169220,0,1,0.9999949,0
169221,1,1,0.99999833,1
169222,0,0,0.06394842,1
169223,0,1,0.9309621,0
169224,0,0,0.0019532056,1
169225,0,1,0.8594279,0
169226,0,0,0.08173938,1
169227,1,1,0.9999969,1
169228,0,1,0.99961555,0
169229,0,0,0.06170614,1
169230,1,1,0.99999857,1
169231,0,0,0.09293445,1
169232,0,1,0.91413754,0
169233,1,1,1.0,1
169234,1,1,0.97769254,1
169235,1,0,0.30865893,0
169236,1,1,0.98623115,1
169237,1,1,1.0,1
169238,1,1,0.4344613,1
169239,1,1,0.9369228,1
169240,0,1,0.77805966,0
169241,0,1,0.7940658,0
169242,0,1,0.99999523,0
169243,1,1,0.9996424,1
169244,1,1,0.9991391,1
169245,0,1,0.9328826,0
169246,0,1,0.49469015,0
169247,0,0,0.06064056,1
169248,1,1,0.9723885,1
169249,0,0,0.07303238,1
169250,0,0,0.019512547,1
169251,1,1,0.9870546,1
169252,1,0,0.08748585,0
169253,1,1,0.9991491,1
169254,1,1,0.9336126,1
169255,0,1,1.0,0
169256,0,0,0.13212214,1
169257,0,0,0.18462047,1
169258,1,1,0.9999982,1
169259,0,0,0.199854,1
169260,0,1,0.9894499,0
169261,1,1,0.9996959,1
169262,1,1,0.70543,1
169263,1,1,0.8348113,1
169264,1,1,0.99996424,1
169265,1,1,1.0,1
169266,1,1,0.99850464,1
169267,1,1,0.9999753,1
169268,1,1,0.99999905,1
169269,0,0,0.005070175,1
169270,1,1,0.37105116,1
169271,0,1,0.49877927,0
169272,0,1,0.7874412,0
169273,1,1,1.0,1
169274,0,1,0.445228,0
169275,1,1,0.53345823,1
169276,1,0,0.0042646346,0
169277,0,0,0.07349652,1
169278,0,0,0.052862898,1
169279,1,1,0.9999993,1
169280,0,1,0.9999995,0
169281,1,0,0.08336651,0
169282,0,1,0.37073782,0
169283,1,1,0.99469805,1
169284,1,1,0.63017297,1
169285,1,1,1.0,1
169286,0,1,0.9963642,0
169287,0,0,0.21419789,1
169288,1,0,0.15591201,0
169289,1,1,0.99986124,1
169290,1,1,0.6953898,1
169291,0,1,0.5182414,0
169292,1,1,0.9912039,1
169293,1,1,1.0,1
169294,0,1,0.9924959,0
169295,1,0,0.30886734,0
169296,1,1,0.99999976,1
169297,0,1,1.0,0
169298,1,1,0.6929018,1
169299,1,1,0.98998636,1
169300,1,1,0.9997017,1
169301,1,1,0.36466444,1
169302,1,1,0.99999905,1
169303,1,1,0.99999404,1
169304,1,1,0.40762815,1
169305,1,1,0.99900913,1
169306,1,1,0.9993333,1
169307,1,1,0.99996793,1
169308,1,1,1.0,1
169309,1,1,0.99999964,1
169310,1,1,0.9926542,1
169311,1,0,0.13511792,0
169312,0,1,0.67184746,0
169313,0,1,0.40706822,0
169314,0,0,0.019813737,1
169315,0,1,0.99980205,0
169316,0,0,0.12770702,1
169317,0,1,0.9992749,0
169318,0,1,0.6962166,0
169319,1,1,0.9935743,1
169320,1,1,0.99366105,1
169321,0,0,0.20705435,1
169322,0,1,0.8373541,0
169323,1,1,0.9998666,1
169324,1,1,0.937726,1
169325,0,1,0.9393595,0
169326,0,1,0.63607055,0
169327,1,1,0.99992776,1
169328,0,1,0.67217034,0
169329,1,1,0.99998903,1
169330,0,1,0.52019167,0
169331,0,1,0.83960253,0
169332,1,1,0.9938788,1
169333,1,1,0.9970708,1
169334,1,1,0.99999523,1
169335,0,0,0.30996284,1
169336,0,1,0.4128852,0
169337,0,0,0.20394525,1
169338,1,1,0.9999893,1
169339,1,1,0.95594025,1
169340,1,1,0.9872773,1
169341,0,1,0.9657061,0
169342,0,0,0.21206881,1
169343,0,1,0.68431675,0
169344,0,0,0.053058814,1
169345,0,0,0.055208687,1
169346,1,1,0.99644804,1
169347,1,1,0.8039445,1
169348,1,1,0.8524448,1
169349,0,1,0.8784186,0
169350,0,1,0.99980205,0
169351,1,1,0.9810037,1
169352,1,0,0.20244318,0
169353,0,1,0.99876,0
169354,1,1,0.9994611,1
169355,0,1,0.92093205,0
169356,1,1,0.9999999,1
169357,1,1,0.5821941,1
169358,0,1,0.999566,0
169359,1,1,0.97121114,1
169360,1,1,0.9869544,1
169361,0,0,0.07928158,1
169362,1,1,0.39065015,1
169363,0,1,0.677314,0
169364,0,0,0.25483337,1
169365,1,1,0.9512782,1
169366,0,0,0.3395538,1
169367,1,0,0.13875328,0
169368,1,1,0.9999809,1
169369,0,1,0.4704021,0
169370,0,0,0.07504072,1
169371,0,1,0.9999894,0
169372,0,1,0.36786622,0
169373,0,1,0.9962126,0
169374,1,0,0.19759926,0
169375,1,1,0.99994695,1
169376,1,1,0.7211054,1
169377,1,0,0.1237887,0
169378,0,0,0.27367145,1
169379,1,1,0.86293024,1
169380,1,1,0.99999976,1
169381,1,0,0.11221037,0
169382,1,1,0.53783035,1
169383,0,1,1.0,0
169384,1,1,0.99981695,1
169385,1,1,0.9999225,1
169386,0,1,0.856092,0
169387,0,1,0.41807312,0
169388,1,1,1.0,1
169389,1,1,1.0,1
169390,1,1,0.99630713,1
169391,1,1,1.0,1
169392,0,1,0.3784591,0
169393,1,1,0.95460516,1
169394,1,1,1.0,1
169395,1,1,0.997459,1
169396,1,1,0.6497453,1
169397,1,0,0.31779665,0
169398,1,1,0.8733229,1
169399,0,0,0.111627996,1
169400,1,1,1.0,1
169401,0,0,0.021739593,1
169402,0,0,0.24122119,1
169403,0,1,0.6281223,0
169404,0,0,0.089216255,1
169405,0,0,0.035745807,1
169406,0,1,0.9932025,0
169407,0,0,0.17300858,1
169408,1,1,1.0,1
169409,0,0,0.123841666,1
169410,0,0,0.018941708,1
169411,1,1,0.99909246,1
169412,0,1,0.66077465,0
169413,0,0,0.13546064,1
169414,1,1,1.0,1
169415,0,0,0.17688479,1
169416,1,1,0.9038897,1
169417,1,1,1.0,1
169418,1,1,1.0,1
169419,1,1,0.99963665,1
169420,1,1,0.36466444,1
169421,0,1,0.67313796,0
169422,1,1,0.9886901,1
169423,0,0,0.2216875,1
169424,1,1,0.38320842,1
169425,1,1,1.0,1
169426,0,1,0.63017297,0
169427,1,1,0.9628831,1
169428,0,0,0.061819322,1
169429,1,1,0.9486325,1
169430,1,1,0.99992454,1
169431,0,1,0.42259395,0
169432,1,1,0.99993265,1
169433,1,1,1.0,1
169434,0,1,0.88463855,0
169435,0,0,0.009955651,1
169436,1,1,0.9999535,1
169437,0,0,0.07758752,1
169438,1,1,0.9999707,1
169439,0,1,0.9986436,0
169440,1,1,0.9742639,1
169441,0,1,0.4539577,0
169442,1,1,0.46490157,1
169443,0,1,0.9980122,0
169444,1,1,0.99999475,1
169445,1,0,0.06773144,0
169446,1,0,0.17231107,0
169447,1,0,0.04885778,0
169448,0,0,0.22431023,1
169449,1,1,0.84733725,1
169450,0,1,0.86431044,0
169451,0,0,0.26312575,1
169452,0,0,0.17490298,1
169453,1,1,1.0,1
169454,0,0,0.028652672,1
169455,0,1,0.585516,0
169456,1,1,0.48871043,1
169457,0,0,0.107437484,1
169458,1,1,0.5296892,1
169459,1,0,0.06797852,0
169460,1,1,1.0,1
169461,0,0,0.28917095,1
169462,1,0,0.33706713,0
169463,1,0,0.18914637,0
169464,1,1,1.0,1
169465,1,1,1.0,1
169466,1,0,0.08291986,0
169467,0,0,0.01709447,1
169468,0,1,0.9928509,0
169469,0,1,0.52372485,0
169470,1,1,0.9999999,1
169471,1,0,0.14390808,0
169472,1,0,0.16708273,0
169473,1,1,0.84504944,1
169474,1,0,0.08151975,0
169475,1,1,0.99997914,1
169476,0,1,0.51994795,0
169477,0,0,0.037963696,1
169478,1,0,0.09097748,0
169479,1,1,1.0,1
169480,1,1,1.0,1
169481,0,0,0.2692295,1
169482,0,1,0.9726495,0
169483,1,1,0.5955514,1
169484,1,1,0.99989843,1
169485,0,1,0.9494355,0
169486,0,1,0.99998915,0
169487,0,0,0.09509706,1
169488,1,1,0.9537082,1
169489,1,1,0.9990728,1
169490,1,1,0.98803884,1
169491,1,0,0.2844269,0
169492,1,0,0.28452632,0
169493,1,1,0.99999905,1
169494,1,1,0.99999833,1
169495,1,1,0.9900636,1
169496,0,0,0.1274896,1
169497,0,0,0.024563085,1
169498,1,1,0.7100758,1
169499,1,1,0.99999964,1
169500,0,0,0.2032327,1
169501,0,0,0.319599,1
169502,1,1,0.9999858,1
169503,1,1,0.9999999,1
169504,1,1,0.99999964,1
169505,1,1,0.5914283,1
169506,0,1,0.9659639,0
169507,0,0,0.085023046,1
169508,1,1,0.9417078,1
169509,1,0,0.24323773,0
169510,1,1,0.999998,1
169511,0,0,0.0996453,1
169512,1,1,0.99995387,1
169513,1,0,0.06614567,0
169514,0,1,0.45111492,0
169515,0,1,0.52482086,0
169516,1,1,0.9999999,1
169517,1,1,1.0,1
169518,1,1,0.9999999,1
169519,0,1,1.0,0
169520,1,1,0.57821006,1
169521,1,1,0.9999875,1
169522,0,1,0.99613816,0
169523,1,1,1.0,1
169524,1,1,1.0,1
169525,1,1,1.0,1
169526,1,1,1.0,1
169527,1,1,1.0,1
169528,0,0,0.3457677,1
169529,1,0,0.12710989,0
169530,0,1,0.9970765,0
169531,1,1,1.0,1
169532,0,0,0.22456521,1
169533,1,1,0.9783226,1
169534,1,1,0.943086,1
169535,0,0,0.05597775,1
169536,1,0,0.074030295,0
169537,1,1,0.9379537,1
169538,0,0,0.19884089,1
169539,1,1,0.9999584,1
169540,1,1,0.99999976,1
169541,0,1,0.9779888,0
169542,1,1,0.99592197,1
169543,0,1,0.9704926,0
169544,1,1,0.9783226,1
169545,1,1,0.3900692,1
169546,1,1,0.9988004,1
169547,1,0,0.009596454,0
169548,1,1,0.9999999,1
169549,0,0,0.03715183,1
169550,1,0,0.04065485,0
169551,1,1,0.5393472,1
169552,1,1,0.9899087,1
169553,1,0,0.017900169,0
169554,1,0,0.0074317735,0
169555,1,1,1.0,1
169556,0,0,0.10631887,1
169557,0,1,0.6571535,0
169558,1,1,0.98387814,1
169559,0,0,0.3465413,1
169560,1,1,0.57433504,1
169561,0,1,0.99349916,0
169562,1,1,0.99996305,1
169563,1,1,0.99968374,1
169564,0,1,0.99856746,0
169565,0,0,0.09518112,1
169566,1,1,1.0,1
169567,0,1,0.8656789,0
169568,0,1,0.37843037,0
169569,1,1,1.0,1
169570,1,0,0.09170697,0
169571,1,1,0.99999976,1
169572,0,0,0.21833587,1
169573,1,1,0.99996483,1
169574,1,1,0.999997,1
169575,1,1,0.92821383,1
169576,1,1,0.66698503,1
169577,1,1,0.99999857,1
169578,1,1,1.0,1
169579,1,0,0.006180981,0
169580,1,1,1.0,1
169581,1,1,0.9995016,1
169582,1,1,1.0,1
169583,1,1,0.85848147,1
169584,1,1,0.974893,1
169585,1,1,0.8680457,1
169586,0,0,0.052086018,1
169587,1,1,0.9987031,1
169588,0,1,0.37119362,0
169589,1,0,0.10809477,0
169590,0,0,0.09713317,1
169591,1,1,0.9999999,1
169592,0,1,0.721498,0
169593,1,1,0.98292196,1
169594,1,1,0.994089,1
169595,1,0,0.18550415,0
169596,0,0,0.2414894,1
169597,1,1,1.0,1
169598,1,1,1.0,1
169599,1,1,0.90853673,1
169600,0,0,0.08740792,1
169601,1,1,0.99999845,1
169602,1,1,0.9990908,1
169603,0,1,0.388531,0
169604,1,1,1.0,1
169605,0,0,0.049635064,1
169606,0,0,0.052765187,1
169607,0,1,0.9986827,0
169608,1,1,0.8850366,1
169609,1,1,0.999985,1
169610,0,1,0.99826247,0
169611,0,1,0.9521755,0
169612,1,1,0.99855906,1
169613,0,1,0.9998134,0
169614,0,0,0.10571725,1
169615,1,1,0.9999987,1
169616,0,1,0.9999943,0
169617,0,0,0.032283258,1
169618,1,1,0.8156734,1
169619,1,1,0.9999995,1
169620,1,1,0.99182796,1
169621,1,0,0.31578872,0
169622,0,0,0.18410648,1
169623,1,1,0.98197925,1
169624,1,0,0.033684738,0
169625,1,1,0.9999691,1
169626,1,1,0.5317565,1
169627,1,0,0.22219339,0
169628,0,0,0.15804437,1
169629,1,0,0.15034041,0
169630,1,1,0.99922514,1
169631,0,0,0.10008423,1
169632,1,1,0.9999933,1
169633,0,0,0.13614833,1
169634,0,1,0.95691687,0
169635,0,0,0.033526164,1
169636,1,1,0.55796576,1
169637,1,1,0.9999994,1
169638,0,0,0.087096825,1
169639,0,0,0.13603349,1
169640,0,1,0.49249324,0
169641,0,0,0.11476479,1
169642,1,1,0.9961755,1
169643,1,0,0.0631349,0
169644,0,1,0.991032,0
169645,1,1,1.0,1
169646,0,1,0.4208971,0
169647,1,1,1.0,1
169648,0,0,0.10141131,1
169649,1,1,0.9237301,1
169650,1,0,0.057229258,0
169651,0,1,0.9253649,0
169652,1,0,0.07362963,0
169653,0,0,0.1606607,1
169654,1,1,0.99996996,1
169655,1,1,1.0,1
169656,0,1,0.47527042,0
169657,1,1,0.96771675,1
169658,1,1,0.99999833,1
169659,1,1,0.9530133,1
169660,1,1,0.7687332,1
169661,0,0,0.034553625,1
169662,1,1,0.9907499,1
169663,1,1,0.9667888,1
169664,0,0,0.13318956,1
169665,1,1,0.99999404,1
169666,0,0,0.080069266,1
169667,0,0,0.041578867,1
169668,1,0,0.02854415,0
169669,0,1,0.9984176,0
169670,1,1,1.0,1
169671,1,1,0.9999999,1
169672,1,1,0.56985265,1
169673,0,0,0.1237887,1
169674,0,0,0.15065254,1
169675,1,1,0.9509604,1
169676,1,1,0.9999995,1
169677,1,1,0.99994993,1
169678,0,1,0.82261705,0
169679,1,1,0.99996233,1
169680,1,1,1.0,1
169681,0,0,0.052862898,1
169682,1,1,0.9979412,1
169683,1,1,0.98498523,1
169684,1,1,0.99857306,1
169685,1,1,1.0,1
169686,0,1,0.6221725,0
169687,1,1,0.99999547,1
169688,1,1,0.4689122,1
169689,1,1,0.9999974,1
169690,0,1,0.99792105,0
169691,0,0,0.3287449,1
169692,0,1,0.8533026,0
169693,1,0,0.17433996,0
169694,1,1,0.99997926,1
169695,1,1,0.7531037,1
169696,1,0,0.08277145,0
169697,0,0,0.105486654,1
169698,1,1,0.9984723,1
169699,1,1,1.0,1
169700,0,1,0.9999962,0
169701,1,1,0.98862445,1
169702,0,0,0.062904246,1
169703,1,1,0.9999672,1
169704,0,1,1.0,0
169705,0,0,0.06566473,1
169706,0,0,0.107812636,1
169707,1,1,0.7032948,1
169708,1,1,0.9999969,1
169709,1,0,0.29634872,0
169710,0,1,0.99894947,0
169711,1,0,0.13782232,0
169712,1,1,0.90690076,1
169713,0,1,0.999936,0
169714,0,0,0.124159895,1
169715,0,1,0.42515767,0
169716,1,1,1.0,1
169717,1,1,1.0,1
169718,1,1,0.9999993,1
169719,0,0,0.03915837,1
169720,1,1,0.98400164,1
169721,0,0,0.32300627,1
169722,0,0,0.120438814,1
169723,0,1,0.63352364,0
169724,0,1,0.35594276,0
169725,0,1,0.3511998,0
169726,1,1,0.44685677,1
169727,1,1,0.9999995,1
169728,1,1,0.99980587,1
169729,1,1,1.0,1
169730,0,1,0.9638481,0
169731,0,0,0.25137195,1
169732,0,1,0.46842584,0
169733,1,1,0.9982827,1
169734,0,1,0.7178533,0
169735,1,1,0.934813,1
169736,0,1,0.99998224,0
169737,1,1,0.98871195,1
169738,1,1,0.99999905,1
169739,0,0,0.09451042,1
169740,0,0,0.087252244,1
169741,1,1,0.9999999,1
169742,1,1,0.96405166,1
169743,1,1,0.96232057,1
169744,1,1,0.9999237,1
169745,1,1,0.45168924,1
169746,0,0,0.16231363,1
169747,1,1,0.9999981,1
169748,0,1,0.8833366,0
169749,1,1,0.9999994,1
169750,1,0,0.11807967,0
169751,0,0,0.33807713,1
169752,1,1,0.999998,1
169753,0,0,0.06717857,1
169754,0,1,0.97610646,0
169755,1,0,0.056652427,0
169756,1,1,0.9999914,1
169757,1,1,0.99804676,1
169758,1,1,1.0,1
169759,1,1,0.95880854,1
169760,1,1,0.9999993,1
169761,1,1,0.9999968,1
169762,0,0,0.08889936,1
169763,1,1,0.99637127,1
169764,1,1,0.99989367,1
169765,0,1,0.5791624,0
169766,0,1,0.78596646,0
169767,1,1,1.0,1
169768,0,0,0.07606381,1
169769,1,1,1.0,1
169770,0,0,0.065365784,1
169771,0,0,0.11486404,1
169772,1,1,0.99864894,1
169773,1,0,0.07538034,0
169774,1,0,0.043650273,0
169775,0,1,0.95585793,0
169776,1,0,0.23837286,0
169777,0,0,0.08151975,1
169778,0,0,0.06435884,1
169779,1,1,1.0,1
169780,1,1,0.78407115,1
169781,1,1,0.99396133,1
169782,0,0,0.13591877,1
169783,0,0,0.22524613,1
169784,1,1,0.9999999,1
169785,0,1,0.98926485,0
169786,1,0,0.026280278,0
169787,1,1,1.0,1
169788,0,0,0.058292214,1
169789,1,1,0.9998809,1
169790,0,0,0.09833879,1
169791,1,1,1.0,1
169792,0,1,0.9999987,0
169793,0,0,0.32653984,1
169794,1,1,0.99854773,1
169795,0,0,0.2339688,1
169796,0,1,0.51519305,0
169797,1,1,0.7907728,1
169798,1,1,0.9999255,1
169799,0,1,0.9999919,0
169800,0,0,0.11910043,1
169801,0,0,0.011574994,1
169802,0,0,0.028816197,1
169803,1,1,1.0,1
169804,1,1,0.9756467,1
169805,0,1,0.38208383,0
169806,1,1,0.446193,1
169807,1,1,1.0,1
169808,0,0,0.24608012,1
169809,1,1,0.9953725,1
169810,0,0,0.33660358,1
169811,0,0,0.04845096,1
169812,0,0,0.3298233,1
169813,1,1,1.0,1
169814,0,1,0.9948303,0
169815,0,1,0.7033967,0
169816,0,0,0.32922992,1
169817,0,0,0.2607658,1
169818,1,1,1.0,1
169819,1,1,1.0,1
169820,1,1,0.6997163,1
169821,0,1,0.9976769,0
169822,1,1,0.9680205,1
169823,1,1,0.91693145,1
169824,0,0,0.020784607,1
169825,1,0,0.035712164,0
169826,0,0,0.24780536,1
169827,0,1,0.677314,0
169828,0,0,0.1419343,1
169829,1,1,0.99999154,1
169830,0,1,0.9999999,0
169831,1,1,1.0,1
169832,0,0,0.07779745,1
169833,1,1,0.4082178,1
169834,1,1,0.99165195,1
169835,1,1,0.7483523,1
169836,1,0,0.08889936,0
169837,1,0,0.22962157,0
169838,0,0,0.0527164,1
169839,1,1,0.9999995,1
169840,1,1,0.99158704,1
169841,1,1,1.0,1
169842,0,1,0.9999895,0
169843,0,1,0.99999964,0
169844,1,1,0.99879575,1
169845,1,1,0.9999999,1
169846,1,1,0.9806919,1
169847,1,1,0.94858485,1
169848,1,1,0.9024378,1
169849,1,1,0.9773492,1
169850,0,1,0.99731654,0
169851,1,1,0.8716935,1
169852,1,1,0.9987356,1
169853,0,1,0.97346866,0
169854,0,1,0.99877685,0
169855,0,0,0.03038675,1
169856,1,1,0.9936733,1
169857,1,1,0.99999976,1
169858,1,0,0.1647851,0
169859,0,0,0.040162582,1
169860,0,0,0.046551276,1
169861,1,0,0.020725062,0
169862,0,0,0.109039895,1
169863,0,0,0.029507361,1
169864,1,1,0.5249427,1
169865,1,1,0.999943,1
169866,0,1,0.9997192,0
169867,1,1,1.0,1
169868,0,0,0.119665086,1
169869,1,1,0.44417295,1
169870,1,1,0.9240733,1
169871,1,1,0.9982692,1
169872,0,1,0.9997589,0
169873,0,0,0.17852582,1
169874,1,1,0.3925988,1
169875,1,1,0.99999464,1
169876,1,1,0.97836393,1
169877,1,1,1.0,1
169878,0,0,0.17974643,1
169879,0,0,0.050097767,1
169880,0,1,0.9432431,0
169881,0,1,0.94427973,0
169882,0,0,0.07992553,1
169883,1,1,0.99992514,1
169884,0,0,0.029201293,1
169885,1,1,0.9999982,1
169886,0,0,0.024821786,1
169887,0,0,0.2163425,1
169888,1,0,0.16151851,0
169889,1,1,0.89947516,1
169890,1,1,1.0,1
169891,0,0,0.2588877,1
169892,1,1,0.95145893,1
169893,0,1,0.8449215,0
169894,0,1,1.0,0
169895,0,0,0.08100938,1
169896,1,1,0.9994461,1
169897,1,1,0.59278446,1
169898,1,1,0.6356183,1
169899,0,0,0.21875282,1
169900,1,1,1.0,1
169901,1,1,0.43377158,1
169902,1,1,0.99993265,1
169903,1,1,1.0,1
169904,1,1,1.0,1
169905,1,1,1.0,1
169906,1,1,0.54534626,1
169907,0,0,0.12362991,1
169908,1,1,0.8429925,1
169909,1,0,0.044806086,0
169910,1,1,0.99999964,1
169911,1,0,0.2645483,0
169912,1,1,0.79366624,1
169913,1,1,0.9999968,1
169914,0,1,1.0,0
169915,1,1,1.0,1
169916,0,0,0.042206,1
169917,0,0,0.065784656,1
169918,0,1,0.9912548,0
169919,0,0,0.2263558,1
169920,1,1,0.9421352,1
169921,1,0,0.075721376,0
169922,0,0,0.15765488,1
169923,0,1,0.99248135,0
169924,0,1,0.9938548,0
169925,1,0,0.00640073,0
169926,0,0,0.30975404,1
169927,0,1,0.99989367,0
169928,0,0,0.054802597,1
169929,0,0,0.085403666,1
169930,1,0,0.008830244,0
169931,0,0,0.02615562,1
169932,1,1,0.99894744,1
169933,0,1,0.41051996,0
169934,0,1,0.4809662,0
169935,0,0,0.0415011,1
169936,0,1,0.9889705,0
169937,1,1,0.9964342,1
169938,0,0,0.24571796,1
169939,1,1,0.9999255,1
169940,0,1,0.9964551,0
169941,1,1,1.0,1
169942,0,1,0.50756776,0
169943,0,0,0.29798043,1
169944,1,1,0.8833366,1
169945,0,1,0.99824536,0
169946,0,0,0.012624949,1
169947,1,1,0.82615143,1
169948,0,0,0.009125638,1
169949,1,1,0.99985516,1
169950,0,0,0.2766905,1
169951,0,0,0.17189364,1
169952,1,1,0.9999999,1
169953,0,0,0.0075187185,1
169954,0,1,0.9993724,0
169955,0,1,0.4382442,0
169956,0,0,0.14915918,1
169957,1,1,0.99997735,1
169958,1,1,0.99170023,1
169959,1,1,0.99999976,1
169960,1,1,0.99966204,1
169961,0,0,0.03715183,1
169962,1,1,0.90934503,1
169963,0,0,0.013273888,1
169964,0,0,0.15687834,1
169965,0,0,0.12389466,1
169966,0,1,0.7506442,0
169967,1,1,1.0,1
169968,1,0,0.26616648,0
169969,0,0,0.34257153,1
169970,0,0,0.24256429,1
169971,1,1,0.98237246,1
169972,1,1,0.7368742,1
169973,1,1,0.8868131,1
169974,1,0,0.25395352,0
169975,0,1,0.96669465,0
169976,1,1,0.9999999,1
169977,1,1,1.0,1
169978,1,0,0.0489941,0
169979,1,1,0.7716715,1
169980,1,1,0.6719551,1
169981,1,1,0.9999893,1
169982,1,0,0.26530904,0
169983,0,1,0.9999535,0
169984,0,0,0.08803311,1
169985,0,0,0.016121825,1
169986,1,1,0.99766773,1
169987,0,0,0.078571655,1
169988,1,1,0.9999454,1
169989,0,1,0.9950563,0
169990,1,1,0.9991721,1
169991,1,1,1.0,1
169992,1,1,0.6281223,1
169993,0,1,0.3840455,0
169994,1,1,1.0,1
169995,1,0,0.09929539,0
169996,0,1,0.9922144,0
169997,1,0,0.096195176,0
169998,0,0,0.17667161,1
169999,1,1,1.0,1
170000,0,0,0.11211313,1
170001,0,0,0.028087387,1
170002,1,1,0.9978594,1
170003,0,1,0.9791357,0
170004,1,1,0.9999981,1
170005,1,1,0.9999857,1
170006,1,1,0.9995851,1
170007,1,1,0.9998977,1
170008,0,0,0.023264103,1
170009,1,1,1.0,1
170010,1,1,0.84733725,1
170011,1,1,0.9860174,1
170012,0,1,0.39128965,0
170013,0,1,0.72628,0
170014,0,0,0.111337796,1
170015,1,0,0.11616108,0
170016,1,1,0.91359943,1
170017,0,0,0.3294996,1
170018,0,1,0.7761143,0
170019,1,1,0.7213999,1
170020,1,1,0.99765414,1
170021,1,1,0.99999976,1
170022,1,0,0.0354775,0
170023,1,0,0.028301448,0
170024,1,1,0.9588471,1
170025,1,1,1.0,1
170026,0,0,0.008813166,1
170027,0,0,0.0527164,1
170028,0,1,0.9994307,0
170029,0,1,0.7316821,0
170030,0,1,0.41146556,0
170031,0,0,0.12517229,1
170032,1,1,0.9998273,1
170033,0,1,0.9999367,0
170034,1,1,0.9975466,1
170035,0,0,0.22405545,1
170036,1,1,0.9999876,1
170037,0,0,0.04650795,1
170038,1,0,0.033054754,0
170039,0,0,0.0374323,1
170040,1,1,0.6791255,1
170041,1,1,0.5152541,1
170042,0,1,0.9954615,0
170043,1,1,0.43455127,1
170044,1,1,0.9999982,1
170045,1,1,0.9999982,1
170046,1,1,0.9676251,1
170047,1,1,0.9603239,1
170048,0,0,0.019756919,1
170049,0,1,0.9998822,0
170050,1,1,0.9999995,1
170051,1,1,0.8880812,1
170052,0,0,0.20858167,1
170053,1,1,0.9999255,1
170054,1,1,0.9756001,1
170055,0,1,0.9863369,0
170056,1,1,1.0,1
170057,1,0,0.03919513,0
170058,1,1,0.9999956,1
170059,1,1,1.0,1
170060,1,1,0.99999475,1
170061,1,1,0.78057885,1
170062,1,1,0.98168314,1
170063,1,1,0.9996437,1
170064,1,1,1.0,1
170065,1,1,0.7142794,1
170066,0,1,0.9776072,0
170067,0,1,0.5684158,0
170068,0,0,0.29746994,1
170069,1,1,0.99939644,1
170070,1,1,0.9885804,1
170071,0,0,0.07835981,1
170072,1,1,0.99948967,1
170073,1,1,1.0,1
170074,1,0,0.048541088,0
170075,1,0,0.13117322,0
170076,0,0,0.19390948,1
170077,1,1,0.9998965,1
170078,0,1,0.9252299,0
170079,1,1,0.99631435,1
170080,1,1,0.99318933,1
170081,1,1,0.99960726,1
170082,0,1,0.9674411,0
170083,0,1,0.4097226,0
170084,1,1,0.9993475,1
170085,0,0,0.014199682,1
170086,1,1,1.0,1
170087,1,1,0.99999917,1
170088,1,1,0.999824,1
170089,1,1,1.0,1
170090,1,1,1.0,1
170091,0,0,0.10951515,1
170092,1,0,0.12857984,0
170093,1,1,0.99994874,1
170094,0,1,0.9997408,0
170095,1,1,0.76162714,1
170096,1,0,0.118998006,0
170097,0,0,0.024563085,1
170098,0,0,0.29900283,1
170099,1,0,0.17881243,0
170100,1,1,1.0,1
170101,1,1,0.9582651,1
170102,0,1,0.9978002,0
170103,1,1,0.99993074,1
170104,0,1,0.88885534,0
170105,1,0,0.16404721,0
170106,1,1,0.9968273,1
170107,0,0,0.048948623,1
170108,0,1,0.9999666,0
170109,1,0,0.18624303,0
170110,0,1,0.44459492,0
170111,1,1,0.99837697,1
170112,0,1,0.9877823,0
170113,0,0,0.10257407,1
170114,1,1,0.9999969,1
170115,0,1,0.9962565,0
170116,1,1,0.98780584,1
170117,0,1,0.9896918,0
170118,0,0,0.096620515,1
170119,1,1,1.0,1
170120,1,1,0.573559,1
170121,1,1,0.9562273,1
170122,0,0,0.23784137,1
170123,1,1,0.98582757,1
170124,1,0,0.054651033,0
170125,0,0,0.024774551,1
170126,1,1,0.9979412,1
170127,1,1,0.94776917,1
170128,0,1,0.5010376,0
170129,1,1,1.0,1
170130,0,0,0.033844035,1
170131,1,1,1.0,1
170132,1,1,0.9999999,1
170133,1,0,0.10079008,0
170134,0,1,0.9621787,0
170135,1,1,0.4205996,1
170136,0,0,0.2448141,1
170137,0,1,0.9911698,0
170138,1,1,0.87621135,1
170139,1,1,0.63051426,1
170140,0,1,0.67763406,0
170141,0,1,0.9999558,0
170142,0,0,0.044472914,1
170143,1,0,0.13916223,0
170144,1,1,1.0,1
170145,1,1,0.9943909,1
170146,0,1,0.6449522,0
170147,1,1,1.0,1
170148,0,1,0.95861524,0
170149,1,0,0.29153523,0
170150,0,1,0.47993022,0
170151,1,1,0.9999976,1
170152,0,0,0.19993211,1
170153,1,1,0.99999976,1
170154,1,1,1.0,1
170155,1,1,1.0,1
170156,0,0,0.15974101,1
170157,1,0,0.038466193,0
170158,0,0,0.28741768,1
170159,0,0,0.02118586,1
170160,1,1,0.9999999,1
170161,1,1,0.5528415,1
170162,1,1,1.0,1
170163,0,0,0.24999616,1
170164,1,1,1.0,1
170165,1,1,0.9999969,1
170166,1,1,0.9997305,1
170167,1,1,0.9999821,1
170168,1,1,0.9423477,1
170169,0,1,0.9999759,0
170170,1,1,0.99293363,1
170171,0,1,0.84376645,0
170172,1,1,0.99576014,1
170173,0,0,0.032313783,1
170174,0,0,0.27347738,1
170175,1,1,1.0,1
170176,1,1,0.9999987,1
170177,0,0,0.3390065,1
170178,0,0,0.10356715,1
170179,1,0,0.019400762,0
170180,1,1,0.53643435,1
170181,1,0,0.12640727,0
170182,0,0,0.061875977,1
170183,1,1,1.0,1
170184,1,1,0.8855325,1
170185,1,0,0.012194132,0
170186,0,0,0.10800066,1
170187,0,1,0.9903476,0
170188,1,1,0.9999877,1
170189,1,1,1.0,1
170190,0,1,0.40591964,0
170191,0,1,0.99594563,0
170192,1,0,0.08866235,0
170193,1,1,0.5156809,1
170194,1,1,0.98524296,1
170195,0,0,0.06542547,1
170196,1,1,0.8543993,1
170197,1,1,0.9999981,1
170198,0,1,0.9926542,0
170199,1,1,0.99550545,1
170200,1,1,0.9939964,1
170201,1,1,0.9894907,1
170202,1,1,0.99999905,1
170203,1,0,0.14786254,0
170204,0,1,0.76506716,0
170205,0,0,0.07758752,1
170206,1,1,0.9999914,1
170207,0,1,0.719827,0
170208,1,1,1.0,1
170209,1,1,0.9999871,1
170210,1,0,0.0009217804,0
170211,1,1,0.99990046,1
170212,1,1,1.0,1
170213,0,1,0.97794676,0
170214,0,0,0.025492331,1
170215,1,1,1.0,1
170216,1,1,0.9999999,1
170217,1,0,0.03471688,0
170218,0,1,0.4886494,0
170219,0,1,0.99620515,0
170220,1,1,0.9902351,1
170221,1,1,0.73115456,1
170222,0,0,0.3508105,1
170223,1,1,0.99966264,1
170224,0,0,0.100967236,1
170225,0,0,0.10771874,1
170226,1,1,0.5224458,1
170227,0,1,0.9877823,0
170228,1,1,0.9899476,1
170229,1,1,0.9999994,1
170230,0,0,0.07230849,1
170231,1,1,0.961678,1
170232,0,1,0.9801293,0
170233,1,1,0.9913223,1
170234,1,0,0.07765744,0
170235,1,1,0.9999888,1
170236,0,1,0.9955576,0
170237,0,0,0.09868569,1
170238,1,1,0.9999988,1
170239,1,1,0.99997294,1
170240,0,1,0.7923839,0
170241,1,1,0.9983059,1
170242,0,1,0.64069206,0
170243,0,0,0.15121572,1
170244,0,1,0.44492647,0
170245,0,1,0.9987356,0
170246,0,0,0.13805456,1
170247,0,1,0.9774355,0
170248,0,0,0.07992553,1
170249,0,0,0.10790661,1
170250,0,1,0.44080022,0
170251,1,0,0.030157411,0
170252,0,0,0.114963345,1
170253,0,1,0.59060216,0
170254,1,1,0.99898964,1
170255,1,1,0.87546796,1
170256,1,1,0.6685017,1
170257,0,1,0.99805814,0
170258,1,1,0.9988373,1
170259,1,0,0.022715757,0
170260,0,1,0.41004735,0
170261,1,0,0.16566059,0
170262,0,0,0.21109137,1
170263,0,1,0.9996561,0
170264,0,1,0.9599126,0
170265,1,1,0.82161736,1
170266,0,0,0.16364582,1
170267,0,0,0.12158143,1
170268,0,0,0.087096825,1
170269,1,1,0.9574771,1
170270,0,1,0.9999995,0
170271,1,1,1.0,1
170272,1,1,0.86339164,1
170273,0,1,0.9966691,0
170274,1,1,0.999998,1
170275,0,1,0.89912134,0
170276,1,0,0.29082978,0
170277,1,1,0.99997854,1
170278,0,1,0.9775644,0
170279,1,1,1.0,1
170280,1,1,1.0,1
170281,0,1,0.8976056,0
170282,0,0,0.2220247,1
170283,1,1,0.9999999,1
170284,1,1,0.99338466,1
170285,1,1,0.9999999,1
170286,0,0,0.018671406,1
170287,0,1,0.37713912,0
170288,1,1,0.99813974,1
170289,0,0,0.089136936,1
170290,1,1,0.99956685,1
170291,0,1,0.97708833,0
170292,0,0,0.024353383,1
170293,1,1,0.98141783,1
170294,1,1,0.95208645,1
170295,0,1,0.5935504,0
170296,1,1,0.41321072,1
170297,1,1,0.99991584,1
170298,1,1,1.0,1
170299,0,0,0.15610489,1
170300,1,1,0.99999905,1
170301,1,0,0.0570714,0
170302,1,1,0.9980696,1
170303,0,0,0.021409774,1
170304,0,0,0.083965465,1
170305,0,1,0.99858415,0
170306,1,1,0.9990545,1
170307,1,1,0.99999774,1
170308,0,0,0.2594502,1
170309,0,0,0.17490298,1
170310,1,1,0.57254356,1
170311,0,0,0.34908882,1
170312,1,1,0.94825053,1
170313,0,1,0.72316283,0
170314,1,1,0.54788744,1
170315,1,1,0.9935369,1
170316,1,1,0.648188,1
170317,0,1,0.82615143,0
170318,0,0,0.30689043,1
170319,1,1,0.43269256,1
170320,1,1,0.44492647,1
170321,1,1,0.99949956,1
170322,1,1,1.0,1
170323,0,0,0.30167052,1
170324,1,1,0.99999,1
170325,1,1,0.7254056,1
170326,1,1,0.9999982,1
170327,1,0,0.104294725,0
170328,1,1,1.0,1
170329,0,0,0.25155574,1
170330,0,1,0.9420286,0
170331,0,0,0.21239536,1
170332,1,1,0.79755676,1
170333,0,0,0.058776554,1
170334,0,0,0.13111758,1
170335,0,1,0.90934503,0
170336,0,0,0.2949252,1
170337,1,1,0.633807,1
170338,0,1,0.59649193,0
170339,1,1,0.9999987,1
170340,1,1,0.99999654,1
170341,1,1,0.99963236,1
170342,1,0,0.0118005965,0
170343,1,1,0.9999999,1
170344,1,1,0.98282325,1
170345,1,1,0.9997069,1
170346,1,1,0.9999249,1
170347,1,0,0.18119074,0
170348,1,1,0.9260366,1
170349,0,1,0.56553864,0
170350,0,0,0.10493506,1
170351,1,1,0.80286485,1
170352,1,1,0.99999726,1
170353,1,1,0.8016254,1
170354,1,1,1.0,1
170355,0,0,0.21255875,1
170356,0,1,0.9664738,0
170357,0,0,0.009615036,1
170358,1,1,0.9313377,1
170359,0,1,0.9877823,0
170360,1,1,0.85158294,1
170361,1,0,0.28861922,0
170362,0,0,0.12689333,1
170363,1,0,0.05926467,0
170364,0,1,0.9432954,0
170365,1,1,0.9820999,1
170366,0,0,0.15297888,1
170367,1,1,0.85415626,1
170368,0,0,0.05500529,1
170369,0,0,0.012821213,1
170370,0,1,0.84733725,0
170371,0,0,0.06947859,1
170372,1,1,1.0,1
170373,0,1,0.7966091,0
170374,1,1,1.0,1
170375,1,1,1.0,1
170376,1,1,0.9998141,1
170377,1,0,0.0071629784,0
170378,1,1,0.9986033,1
170379,0,1,0.73573655,0
170380,0,1,0.9898303,0
170381,0,1,0.9961606,0
170382,0,0,0.10511863,1
170383,0,1,0.9258357,0
170384,0,1,1.0,0
170385,1,0,0.10866097,0
170386,0,1,0.9375548,0
170387,1,1,0.8671483,1
170388,0,1,0.9999578,0
170389,0,1,0.6793383,0
170390,0,1,0.99943966,0
170391,0,0,0.032713126,1
170392,1,0,0.019179069,0
170393,0,0,0.10230471,1
170394,1,1,0.44070995,1
170395,1,1,0.9999999,1
170396,0,1,0.7647159,0
170397,1,1,1.0,1
170398,0,0,0.045862667,1
170399,0,0,0.13223416,1
170400,1,1,0.9999778,1
170401,1,1,0.9885583,1
170402,0,1,0.5191557,0
170403,0,1,0.99999416,0
170404,1,1,0.9999994,1
170405,1,1,0.99967945,1
170406,0,1,0.90747637,0
170407,0,0,0.08050193,1
170408,1,1,0.9092645,1
170409,1,0,0.070880495,0
170410,0,0,0.032589745,1
170411,1,1,1.0,1
170412,0,1,0.8000679,0
170413,0,0,0.13234626,1
170414,0,1,0.49511734,0
170415,1,1,0.5162906,1
170416,1,1,0.6418153,1
170417,0,1,0.46836504,0
170418,0,1,0.9861514,0
170419,1,1,0.908699,1
170420,1,1,1.0,1
170421,0,1,0.99999475,0
170422,0,0,0.09903369,1
170423,1,0,0.26759952,0
170424,0,0,0.31032848,1
170425,0,1,0.8042522,0
170426,0,1,0.6848439,0
170427,0,0,0.0126982,1
170428,1,1,0.9986223,1
170429,0,1,1.0,0
170430,1,1,0.99980134,1
170431,1,0,0.11666332,0
170432,1,1,0.99999404,1
170433,1,1,1.0,1
170434,0,1,0.9902351,0
170435,0,1,0.9774785,0
170436,1,1,0.9756467,1
170437,0,0,0.25636628,1
170438,0,1,0.9982212,0
170439,0,1,0.81815636,0
170440,0,0,0.27659285,1
170441,1,1,0.9996977,1
170442,1,1,0.9994128,1
170443,0,0,0.01317195,1
170444,1,1,1.0,1
170445,0,1,0.8129416,0
170446,0,0,0.32831407,1
170447,0,0,0.027169233,1
170448,1,1,0.9995461,1
170449,1,1,0.9823047,1
170450,1,1,0.971779,1
170451,1,1,1.0,1
170452,1,0,0.26846167,0
170453,1,1,0.5774954,1
170454,0,0,0.2486254,1
170455,1,1,0.9999974,1
170456,0,0,0.071396716,1
170457,0,0,0.102484226,1
170458,0,1,0.51391244,0
170459,0,0,0.1368966,1
170460,1,1,0.99983776,1
170461,0,1,0.9114165,0
170462,0,0,0.032466814,1
170463,0,1,0.9835022,0
170464,0,0,0.3165277,1
170465,1,0,0.078571655,0
170466,0,1,0.96753323,0
170467,0,1,0.9893885,0
170468,1,1,0.99999535,1
170469,1,1,0.573141,1
170470,1,1,0.583144,1
170471,0,1,0.65273964,0
170472,1,1,1.0,1
170473,1,1,0.9999944,1
170474,1,0,0.13307686,0
170475,1,1,1.0,1
170476,1,0,0.001734208,0
170477,1,1,0.9806178,1
170478,1,1,0.99953353,1
170479,1,0,0.07011259,0
170480,0,0,0.13793841,1
170481,1,1,1.0,1
170482,0,0,0.034880888,1
170483,1,0,0.15342228,0
170484,1,1,0.9900828,1
170485,0,1,0.99998856,0
170486,1,1,0.88463855,1
170487,1,1,0.39899176,1
170488,0,1,0.99704784,0
170489,1,1,0.6965263,1
170490,0,1,0.85536855,0
170491,1,0,0.23581159,0
170492,1,0,0.0077255345,0
170493,1,1,0.6522968,1
170494,0,1,0.97997653,0
170495,1,1,0.9999981,1
170496,1,0,0.0768222,0
170497,1,1,0.99824536,1
170498,1,0,0.13672362,0
170499,1,1,0.9999926,1
170500,0,0,0.19095021,1
170501,1,1,0.7783125,1
170502,1,1,0.99936634,1
170503,0,0,0.08277145,1
170504,0,0,0.020351816,1
170505,1,0,0.23361893,0
170506,1,1,1.0,1
170507,1,0,0.13788034,0
170508,1,1,0.99960107,1
170509,0,1,0.99999726,0
170510,0,1,0.7787335,0
170511,0,1,0.3740473,0
170512,0,1,0.9973008,0
170513,0,1,0.99903405,0
170514,1,0,0.005458661,0
170515,0,0,0.122575715,1
170516,0,0,0.025613915,1
170517,1,1,0.9999999,1
170518,1,0,0.1488496,0
170519,1,0,0.17113045,0
170520,0,1,0.9769568,0
170521,0,1,0.41789493,0
170522,1,1,0.9991524,1
170523,0,1,0.99997115,0
170524,0,1,0.92121595,0
170525,1,0,0.16878845,0
170526,1,0,0.1480472,0
170527,1,0,0.019014433,0
170528,1,1,0.99999964,1
170529,1,1,0.9999907,1
170530,1,1,0.83548355,1
170531,1,0,0.3475371,0
170532,0,1,0.9973008,0
170533,1,1,0.9583042,1
170534,1,1,0.9986827,1
170535,0,1,0.36116472,0
170536,0,1,0.98190993,0
170537,1,1,0.9999114,1
170538,0,0,0.098079324,1
170539,1,0,0.16579561,0
170540,1,0,0.22789864,0
170541,1,1,0.92683524,1
170542,1,1,0.9987576,1
170543,1,1,0.9999107,1
170544,0,0,0.12241826,1
170545,0,1,0.9991391,0
170546,0,0,0.19721243,1
170547,0,1,0.9999999,0
170548,0,1,0.9552357,0
170549,0,1,0.9780727,0
170550,0,1,0.9999827,0
170551,1,1,0.9999374,1
170552,1,1,0.6046324,1
170553,1,0,0.018422542,0
170554,0,1,0.353484,0
170555,0,0,0.052814018,1
170556,1,0,0.20220678,0
170557,1,1,0.99999857,1
170558,1,1,1.0,1
170559,0,0,0.05937366,1
170560,0,0,0.14187485,1
170561,0,1,0.99871314,0
170562,1,1,0.99999845,1
170563,1,1,0.95911604,1
170564,0,1,0.98672616,0
170565,0,1,0.7358315,0
170566,0,1,0.9801293,0
170567,1,0,0.06779314,0
170568,0,1,0.8238959,0
170569,0,0,0.26227456,1
170570,1,1,0.99971205,1
170571,1,1,0.9969246,1
170572,0,0,0.10447732,1
170573,0,1,0.8547634,0
170574,1,1,0.9881765,1
170575,1,1,0.99999964,1
170576,1,1,0.7611836,1
170577,1,1,1.0,1
170578,1,1,0.79645085,1
170579,1,0,0.27425417,0
170580,1,1,0.9959771,1
170581,0,0,0.053849373,1
170582,1,1,0.9980354,1
170583,0,1,0.99381906,0
170584,0,0,0.11666332,1
170585,0,1,0.96458924,0
170586,0,1,0.4138028,0
170587,0,0,0.016737208,1
170588,1,0,0.123365626,0
170589,1,1,0.98959166,1
170590,1,1,0.99956685,1
170591,1,1,0.55603796,1
170592,1,1,0.9999969,1
170593,0,1,0.9957104,0
170594,1,1,0.9999931,1
170595,0,0,0.11696559,1
170596,0,0,0.21255875,1
170597,0,0,0.21125406,1
170598,0,1,0.5782696,0
170599,1,1,0.9737197,1
170600,1,1,0.99999297,1
170601,0,0,0.21825255,1
170602,0,0,0.08525123,1
170603,0,0,0.14755519,1
170604,1,1,0.9353465,1
170605,1,1,1.0,1
170606,0,0,0.03317983,1
170607,1,1,0.97673583,1
170608,0,0,0.011984204,1
170609,1,1,0.99999845,1
170610,0,1,0.9999027,0
170611,1,0,0.06730107,0
170612,1,0,0.21044159,0
170613,0,1,0.98096734,0
170614,1,0,0.13398075,0
170615,0,1,0.48450205,0
170616,1,1,0.88263035,1
170617,0,0,0.32885265,1
170618,0,0,0.15259965,1
170619,1,0,0.009485712,0
170620,1,1,0.91046584,1
170621,0,1,0.7033967,0
170622,0,0,0.30574915,1
170623,1,1,0.6409168,1
170624,0,1,0.99998033,0
170625,0,1,0.99978596,0
170626,1,1,0.6909241,1
170627,1,1,0.9999999,1
170628,0,0,0.10530251,1
170629,1,1,0.9159594,1
170630,1,1,0.99999547,1
170631,0,0,0.17189364,1
170632,0,1,0.9995851,0
170633,1,1,1.0,1
170634,1,1,0.99995697,1
170635,0,1,0.3607705,0
170636,0,1,0.35136667,0
170637,1,0,0.011072159,0
170638,1,1,0.5559175,1
170639,1,0,0.2877178,0
170640,1,1,0.9999999,1
170641,0,1,0.9993625,0
170642,0,1,0.99758923,0
170643,1,1,1.0,1
170644,1,1,0.90934503,1
170645,0,1,0.9630572,0
170646,1,1,0.9599126,1
170647,0,1,0.96062064,0
170648,0,0,0.0056528766,1
170649,0,0,0.10347653,1
170650,1,1,1.0,1
170651,0,0,0.012895588,1
170652,0,0,0.14712578,1
170653,0,1,0.78274554,0
170654,0,0,0.03216145,1
170655,1,1,0.3629127,1
170656,1,1,0.9999999,1
170657,0,1,0.3955719,0
170658,0,1,0.9992592,0
170659,0,1,0.54274213,0
170660,0,1,0.5601925,0
170661,1,1,0.99999356,1
170662,0,0,0.13614833,1
170663,0,0,0.04276215,1
170664,1,1,1.0,1
170665,1,0,0.27654397,0
170666,1,0,0.019215846,0
170667,0,0,0.054298937,1
170668,1,1,0.5444381,1
170669,0,0,0.10475175,1
170670,1,1,1.0,1
170671,0,1,0.9999974,0
170672,1,0,0.06233104,0
170673,1,1,0.5759458,1
170674,0,0,0.18484107,1
170675,0,0,0.08479541,1
170676,1,1,0.9985392,1
170677,0,0,0.27192786,1
170678,0,1,0.98768765,0
170679,0,1,0.999982,0
170680,0,0,0.19852991,1
170681,1,1,0.9998697,1
170682,1,0,0.04560694,0
170683,0,0,0.13741668,1
170684,0,0,0.26654816,1
170685,1,1,0.9984841,1
170686,0,0,0.030502051,1
170687,1,1,0.9955662,1
170688,0,0,0.15687834,1
170689,0,0,0.07152632,1
170690,0,0,0.15902139,1
170691,0,1,0.4023334,0
170692,0,1,0.99996924,0
170693,1,1,1.0,1
170694,0,1,0.96095175,0
170695,0,0,0.049267832,1
170696,1,1,0.9999994,1
170697,1,1,0.82190347,1
170698,1,1,0.98638946,1
170699,0,1,0.99705935,0
170700,0,0,0.25192368,1
170701,1,1,0.9995408,1
170702,1,1,0.99984026,1
170703,1,1,0.99999845,1
170704,1,0,0.11201595,0
170705,0,1,0.7916601,0
170706,1,0,0.02118586,0
170707,1,1,0.9973061,1
170708,0,1,0.521593,0
170709,1,1,1.0,1
170710,1,1,0.98096734,1
170711,0,1,0.9683214,0
170712,1,1,1.0,1
170713,0,0,0.031055551,1
170714,0,1,0.6520753,0
170715,0,0,0.20181322,1
170716,0,0,0.09509706,1
170717,1,1,1.0,1
170718,1,1,0.9999999,1
170719,0,0,0.02344229,1
170720,1,1,1.0,1
170721,0,0,0.028140754,1
170722,1,1,0.9999976,1
170723,1,1,0.9999888,1
170724,1,1,0.6007155,1
170725,1,1,0.99982053,1
170726,1,1,0.42184952,1
170727,1,1,0.99999845,1
170728,1,1,0.7372528,1
170729,0,0,0.28716773,1
170730,1,1,0.3684909,1
170731,0,1,0.999539,0
170732,1,1,0.9997677,1
170733,0,0,0.01678549,1
170734,1,0,0.012503792,0
170735,0,0,0.30559373,1
170736,0,1,0.9610615,0
170737,0,0,0.08586245,1
170738,0,1,0.54140884,0
170739,1,1,0.99999416,1
170740,1,0,0.3304712,0
170741,1,1,0.53497696,1
170742,1,1,0.9999094,1
170743,0,1,0.39105704,0
170744,1,0,0.17036992,0
170745,1,1,0.9999974,1
170746,1,1,0.9987649,1
170747,1,1,1.0,1
170748,1,1,0.9999981,1
170749,0,0,0.21783629,1
170750,1,1,0.9957848,1
170751,1,0,0.11486404,0
170752,0,1,0.6503007,0
170753,0,0,0.07376295,1
170754,0,0,0.2894721,1
170755,1,1,0.9997942,1
170756,0,0,0.039231926,1
170757,1,1,0.89048487,1
170758,0,0,0.04344689,1
170759,1,0,0.01533582,0
170760,0,0,0.040999033,1
170761,1,1,0.9997305,1
170762,0,1,0.5276208,0
170763,0,1,0.94796216,0
170764,1,1,0.8646537,1
170765,1,0,0.056652427,0
170766,0,0,0.15765488,1
170767,1,0,0.2962469,0
170768,1,0,0.06388999,0
170769,1,1,1.0,1
170770,1,1,1.0,1
170771,1,1,1.0,1
170772,1,1,1.0,1
170773,1,1,1.0,1
170774,1,0,0.009268014,0
170775,1,0,0.22695492,0
170776,0,1,0.9745077,0
170777,0,0,0.048047364,1
170778,0,0,0.026380423,1
170779,0,0,0.09790669,1
170780,1,1,1.0,1
170781,0,1,0.9998273,0
170782,1,1,1.0,1
170783,1,1,0.9941233,1
170784,0,0,0.025083143,1
170785,1,1,1.0,1
170786,0,1,0.9459513,0
170787,1,1,0.9992549,1
170788,1,0,0.1309508,0
170789,1,0,0.30167052,0
170790,1,1,0.99837387,1
170791,0,1,0.99998784,0
170792,0,0,0.13546064,1
170793,0,0,0.13061775,1
170794,0,1,0.99657035,0
170795,0,0,0.01750956,1
170796,1,1,0.99933976,1
170797,1,1,1.0,1
170798,0,0,0.12326005,1
170799,1,0,0.28886992,0
170800,1,1,0.99999976,1
170801,1,1,0.9889492,1
170802,0,0,0.011136501,1
170803,0,0,0.21345916,1
170804,1,1,0.8881781,1
170805,0,1,0.9964551,0
170806,0,1,0.9846347,0
170807,1,1,0.99993956,1
170808,1,1,0.9997594,1
170809,1,1,0.9999944,1
170810,1,1,0.9996057,1
170811,0,0,0.0129954135,1
170812,0,1,0.7223312,0
170813,1,1,0.9835338,1
170814,1,1,0.63414687,1
170815,0,1,0.62755185,0
170816,1,1,0.99999774,1
170817,1,1,1.0,1
170818,0,1,0.96912026,0
170819,0,1,0.88393915,0
170820,1,1,0.9558166,1
170821,1,1,0.9864938,1
170822,1,1,0.44028875,1
170823,1,1,0.9931096,1
170824,1,0,0.09081609,0
170825,1,1,0.9993773,1
170826,0,0,0.2877178,1
170827,1,1,0.90414387,1
170828,0,1,0.9999703,0
170829,0,1,0.6732454,0
170830,1,1,1.0,1
170831,1,1,0.7091702,1
170832,0,1,0.5974905,0
170833,0,0,0.15456733,1
170834,1,1,0.99996006,1
170835,1,1,0.9999999,1
170836,0,0,0.05948283,1
170837,1,1,0.9284088,1
170838,1,1,1.0,1
170839,1,1,1.0,1
170840,1,1,0.7982654,1
170841,1,1,1.0,1
170842,0,1,0.95159405,0
170843,1,1,0.999998,1
170844,0,1,0.36020768,0
170845,0,1,0.46872982,0
170846,1,1,0.93257624,1
170847,0,0,0.26369417,1
170848,0,1,0.71118027,0
170849,1,1,0.99993896,1
170850,0,1,0.73885757,0
170851,1,0,0.23801847,0
170852,1,0,0.04668148,0
170853,1,1,0.9861514,1
170854,1,1,0.9081302,1
170855,1,1,0.8733229,1
170856,0,1,0.44384143,0
170857,1,1,0.99999964,1
170858,1,1,1.0,1
170859,1,0,0.2564594,0
170860,1,1,1.0,1
170861,0,0,0.01549888,1
170862,1,1,0.9919848,1
170863,1,1,0.6254953,1
170864,0,0,0.064653486,1
170865,1,1,1.0,1
170866,1,0,0.01374232,0
170867,1,1,0.9999988,1
170868,1,1,0.49993896,1
170869,1,1,0.87674,1
170870,1,1,0.9726495,1
170871,1,1,0.97865146,1
170872,1,1,0.999332,1
170873,1,1,0.9962999,1
170874,1,1,1.0,1
170875,1,1,0.9999367,1
170876,0,1,0.9622143,0
170877,1,1,0.5789839,1
170878,0,0,0.03722176,1
170879,0,0,0.27708158,1
170880,1,1,0.9711565,1
170881,0,1,0.99794525,0
170882,1,0,0.03659692,0
170883,0,0,0.025516601,1
170884,1,1,1.0,1
170885,0,1,0.9997731,0
170886,1,1,0.9640178,1
170887,0,1,0.99999845,0
170888,0,1,0.9802997,0
170889,1,1,1.0,1
170890,1,1,0.8583628,1
170891,1,1,0.9999869,1
170892,1,1,0.80685264,1
170893,1,1,0.89209336,1
170894,0,1,0.66077465,0
170895,0,1,0.92879725,0
170896,1,1,0.9987232,1
170897,1,0,0.34449854,0
170898,1,1,0.77295935,1
170899,1,0,0.070880495,0
170900,1,1,0.9998332,1
170901,0,0,0.02265081,1
170902,0,1,0.9991672,0
170903,0,0,0.20817894,1
170904,1,1,0.99979657,1
170905,1,1,0.929951,1
170906,0,0,0.11348131,1
170907,0,1,0.649523,0
170908,1,0,0.074567616,0
170909,0,1,0.6519645,0
170910,1,1,0.9996222,1
170911,1,1,0.9976949,1
170912,0,1,0.7787335,0
170913,1,1,0.9999999,1
170914,1,0,0.22185604,0
170915,0,1,0.9999963,0
170916,1,0,0.20110625,0
170917,1,0,0.14798562,0
170918,1,1,0.99844813,1
170919,1,1,0.5209838,1
170920,0,0,0.13449147,1
170921,0,0,0.11250255,1
170922,0,0,0.25450897,1
170923,0,0,0.02945148,1
170924,1,1,0.7601169,1
170925,1,1,0.7713272,1
170926,0,0,0.002631674,1
170927,0,1,0.99990535,0
170928,0,1,0.38047117,0
170929,0,0,0.07793769,1
170930,1,1,1.0,1
170931,0,0,0.006217078,1
170932,1,1,0.9986356,1
170933,1,1,0.42996782,1
170934,0,0,0.045819946,1
170935,1,1,0.9992679,1
170936,1,1,0.99961334,1
170937,1,1,0.9999168,1
170938,0,1,0.83615357,0
170939,0,0,0.039638843,1
170940,0,1,0.38627136,0
170941,0,0,0.012576347,1
170942,0,1,0.8590736,0
170943,0,1,0.9989857,0
170944,0,0,0.051319942,1
170945,0,1,0.7874412,0
170946,1,1,0.9997695,1
170947,1,1,0.9984145,1
170948,0,0,0.07100922,1
170949,1,0,0.14080818,0
170950,1,0,0.10715685,0
170951,1,1,0.5641585,1
170952,0,1,0.5261602,0
170953,1,1,0.99584997,1
170954,1,1,1.0,1
170955,0,1,1.0,0
170956,1,1,0.7553664,1
170957,1,1,0.9999999,1
170958,1,1,0.999997,1
170959,0,0,0.01569379,1
170960,1,1,1.0,1
170961,1,0,0.31784958,0
170962,0,0,0.26114246,1
170963,0,0,0.0037874577,1
170964,1,1,0.8886622,1
170965,1,1,1.0,1
170966,1,1,1.0,1
170967,0,0,0.02184368,1
170968,0,1,0.7600278,0
170969,1,1,0.98965186,1
170970,1,1,0.9993424,1
170971,1,1,1.0,1
170972,0,0,0.030043371,1
170973,0,1,0.5676969,0
170974,1,1,0.9999999,1
170975,1,0,0.25673878,0
170976,0,1,0.9945095,0
170977,0,0,0.056392044,1
170978,0,0,0.21925393,1
170979,0,0,0.020744892,1
170980,1,1,0.9737197,1
170981,0,1,0.4262619,0
170982,1,1,0.97917557,1
170983,1,1,0.9997826,1
170984,0,0,0.071202725,1
170985,0,1,0.45226377,0
170986,0,0,0.046421416,1
170987,0,1,0.37016848,0
170988,1,1,0.9739189,1
170989,0,0,0.17981844,1
170990,1,1,0.8562122,1
170991,1,1,1.0,1
170992,0,0,0.19946387,1
170993,0,0,0.029788304,1
170994,0,0,0.022868007,1
170995,1,1,1.0,1
170996,1,0,0.0140907345,0
170997,1,1,1.0,1
170998,0,0,0.08419108,1
170999,0,1,0.44815454,0
171000,0,1,0.9449947,0
171001,1,0,0.08678673,0
171002,1,0,0.30089962,0
171003,1,1,0.99998903,1
171004,0,0,0.013795365,1
171005,1,1,0.94433105,1
171006,0,1,0.4098702,0
171007,0,1,0.95976204,0
171008,1,0,0.035012625,0
171009,0,0,0.09687654,1
171010,1,0,0.16844618,0
171011,0,1,0.98481095,0
171012,0,1,0.5256732,0
171013,0,0,0.009358114,1
171014,0,1,0.9999937,0
171015,1,1,0.9999862,1
171016,1,1,0.93868846,1
171017,1,1,0.9851003,1
171018,1,1,0.8224745,1
171019,0,1,0.9999999,0
171020,1,1,0.35739928,1
171021,1,0,0.016482,0
171022,1,1,1.0,1
171023,1,0,0.10511863,0
171024,0,0,0.3172676,1
171025,1,1,1.0,1
171026,0,1,0.37284765,0
171027,0,1,0.9975274,0
171028,1,1,0.3665897,1
171029,0,1,0.8664719,0
171030,1,0,0.0028839589,0
171031,1,0,0.050004896,0
171032,1,1,1.0,1
171033,1,1,0.999539,1
171034,0,0,0.04813677,1
171035,1,1,1.0,1
171036,0,1,0.64159083,0
171037,0,1,0.9842306,0
171038,0,0,0.110663235,1
171039,1,1,1.0,1
171040,0,0,0.19659473,1
171041,0,0,0.15636237,1
171042,1,1,0.99997246,1
171043,1,1,0.7710687,1
171044,1,1,0.99999344,1
171045,0,0,0.00050137425,1
171046,0,0,0.34737104,1
171047,1,1,0.62377805,1
171048,1,1,0.9999927,1
171049,0,1,0.99784684,0
171050,0,0,0.121320926,1
171051,1,1,1.0,1
171052,0,1,0.81946033,0
171053,1,1,1.0,1
171054,0,0,0.063540444,1
171055,1,1,0.96888566,1
171056,0,0,0.095518075,1
171057,1,1,0.9999976,1
171058,1,1,1.0,1
171059,1,1,0.9999999,1
171060,1,1,0.8103289,1
171061,1,0,0.022053316,0
171062,1,1,0.9995851,1
171063,1,1,0.44770175,1
171064,0,0,0.080213256,1
171065,0,0,0.21044159,1
171066,1,1,0.98672616,1
171067,1,1,0.91655886,1
171068,1,0,0.117217995,0
171069,0,0,0.02859836,1
171070,0,0,0.032436155,1
171071,1,1,0.9999087,1
171072,0,0,0.050564528,1
171073,1,1,0.9999713,1
171074,0,0,0.00012681478,1
171075,1,1,0.9167081,1
171076,0,0,0.109324835,1
171077,0,0,0.07276838,1
171078,1,1,0.96958447,1
171079,0,0,0.29660332,1
171080,1,0,0.044847906,0
171081,0,0,0.17078443,1
171082,0,0,0.05948283,1
171083,1,0,0.018653521,0
171084,1,1,0.70441437,1
171085,1,0,0.06941548,0
171086,1,1,0.99952435,1
171087,0,1,0.8472108,0
171088,0,0,0.25870037,1
171089,0,0,0.22867283,1
171090,1,1,0.98846966,1
171091,1,0,0.11556087,0
171092,1,1,0.97673583,1
171093,0,0,0.010570489,1
171094,1,1,0.7589575,1
171095,0,0,0.083142914,1
171096,0,0,0.2305731,1
171097,1,0,0.046421416,0
171098,0,0,0.048767094,1
171099,1,0,0.17603327,0
171100,1,0,0.07864238,0
171101,1,1,0.96408546,1
171102,0,1,0.9999187,0
171103,0,1,0.7981081,0
171104,1,1,1.0,1
171105,1,1,0.9759694,1
171106,1,0,0.14086723,0
171107,0,0,0.035779487,1
171108,1,0,0.012288597,0
171109,0,0,0.024191484,1
171110,1,1,0.5856937,1
171111,1,1,0.99998856,1
171112,1,1,0.76951355,1
171113,0,0,0.18206167,1
171114,0,1,0.9993869,0
171115,1,1,1.0,1
171116,0,0,0.10493506,1
171117,0,0,0.09833879,1
171118,1,1,0.49423245,1
171119,0,1,0.6651387,0
171120,1,1,1.0,1
171121,0,1,0.84273374,0
171122,0,0,0.072177574,1
171123,0,0,0.069226466,1
171124,1,1,0.9999981,1
171125,1,0,0.020332353,0
171126,1,1,0.9999993,1
171127,1,1,0.99999833,1
171128,1,1,0.75984967,1
171129,1,1,1.0,1
171130,0,1,0.9891187,0
171131,0,0,0.07675298,1
171132,1,1,0.8782099,1
171133,1,1,0.9964064,1
171134,1,1,0.5718264,1
171135,1,0,0.14187485,0
171136,0,0,0.17781086,1
171137,1,1,0.9999999,1
171138,0,1,0.9999517,0
171139,0,1,0.9999666,0
171140,1,1,0.4364119,1
171141,1,1,0.9700135,1
171142,0,1,1.0,0
171143,0,1,0.96768624,0
171144,1,1,0.9998845,1
171145,0,0,0.030704854,1
171146,0,1,0.64057964,0
171147,1,1,0.7192358,1
171148,0,0,0.13828714,1
171149,1,1,0.9999976,1
171150,0,0,0.27503234,1
171151,0,1,0.51903373,0
171152,1,0,0.20963144,0
171153,0,0,0.019927852,1
171154,1,1,0.9999982,1
171155,1,0,0.07992553,0
171156,1,1,0.99999976,1
171157,0,0,0.047958106,1
171158,1,1,0.9999764,1
171159,1,1,0.93611,1
171160,0,0,0.09426001,1
171161,1,1,0.9700419,1
171162,1,1,0.9998752,1
171163,1,1,0.99999166,1
171164,1,1,1.0,1
171165,1,1,0.99974185,1
171166,0,1,0.65517056,0
171167,1,1,0.99983263,1
171168,0,0,0.08262328,1
171169,0,1,0.9999945,0
171170,0,0,0.15084006,1
171171,0,0,0.004573864,1
171172,1,0,0.13730095,0
171173,1,1,0.9901972,1
171174,1,0,0.08419108,0
171175,0,0,0.033431362,1
171176,0,1,0.53758764,0
171177,0,0,0.16572809,1
171178,0,1,0.9614615,0
171179,1,1,1.0,1
171180,0,0,0.19406216,1
171181,0,0,0.24644268,1
171182,1,0,0.1464531,0
171183,1,1,0.9993893,1
171184,0,1,0.99271095,0
171185,1,1,0.99999845,1
171186,0,1,1.0,0
171187,0,1,0.99862766,0
171188,1,1,0.9999999,1
171189,0,1,0.9518184,0
171190,1,1,1.0,1
171191,1,1,0.99997747,1
171192,1,1,0.99999905,1
171193,0,1,0.4810272,0
171194,1,1,1.0,1
171195,1,1,0.6733528,1
171196,1,0,0.057334732,0
171197,1,0,0.0962801,0
171198,1,0,0.3233801,0
171199,0,1,0.99792516,0
171200,1,1,0.9996898,1
171201,0,1,0.99993265,0
171202,0,0,0.090092994,1
171203,1,1,0.95880854,1
171204,1,1,0.9280184,1
171205,0,0,0.15354916,1
171206,0,1,0.95938325,0
171207,0,1,0.7550053,0
171208,0,0,0.2805178,1
171209,0,0,0.1501534,1
171210,0,1,1.0,0
171211,0,1,0.8110782,0
171212,1,1,0.9995584,1
171213,1,1,0.5795789,1
171214,1,0,0.04196977,0
171215,0,1,0.5152541,0
171216,0,0,0.0011181936,1
171217,0,0,0.0703677,1
171218,1,1,0.87652874,1
171219,0,1,0.99979097,0
171220,1,1,0.99995637,1
171221,0,1,0.7266681,0
171222,0,1,0.97790456,0
171223,0,0,0.19238758,1
171224,0,1,0.999985,0
171225,1,1,0.9977437,1
171226,1,1,0.9992417,1
171227,0,1,0.37359008,0
171228,1,1,0.99990726,1
171229,0,0,0.1322902,1
171230,0,0,0.06233104,1
171231,1,1,0.5367986,1
171232,0,1,0.95759624,0
171233,1,1,0.9992792,1
171234,1,1,0.9911527,1
171235,1,1,1.0,1
171236,0,1,0.6279512,0
171237,1,1,0.9999939,1
171238,0,1,0.5622966,0
171239,1,1,0.99990165,1
171240,1,0,0.03803509,0
171241,0,1,0.9912378,0
171242,0,0,0.086246476,1
171243,0,1,0.998345,0
171244,1,1,0.9846347,1
171245,1,1,0.6149144,1
171246,1,0,0.31278965,0
171247,1,1,0.99996257,1
171248,1,0,0.02176037,0
171249,1,1,0.972336,1
171250,1,1,0.9673795,1
171251,1,1,0.9749884,1
171252,0,0,0.032589745,1
171253,0,0,0.094594024,1
171254,0,0,0.09033343,1
171255,1,1,0.9882676,1
171256,1,1,0.60807055,1
171257,1,1,1.0,1
171258,1,1,0.9449439,1
171259,0,0,0.05770532,1
171260,0,1,1.0,0
171261,1,1,1.0,1
171262,0,0,0.0023051254,1
171263,1,1,0.74521303,1
171264,1,1,0.9997843,1
171265,1,1,1.0,1
171266,0,1,0.9998198,0
171267,1,0,0.09696201,0
171268,1,1,0.5711687,1
171269,1,1,1.0,1
171270,1,0,0.083142914,0
171271,1,1,0.99952805,1
171272,1,1,1.0,1
171273,1,1,0.99998856,1
171274,0,0,0.020626193,1
171275,0,0,0.04084572,1
171276,1,1,0.909907,1
171277,0,1,0.9972531,0
171278,1,1,0.9861247,1
171279,1,1,1.0,1
171280,0,0,0.22918998,1
171281,1,0,0.2973169,0
171282,1,1,0.9987816,1
171283,0,1,0.9999999,0
171284,0,0,0.30621576,1
171285,0,0,0.1908748,1
171286,0,0,0.07113817,1
171287,1,1,0.99986446,1
171288,1,1,0.9998134,1
171289,1,0,0.18491466,0
171290,1,0,0.12152928,0
171291,0,0,0.104294725,1
171292,1,1,0.99999857,1
171293,0,1,0.6141626,0
171294,0,1,0.77990913,0
171295,1,1,0.9999782,1
171296,1,1,0.9983802,1
171297,1,0,0.093760945,0
171298,0,0,0.08336651,1
171299,0,0,0.04863137,1
171300,0,0,0.13184245,1
171301,1,0,0.29813364,0
171302,0,1,0.70247906,0
171303,1,0,0.014985891,0
171304,0,0,0.03012886,1
171305,1,1,0.99999547,1
171306,1,1,0.9114165,1
171307,0,0,0.26114246,1
171308,1,1,0.7139804,1
171309,1,1,0.9999994,1
171310,1,1,0.99999964,1
171311,1,0,0.274789,0
171312,1,1,0.99975556,1
171313,0,0,0.09947022,1
171314,0,0,0.09947022,1
171315,1,1,0.9379537,1
171316,1,1,0.7361161,1
171317,0,1,0.37559196,0
171318,0,0,0.19961987,1
171319,1,1,0.9998148,1
171320,1,1,0.9322685,1
171321,0,1,0.99740905,0
171322,0,0,0.15291561,1
171323,1,1,1.0,1
171324,1,1,0.9993242,1
171325,1,0,0.20737517,0
171326,1,1,1.0,1
171327,1,1,1.0,1
171328,0,1,0.99709344,0
171329,0,1,0.57391727,0
171330,1,1,0.8492224,1
171331,1,1,0.8729984,1
171332,1,1,0.9999665,1
171333,1,0,0.15928277,0
171334,1,0,0.07204689,0
171335,1,0,0.2757144,0
171336,0,0,0.22962157,1
171337,1,1,0.726959,1
171338,1,1,0.51141155,1
171339,0,0,0.026683092,1
171340,1,1,1.0,1
171341,1,1,0.9988949,1
171342,0,1,0.4614718,0
171343,1,1,0.99999833,1
171344,0,1,0.99999714,0
171345,1,1,0.9988949,1
171346,0,1,0.9768024,0
171347,1,1,0.35292625,1
171348,0,0,0.01925269,1
171349,1,1,1.0,1
171350,0,0,0.27532452,1
171351,0,0,0.111434445,1
171352,1,1,1.0,1
171353,1,0,0.05266766,0
171354,1,1,0.99996805,1
171355,0,0,0.089136936,1
171356,1,1,0.99992776,1
171357,1,1,0.6128312,1
171358,0,1,0.4640514,0
171359,0,0,0.1552705,1
171360,0,1,0.9919224,0
171361,0,0,0.25128007,1
171362,1,1,1.0,1
171363,1,1,0.36375988,1
171364,0,0,0.035144847,1
171365,1,1,0.9929472,1
171366,0,0,0.14872593,1
171367,0,1,0.9796482,0
171368,0,1,0.9376119,0
171369,0,1,0.9967269,0
171370,0,0,0.1621809,1
171371,1,1,1.0,1
171372,0,1,0.9999999,0
171373,1,1,0.98272413,1
171374,0,1,1.0,0
171375,0,0,0.09730459,1
171376,0,1,0.602354,0
171377,1,1,0.9983386,1
171378,1,1,0.9999999,1
171379,1,1,0.7776378,1
171380,1,1,0.99999416,1
171381,1,1,0.5170832,1
171382,1,1,0.8334602,1
171383,1,1,0.9980392,1
171384,0,1,0.7273465,0
171385,0,1,0.9987356,0
171386,1,1,0.9999999,1
171387,1,0,0.21783629,0
171388,1,0,0.31837916,0
171389,1,1,1.0,1
171390,0,0,0.30316418,1
171391,0,0,0.16518871,1
171392,1,1,1.0,1
171393,1,1,0.96768624,1
171394,0,0,0.15437602,1
171395,0,0,0.047249712,1
171396,0,0,0.31362996,1
171397,1,1,0.5446803,1
171398,0,1,0.69966495,0
171399,1,0,0.13840355,0
171400,1,0,0.21692254,0
171401,1,0,0.18616903,0
171402,1,1,0.99724776,1
171403,0,0,0.046638034,1
171404,0,0,0.24499467,1
171405,1,1,0.99999857,1
171406,1,0,0.11037522,0
171407,1,1,0.9999964,1
171408,1,1,1.0,1
171409,0,1,0.5211056,0
171410,1,1,0.9199307,1
171411,0,0,0.030646773,1
171412,0,0,0.023375314,1
171413,1,0,0.3402659,0
171414,1,0,0.17539679,0
171415,0,1,0.9998989,0
171416,1,1,0.72841036,1
171417,1,1,0.9999851,1
171418,1,0,0.06394842,0
171419,0,0,0.0051998803,1
171420,0,1,0.953665,0
171421,1,1,0.99999976,1
171422,1,1,0.9956091,1
171423,1,1,1.0,1
171424,1,1,0.9999999,1
171425,0,1,0.99871063,0
171426,1,0,0.07765744,0
171427,1,1,0.82685167,1
171428,1,1,0.995858,1
171429,1,1,0.9974191,1
171430,0,0,0.050658382,1
171431,1,1,0.9552357,1
171432,1,1,1.0,1
171433,1,1,0.9629179,1
171434,0,0,0.06816438,1
171435,0,0,0.2948745,1
171436,1,1,0.9999999,1
171437,1,1,0.4402286,1
171438,0,1,0.99998665,0
171439,1,1,0.38378564,1
171440,1,1,0.9526182,1
171441,0,0,0.09636511,1
171442,0,0,0.08218025,1
171443,0,0,0.0689125,1
171444,0,0,0.055566337,1
171445,0,0,0.046855625,1
171446,1,1,0.9999565,1
171447,1,1,1.0,1
171448,1,1,0.38254502,1
171449,0,0,0.111627996,1
171450,1,1,0.96425414,1
171451,1,0,0.014531521,0
171452,1,1,0.9999999,1
171453,1,1,0.9999541,1
171454,1,1,0.9987331,1
171455,1,1,0.9999994,1
171456,0,1,0.97852874,0
171457,1,1,0.99990165,1
171458,1,1,0.99999785,1
171459,1,1,0.9991704,1
171460,0,1,0.96814114,0
171461,0,0,0.090896755,1
171462,1,0,0.016106343,0
171463,1,1,1.0,1
171464,1,1,0.999985,1
171465,1,1,1.0,1
171466,0,1,0.972336,0
171467,0,1,0.80123687,0
171468,1,0,0.0068107303,0
171469,1,1,1.0,1
171470,1,0,0.3033189,0
171471,1,1,0.84389514,1
171472,1,0,0.049039625,0
171473,0,1,0.70583576,0
171474,0,1,0.7496374,0
171475,1,0,0.26521385,0
171476,1,0,0.051605962,0
171477,1,1,0.7848967,1
171478,0,1,0.93397486,0
171479,1,1,0.9742639,1
171480,1,1,0.8057851,1
171481,0,1,0.81508535,0
171482,1,1,0.99997926,1
171483,0,1,1.0,0
171484,0,1,0.99850756,0
171485,0,0,0.10275402,1
171486,1,0,0.09293445,0
171487,1,0,0.025347177,0
171488,1,1,0.87589324,1
171489,1,1,0.9999968,1
171490,0,0,0.08284563,1
171491,0,0,0.23178807,1
171492,1,1,1.0,1
171493,0,1,0.97691274,0
171494,1,1,1.0,1
171495,1,1,0.99997413,1
171496,0,0,0.06650853,1
171497,1,1,0.99647564,1
171498,0,1,0.58563447,0
171499,1,1,0.99832565,1
171500,0,0,0.16789973,1
171501,0,1,0.626067,0
171502,0,0,0.1192542,1
171503,0,0,0.032466814,1
171504,0,1,0.75283116,0
171505,1,1,1.0,1
171506,1,1,0.8045595,1
171507,0,1,0.6790191,0
171508,1,1,0.89706576,1
171509,1,1,1.0,1
171510,1,1,0.99999964,1
171511,1,1,0.9996911,1
171512,0,0,0.02199022,1
171513,1,1,0.9990728,1
171514,1,1,0.98569053,1
171515,0,1,0.94877505,0
171516,1,0,0.15259965,0
171517,0,1,0.99999464,0
171518,1,1,1.0,1
171519,0,1,0.99517965,0
171520,0,1,0.9996309,0
171521,0,0,0.07030384,1
171522,0,1,0.5028076,0
171523,1,0,0.33399183,0
171524,0,1,0.9999299,0
171525,1,0,0.006463138,0
171526,0,0,0.055926174,1
171527,1,1,1.0,1
171528,1,1,0.8204695,1
171529,0,0,0.021677375,1
171530,0,1,0.9993988,0
171531,1,0,0.18249834,0
171532,1,1,1.0,1
171533,0,0,0.05094091,1
171534,0,1,0.9997011,0
171535,1,1,0.99961406,1
171536,1,1,0.99998987,1
171537,1,1,0.99992573,1
171538,0,0,0.08487122,1
171539,0,0,0.09713317,1
171540,0,1,0.9887554,0
171541,1,1,0.9991117,1
171542,1,1,0.49652106,1
171543,1,1,0.9998529,1
171544,1,1,0.9999031,1
171545,1,0,0.08686416,0
171546,1,1,1.0,1
171547,1,1,0.94240075,1
171548,0,1,0.9999993,0
171549,0,0,0.085403666,1
171550,1,1,0.99999857,1
171551,0,0,0.23607564,1
171552,1,1,0.9992834,1
171553,1,1,1.0,1
171554,0,1,0.8692713,0
171555,0,1,0.7566724,0
171556,0,0,0.06103112,1
171557,0,0,0.020004287,1
171558,0,0,0.024563085,1
171559,1,1,1.0,1
171560,0,1,0.45350388,0
171561,0,0,0.17189364,1
171562,1,1,0.9999962,1
171563,1,1,0.98771137,1
171564,1,1,0.99999845,1
171565,0,0,0.043528132,1
171566,0,1,0.7303861,0
171567,1,1,0.99517965,1
171568,1,1,0.4499364,1
171569,1,1,0.8109285,1
171570,0,1,0.8838389,0
171571,1,0,0.13290796,0
171572,1,1,0.80332816,1
171573,1,1,0.8272706,1
171574,0,1,0.37725383,0
171575,0,0,0.05845324,1
171576,1,1,0.9927672,1
171577,1,1,0.9771756,1
171578,1,1,1.0,1
171579,1,0,0.078078166,0
171580,0,0,0.10530251,1
171581,0,0,0.06632688,1
171582,1,1,0.4477621,1
171583,1,1,0.65506023,1
171584,0,1,0.5183024,0
171585,0,1,0.5660785,0
171586,1,0,0.042722195,0
171587,0,1,0.9999887,0
171588,1,1,0.9994715,1
171589,1,1,0.999964,1
171590,1,1,0.99999976,1
171591,1,1,1.0,1
171592,1,0,0.19429137,0
171593,0,1,0.8299059,0
171594,1,0,0.094426885,0
171595,0,0,0.011664719,1
171596,0,1,0.6433853,0
171597,0,1,0.9999337,0
171598,0,1,0.9125142,0
171599,1,1,0.99998045,1
171600,0,1,0.99951684,0
171601,0,1,0.99998724,0
171602,1,1,0.99984276,1
171603,1,1,1.0,1
171604,1,0,0.06681232,0
171605,1,1,0.36161548,1
171606,1,1,1.0,1
171607,0,1,0.6618682,0
171608,0,1,0.5162296,0
171609,0,0,0.2776688,1
171610,1,1,1.0,1
171611,0,0,0.095433734,1
171612,0,1,0.90934503,0
171613,1,1,0.9998932,1
171614,1,1,0.9999821,1
171615,1,1,0.9261035,1
171616,1,1,0.999998,1
171617,0,0,0.0076807467,1
171618,1,0,0.069604956,0
171619,0,1,0.7057343,0
171620,1,1,0.70992494,1
171621,1,1,0.96062064,1
171622,0,1,0.938124,0
171623,0,1,0.8961605,0
171624,1,1,0.9343353,1
171625,0,0,0.011266296,1
171626,0,1,0.60293865,0
171627,0,1,0.59136933,0
171628,1,1,0.99604684,1
171629,1,1,0.99999976,1
171630,1,1,1.0,1
171631,1,1,0.961171,1
171632,0,1,0.99722075,0
171633,0,0,0.048903175,1
171634,1,0,0.067546695,0
171635,0,1,0.9124362,0
171636,1,1,1.0,1
171637,0,0,0.017900169,1
171638,1,1,0.9999932,1
171639,1,1,0.99999595,1
171640,1,1,0.99998665,1
171641,1,0,0.2263558,0
171642,1,1,0.9862046,1
171643,0,0,0.042722195,1
171644,1,1,0.98262435,1
171645,0,1,0.603523,0
171646,1,1,0.99922216,1
171647,0,1,0.9729081,0
171648,0,0,0.08686416,1
171649,0,0,0.22789864,1
171650,1,0,0.16579561,0
171651,1,1,1.0,1
171652,1,0,0.03722176,0
171653,1,1,0.99999976,1
171654,1,0,0.09885954,0
171655,1,1,0.99821436,1
171656,0,1,0.48681945,0
171657,1,1,0.98007214,1
171658,1,1,0.9913054,1
171659,1,1,0.73369044,1
171660,1,1,0.9975799,1
171661,1,1,0.9998845,1
171662,1,1,0.79597545,1
171663,0,0,0.25982565,1
171664,1,0,0.02027408,0
171665,1,1,0.9627783,1
171666,1,1,1.0,1
171667,1,1,0.99955314,1
171668,0,1,0.99911696,0
171669,1,1,0.9999958,1
171670,0,1,0.9458513,0
171671,1,1,1.0,1
171672,0,1,0.35913932,0
171673,1,0,0.2986959,0
171674,0,0,0.016340127,1
171675,1,0,0.007246802,0
171676,0,1,0.9997658,0
171677,1,0,0.015754245,0
171678,0,1,0.7905303,0
171679,0,1,0.4025976,0
171680,1,1,0.99999976,1
171681,1,0,0.10275402,0
171682,1,1,1.0,1
171683,0,0,0.095433734,1
171684,1,1,0.9970421,1
171685,1,1,0.8881781,1
171686,1,1,1.0,1
171687,1,1,0.99999964,1
171688,0,0,0.0057637272,1
171689,0,0,0.030473188,1
171690,0,1,0.48474598,0
171691,1,0,0.02138932,0
171692,1,1,0.9924666,1
171693,1,1,0.55567634,1
171694,1,1,1.0,1
171695,0,1,0.43911588,0
171696,0,0,0.09434341,1
171697,0,1,0.70755625,0
171698,0,0,0.02578508,1
171699,0,1,0.9342153,0
171700,1,1,0.9999398,1
171701,1,0,0.12586902,0
171702,1,1,0.9730621,1
171703,0,1,0.94176143,0
171704,1,0,0.086477645,0
171705,1,1,0.9979412,1
171706,1,1,0.48636204,1
171707,1,1,0.9997565,1
171708,0,1,0.9662198,0
171709,1,1,0.9907678,1
171710,1,1,0.99790895,1
171711,1,1,0.9982488,1
171712,0,1,0.86396646,0
171713,1,1,0.99997914,1
171714,1,1,1.0,1
171715,0,0,0.10420353,1
171716,0,1,0.65539116,0
171717,0,1,0.61335236,0
171718,0,1,0.52354217,0
171719,0,1,0.98860246,0
171720,1,1,0.9999999,1
171721,1,1,0.99999976,1
171722,1,1,0.9675638,1
171723,0,1,0.95606345,0
171724,1,1,0.99776566,1
171725,0,0,0.134719,1
171726,0,1,0.7026831,0
171727,1,0,0.24175783,0
171728,0,0,0.03839402,1
171729,1,1,0.89218736,1
171730,1,1,0.55223787,1
171731,0,1,0.99770385,0
171732,0,1,0.99494946,0
171733,1,1,0.9997843,1
171734,1,0,0.24735057,0
171735,0,1,0.8480936,0
171736,1,1,0.9999999,1
171737,0,0,0.022116588,1
171738,1,0,0.037361998,0
171739,1,0,0.17030093,0
171740,1,1,0.999998,1
171741,1,1,0.985663,1
171742,0,1,0.9992446,0
171743,1,1,0.9958418,1
171744,0,1,1.0,0
171745,1,1,0.99953544,1
171746,1,1,0.9999999,1
171747,1,0,0.12426614,0
171748,0,0,0.020215968,1
171749,0,0,0.270095,1
171750,0,1,0.9916681,0
171751,0,0,0.27014312,1
171752,1,1,0.753648,1
171753,0,1,0.6936286,0
171754,0,1,0.990329,0
171755,1,1,0.99992883,1
171756,1,1,0.99998057,1
171757,0,1,0.98546845,0
171758,1,1,0.9999931,1
171759,0,0,0.009143315,1
171760,0,0,0.090896755,1
171761,1,1,1.0,1
171762,1,1,0.99999917,1
171763,1,1,0.5597112,1
171764,0,1,0.99999475,0
171765,0,1,0.99920064,0
171766,1,0,0.17009403,0
171767,1,1,0.9999697,1
171768,1,1,0.9890554,1
171769,1,1,0.9999993,1
171770,0,0,0.044597577,1
171771,0,0,0.008847356,1
171772,1,1,1.0,1
171773,0,0,0.005281334,1
171774,0,0,0.2562732,1
171775,0,0,0.08586245,1
171776,1,1,0.5705108,1
171777,0,0,0.040960647,1
171778,0,0,0.2588877,1
171779,0,0,0.21576357,1
171780,1,1,0.99849594,1
171781,1,0,0.24409263,0
171782,1,1,0.99608517,1
171783,1,1,0.99956864,1
171784,0,0,0.120438814,1
171785,1,0,0.07250525,0
171786,0,0,0.20995522,1
171787,1,0,0.08834723,0
171788,0,0,0.028571244,1
171789,1,1,1.0,1
171790,0,0,0.3172147,1
171791,1,1,0.48922896,1
171792,1,0,0.20489818,0
171793,0,0,0.20705435,1
171794,0,0,0.07230849,1
171795,1,1,0.99575186,1
171796,1,1,1.0,1
171797,1,1,1.0,1
171798,0,1,0.9999969,0
171799,0,1,0.95787287,0
171800,1,1,1.0,1
171801,0,0,0.120749526,1
171802,0,1,0.9352874,0
171803,0,0,0.25054586,1
171804,1,0,0.14098547,0
171805,0,1,0.6509667,0
171806,1,1,0.97673583,1
171807,1,1,0.9928092,1
171808,1,1,0.99779594,1
171809,1,1,0.99997306,1
171810,1,1,0.7348813,1
171811,1,1,0.6984323,1
171812,0,1,0.99999857,0
171813,1,0,0.040313438,0
171814,0,0,0.019069158,1
171815,0,0,0.07191642,1
171816,0,0,0.13212214,1
171817,0,0,0.13840355,1
171818,1,1,0.99995124,1
171819,1,1,0.9323918,1
171820,0,0,0.14390808,1
171821,1,1,0.9999995,1
171822,1,1,1.0,1
171823,1,1,0.9991374,1
171824,0,1,0.9985758,0
171825,1,1,0.99999833,1
171826,1,1,0.99732697,1
171827,0,1,0.89733595,0
171828,1,1,0.9831822,1
171829,1,1,0.997981,1
171830,1,1,0.9999956,1
171831,1,1,0.8665848,1
171832,0,1,0.6971452,0
171833,1,1,0.3665897,1
171834,0,1,0.4721358,0
171835,0,1,0.9999634,0
171836,0,0,0.06255973,1
171837,0,0,0.088820286,1
171838,1,1,0.99999964,1
171839,1,1,1.0,1
171840,0,0,0.06394842,1
171841,0,1,0.9997603,0
171842,1,1,0.99999285,1
171843,1,1,0.9999212,1
171844,0,0,0.026255298,1
171845,0,0,0.08419108,1
171846,0,1,0.4416429,0
171847,1,1,1.0,1
171848,0,0,0.094594024,1
171849,1,1,0.9898303,1
171850,1,1,0.99999714,1
171851,1,0,0.11018359,0
171852,1,1,0.999998,1
171853,1,1,0.9994012,1
171854,1,1,1.0,1
171855,1,0,0.06791668,0
171856,0,0,0.008560892,1
171857,1,1,0.9998585,1
171858,0,1,0.5620563,0
171859,1,1,0.99855345,1
171860,0,0,0.103205055,1
171861,1,1,0.9999981,1
171862,1,1,1.0,1
171863,1,0,0.29138398,0
171864,1,1,0.9999957,1
171865,0,1,0.98337495,0
171866,0,0,0.07107367,1
171867,1,1,0.98546845,1
171868,0,0,0.19605544,1
171869,1,0,0.282691,0
171870,0,1,0.49407983,0
171871,1,1,0.99998593,1
171872,0,1,0.51257056,0
171873,1,1,1.0,1
171874,1,1,1.0,1
171875,0,0,0.2174206,1
171876,1,1,0.9834705,1
171877,0,1,0.49920654,0
171878,0,1,0.99804294,0
171879,0,1,0.99879813,0
171880,1,1,1.0,1
171881,1,1,0.99999905,1
171882,0,1,0.63855356,0
171883,0,0,0.14706452,1
171884,1,1,0.999905,1
171885,1,1,1.0,1
171886,0,0,0.11818139,1
171887,1,1,0.35863382,1
171888,0,1,0.53285056,0
171889,0,0,0.020804489,1
171890,1,1,0.78858316,1
171891,1,1,0.98469365,1
171892,1,1,1.0,1
171893,1,0,0.007460643,0
171894,0,1,0.9979572,0
171895,1,0,0.29254478,0
171896,1,1,1.0,1
171897,1,1,1.0,1
171898,0,1,0.8198933,0
171899,1,0,0.23846151,0
171900,0,0,0.15817434,1
171901,1,1,0.9907678,1
171902,1,1,0.858837,1
171903,1,1,1.0,1
171904,0,0,0.30059156,1
171905,1,0,0.20817894,0
171906,0,1,0.43464127,0
171907,1,0,0.038502328,0
171908,0,0,0.32412842,1
171909,1,1,0.99988127,1
171910,0,0,0.01335085,1
171911,1,1,0.75752544,1
171912,1,1,0.9991704,1
171913,0,1,0.73573655,0
171914,0,1,0.92892635,0
171915,1,0,0.09170697,0
171916,1,1,0.8873023,1
171917,0,0,0.06760824,1
171918,0,1,0.97175217,0
171919,1,0,0.079068,0
171920,1,0,0.30125925,0
171921,1,0,0.04308309,0
171922,1,1,0.999972,1
171923,1,0,0.116411984,0
171924,1,1,1.0,1
171925,0,0,0.14953136,1
171926,1,1,0.51061857,1
171927,1,1,0.99984765,1
171928,1,1,0.9664738,1
171929,1,1,0.94138527,1
171930,0,1,0.9995802,0
171931,1,1,0.9982003,1
171932,0,0,0.083441176,1
171933,1,1,0.9498557,1
171934,0,1,0.953188,0
171935,0,0,0.13724312,1
171936,0,0,0.031648684,1
171937,1,1,1.0,1
171938,1,1,0.9986827,1
171939,1,1,0.9982759,1
171940,0,0,0.13968952,1
171941,0,0,0.060031522,1
171942,1,0,0.12608409,0
171943,1,1,0.99891615,1
171944,0,1,0.94728357,0
171945,0,0,0.07356305,1
171946,1,1,0.61555016,1
171947,1,1,0.99900347,1
171948,0,1,0.9173767,0
171949,0,0,0.17766814,1
171950,0,0,0.03336831,1
171951,1,1,0.999992,1
171952,1,1,0.9944126,1
171953,1,1,0.99999666,1
171954,0,0,0.09687654,1
171955,0,0,0.05394898,1
171956,1,1,0.9998691,1
171957,1,1,0.99411184,1
171958,0,0,0.05602938,1
171959,0,1,0.92338526,0
171960,1,1,1.0,1
171961,0,0,0.053601146,1
171962,1,1,0.8446654,1
171963,0,0,0.100524865,1
171964,0,0,0.01578456,1
171965,0,0,0.23899394,1
171966,0,1,0.8873999,0
171967,1,1,0.99999785,1
171968,1,1,0.934455,1
171969,1,1,0.7661624,1
171970,0,0,0.0586686,1
171971,1,0,0.25390726,0
171972,0,0,0.042009052,1
171973,0,0,0.11114469,1
171974,1,1,1.0,1
171975,0,0,0.11813051,1
171976,0,0,0.32241932,1
171977,1,0,0.2985425,0
171978,1,1,0.7611836,1
171979,0,0,0.1917057,1
171980,1,1,0.99356186,1
171981,0,0,0.25655252,1
171982,1,1,0.37754068,1
171983,1,1,1.0,1
171984,0,0,0.1524734,1
171985,0,1,0.5492175,0
171986,1,1,1.0,1
171987,1,1,0.99816495,1
171988,1,0,0.05602938,0
171989,0,0,0.01717671,1
171990,0,0,0.19868535,1
171991,0,0,0.046551276,1
171992,0,0,0.00036543282,1
171993,0,0,0.08509905,1
171994,1,1,0.99979264,1
171995,0,1,0.99621993,0
171996,1,1,1.0,1
171997,0,1,0.9958418,0
171998,0,1,0.73192173,0
171999,0,1,0.99957854,0
172000,1,1,0.9999993,1
172001,1,0,0.16238002,0
172002,0,0,0.09782047,1
172003,1,1,1.0,1
172004,0,1,0.99991584,0
172005,0,0,0.276251,1
172006,0,1,0.37891865,0
172007,0,1,0.99182796,0
172008,1,1,0.9994128,1
172009,0,0,0.2737685,1
172010,0,0,0.13666598,1
172011,1,1,0.99951315,1
172012,0,0,0.09890307,1
172013,0,0,0.2062538,1
172014,1,1,0.86130506,1
172015,0,1,0.8016254,0
172016,0,1,0.5361611,0
172017,0,0,0.06650853,1
172018,0,0,0.091625646,1
172019,0,1,0.9996923,0
172020,0,0,0.047249712,1
172021,0,0,0.024469672,1
172022,0,0,0.17624585,1
172023,0,1,0.95679593,0
172024,1,1,1.0,1
172025,1,0,0.030473188,0
172026,1,1,0.99991214,1
172027,1,1,0.99999857,1
172028,1,1,0.99999917,1
172029,0,0,0.014036571,1
172030,1,0,0.051082734,0
172031,1,0,0.2936576,0
172032,0,0,0.17314835,1
172033,1,1,0.9929472,1
172034,0,1,0.8797679,0
172035,1,1,0.9592307,1
172036,0,1,0.9979372,0
172037,1,1,0.99999976,1
172038,1,1,0.9999887,1
172039,0,1,0.98045003,0
172040,0,1,0.65539116,0
172041,1,1,0.9151287,1
172042,0,0,0.058776554,1
172043,0,0,0.29113197,1
172044,1,1,0.93726826,1
172045,0,0,0.0019608354,1
172046,1,1,1.0,1
172047,0,0,0.06052939,1
172048,0,0,0.08787644,1
172049,1,1,1.0,1
172050,1,1,0.99433607,1
172051,1,1,0.99999034,1
172052,1,1,1.0,1
172053,1,1,0.99992776,1
172054,0,0,0.008108984,1
172055,0,0,0.13240233,1
172056,1,1,1.0,1
172057,1,0,0.076683804,0
172058,1,1,0.9864157,1
172059,0,1,0.57707834,0
172060,1,1,1.0,1
172061,1,1,0.9999521,1
172062,1,1,1.0,1
172063,1,1,0.9088609,1
172064,0,0,0.26350462,1
172065,0,1,0.9999807,0
172066,0,0,0.13747455,1
172067,1,1,0.99827254,1
172068,0,0,0.0014297453,1
172069,1,0,0.31589425,0
172070,0,0,0.045310315,1
172071,1,0,0.14773951,0
172072,0,1,1.0,0
172073,0,0,0.28452632,1
172074,1,0,0.035712164,0
172075,1,0,0.12054232,0
172076,0,1,0.9958175,0
172077,1,1,0.84260434,1
172078,1,1,0.94600123,1
172079,0,0,0.03807084,1
172080,1,1,0.9999914,1
172081,0,1,0.9975514,0
172082,1,1,0.69269395,1
172083,0,0,0.28388065,1
172084,0,1,0.5363736,0
172085,1,1,0.999987,1
172086,0,1,0.99977833,0
172087,0,0,0.21076632,1
172088,1,1,0.92455155,1
172089,0,1,0.9823216,0
172090,1,1,0.99886864,1
172091,1,1,0.96580297,1
172092,1,1,0.8715842,1
172093,1,1,1.0,1
172094,0,1,0.7926248,0
172095,1,1,0.9743129,1
172096,0,0,0.20505732,1
172097,1,1,0.99984586,1
172098,1,0,0.29482368,0
172099,0,0,0.057123974,1
172100,0,0,0.04668148,1
172101,1,1,0.9999993,1
172102,1,1,0.51238763,1
172103,1,1,0.36500388,1
172104,0,0,0.038538493,1
172105,1,0,0.15367614,0
172106,1,1,0.9653158,1
172107,1,1,0.9999958,1
172108,1,1,0.999959,1
172109,1,1,1.0,1
172110,1,1,0.41238227,1
172111,1,1,0.6978664,1
172112,0,1,0.705227,0
172113,1,0,0.027169233,0
172114,0,0,0.24095315,1
172115,0,0,0.12732674,1
172116,0,1,0.800146,0
172117,0,1,0.59419805,0
172118,0,0,0.23979414,1
172119,1,1,1.0,1
172120,1,1,1.0,1
172121,1,1,0.9989392,1
172122,1,1,0.9999995,1
172123,0,1,0.9998863,0
172124,0,1,0.51031345,0
172125,0,1,0.97436166,0
172126,0,1,0.9995054,0
172127,1,1,0.96573836,1
172128,1,1,1.0,1
172129,1,1,0.40324372,1
172130,0,1,0.90174776,0
172131,0,1,0.99953544,0
172132,0,1,0.7773844,0
172133,1,1,0.98324674,1
172134,1,1,0.40277377,1
172135,1,1,0.9357587,1
172136,1,1,1.0,1
172137,1,0,0.15386674,0
172138,1,1,0.9999839,1
172139,0,0,0.026886744,1
172140,1,0,0.07126734,0
172141,0,1,0.40283254,0
172142,1,1,0.6157235,1
172143,1,1,0.9999852,1
172144,0,1,0.91030645,0
172145,1,1,0.9999995,1
172146,0,0,0.012217682,1
172147,1,1,0.9999993,1
172148,1,1,1.0,1
172149,1,1,0.9999943,1
172150,1,1,0.99378294,1
172151,0,0,0.30048895,1
172152,0,1,0.5083,0
172153,1,1,1.0,1
172154,1,1,0.6791255,1
172155,1,1,1.0,1
172156,1,1,1.0,1
172157,0,1,0.93868846,0
172158,1,1,0.8996516,1
172159,1,1,0.61895317,1
172160,1,1,0.9972262,1
172161,0,0,0.26846167,1
172162,0,0,0.036220055,1
172163,0,0,0.09990845,1
172164,0,0,0.066751465,1
172165,1,1,1.0,1
172166,1,1,0.99999714,1
172167,1,1,0.99998105,1
172168,0,0,0.06947859,1
172169,1,1,1.0,1
172170,1,1,0.99987173,1
172171,1,1,0.99567693,1
172172,1,1,0.7602949,1
172173,1,1,1.0,1
172174,1,1,0.9734181,1
172175,1,1,0.9081302,1
172176,0,0,0.0683507,1
172177,1,1,0.9999428,1
172178,0,1,1.0,0
172179,0,0,0.15386674,1
172180,1,0,0.052862898,0
172181,0,0,0.2230384,1
172182,1,0,0.11556087,0
172183,1,1,0.9999988,1
172184,0,0,0.017275905,1
172185,0,0,0.11606085,1
172186,0,1,0.44456476,0
172187,1,0,0.052279223,0
172188,1,1,0.999962,1
172189,1,1,0.99999905,1
172190,0,0,0.044307213,1
172191,0,1,0.6021201,0
172192,0,0,0.24789639,1
172193,1,1,0.5333367,1
172194,1,1,0.92121595,1
172195,0,0,0.20410384,1
172196,1,0,0.30280325,0
172197,0,0,0.035344075,1
172198,0,0,0.0773781,1
172199,0,1,0.84606963,0
172200,1,1,0.8191712,1
172201,1,0,0.11392417,0
172202,1,1,0.99999976,1
172203,1,0,0.11951087,0
172204,0,1,0.8171371,0
172205,0,1,0.50921524,0
172206,1,1,1.0,1
172207,0,0,0.33009318,1
172208,1,1,0.8493474,1
172209,0,1,0.6177433,0
172210,0,1,0.9175984,0
172211,0,0,0.039601684,1
172212,1,1,0.9999838,1
172213,1,1,1.0,1
172214,1,0,0.00324136,0
172215,0,1,0.6858969,0
172216,1,1,0.99971086,1
172217,0,1,0.80609053,0
172218,1,1,1.0,1
172219,0,1,0.45023853,0
172220,1,1,1.0,1
172221,0,0,0.011530388,1
172222,1,1,0.9964342,1
172223,0,0,0.100348406,1
172224,1,1,0.8677098,1
172225,0,0,0.27590942,1
172226,0,0,0.059646945,1
172227,1,0,0.31531414,0
172228,1,1,1.0,1
172229,1,0,0.00034938575,0
172230,1,0,0.034132607,0
172231,1,1,0.9999939,1
172232,1,1,0.99649614,1
172233,1,0,0.15597628,0
172234,0,1,0.40218663,0
172235,0,1,0.999926,0
172236,0,0,0.33296075,1
172237,1,1,0.9998505,1
172238,1,0,0.16940589,0
172239,0,0,0.050470848,1
172240,0,1,0.82104415,0
172241,0,0,0.023043232,1
172242,1,1,0.9534054,1
172243,1,1,0.9999937,1
172244,1,1,1.0,1
172245,1,1,0.9999989,1
172246,1,1,1.0,1
172247,0,1,0.99342304,0
172248,0,1,0.9429286,0
172249,0,1,0.5476455,0
172250,1,1,0.9999999,1
172251,1,0,0.22550188,0
172252,1,1,0.8698252,1
172253,1,1,0.46836504,1
172254,0,1,0.99876,0
172255,0,0,0.07661468,1
172256,0,1,0.50347894,0
172257,1,0,0.043204032,0
172258,0,0,0.022933563,1
172259,1,0,0.12700155,0
172260,1,1,0.7547343,1
172261,1,1,0.65869194,1
172262,0,1,0.9991391,0
172263,0,0,0.07113817,1
172264,0,1,0.9283439,0
172265,0,0,0.33693078,1
172266,1,1,0.91274774,1
172267,1,0,0.13173069,0
172268,1,1,0.99999976,1
172269,1,1,0.9963642,1
172270,1,1,0.99998796,1
172271,1,0,0.31578872,0
172272,0,0,0.112600096,1
172273,1,1,0.9999976,1
172274,0,1,0.726959,0
172275,0,1,0.7290378,0
172276,1,1,0.9999975,1
172277,0,1,0.9978884,0
172278,1,1,0.99999833,1
172279,1,1,0.99958676,1
172280,0,1,0.9990207,0
172281,0,0,0.13817081,1
172282,1,1,0.9997316,1
172283,1,1,0.9966691,1
172284,0,1,0.3913478,0
172285,1,1,0.992961,1
172286,1,1,0.9651191,1
172287,0,1,0.62903434,0
172288,1,1,0.999969,1
172289,0,1,0.78481424,0
172290,1,1,1.0,1
172291,1,1,0.9999999,1
172292,1,1,0.9384633,1
172293,0,0,0.008916127,1
172294,1,1,1.0,1
172295,1,0,0.03283696,0
172296,1,1,0.73048216,1
172297,1,1,0.98657167,1
172298,1,1,0.9998623,1
172299,1,1,0.9999981,1
172300,1,1,1.0,1
172301,1,1,0.9480103,1
172302,0,1,0.7625125,0
172303,1,1,0.99983394,1
172304,1,1,0.99998784,1
172305,0,1,0.54037815,0
172306,1,1,0.9999995,1
172307,1,1,1.0,1
172308,0,0,0.044348583,1
172309,1,1,0.99860877,1
172310,0,0,0.2686535,1
172311,0,1,0.9897315,0
172312,1,1,0.9998957,1
172313,0,0,0.17009403,1
172314,0,0,0.325199,1
172315,1,1,0.99998903,1
172316,1,0,0.06872476,0
172317,1,1,1.0,1
172318,0,0,0.21576357,1
172319,1,1,1.0,1
172320,1,1,0.99998033,1
172321,1,1,0.74632394,1
172322,1,1,0.9999926,1
172323,0,0,0.0808641,1
172324,0,0,0.18535665,1
172325,0,1,0.9999342,0
172326,1,1,0.8198933,1
172327,1,1,0.99999976,1
172328,0,0,0.10484337,1
172329,1,1,0.9999999,1
172330,0,0,0.18742996,1
172331,1,1,1.0,1
172332,0,1,0.4541998,0
172333,0,1,0.44869798,0
172334,0,1,0.9801103,0
172335,0,1,0.6941472,0
172336,0,0,0.072243005,1
172337,1,1,0.6691506,1
172338,1,1,0.9952356,1
172339,1,0,0.3480355,0
172340,1,0,0.13637818,0
172341,1,1,0.7530129,1
172342,1,1,0.9999795,1
172343,0,0,0.20497774,1
172344,0,1,0.8625833,0
172345,0,1,0.98497075,0
172346,1,1,0.99955314,1
172347,0,0,0.09816574,1
172348,0,1,0.48322162,0
172349,0,0,0.11289317,1
172350,1,1,1.0,1
172351,0,0,0.24068536,1
172352,1,1,0.9999856,1
172353,0,1,0.9581087,0
172354,1,1,0.41516557,1
172355,1,1,0.99999964,1
172356,0,1,0.99876726,0
172357,1,1,0.92338526,1
172358,1,0,0.12635334,0
172359,1,1,1.0,1
172360,0,1,0.7504156,0
172361,1,1,0.99085677,1
172362,0,0,0.012053779,1
172363,0,0,0.039601684,1
172364,1,1,0.9999958,1
172365,1,1,0.87536144,1
172366,0,0,0.15412119,1
172367,1,1,1.0,1
172368,1,1,0.99995613,1
172369,1,1,0.99983525,1
172370,1,1,1.0,1
172371,1,1,1.0,1
172372,0,1,0.8680457,0
172373,0,1,0.6297177,0
172374,1,0,0.0028449094,0
172375,1,1,0.9849274,1
172376,0,1,1.0,0
172377,0,0,0.16317856,1
172378,0,1,0.87191176,0
172379,1,1,0.9971161,1
172380,1,1,1.0,1
172381,1,0,0.053551625,0
172382,1,1,1.0,1
172383,0,1,0.46842584,0
172384,1,1,0.9999999,1
172385,1,1,0.6403548,1
172386,1,1,0.9998894,1
172387,1,0,0.035144847,0
172388,1,1,0.9999976,1
172389,0,0,0.12347128,1
172390,1,1,1.0,1
172391,1,1,0.54062074,1
172392,0,1,0.7163675,0
172393,1,0,0.037785765,0
172394,1,1,0.99937373,1
172395,0,0,0.14614818,1
172396,0,0,0.1154611,1
172397,0,0,0.011050794,1
172398,0,1,0.9999863,0
172399,0,1,0.9587699,0
172400,1,1,0.9999925,1
172401,1,1,0.9925249,1
172402,0,0,0.19390948,1
172403,0,1,1.0,0
172404,0,0,0.0060739345,1
172405,1,1,0.38687927,1
172406,0,0,0.31906834,1
172407,1,1,1.0,1
172408,1,1,0.9999968,1
172409,0,0,0.03879259,1
172410,0,0,0.11807967,1
172411,0,1,0.99644804,0
172412,1,1,1.0,1
172413,0,0,0.13195427,1
172414,1,1,0.99992335,1
172415,0,1,0.97555363,0
172416,0,0,0.08555635,1
172417,0,0,0.023219766,1
172418,1,1,0.9999999,1
172419,1,1,1.0,1
172420,1,1,0.70298904,1
172421,1,1,0.9996178,1
172422,1,1,0.35125545,1
172423,0,1,0.98544043,0
172424,0,0,0.2833846,1
172425,1,1,0.9996947,1
172426,0,0,0.17582092,1
172427,0,0,0.32912216,1
172428,0,0,0.18242553,1
172429,1,0,0.23528405,0
172430,0,1,1.0,0
172431,0,0,0.10734387,1
172432,1,0,0.11992252,0
172433,1,0,0.2691815,0
172434,0,1,0.64539933,0
172435,0,1,0.99999523,0
172436,1,1,0.9646559,1
172437,1,1,0.9083743,1
172438,1,1,0.98545444,1
172439,1,1,0.99447733,1
172440,0,1,0.99999976,0
172441,1,1,0.6323325,1
172442,1,1,0.7584658,1
172443,1,0,0.20777677,0
172444,1,1,1.0,1
172445,1,1,0.9999999,1
172446,1,1,0.3725623,1
172447,1,0,0.28323585,0
172448,1,1,1.0,1
172449,0,0,0.12624557,1
172450,0,0,0.09501305,1
172451,0,1,0.5068355,0
172452,1,1,0.94463825,1
172453,0,1,0.6562728,0
172454,0,0,0.14396824,1
172455,1,1,0.9999995,1
172456,1,0,0.0127472645,0
172457,0,1,0.45371562,0
172458,0,0,0.11075938,1
172459,0,1,0.73885757,0
172460,1,1,1.0,1
172461,0,1,0.74623144,0
172462,0,0,0.077727415,1
172463,1,1,0.8610715,1
172464,1,1,0.9999515,1
172465,0,0,0.19482696,1
172466,1,1,0.96753323,1
172467,0,1,0.6159545,0
172468,1,1,1.0,1
172469,1,1,0.99999964,1
172470,1,1,0.99992883,1
172471,1,0,0.34043035,0
172472,1,0,0.011201213,0
172473,1,0,0.0055012377,0
172474,1,1,0.99984026,1
172475,0,0,0.10203597,1
172476,1,0,0.0012184163,0
172477,0,0,0.0836655,1
172478,0,1,0.4859046,0
172479,1,0,0.021024454,0
172480,0,1,0.8840393,0
172481,1,1,0.99999964,1
172482,0,1,0.9999311,0
172483,0,1,0.99913067,0
172484,1,1,0.7404091,1
172485,1,1,0.9341553,1
172486,0,1,0.7977145,0
172487,0,0,0.2944178,1
172488,1,1,0.7285069,1
172489,1,1,0.9999994,1
172490,0,1,0.9964064,0
172491,1,1,0.9999497,1
172492,0,0,0.12064587,1
172493,1,1,1.0,1
172494,0,1,0.9999925,0
172495,1,1,0.99999964,1
172496,0,0,0.11506276,1
172497,1,0,0.27352586,0
172498,0,0,0.032436155,1
172499,1,0,0.24292329,0
172500,0,0,0.08471965,1
172501,1,1,0.844409,1
172502,0,0,0.10613344,1
172503,0,0,0.0042812545,1
172504,0,0,0.13167487,1
172505,0,0,0.050424065,1
172506,1,0,0.055874642,0
172507,1,1,0.9534054,1
172508,1,1,1.0,1
172509,0,0,0.043936532,1
172510,1,0,0.02335303,0
172511,1,1,1.0,1
172512,1,0,0.24807851,0
172513,0,0,0.06430006,1
172514,1,1,0.9999937,1
172515,0,1,0.9807842,0
172516,0,1,0.75590736,0
172517,1,0,0.24835183,0
172518,0,1,0.9988028,0
172519,1,1,0.99977654,1
172520,0,1,0.96095175,0
172521,1,1,0.6022955,1
172522,0,0,0.19406216,1
172523,1,1,0.9999999,1
172524,1,1,0.9496227,1
172525,1,0,0.27386558,0
172526,1,1,1.0,1
172527,0,1,0.61236763,0
172528,0,1,0.9175984,0
172529,0,0,0.30192775,1
172530,1,0,0.19806418,0
172531,0,0,0.050051305,1
172532,0,1,0.6644859,0
172533,0,0,0.09868569,1
172534,1,0,0.0014381354,0
172535,1,1,0.99808073,1
172536,1,0,0.12090512,0
172537,0,1,0.8384153,0
172538,0,0,0.1474324,1
172539,1,1,0.9975466,1
172540,0,1,0.9992387,0
172541,1,1,0.92043275,1
172542,0,1,0.96210754,0
172543,0,1,0.98260766,0
172544,1,1,1.0,1
172545,0,1,0.999688,0
172546,0,1,0.74816835,0
172547,1,0,0.010944577,0
172548,1,0,0.24598956,0
172549,1,1,0.42000473,1
172550,0,1,0.73848057,0
172551,0,0,0.08555635,1
172552,0,0,0.0726367,1
172553,0,0,0.11576064,1
172554,1,1,0.9912039,1
172555,0,1,0.5633179,0
172556,1,1,0.67217034,1
172557,0,0,0.035779487,1
172558,0,0,0.095433734,1
172559,0,1,0.8472108,0
172560,0,0,0.023554333,1
172561,1,1,0.94417685,1
172562,1,1,1.0,1
172563,1,1,0.99999726,1
172564,0,0,0.3011565,1
172565,0,0,0.09227797,1
172566,1,0,0.0026522598,0
172567,1,1,0.8143483,1
172568,1,1,0.9991736,1
172569,0,1,0.99999845,0
172570,1,0,0.20024472,0
172571,1,1,0.99994934,1
172572,0,1,0.9743129,0
172573,1,1,0.95511025,1
172574,1,1,0.99999976,1
172575,1,1,0.9999982,1
172576,0,0,0.059101548,1
172577,0,0,0.11476479,1
172578,1,1,0.99992716,1
172579,0,0,0.11436852,1
172580,1,1,0.9999999,1
172581,0,0,0.020904195,1
172582,1,0,0.0770997,0
172583,1,1,0.99999535,1
172584,0,0,0.17724052,1
172585,1,1,0.7995989,1
172586,0,1,0.7096735,0
172587,1,1,0.99958354,1
172588,0,0,0.13273923,1
172589,1,1,1.0,1
172590,1,1,0.9449947,1
172591,1,0,0.05975658,0
172592,1,0,0.24753241,0
172593,1,1,0.4663291,1
172594,1,1,1.0,1
172595,1,1,0.6569335,1
172596,1,1,0.9999982,1
172597,0,1,0.9894091,0
172598,1,1,0.97578543,1
172599,0,0,0.09611029,1
172600,0,0,0.020061804,1
172601,1,1,0.6152612,1
172602,1,1,0.89048487,1
172603,0,1,0.491761,0
172604,1,1,0.39583457,1
172605,1,1,0.99999785,1
172606,0,1,0.4954225,0
172607,0,1,0.98752034,0
172608,1,1,0.9999989,1
172609,0,1,0.9932156,0
172610,0,0,0.19238758,1
172611,1,1,0.9998036,1
172612,0,0,0.03521114,1
172613,0,0,0.023984872,1
172614,0,1,0.9995497,0
172615,1,1,0.9823386,1
172616,0,1,0.99965334,0
172617,0,1,0.99906737,0
172618,1,1,0.96835136,1
172619,0,0,0.028490044,1
172620,0,0,0.03374837,1
172621,0,1,0.987375,0
172622,1,1,0.9470882,1
172623,1,1,0.9994173,1
172624,0,1,0.99969935,0
172625,1,1,0.9999999,1
172626,0,0,0.027169233,1
172627,0,0,0.050424065,1
172628,0,1,0.75032413,0
172629,1,0,0.10946754,0
172630,1,0,0.18097351,0
172631,0,1,0.9995851,0
172632,0,0,0.27308947,1
172633,0,1,0.9999764,0
172634,0,0,0.04822634,1
172635,0,0,0.245085,1
172636,0,0,0.2213507,1
172637,1,1,1.0,1
172638,1,0,0.21908678,0
172639,0,0,0.035111748,1
172640,0,1,0.9999902,0
172641,0,0,0.036459446,1
172642,0,0,0.026581828,1
172643,0,1,0.99988127,0
172644,1,1,0.6522968,1
172645,1,1,0.9999511,1
172646,1,1,0.62286085,1
172647,1,0,0.16000333,0
172648,0,0,0.0007236572,1
172649,1,1,0.89706576,1
172650,1,0,0.062103122,0
172651,0,0,0.07647662,1
172652,1,1,0.99999976,1
172653,1,1,1.0,1
172654,0,0,0.34086904,1
172655,0,0,0.11047115,1
172656,1,1,1.0,1
172657,1,1,0.99999845,1
172658,1,1,0.9999999,1
172659,0,1,0.5926666,0
172660,0,1,0.99729556,0
172661,0,1,1.0,0
172662,1,1,0.9744591,1
172663,1,0,0.1308397,0
172664,0,0,0.18330103,1
172665,1,0,0.18728127,0
172666,1,1,0.36088312,1
172667,1,1,0.9998766,1
172668,1,1,0.9612074,1
172669,1,0,0.14523655,0
172670,0,0,0.069226466,1
172671,1,1,0.9999747,1
172672,0,0,0.2926964,1
172673,1,1,0.9822196,1
172674,1,1,1.0,1
172675,1,1,0.9024378,1
172676,1,1,0.9998872,1
172677,1,1,0.7202207,1
172678,1,1,0.9874236,1
172679,1,0,0.019215846,0
172680,1,1,0.99998605,1
172681,0,1,0.5126316,0
172682,1,0,0.0076214303,0
172683,0,1,0.9998247,0
172684,0,1,0.55054694,0
172685,0,0,0.0658447,1
172686,0,0,0.03680407,1
172687,0,0,0.08240149,1
172688,1,1,1.0,1
172689,0,0,0.17314835,1
172690,0,0,0.090735495,1
172691,0,1,0.9999968,0
172692,1,1,0.9999999,1
172693,1,1,0.99999774,1
172694,1,1,0.99812514,1
172695,1,1,0.78497905,1
172696,1,1,1.0,1
172697,0,1,0.9564718,0
172698,1,1,0.9187722,1
172699,1,1,0.9999999,1
172700,0,1,0.9999796,0
172701,1,1,0.86960393,1
172702,1,1,0.62869245,1
172703,1,0,0.26340985,0
172704,1,1,1.0,1
172705,1,1,1.0,1
172706,1,1,1.0,1
172707,1,0,0.09534946,0
172708,1,1,0.99879104,1
172709,0,1,0.6382154,0
172710,0,0,0.295789,1
172711,1,1,0.99999976,1
172712,1,0,0.27028757,0
172713,0,1,0.37828684,0
172714,1,1,0.9987478,1
172715,0,0,0.061932698,1
172716,1,1,0.9999751,1
172717,1,1,0.9989371,1
172718,0,1,0.9999999,0
172719,0,0,0.044224583,1
172720,0,1,0.9508236,0
172721,1,1,0.99994266,1
172722,0,1,0.9996388,0
172723,0,1,0.36670312,0
172724,1,1,0.9999964,1
172725,1,1,0.7241881,1
172726,0,0,0.062216975,1
172727,1,1,0.9972154,1
172728,0,0,0.07850098,1
172729,1,1,0.9596866,1
172730,1,1,0.9617859,1
172731,1,1,1.0,1
172732,0,0,0.011136501,1
172733,1,1,0.4060374,1
172734,0,1,0.39487165,0
172735,0,1,0.9999329,0
172736,1,1,1.0,1
172737,0,1,0.7456762,0
172738,1,0,0.089136936,0
172739,0,1,0.9905874,0
172740,1,1,0.99998295,1
172741,0,1,0.8191712,0
172742,1,1,0.990329,1
172743,0,0,0.06566473,1
172744,1,1,0.9999926,1
172745,1,1,0.6396798,1
172746,1,0,0.051272422,0
172747,0,0,0.00798427,1
172748,1,1,0.9992312,1
172749,1,1,0.9999856,1
172750,0,1,0.547706,0
172751,1,1,0.6764596,1
172752,1,0,0.00571913,0
172753,1,1,1.0,1
172754,0,0,0.0672398,1
172755,1,1,0.9999993,1
172756,1,0,0.06019705,0
172757,0,0,0.18039528,1
172758,0,1,0.70288706,0
172759,0,0,0.017275905,1
172760,0,1,0.9999565,0
172761,0,1,0.8489722,0
172762,0,1,0.7960547,0
172763,1,1,0.90747637,1
172764,1,1,0.9623913,1
172765,1,1,1.0,1
172766,1,0,0.25321415,0
172767,0,0,0.052911807,1
172768,1,1,0.8795612,1
172769,1,1,0.9867005,1
172770,0,0,0.163579,1
172771,1,1,0.9997942,1
172772,1,1,0.9999993,1
172773,0,0,0.34521565,1
172774,0,1,0.99999106,0
172775,0,1,0.8456877,0
172776,1,1,0.99995184,1
172777,0,1,0.9999982,0
172778,1,1,0.98768765,1
172779,0,0,0.1261379,1
172780,1,1,1.0,1
172781,0,0,0.30829436,1
172782,1,0,0.21076632,0
172783,0,0,0.33025518,1
172784,1,0,0.0595922,0
172785,1,1,0.7514658,1
172786,1,1,0.9999311,1
172787,1,1,0.62897736,1
172788,0,0,0.12803373,1
172789,0,1,0.99999917,0
172790,0,1,0.86350673,0
172791,0,0,0.2724599,1
172792,0,0,0.12522575,1
172793,0,0,0.3237007,1
172794,0,1,0.999134,0
172795,0,1,0.9999995,0
172796,1,0,0.18140818,0
172797,1,1,0.99998605,1
172798,0,0,0.1266231,1
172799,1,1,0.9999993,1
172800,1,1,0.9989309,1
172801,0,0,0.022802634,1
172802,1,1,0.36116472,1
172803,1,1,0.99675864,1
172804,1,1,0.9999337,1
172805,0,1,0.62652415,0
172806,1,1,0.9678082,1
172807,1,1,0.7627777,1
172808,0,1,0.88700897,0
172809,1,1,1.0,1
172810,1,1,0.9989617,1
172811,1,1,0.7485821,1
172812,0,0,0.016753288,1
172813,0,0,0.090896755,1
172814,0,1,0.7689935,0
172815,0,1,0.999982,0
172816,0,0,0.24680553,1
172817,1,1,0.86815757,1
172818,1,1,0.99988854,1
172819,0,1,0.998844,0
172820,1,1,1.0,1
172821,0,1,0.6989977,0
172822,1,1,0.4406498,1
172823,1,1,1.0,1
172824,1,0,0.22034244,0
172825,1,0,0.1186912,0
172826,1,1,0.99999714,1
172827,1,1,0.9702116,1
172828,1,1,0.99832565,1
172829,0,0,0.22312306,1
172830,1,1,0.6418153,1
172831,0,1,0.99182796,0
172832,1,1,0.5253688,1
172833,0,0,0.07606381,1
172834,0,0,0.051941562,1
172835,0,1,0.9999994,0
172836,0,0,0.050051305,1
172837,1,1,1.0,1
172838,0,0,0.031055551,1
172839,1,1,0.99992216,1
172840,1,0,0.066206016,0
172841,0,0,0.027066177,1
172842,0,1,0.89395916,0
172843,0,0,0.03442355,1
172844,1,1,0.99987805,1
172845,1,1,0.9999988,1
172846,1,1,0.9952632,1
172847,0,0,0.08961382,1
172848,0,1,0.77551985,0
172849,0,1,0.8806945,0
172850,0,0,0.23926048,1
172851,1,1,0.945349,1
172852,0,0,0.068537496,1
172853,0,0,0.07942426,1
172854,0,1,0.89077026,0
172855,1,1,0.9994286,1
172856,0,0,0.06336634,1
172857,0,0,0.05094091,1
172858,1,1,0.9994937,1
172859,0,1,0.5148882,0
172860,0,1,0.8814109,0
172861,0,1,0.4233984,0
172862,0,0,0.1309508,1
172863,1,0,0.011961098,0
172864,0,0,0.16940589,1
172865,1,0,0.27163795,0
172866,0,1,0.9997086,0
172867,0,1,0.99977916,0
172868,1,1,0.99994874,1
172869,1,1,1.0,1
172870,0,0,0.0069038384,1
172871,1,1,0.5673374,1
172872,1,1,0.9563905,1
172873,1,1,0.9943691,1
172874,1,1,1.0,1
172875,1,1,0.99946314,1
172876,0,0,0.017763345,1
172877,1,1,0.6456228,1
172878,1,1,1.0,1
172879,0,1,1.0,0
172880,1,1,0.98264104,1
172881,0,0,0.0017996544,1
172882,0,1,0.47828513,0
172883,1,0,0.14039516,0
172884,1,1,0.97840524,1
172885,1,1,0.99974185,1
172886,0,1,0.477006,0
172887,0,1,0.7900448,0
172888,0,1,0.5958454,0
172889,0,0,0.12463858,1
172890,1,1,0.9967269,1
172891,0,0,0.16940589,1
172892,1,1,0.9995915,1
172893,1,1,0.976513,1
172894,1,1,0.9558166,1
172895,1,1,0.7180016,1
172896,1,0,0.114963345,0
172897,1,1,0.99994457,1
172898,0,1,1.0,0
172899,0,1,0.3913478,0
172900,0,1,0.9431384,0
172901,0,1,0.9863631,0
172902,0,0,0.017309094,1
172903,1,1,0.37290475,1
172904,1,1,0.7957375,1
172905,1,1,0.99900347,1
172906,0,0,0.03875619,1
172907,1,1,0.982524,1
172908,1,1,0.9999999,1
172909,1,1,0.9826909,1
172910,1,1,0.99792105,1
172911,0,1,0.7378199,0
172912,0,0,0.05775844,1
172913,0,0,0.10194652,1
172914,0,0,0.074365705,1
172915,1,0,0.07230849,0
172916,1,1,0.9796871,1
172917,1,1,0.99945253,1
172918,1,0,0.09227797,0
172919,1,1,0.9999995,1
172920,1,0,0.060919292,0
172921,1,1,0.99928194,1
172922,0,0,0.22652687,1
172923,1,1,0.99701905,1
172924,1,0,0.081154905,0
172925,1,0,0.3024941,0
172926,1,1,0.87966454,1
172927,0,0,0.011008185,1
172928,0,1,0.90044224,0
172929,0,1,0.42841277,0
172930,0,1,0.77990913,0
172931,1,1,0.99999845,1
172932,1,1,0.98609793,1
172933,0,0,0.28298813,1
172934,1,1,0.9972691,1
172935,1,1,0.99964714,1
172936,0,1,0.9993013,0
172937,0,1,0.8344069,0
172938,0,1,0.9988508,0
172939,1,1,0.99999976,1
172940,1,1,0.9999999,1
172941,0,0,0.1309508,1
172942,1,1,0.9564718,1
172943,1,1,0.9860174,1
172944,1,1,0.999795,1
172945,1,1,0.8356178,1
172946,1,1,0.9998795,1
172947,0,1,0.64718527,0
172948,1,1,0.97708833,1
172949,1,1,0.96820134,1
172950,0,1,0.74087805,0
172951,0,1,0.82810634,0
172952,0,1,0.978733,0
172953,1,1,0.99952066,1
172954,0,1,0.4787116,0
172955,0,0,0.15533453,1
172956,0,0,0.10266401,1
172957,1,1,1.0,1
172958,0,0,0.07689149,1
172959,0,0,0.13432106,1
172960,1,0,0.06244529,0
172961,1,1,1.0,1
172962,1,1,0.95869267,1
172963,1,0,0.34152758,0
172964,1,1,0.99984527,1
172965,1,1,0.9993625,1
172966,1,1,0.99999964,1
172967,0,0,0.039750516,1
172968,1,1,1.0,1
172969,0,0,0.031114377,1
172970,1,1,0.90665317,1
172971,0,1,0.99880517,0
172972,1,1,0.9992889,1
172973,1,1,0.9988004,1
172974,0,1,0.4208078,0
172975,0,0,0.34064966,1
172976,0,1,0.9988004,0
172977,1,1,0.999089,1
172978,1,0,0.25636628,0
172979,0,0,0.3475925,1
172980,0,0,0.22541662,1
172981,1,1,0.99999905,1
172982,0,1,0.4829168,0
172983,0,1,0.44586128,0
172984,1,1,0.9999641,1
172985,1,1,0.950457,1
172986,1,1,0.99990463,1
172987,0,0,0.014227045,1
172988,1,1,1.0,1
172989,1,1,1.0,1
172990,0,1,0.99982256,0
172991,0,0,0.13234626,1
172992,0,0,0.22194035,1
172993,1,0,0.15285237,0
172994,0,1,0.99029154,0
172995,1,0,0.26913345,0
172996,1,1,0.5189728,1
172997,0,0,0.013902058,1
172998,0,0,0.0815929,1
172999,1,1,0.3576797,1
173000,0,0,0.26526144,1
173001,1,1,0.73077047,1
173002,1,1,0.99999595,1
173003,1,1,0.99999976,1
173004,1,1,0.7146778,1
173005,1,1,0.9999118,1
173006,0,1,0.99066,0
173007,1,0,0.040922306,0
173008,1,0,0.09451042,0
173009,0,1,0.99999905,0
173010,1,1,0.9768687,1
173011,0,0,0.071332,1
173012,1,1,0.9999999,1
173013,1,0,0.15140381,0
173014,0,0,0.019512547,1
173015,1,1,0.9979691,1
173016,1,0,0.33785865,0
173017,0,0,0.08093672,1
173018,0,0,0.08601587,1
173019,0,0,0.09113915,1
173020,1,1,0.9843364,1
173021,1,1,0.4205401,1
173022,1,1,0.9999988,1
173023,0,1,0.99736834,0
173024,0,1,0.45365512,0
173025,0,0,0.1737784,1
173026,1,0,0.002986843,0
173027,0,0,0.024469672,1
173028,1,1,0.63051426,1
173029,0,1,0.7967673,0
173030,1,0,0.073098525,0
173031,0,0,0.00024156632,1
173032,1,1,0.99999845,1
173033,0,1,0.87418467,0
173034,0,0,0.00047285447,1
173035,0,1,0.99999976,0
173036,0,1,0.6212537,0
173037,0,0,0.051177494,1
173038,1,0,0.21477376,0
173039,0,0,0.09451042,1
173040,1,1,0.42551568,1
173041,0,0,0.016215032,1
173042,1,1,1.0,1
173043,1,1,0.99979335,1
173044,1,0,0.09065494,0
173045,0,1,0.64573455,0
173046,0,0,0.111337796,1
173047,1,1,0.7132818,1
173048,1,1,0.99826247,1
173049,0,0,0.110855594,1
173050,1,1,0.99999905,1
173051,0,0,0.010797569,1
173052,1,1,0.9981433,1
173053,1,1,0.99920374,1
173054,1,1,0.9994837,1
173055,1,1,1.0,1
173056,1,1,0.9999994,1
173057,0,0,0.06325052,1
173058,1,1,0.9811849,1
173059,0,1,0.99986184,0
173060,0,1,0.9305845,0
173061,1,1,0.99999,1
173062,1,1,0.8621197,1
173063,1,1,0.9594213,1
173064,1,1,0.9999863,1
173065,1,1,0.96777767,1
173066,0,0,0.21125406,1
173067,0,1,0.9808209,0
173068,1,1,0.9999902,1
173069,1,1,1.0,1
173070,1,1,1.0,1
173071,0,1,0.7720154,0
173072,0,0,0.053353984,1
173073,0,0,0.18646513,1
173074,0,0,0.05424881,1
173075,1,1,0.9999714,1
173076,0,0,0.089933,1
173077,1,1,1.0,1
173078,0,1,0.724578,0
173079,0,0,0.012845958,1
173080,1,1,0.9999918,1
173081,0,0,0.22541662,1
173082,0,0,0.19977595,1
173083,0,1,0.42375603,0
173084,1,1,0.9205043,1
173085,0,1,1.0,0
173086,0,0,0.11797801,1
173087,1,1,0.9582261,1
173088,1,1,0.9203613,1
173089,1,1,0.99999547,1
173090,1,1,0.9999621,1
173091,0,0,0.09268777,1
173092,1,1,1.0,1
173093,0,0,0.08509905,1
173094,0,0,0.11047115,1
173095,1,1,0.99361163,1
173096,0,1,0.39035964,0
173097,0,1,0.9791955,0
173098,0,0,0.27154133,1
173099,1,1,0.98961186,1
173100,0,1,0.48691094,0
173101,1,1,0.9999683,1
173102,1,1,0.99999845,1
173103,1,1,1.0,1
173104,1,1,0.77995104,1
173105,1,1,0.9999995,1
173106,1,1,0.9999956,1
173107,1,1,0.99999833,1
173108,1,1,1.0,1
173109,1,1,0.39598057,1
173110,1,1,0.9995819,1
173111,0,0,0.27028757,1
173112,0,0,0.08100938,1
173113,0,1,0.9889705,0
173114,1,1,1.0,1
173115,0,0,0.15921742,1
173116,1,0,0.14229147,0
173117,1,0,0.0763388,0
173118,1,0,0.2163425,0
173119,1,1,0.99837387,1
173120,1,1,0.99999726,1
173121,1,1,0.9116528,1
173122,0,1,0.39720747,0
173123,1,1,0.97708833,1
173124,0,1,0.9808209,0
173125,1,1,1.0,1
173126,0,0,0.09602549,1
173127,0,0,0.32108733,1
173128,1,1,0.9977216,1
173129,1,1,0.9999187,1
173130,1,1,1.0,1
173131,0,0,0.15146656,1
173132,1,0,0.11992252,0
173133,1,1,0.99998236,1
173134,1,1,0.99999845,1
173135,1,1,0.41546196,1
173136,0,0,0.030938227,1
173137,1,1,0.9999999,1
173138,0,0,0.07716922,1
173139,1,1,0.9962999,1
173140,1,1,0.9999924,1
173141,1,1,0.51354647,1
173142,0,1,0.9870297,0
173143,0,1,0.54146945,0
173144,0,1,0.68558115,0
173145,0,0,0.10266401,1
173146,0,0,0.3485897,1
173147,0,0,0.2928986,1
173148,0,1,0.37353298,0
173149,1,1,1.0,1
173150,1,1,0.61201984,1
173151,0,1,0.78357476,0
173152,0,0,0.03715183,1
173153,0,1,0.8823265,0
173154,0,1,0.65273964,0
173155,0,1,0.6179162,0
173156,0,1,0.5477665,0
173157,1,1,1.0,1
173158,0,0,0.17349815,1
173159,0,0,0.2914848,1
173160,1,1,0.9999945,1
173161,0,0,0.024774551,1
173162,1,1,0.999936,1
173163,1,1,1.0,1
173164,0,1,0.98527133,0
173165,1,0,0.22380088,0
173166,1,1,0.99997663,1
173167,1,1,0.8524448,1
173168,1,0,0.1698185,0
173169,1,1,0.9736196,1
173170,0,0,0.15463115,1
173171,1,1,0.97673583,1
173172,0,1,0.7337858,0
173173,0,1,0.537709,0
173174,0,0,0.09990845,1
173175,1,1,0.99737346,1
173176,0,1,0.9456509,0
173177,1,1,1.0,1
173178,0,0,0.02218004,1
173179,0,1,0.5794004,0
173180,1,1,1.0,1
173181,0,1,0.7154737,0
173182,1,1,0.99993026,1
173183,1,1,1.0,1
173184,1,1,1.0,1
173185,0,0,0.017012626,1
173186,0,0,0.07290027,1
173187,0,0,0.3471497,1
173188,1,1,0.99995613,1
173189,1,1,0.51135063,1
173190,1,1,0.9999907,1
173191,1,1,0.76838577,1
173192,1,1,0.99980134,1
173193,1,1,0.9189906,1
173194,1,1,0.99999976,1
173195,0,0,0.16471791,1
173196,0,0,0.05802475,1
173197,0,0,0.18982127,1
173198,1,0,0.0038244838,0
173199,0,1,0.9191359,0
173200,0,0,0.11961366,1
173201,0,1,0.99997616,0
173202,1,1,0.8539127,1
173203,0,0,0.04001227,1
173204,0,0,0.055926174,1
173205,1,1,0.37682378,1
173206,1,0,0.18068421,0
173207,1,1,0.9997284,1
173208,1,1,0.96653706,1
173209,0,0,0.32498476,1
173210,1,1,0.9999999,1
173211,1,1,0.99996865,1
173212,0,1,0.7302899,0
173213,0,0,0.12754393,1
173214,1,1,0.9999999,1
173215,1,1,0.99999535,1
173216,1,1,0.9935868,1
173217,1,1,0.99942183,1
173218,0,1,0.8959786,0
173219,0,1,0.66979885,0
173220,0,0,0.024492992,1
173221,1,1,0.99611557,1
173222,1,1,0.9994837,1
173223,1,1,0.999987,1
173224,0,1,0.84428066,0
173225,0,0,0.00013605112,1
173226,1,1,1.0,1
173227,0,0,0.163579,1
173228,0,1,0.98871195,0
173229,1,1,1.0,1
173230,0,0,0.30523115,1
173231,1,1,0.99999905,1
173232,0,1,0.3941718,0
173233,1,1,1.0,1
173234,1,1,0.8456877,1
173235,0,0,0.032867983,1
173236,0,1,0.9511876,0
173237,1,1,0.99732697,1
173238,1,1,0.9999274,1
173239,0,0,0.16311188,1
173240,1,0,0.15443976,0
173241,0,1,0.98469365,0
173242,0,0,0.11848707,1
173243,0,1,0.6950794,0
173244,1,1,1.0,1
173245,1,1,0.99394965,1
173246,1,0,0.06916357,0
173247,1,1,0.79486305,1
173248,0,0,0.23704568,1
173249,0,1,0.6408044,0
173250,0,0,0.12651514,1
173251,0,0,0.0031542059,1
173252,1,1,0.99999595,1
173253,1,1,1.0,1
173254,0,1,0.96823144,0
173255,1,1,0.78041154,1
173256,0,0,0.09920809,1
173257,1,0,0.1538032,0
173258,1,1,0.92441523,1
173259,1,1,0.9999999,1
173260,0,0,0.0672398,1
173261,1,1,0.9551939,1
173262,0,1,0.99987066,0
173263,1,1,0.54516464,1
173264,1,1,0.5684158,1
173265,1,1,0.7734731,1
173266,0,1,0.9993094,0
173267,1,0,0.14396824,0
173268,0,1,0.5562188,0
173269,1,0,0.21019831,0
173270,0,1,0.8050198,0
173271,1,1,0.9999999,1
173272,1,1,1.0,1
173273,0,0,0.1768137,1
173274,1,1,0.99549675,1
173275,1,1,0.66361445,1
173276,1,1,0.99972945,1
173277,0,1,0.9999999,0
173278,1,0,0.11047115,0
173279,0,0,0.31869712,1
173280,1,1,1.0,1
173281,1,0,0.078571655,0
173282,0,0,0.3330692,1
173283,1,1,0.99895763,1
173284,0,1,0.41831073,0
173285,0,0,0.078571655,1
173286,0,1,0.44764137,0
173287,1,1,0.99373454,1
173288,1,1,0.9999839,1
173289,1,0,3.9669867e-06,0
173290,1,1,0.50347894,1
173291,0,0,0.1186912,1
173292,0,0,0.02859836,1
173293,1,1,0.9999615,1
173294,0,0,0.10706346,1
173295,1,1,0.98521465,1
173296,1,1,0.99719363,1
173297,1,1,0.9026096,1
173298,0,0,0.1375904,1
173299,1,1,0.9999858,1
173300,1,1,0.9999337,1
173301,1,1,0.6936286,1
173302,1,1,1.0,1
173303,1,0,0.21642528,0
173304,0,0,0.23563562,1
173305,0,1,0.52305496,0
173306,1,1,0.9202897,1
173307,0,0,0.06307716,1
173308,0,0,0.282493,1
173309,1,0,0.001435333,0
173310,0,0,0.0006538155,1
173311,0,1,0.38815406,0
173312,1,1,0.9934865,1
173313,0,0,0.08284563,1
173314,0,1,0.4415225,0
173315,1,1,1.0,1
173316,0,1,0.97879386,0
173317,1,1,0.99491996,1
173318,1,0,0.100967236,0
173319,0,0,0.1886227,1
173320,1,1,0.9208609,1
173321,1,1,0.99989367,1
173322,0,1,0.75119215,0
173323,0,1,0.5426209,0
173324,1,0,0.022116588,0
173325,1,1,0.9999989,1
173326,0,0,0.100524865,1
173327,1,1,0.6236634,1
173328,0,1,0.99999905,0
173329,0,0,0.01858215,1
173330,0,0,0.012920474,1
173331,1,0,0.038430087,0
173332,0,0,0.123365626,1
173333,1,1,0.99996376,1
173334,1,1,0.8479678,1
173335,0,0,0.19117662,1
173336,1,1,0.9998585,1
173337,1,1,0.45956117,1
173338,0,1,0.9151287,0
173339,1,1,0.9993563,1
173340,1,0,0.07100922,0
173341,0,1,0.9876639,0
173342,0,1,0.39306462,0
173343,1,1,0.9999274,1
173344,0,0,0.011642225,1
173345,1,1,0.94694114,1
173346,1,1,0.8204695,1
173347,1,1,0.96891505,1
173348,1,1,0.9606575,1
173349,0,0,0.18286288,1
173350,1,1,0.99999833,1
173351,1,1,1.0,1
173352,1,0,0.09334689,0
173353,1,1,0.66893435,1
173354,1,1,0.99566,1
173355,0,0,0.058722552,1
173356,1,1,0.95275027,1
173357,1,1,0.98383164,1
173358,0,1,0.97513086,0
173359,0,0,0.07661468,1
173360,0,1,0.41430628,0
173361,1,0,0.056913942,0
173362,1,1,0.9999856,1
173363,1,1,1.0,1
173364,1,1,1.0,1
173365,0,1,0.74148685,0
173366,1,1,0.99604684,1
173367,1,1,0.9773924,1
173368,0,0,0.2680783,1
173369,0,0,0.014985891,1
173370,1,1,1.0,1
173371,1,0,0.028707078,0
173372,1,1,1.0,1
173373,1,1,1.0,1
173374,0,0,0.3438373,1
173375,0,0,0.05975658,1
173376,1,1,0.9995443,1
173377,0,0,0.29690903,1
173378,0,1,0.3686898,0
173379,1,1,0.9999999,1
173380,1,1,0.9207184,1
173381,1,1,0.99993944,1
173382,0,1,0.99704784,0
173383,0,0,7.224441e-07,1
173384,0,0,0.035982177,1
173385,0,1,0.9603612,0
173386,1,1,0.9841546,1
173387,0,1,0.4626551,0
173388,1,1,1.0,1
173389,0,0,0.14891149,1
173390,1,1,0.9990054,1
173391,1,0,0.0034496887,0
173392,0,1,0.844409,0
173393,1,0,0.011266296,0
173394,0,1,0.46138078,0
173395,0,0,0.06019705,1
173396,0,0,0.047118004,1
173397,0,0,0.17050801,1
173398,1,1,0.9998957,1
173399,0,0,0.048676565,1
173400,0,1,0.98899186,0
173401,1,1,0.9996295,1
173402,0,1,0.9692369,0
173403,1,1,0.99371004,1
173404,1,1,0.99999964,1
173405,1,0,0.093016796,0
173406,0,0,0.0053122053,1
173407,0,1,0.81699115,0
173408,1,1,1.0,1
173409,1,1,1.0,1
173410,0,1,0.94994867,0
173411,0,0,0.056966383,1
173412,1,1,0.9999995,1
173413,0,1,0.9997695,0
173414,0,0,0.0090903845,1
173415,0,1,0.7168632,0
173416,1,1,0.99999964,1
173417,0,0,0.13279545,1
173418,1,0,0.02371207,0
173419,1,1,0.9956006,1
173420,1,1,1.0,1
173421,0,0,0.08586245,1
173422,0,0,0.05470151,1
173423,1,1,0.9960083,1
173424,1,1,0.9999995,1
173425,0,1,0.85145944,0
173426,0,1,0.39254054,0
173427,1,1,0.99956864,1
173428,0,1,0.37227693,0
173429,0,0,0.015723988,1
173430,0,1,0.4106972,0
173431,0,1,0.8664719,0
173432,1,0,0.010169658,0
173433,1,1,0.39425924,1
173434,1,1,1.0,1
173435,0,0,0.08093672,1
173436,1,1,0.99999964,1
173437,0,1,0.999708,0
173438,0,1,0.9999678,0
173439,0,0,0.056652427,1
173440,1,1,0.9999995,1
173441,1,0,0.023397617,0
173442,0,0,0.088425905,1
173443,1,1,0.98955137,1
173444,1,1,0.82290184,1
173445,0,0,0.03839402,1
173446,1,1,0.9998671,1
173447,1,1,0.9995703,1
173448,1,1,1.0,1
173449,1,1,0.9999552,1
173450,1,1,0.99945253,1
173451,1,1,0.9999989,1
173452,0,0,0.08756384,1
173453,1,1,1.0,1
173454,0,0,0.029507361,1
173455,1,1,0.99871063,1
173456,0,0,0.05948283,1
173457,1,1,0.99975556,1
173458,1,1,1.0,1
173459,1,1,0.9999994,1
173460,0,1,0.9974291,0
173461,0,0,0.023264103,1
173462,0,1,0.5538673,0
173463,1,1,1.0,1
173464,1,1,0.37587827,1
173465,1,1,0.9998766,1
173466,1,1,0.99997175,1
173467,1,1,0.99828595,1
173468,1,1,0.9999989,1
173469,0,0,0.083142914,1
173470,0,0,0.032344334,1
173471,0,1,0.3840744,0
173472,0,1,0.8095773,0
173473,0,1,0.45229396,0
173474,1,1,0.78473175,1
173475,0,1,0.99995947,0
173476,1,1,0.8734309,1
173477,1,1,1.0,1
173478,1,1,0.9999814,1
173479,1,1,1.0,1
173480,1,1,1.0,1
173481,0,0,0.111434445,1
173482,0,0,0.04716187,1
173483,0,1,0.8863221,0
173484,0,0,0.039787814,1
173485,0,1,0.9890343,0
173486,1,1,0.99958354,1
173487,0,1,0.9746528,0
173488,1,1,0.9989837,1
173489,1,1,0.5861084,1
173490,0,0,0.029591372,1
173491,0,0,0.31658053,1
173492,0,0,0.03807084,1
173493,0,0,0.0818861,1
173494,1,1,1.0,1
173495,0,0,0.020844316,1
173496,1,1,0.6984837,1
173497,1,1,0.9790958,1
173498,1,1,0.6401298,1
173499,0,0,0.075721376,1
173500,1,1,1.0,1
173501,1,1,1.0,1
173502,0,0,0.29188833,1
173503,1,1,0.9999999,1
173504,1,1,0.9999318,1
173505,1,1,0.9994128,1
173506,1,1,0.46417284,1
173507,1,1,0.9999964,1
173508,1,0,0.18140818,0
173509,0,1,0.7187425,0
173510,1,1,0.99575186,1
173511,0,1,0.9673795,0
173512,0,0,0.15863001,1
173513,1,1,0.9994777,1
173514,1,1,0.7226249,1
173515,0,1,0.7639243,0
173516,0,0,0.2150209,1
173517,0,0,0.023554333,1
173518,0,1,0.96903247,0
173519,0,0,0.017883008,1
173520,1,1,1.0,1
173521,1,1,0.8882751,1
173522,0,1,0.9382373,0
173523,0,0,0.07626997,1
173524,1,1,1.0,1
173525,1,1,1.0,1
173526,0,0,0.2403286,1
173527,0,1,0.70094603,0
173528,1,0,0.0011626857,0
173529,1,1,0.9896718,1
173530,1,1,0.99996734,1
173531,1,1,1.0,1
173532,1,0,0.053058814,0
173533,0,0,0.0570714,1
173534,0,0,0.05970174,1
173535,0,0,0.059646945,1
173536,0,0,0.15463115,1
173537,1,1,0.9993255,1
173538,1,1,0.9998247,1
173539,0,0,0.11397346,1
173540,1,1,0.9999672,1
173541,1,1,0.98792297,1
173542,0,0,0.14396824,1
173543,0,1,0.9363432,0
173544,0,1,1.0,0
173545,1,1,1.0,1
173546,0,1,0.4207781,0
173547,0,1,0.9999999,0
173548,1,1,1.0,1
173549,1,1,0.99913067,1
173550,1,1,0.98400164,1
173551,1,1,0.9999999,1
173552,0,1,0.56241685,0
173553,0,1,0.94287604,0
173554,0,0,0.021491766,1
173555,0,1,0.99970406,0
173556,0,1,0.80730873,0
173557,1,1,1.0,1
173558,0,1,0.9949397,0
173559,1,1,0.9999925,1
173560,0,0,0.028355207,1
173561,0,0,0.042324588,1
173562,0,1,0.44049937,0
173563,0,1,0.50115967,0
173564,0,1,0.9928092,0
173565,0,1,0.9999094,0
173566,1,1,1.0,1
173567,0,1,0.8668104,0
173568,1,1,0.73587894,1
173569,1,1,0.99900144,1
173570,0,0,0.11506276,1
173571,0,1,0.8505928,0
173572,0,0,0.32756075,1
173573,1,1,0.96323055,1
173574,0,1,0.99996674,0
173575,0,0,0.20673384,1
173576,0,0,0.043365803,1
173577,0,0,0.010550081,1
173578,1,1,0.9883128,1
173579,1,0,0.067056276,0
173580,1,1,1.0,1
173581,1,1,0.99995613,1
173582,0,0,0.017012626,1
173583,0,0,0.2507293,1
173584,1,1,0.5685356,1
173585,0,1,0.9915707,0
173586,0,1,0.41605502,0
173587,0,0,0.19721243,1
173588,1,1,0.9908035,1
173589,1,1,0.99995255,1
173590,0,0,0.20291662,1
173591,1,1,0.8680457,1
173592,1,1,1.0,1
173593,0,1,0.84376645,0
173594,1,1,0.9997305,1
173595,0,0,0.21526824,1
173596,0,0,0.21436231,1
173597,1,0,0.15090261,0
173598,1,1,1.0,1
173599,0,0,0.18982127,1
173600,0,0,0.041075893,1
173601,0,1,0.85776806,0
173602,0,0,0.24319282,1
173603,0,0,0.0212264,1
173604,0,0,0.011777842,1
173605,1,1,1.0,1
173606,0,1,0.5115336,0
173607,1,1,0.63011605,1
173608,0,0,0.1496556,1
173609,1,1,0.9749884,1
173610,1,1,1.0,1
173611,1,0,0.055720285,0
173612,1,1,0.99999917,1
173613,0,1,0.99999976,0
173614,0,0,0.33350322,1
173615,1,1,1.0,1
173616,1,1,0.6461812,1
173617,1,0,0.022911692,0
173618,1,0,0.10715685,0
173619,0,1,0.9999968,0
173620,1,1,1.0,1
173621,1,1,0.94934165,1
173622,1,0,0.10347653,0
173623,0,1,0.4877344,0
173624,1,1,0.9713201,1
173625,0,1,0.9989556,0
173626,1,1,1.0,1
173627,0,0,0.0683507,1
173628,1,0,0.19845225,0
173629,0,1,0.5696133,0
173630,1,1,1.0,1
173631,1,1,0.99494946,1
173632,1,1,0.9996451,1
173633,1,1,0.9999987,1
173634,1,1,1.0,1
173635,1,0,0.12797923,0
173636,1,1,0.9790758,1
173637,1,1,0.9943581,1
173638,1,1,0.99999976,1
173639,1,1,1.0,1
173640,1,1,0.9999367,1
173641,1,1,0.77089626,1
173642,1,1,0.8275496,1
173643,0,1,0.9999999,0
173644,1,0,0.12667711,0
173645,1,1,0.88700897,1
173646,1,1,0.42378587,1
173647,0,0,0.121008955,1
173648,0,0,0.032009803,1
173649,1,1,0.9932681,1
173650,0,1,0.459925,0
173651,1,1,1.0,1
173652,1,1,0.99995804,1
173653,0,1,0.9714559,0
173654,1,1,0.9999951,1
173655,1,0,0.036700353,0
173656,1,0,0.008461998,0
173657,0,0,0.32955354,1
173658,0,1,0.99993813,0
173659,1,1,0.99996364,1
173660,0,1,0.9996178,0
173661,0,0,0.052086018,1
173662,1,1,0.6945617,1
173663,1,1,0.80147004,1
173664,1,1,0.64237636,1
173665,0,1,0.99998546,0
173666,1,1,0.9172285,1
173667,1,1,0.47989976,1
173668,1,1,1.0,1
173669,1,1,0.9994253,1
173670,0,0,0.2887195,1
173671,0,1,0.9973477,0
173672,1,0,0.33785865,0
173673,1,1,1.0,1
173674,1,1,0.9651191,1
173675,1,1,0.69580334,1
173676,1,0,0.18278994,0
173677,1,1,1.0,1
173678,1,1,0.9998184,1
173679,0,0,0.10989669,1
173680,0,1,0.9999838,0
173681,0,0,0.15700755,1
173682,1,1,0.9999993,1
173683,0,1,0.8601343,0
173684,1,1,1.0,1
173685,1,1,0.985129,1
173686,0,1,0.97104686,0
173687,1,0,0.038865484,0
173688,0,0,0.015014747,1
173689,1,1,0.9999994,1
173690,1,1,1.0,1
173691,0,1,0.68747264,0
173692,1,1,1.0,1
173693,1,1,0.6204492,1
173694,1,1,0.9998872,1
173695,1,1,0.9882676,1
173696,0,1,0.5475245,0
173697,1,0,0.26530904,0
173698,1,0,0.10493506,0
173699,0,1,0.9942363,0
173700,0,0,0.24256429,1
173701,0,1,0.9986462,0
173702,0,0,0.088425905,1
173703,1,1,0.9999962,1
173704,1,0,0.037573304,0
173705,1,1,0.99951875,1
173706,1,1,0.9999925,1
173707,1,1,1.0,1
173708,0,1,0.6388916,0
173709,1,0,0.1834473,0
173710,0,1,0.41875634,0
173711,1,1,0.90982693,1
173712,1,1,0.41857806,1
173713,1,1,1.0,1
173714,0,1,0.9541374,0
173715,0,0,0.15469499,1
173716,0,0,0.1459046,1
173717,1,1,1.0,1
173718,1,1,0.9999311,1
173719,1,1,0.99999917,1
173720,0,1,0.86916035,0
173721,1,1,0.99021614,1
173722,1,0,0.32922992,0
173723,1,1,1.0,1
173724,1,1,0.9999995,1
173725,1,1,1.0,1
173726,0,1,0.999658,0
173727,0,1,0.99300176,0
173728,1,1,1.0,1
173729,1,1,1.0,1
173730,0,0,0.26350462,1
173731,0,1,1.0,0
173732,1,0,0.21717146,0
173733,1,1,1.0,1
173734,0,1,0.42170066,0
173735,0,0,0.019946933,1
173736,0,1,0.8073847,0
173737,1,0,0.019738017,0
173738,1,1,0.9992706,1
173739,1,0,0.048002712,0
173740,1,1,1.0,1
173741,0,0,0.07544843,1
173742,1,1,1.0,1
173743,1,1,0.9999937,1
173744,0,0,0.077727415,1
173745,1,1,1.0,1
173746,1,1,0.9986594,1
173747,0,1,0.6863175,0
173748,0,1,0.99995494,0
173749,1,1,0.44504708,1
173750,0,0,0.14235108,1
173751,0,0,0.12570794,1
173752,1,1,0.9989077,1
173753,0,0,0.056809194,1
173754,0,1,0.85705173,0
173755,0,0,0.2776688,1
173756,1,1,0.50659144,1
173757,1,1,1.0,1
173758,1,1,0.9944666,1
173759,1,1,0.99999976,1
173760,1,1,0.9996207,1
173761,0,0,0.06424133,1
173762,1,0,0.08803311,0
173763,1,1,0.998103,1
173764,0,0,0.08586245,1
173765,1,0,0.119151674,0
173766,0,1,0.99984884,0
173767,1,1,0.9999502,1
173768,0,1,0.82090056,0
173769,1,1,0.98122096,1
173770,0,0,0.055874642,1
173771,0,0,0.13546064,1
173772,1,1,0.6633964,1
173773,0,1,0.36223567,0
173774,0,0,0.13324596,1
173775,1,0,0.17518502,0
173776,1,1,0.9999999,1
173777,1,1,0.9999856,1
173778,1,0,0.21403356,0
173779,1,0,0.17147702,0
173780,1,1,1.0,1
173781,1,1,0.99248135,1
173782,1,1,0.9980994,1
173783,1,1,1.0,1
173784,1,1,0.9999987,1
173785,0,0,0.083890386,1
173786,0,1,0.98892784,0
173787,1,1,0.58604914,1
173788,0,1,0.89274967,0
173789,1,1,0.99997187,1
173790,0,1,0.38745853,0
173791,1,1,1.0,1
173792,0,0,0.089853115,1
173793,1,0,0.27918932,0
173794,1,1,0.99978346,1
173795,1,0,0.14211279,0
173796,0,0,0.26227456,1
173797,1,1,0.9998111,1
173798,1,1,1.0,1
173799,1,1,1.0,1
173800,1,1,0.9999993,1
173801,0,0,0.13061775,1
173802,0,0,0.06394842,1
173803,1,1,0.9920002,1
173804,1,1,0.9999999,1
173805,0,0,0.07978202,1
173806,1,0,0.10150035,0
173807,1,0,0.03317983,0
173808,1,1,0.99882597,1
173809,1,1,0.99256825,1
173810,1,1,1.0,1
173811,0,0,0.0111580305,1
173812,1,1,0.9992834,1
173813,0,1,0.54613304,0
173814,1,1,1.0,1
173815,1,0,0.25082102,0
173816,1,1,0.9999511,1
173817,0,1,0.9993845,0
173818,0,1,0.9996493,0
173819,1,1,0.9906419,1
173820,0,1,0.96378,0
173821,0,0,0.001827943,1
173822,1,1,0.9798034,1
173823,1,1,0.7119819,1
173824,0,1,0.94240075,0
173825,1,1,0.92206234,1
173826,0,0,0.2213507,1
173827,0,0,0.1138749,1
173828,0,0,0.11153119,1
173829,1,1,1.0,1
173830,1,1,0.99971205,1
173831,0,0,0.012895588,1
173832,0,1,0.566738,0
173833,0,1,0.7070508,0
173834,1,1,0.9539232,1
173835,1,0,0.017797453,0
173836,1,1,1.0,1
173837,0,0,0.20181322,1
173838,0,0,0.25534368,1
173839,0,0,0.2434625,1
173840,0,0,0.028490044,1
173841,0,1,0.9674411,0
173842,0,0,0.056184534,1
173843,0,0,0.030014923,1
173844,1,1,1.0,1
173845,1,0,0.18602112,0
173846,1,1,0.99999833,1
173847,1,1,0.9997273,1
173848,1,1,0.999964,1
173849,1,1,1.0,1
173850,1,1,0.9999999,1
173851,0,0,0.13398075,1
173852,0,1,0.7981081,0
173853,1,1,0.99999356,1
173854,1,1,1.0,1
173855,1,0,0.03465149,0
173856,0,0,0.124532074,1
173857,0,1,0.9999999,0
173858,1,1,1.0,1
173859,1,0,0.037999377,0
173860,0,1,0.4364119,0
173861,0,0,0.08779819,1
173862,0,0,0.13420753,1
173863,1,0,0.027822025,0
173864,0,1,0.9999695,0
173865,1,1,0.93674946,1
173866,0,1,0.99999857,0
173867,1,1,0.99999976,1
173868,1,1,0.5594706,1
173869,1,0,0.071786165,0
173870,1,1,1.0,1
173871,0,0,0.014447853,1
173872,1,1,0.9970822,1
173873,1,1,0.9922144,1
173874,1,1,0.9999937,1
173875,1,1,0.9999999,1
173876,0,0,0.16687897,1
173877,0,1,0.51391244,0
173878,0,1,0.99960417,0
173879,1,1,0.9998141,1
173880,1,1,0.8933094,1
173881,1,1,0.99999976,1
173882,1,1,0.8340017,1
173883,1,0,0.20465964,0
173884,1,1,1.0,1
173885,1,1,1.0,1
173886,0,0,0.0275591,1
173887,1,1,0.9951984,1
173888,0,0,0.1500911,1
173889,1,1,0.9999387,1
173890,0,1,0.5853975,0
173891,1,1,1.0,1
173892,0,0,0.07524433,1
173893,1,1,0.9999858,1
173894,1,1,1.0,1
173895,1,1,0.82573026,1
173896,1,1,0.9971717,1
173897,1,1,0.9999999,1
173898,1,1,0.99998057,1
173899,0,1,0.88263035,0
173900,0,1,0.572902,0
173901,0,0,0.10306956,1
173902,1,0,0.02335303,0
173903,0,0,0.21117273,1
173904,0,0,0.05198967,1
173905,1,1,0.9779888,1
173906,0,1,0.66459477,0
173907,0,1,0.94018847,0
173908,0,1,0.49224916,0
173909,0,0,0.044224583,1
173910,0,0,0.042048372,1
173911,1,1,1.0,1
173912,1,1,1.0,1
173913,0,1,0.999961,0
173914,0,1,0.99982125,0
173915,0,1,0.63810265,0
173916,1,1,0.99854773,1
173917,1,1,1.0,1
173918,0,0,0.037082024,1
173919,0,1,0.6977634,0
173920,0,1,0.55802596,0
173921,1,1,0.99961925,1
173922,0,0,0.04050277,1
173923,1,1,1.0,1
173924,1,1,0.9984692,1
173925,0,1,0.9999988,0
173926,0,1,0.92879725,0
173927,1,1,0.9935369,1
173928,0,0,0.00798427,1
173929,1,1,1.0,1
173930,0,0,0.07329728,1
173931,1,1,0.9999994,1
173932,1,1,0.99988985,1
173933,0,0,0.18550415,1
173934,1,1,0.9999633,1
173935,1,0,0.035012625,0
173936,1,1,0.9983612,1
173937,1,1,0.99999106,1
173938,0,0,0.06973154,1
173939,0,0,0.11757212,1
173940,1,1,0.5239075,1
173941,1,1,0.9325147,1
173942,0,1,0.63278645,0
173943,1,0,0.013454153,0
173944,0,1,0.7183475,0
173945,0,0,0.11889567,1
173946,1,1,0.776877,1
173947,0,1,0.66285104,0
173948,1,1,0.99611557,1
173949,1,1,0.81286734,1
173950,1,1,0.9999981,1
173951,0,0,0.10402136,1
173952,0,1,0.3522018,0
173953,1,1,0.9991204,1
173954,1,0,0.27693492,0
173955,0,1,0.99999964,0
173956,1,1,0.5246991,1
173957,1,1,0.98685336,1
173958,1,0,0.16384642,0
173959,1,1,0.97029626,1
173960,0,1,0.68167377,0
173961,0,1,0.8322367,0
173962,1,1,0.9962126,1
173963,1,1,0.99994457,1
173964,0,1,0.4438716,0
173965,1,1,0.9951325,1
173966,0,1,0.74927074,0
173967,1,1,1.0,1
173968,0,0,0.007121429,1
173969,0,0,0.012845958,1
173970,0,1,0.99242276,0
173971,0,0,0.02824778,1
173972,1,0,0.003914824,0
173973,1,1,1.0,1
173974,0,1,0.9999132,0
173975,0,0,0.13150749,1
173976,1,1,0.8903896,1
173977,1,1,0.9991013,1
173978,0,1,0.57080984,0
173979,1,1,0.99865156,1
173980,0,1,0.888372,0
173981,0,1,0.98557997,0
173982,1,0,0.02884354,0
173983,1,1,0.9997023,1
173984,1,1,0.9993773,1
173985,0,0,0.023153413,1
173986,1,1,0.99779165,1
173987,0,1,0.9999989,0
173988,0,0,0.21247703,1
173989,1,1,1.0,1
173990,1,1,0.9759235,1
173991,1,1,0.99960417,1
173992,0,0,0.1454792,1
173993,0,0,0.11486404,1
173994,1,1,0.9883802,1
173995,0,0,0.09392703,1
173996,1,0,0.22678365,0
173997,1,1,1.0,1
173998,1,1,0.99999905,1
173999,0,1,0.5626572,0
174000,0,0,0.04344689,1
174001,1,1,0.8782099,1
174002,0,0,0.030646773,1
174003,0,0,0.12759827,1
174004,0,0,0.25902826,1
174005,0,0,0.18462047,1
174006,0,0,0.11211313,1
174007,1,0,0.035277545,0
174008,1,1,0.99633574,1
174009,1,0,0.16995622,0
174010,1,1,0.9999893,1
174011,0,1,0.4099883,0
174012,1,0,0.093678005,0
174013,0,0,0.16694687,1
174014,0,0,0.28066567,1
174015,0,0,0.050424065,1
174016,0,1,0.9993563,0
174017,1,1,1.0,1
174018,0,1,0.98815376,0
174019,0,0,0.27659285,1
174020,0,0,0.1390453,1
174021,1,1,0.9999777,1
174022,1,1,0.97212505,1
174023,1,0,0.0069172424,0
174024,1,1,1.0,1
174025,1,1,0.87966454,1
174026,0,0,0.06435884,1
174027,0,1,0.5662584,0
174028,1,1,1.0,1
174029,1,0,0.050846573,0
174030,0,1,0.99973255,0
174031,1,0,0.024469672,0
174032,1,0,0.2766905,0
174033,0,1,0.71567243,0
174034,0,0,0.3304712,1
174035,0,1,0.86165464,0
174036,0,1,1.0,0
174037,1,1,1.0,1
174038,1,1,0.9915216,1
174039,1,0,0.06301948,0
174040,1,1,0.45144743,1
174041,1,1,0.999997,1
174042,1,1,0.92379886,1
174043,1,1,0.99979585,1
174044,1,1,0.9999993,1
174045,1,1,0.7864589,1
174046,0,0,0.1510904,1
174047,0,1,0.77381516,0
174048,1,1,0.9999851,1
174049,1,1,1.0,1
174050,1,0,0.11787642,0
174051,0,1,0.9998671,0
174052,1,1,0.84632385,1
174053,0,0,0.078148484,1
174054,0,1,0.9810037,0
174055,1,1,1.0,1
174056,0,0,0.06644793,1
174057,0,1,0.9974291,0
174058,0,1,1.0,0
174059,0,1,0.38615564,0
174060,1,1,0.9999989,1
174061,0,1,0.7240418,0
174062,1,0,0.12689333,0
174063,1,1,0.9997546,1
174064,1,1,0.99998,1
174065,1,1,0.99953353,1
174066,1,1,0.9975466,1
174067,0,0,0.020586777,1
174068,1,1,0.99329424,1
174069,0,0,0.28781784,1
174070,0,1,0.99959785,0
174071,0,1,0.5585678,0
174072,0,1,0.6470737,0
174073,0,0,0.042562727,1
174074,1,1,0.999995,1
174075,1,1,0.99980897,1
174076,0,0,0.182717,1
174077,0,1,0.9999999,0
174078,0,0,0.005426944,1
174079,1,1,0.9687676,1
174080,0,0,0.011288075,1
174081,1,0,0.15329547,0
174082,1,0,0.049958523,0
174083,1,1,0.551151,1
174084,0,1,0.9743129,0
174085,0,0,0.2973679,1
174086,1,1,1.0,1
174087,0,0,0.07892589,1
174088,1,1,1.0,1
174089,0,0,0.013636835,1
174090,0,1,0.9820655,0
174091,0,1,0.81449586,0
174092,1,1,0.98866826,1
174093,1,0,0.015306354,0
174094,0,0,0.07913913,1
174095,1,1,0.45159855,1
174096,1,1,0.99926203,1
174097,0,1,0.92847365,0
174098,0,0,0.16231363,1
174099,0,0,0.09392703,1
174100,1,1,0.999723,1
174101,0,1,0.77029204,0
174102,0,0,0.0288983,1
174103,1,1,1.0,1
174104,1,1,0.99991214,1
174105,0,1,0.99992,0
174106,0,0,0.014309456,1
174107,0,0,0.27105868,1
174108,1,1,0.9999999,1
174109,1,1,0.9999963,1
174110,1,1,1.0,1
174111,0,1,0.9999989,0
174112,1,0,0.0067058485,0
174113,0,1,0.9823047,0
174114,1,1,0.99952257,1
174115,0,0,0.27091402,1
174116,0,1,0.84758973,0
174117,1,1,1.0,1
174118,1,0,0.10415796,0
174119,0,1,0.9719126,0
174120,0,0,0.30725408,1
174121,0,1,0.37995335,0
174122,1,1,1.0,1
174123,1,1,0.5298716,1
174124,0,0,0.14487322,1
174125,0,0,0.013875309,1
174126,1,1,1.0,1
174127,1,1,1.0,1
174128,1,0,0.14946929,0
174129,1,1,0.8763172,1
174130,1,1,0.82810634,1
174131,0,0,0.19946387,1
174132,1,1,0.6648124,1
174133,1,1,1.0,1
174134,1,0,0.2794842,0
174135,0,0,0.06872476,1
174136,1,1,0.6455111,1
174137,0,1,0.7989722,0
174138,0,0,0.10530251,1
174139,1,1,0.9999994,1
174140,0,1,0.70568365,0
174141,0,1,0.4025095,0
174142,0,1,0.9546474,0
174143,0,1,0.99877197,0
174144,0,0,0.017492766,1
174145,0,1,0.52092284,0
174146,1,1,0.5874107,1
174147,0,1,0.5839153,0
174148,1,1,0.5842119,1
174149,0,1,0.99940467,0
174150,1,0,0.3456849,0
174151,1,1,1.0,1
174152,0,1,0.76829886,0
174153,1,1,0.9684709,1
174154,1,1,0.7890712,1
174155,0,1,0.9939964,0
174156,1,1,0.9997658,1
174157,1,1,1.0,1
174158,0,1,0.9971661,0
174159,1,1,0.72501636,1
174160,0,1,0.8589554,0
174161,0,1,0.9928786,0
174162,0,0,0.06412401,1
174163,0,1,0.992062,0
174164,1,1,0.99999034,1
174165,0,0,0.10158944,1
174166,0,0,0.24023944,1
174167,1,1,0.81286734,1
174168,0,1,0.9976495,0
174169,1,1,0.99845123,1
174170,0,0,0.14639206,1
174171,1,1,0.99864095,1
174172,1,1,0.96381396,1
174173,0,0,0.22422528,1
174174,1,0,0.049039625,0
174175,0,0,0.101723224,1
174176,0,0,0.10212547,1
174177,1,1,1.0,1
174178,1,0,0.094594024,0
174179,0,0,0.08570927,1
174180,1,1,0.9736196,1
174181,0,0,0.19276717,1
174182,0,0,0.106597565,1
174183,0,1,0.5530829,0
174184,1,1,0.99995553,1
174185,1,1,1.0,1
174186,0,1,0.519887,0
174187,0,0,0.32691577,1
174188,0,1,0.91022676,0
174189,0,0,0.019851703,1
174190,1,0,0.0385747,0
174191,0,1,0.9983865,0
174192,0,0,0.16231363,1
174193,1,1,0.8813088,1
174194,1,1,0.9055731,1
174195,1,1,0.9999995,1
174196,1,1,0.999997,1
174197,0,0,0.27527583,1
174198,0,0,0.03038675,1
174199,0,0,0.2594502,1
174200,0,1,0.97142875,0
174201,1,1,0.3994309,1
174202,0,0,0.023757325,1
174203,1,1,0.9124362,1
174204,0,1,0.99997187,0
174205,1,1,0.5943159,1
174206,1,0,0.03882902,0
174207,1,1,0.8467045,1
174208,1,1,0.89991575,1
174209,0,0,0.095518075,1
174210,1,0,0.074567616,0
174211,1,1,1.0,1
174212,0,0,0.10311471,1
174213,1,1,0.96131647,1
174214,1,1,0.99977833,1
174215,0,1,0.3566707,0
174216,1,1,0.8062431,1
174217,1,1,1.0,1
174218,0,0,0.0125279315,1
174219,0,0,0.17638768,1
174220,1,0,0.024076486,0
174221,0,0,0.093760945,1
174222,1,1,0.971537,1
174223,0,1,0.3727335,0
174224,0,1,0.92729753,0
174225,0,1,0.9999895,0
174226,0,1,0.56235677,0
174227,1,1,0.99999774,1
174228,1,1,1.0,1
174229,0,0,0.3089195,1
174230,1,0,0.010368156,0
174231,0,0,0.04023794,1
174232,0,0,0.07999737,1
174233,1,1,0.9036349,1
174234,1,1,0.9429286,1
174235,1,1,0.999997,1
174236,0,1,0.4022747,0
174237,1,1,0.99999964,1
174238,1,0,0.21850257,0
174239,0,1,0.92324704,0
174240,1,1,0.9301416,1
174241,0,0,0.17674264,1
174242,1,1,1.0,1
174243,1,1,0.99991846,1
174244,0,0,0.16371268,1
174245,1,1,0.98555213,1
174246,0,1,0.9437636,0
174247,0,0,0.33649457,1
174248,0,0,0.023599295,1
174249,1,1,1.0,1
174250,1,1,0.9943031,1
174251,1,1,1.0,1
174252,0,0,0.14651415,1
174253,0,1,0.9907499,0
174254,0,0,0.07524433,1
174255,0,0,0.09739039,1
174256,0,0,0.15140381,1
174257,0,0,0.15222117,1
174258,1,1,1.0,1
174259,1,1,1.0,1
174260,0,1,0.6021786,0
174261,0,1,0.99780875,0
174262,0,0,0.26559463,1
174263,0,0,0.057387535,1
174264,0,0,0.09081609,1
174265,0,0,0.059155874,1
174266,0,0,0.06644793,1
174267,0,1,0.71913713,0
174268,0,1,0.49121183,0
174269,0,0,0.32434243,1
174270,0,1,0.9191359,0
174271,0,1,0.9327602,0
174272,1,1,0.99996173,1
174273,1,1,0.9883802,1
174274,0,0,0.13398075,1
174275,1,1,1.0,1
174276,1,1,0.9999831,1
174277,0,1,0.99262565,0
174278,0,0,0.030559864,1
174279,1,1,0.9936365,1
174280,0,0,0.019345101,1
174281,1,1,0.99999785,1
174282,1,1,0.84581506,1
174283,1,1,1.0,1
174284,0,1,0.8505928,0
174285,1,0,0.14384791,0
174286,1,0,0.21983956,0
174287,0,0,0.26029545,1
174288,1,1,1.0,1
174289,1,1,0.99991286,1
174290,0,1,0.95659363,0
174291,1,0,0.062216975,0
174292,1,0,0.026759284,0
174293,1,1,1.0,1
174294,1,1,0.9809125,1
174295,0,0,0.051462766,1
174296,0,0,0.14187485,1
174297,0,1,0.5391045,0
174298,0,1,0.9773924,0
174299,1,1,0.99999714,1
174300,1,1,0.99999774,1
174301,1,0,0.0763388,0
174302,0,1,0.9466954,0
174303,1,1,0.41253015,1
174304,1,1,0.37570646,1
174305,0,0,0.23379381,1
174306,1,1,0.9999999,1
174307,1,1,0.99864095,1
174308,0,1,0.9999988,0
174309,1,1,0.9999999,1
174310,1,1,0.9999999,1
174311,1,0,0.12447884,0
174312,1,1,0.9984022,1
174313,1,1,0.67976356,1
174314,1,1,1.0,1
174315,0,0,0.046378206,1
174316,1,1,0.9995652,1
174317,1,1,0.92703366,1
174318,1,1,0.99342304,1
174319,0,1,0.67955095,0
174320,1,1,0.99998915,1
174321,1,1,0.7430282,1
174322,1,1,0.99999976,1
174323,1,1,0.9251624,1
174324,1,1,0.999879,1
174325,1,1,0.94287604,1
174326,1,1,0.5324251,1
174327,1,1,1.0,1
174328,0,0,0.002673006,1
174329,0,0,0.17433996,1
174330,1,1,0.99998415,1
174331,1,0,0.08929564,0
174332,0,0,0.06916357,1
174333,0,1,0.99881446,0
174334,0,1,0.94154674,0
174335,0,0,0.08740792,1
174336,1,0,0.021024454,0
174337,0,0,0.0118920505,1
174338,1,0,0.13747455,0
174339,1,1,0.9999988,1
174340,0,0,0.15002882,1
174341,0,0,0.16708273,1
174342,1,0,0.03188899,0
174343,1,1,1.0,1
174344,1,1,0.8517063,1
174345,1,1,1.0,1
174346,0,0,0.12576161,1
174347,1,1,1.0,1
174348,1,1,0.9998623,1
174349,1,1,1.0,1
174350,1,1,1.0,1
174351,0,1,0.99428093,0
174352,1,1,1.0,1
174353,0,0,0.19544049,1
174354,0,1,0.99999404,0
174355,1,0,0.17462131,0
174356,0,1,0.65063375,0
174357,1,1,0.69269395,1
174358,0,1,0.9948403,0
174359,0,0,0.03491378,1
174360,0,1,0.6017691,0
174361,0,0,0.32643247,1
174362,0,0,0.12241826,1
174363,0,1,0.89947516,0
174364,0,1,0.9997695,0
174365,0,0,0.055566337,1
174366,0,0,0.0026163394,1
174367,1,1,1.0,1
174368,1,1,0.38499883,1
174369,1,0,0.26874945,0
174370,1,0,0.30626762,0
174371,1,1,1.0,1
174372,1,1,0.9818579,1
174373,1,0,0.030502051,0
174374,1,1,0.9887988,1
174375,0,0,0.13828714,1
174376,0,0,0.030415535,1
174377,0,0,0.055617616,1
174378,1,1,0.98860246,1
174379,0,1,0.97573924,0
174380,1,1,0.89312315,1
174381,0,1,0.41537306,0
174382,0,0,0.24963012,1
174383,0,0,0.033336822,1
174384,0,1,0.99178034,0
174385,0,1,0.81271875,0
174386,0,1,0.3765658,0
174387,1,1,0.9920773,1
174388,1,0,0.11357959,0
174389,1,1,0.9996207,1
174390,1,1,1.0,1
174391,1,1,0.896614,1
174392,1,1,0.9999043,1
174393,1,1,0.9999924,1
174394,1,1,0.99984646,1
174395,1,1,0.99271095,1
174396,1,1,0.99999964,1
174397,1,1,0.9999957,1
174398,1,1,0.75680715,1
174399,1,1,0.99999416,1
174400,1,1,0.9999999,1
174401,1,1,0.99946946,1
174402,1,1,0.8940517,1
174403,1,1,0.98089427,1
174404,1,1,0.9999994,1
174405,1,1,1.0,1
174406,1,1,1.0,1
174407,1,1,1.0,1
174408,1,1,0.99999845,1
174409,1,1,1.0,1
174410,1,1,1.0,1
174411,1,1,1.0,1
174412,1,1,0.6664425,1
174413,1,1,1.0,1
174414,1,1,0.99989486,1
174415,1,1,0.9999405,1
174416,1,1,0.99999356,1
174417,1,1,0.9726495,1
174418,1,1,0.8987666,1
174419,1,1,0.48114908,1
174420,1,1,0.9998702,1
174421,1,1,0.9999999,1
174422,1,1,0.56079394,1
174423,1,0,0.22270013,0
174424,1,1,0.99959236,1
174425,1,1,1.0,1
174426,1,1,0.8409133,1
174427,1,1,0.99949956,1
174428,1,1,0.5161077,1
174429,1,1,0.8076124,1
174430,1,1,0.6288064,1
174431,1,1,0.8671483,1
174432,1,1,0.93891287,1
174433,1,1,0.92338526,1
174434,1,0,0.23669264,0
174435,1,1,0.9998785,1
174436,1,0,0.044142097,0
174437,1,0,0.14780103,0
174438,1,0,0.15482274,0
174439,1,0,0.08532742,0
174440,1,1,0.8677098,1
174441,1,0,0.21535073,0
174442,1,0,0.085479975,0
174443,1,0,0.018475594,0
174444,1,1,0.5701518,1
174445,1,0,0.079638734,0
174446,1,1,0.4414924,1
174447,1,0,0.20228556,0
174448,1,0,0.25916883,0
174449,1,0,6.735482e-05,0
174450,1,0,0.00932197,0
174451,1,0,0.09170697,0
174452,1,0,0.05717659,0
174453,1,1,0.91212356,1
174454,1,0,0.067056276,0
174455,1,1,0.8601343,1
174456,1,0,0.03038675,0
174457,1,0,0.19238758,0
174458,1,1,0.95447797,1
174459,1,0,0.22456521,0
174460,1,1,0.61201984,1
174461,1,0,0.21354114,0
174462,1,1,0.4865755,1
174463,1,1,0.4529896,1
174464,1,0,0.13828714,0
174465,1,1,0.9772191,1
174466,1,1,0.79182106,1
174467,1,1,0.9898107,1
174468,1,1,0.9999467,1
174469,1,0,0.3496993,0
174470,1,1,0.99999964,1
174471,1,1,0.9805993,1
174472,1,1,0.9999863,1
174473,1,1,0.99971646,1
174474,1,1,0.99972624,1
174475,1,1,0.99349916,1
174476,1,1,0.96795994,1
174477,1,1,0.9984633,1
174478,1,1,0.999902,1
174479,1,1,0.7214489,1
174480,1,1,0.99999845,1
174481,1,1,0.99982125,1
174482,1,0,0.033494536,0
174483,1,1,0.999984,1
174484,1,1,0.88602656,1
174485,1,1,0.9734181,1
174486,1,1,0.9999999,1
174487,1,1,0.99989283,1
174488,1,1,1.0,1
174489,1,1,0.98157746,1
174490,1,1,0.9999709,1
174491,1,1,0.99963665,1
174492,1,1,0.98819935,1
174493,1,1,0.9999937,1
174494,1,1,0.70288706,1
174495,1,1,0.9999138,1
174496,1,1,0.9993081,1
174497,1,1,0.99999976,1
174498,1,1,0.8576489,1
174499,1,1,0.7405498,1
174500,1,1,0.8945133,1
174501,1,1,0.4238157,1
174502,1,1,0.42721748,1
174503,1,1,0.9989392,1
174504,1,1,0.9999956,1
174505,1,1,0.99995756,1
174506,1,1,0.98324674,1
174507,1,1,0.9977393,1
174508,1,1,0.94886994,1
174509,1,1,0.8369547,1
174510,1,0,0.33084944,0
174511,1,1,0.9595352,1
174512,1,0,0.16995622,0
174513,1,1,1.0,1
174514,1,1,0.999894,1
174515,1,1,0.99837387,1
174516,1,1,0.9999999,1
174517,1,1,0.9966036,1
174518,1,1,0.99987316,1
174519,1,1,0.99991107,1
174520,1,1,1.0,1
174521,1,1,0.999944,1
174522,1,1,0.9999957,1
174523,1,1,0.9999999,1
174524,1,1,0.9999825,1
174525,1,1,0.9976311,1
174526,1,1,0.9995753,1
174527,1,1,0.99929726,1
174528,1,1,0.99628556,1
174529,1,1,0.9697854,1
174530,1,1,1.0,1
174531,1,1,0.99999964,1
174532,1,1,0.9999975,1
174533,1,1,0.99999976,1
174534,1,1,0.9998118,1
174535,1,1,0.9999994,1
174536,1,1,1.0,1
174537,1,1,0.99605453,1
174538,1,1,0.99999917,1
174539,1,0,0.18922126,0
174540,1,1,0.99995446,1
174541,1,1,0.9985952,1
174542,1,1,0.9999689,1
174543,1,1,0.9999963,1
174544,1,1,0.9999654,1
174545,1,1,0.87997437,1
174546,1,1,0.99999976,1
174547,1,1,0.9999999,1
174548,1,1,0.9985952,1
174549,1,1,0.999995,1
174550,1,1,0.9999752,1
174551,1,1,0.9999881,1
174552,1,0,0.32076812,0
174553,1,1,0.9534054,1
174554,1,0,0.108471945,0
174555,1,1,0.8394709,1
174556,1,1,0.9314625,1
174557,1,1,0.9427707,1
174558,1,1,0.98475236,1
174559,1,1,0.9998776,1
174560,1,0,0.0044857943,0
174561,1,1,0.9999987,1
174562,1,1,0.9813286,1
174563,1,1,0.74115914,1
174564,1,1,0.982591,1
174565,1,1,0.9944988,1
174566,1,1,0.99972516,1
174567,1,1,0.6974544,1
174568,1,1,0.9267028,1
174569,1,1,0.9579516,1
174570,1,1,0.90295243,1
174571,1,1,0.9993411,1
174572,1,0,0.0079997545,0
174573,1,1,0.98387814,1
174574,1,1,0.98190993,1
174575,1,0,0.093181714,0
174576,1,0,0.005260852,0
174577,1,1,0.99999976,1
174578,1,0,0.011664719,0
174579,1,1,1.0,1
174580,1,1,0.86499614,1
174581,1,1,0.8100285,1
174582,1,1,0.99758923,1
174583,1,1,0.88059187,1
174584,1,1,0.9754135,1
174585,1,1,0.9190633,1
174586,1,1,0.9999999,1
174587,1,1,0.7229673,1
174588,1,1,0.35970145,1
174589,1,1,0.8964329,1
174590,1,1,0.99983525,1
174591,1,1,0.9646226,1
174592,1,1,0.92310846,1
174593,1,1,0.995523,1
174594,1,1,0.9993242,1
174595,1,1,0.92892635,1
174596,1,0,0.050424065,0
174597,1,0,0.09885954,0
174598,1,1,0.7229673,1
174599,1,1,0.99712723,1
174600,1,1,0.9790958,1
174601,1,1,0.96544635,1
174602,1,1,1.0,1
174603,1,1,0.9999975,1
174604,1,1,0.45256615,1
174605,1,1,0.9999999,1
174606,1,1,0.84208554,1
174607,1,1,0.9966691,1
174608,1,1,0.96560895,1
174609,1,1,0.97786224,1
174610,1,1,0.99981624,1
174611,1,1,0.9999975,1
174612,1,1,0.9405172,1
174613,1,1,0.9991239,1
174614,1,1,0.99998295,1
174615,1,1,0.99980515,1
174616,1,1,0.9659959,1
174617,1,1,0.8775817,1
174618,1,1,0.8149381,1
174619,1,1,0.9710193,1
174620,1,1,0.97856975,1
174621,1,1,0.6991004,1
174622,1,1,0.97865146,1
174623,1,1,0.98707956,1
174624,1,0,0.1481088,0
174625,1,0,0.28120816,0
174626,1,1,0.9064877,1
174627,1,1,1.0,1
174628,1,1,1.0,1
174629,1,1,1.0,1
174630,1,1,0.9999739,1
174631,1,1,0.99999547,1
174632,1,1,0.95695716,1
174633,1,1,0.99974483,1
174634,1,1,0.99586606,1
174635,1,1,0.99920684,1
174636,1,1,0.99861956,1
174637,1,1,0.9455002,1
174638,1,1,0.9995802,1
174639,1,0,0.24382246,0
174640,1,1,0.9996118,1
174641,1,1,0.6199316,1
174642,1,1,0.983597,1
174643,1,1,0.9999999,1
174644,1,1,0.9999875,1
174645,1,1,0.9999999,1
174646,1,1,0.9966168,1
174647,1,1,0.91505283,1
174648,1,1,0.96858984,1
174649,1,1,0.9519527,1
174650,1,1,0.87987113,1
174651,1,1,0.99989486,1
174652,1,1,0.6742114,1
174653,1,1,0.65770334,1
174654,1,0,0.019345101,0
174655,1,1,0.9999864,1
174656,1,1,0.9817182,1
174657,1,0,0.24526574,0
174658,1,1,0.99999976,1
174659,1,1,0.41522485,1
174660,1,1,1.0,1
174661,1,1,0.9961004,1
174662,1,1,0.99737346,1
174663,1,1,0.9998141,1
174664,1,1,1.0,1
174665,1,1,0.9999999,1
174666,1,1,1.0,1
174667,1,1,0.70578504,1
174668,1,1,0.9998111,1
174669,1,1,0.4761838,1
174670,1,1,0.99830914,1
174671,1,1,0.99999976,1
174672,1,1,0.99999964,1
174673,1,1,0.99195355,1
174674,1,1,0.9999821,1
174675,1,1,0.98237246,1
174676,1,1,0.9194258,1
174677,1,1,0.9036349,1
174678,1,1,0.9999212,1
174679,1,1,0.999995,1
174680,1,1,0.99991906,1
174681,1,1,0.9999999,1
174682,1,1,0.9803562,1
174683,1,1,1.0,1
174684,1,1,0.9999658,1
174685,1,1,0.99987805,1
174686,1,1,0.46961147,1
174687,1,0,0.07126734,0
174688,1,1,0.6225741,1
174689,1,0,0.033023555,0
174690,1,0,0.068599865,0
174691,1,1,0.9997131,1
174692,1,0,0.22729777,0
174693,1,1,0.8021684,1
174694,1,1,0.9945201,1
174695,1,1,0.99894947,1
174696,1,1,0.9874236,1
174697,1,1,0.9957437,1
174698,1,1,0.90183425,1
174699,1,1,0.79998976,1
174700,1,1,0.9500415,1
174701,1,1,0.9957353,1
174702,1,0,0.23213603,0
174703,1,0,0.10894504,0
174704,1,0,0.2893717,0
174705,1,1,0.78224695,1
174706,1,1,0.5053099,1
174707,1,1,0.99976224,1
174708,1,1,0.42488918,1
174709,1,1,0.9366916,1
174710,1,1,0.9330048,1
174711,1,1,0.98685336,1
174712,1,0,0.039676033,0
174713,1,1,0.3916386,1
174714,1,0,0.2509128,0
174715,1,0,0.07992553,0
174716,1,1,0.90590656,1
174717,1,0,0.11576064,0
174718,1,0,0.06935241,0
174719,1,1,0.9164094,1
174720,1,0,0.3083985,0
174721,1,0,0.19117662,0
174722,1,0,0.34975484,0
174723,1,1,0.51507115,1
174724,1,0,0.29507753,0
174725,1,0,0.3149453,0
174726,1,1,0.5927255,1
174727,1,1,0.732544,1
174728,1,1,0.4971924,1
174729,1,1,0.9729338,1
174730,1,1,0.9611345,1
174731,1,1,0.75346667,1
174732,1,1,0.8646537,1
174733,1,1,0.8873999,1
174734,1,0,0.18046747,0
174735,1,1,0.8159668,1
174736,1,1,0.6791255,1
174737,1,1,0.572902,1
174738,1,0,0.13223416,0
174739,1,1,0.5880022,1
174740,1,0,0.068040416,0
174741,1,1,0.5532036,1
174742,1,1,0.8079157,1
174743,1,0,0.17582092,0
174744,1,1,0.3938512,1
174745,1,0,0.21850257,0
174746,1,1,0.4571973,1
174747,1,1,0.9985392,1
174748,1,1,0.9999999,1
174749,1,1,1.0,1
174750,1,1,0.9999995,1
174751,1,1,0.9981433,1
174752,1,1,0.9986223,1
174753,1,1,0.9813286,1
174754,1,1,0.99928623,1
174755,1,1,0.9999999,1
174756,1,1,0.9999739,1
174757,1,1,0.99935,1
174758,1,1,0.99954695,1
174759,1,1,0.9207897,1
174760,1,1,0.9999912,1
174761,1,1,0.99995565,1
174762,1,1,0.999985,1
174763,1,1,0.99999976,1
174764,1,1,0.99936,1
174765,1,1,0.9995753,1
174766,1,1,0.99999976,1
174767,1,1,1.0,1
174768,1,1,0.9999975,1
174769,1,1,0.9999901,1
174770,1,1,0.99979895,1
174771,1,1,0.9994777,1
174772,1,1,0.9870297,1
174773,1,1,0.9999913,1
174774,1,1,0.9999889,1
174775,1,1,0.9999764,1
174776,1,1,0.99999774,1
174777,1,1,0.8101787,1
174778,1,0,0.06019705,0
174779,1,0,0.024964014,0
174780,1,1,0.99998593,1
174781,1,0,0.030014923,0
174782,1,0,0.011915022,0
174783,1,0,0.083740406,0
174784,1,0,0.006475691,0
174785,1,0,0.0023688741,0
174786,1,0,0.02753294,0
174787,1,0,0.2424746,0
174788,1,0,0.15974101,0
174789,1,1,0.6978664,1
174790,1,0,0.034586217,0
174791,1,1,0.98303634,1
174792,1,0,0.24771436,0
174793,1,1,0.99999857,1
174794,1,0,0.07850098,0
174795,1,0,0.07531231,0
174796,1,1,0.99994695,1
174797,1,1,0.99972516,1
174798,1,0,0.06608538,0
174799,1,1,0.7837403,1
174800,1,1,0.999977,1
174801,1,0,0.20275874,0
174802,1,1,0.39094082,1
174803,1,0,0.03179867,0
174804,1,1,0.5440748,1
174805,1,1,0.8834373,1
174806,1,1,0.99988127,1
174807,1,0,0.07146149,0
174808,1,1,0.5377697,1
174809,1,0,0.13875328,0
174810,1,0,0.07558479,0
174811,1,0,0.029507361,0
174812,1,1,0.999972,1
174813,1,1,0.99014014,1
174814,1,1,0.9999778,1
174815,1,1,0.9999666,1
174816,1,0,0.108377546,0
174817,1,0,0.120749526,0
174818,1,0,0.0729663,0
174819,1,0,0.01756003,0
174820,1,0,0.0045384313,0
174821,1,0,0.03504564,0
174822,1,0,0.11848707,0
174823,1,0,0.037573304,0
174824,1,0,0.112259015,0
174825,1,0,0.052230857,0
174826,1,0,0.09868569,0
174827,1,1,0.99565166,1
174828,1,0,0.23801847,0
174829,1,0,0.012945406,0
174830,1,0,0.002111584,0
174831,1,0,0.039490405,0
174832,1,0,0.011463797,0
174833,1,1,0.9733675,1
174834,1,1,0.4711928,1
174835,1,1,0.97957015,1
174836,1,0,0.07689149,0
174837,1,0,0.046464663,0
174838,1,0,0.07578975,0
174839,1,0,0.115810655,0
174840,1,0,0.12474515,0
174841,1,0,0.14336753,0
174842,1,1,0.83828294,1
174843,1,1,0.9800149,1
174844,1,0,0.11095189,0
174845,1,1,0.36356217,1
174846,1,1,0.55549556,1
174847,1,1,0.95911604,1
174848,1,1,0.91078377,1
174849,1,1,0.7328309,1
174850,1,0,0.05754622,0
174851,1,0,0.28066567,0
174852,1,1,0.9792947,1
174853,1,1,0.97331697,1
174854,1,1,0.43881527,1
174855,1,1,0.9719659,1
174856,1,1,0.35857764,1
174857,1,1,0.5205573,1
174858,1,1,0.6350527,1
174859,1,1,0.45096374,1
174860,1,1,0.8988553,1
174861,1,1,0.99780875,1
174862,1,1,0.93868846,1
174863,1,1,0.97285664,1
174864,1,0,0.32444942,0
174865,1,1,0.4176871,1
174866,1,1,0.999966,1
174867,1,1,0.9980122,1
174868,1,1,0.99999416,1
174869,1,1,1.0,1
174870,1,1,1.0,1
174871,1,1,0.9999956,1
174872,1,1,0.9996959,1
174873,1,1,0.9997305,1
174874,1,1,0.97752154,1
174875,1,1,0.9995956,1
174876,1,1,0.99999964,1
174877,1,1,1.0,1
174878,1,1,0.9999994,1
174879,1,1,1.0,1
174880,1,1,0.70022905,1
174881,1,1,1.0,1
174882,1,1,0.544983,1
174883,1,1,1.0,1
174884,1,1,0.99985456,1
174885,1,1,0.99998856,1
174886,1,1,0.9999999,1
174887,1,1,0.99727446,1
174888,1,1,0.9999654,1
174889,1,1,0.9995035,1
174890,1,1,0.99306935,1
174891,1,1,1.0,1
174892,1,1,1.0,1
174893,1,1,0.99994934,1
174894,1,1,0.9999994,1
174895,1,1,0.99999714,1
174896,1,1,0.9999999,1
174897,1,1,0.9999999,1
174898,1,1,0.9999995,1
174899,1,1,0.9997358,1
174900,1,1,0.9999615,1
174901,1,1,0.99040353,1
174902,1,1,1.0,1
174903,1,1,0.9987081,1
174904,1,1,0.99664956,1
174905,1,1,1.0,1
174906,1,1,1.0,1
174907,1,1,0.9999924,1
174908,1,1,0.997399,1
174909,1,1,0.99999964,1
174910,1,1,0.95626813,1
174911,1,1,0.9996295,1
174912,1,1,1.0,1
174913,1,1,0.9985221,1
174914,1,1,0.9999635,1
174915,1,1,0.65329283,1
174916,1,1,0.68789214,1
174917,1,1,0.9999999,1
174918,1,1,0.9826743,1
174919,1,1,0.9998907,1
174920,1,1,0.9987551,1
174921,1,1,0.9993255,1
174922,1,1,0.9999895,1
174923,1,1,0.6196439,1
174924,1,1,1.0,1
174925,1,1,1.0,1
174926,1,1,1.0,1
174927,1,1,1.0,1
174928,1,1,0.999905,1
174929,1,1,1.0,1
174930,1,1,0.99983,1
174931,1,1,0.9999994,1
174932,1,1,1.0,1
174933,1,1,1.0,1
174934,1,1,1.0,1
174935,1,1,1.0,1
174936,1,1,1.0,1
174937,1,1,1.0,1
174938,1,1,0.99996924,1
174939,1,1,0.9999974,1
174940,1,1,1.0,1
174941,1,1,1.0,1
174942,1,1,1.0,1
174943,1,1,1.0,1
174944,1,1,1.0,1
174945,1,1,1.0,1
174946,1,1,1.0,1
174947,1,1,0.9999993,1
174948,1,1,0.9999865,1
174949,1,1,0.9999994,1
174950,1,1,1.0,1
174951,1,1,0.9999831,1
174952,1,1,1.0,1
174953,1,1,1.0,1
174954,1,1,0.9898892,1
174955,1,1,0.9999374,1
174956,1,1,1.0,1
174957,1,1,1.0,1
174958,1,1,0.99998367,1
174959,1,1,0.9999989,1
174960,1,1,1.0,1
174961,1,1,0.9953994,1
174962,1,1,0.9999008,1
174963,1,1,0.9999999,1
174964,1,1,0.69466525,1
174965,1,1,0.99999976,1
174966,1,1,0.999995,1
174967,1,1,0.94176143,1
174968,1,1,0.97949183,1
174969,1,1,0.99997663,1
174970,1,0,0.07030384,0
174971,1,1,0.9998198,1
174972,1,1,1.0,1
174973,1,1,0.99999607,1
174974,1,1,0.9994012,1
174975,1,1,0.9465967,1
174976,1,1,0.9996959,1
174977,1,0,0.33600417,0
174978,1,1,1.0,1
174979,1,1,0.9205757,1
174980,1,1,0.8784186,1
174981,1,1,0.99968374,1
174982,1,1,1.0,1
174983,1,1,0.9973322,1
174984,1,1,0.99999774,1
174985,1,1,0.9999987,1
174986,1,1,1.0,1
174987,1,0,0.3136825,0
174988,1,0,0.057864826,0
174989,1,0,0.007937994,0
174990,1,1,0.99999976,1
174991,1,1,0.9999856,1
174992,1,1,1.0,1
174993,1,1,0.9999747,1
174994,1,1,0.9996911,1
174995,1,1,0.9997029,1
174996,1,1,1.0,1
174997,1,1,0.99926347,1
174998,1,1,0.99999976,1
174999,1,1,1.0,1
175000,1,1,0.9999883,1
175001,1,1,0.99996173,1
175002,1,1,0.9999993,1
175003,1,1,0.99999976,1
175004,1,1,1.0,1
175005,1,1,0.9975656,1
175006,1,1,1.0,1
175007,1,1,0.99999905,1
175008,1,1,1.0,1
175009,1,1,0.99999666,1
175010,1,1,1.0,1
175011,1,1,0.9999995,1
175012,1,1,1.0,1
175013,1,1,1.0,1
175014,1,1,1.0,1
175015,1,1,1.0,1
175016,1,1,1.0,1
175017,1,0,0.1260303,0
175018,1,0,0.08694165,0
175019,1,0,0.004070138,0
175020,1,0,0.02505927,0
175021,1,1,0.9534921,1
175022,1,1,0.9740673,1
175023,1,0,0.05775844,0
175024,1,1,0.9999968,1
175025,1,1,0.97840524,1
175026,1,1,0.9998184,1
175027,1,0,0.29573816,0
175028,1,1,0.99491006,1
175029,1,0,0.13534634,0
175030,1,1,0.9999926,1
175031,1,1,0.99485034,1
175032,1,1,0.4412516,1
175033,1,1,0.99987173,1
175034,1,0,0.2968071,0
175035,1,1,1.0,1
175036,1,1,0.99999726,1
175037,1,1,0.87810534,1
175038,1,1,0.99821436,1
175039,1,1,0.97925514,1
175040,1,1,1.0,1
175041,1,1,1.0,1
175042,1,1,0.9999459,1
175043,1,1,0.58136255,1
175044,1,1,0.88463855,1
175045,1,1,0.65063375,1
175046,1,1,0.99998474,1
175047,1,0,0.24175783,0
175048,1,1,1.0,1
175049,1,1,0.9999987,1
175050,1,1,0.9701269,1
175051,1,0,0.018229289,0
175052,1,1,0.6770471,1
175053,1,1,0.99988365,1
175054,1,1,0.9443824,1
175055,1,1,0.7025811,1
175056,1,1,0.9971607,1
175057,1,1,0.76559335,1
175058,1,1,0.9985018,1
175059,1,0,0.005554925,0
175060,1,1,0.8304567,1
175061,1,0,0.1404541,0
175062,1,0,0.03138043,0
175063,1,1,0.999998,1
175064,1,1,0.9999964,1
175065,1,1,0.9913726,1
175066,1,0,0.32739943,0
175067,1,1,0.9879579,1
175068,1,0,0.15934816,0
175069,1,1,0.99801993,1
175070,1,1,0.99999654,1
175071,1,1,0.99987805,1
175072,1,0,0.005291605,0
175073,1,1,0.9502727,1
175074,1,1,0.9951703,1
175075,1,1,0.9997367,1
175076,1,1,0.8494724,1
175077,1,0,0.00046010586,0
175078,1,0,0.0014021304,0
175079,1,1,0.99999666,1
175080,1,0,0.0064131636,0
175081,1,0,0.15342228,0
175082,1,0,0.20386599,0
175083,1,1,0.96628344,1
175084,1,0,0.19544049,0
175085,1,1,0.71348155,1
175086,1,0,0.3326355,0
175087,1,1,0.9995584,1
175088,1,1,0.9999993,1
175089,1,1,0.91102153,1
175090,1,1,0.97999567,1
175091,1,0,0.12847047,0
175092,1,1,0.999962,1
175093,1,1,0.7003315,1
175094,1,1,0.79881525,1
175095,1,0,0.30100235,0
175096,1,1,1.0,1
175097,1,0,0.21149823,0
175098,1,1,0.98387814,1
175099,1,1,0.9250271,1
175100,1,1,0.9996395,1
175101,1,0,0.13534634,0
175102,1,0,0.045394883,0
175103,1,1,0.5519964,1
175104,1,1,0.9540518,1
175105,1,1,0.9992592,1
175106,1,1,0.40095457,1
175107,1,1,1.0,1
175108,1,1,1.0,1
175109,1,1,0.9985758,1
175110,1,1,0.9999995,1
175111,1,1,0.9998832,1
175112,1,1,0.9888419,1
175113,1,1,0.9999993,1
175114,1,1,0.99932146,1
175115,1,1,0.99683964,1
175116,1,1,0.99996114,1
175117,1,1,0.99999344,1
175118,1,1,0.99998224,1
175119,1,1,1.0,1
175120,1,1,0.9998863,1
175121,1,1,0.99615306,1
175122,1,1,0.99997854,1
175123,1,1,0.9999069,1
175124,1,1,0.99999976,1
175125,1,1,0.9999994,1
175126,1,1,0.9999987,1
175127,1,1,1.0,1
175128,1,1,0.99999964,1
175129,1,1,1.0,1
175130,1,1,1.0,1
175131,1,1,1.0,1
175132,1,1,0.9999883,1
175133,1,1,0.9999871,1
175134,1,1,1.0,1
175135,1,1,0.99999964,1
175136,1,1,1.0,1
175137,1,1,0.99987113,1
175138,1,1,0.99954,1
175139,1,1,0.63855356,1
175140,1,1,0.98782945,1
175141,1,1,0.9614977,1
175142,1,1,0.9911868,1
175143,1,1,0.8704873,1
175144,1,1,0.76082844,1
175145,1,1,0.99812883,1
175146,1,1,0.9999374,1
175147,1,1,0.5717666,1
175148,1,1,0.9994504,1
175149,1,1,0.97624266,1
175150,1,1,0.9987576,1
175151,1,1,0.9994547,1
175152,1,1,0.9967649,1
175153,1,1,0.9999689,1
175154,1,1,0.97529614,1
175155,1,1,0.9997478,1
175156,1,1,0.99999964,1
175157,1,1,0.99502736,1
175158,1,1,0.95561,1
175159,1,1,1.0,1
175160,1,1,1.0,1
175161,1,1,1.0,1
175162,1,1,0.99988043,1
175163,1,1,0.999992,1
175164,1,1,0.9999999,1
175165,1,1,0.99951124,1
175166,1,1,0.9999076,1
175167,1,0,0.23265864,0
175168,1,0,0.24889913,0
175169,1,1,0.53977174,1
175170,1,1,0.3544331,1
175171,1,0,0.023939194,0
175172,1,1,0.71353143,1
175173,1,1,0.84453726,1
175174,1,1,0.40101323,1
175175,1,0,0.03915837,0
175176,1,0,0.051558185,0
175177,1,0,0.0012279605,0
175178,1,0,0.26208568,0
175179,1,1,0.9811849,1
175180,1,1,0.7985798,1
175181,1,1,0.76568097,1
175182,1,1,0.9994797,1
175183,1,1,0.99999964,1
175184,1,1,0.999997,1
175185,1,1,1.0,1
175186,1,1,0.99999964,1
175187,1,1,0.9998134,1
175188,1,1,0.9999937,1
175189,1,1,0.9999957,1
175190,1,1,0.99999964,1
175191,1,1,0.99997926,1
175192,1,1,0.9695268,1
175193,1,1,0.99993217,1
175194,1,1,0.99566,1
175195,1,1,0.99999726,1
175196,1,1,0.95606345,1
175197,1,1,1.0,1
175198,1,1,1.0,1
175199,1,1,1.0,1
175200,1,1,0.99984527,1
175201,1,1,0.99998796,1
175202,1,1,0.9999995,1
175203,1,1,1.0,1
175204,1,1,1.0,1
175205,1,1,1.0,1
175206,1,1,1.0,1
175207,1,1,0.9999398,1
175208,1,1,0.9524416,1
175209,1,1,0.9985923,1
175210,1,1,0.96050966,1
175211,1,1,0.99999845,1
175212,1,1,1.0,1
175213,1,1,0.9999975,1
175214,1,1,0.99992096,1
175215,1,1,1.0,1
175216,1,1,0.99999976,1
175217,1,1,1.0,1
175218,1,1,0.9999994,1
175219,1,1,1.0,1
175220,1,1,1.0,1
175221,1,1,1.0,1
175222,1,1,1.0,1
175223,1,1,0.999992,1
175224,1,1,0.9999292,1
175225,1,1,0.9999982,1
175226,1,1,1.0,1
175227,1,0,0.0010083434,0
175228,1,0,0.09816574,0
175229,1,0,0.0053744875,0
175230,1,0,0.00033996487,0
175231,1,0,0.0058199596,0
175232,1,0,0.20793757,0
175233,1,0,0.007246802,0
175234,1,0,0.009802816,0
175235,1,0,0.006475691,0
175236,1,0,0.038466193,0
175237,1,0,0.00671887,0
175238,1,0,0.015983006,0
175239,1,0,0.03191915,0
175240,1,0,0.0029065122,0
175241,1,0,0.021084841,0
175242,1,0,0.011463797,0
175243,1,1,0.99038494,1
175244,1,0,0.3453812,0
175245,1,0,0.005129634,0
175246,1,0,0.0034362858,0
175247,1,0,0.10989669,0
175248,1,0,0.03659692,0
175249,1,0,0.012503792,0
175250,1,0,0.025130948,0
175251,1,0,0.05775844,0
175252,1,0,0.020586777,0
175253,1,0,0.04624881,0
175254,1,0,0.0125279315,0
175255,1,0,0.11992252,0
175256,1,0,0.040426936,0
175257,1,0,0.34169233,0
175258,1,1,0.99999225,1
175259,1,1,0.99948967,1
175260,1,1,0.9999031,1
175261,1,1,0.9999999,1
175262,1,1,0.9999969,1
175263,1,1,0.99986017,1
175264,1,1,0.99995804,1
175265,1,1,0.99999964,1
175266,1,1,1.0,1
175267,1,1,1.0,1
175268,1,1,0.99999857,1
175269,1,1,1.0,1
175270,1,1,0.9999988,1
175271,1,1,0.99955314,1
175272,1,1,1.0,1
175273,1,1,1.0,1
175274,1,1,0.9999999,1
175275,1,1,1.0,1
175276,1,1,0.9999759,1
175277,1,1,0.99765414,1
175278,1,1,0.9999982,1
175279,1,1,0.9998845,1
175280,1,1,1.0,1
175281,1,1,0.9853843,1
175282,1,1,0.9999951,1
175283,1,1,0.99908185,1
175284,1,1,0.99999964,1
175285,1,1,0.9999914,1
175286,1,1,1.0,1
175287,1,1,1.0,1
175288,1,1,0.9999995,1
175289,1,1,0.9999994,1
175290,1,1,1.0,1
175291,1,1,0.99999714,1
175292,1,1,0.9986929,1
175293,1,1,0.9999995,1
175294,1,1,0.98555213,1
175295,1,1,0.9999465,1
175296,1,1,0.99999976,1
175297,1,1,0.9993424,1
175298,1,1,0.9999975,1
175299,1,1,0.999984,1
175300,1,1,0.9999988,1
175301,1,1,0.60917544,1
175302,1,1,0.999902,1
175303,1,1,0.9998385,1
175304,1,1,0.99999917,1
175305,1,1,0.9999993,1
175306,1,1,0.99600047,1
175307,1,1,0.9092645,1
175308,1,1,1.0,1
175309,1,1,0.99988806,1
175310,1,1,0.9999846,1
175311,1,1,1.0,1
175312,1,1,0.99999976,1
175313,1,1,0.99886644,1
175314,1,1,0.9981792,1
175315,1,1,0.79645085,1
175316,1,1,0.9999076,1
175317,1,0,0.10132237,0
175318,1,0,0.054449577,0
175319,1,0,0.08678673,0
175320,1,1,0.99933714,1
175321,1,1,0.8102538,1
175322,1,0,0.25655252,0
175323,1,0,0.025834186,0
175324,1,0,0.050846573,0
175325,1,1,0.5381338,1
175326,1,1,0.9956091,1
175327,1,0,0.34422296,0
175328,1,1,0.98628414,1
175329,1,1,0.9992099,1
175330,1,1,0.7336427,1
175331,1,1,0.8840393,1
175332,1,1,0.991891,1
175333,1,1,0.9756467,1
175334,1,0,0.10622612,0
175335,1,1,0.9987381,1
175336,1,1,0.9964412,1
175337,1,1,0.45008743,1
175338,1,1,0.5995438,1
175339,1,1,0.9909622,1
175340,1,0,0.17638768,0
175341,1,1,0.44158268,1
175342,1,1,0.5294459,1
175343,1,0,0.14235108,0
175344,1,1,0.62937605,1
175345,1,0,0.24544656,0
175346,1,0,0.027066177,0
175347,1,1,0.9999963,1
175348,1,1,0.97773504,1
175349,1,1,0.9998104,1
175350,1,1,0.9909272,1
175351,1,1,0.99999785,1
175352,1,1,0.999956,1
175353,1,1,1.0,1
175354,1,1,0.9998771,1
175355,1,1,0.99999857,1
175356,1,1,0.99968374,1
175357,1,1,0.9996947,1
175358,1,1,0.9999875,1
175359,1,1,0.9997695,1
175360,1,1,0.9997086,1
175361,1,1,0.9885583,1
175362,1,1,0.999998,1
175363,1,1,0.99994695,1
175364,1,1,0.99999094,1
175365,1,1,0.99996936,1
175366,1,1,0.9999956,1
175367,1,1,0.99984455,1
175368,1,1,0.9201462,1
175369,1,1,0.9976993,1
175370,1,1,0.9999809,1
175371,1,1,1.0,1
175372,1,1,0.99999547,1
175373,1,1,1.0,1
175374,1,1,1.0,1
175375,1,1,1.0,1
175376,1,1,0.9999924,1
175377,1,1,0.9999999,1
175378,1,1,1.0,1
175379,1,1,0.99998367,1
175380,1,1,0.9998511,1
175381,1,1,0.9999999,1
175382,1,1,0.9999398,1
175383,1,1,1.0,1
175384,1,1,1.0,1
175385,1,1,0.9999999,1
175386,1,1,1.0,1
175387,1,1,1.0,1
175388,1,1,1.0,1
175389,1,1,0.9999764,1
175390,1,1,1.0,1
175391,1,1,0.9999691,1
175392,1,1,0.9999995,1
175393,1,1,1.0,1
175394,1,1,1.0,1
175395,1,1,1.0,1
175396,1,1,0.9999987,1
175397,1,1,1.0,1
175398,1,1,0.36020768,1
175399,1,1,0.9909972,1
175400,1,1,0.9960238,1
175401,1,1,0.99999976,1
175402,1,1,0.999992,1
175403,1,1,1.0,1
175404,1,1,1.0,1
175405,1,1,0.99999905,1
175406,1,1,1.0,1
175407,1,1,0.9872773,1
175408,1,1,0.5515133,1
175409,1,1,1.0,1
175410,1,1,1.0,1
175411,1,1,1.0,1
175412,1,1,0.98951083,1
175413,1,1,0.99998844,1
175414,1,1,0.9925249,1
175415,1,1,1.0,1
175416,1,1,0.99959713,1
175417,1,1,1.0,1
175418,1,1,0.868938,1
175419,1,1,0.9923934,1
175420,1,1,0.70022905,1
175421,1,1,0.9621787,1
175422,1,1,0.7592254,1
175423,1,1,0.5358879,1
175424,1,1,0.46596456,1
175425,1,1,0.44595176,1
175426,1,1,0.38254502,1
175427,1,1,0.996183,1
175428,1,1,0.7368269,1
175429,1,1,0.9467938,1
175430,1,1,0.6285214,1
175431,1,1,0.86396646,1
175432,1,1,0.9558166,1
175433,1,1,0.54758507,1
175434,1,1,0.99999964,1
175435,1,1,0.9999993,1
175436,1,1,0.95154905,1
175437,1,1,0.99999654,1
175438,1,1,0.9999999,1
175439,1,1,0.99993217,1
175440,1,1,0.934813,1
175441,1,1,0.9999168,1
175442,1,1,0.9964551,1
175443,1,1,0.93045825,1
175444,1,1,0.42039135,1
175445,1,1,0.9931496,1
175446,1,1,0.9989454,1
175447,1,1,0.6386663,1
175448,1,1,0.99857855,1
175449,1,1,0.99999976,1
175450,1,1,0.99999535,1
175451,1,1,0.9954261,1
175452,1,1,0.78497905,1
175453,1,0,0.3061639,0
175454,1,1,0.6000712,1
175455,1,1,0.7277821,1
175456,1,1,0.9999405,1
175457,1,1,0.9999851,1
175458,1,1,0.9999999,1
175459,1,1,0.9999981,1
175460,1,1,0.9998104,1
175461,1,1,0.99998677,1
175462,1,1,0.9994035,1
175463,1,1,0.99988043,1
175464,1,1,0.9996983,1
175465,1,1,0.9999653,1
175466,1,1,0.96185756,1
175467,1,1,0.9999999,1
175468,1,1,0.9999999,1
175469,1,1,0.99999404,1
175470,1,1,0.99994123,1
175471,1,1,1.0,1
175472,1,1,0.99996483,1
175473,1,1,0.9997075,1
175474,1,1,0.9999999,1
175475,1,1,1.0,1
175476,1,1,1.0,1
175477,1,1,0.99960953,1
175478,1,1,0.9999999,1
175479,1,1,0.9999707,1
175480,1,1,0.9999994,1
175481,1,1,0.87191176,1
175482,1,1,1.0,1
175483,1,1,0.9999318,1
175484,1,1,0.9999951,1
175485,1,1,1.0,1
175486,1,1,0.99999976,1
175487,1,1,0.99999976,1
175488,1,1,0.9999999,1
175489,1,1,1.0,1
175490,1,1,0.99999976,1
175491,1,1,1.0,1
175492,1,1,1.0,1
175493,1,1,1.0,1
175494,1,1,1.0,1
175495,1,1,1.0,1
175496,1,1,1.0,1
175497,1,1,0.7783125,1
175498,1,1,0.99998367,1
175499,1,1,0.47280517,1
175500,1,1,1.0,1
175501,1,1,0.43722266,1
175502,1,1,0.9999999,1
175503,1,1,0.9040592,1
175504,1,1,0.9993162,1
175505,1,1,0.99978346,1
175506,1,1,0.9999993,1
175507,1,1,0.9997739,1
175508,1,1,0.9998036,1
175509,1,1,0.6438333,1
175510,1,1,0.9939143,1
175511,1,1,0.99997616,1
175512,1,1,0.99990237,1
175513,1,1,0.6283504,1
175514,1,1,0.99999726,1
175515,1,1,1.0,1
175516,1,1,0.9999999,1
175517,1,0,0.27850202,0
175518,1,1,0.9911355,1
175519,1,1,0.99920684,1
175520,1,1,0.9979292,1
175521,1,1,0.99894124,1
175522,1,1,1.0,1
175523,1,1,0.9970073,1
175524,1,1,0.9999949,1
175525,1,1,0.99437994,1
175526,1,1,0.99999976,1
175527,1,1,0.9790958,1
175528,1,1,0.99876726,1
175529,1,1,0.99701905,1
175530,1,1,0.99567693,1
175531,1,1,0.9999957,1
175532,1,1,0.52378577,1
175533,1,1,0.99999356,1
175534,1,1,0.9999633,1
175535,1,1,0.99731135,1
175536,1,0,0.163579,0
175537,1,1,0.95803016,1
175538,1,1,0.9747011,1
175539,1,1,0.99922967,1
175540,1,1,1.0,1
175541,1,1,1.0,1
175542,1,1,1.0,1
175543,1,1,1.0,1
175544,1,1,1.0,1
175545,1,1,1.0,1
175546,1,1,0.9999937,1
175547,1,1,0.9999999,1
175548,1,1,0.9999988,1
175549,1,1,0.9999651,1
175550,1,1,0.9999906,1
175551,1,1,1.0,1
175552,1,1,0.9999999,1
175553,1,1,0.9999999,1
175554,1,1,1.0,1
175555,1,1,0.99999976,1
175556,1,1,0.9999999,1
175557,1,0,0.12803373,0
175558,1,0,0.068288535,0
175559,1,1,0.9807473,1
175560,1,1,0.98521465,1
175561,1,1,0.8733229,1
175562,1,1,0.99978346,1
175563,1,1,0.61618555,1
175564,1,1,0.57134813,1
175565,1,1,0.4088372,1
175566,1,1,0.9999995,1
175567,1,1,0.9954704,1
175568,1,1,0.9040592,1
175569,1,1,0.9996983,1
175570,1,1,0.92262185,1
175571,1,1,0.9999999,1
175572,1,0,0.0415011,0
175573,1,1,0.99999905,1
175574,1,1,0.9974039,1
175575,1,1,0.70043397,1
175576,1,1,0.99999106,1
175577,1,1,0.5118996,1
175578,1,1,0.99772614,1
175579,1,1,0.99996376,1
175580,1,1,0.9999027,1
175581,1,1,0.9998977,1
175582,1,1,0.99857306,1
175583,1,1,0.9996222,1
175584,1,1,0.7754348,1
175585,1,1,0.9992489,1
175586,1,1,0.9999999,1
175587,1,0,0.3276683,0
175588,1,0,0.07316472,0
175589,1,0,0.058507007,0
175590,1,0,0.07270252,0
175591,1,0,0.23213603,0
175592,1,0,0.0072608665,0
175593,1,0,0.1435475,0
175594,1,0,0.008283627,0
175595,1,1,0.9999379,1
175596,1,1,0.753648,1
175597,1,1,0.99849594,1
175598,1,1,0.99991655,1
175599,1,1,0.9987356,1
175600,1,1,0.99999535,1
175601,1,1,0.99999475,1
175602,1,1,0.99983776,1
175603,1,1,1.0,1
175604,1,1,1.0,1
175605,1,0,0.13927925,0
175606,1,1,0.9995443,1
175607,1,1,0.99998224,1
175608,1,1,0.9059898,1
175609,1,1,0.99865156,1
175610,1,1,1.0,1
175611,1,1,0.9929472,1
175612,1,1,0.99998665,1
175613,1,1,0.9542227,1
175614,1,0,0.04698664,0
175615,1,1,0.9231778,1
175616,1,1,0.9999982,1
175617,1,1,0.99999595,1
175618,1,1,0.9993845,1
175619,1,1,0.99999976,1
175620,1,1,0.99921906,1
175621,1,1,0.9999894,1
175622,1,1,0.9746045,1
175623,1,1,0.9996458,1
175624,1,1,0.99999976,1
175625,1,1,0.99999046,1
175626,1,1,0.96395,1
175627,1,1,0.9996711,1
175628,1,1,0.9999908,1
175629,1,1,0.9999887,1
175630,1,1,0.9999616,1
175631,1,1,0.9907678,1
175632,1,1,0.9998822,1
175633,1,1,0.93451476,1
175634,1,1,0.99996877,1
175635,1,1,0.9994797,1
175636,1,1,0.99995446,1
175637,1,1,0.9848547,1
175638,1,1,0.9916358,1
175639,1,1,0.9999721,1
175640,1,1,0.99992156,1
175641,1,1,0.9959927,1
175642,1,1,0.95719784,1
175643,1,1,0.878627,1
175644,1,1,0.6191835,1
175645,1,1,0.9992461,1
175646,1,1,1.0,1
175647,1,0,0.10771874,0
175648,1,0,0.06638737,0
175649,1,0,0.29884934,0
175650,1,0,0.084341794,0
175651,1,0,0.0631349,0
175652,1,0,0.08028533,0
175653,1,1,0.7547343,1
175654,1,0,0.038502328,0
175655,1,0,0.12247072,0
175656,1,0,0.08616955,0
175657,1,0,0.11318691,0
175658,1,0,0.028953163,0
175659,1,0,0.058776554,0
175660,1,0,0.11940814,0
175661,1,0,0.039379433,0
175662,1,0,0.01877907,0
175663,1,0,0.036049988,0
175664,1,0,0.100436606,0
175665,1,0,0.021409774,0
175666,1,0,0.0226292,0
175667,1,0,0.00395309,0
175668,1,0,0.001778725,0
175669,1,0,0.013428254,0
175670,1,0,0.0038244838,0
175671,1,0,0.0019456057,0
175672,1,0,0.011777842,0
175673,1,0,0.0009792591,0
175674,1,0,0.00044076296,0
175675,1,0,0.0042151595,0
175676,1,0,0.01170984,0
175677,1,1,0.9997428,1
175678,1,1,0.6668223,1
175679,1,1,1.0,1
175680,1,1,0.99709344,1
175681,1,1,0.9843364,1
175682,1,1,0.98658466,1
175683,1,1,0.84156543,1
175684,1,1,1.0,1
175685,1,1,1.0,1
175686,1,1,0.99980134,1
175687,1,1,0.9705485,1
175688,1,1,0.9999572,1
175689,1,1,1.0,1
175690,1,1,0.99999607,1
175691,1,1,0.99812514,1
175692,1,1,0.8722386,1
175693,1,1,0.54728264,1
175694,1,1,0.99965405,1
175695,1,1,1.0,1
175696,1,1,1.0,1
175697,1,1,0.9999324,1
175698,1,1,0.9999989,1
175699,1,1,1.0,1
175700,1,1,0.9968458,1
175701,1,1,0.9974342,1
175702,1,1,0.99772614,1
175703,1,1,0.9999924,1
175704,1,1,0.99955577,1
175705,1,1,0.99882823,1
175706,1,1,1.0,1
175707,1,1,0.9305845,1
175708,1,1,0.5662584,1
175709,1,1,0.8718026,1
175710,1,0,0.34306657,0
175711,1,1,0.9999999,1
175712,1,1,0.97991896,1
175713,1,1,0.9996762,1
175714,1,1,0.9999981,1
175715,1,1,0.99999094,1
175716,1,1,0.99999726,1
175717,1,1,0.9999875,1
175718,1,1,0.99999297,1
175719,1,1,0.9999703,1
175720,1,1,0.71248233,1
175721,1,1,0.54649615,1
175722,1,1,0.9999937,1
175723,1,1,0.98549646,1
175724,1,1,0.99341017,1
175725,1,1,0.99999714,1
175726,1,1,0.99953806,1
175727,1,1,0.99999976,1
175728,1,1,0.9931496,1
175729,1,1,0.8631611,1
175730,1,1,0.5730812,1
175731,1,1,0.9999987,1
175732,1,0,0.2991052,0
175733,1,0,0.29462072,0
175734,1,1,0.99999976,1
175735,1,1,0.9989371,1
175736,1,1,0.6629601,1
175737,1,1,0.9999994,1
175738,1,1,0.9996057,1
175739,1,1,0.99996626,1
175740,1,1,0.9186264,1
175741,1,1,0.995037,1
175742,1,1,0.99999225,1
175743,1,1,1.0,1
175744,1,1,0.9999933,1
175745,1,1,0.98444134,1
175746,1,1,0.80654806,1
175747,1,1,0.9999994,1
175748,1,1,0.99999833,1
175749,1,0,0.11656275,0
175750,1,1,0.9999995,1
175751,1,1,0.6322757,1
175752,1,1,0.9999988,1
175753,1,1,0.9997594,1
175754,1,0,0.069289416,0
175755,1,1,0.99991775,1
175756,1,1,1.0,1
175757,1,1,0.99956864,1
175758,1,1,0.9999349,1
175759,1,1,0.43605158,1
175760,1,1,0.8607207,1
175761,1,1,0.9938309,1
175762,1,1,0.8611883,1
175763,1,0,0.15584776,0
175764,1,0,0.040960647,0
175765,1,1,0.9999999,1
175766,1,1,0.99921143,1
175767,1,1,0.999884,1
175768,1,1,0.99963737,1
175769,1,1,0.99998164,1
175770,1,1,0.995488,1
175771,1,1,0.98771137,1
175772,1,1,0.9999069,1
175773,1,1,0.99987066,1
175774,1,1,0.9881309,1
175775,1,1,0.99944824,1
175776,1,1,0.99999475,1
175777,1,1,0.9998822,1
175778,1,0,0.056809194,0
175779,1,1,0.9996686,1
175780,1,1,0.8678218,1
175781,1,1,0.9761519,1
175782,1,1,0.6991004,1
175783,1,1,0.9994611,1
175784,1,1,0.8340017,1
175785,1,1,0.71388066,1
175786,1,1,0.97794676,1
175787,1,1,0.9886464,1
175788,1,1,0.92590266,1
175789,1,1,0.99789256,1
175790,1,1,0.99629277,1
175791,1,1,0.9955403,1
175792,1,1,0.9203613,1
175793,1,1,0.9997594,1
175794,1,0,0.090494074,0
175795,1,1,0.990732,1
175796,1,1,0.8191712,1
175797,1,1,0.94796216,1
175798,1,1,0.9585377,1
175799,1,1,0.99372226,1
175800,1,1,0.9983991,1
175801,1,1,0.99999964,1
175802,1,1,1.0,1
175803,1,1,0.9999999,1
175804,1,1,1.0,1
175805,1,1,0.9999975,1
175806,1,1,0.99951124,1
175807,1,1,1.0,1
175808,1,1,0.99999833,1
175809,1,1,0.92905515,1
175810,1,1,1.0,1
175811,1,1,0.99683964,1
175812,1,1,1.0,1
175813,1,1,0.99956006,1
175814,1,1,1.0,1
175815,1,1,0.99999976,1
175816,1,1,0.9999999,1
175817,1,1,0.99997306,1
175818,1,1,1.0,1
175819,1,1,0.9999939,1
175820,1,1,0.92114514,1
175821,1,1,1.0,1
175822,1,1,0.7421883,1
175823,1,1,0.99999774,1
175824,1,1,0.97673583,1
175825,1,1,0.99999976,1
175826,1,1,1.0,1
175827,1,1,0.6241217,1
175828,1,1,0.4087487,1
175829,1,1,0.50948983,1
175830,1,1,0.9563905,1
175831,1,0,0.06019705,0
175832,1,0,0.06153674,0
175833,1,0,0.16384642,0
175834,1,0,0.037644,0
175835,1,0,0.03283696,0
175836,1,0,0.035544395,0
175837,1,0,0.03971326,0
175838,1,0,0.031708594,0
175839,1,0,0.08100938,0
175840,1,0,0.08787644,0
175841,1,0,0.062388144,0
175842,1,0,0.03321117,0
175843,1,0,0.10338597,0
175844,1,0,0.1131379,0
175845,1,0,0.06307716,0
175846,1,0,0.015814932,0
175847,1,0,0.03410043,0
175848,1,0,0.03442355,0
175849,1,0,0.017593754,0
175850,1,0,0.1365508,0
175851,1,0,0.22815649,0
175852,1,0,0.06441766,0
175853,1,0,0.24238493,0
175854,1,0,0.013222823,0
175855,1,0,0.023825366,0
175856,1,0,0.12624557,0
175857,1,1,0.35312143,1
175858,1,1,0.4446552,1
175859,1,1,0.3919004,1
175860,1,1,0.99876,1
175861,1,1,0.99936134,1
175862,1,1,0.9996381,1
175863,1,1,0.6691506,1
175864,1,0,0.044806086,0
175865,1,0,0.11240509,0
175866,1,0,0.019308088,0
175867,1,0,0.12064587,0
175868,1,1,0.8499712,1
175869,1,0,0.009955651,0
175870,1,1,0.36886027,1
175871,1,1,0.99770385,1
175872,1,1,0.9551939,1
175873,1,1,0.8843393,1
175874,1,1,0.6965263,1
175875,1,1,0.868938,1
175876,1,1,0.5045775,1
175877,1,0,0.027769245,0
175878,1,0,0.06506812,0
175879,1,1,0.40509567,1
175880,1,0,0.0015947326,0
175881,1,1,0.58326274,1
175882,1,0,0.0048863753,0
175883,1,0,0.13307686,0
175884,1,0,0.0011030266,0
175885,1,0,0.021084841,0
175886,1,1,0.99565166,1
175887,1,1,0.5333975,1
175888,1,1,0.9911011,1
175889,1,1,0.9999925,1
175890,1,1,0.99972624,1
175891,1,1,0.9539661,1
175892,1,1,0.99998975,1
175893,1,1,0.9992778,1
175894,1,1,0.9782396,1
175895,1,1,0.99994564,1
175896,1,1,0.9620719,1
175897,1,1,0.8535469,1
175898,1,1,0.99997556,1
175899,1,0,0.012030543,0
175900,1,1,0.99980587,1
175901,1,1,0.6325595,1
175902,1,1,0.6036398,1
175903,1,1,0.6436654,1
175904,1,1,0.89077026,1
175905,1,0,0.20681395,0
175906,1,1,0.75228566,1
175907,1,1,0.99999917,1
175908,1,1,0.9999999,1
175909,1,1,1.0,1
175910,1,1,0.99999404,1
175911,1,1,0.99983394,1
175912,1,1,1.0,1
175913,1,1,0.99999976,1
175914,1,1,1.0,1
175915,1,1,0.999757,1
175916,1,1,0.9999999,1
175917,1,1,0.9999956,1
175918,1,1,0.9999968,1
175919,1,1,0.99915576,1
175920,1,1,1.0,1
175921,1,1,0.4022747,1
175922,1,1,0.99174845,1
175923,1,1,1.0,1
175924,1,1,0.99999833,1
175925,1,1,1.0,1
175926,1,1,0.9970822,1
175927,1,1,0.9983834,1
175928,1,1,1.0,1
175929,1,1,0.99999964,1
175930,1,1,1.0,1
175931,1,1,0.9999902,1
175932,1,1,0.99963665,1
175933,1,1,0.9999999,1
175934,1,1,0.9998915,1
175935,1,1,0.9997428,1
175936,1,1,0.9999962,1
175937,1,1,1.0,1
175938,1,1,0.998242,1
175939,1,1,0.9996295,1
175940,1,1,1.0,1
175941,1,1,1.0,1
175942,1,1,0.99999726,1
175943,1,1,0.99976856,1
175944,1,1,0.9999877,1
175945,1,1,0.9999999,1
175946,1,1,0.9999999,1
175947,1,1,0.9902727,1
175948,1,1,0.995793,1
175949,1,1,0.5367986,1
175950,1,0,0.22194035,0
175951,1,1,0.6717398,1
175952,1,1,0.9936487,1
175953,1,0,0.05975658,0
175954,1,0,0.071202725,0
175955,1,0,0.1929192,0
175956,1,1,0.999966,1
175957,1,1,0.99813604,1
175958,1,1,0.99996555,1
175959,1,1,0.43764323,1
175960,1,1,0.99928063,1
175961,1,1,0.9183339,1
175962,1,0,0.28711778,0
175963,1,1,0.47679278,1
175964,1,1,0.9885583,1
175965,1,1,0.99955314,1
175966,1,1,0.7777222,1
175967,1,1,0.61618555,1
175968,1,0,0.3412531,0
175969,1,0,0.0010302191,0
175970,1,1,0.86993575,1
175971,1,0,0.13857834,0
175972,1,0,0.029145973,0
175973,1,0,0.057334732,0
175974,1,1,0.9180404,1
175975,1,1,0.6870529,1
175976,1,0,0.1302301,0
175977,1,1,0.5771379,1
175978,1,1,0.3951342,1
175979,1,1,0.9975799,1
175980,1,0,0.18090117,0
175981,1,0,0.0027044297,0
175982,1,0,0.0011972112,0
175983,1,1,0.9899087,1
175984,1,1,0.9993424,1
175985,1,1,0.98722816,1
175986,1,1,0.9994611,1
175987,1,1,0.9774355,1
175988,1,1,0.9999994,1
175989,1,1,0.99980587,1
175990,1,1,1.0,1
175991,1,1,0.99021614,1
175992,1,1,0.9999925,1
175993,1,1,0.99808073,1
175994,1,1,0.9999962,1
175995,1,1,0.99979657,1
175996,1,1,0.99773055,1
175997,1,1,1.0,1
175998,1,1,0.99999964,1
175999,1,1,0.6631784,1
176000,1,0,0.00092900346,0
176001,1,1,0.48993057,1
176002,1,1,0.9999956,1
176003,1,1,0.36483416,1
176004,1,1,0.56559867,1
176005,1,1,1.0,1
176006,1,1,0.99951124,1
176007,1,1,0.99999905,1
176008,1,1,1.0,1
176009,1,1,0.9936487,1
176010,1,1,0.765418,1
176011,1,1,0.99997354,1
176012,1,1,0.9996252,1
176013,1,1,0.9903476,1
176014,1,1,0.9999995,1
176015,1,1,0.8621197,1
176016,1,1,0.9488225,1
176017,1,1,0.9980045,1
176018,1,1,0.38690823,1
176019,1,1,0.9999039,1
176020,1,1,0.9999989,1
176021,1,1,0.9986303,1
176022,1,1,1.0,1
176023,1,1,0.9722835,1
176024,1,1,0.967225,1
176025,1,1,0.9999031,1
176026,1,1,1.0,1
176027,1,1,1.0,1
176028,1,0,0.1240007,0
176029,1,1,0.97949183,1
176030,1,1,0.99273914,1
176031,1,1,0.9922444,1
176032,1,1,0.9637117,1
176033,1,1,0.99999475,1
176034,1,1,0.99921906,1
176035,1,1,0.9999993,1
176036,1,1,1.0,1
176037,1,0,0.0808641,0
176038,1,0,0.03317983,0
176039,1,0,0.0014779429,0
176040,1,0,0.10194652,0
176041,1,0,0.02732453,0
176042,1,0,0.0071491017,0
176043,1,1,0.974893,1
176044,1,0,0.08555635,0
176045,1,0,0.039453376,0
176046,1,1,0.6120778,1
176047,1,1,0.8480936,1
176048,1,1,0.937726,1
176049,1,0,0.26961398,0
176050,1,1,0.78833884,1
176051,1,0,0.2779627,0
176052,1,1,0.3682353,1
176053,1,1,0.7829945,1
176054,1,0,0.0921145,0
176055,1,0,0.18403316,0
176056,1,1,0.93367314,1
176057,1,1,0.7867867,1
176058,1,0,0.28741768,0
176059,1,1,0.49798584,1
176060,1,1,0.3955427,1
176061,1,0,0.08277145,0
176062,1,0,0.012600624,0
176063,1,0,0.13945496,0
176064,1,0,0.016737208,0
176065,1,0,0.28407922,0
176066,1,0,0.11747085,0
176067,1,1,0.8926561,1
176068,1,1,0.3784878,1
176069,1,1,0.999554,1
176070,1,0,0.08411581,0
176071,1,0,0.14360754,0
176072,1,0,0.007246802,0
176073,1,0,0.012194132,0
176074,1,0,0.007547924,0
176075,1,0,0.018055335,0
176076,1,1,0.9991721,1
176077,1,1,0.9999168,1
176078,1,1,0.6977634,1
176079,1,1,0.9984452,1
176080,1,1,0.9142907,1
176081,1,1,0.7643643,1
176082,1,1,0.98707956,1
176083,1,1,0.6165319,1
176084,1,1,0.99697804,1
176085,1,1,0.9999938,1
176086,1,1,0.99384296,1
176087,1,1,0.9999964,1
176088,1,1,0.82949203,1
176089,1,0,0.08166611,0
176090,1,1,0.6558322,1
176091,1,0,0.17773949,0
176092,1,0,0.23074637,0
176093,1,1,0.9352283,1
176094,1,1,0.8940517,1
176095,1,0,0.027066177,0
176096,1,0,0.32028955,0
176097,1,1,0.99993813,1
176098,1,1,1.0,1
176099,1,1,1.0,1
176100,1,1,1.0,1
176101,1,1,0.9999999,1
176102,1,1,0.99999964,1
176103,1,1,0.7467858,1
176104,1,1,0.9999651,1
176105,1,1,0.9920002,1
176106,1,1,1.0,1
176107,1,1,1.0,1
176108,1,1,1.0,1
176109,1,1,1.0,1
176110,1,1,0.99984396,1
176111,1,1,1.0,1
176112,1,1,1.0,1
176113,1,1,1.0,1
176114,1,1,1.0,1
176115,1,1,1.0,1
176116,1,1,1.0,1
176117,1,1,0.9999908,1
176118,1,1,0.9999894,1
176119,1,1,0.9999999,1
176120,1,1,0.99858415,1
176121,1,1,0.9999999,1
176122,1,1,0.908699,1
176123,1,1,0.99999416,1
176124,1,1,0.9763331,1
176125,1,1,0.99496907,1
176126,1,1,0.8026329,1
176127,1,0,0.014728614,0
176128,1,0,0.10576342,0
176129,1,0,0.009859855,0
176130,1,0,0.04668148,0
176131,1,0,0.08953418,0
176132,1,0,0.13106197,0
176133,1,1,0.51604676,1
176134,1,0,0.066206016,0
176135,1,0,0.24999616,0
176136,1,0,0.033875983,0
176137,1,0,0.008660931,0
176138,1,0,0.00071662973,0
176139,1,0,0.01549888,0
176140,1,0,0.0061331755,0
176141,1,0,0.005080037,0
176142,1,0,0.0025859368,0
176143,1,0,0.006930672,0
176144,1,0,0.008478402,0
176145,1,0,0.006438102,0
176146,1,0,0.0034362858,0
176147,1,0,0.026581828,0
176148,1,0,0.008610767,0
176149,1,0,0.020351816,0
176150,1,0,0.04676847,0
176151,1,0,0.0063883206,0
176152,1,0,0.010881333,0
176153,1,0,0.02237146,0
176154,1,0,0.05399884,0
176155,1,0,0.008796121,0
176156,1,0,0.0047092056,0
176157,1,1,0.99999976,1
176158,1,0,0.0815929,0
176159,1,0,0.014871003,0
176160,1,0,0.009161027,0
176161,1,0,0.13910376,0
176162,1,0,0.07024005,0
176163,1,0,0.031055551,0
176164,1,1,0.6674187,1
176165,1,0,0.0130707845,0
176166,1,1,0.9612802,1
176167,1,0,0.05525965,0
176168,1,0,0.34037557,0
176169,1,1,0.96992815,1
176170,1,0,0.3473157,0
176171,1,1,0.76215863,1
176172,1,0,0.19559407,0
176173,1,0,0.07504072,0
176174,1,0,0.05014425,0
176175,1,0,0.11981949,0
176176,1,1,0.98986953,1
176177,1,1,0.99923277,1
176178,1,1,0.5935504,1
176179,1,0,0.00648827,0
176180,1,0,0.0015129383,0
176181,1,0,0.004007289,0
176182,1,0,0.0017477858,0
176183,1,0,0.010288301,0
176184,1,0,0.0027044297,0
176185,1,0,0.0006082617,0
176186,1,0,0.0006202512,0
176187,1,0,0.07389652,0
176188,1,0,0.08803311,0
176189,1,0,0.20729496,0
176190,1,1,0.89368117,1
176191,1,1,0.95643115,1
176192,1,1,0.47031087,1
176193,1,0,0.12158143,0
176194,1,0,0.0728343,0
176195,1,0,0.08748585,0
176196,1,0,0.26170808,0
176197,1,0,0.017746313,0
176198,1,0,0.06307716,0
176199,1,0,0.06602512,0
176200,1,0,0.0672398,0
176201,1,0,0.22516096,0
176202,1,0,0.19110113,0
176203,1,0,0.07793769,0
176204,1,0,0.039638843,0
176205,1,0,0.086554825,0
176206,1,0,0.062904246,0
176207,1,0,0.12463858,0
176208,1,0,0.111434445,0
176209,1,0,0.060863446,0
176210,1,0,0.031143833,0
176211,1,0,0.13939638,0
176212,1,0,0.049865905,0
176213,1,0,0.15418488,0
176214,1,0,0.026130758,0
176215,1,1,0.75626755,1
176216,1,0,0.286269,0
176217,1,0,0.33122793,0
176218,1,1,0.9987576,1
176219,1,1,0.9997998,1
176220,1,1,0.42608276,1
176221,1,1,0.9552774,1
176222,1,1,0.99987113,1
176223,1,0,0.15171777,0
176224,1,1,0.9984988,1
176225,1,1,0.8804891,1
176226,1,1,0.99936754,1
176227,1,1,0.99999774,1
176228,1,0,0.23846151,0
176229,1,1,0.9999771,1
176230,1,1,1.0,1
176231,1,1,0.99951124,1
176232,1,1,0.99911004,1
176233,1,1,0.99997246,1
176234,1,1,0.9999496,1
176235,1,1,0.95759624,1
176236,1,1,0.99998045,1
176237,1,1,0.43284234,1
176238,1,1,0.5236031,1
176239,1,1,0.99002504,1
176240,1,0,0.35025468,0
176241,1,1,1.0,1
176242,1,1,0.9999417,1
176243,1,1,0.78703237,1
176244,1,1,0.967101,1
176245,1,1,0.98387814,1
176246,1,1,0.9980083,1
176247,1,1,0.68188566,1
176248,1,1,0.7895584,1
176249,1,0,0.042048372,0
176250,1,1,0.9244834,1
176251,1,0,0.0034902107,0
176252,1,1,0.66241443,1
176253,1,0,0.09568695,0
176254,1,1,0.9997942,1
176255,1,1,0.9670699,1
176256,1,0,0.037963696,0
176257,1,1,0.6530716,1
176258,1,1,0.6836835,1
176259,1,1,0.8623516,1
176260,1,1,0.43530127,1
176261,1,0,0.33339468,0
176262,1,0,0.1483554,0
176263,1,1,0.5497615,1
176264,1,0,0.064065434,0
176265,1,0,0.027040472,0
176266,1,0,0.22609939,0
176267,1,1,0.98157746,1
176268,1,1,0.572663,1
176269,1,1,0.7738579,1
176270,1,1,0.39679837,1
176271,1,1,0.9861247,1
176272,1,1,0.99174845,1
176273,1,1,0.99999976,1
176274,1,1,0.99965537,1
176275,1,1,0.6885208,1
176276,1,1,1.0,1
176277,1,1,0.99908006,1
176278,1,1,0.35281476,1
176279,1,0,0.0058767376,0
176280,1,0,0.28766775,0
176281,1,0,0.008560892,0
176282,1,0,0.1450548,0
176283,1,1,0.46192688,1
176284,1,1,0.5426209,1
176285,1,0,0.12667711,0
176286,1,0,0.0703677,0
176287,1,0,0.033526164,0
176288,1,1,0.36150277,1
176289,1,0,0.0014924251,0
176290,1,0,0.0013696945,0
176291,1,0,0.28907058,0
176292,1,0,0.019927852,0
176293,1,0,0.082549304,0
176294,1,1,0.5168393,1
176295,1,0,0.21469142,0
176296,1,0,0.15869519,0
176297,1,0,0.13741668,0
176298,1,0,0.02663241,0
176299,1,0,0.046205748,0
176300,1,0,0.029760094,0
176301,1,0,0.018725162,0
176302,1,0,0.08609269,0
176303,1,1,0.6031724,1
176304,1,0,0.06878729,0
176305,1,0,0.000854232,0
176306,1,0,0.004399413,0
176307,1,0,0.3330692,0
176308,1,0,0.1534857,0
176309,1,1,0.9991736,1
176310,1,1,0.7619816,1
176311,1,1,0.97339284,1
176312,1,0,0.053899158,0
176313,1,0,0.0070801177,0
176314,1,0,0.0028839589,0
176315,1,0,0.0248928,0
176316,1,0,0.17610413,0
176317,1,0,0.031114377,0
176318,1,0,0.043691058,0
176319,1,0,0.020904195,0
176320,1,1,0.8272706,1
176321,1,0,0.070816204,0
176322,1,0,0.044431433,0
176323,1,0,0.001582342,0
176324,1,0,0.11940814,0
176325,1,0,0.0013406205,0
176326,1,0,0.002296159,0
176327,1,0,0.060363002,0
176328,1,0,0.23100649,0
176329,1,0,0.23881637,0
176330,1,0,0.014281933,0
176331,1,1,0.952131,1
176332,1,0,0.014009565,0
176333,1,1,0.4279644,1
176334,1,0,0.02961943,0
176335,1,0,0.051893488,0
176336,1,1,0.8251675,1
176337,1,0,0.029788304,0
176338,1,0,0.00498227,0
176339,1,1,0.7167641,1
176340,1,0,0.33101162,0
176341,1,1,0.7598942,1
176342,1,0,0.04020025,0
176343,1,0,0.0051596225,0
176344,1,1,0.84645087,1
176345,1,1,0.99966526,1
176346,1,0,0.0042729364,0
176347,1,1,0.8177201,1
176348,1,0,0.0059803296,0
176349,1,0,0.034979645,0
176350,1,0,0.0045384313,0
176351,1,0,0.0055333874,0
176352,1,0,0.017883008,0
176353,1,1,0.8373541,1
176354,1,0,0.13449147,0
176355,1,0,0.21092878,0
176356,1,0,0.22815649,0
176357,1,0,0.2688454,0
176358,1,1,0.9486325,1
176359,1,1,0.98481095,1
176360,1,1,0.9951231,1
176361,1,1,0.9992489,1
176362,1,1,0.9941801,1
176363,1,1,0.41460255,1
176364,1,0,0.094426885,0
176365,1,0,0.09568695,0
176366,1,1,0.4101655,1
176367,1,0,0.047074176,0
176368,1,0,0.012030543,0
176369,1,1,0.9688562,1
176370,1,1,0.7874412,1
176371,1,0,0.25450897,0
176372,1,1,0.79518133,1
176373,1,0,0.16231363,0
176374,1,0,0.0118920505,0
176375,1,0,0.26246354,0
176376,1,0,0.05179748,0
176377,1,0,0.06159316,0
176378,1,0,0.013875309,0
176379,1,0,0.0008040859,0
176380,1,1,0.89256257,1
176381,1,0,0.16505408,0
176382,1,1,0.9971771,1
176383,1,0,0.08299413,0
176384,1,0,0.11138611,0
176385,1,1,0.5221413,1
176386,1,0,0.25219983,0
176387,1,1,0.98262435,1
176388,1,1,0.6084196,1
176389,1,1,0.9999491,1
176390,1,0,0.022032263,0
176391,1,1,0.86815757,1
176392,1,1,0.99996436,1
176393,1,0,0.11481439,0
176394,1,0,0.09653531,0
176395,1,1,0.9896318,1
176396,1,1,0.99649614,1
176397,1,1,0.9999914,1
176398,1,1,0.9999988,1
176399,1,1,0.99999785,1
176400,1,1,0.99999905,1
176401,1,1,0.990329,1
176402,1,1,0.8984105,1
176403,1,1,0.9984053,1
176404,1,1,0.96864927,1
176405,1,1,0.9821684,1
176406,1,1,0.9999918,1
176407,1,1,1.0,1
176408,1,1,0.97708833,1
176409,1,1,0.9916681,1
176410,1,1,0.65902126,1
176411,1,1,0.97494066,1
176412,1,1,0.41563988,1
176413,1,1,0.99999464,1
176414,1,1,0.94208187,1
176415,1,1,1.0,1
176416,1,1,0.9999329,1
176417,1,1,0.99992275,1
176418,1,1,0.9974934,1
176419,1,1,0.7881351,1
176420,1,1,0.9987356,1
176421,1,1,0.93622667,1
176422,1,0,0.106597565,0
176423,1,1,0.8337311,1
176424,1,1,0.99992394,1
176425,1,1,1.0,1
176426,1,1,1.0,1
176427,1,1,0.99976224,1
176428,1,1,0.99999857,1
176429,1,1,1.0,1
176430,1,1,0.9987031,1
176431,1,1,1.0,1
176432,1,1,0.9998253,1
176433,1,1,1.0,1
176434,1,1,1.0,1
176435,1,1,0.9999417,1
176436,1,1,0.999134,1
176437,1,1,0.98469365,1
176438,1,1,0.99806195,1
176439,1,1,1.0,1
176440,1,1,1.0,1
176441,1,1,0.9999999,1
176442,1,1,0.99972945,1
176443,1,1,1.0,1
176444,1,1,1.0,1
176445,1,1,0.99031025,1
176446,1,1,0.5680564,1
176447,1,1,0.6099308,1
176448,1,0,0.33644003,0
176449,1,1,0.988514,1
176450,1,1,0.9888204,1
176451,1,1,0.99996877,1
176452,1,1,0.99986756,1
176453,1,1,0.9999349,1
176454,1,1,0.9999542,1
176455,1,0,0.33660358,0
176456,1,1,0.99990726,1
176457,1,1,0.9999995,1
176458,1,1,0.999795,1
176459,1,1,0.94208187,1
176460,1,0,0.017917344,0
176461,1,1,0.9979048,1
176462,1,1,0.9999503,1
176463,1,1,1.0,1
176464,1,1,0.9999882,1
176465,1,1,0.99998724,1
176466,1,1,0.98481095,1
176467,1,1,0.9999697,1
176468,1,1,0.9999012,1
176469,1,1,1.0,1
176470,1,1,0.99999917,1
176471,1,0,0.27884555,0
176472,1,0,0.14128143,0
176473,1,0,0.12995382,0
176474,1,1,0.9907678,1
176475,1,1,0.99999917,1
176476,1,1,0.9999995,1
176477,1,1,1.0,1
176478,1,0,0.0019154998,0
176479,1,1,0.99982125,1
176480,1,1,0.9999999,1
176481,1,1,0.9645224,1
176482,1,1,0.999995,1
176483,1,1,0.999941,1
176484,1,1,0.99787605,1
176485,1,1,0.99999964,1
176486,1,1,0.84695786,1
176487,1,1,0.9998969,1
176488,1,1,0.5958454,1
176489,1,1,0.99995804,1
176490,1,1,0.99963665,1
176491,1,1,0.98588216,1
176492,1,0,0.0013276093,0
176493,1,1,0.999992,1
176494,1,0,0.003524341,0
176495,1,1,0.99324185,1
176496,1,1,0.98238933,1
176497,1,1,0.82104415,1
176498,1,1,0.9997631,1
176499,1,0,0.027769245,0
176500,1,1,0.90821165,1
176501,1,1,0.4775237,1
176502,1,1,0.9769787,1
176503,1,1,0.9474297,1
176504,1,1,0.99996877,1
176505,1,1,0.9999939,1
176506,1,1,0.9997029,1
176507,1,1,0.99381906,1
176508,1,1,0.79117644,1
176509,1,1,0.99983585,1
176510,1,1,0.9931629,1
176511,1,1,0.99988675,1
176512,1,1,0.9999763,1
176513,1,1,0.98899186,1
176514,1,1,0.9997192,1
176515,1,1,0.99366105,1
176516,1,1,0.84581506,1
176517,1,1,0.9999713,1
176518,1,1,0.9147487,1
176519,1,1,0.8934954,1
176520,1,1,0.9999863,1
176521,1,1,0.9999995,1
176522,1,1,0.9979652,1
176523,1,1,0.99564314,1
176524,1,1,0.9999926,1
176525,1,1,0.99648935,1
176526,1,1,0.9999999,1
176527,1,1,0.9213576,1
176528,1,1,0.9999808,1
176529,1,1,0.9984421,1
176530,1,1,1.0,1
176531,1,1,0.99999595,1
176532,1,1,0.99999845,1
176533,1,1,0.99999774,1
176534,1,1,0.9986356,1
176535,1,1,0.9996388,1
176536,1,1,0.9941801,1
176537,1,1,0.9995479,1
176538,1,1,1.0,1
176539,1,1,1.0,1
176540,1,1,0.99998033,1
176541,1,1,0.9999716,1
176542,1,1,1.0,1
176543,1,1,0.99999976,1
176544,1,1,0.9999485,1
176545,1,1,0.99999833,1
176546,1,1,1.0,1
176547,1,1,0.99401975,1
176548,1,1,0.584627,1
176549,1,1,0.99993443,1
176550,1,1,0.81859183,1
176551,1,1,0.99256825,1
176552,1,1,0.9999155,1
176553,1,1,0.99992883,1
176554,1,1,0.99999166,1
176555,1,1,0.9999833,1
176556,1,1,0.9999999,1
176557,1,1,0.99947566,1
176558,1,1,0.98083925,1
176559,1,1,0.9999603,1
176560,1,1,0.63108295,1
176561,1,1,0.9999969,1
176562,1,1,0.99477994,1
176563,1,1,0.9990746,1
176564,1,1,0.96641046,1
176565,1,1,0.9999999,1
176566,1,1,0.5922539,1
176567,1,1,0.99997485,1
176568,1,1,0.9989225,1
176569,1,1,0.97121114,1
176570,1,1,0.5182414,1
176571,1,1,0.9923341,1
176572,1,1,0.9999745,1
176573,1,1,0.6005984,1
176574,1,1,0.9756001,1
176575,1,1,0.9999362,1
176576,1,1,0.9999968,1
176577,1,1,0.94610083,1
176578,1,1,0.99600047,1
176579,1,1,0.7370635,1
176580,1,1,0.9999596,1
176581,1,1,0.9999995,1
176582,1,1,0.99889046,1
176583,1,1,0.9999696,1
176584,1,1,0.98432124,1
176585,1,1,0.9986541,1
176586,1,1,0.9999999,1
176587,1,1,0.9489646,1
176588,1,1,0.9999995,1
176589,1,1,1.0,1
176590,1,1,0.9656736,1
176591,1,1,0.9999999,1
176592,1,1,1.0,1
176593,1,1,0.9993228,1
176594,1,1,1.0,1
176595,1,1,0.99998975,1
176596,1,1,0.9996686,1
176597,1,1,0.9990854,1
176598,1,1,0.9960622,1
176599,1,1,0.99999654,1
176600,1,1,1.0,1
176601,1,1,0.99999774,1
176602,1,1,0.99987364,1
176603,1,1,0.99995804,1
176604,1,1,0.99992967,1
176605,1,1,0.9763331,1
176606,1,1,0.9999982,1
176607,1,1,1.0,1
176608,1,1,0.99997246,1
176609,1,1,0.8495972,1
176610,1,1,0.73833907,1
176611,1,1,0.89706576,1
176612,1,1,0.9999114,1
176613,1,1,0.9741166,1
176614,1,1,0.93349147,1
176615,1,1,0.98481095,1
176616,1,1,0.9999877,1
176617,1,1,0.99999964,1
176618,1,1,0.98569053,1
176619,1,1,0.9999596,1
176620,1,1,0.9865976,1
176621,1,1,1.0,1
176622,1,1,0.9314625,1
176623,1,1,1.0,1
176624,1,1,0.84872156,1
176625,1,1,0.99997926,1
176626,1,1,0.9981324,1
176627,1,1,0.9995497,1
176628,1,1,0.99997604,1
176629,1,1,0.99998224,1
176630,1,1,0.99679,1
176631,1,1,1.0,1
176632,1,1,1.0,1
176633,1,1,0.99996746,1
176634,1,1,0.9999552,1
176635,1,1,1.0,1
176636,1,1,0.99990535,1
176637,1,1,0.99401975,1
176638,1,1,0.584627,1
176639,1,1,0.99993443,1
176640,1,1,0.81859183,1
176641,1,1,0.99256825,1
176642,1,1,0.9999155,1
176643,1,1,0.99992883,1
176644,1,1,0.99999166,1
176645,1,1,0.9999833,1
176646,1,1,0.9999999,1
176647,1,1,0.99947566,1
176648,1,1,0.98083925,1
176649,1,1,0.9999603,1
176650,1,1,0.63108295,1
176651,1,1,0.9999969,1
176652,1,1,0.99477994,1
176653,1,1,0.9990746,1
176654,1,1,0.96641046,1
176655,1,1,0.9999999,1
176656,1,1,0.5922539,1
176657,1,1,0.99997485,1
176658,1,1,0.9989225,1
176659,1,1,0.97121114,1
176660,1,1,0.5182414,1
176661,1,1,0.9923341,1
176662,1,1,0.9999745,1
176663,1,1,0.6005984,1
176664,1,1,0.9756001,1
176665,1,1,0.9999362,1
176666,1,1,0.9999968,1
176667,1,1,0.9999443,1
176668,1,1,0.9846051,1
176669,1,1,0.9994319,1
176670,1,1,0.5598917,1
176671,1,1,0.9998746,1
176672,1,1,0.99951315,1
176673,1,0,0.062103122,0
176674,1,1,0.9999976,1
176675,1,1,0.7398456,1
176676,1,1,0.9999541,1
176677,1,0,0.30699432,0
176678,1,1,0.9539232,1
176679,1,1,0.9999982,1
176680,1,1,0.9931096,1
176681,1,1,0.9999846,1
176682,1,1,0.7890712,1
176683,1,0,0.017110892,0
176684,1,0,0.018457891,0
176685,1,1,0.99999976,1
176686,1,1,0.999841,1
176687,1,1,0.96835136,1
176688,1,1,0.92696756,1
176689,1,1,0.56937385,1
176690,1,1,1.0,1
176691,1,1,0.4729269,1
176692,1,1,0.99990976,1
176693,1,1,0.9552774,1
176694,1,1,0.52877676,1
176695,1,1,0.98262435,1
176696,1,1,0.99920064,1
176697,1,1,1.0,1
176698,1,1,1.0,1
176699,1,1,1.0,1
176700,1,1,1.0,1
176701,1,1,1.0,1
176702,1,1,0.9999949,1
176703,1,1,0.9998776,1
176704,1,1,0.9999999,1
176705,1,1,1.0,1
176706,1,1,1.0,1
176707,1,1,0.9999988,1
176708,1,1,1.0,1
176709,1,1,1.0,1
176710,1,1,1.0,1
176711,1,1,1.0,1
176712,1,1,1.0,1
176713,1,1,0.99999976,1
176714,1,1,0.9999938,1
176715,1,1,1.0,1
176716,1,1,0.99999714,1
176717,1,1,0.9999995,1
176718,1,1,1.0,1
176719,1,1,1.0,1
176720,1,1,1.0,1
176721,1,1,0.9999995,1
176722,1,1,0.9999999,1
176723,1,1,1.0,1
176724,1,1,1.0,1
176725,1,1,0.99999774,1
176726,1,1,0.9797259,1
176727,1,1,0.99373454,1
176728,1,1,0.9999988,1
176729,1,1,0.9993905,1
176730,1,1,0.9792154,1
176731,1,1,0.9975986,1
176732,1,1,0.9999887,1
176733,1,1,0.9999938,1
176734,1,1,1.0,1
176735,1,1,0.99903405,1
176736,1,1,0.99998724,1
176737,1,1,0.99999905,1
176738,1,1,0.9980083,1
176739,1,1,0.9999864,1
176740,1,1,1.0,1
176741,1,1,0.99999726,1
176742,1,1,0.99999833,1
176743,1,1,0.99999976,1
176744,1,1,0.999572,1
176745,1,1,0.8774768,1
176746,1,1,0.9999999,1
176747,1,1,0.99457306,1
176748,1,1,1.0,1
176749,1,1,1.0,1
176750,1,1,0.99999857,1
176751,1,1,0.99999905,1
176752,1,1,1.0,1
176753,1,1,0.9997478,1
176754,1,1,0.99948776,1
176755,1,1,0.9925103,1
176756,1,1,0.9999999,1
176757,1,1,0.9998332,1
176758,1,1,0.9832145,1
176759,1,1,0.9999999,1
176760,1,1,1.0,1
176761,1,1,1.0,1
176762,1,1,1.0,1
176763,1,1,1.0,1
176764,1,1,1.0,1
176765,1,1,1.0,1
176766,1,1,1.0,1
176767,1,1,1.0,1
176768,1,1,0.99993026,1
176769,1,1,1.0,1
176770,1,1,1.0,1
176771,1,1,1.0,1
176772,1,1,1.0,1
176773,1,1,1.0,1
176774,1,1,1.0,1
176775,1,1,1.0,1
176776,1,1,0.99999976,1
176777,1,1,1.0,1
176778,1,1,1.0,1
176779,1,1,1.0,1
176780,1,1,0.9998523,1
176781,1,1,0.9999851,1
176782,1,1,0.99428093,1
176783,1,1,0.99999976,1
176784,1,1,0.9990619,1
176785,1,1,0.99996054,1
176786,1,1,1.0,1
176787,1,1,0.992837,1
176788,1,1,0.999539,1
176789,1,1,0.9985702,1
176790,1,0,0.18780208,0
176791,1,1,0.8100285,1
176792,1,1,0.98416984,1
176793,1,0,0.22901753,0
176794,1,1,0.98628414,1
176795,1,0,0.21370518,0
176796,1,1,0.92709976,1
176797,1,0,0.15830442,0
176798,1,0,0.08411581,0
176799,1,1,0.5571226,1
176800,1,1,0.99732697,1
176801,1,1,0.9983418,1
176802,1,0,0.1705771,0
176803,1,1,0.37153557,1
176804,1,1,0.41436556,1
176805,1,1,0.6593503,1
176806,1,1,0.9919848,1
176807,1,1,0.9361684,1
176808,1,1,0.73753643,1
176809,1,1,0.99892044,1
176810,1,1,0.9545628,1
176811,1,1,0.76467204,1
176812,1,1,0.99688846,1
176813,1,1,0.86293024,1
176814,1,1,0.6401298,1
176815,1,0,0.29502678,0
176816,1,1,0.9167081,1
176817,1,1,0.9335521,1
176818,1,1,0.9997358,1
176819,1,1,0.9470392,1
176820,1,1,0.9770007,1
176821,1,1,0.9978173,1
176822,1,0,0.30497235,0
176823,1,1,0.90174776,1
176824,1,0,0.2045007,0
176825,1,0,0.122051544,0
176826,1,1,0.95257413,1
176827,1,1,0.5161077,1
176828,1,0,0.075995214,0
176829,1,0,0.32745323,0
176830,1,1,0.99951124,1
176831,1,1,0.93349147,1
176832,1,1,0.91964257,1
176833,1,0,0.05122493,0
176834,1,0,0.17838266,0
176835,1,0,0.31997073,0
176836,1,0,0.09782047,0
176837,1,0,0.14897339,0
176838,1,0,0.044639204,0
176839,1,1,0.4784679,1
176840,1,0,0.108377546,0
176841,1,0,0.19513355,0
176842,1,0,0.1987631,0
176843,1,0,0.09903369,0
176844,1,1,0.6219428,1
176845,1,0,0.01990879,0
176846,1,0,0.07517641,0
176847,1,0,0.016308766,0
176848,1,0,0.034068275,0
176849,1,0,0.09334689,0
176850,1,0,0.11328496,0
176851,1,0,0.06717857,0
176852,1,1,0.9999846,1
176853,1,1,0.99108386,1
176854,1,0,0.25529724,0
176855,1,1,0.9003547,1
176856,1,1,0.99939764,1
176857,1,1,0.9982488,1
176858,1,1,0.6180315,1
176859,1,0,0.0248928,0
176860,1,1,0.5032348,1
176861,1,0,0.025687134,0
176862,1,0,0.052037824,0
176863,1,0,0.11864014,0
176864,1,0,0.080069266,0
176865,1,0,0.17945866,0
176866,1,0,0.063773274,0
176867,1,1,0.38312188,1
176868,1,1,0.7722732,1
176869,1,1,0.7856377,1
176870,1,0,0.23890513,0
176871,1,1,0.7557272,1
176872,1,0,0.07030384,0
176873,1,0,0.03722176,0
176874,1,0,0.013248331,0
176875,1,0,0.023962023,0
176876,1,0,0.18191628,0
176877,1,0,0.07878402,0
176878,1,0,0.06103112,0
176879,1,0,0.20347002,0
176880,1,1,0.6914973,1
176881,1,0,0.16762705,0
176882,1,0,0.15895613,0
176883,1,0,0.24935585,0
176884,1,0,0.14584377,0
176885,1,0,0.06947859,0
176886,1,0,0.13927925,0
176887,1,1,0.36133373,1
176888,1,0,0.26284182,0
176889,1,1,0.36161548,1
176890,1,0,0.054600604,0
176891,1,0,0.03825006,0
176892,1,0,0.08035747,0
176893,1,0,0.040313438,0
176894,1,0,0.062103122,0
176895,1,0,0.23484507,0
176896,1,0,0.026430635,0
176897,1,0,0.03365296,0
176898,1,0,0.12797923,0
176899,1,0,0.18959609,0
176900,1,1,0.908699,1
176901,1,1,0.50488263,1
176902,1,0,0.18668744,0
176903,1,0,0.02931223,0
176904,1,0,0.22746935,0
176905,1,0,0.1627789,0
176906,1,0,0.20793757,0
176907,1,1,0.5664982,1
176908,1,1,0.44842628,1
176909,1,1,0.9327602,1
176910,1,1,0.87726665,1
176911,1,0,0.14946929,0
176912,1,0,0.09859886,0
176913,1,0,0.327507,0
176914,1,0,0.20149878,0
176915,1,0,0.1474324,0
176916,1,1,0.66285104,1
176917,1,0,0.24454337,0
176918,1,0,0.33079538,0
176919,1,1,0.36704338,1
176920,1,0,0.32028955,0
176921,1,1,0.68326104,1
176922,1,0,0.32589588,0
176923,1,1,0.39405522,1
176924,1,1,0.3840166,1
176925,1,0,0.341308,0
176926,1,0,0.29188833,0
176927,1,1,0.4265007,1
176928,1,0,0.2536761,0
176929,1,0,0.27474034,0
176930,1,1,0.58100593,1
176931,1,1,0.39516336,1
176932,1,1,0.4018638,1
176933,1,1,0.43071598,1
176934,1,1,0.5746932,1
176935,1,0,0.06711741,0
176936,1,0,0.29299974,0
176937,1,1,0.9999999,1
176938,1,1,1.0,1
176939,1,1,0.99999225,1
176940,1,1,0.9999008,1
176941,1,1,0.9341553,1
176942,1,1,0.94024336,1
176943,1,1,0.99985397,1
176944,1,1,0.98096734,1
176945,1,1,0.9999552,1
176946,1,1,0.9871788,1
176947,1,1,0.99991417,1
176948,1,1,0.70684856,1
176949,1,1,0.99400806,1
176950,1,1,0.86165464,1
176951,1,1,0.99889696,1
176952,1,1,0.95715785,1
176953,1,1,0.5574839,1
176954,1,1,0.6802948,1
176955,1,1,0.9999331,1
176956,1,1,0.98986953,1
176957,1,1,0.9966234,1
176958,1,1,0.99998367,1
176959,1,1,0.9999993,1
176960,1,1,0.9998702,1
176961,1,1,0.9999926,1
176962,1,1,0.99993074,1
176963,1,1,0.9665687,1
176964,1,1,0.99749833,1
176965,1,1,0.99559206,1
176966,1,1,0.9999988,1
176967,1,1,0.93611,1
176968,1,1,0.81331253,1
176969,1,1,0.93033177,1
176970,1,0,0.035310794,0
176971,1,1,0.9673178,1
176972,1,1,0.4965821,1
176973,1,0,0.1192542,0
176974,1,1,0.55103016,1
176975,1,1,0.39609736,1
176976,1,0,0.095265254,0
176977,1,0,0.06717857,0
176978,1,0,0.17398883,0
176979,1,0,0.18090117,0
176980,1,0,0.21370518,0
176981,1,0,0.14511536,0
176982,1,0,0.041930523,0
176983,1,0,0.0248928,0
176984,1,0,0.042127114,0
176985,1,0,0.037785765,0
176986,1,1,0.67624587,1
176987,1,0,0.33144423,0
176988,1,0,0.056652427,0
176989,1,0,0.26769522,0
176990,1,1,0.9673795,1
176991,1,1,0.58847535,1
176992,1,0,0.21419789,0
176993,1,0,0.0073032235,0
176994,1,0,0.018352037,0
176995,1,1,0.73630583,1
176996,1,0,0.12002561,0
176997,1,1,0.8988553,1
176998,1,1,0.50997794,1
176999,1,0,0.20008837,0
177000,1,1,0.9912378,1
177001,1,1,0.71730906,1
177002,1,1,0.99679,1
177003,1,1,0.60492414,1
177004,1,1,0.98860246,1
177005,1,1,0.97852874,1
177006,1,0,0.04146227,0
177007,1,1,0.9406263,1
177008,1,1,0.9992099,1
177009,1,1,0.41709337,1
177010,1,1,0.83682144,1
177011,1,0,0.15405755,0
177012,1,1,0.36015138,1
177013,1,1,0.45096374,1
177014,1,1,0.82375413,1
177015,1,0,0.2424746,0
177016,1,0,0.30798203,0
177017,1,0,0.20914644,0
177018,1,1,0.70987463,1
177019,1,1,0.7923839,1
177020,1,1,0.8499712,1
177021,1,1,0.7939859,1
177022,1,0,0.02678473,0
177023,1,0,0.11666332,0
177024,1,1,0.8441522,1
177025,1,1,0.9296961,1
177026,1,1,0.86916035,1
177027,1,1,0.8429925,1
177028,1,1,0.96891505,1
177029,1,1,0.9492946,1
177030,1,1,0.8308688,1
177031,1,1,0.9393595,1
177032,1,0,0.2666436,0
177033,1,1,0.47487468,1
177034,1,1,0.5984882,1
177035,1,0,0.18513553,0
177036,1,1,0.5421362,1
177037,1,1,0.99644804,1
177038,1,1,0.95585793,1
177039,1,1,0.75626755,1
177040,1,1,0.9968458,1
177041,1,1,0.9766024,1
177042,1,1,0.8384153,1
177043,1,0,0.11362877,0
177044,1,1,0.86476797,1
177045,1,1,0.53704137,1
177046,1,0,0.26331514,0
177047,1,0,0.24580847,0
177048,1,1,0.89228123,1
177049,1,1,0.36534345,1
177050,1,1,0.8552477,1
177051,1,1,0.54909664,1
177052,1,1,0.53692,1
177053,1,1,0.47301817,1
177054,1,0,0.16878845,0
177055,1,1,0.92976,1
177056,1,0,0.31599978,0
177057,1,0,0.32193944,0
177058,1,1,0.5046385,1
177059,1,0,0.28927132,0
177060,1,0,0.09764823,0
177061,1,1,0.9432431,1
177062,1,1,0.3872268,1
177063,1,0,0.13551785,0
177064,1,0,0.09929539,0
177065,1,0,0.33851433,0
177066,1,0,0.14390808,0
177067,1,0,0.15539862,0
177068,1,0,0.13161905,0
177069,1,0,0.19352812,0
177070,1,0,0.15869519,0
177071,1,0,0.18847331,0
177072,1,0,0.16532342,0
177073,1,1,0.4971314,1
177074,1,0,0.32236597,0
177075,1,1,0.86165464,1
177076,1,1,0.56103444,1
177077,1,0,0.28671816,0
177078,1,0,0.13741668,0
177079,1,0,0.2784039,0
177080,1,1,0.4879784,1
177081,1,1,0.9943141,1
177082,1,0,0.12231338,0
177083,1,0,0.1390453,0
177084,1,0,0.08014123,0
177085,1,0,0.11586064,0
177086,1,0,0.15784954,0
177087,1,1,0.9832949,1
177088,1,1,0.988514,1
177089,1,0,0.2115797,0
177090,1,1,0.9988927,1
177091,1,1,0.9977216,1
177092,1,1,0.9989309,1
177093,1,1,0.5526,1
177094,1,1,0.99544394,1
177095,1,1,0.99999714,1
177096,1,1,0.99863297,1
177097,1,1,0.9172285,1
177098,1,1,0.9900058,1
177099,1,1,0.99999213,1
177100,1,1,0.9364014,1
177101,1,1,0.9966168,1
177102,1,0,0.022286186,0
177103,1,1,0.6386663,1
177104,1,0,0.16371268,0
177105,1,1,0.7481224,1
177106,1,1,0.7858021,1
177107,1,0,0.2664527,0
177108,1,1,1.0,1
177109,1,1,0.9114165,1
177110,1,1,0.97134733,1
177111,1,0,0.1470033,0
177112,1,0,0.30497235,0
177113,1,0,0.047691282,0
177114,1,1,0.39117333,1
177115,1,0,0.111337796,0
177116,1,0,0.20505732,0
177117,1,0,0.11299101,0
177118,1,1,0.56139517,1
177119,1,0,0.052814018,0
177120,1,0,0.015573563,0
177121,1,0,0.010529713,0
177122,1,0,0.03615194,0
177123,1,0,0.042166542,0
177124,1,0,0.037291814,0
177125,1,0,0.04560694,0
177126,1,0,0.031291503,0
177127,1,0,0.03448853,0
177128,1,0,0.07821887,0
177129,1,0,0.06548521,0
177130,1,0,0.018635655,0
177131,1,0,0.016882466,0
177132,1,0,0.0090903845,0
177133,1,0,0.0068504806,0
177134,1,0,0.019512547,0
177135,1,0,0.009250096,0
177136,1,0,0.057652235,0
177137,1,0,0.065604836,0
177138,1,0,0.1917057,0
177139,1,0,0.03915837,0
177140,1,0,0.16545825,0
177141,1,0,0.11976799,0
177142,1,1,0.99964786,1
177143,1,0,0.14841712,0
177144,1,0,0.10230471,0
177145,1,1,0.5604331,1
177146,1,1,0.36766753,1
177147,1,1,0.6538456,1
177148,1,1,0.3655699,1
177149,1,0,0.22422528,0
177150,1,1,0.35527143,1
177151,1,0,0.29330328,0
177152,1,0,0.20963144,0
177153,1,0,0.1588256,0
177154,1,1,0.5680564,1
177155,1,0,0.10673714,0
177156,1,0,0.2325715,0
177157,1,0,0.25238404,0
177158,1,0,0.25506523,0
177159,1,0,0.24229527,0
177160,1,0,0.17631677,0
177161,1,1,0.6971452,1
177162,1,1,0.8804891,1
177163,1,1,0.8333246,1
177164,1,1,0.840259,1
177165,1,1,0.39053392,1
177166,1,1,0.73796153,1
177167,1,0,0.23074637,0
177168,1,0,0.16118816,0
177169,1,0,0.15746048,0
177170,1,0,0.20601411,0
177171,1,0,0.12002561,0
177172,1,0,0.21378726,0
177173,1,1,0.9982658,1
177174,1,0,0.20914644,0
177175,1,0,0.1363207,0
177176,1,0,0.048271183,0
177177,1,1,0.99983776,1
177178,1,1,0.9954615,1
177179,1,1,0.4216411,1
177180,1,0,0.14780103,0
177181,1,1,0.7010484,1
177182,1,1,0.99974877,1
177183,1,1,0.9999945,1
177184,1,1,0.980034,1
177185,1,1,0.4906017,1
177186,1,1,0.74144006,1
177187,1,1,0.68789214,1
177188,1,1,0.6149144,1
177189,1,1,0.8490974,1
177190,1,0,0.15259965,0
177191,1,0,0.008728267,0
177192,1,1,0.9289907,1
177193,1,0,0.10447732,0
177194,1,1,0.45750025,1
177195,1,1,0.45768204,1
177196,1,0,0.18395983,0
177197,1,1,0.68283814,1
177198,1,1,0.52646446,1
177199,1,0,0.20212801,0
177200,1,0,0.18075651,0
177201,1,0,0.3394991,0
177202,1,0,0.21362315,0
177203,1,1,0.37182066,1
177204,1,1,0.43854472,1
177205,1,0,0.21958841,0
177206,1,0,0.24229527,0
177207,1,0,0.21206881,0
177208,1,0,0.20866227,0
177209,1,0,0.3058528,0
177210,1,0,0.1500911,0
177211,1,0,0.24762337,0
177212,1,0,0.2673125,0
177213,1,0,0.13834533,0
177214,1,1,0.9997284,1
177215,1,0,0.18184364,0
177216,1,0,0.11037522,0
177217,1,0,0.03618598,0
177218,1,0,0.109039895,0
177219,1,0,0.14566138,0
177220,1,1,0.4995422,1
177221,1,0,0.08779819,0
177222,1,0,0.3227394,0
177223,1,0,0.058776554,0
177224,1,0,0.2359876,0
177225,1,0,0.23152734,0
177226,1,0,0.17674264,0
177227,1,0,0.16613355,0
177228,1,0,0.085023046,0
177229,1,0,0.19659473,0
177230,1,0,0.08240149,0
177231,1,0,0.34345183,0
177232,1,0,0.08733005,0
177233,1,0,0.09842541,0
177234,1,0,0.17307846,0
177235,1,1,0.4865755,1
177236,1,0,0.22177176,0
177237,1,1,0.891339,1
177238,1,1,0.7699463,1
177239,1,0,0.22832853,0
177240,1,1,0.4834655,1
177241,1,1,0.44736975,1
177242,1,1,0.3858663,1
177243,1,0,0.2703839,0
177244,1,1,0.9351099,1
177245,1,0,0.3047654,0
177246,1,1,0.97503597,1
177247,1,1,0.9837225,1
177248,1,0,0.1715464,0
177249,1,0,0.25771838,0
177250,1,0,0.050658382,0
177251,1,0,0.1655931,0
177252,1,0,0.15027805,0
177253,1,0,0.008933403,0
177254,1,1,0.5798763,1
177255,1,0,0.1346052,0
177256,1,0,0.0768222,0
177257,1,1,0.6149144,1
177258,1,1,0.63108295,1
177259,1,0,0.33867836,0
177260,1,1,0.5973143,1
177261,1,0,0.23161423,0
177262,1,1,0.7670798,1
177263,1,1,0.632446,1
177264,1,1,0.3640142,1
177265,1,0,0.17258981,0
177266,1,1,0.3548801,1
177267,1,1,0.7826625,1
177268,1,1,0.61364174,1
177269,1,1,0.98546845,1
177270,1,1,0.9622497,1
177271,1,1,0.502594,1
177272,1,1,0.9545628,1
177273,1,0,0.02961943,0
177274,1,1,0.37461907,1
177275,1,1,0.99787605,1
177276,1,1,0.67986983,1
177277,1,1,0.99871063,1
177278,1,1,0.39565948,1
177279,1,1,0.9904591,1
177280,1,1,0.9466954,1
177281,1,1,0.9771756,1
177282,1,1,0.99864894,1
177283,1,1,0.99882597,1
177284,1,1,0.8830344,1
177285,1,1,0.71720994,1
177286,1,1,0.9716448,1
177287,1,0,0.31843218,0
177288,1,1,0.5829066,1
177289,1,1,0.9704367,1
177290,1,0,0.13466209,0
177291,1,1,0.82290184,1
177292,1,0,0.29619598,0
177293,1,0,0.07409726,0
177294,1,1,0.5333975,1
177295,1,1,0.6611029,1
177296,1,0,0.2794842,0
177297,1,1,0.9999995,1
177298,1,1,0.99918,1
177299,1,1,1.0,1
177300,1,1,0.9999987,1
177301,1,1,0.99999,1
177302,1,1,0.998103,1
177303,1,1,0.99995303,1
177304,1,1,1.0,1
177305,1,1,0.99863297,1
177306,1,1,0.99999785,1
177307,1,1,1.0,1
177308,1,1,0.90747637,1
177309,1,1,0.9999672,1
177310,1,1,0.99999964,1
177311,1,1,0.9449947,1
177312,1,1,0.8824279,1
177313,1,1,0.7230651,1
177314,1,1,0.9999995,1
177315,1,1,0.99993813,1
177316,1,1,0.9820999,1
177317,1,0,0.20971236,0
177318,1,1,0.9998932,1
177319,1,1,0.653514,1
177320,1,1,0.9064049,1
177321,1,1,0.9991959,1
177322,1,1,0.6488558,1
177323,1,1,0.607896,1
177324,1,1,0.8386798,1
177325,1,1,0.99988127,1
177326,1,1,0.9982317,1
177327,1,0,0.2230384,0
177328,1,0,0.15450352,0
177329,1,1,0.65869194,1
177330,1,1,0.7163179,1
177331,1,0,0.3427365,0
177332,1,1,0.476671,1
177333,1,1,0.90574,1
177334,1,1,0.89010334,1
177335,1,1,0.6861073,1
177336,1,1,0.47694507,1
177337,1,1,0.55434984,1
177338,1,1,0.4266202,1
177339,1,1,0.67869973,1
177340,1,1,0.5323036,1
177341,1,1,0.46876022,1
177342,1,1,0.3554113,1
177343,1,0,0.09730459,0
177344,1,0,0.13666598,0
177345,1,1,0.57254356,1
177346,1,1,0.4103132,1
177347,1,0,0.270095,0
177348,1,1,0.4192615,1
177349,1,0,0.27096224,0
177350,1,1,0.42158154,1
177351,1,1,0.40324372,1
177352,1,1,0.47993022,1
177353,1,1,0.6539561,1
177354,1,1,0.876423,1
177355,1,1,0.39376375,1
177356,1,1,0.43542132,1
177357,1,0,0.1609902,0
177358,1,0,0.056392044,0
177359,1,0,0.22414035,0
177360,1,0,0.099820666,0
177361,1,0,0.14051308,0
177362,1,0,0.28537196,0
177363,1,0,0.14996658,0
177364,1,0,0.16940589,0
177365,1,0,0.18126321,0
177366,1,0,0.06797852,0
177367,1,0,0.17967446,0
177368,1,0,0.11920292,0
177369,1,0,0.14175598,0
177370,1,0,0.24926446,0
177371,1,1,0.9973888,1
177372,1,1,0.5867596,1
177373,1,1,0.9975561,1
177374,1,0,0.11104826,0
177375,1,1,0.4655393,1
177376,1,0,0.05340333,0
177377,1,0,0.04881241,0
177378,1,0,0.05122493,0
177379,1,0,0.12018043,0
177380,1,0,0.042483207,0
177381,1,1,0.60276324,1
177382,1,1,0.4517195,1
177383,1,0,0.01578456,0
177384,1,0,0.12962292,0
177385,1,0,0.17203271,0
177386,1,0,0.17349815,0
177387,1,1,0.9904591,1
177388,1,1,0.99433607,1
177389,1,1,0.9998273,1
177390,1,1,0.99860066,1
177391,1,1,0.7416272,1
177392,1,0,0.29401222,0
177393,1,1,0.9899087,1
177394,1,1,0.99892455,1
177395,1,1,0.9991768,1
177396,1,1,0.90422857,1
177397,1,1,0.8510886,1
177398,1,1,0.969985,1
177399,1,1,0.59766656,1
177400,1,1,0.98555213,1
177401,1,1,0.9916358,1
177402,1,1,0.54710114,1
177403,1,1,0.91789335,1
177404,1,1,0.93674946,1
177405,1,1,1.0,1
177406,1,1,0.99411184,1
177407,1,1,0.7728737,1
177408,1,1,0.9999757,1
177409,1,1,0.6307418,1
177410,1,1,0.8896248,1
177411,1,1,0.9877587,1
177412,1,1,0.9447403,1
177413,1,1,0.9906238,1
177414,1,1,0.917746,1
177415,1,1,0.80821866,1
177416,1,1,0.95418006,1
177417,1,1,0.618262,1
177418,1,1,0.47758463,1
177419,1,1,0.5792219,1
177420,1,0,0.23678085,0
177421,1,1,0.59131026,1
177422,1,1,0.47104073,1
177423,1,0,0.23091978,0
177424,1,0,0.067056276,0
177425,1,0,0.34032074,0
177426,1,0,0.17419945,0
177427,1,0,0.23792991,0
177428,1,0,0.12431929,0
177429,1,0,0.083142914,0
177430,1,0,0.12501197,0
177431,1,0,0.10239443,0
177432,1,0,0.2358996,0
177433,1,1,0.4431485,1
177434,1,0,0.2922417,0
177435,1,1,0.52962834,1
177436,1,1,0.5046996,1
177437,1,0,0.0818861,0
177438,1,1,0.43392152,1
177439,1,0,0.19057333,0
177440,1,0,0.07146149,0
177441,1,1,0.4200642,1
177442,1,0,0.11992252,0
177443,1,0,0.1308397,0
177444,1,1,0.9513234,1
177445,1,1,0.6274377,1
177446,1,0,0.24463357,0
177447,1,1,0.5162296,1
177448,1,1,0.41418785,1
177449,1,1,0.61630094,1
177450,1,1,0.65781325,1
177451,1,1,0.44034895,1
177452,1,1,0.9457512,1
177453,1,1,0.9863369,1
177454,1,0,0.31373507,0
177455,1,1,0.9693532,1
177456,1,0,0.30373183,0
177457,1,0,0.07626997,0
177458,1,0,0.08144666,0
177459,1,1,0.97869223,1
177460,1,0,0.161717,0
177461,1,1,0.7343101,1
177462,1,0,0.20809844,0
177463,1,1,0.8042522,1
177464,1,1,0.39837718,1
177465,1,1,0.8923751,1
177466,1,1,0.4855387,1
177467,1,0,0.32729194,0
177468,1,1,0.8500957,1
177469,1,1,0.6722779,1
177470,1,1,0.91949815,1
177471,1,1,0.6105696,1
177472,1,0,0.22456521,0
177473,1,1,0.4395368,1
177474,1,0,0.2559476,0
177475,1,1,0.9706043,1
177476,1,0,0.17518502,0
177477,1,1,0.8197491,1
177478,1,1,0.6499675,1
177479,1,0,0.11506276,0
177480,1,0,0.07885492,0
177481,1,1,0.62286085,1
177482,1,0,0.16844618,0
177483,1,0,0.04972728,0
177484,1,0,0.018194366,0
177485,1,0,0.0073743653,0
177486,1,0,0.24157882,0
177487,1,1,0.9016612,1
177488,1,1,0.7916601,1
177489,1,1,0.3710227,1
177490,1,1,0.9043975,1
177491,1,1,0.7821637,1
177492,1,0,0.09451042,0
177493,1,0,0.12310184,0
177494,1,0,0.07661468,0
177495,1,0,0.13449147,0
177496,1,0,0.25054586,0
177497,1,0,0.09001297,0
177498,1,0,0.07999737,0
177499,1,0,0.070495576,0
177500,1,0,0.20173456,0
177501,1,1,0.55404824,1
177502,1,0,0.16331196,0
177503,1,1,0.5063473,1
177504,1,0,0.06693421,0
177505,1,0,0.24589899,0
177506,1,1,0.3892273,1
177507,1,1,0.99486035,1
177508,1,1,0.9996594,1
177509,1,1,0.7526495,1
177510,1,1,0.99989605,1
177511,1,1,0.9999684,1
177512,1,1,0.91452,1
177513,1,1,0.99987805,1
177514,1,1,0.9888419,1
177515,1,0,0.27561688,0
177516,1,1,0.9999893,1
177517,1,1,0.99688846,1
177518,1,1,0.9973425,1
177519,1,1,0.9979372,1
177520,1,1,0.66600823,1
177521,1,1,0.99723166,1
177522,1,0,0.31790254,0
177523,1,1,0.45795473,1
177524,1,1,0.93220687,1
177525,1,1,0.9999833,1
177526,1,1,0.99999344,1
177527,1,1,0.99338466,1
177528,1,0,0.29971972,0
177529,1,0,0.21833587,0
177530,1,0,0.11666332,0
177531,1,1,0.9808576,1
177532,1,1,0.39592218,1
177533,1,1,0.8398654,1
177534,1,1,0.9563497,1
177535,1,1,0.7940658,1
177536,1,1,0.99821436,1
177537,1,1,0.9694112,1
177538,1,1,0.90590656,1
177539,1,1,0.95803016,1
177540,1,1,0.99381906,1
177541,1,1,0.96926606,1
177542,1,1,0.77881753,1
177543,1,1,0.69206995,1
177544,1,1,0.99760324,1
177545,1,1,0.6720627,1
177546,1,1,0.5119606,1
177547,1,0,0.31106052,0
177548,1,1,0.40748075,1
177549,1,1,0.60929173,1
177550,1,1,0.6307418,1
177551,1,1,0.7864589,1
177552,1,1,0.95292586,1
177553,1,1,0.96405166,1
177554,1,1,0.4871549,1
177555,1,1,0.46386924,1
177556,1,1,0.8624676,1
177557,1,1,0.81130254,1
177558,1,1,0.93403506,1
177559,1,1,0.65913093,1
177560,1,0,0.26345724,0
177561,1,0,0.051130094,0
177562,1,1,0.9392481,1
177563,1,0,0.2942657,0
177564,1,1,0.840521,1
177565,1,0,0.09227797,0
177566,1,0,0.10999224,0
177567,1,0,0.33551413,0
177568,1,1,0.43071598,1
177569,1,0,0.08419108,0
177570,1,0,0.11104826,0
177571,1,1,0.41507664,1
177572,1,0,0.25404602,0
177573,1,1,0.4118499,1
177574,1,1,0.98544043,1
177575,1,0,0.31184584,0
177576,1,0,0.18206167,0
177577,1,0,0.010268432,0
177578,1,0,0.19582467,0
177579,1,0,0.06524657,0
177580,1,0,0.2165081,0
177581,1,0,0.310433,0
177582,1,0,0.03030055,0
177583,1,0,0.04611975,0
177584,1,0,0.050658382,0
177585,1,0,0.103295475,0
177586,1,0,0.12689333,0
177587,1,1,0.6161278,1
177588,1,0,0.019889742,0
177589,1,0,0.18535665,0
177590,1,0,0.14163724,0
177591,1,0,0.11008789,0
177592,1,0,0.13039611,0
177593,1,0,0.032558974,0
177594,1,0,0.06656919,0
177595,1,0,0.0548532,0
177596,1,0,0.111434445,0
177597,1,0,0.05490385,0
177598,1,0,0.051605962,0
177599,1,1,0.50695753,1
177600,1,0,0.22185604,0
177601,1,0,0.18742996,0
177602,1,1,0.67539006,1
177603,1,0,0.289673,0
177604,1,1,0.88563144,1
177605,1,0,0.03989989,0
177606,1,1,0.49124238,1
177607,1,0,0.29685804,0
177608,1,0,0.1320102,0
177609,1,0,0.08555635,0
177610,1,0,0.1346052,0
177611,1,0,0.0729663,0
177612,1,1,0.6339203,1
177613,1,0,0.25423115,0
177614,1,0,0.052279223,0
177615,1,0,0.010348136,0
177616,1,0,0.11951087,0
177617,1,1,0.44682658,1
177618,1,0,0.18892181,0
177619,1,1,0.6237207,1
177620,1,1,0.601535,1
177621,1,1,0.9984692,1
177622,1,0,0.28427786,0
177623,1,1,0.48627055,1
177624,1,1,0.41377324,1
177625,1,0,0.27874738,0
177626,1,0,0.32466352,0
177627,1,1,0.9013143,1
177628,1,1,0.5851011,1
177629,1,1,0.9995461,1
177630,1,1,0.79454446,1
177631,1,1,0.9906419,1
177632,1,1,0.98240626,1
177633,1,1,0.992062,1
177634,1,1,0.9986142,1
177635,1,1,0.6486333,1
177636,1,1,0.5104965,1
177637,1,1,0.97085404,1
177638,1,1,0.705227,1
177639,1,1,0.44098076,1
177640,1,1,0.9975986,1
177641,1,1,0.93963695,1
177642,1,1,0.47073662,1
177643,1,1,0.48474598,1
177644,1,0,0.25293726,0
177645,1,1,0.70846474,1
177646,1,1,0.46845627,1
177647,1,0,0.08787644,0
177648,1,1,0.705024,1
177649,1,0,0.12368283,0
177650,1,1,0.6547292,1
177651,1,1,0.38488325,1
177652,1,0,0.0768222,0
177653,1,1,0.395105,1
177654,1,0,0.25293726,0
177655,1,0,0.33301497,0
177656,1,0,0.12268078,0
177657,1,1,0.44803378,1
177658,1,1,0.8365546,1
177659,1,1,0.6261813,1
177660,1,1,0.736211,1
177661,1,1,0.79597545,1
177662,1,1,0.8441522,1
177663,1,0,0.327507,0
177664,1,0,0.3443332,0
177665,1,1,0.97285664,1
177666,1,0,0.27503234,0
177667,1,1,0.9184803,1
177668,1,1,0.9170801,1
177669,1,1,0.99633574,1
177670,1,1,0.9323302,1
177671,1,1,0.74144006,1
177672,1,1,0.980034,1
177673,1,0,0.26208568,0
177674,1,0,0.14027737,0
177675,1,1,0.36954254,1
177676,1,0,0.20979328,0
177677,1,0,0.22781274,0
177678,1,0,0.18359362,0
177679,1,0,0.122051544,0
177680,1,0,0.06030764,0
177681,1,0,0.07504072,0
177682,1,0,0.20197058,0
177683,1,0,0.21428008,0
177684,1,0,0.2955348,0
177685,1,0,0.30233958,0
177686,1,0,0.2952299,0
177687,1,1,0.5606737,1
177688,1,1,0.8692713,1
177689,1,1,0.999884,1
177690,1,1,0.72628,1
177691,1,0,0.18155324,0
177692,1,1,0.50384516,1
177693,1,1,0.7318259,1
177694,1,0,0.24463357,0
177695,1,0,0.1468197,0
177696,1,0,0.254787,0
177697,1,1,0.43749303,1
177698,1,1,0.85195273,1
177699,1,0,0.23908274,0
177700,1,0,0.12389466,0
177701,1,0,0.06998537,0
177702,1,0,0.255158,0
177703,1,0,0.01657725,0
177704,1,0,0.046551276,0
177705,1,0,0.123577,0
177706,1,1,0.37647983,1
177707,1,0,0.06681232,0
177708,1,0,0.30668274,0
177709,1,0,0.12852515,0
177710,1,0,0.17795369,0
177711,1,0,0.3304172,0
177712,1,0,0.19042274,0
177713,1,0,0.08555635,0
177714,1,0,0.2802715,0
177715,1,0,0.015678713,0
177716,1,0,0.014364656,0
177717,1,1,0.9570777,1
177718,1,1,0.83004373,1
177719,1,1,0.9996424,1
177720,1,1,0.9592689,1
177721,1,1,0.9530133,1
177722,1,0,0.11138611,0
177723,1,1,0.83907574,1
177724,1,0,0.34350687,0
177725,1,1,0.7930258,1
177726,1,0,0.32793728,0
177727,1,1,0.95787287,1
177728,1,1,0.38078773,1
177729,1,1,0.9701552,1
177730,1,1,0.93952614,1
177731,1,1,0.8247444,1
177732,1,1,0.5682961,1
177733,1,0,0.15488662,0
177734,1,1,0.92000264,1
177735,1,1,0.97436166,1
177736,1,1,0.67453307,1
177737,1,1,0.9889064,1
177738,1,1,0.9999877,1
177739,1,0,0.18892181,0
177740,1,1,0.9993345,1
177741,1,1,0.992837,1
177742,1,0,0.12158143,0
177743,1,1,0.99990726,1
177744,1,0,0.27367145,0
177745,1,0,0.0628467,0
177746,1,1,0.9594972,1
177747,1,1,0.5837373,1
177748,1,1,0.61149794,1
177749,1,1,0.7163675,1
177750,1,1,0.7229673,1
177751,1,0,0.29375893,0
177752,1,1,0.42196858,1
177753,1,1,0.6143362,1
177754,1,1,0.7632191,1
177755,1,1,0.61027926,1
177756,1,0,0.27158964,0
177757,1,0,0.11807967,0
177758,1,1,0.4397774,1
177759,1,1,0.572663,1
177760,1,0,0.20331182,0
177761,1,1,0.5676371,1
177762,1,0,0.19155443,0
177763,1,1,0.4406498,1
177764,1,0,0.22910374,0
177765,1,1,0.7619816,1
177766,1,1,0.9570777,1
177767,1,1,0.63742584,1
177768,1,1,0.61323655,1
177769,1,0,0.21403356,0
177770,1,1,0.3548801,1
177771,1,0,0.26473835,0
177772,1,0,0.13945496,0
177773,1,1,0.5203745,1
177774,1,1,0.87716144,1
177775,1,0,0.26189682,0
177776,1,1,0.6808256,1
177777,1,1,0.99502736,1
177778,1,1,0.9078855,1
177779,1,1,0.9992342,1
177780,1,1,0.9947187,1
177781,1,0,0.21117273,0
177782,1,1,0.73211324,1
177783,1,1,0.44957387,1
177784,1,1,0.9456509,1
177785,1,1,0.9999616,1
177786,1,1,0.99993396,1
177787,1,1,0.99997795,1
177788,1,1,0.9999896,1
177789,1,1,0.63176465,1
177790,1,1,0.9999999,1
177791,1,1,0.9999535,1
177792,1,1,0.99999845,1
177793,1,1,0.55235857,1
177794,1,1,0.999998,1
177795,1,1,0.7282654,1
177796,1,1,0.99999905,1
177797,1,1,0.99999213,1
177798,1,1,0.99040353,1
177799,1,1,0.99991775,1
177800,1,1,0.9999939,1
177801,1,1,0.9999993,1
177802,1,1,0.9999881,1
177803,1,1,0.9401336,1
177804,1,1,0.99963593,1
177805,1,1,0.99999547,1
177806,1,1,0.9999914,1
177807,1,1,0.9999964,1
177808,1,1,0.9992693,1
177809,1,1,0.97852874,1
177810,1,1,0.9999976,1
177811,1,1,0.8702668,1
177812,1,1,0.9999975,1
177813,1,1,0.93108755,1
177814,1,1,0.9986749,1
177815,1,1,0.9181138,1
177816,1,1,0.99680245,1
177817,1,1,0.9984114,1
177818,1,1,0.47527042,1
177819,1,1,0.9999995,1
177820,1,1,0.9875683,1
177821,1,1,0.8370879,1
177822,1,1,0.7521036,1
177823,1,1,0.7821637,1
177824,1,1,0.8507168,1
177825,1,1,0.9999918,1
177826,1,1,0.9434519,1
177827,1,1,0.6682852,1
177828,1,1,0.99999785,1
177829,1,1,0.9491535,1
177830,1,1,0.9655439,1
177831,1,1,0.9984603,1
177832,1,0,0.1424107,0
177833,1,1,0.95934516,1
177834,1,1,0.99642736,1
177835,1,1,0.99999964,1
177836,1,1,0.99999785,1
177837,1,1,0.9998074,1
177838,1,1,0.9996458,1
177839,1,1,0.99843305,1
177840,1,1,0.7787335,1
177841,1,0,0.18877222,0
177842,1,1,0.99999475,1
177843,1,1,0.79534036,1
177844,1,0,0.31001508,0
177845,1,0,0.15234725,0
177846,1,1,0.9968702,1
177847,1,1,0.83894384,1
177848,1,1,0.5836187,1
177849,1,0,0.2971639,0
177850,1,1,0.5349162,1
177851,1,0,0.30136207,0
177852,1,0,0.2165081,0
177853,1,1,0.41255975,1
177854,1,0,0.12527926,0
177855,1,1,0.59537494,1
177856,1,0,0.04751418,0
177857,1,1,0.39823088,1
177858,1,1,0.98998636,1
177859,1,0,0.005001672,0
177860,1,0,0.08050193,0
177861,1,1,0.50884914,1
177862,1,0,0.12689333,0
177863,1,0,0.00055170065,0
177864,1,0,0.0062899017,0
177865,1,0,0.08811155,0
177866,1,0,0.031084953,0
177867,1,1,0.9330048,1
177868,1,1,0.99433607,1
177869,1,1,0.4934696,1
177870,1,1,0.64416915,1
177871,1,1,0.7310586,1
177872,1,0,0.12956785,0
177873,1,1,0.8345418,1
177874,1,1,0.38783523,1
177875,1,0,0.15354916,0
177876,1,1,0.8901988,1
177877,1,1,0.8409133,1
177878,1,1,0.46323177,1
177879,1,1,0.6735676,1
177880,1,1,0.71795213,1
177881,1,0,0.17859745,0
177882,1,0,0.05997644,0
177883,1,0,0.078078166,0
177884,1,0,0.043691058,0
177885,1,1,0.93183565,1
177886,1,1,0.9526623,1
177887,1,0,0.041384716,0
177888,1,0,0.12554705,0
177889,1,0,0.09293445,0
177890,1,0,0.29634872,0
177891,1,0,0.15546273,0
177892,1,0,0.3337203,0
177893,1,0,0.04733772,0
177894,1,1,0.52555144,1
177895,1,1,0.53801244,1
177896,1,0,0.045734633,0
177897,1,0,0.14390808,0
177898,1,0,0.27576312,0
177899,1,0,0.14724834,0
177900,1,0,0.20458016,0
177901,1,0,0.19728975,0
177902,1,0,0.06816438,0
177903,1,0,0.15707219,0
177904,1,0,0.13718534,0
177905,1,0,0.1979091,0
177906,1,0,0.057229258,0
177907,1,0,0.031678624,0
177908,1,0,0.030473188,0
177909,1,0,0.09268777,0
177910,1,0,0.1368966,0
177911,1,0,0.057864826,0
177912,1,0,0.05717659,0
177913,1,0,0.14402843,0
177914,1,1,0.64349735,1
177915,1,0,0.2062538,0
177916,1,0,0.0921145,0
177917,1,0,0.16913125,0
177918,1,0,0.07835981,0
177919,1,0,0.06198946,0
177920,1,0,0.12304914,0
177921,1,0,0.1390453,0
177922,1,0,0.0871745,0
177923,1,0,0.32514542,0
177924,1,0,0.13568954,0
177925,1,1,0.41875634,1
177926,1,0,0.050097767,0
177927,1,1,0.626067,1
177928,1,1,0.736448,1
177929,1,0,0.18126321,0
177930,1,0,0.047425874,0
177931,1,1,0.39102802,1
177932,1,0,0.13488984,0
177933,1,0,0.20801799,0
177934,1,0,0.1431877,0
177935,1,1,0.6256097,1
177936,1,1,0.62475157,1
177937,1,0,0.10823607,0
177938,1,0,0.2303133,0
177939,1,0,0.17483254,0
177940,1,0,0.12640727,0
177941,1,1,0.5690745,1
177942,1,0,0.1665398,0
177943,1,0,0.26635727,0
177944,1,0,0.059646945,0
177945,1,0,0.3390065,0
177946,1,1,0.50659144,1
177947,1,0,0.30368015,0
177948,1,0,0.19713515,0
177949,1,0,0.18624303,0
177950,1,0,0.32541338,0
177951,1,0,0.05531065,0
177952,1,0,0.13134027,0
177953,1,0,0.074635044,0
177954,1,0,0.04773565,0
177955,1,0,0.09334689,0
177956,1,0,0.110855594,0
177957,1,0,0.0022694687,0
177958,1,0,0.013045614,0
177959,1,0,0.036908068,0
177960,1,0,0.054499876,0
177961,1,0,0.028980628,0
177962,1,1,0.36738378,1
177963,1,0,0.26222733,0
177964,1,0,0.06524657,0
177965,1,0,0.023644341,0
177966,1,0,0.009727272,0
177967,1,0,0.063773274,0
177968,1,0,0.013096004,0
177969,1,0,0.28407922,0
177970,1,0,0.02876159,0
177971,1,0,0.054550216,0
177972,1,0,0.027350497,0
177973,1,0,0.07030384,0
177974,1,0,0.030908957,0
177975,1,0,0.14996658,0
177976,1,0,0.022053316,0
177977,1,0,0.097734325,0
177978,1,0,0.09721884,0
177979,1,0,0.14767805,0
177980,1,0,0.11250255,0
177981,1,0,0.25395352,0
177982,1,1,0.9234544,1
177983,1,1,0.8392076,1
177984,1,0,0.07409726,0
177985,1,0,0.23178807,0
177986,1,1,0.40265635,1
177987,1,1,0.9870546,1
177988,1,1,0.62286085,1
177989,1,1,0.9993563,1
177990,1,1,0.99575186,1
177991,1,1,0.9590394,1
177992,1,1,0.5426815,1
177993,1,1,0.62108135,1
177994,1,0,0.2580454,0
177995,1,0,0.22584318,0
177996,1,1,0.84117436,1
177997,1,1,0.7871959,1
177998,1,1,0.9574771,1
177999,1,1,0.88885534,1
178000,1,0,0.2200909,0
178001,1,0,0.19590156,0
178002,1,1,0.9999949,1
178003,1,1,0.99823856,1
178004,1,0,0.12984344,0
178005,1,1,0.99977034,1
178006,1,0,0.06626642,0
178007,1,1,0.9429811,1
178008,1,0,0.22337706,0
178009,1,0,0.11230769,0
178010,1,0,0.30280325,0
178011,1,1,0.35627866,1
178012,1,1,0.8365546,1
178013,1,1,0.8716935,1
178014,1,0,0.34422296,0
178015,1,0,0.09081609,0
178016,1,1,0.992349,1
178017,1,1,0.4886189,1
178018,1,1,0.45640975,1
178019,1,0,0.26702574,0
178020,1,0,0.12458531,0
178021,1,0,0.28165254,0
178022,1,1,0.86960393,1
178023,1,0,0.30580094,0
178024,1,0,0.09990845,0
178025,1,1,0.38240087,1
178026,1,0,0.08419108,0
178027,1,0,0.091544405,0
178028,1,0,0.10913479,0
178029,1,0,0.14915918,0
178030,1,0,0.10311471,0
178031,1,0,0.10576342,0
178032,1,0,0.27776676,0
178033,1,0,0.15203224,0
178034,1,0,0.09825224,0
178035,1,0,0.07024005,0
178036,1,1,0.3894014,1
178037,1,0,0.20593424,0
178038,1,0,0.28912073,0
178039,1,0,0.23100649,0
178040,1,0,0.14651415,0
178041,1,0,0.22067817,0
178042,1,0,0.086400524,0
178043,1,0,0.17511447,0
178044,1,1,0.40480152,1
178045,1,0,0.29900283,0
178046,1,0,0.18300883,0
178047,1,1,0.9999999,1
178048,1,1,0.99999774,1
178049,1,1,0.9999999,1
178050,1,1,0.9999963,1
178051,1,1,0.9998776,1
178052,1,1,0.7496374,1
178053,1,1,0.5124486,1
178054,1,1,0.9278225,1
178055,1,0,0.21403356,0
178056,1,0,0.050283972,0
178057,1,0,0.043204032,0
178058,1,1,0.8702668,1
178059,1,1,0.49957275,1
178060,1,0,0.10484337,0
178061,1,1,0.9672869,1
178062,1,1,0.91618466,1
178063,1,0,0.20481862,0
178064,1,0,0.20402455,0
178065,1,1,0.93686515,1
178066,1,1,0.58195657,1
178067,1,1,0.6489671,1
178068,1,1,0.9408442,1
178069,1,0,0.08509905,0
178070,1,1,0.39922595,1
178071,1,1,0.9027811,1
178072,1,1,0.37989587,1
178073,1,0,0.08173938,0
178074,1,1,0.9677472,1
178075,1,0,0.060919292,0
178076,1,1,0.9766024,1
178077,1,0,0.29930997,0
178078,1,1,0.5637383,1
178079,1,0,0.115960725,0
178080,1,0,0.11211313,0
178081,1,0,0.10132237,0
178082,1,1,0.49273732,1
178083,1,0,0.091220066,0
178084,1,0,0.33513322,0
178085,1,0,0.12018043,0
178086,1,0,0.10557885,0
178087,1,0,0.12721826,0
178088,1,0,0.16586316,0
178089,1,0,0.16491956,0
178090,1,0,0.11075938,0
178091,1,0,0.10266401,0
178092,1,0,0.06866228,0
178093,1,0,0.31415576,0
178094,1,0,0.2168396,0
178095,1,0,0.10894504,0
178096,1,0,0.14487322,0
178097,1,1,0.4878564,1
178098,1,0,0.03207038,0
178099,1,0,0.038178273,0
178100,1,0,0.26020142,0
178101,1,0,0.072243005,0
178102,1,0,0.06058495,0
178103,1,0,0.11250255,0
178104,1,0,0.08479541,0
178105,1,0,0.10631887,0
178106,1,0,0.13998318,0
178107,1,0,0.14469185,0
178108,1,0,0.14755519,0
178109,1,0,0.31352484,0
178110,1,1,0.9862046,1
178111,1,1,0.93318766,1
178112,1,1,0.9849563,1
178113,1,0,0.12651514,0
178114,1,1,0.38444984,1
178115,1,0,0.108850285,0
178116,1,0,0.03378023,0
178117,1,1,0.99916387,1
178118,1,0,0.04885778,0
178119,1,0,0.06644793,0
178120,1,0,0.14829372,0
178121,1,1,0.4322431,1
178122,1,1,0.44468534,1
178123,1,0,0.29900283,0
178124,1,0,0.08678673,0
178125,1,1,0.5553749,1
178126,1,1,0.45447215,1
178127,1,1,0.6186652,1
178128,1,1,0.65406656,1
178129,1,0,0.095265254,0
178130,1,1,0.36122105,1
178131,1,1,0.45105445,1
178132,1,0,0.3506993,0
178133,1,1,0.6271523,1
178134,1,1,0.58670044,1
178135,1,1,0.3782581,1
178136,1,1,0.739093,1
178137,1,1,0.94024336,1
178138,1,1,0.9296323,1
178139,1,0,0.21272227,0
178140,1,1,0.39773372,1
178141,1,1,0.77072376,1
178142,1,0,0.1886227,0
178143,1,0,0.26554704,0
178144,1,1,0.99366105,1
178145,1,0,0.19208428,0
178146,1,0,0.11531158,0
178147,1,0,0.21783629,0
178148,1,1,0.43422136,1
178149,1,1,0.9942251,1
178150,1,0,0.18594721,0
178151,1,0,0.26759952,0
178152,1,0,0.080719054,0
178153,1,0,0.06447655,0
178154,1,0,0.049958523,0
178155,1,1,0.85633236,1
178156,1,0,0.21060391,0
178157,1,0,0.20963144,0
178158,1,0,0.10402136,0
178159,1,0,0.317585,0
178160,1,0,0.23625182,0
178161,1,1,0.7550053,1
178162,1,1,0.88252914,1
178163,1,0,0.10613344,0
178164,1,0,0.22781274,0
178165,1,0,0.09739039,0
178166,1,1,0.677314,1
178167,1,1,0.9999999,1
178168,1,1,0.9999752,1
178169,1,1,0.99545276,1
178170,1,1,0.99992394,1
178171,1,1,0.9309621,1
178172,1,1,0.9999975,1
178173,1,1,0.9990656,1
178174,1,1,1.0,1
178175,1,1,0.9999999,1
178176,1,1,0.9999975,1
178177,1,1,1.0,1
178178,1,1,1.0,1
178179,1,1,1.0,1
178180,1,1,0.99999857,1
178181,1,1,0.99992454,1
178182,1,1,0.9999988,1
178183,1,1,0.9999417,1
178184,1,1,0.9994023,1
178185,1,1,0.9999993,1
178186,1,1,0.7059371,1
178187,1,1,0.66252357,1
178188,1,1,0.99992335,1
178189,1,1,0.9729595,1
178190,1,1,0.9999989,1
178191,1,1,0.94649786,1
178192,1,1,0.47387025,1
178193,1,1,0.98293835,1
178194,1,1,0.99923575,1
178195,1,1,0.73411953,1
178196,1,1,0.9669453,1
178197,1,0,0.25238404,0
178198,1,0,0.21675669,0
178199,1,0,0.31095585,0
178200,1,0,0.12236581,0
178201,1,0,0.05577169,0
178202,1,0,0.09955772,0
178203,1,1,0.9472348,1
178204,1,0,0.043731883,0
178205,1,1,0.98215127,1
178206,1,1,0.99946946,1
178207,1,1,0.9996594,1
178208,1,1,0.99999285,1
178209,1,1,0.8037136,1
178210,1,1,0.99983525,1
178211,1,1,0.8808996,1
178212,1,1,0.99999964,1
178213,1,1,0.93177354,1
178214,1,1,0.9987056,1
178215,1,1,0.99999714,1
178216,1,1,0.99999976,1
178217,1,1,1.0,1
178218,1,1,1.0,1
178219,1,1,0.9999994,1
178220,1,1,1.0,1
178221,1,1,0.99999917,1
178222,1,1,1.0,1
178223,1,1,1.0,1
178224,1,1,0.9999994,1
178225,1,1,1.0,1
178226,1,1,0.99992573,1
178227,1,1,0.5225068,1
178228,1,1,0.49084574,1
178229,1,1,0.4762447,1
178230,1,0,0.2751784,0
178231,1,1,0.39140594,1
178232,1,1,0.69227797,1
178233,1,0,0.10257407,0
178234,1,0,0.057652235,0
178235,1,1,0.6079541,1
178236,1,1,0.8373541,1
178237,1,0,0.17945866,0
178238,1,1,0.8251675,1
178239,1,1,0.65262896,1
178240,1,1,0.35745534,1
178241,1,1,0.99390244,1
178242,1,0,0.23274586,0
178243,1,1,0.70441437,1
178244,1,1,0.89858866,1
178245,1,1,0.55844736,1
178246,1,1,0.5890073,1
178247,1,1,0.3863003,1
178248,1,1,0.6340336,1
178249,1,1,0.94825053,1
178250,1,1,0.9925103,1
178251,1,1,0.8657925,1
178252,1,1,0.9610615,1
178253,1,1,0.9857729,1
178254,1,1,0.72831374,1
178255,1,1,0.879043,1
178256,1,1,0.35367927,1
178257,1,1,0.99580115,1
178258,1,1,0.9882902,1
178259,1,1,0.611614,1
178260,1,1,0.86339164,1
178261,1,0,0.21411571,0
178262,1,1,0.49029663,1
178263,1,0,0.17314835,0
178264,1,1,0.99485034,1
178265,1,0,0.15668468,0
178266,1,1,0.4605618,1
178267,1,0,0.20410384,0
178268,1,0,0.14657521,0
178269,1,1,0.7105781,1
178270,1,0,0.30808613,0
178271,1,0,0.18491466,0
178272,1,0,0.18535665,0
178273,1,0,0.20102783,0
178274,1,1,0.79534036,1
178275,1,0,0.2642634,0
178276,1,1,0.67238545,1
178277,1,0,0.108850285,0
178278,1,0,0.29088014,0
178279,1,0,0.2339688,0
178280,1,1,0.36982703,1
178281,1,0,0.11940814,0
178282,1,0,0.21141684,0
178283,1,0,0.19208428,0
178284,1,1,0.5841525,1
178285,1,1,0.9864938,1
178286,1,1,0.86511016,1
178287,1,0,0.3428465,0
178288,1,0,0.3443883,0
178289,1,1,0.4526871,1
178290,1,1,0.93941504,1
178291,1,0,0.111724876,0
178292,1,0,0.079638734,0
178293,1,0,0.3055419,0
178294,1,1,0.86060363,1
178295,1,0,0.13811268,0
178296,1,0,0.21337716,0
178297,1,1,0.98657167,1
178298,1,1,0.95379424,1
178299,1,1,0.9258357,1
178300,1,1,0.95735765,1
178301,1,1,0.6196439,1
178302,1,1,0.9996679,1
178303,1,1,0.9999651,1
178304,1,1,0.9999989,1
178305,1,1,0.7118818,1
178306,1,1,0.9557341,1
178307,1,1,0.95735765,1
178308,1,1,0.97316426,1
178309,1,1,0.99998915,1
178310,1,1,0.51677835,1
178311,1,0,0.2537223,0
178312,1,0,0.2625581,0
178313,1,1,0.9995584,1
178314,1,1,0.6825208,1
178315,1,1,0.99998367,1
178316,1,1,0.9999999,1
178317,1,0,0.17119972,0
178318,1,0,0.29650146,0
178319,1,0,0.0794957,0
178320,1,0,0.14039516,0
178321,1,0,0.09747628,0
178322,1,0,0.13805456,0
178323,1,0,0.12836117,0
178324,1,0,0.10650459,0
178325,1,0,0.21983956,0
178326,1,0,0.16264586,0
178327,1,0,0.19238758,0
178328,1,0,0.04751418,0
178329,1,0,0.13000904,0
178330,1,0,0.09679113,0
178331,1,0,0.08210661,0
178332,1,0,0.09585608,0
178333,1,0,0.30136207,0
178334,1,0,0.32648614,0
178335,1,1,0.73177797,1
178336,1,0,0.20426252,0
178337,1,1,0.8168451,1
178338,1,0,0.103205055,0
178339,1,0,0.12126887,0
178340,1,1,0.80486643,1
178341,1,0,0.061199225,0
178342,1,1,0.9653485,1
178343,1,1,0.8352149,1
178344,1,0,0.040999033,0
178345,1,1,0.6766733,1
178346,1,0,0.13358468,0
178347,1,1,0.9985104,1
178348,1,1,0.9990872,1
178349,1,1,0.98720354,1
178350,1,1,0.9958741,1
178351,1,0,0.17189364,0
178352,1,0,0.34460884,0
178353,1,1,0.9915707,1
178354,1,0,0.23083305,0
178355,1,1,0.9987649,1
178356,1,1,0.95577544,1
178357,1,1,0.9107044,1
178358,1,1,0.92359227,1
178359,1,1,0.71492666,1
178360,1,1,0.73876333,1
178361,1,1,0.9691787,1
178362,1,0,0.23431903,0
178363,1,0,0.2193375,0
178364,1,1,0.9218515,1
178365,1,1,0.9999349,1
178366,1,1,0.9943251,1
178367,1,1,0.99995863,1
178368,1,1,0.9970131,1
178369,1,1,0.9998074,1
178370,1,1,0.99588215,1
178371,1,1,0.81390494,1
178372,1,1,0.9999162,1
178373,1,1,0.7468782,1
178374,1,1,0.8864204,1
178375,1,1,0.9647889,1
178376,1,1,0.9181138,1
178377,1,1,0.9457512,1
178378,1,1,0.9925103,1
178379,1,1,0.7057343,1
178380,1,1,0.908618,1
178381,1,1,0.4989624,1
178382,1,1,0.68378913,1
178383,1,1,0.37662312,1
178384,1,1,0.7796576,1
178385,1,0,0.13998318,0
178386,1,0,0.24771436,0
178387,1,1,0.9991736,1
178388,1,1,0.35409796,1
178389,1,1,0.7622471,1
178390,1,0,0.13857834,0
178391,1,1,0.5125096,1
178392,1,0,0.31816727,0
178393,1,0,0.20181322,0
178394,1,1,0.970771,1
178395,1,1,0.9863105,1
178396,1,1,0.9727014,1
178397,1,1,0.80147004,1
178398,1,1,0.99968004,1
178399,1,1,0.388531,1
178400,1,0,0.13718534,0
178401,1,1,0.9999633,1
178402,1,1,0.9980544,1
178403,1,1,0.99586606,1
178404,1,1,0.4614718,1
178405,1,1,0.8589554,1
178406,1,1,0.5981362,1
178407,1,1,0.8206132,1
178408,1,1,0.5783291,1
178409,1,0,0.1265691,0
178410,1,0,0.32114056,0
178411,1,1,0.5304798,1
178412,1,1,0.3598139,1
178413,1,1,0.46675444,1
178414,1,1,0.8784186,1
178415,1,1,0.6072557,1
178416,1,1,0.6777407,1
178417,1,1,0.98892784,1
178418,1,1,0.99216896,1
178419,1,1,0.99989104,1
178420,1,1,0.9874479,1
178421,1,1,0.82318634,1
178422,1,1,0.9342153,1
178423,1,0,0.13834533,0
178424,1,1,0.8893368,1
178425,1,0,0.07290027,0
178426,1,1,0.41173163,1
178427,1,1,0.87568074,1
178428,1,1,0.36846253,1
178429,1,0,0.34997696,0
178430,1,1,0.9958901,1
178431,1,1,0.41507664,1
178432,1,1,0.73739463,1
178433,1,1,0.7600278,1
178434,1,0,0.278453,0
178435,1,1,0.35409796,1
178436,1,1,0.4294892,1
178437,1,0,0.19744445,0
178438,1,0,0.18315491,0
178439,1,0,0.103295475,0
178440,1,0,0.21370518,0
178441,1,0,0.28886992,0
178442,1,1,0.39105704,1
178443,1,1,0.8997397,1
178444,1,1,0.9216402,1
178445,1,1,0.7967673,1
178446,1,1,0.45625833,1
178447,1,0,0.21321328,0
178448,1,0,0.2656423,0
178449,1,0,0.11636177,0
178450,1,1,0.8356178,1
178451,1,0,0.274157,0
178452,1,0,0.1488496,0
178453,1,1,0.5072017,1
178454,1,0,0.20426252,0
178455,1,0,0.25506523,0
178456,1,0,0.28952232,0
178457,1,1,0.73630583,1
178458,1,1,0.77923787,1
178459,1,0,0.25404602,0
178460,1,0,0.28811818,0
178461,1,0,0.103205055,0
178462,1,0,0.16919987,0
178463,1,0,0.050424065,0
178464,1,0,0.17238072,0
178465,1,1,0.46083477,1
178466,1,0,0.1635122,0
178467,1,1,0.37307605,1
178468,1,0,0.12678519,0
178469,1,0,0.089375086,0
178470,1,1,0.51750994,1
178471,1,1,0.4298781,1
178472,1,0,0.13782232,0
178473,1,1,0.4534736,1
178474,1,1,0.9810401,1
178475,1,1,0.9957437,1
178476,1,1,0.91920847,1
178477,1,0,0.22772686,0
178478,1,0,0.092196204,0
178479,1,0,0.05103542,0
178480,1,0,0.14922118,0
178481,1,1,0.84234506,1
178482,1,1,0.94934165,1
178483,1,1,0.7096735,1
178484,1,1,0.44643435,1
178485,1,0,0.07843036,0
178486,1,1,0.58302534,1
178487,1,0,0.2703357,0
178488,1,1,0.99978346,1
178489,1,1,0.5794004,1
178490,1,1,0.74139327,1
178491,1,1,0.9159594,1
178492,1,1,0.99686414,1
178493,1,1,0.61323655,1
178494,1,0,0.08441725,0
178495,1,1,0.94910634,1
178496,1,0,0.08130065,0
178497,1,1,0.5239075,1
178498,1,0,0.26759952,0
178499,1,1,0.4111404,1
178500,1,1,0.86860406,1
178501,1,1,0.99004436,1
178502,1,1,0.99952626,1
178503,1,1,0.7834919,1
178504,1,1,0.57642275,1
178505,1,1,0.6090592,1
178506,1,1,0.81405276,1
178507,1,1,0.9998273,1
178508,1,1,0.5507282,1
178509,1,1,0.73885757,1
178510,1,1,0.9765577,1
178511,1,1,0.997783,1
178512,1,0,0.07578975,0
178513,1,1,0.51067954,1
178514,1,0,0.19852991,0
178515,1,1,0.45753056,1
178516,1,0,0.19752184,0
178517,1,1,0.98792297,1
178518,1,1,0.9421883,1
178519,1,1,0.9847231,1
178520,1,1,0.9999969,1
178521,1,1,0.87716144,1
178522,1,1,0.3684341,1
178523,1,1,0.91985875,1
178524,1,1,0.9999995,1
178525,1,1,0.55953074,1
178526,1,1,0.99502736,1
178527,1,1,0.999892,1
178528,1,1,0.9999974,1
178529,1,1,0.9999968,1
178530,1,1,0.99999547,1
178531,1,1,0.99999976,1
178532,1,1,0.99999523,1
178533,1,1,0.99998426,1
178534,1,1,1.0,1
178535,1,1,1.0,1
178536,1,1,0.99999976,1
178537,1,1,0.9998029,1
178538,1,1,1.0,1
178539,1,1,1.0,1
178540,1,1,0.99999976,1
178541,1,1,1.0,1
178542,1,1,0.9999703,1
178543,1,1,1.0,1
178544,1,1,0.9999937,1
178545,1,1,0.9999999,1
178546,1,1,0.9999671,1
178547,1,1,1.0,1
178548,1,1,0.9999982,1
178549,1,1,0.9999614,1
178550,1,1,1.0,1
178551,1,1,0.9999924,1
178552,1,1,0.9999999,1
178553,1,1,0.9999732,1
178554,1,1,1.0,1
178555,1,1,0.9999999,1
178556,1,1,1.0,1
178557,1,1,0.99979097,1
178558,1,1,0.9999999,1
178559,1,1,1.0,1
178560,1,1,0.99727446,1
178561,1,1,0.99990606,1
178562,1,1,0.99990356,1
178563,1,1,0.99979335,1
178564,1,1,0.99995303,1
178565,1,1,1.0,1
178566,1,1,1.0,1
178567,1,1,0.9999975,1
178568,1,1,0.99998033,1
178569,1,1,0.99677116,1
178570,1,1,0.9799574,1
178571,1,1,0.9999691,1
178572,1,1,0.9995859,1
178573,1,1,0.9999926,1
178574,1,1,0.99999285,1
178575,1,1,0.9992372,1
178576,1,1,1.0,1
178577,1,1,0.99999964,1
178578,1,1,0.9999685,1
178579,1,1,1.0,1
178580,1,1,0.9999999,1
178581,1,1,0.9999995,1
178582,1,1,0.93919235,1
178583,1,0,0.0063512353,0
178584,1,1,0.96841115,1
178585,1,1,0.997537,1
178586,1,1,0.65329283,1
178587,1,1,1.0,1
178588,1,1,1.0,1
178589,1,1,0.9999999,1
178590,1,1,1.0,1
178591,1,1,0.99999976,1
178592,1,1,1.0,1
178593,1,1,1.0,1
178594,1,1,0.9999788,1
178595,1,1,0.9989392,1
178596,1,1,1.0,1
178597,1,1,1.0,1
178598,1,1,1.0,1
178599,1,1,0.99999964,1
178600,1,1,1.0,1
178601,1,1,1.0,1
178602,1,1,1.0,1
178603,1,1,0.9003547,1
178604,1,1,0.9999471,1
178605,1,1,0.99979895,1
178606,1,1,1.0,1
178607,1,1,0.9999676,1
178608,1,1,0.9999318,1
178609,1,1,0.9991912,1
178610,1,1,0.99996877,1
178611,1,1,1.0,1
178612,1,1,1.0,1
178613,1,1,1.0,1
178614,1,1,0.999998,1
178615,1,1,1.0,1
178616,1,1,1.0,1
178617,1,1,0.9999999,1
178618,1,1,0.99999666,1
178619,1,1,0.99999857,1
178620,1,1,1.0,1
178621,1,1,0.99881905,1
178622,1,1,0.9999993,1
178623,1,1,0.45883363,1
178624,1,1,0.9393039,1
178625,1,1,0.9999988,1
178626,1,1,0.9876401,1
178627,1,1,0.99731135,1
178628,1,1,0.99508506,1
178629,1,1,0.9999999,1
178630,1,1,0.9999999,1
178631,1,1,1.0,1
178632,1,1,1.0,1
178633,1,1,1.0,1
178634,1,1,1.0,1
178635,1,1,0.9999902,1
178636,1,1,1.0,1
178637,1,1,0.99909604,1
178638,1,1,0.9999989,1
178639,1,1,0.9999982,1
178640,1,1,1.0,1
178641,1,1,0.9999995,1
178642,1,1,0.99999046,1
178643,1,1,0.9999646,1
178644,1,1,0.9999999,1
178645,1,1,1.0,1
178646,1,1,1.0,1
178647,1,1,0.83534926,1
178648,1,1,0.69050694,1
178649,1,1,0.5630176,1
178650,1,1,1.0,1
178651,1,0,0.05075239,0
178652,1,1,0.99783,1
178653,1,0,0.00041731578,0
178654,1,1,0.4854777,1
178655,1,1,0.8967045,1
178656,1,0,0.17738298,0
178657,1,1,0.99997354,1
178658,1,1,0.99504673,1
178659,1,0,0.032774985,0
178660,1,1,0.57463354,1
178661,1,0,0.07211221,0
178662,1,0,0.1562336,0
178663,1,1,0.9810765,1
178664,1,1,0.8678218,1
178665,1,0,0.05500529,0
178666,1,0,0.325199,0
178667,1,1,0.99941957,1
178668,1,0,0.026733862,0
178669,1,0,0.06058495,0
178670,1,1,0.99812514,1
178671,1,0,0.24086387,0
178672,1,1,0.99999094,1
178673,1,1,0.9994241,1
178674,1,0,0.036083944,0
178675,1,1,0.8898164,1
178676,1,0,0.20537588,0
178677,1,1,0.9535353,1
178678,1,1,0.74400586,1
178679,1,1,0.9999975,1
178680,1,1,0.83801806,1
178681,1,1,0.94479126,1
178682,1,1,0.9999132,1
178683,1,1,0.99998,1
178684,1,1,0.99999976,1
178685,1,1,0.99993956,1
178686,1,1,0.999977,1
178687,1,1,0.96095175,1
178688,1,1,0.7232117,1
178689,1,1,0.3777989,1
178690,1,1,0.9982317,1
178691,1,1,0.99828595,1
178692,1,1,0.99999714,1
178693,1,1,0.9977393,1
178694,1,0,0.16013464,0
178695,1,1,0.99803144,1
178696,1,1,0.99604684,1
178697,1,1,0.97546023,1
178698,1,1,0.9979048,1
178699,1,1,1.0,1
178700,1,1,1.0,1
178701,1,1,0.9129032,1
178702,1,1,0.9183339,1
178703,1,0,0.034456022,0
178704,1,1,0.99698395,1
178705,1,1,0.9999988,1
178706,1,1,0.999213,1
178707,1,1,0.999998,1
178708,1,1,1.0,1
178709,1,1,0.9999957,1
178710,1,1,1.0,1
178711,1,1,0.8895288,1
178712,1,1,0.93171144,1
178713,1,1,0.99999666,1
178714,1,1,0.9792947,1
178715,1,1,1.0,1
178716,1,1,1.0,1
178717,1,1,0.9999987,1
178718,1,1,0.9999987,1
178719,1,1,0.9999987,1
178720,1,1,1.0,1
178721,1,1,1.0,1
178722,1,1,1.0,1
178723,1,1,0.9999995,1
178724,1,1,0.99988544,1
178725,1,1,0.99998844,1
178726,1,1,1.0,1
178727,1,1,1.0,1
178728,1,1,1.0,1
178729,1,1,1.0,1
178730,1,1,0.9999759,1
178731,1,1,1.0,1
178732,1,1,1.0,1
178733,1,1,1.0,1
178734,1,1,1.0,1
178735,1,1,1.0,1
178736,1,1,1.0,1
178737,1,1,1.0,1
178738,1,0,0.22051026,0
178739,1,1,0.86737317,1
178740,1,0,0.008677717,0
178741,1,1,0.9997826,1
178742,1,1,0.9998134,1
178743,1,1,0.99036634,1
178744,1,1,0.9999162,1
178745,1,0,0.21825255,0
178746,1,1,0.99997973,1
178747,1,1,0.7501869,1
178748,1,1,0.9999535,1
178749,1,1,1.0,1
178750,1,1,0.7672978,1
178751,1,1,0.9992267,1
178752,1,1,0.9999331,1
178753,1,1,1.0,1
178754,1,1,0.9999982,1
178755,1,1,0.99999964,1
178756,1,1,0.9999969,1
178757,1,1,0.9999999,1
178758,1,1,0.9987381,1
178759,1,1,0.9998876,1
178760,1,1,0.90397453,1
178761,1,1,0.9876639,1
178762,1,1,0.9045662,1
178763,1,1,0.9982212,1
178764,1,1,0.91030645,1
178765,1,0,0.048181534,0
178766,1,1,0.76374817,1
178767,1,1,0.9999969,1
178768,1,1,0.99407744,1
178769,1,1,0.5767208,1
178770,1,1,0.99682117,1
178771,1,1,0.8594279,1
178772,1,1,0.9045662,1
178773,1,1,0.9999999,1
178774,1,1,0.9999428,1
178775,1,1,0.99991345,1
178776,1,1,0.95388025,1
178777,1,1,0.9999919,1
178778,1,1,0.99999976,1
178779,1,1,0.9999552,1
178780,1,1,0.99999225,1
178781,1,1,0.99994195,1
178782,1,1,0.99111825,1
178783,1,1,0.9999999,1
178784,1,1,0.9999988,1
178785,1,1,1.0,1
178786,1,1,0.999866,1
178787,1,1,0.96753323,1
178788,1,1,0.99486035,1
178789,1,1,1.0,1
178790,1,1,0.9998184,1
178791,1,1,0.9999989,1
178792,1,1,0.99999976,1
178793,1,1,0.9999995,1
178794,1,1,0.44510737,1
178795,1,1,0.9999894,1
178796,1,1,0.9999994,1
178797,1,1,1.0,1
178798,1,0,0.014199682,0
178799,1,1,0.9999856,1
178800,1,1,0.99705935,1
178801,1,1,0.9997603,1
178802,1,0,0.001604089,0
178803,1,1,0.9244834,1
178804,1,1,0.99999976,1
178805,1,1,0.4263216,1
178806,1,1,0.9999995,1
178807,1,1,0.8838389,1
178808,1,0,0.30756596,0
178809,1,1,1.0,1
178810,1,1,1.0,1
178811,1,1,1.0,1
178812,1,1,0.9999975,1
178813,1,1,0.99983966,1
178814,1,1,0.99936503,1
178815,1,1,0.99999785,1
178816,1,1,1.0,1
178817,1,1,1.0,1
178818,1,1,1.0,1
178819,1,1,0.99998844,1
178820,1,1,0.99965537,1
178821,1,1,1.0,1
178822,1,1,1.0,1
178823,1,1,0.9999987,1
178824,1,1,1.0,1
178825,1,1,1.0,1
178826,1,1,1.0,1
178827,1,1,0.7145783,1
178828,1,1,0.70410925,1
178829,1,1,0.99836427,1
178830,1,1,0.9957353,1
178831,1,1,0.99948776,1
178832,1,1,0.6467392,1
178833,1,1,0.9999982,1
178834,1,1,0.9381806,1
178835,1,1,0.5292634,1
178836,1,1,0.9172285,1
178837,1,1,0.9882449,1
178838,1,1,0.99989367,1
178839,1,1,0.9998752,1
178840,1,1,0.99995804,1
178841,1,1,0.9994081,1
178842,1,1,0.9999629,1
178843,1,1,0.99863833,1
178844,1,1,0.9988373,1
178845,1,0,0.1579794,0
178846,1,1,0.9999869,1
178847,1,1,0.99968123,1
178848,1,0,0.2403286,0
178849,1,0,0.34609917,0
178850,1,1,0.95735765,1
178851,1,1,0.9332485,1
178852,1,1,0.99998593,1
178853,1,1,0.9999132,1
178854,1,1,0.9997658,1
178855,1,1,0.48322162,1
178856,1,1,1.0,1
178857,1,1,0.9999832,1
178858,1,1,1.0,1
178859,1,1,1.0,1
178860,1,1,1.0,1
178861,1,1,1.0,1
178862,1,1,1.0,1
178863,1,1,1.0,1
178864,1,1,1.0,1
178865,1,1,0.99999654,1
178866,1,1,1.0,1
178867,1,1,1.0,1
178868,1,1,1.0,1
178869,1,1,0.99890125,1
178870,1,1,0.9999628,1
178871,1,1,0.9992053,1
178872,1,1,0.99349916,1
178873,1,1,0.99999416,1
178874,1,1,0.99999964,1
178875,1,1,1.0,1
178876,1,1,1.0,1
178877,1,1,0.97852874,1
178878,1,1,1.0,1
178879,1,1,0.99999905,1
178880,1,1,1.0,1
178881,1,1,1.0,1
178882,1,1,1.0,1
178883,1,1,1.0,1
178884,1,1,1.0,1
178885,1,1,1.0,1
178886,1,1,1.0,1
178887,1,0,0.016044557,0
178888,1,1,0.9993917,1
178889,1,0,0.14560063,0
178890,1,0,0.16505408,0
178891,1,1,0.9584212,1
178892,1,0,0.0058086696,0
178893,1,0,0.2863189,0
178894,1,1,0.4829168,1
178895,1,1,0.6910284,1
178896,1,1,0.55793566,1
178897,1,1,0.96472245,1
178898,1,0,0.21925393,0
178899,1,1,0.6877873,1
178900,1,0,0.014672034,0
178901,1,1,0.79310596,1
178902,1,1,0.81479084,1
178903,1,0,0.093636565,0
178904,1,1,0.9468921,1
178905,1,1,0.6179162,1
178906,1,1,0.7913377,1
178907,1,1,0.9703525,1
178908,1,1,0.99025387,1
178909,1,1,0.8234704,1
178910,1,1,0.8967949,1
178911,1,1,0.8645393,1
178912,1,0,0.01001357,0
178913,1,1,0.9977349,1
178914,1,1,0.7867867,1
178915,1,1,0.9991424,1
178916,1,1,0.85989916,1
178917,1,1,0.99946946,1
178918,1,0,0.18075651,0
178919,1,1,0.9904406,1
178920,1,1,0.99997604,1
178921,1,1,0.99999654,1
178922,1,1,0.9805248,1
178923,1,1,0.9999683,1
178924,1,1,0.9998306,1
178925,1,1,1.0,1
178926,1,1,0.99346113,1
178927,1,1,0.9914556,1
178928,1,1,0.9997546,1
178929,1,0,0.00019487277,0
178930,1,1,0.42399457,1
178931,1,1,0.99999595,1
178932,1,1,0.9936487,1
178933,1,1,0.97726256,1
178934,1,1,1.0,1
178935,1,1,0.99946946,1
178936,1,1,0.9999802,1
178937,1,1,0.99999,1
178938,1,1,0.99947566,1
178939,1,0,0.09451042,0
178940,1,1,0.99999964,1
178941,1,1,0.9978594,1
178942,1,0,0.0120770605,0
178943,1,1,0.9933975,1
178944,1,0,0.0091787735,0
178945,1,1,0.98555213,1
178946,1,1,0.99974877,1
178947,1,1,0.9999963,1
178948,1,1,0.9999844,1
178949,1,1,1.0,1
178950,1,1,0.99999845,1
178951,1,1,1.0,1
178952,1,1,0.99999917,1
178953,1,1,1.0,1
178954,1,1,0.9999999,1
178955,1,1,1.0,1
178956,1,1,1.0,1
178957,1,1,0.999928,1
178958,1,1,1.0,1
178959,1,1,1.0,1
178960,1,1,1.0,1
178961,1,1,1.0,1
178962,1,1,0.9994307,1
178963,1,1,1.0,1
178964,1,1,0.95292586,1
178965,1,1,0.9986904,1
178966,1,1,0.9349319,1
178967,1,1,0.97782,1
178968,1,1,0.93593454,1
178969,1,1,0.9999794,1
178970,1,1,1.0,1
178971,1,0,0.023757325,0
178972,1,1,1.0,1
178973,1,1,0.9999999,1
178974,1,1,0.9999808,1
178975,1,1,0.99996066,1
178976,1,1,0.9997198,1
178977,1,1,0.9991204,1
178978,1,1,0.9999999,1
178979,1,1,0.99999714,1
178980,1,1,1.0,1
178981,1,1,1.0,1
178982,1,1,0.99876726,1
178983,1,1,0.9999994,1
178984,1,1,0.9999994,1
178985,1,1,0.9999999,1
178986,1,1,0.9999987,1
178987,1,1,0.99992573,1
178988,1,1,1.0,1
178989,1,1,0.9999993,1
178990,1,1,1.0,1
178991,1,1,0.999998,1
178992,1,1,0.9999988,1
178993,1,1,0.9999988,1
178994,1,1,0.99999285,1
178995,1,1,0.99999964,1
178996,1,1,1.0,1
178997,1,1,0.9999999,1
178998,1,1,0.9999001,1
178999,1,1,0.9999999,1
179000,1,1,0.99386686,1
179001,1,1,0.9999999,1
179002,1,1,1.0,1
179003,1,1,0.99919754,1
179004,1,1,0.8849373,1
179005,1,1,0.9999833,1
179006,1,1,1.0,1
179007,1,1,0.99999905,1
179008,1,1,1.0,1
179009,1,1,0.9999969,1
179010,1,1,1.0,1
179011,1,1,1.0,1
179012,1,1,1.0,1
179013,1,1,1.0,1
179014,1,1,1.0,1
179015,1,1,1.0,1
179016,1,1,1.0,1
179017,1,1,1.0,1
179018,1,1,1.0,1
179019,1,1,1.0,1
179020,1,1,1.0,1
179021,1,1,1.0,1
179022,1,1,1.0,1
179023,1,1,1.0,1
179024,1,1,1.0,1
179025,1,1,1.0,1
179026,1,1,1.0,1
179027,1,1,1.0,1
179028,1,1,0.9999083,1
179029,1,1,0.93581736,1
179030,1,1,0.9995363,1
179031,1,1,1.0,1
179032,1,1,0.99997723,1
179033,1,1,0.9647556,1
179034,1,1,0.9999969,1
179035,1,1,0.69693893,1
179036,1,1,0.99756086,1
179037,1,1,0.9986929,1
179038,1,1,0.9999974,1
179039,1,0,0.3188032,0
179040,1,1,0.99090964,1
179041,1,1,0.9997918,1
179042,1,1,0.99998987,1
179043,1,1,0.9994012,1
179044,1,1,0.99861693,1
179045,1,1,0.99998057,1
179046,1,1,0.5176928,1
179047,1,1,0.9999999,1
179048,1,1,0.99792516,1
179049,1,1,0.99227446,1
179050,1,1,0.99998116,1
179051,1,1,0.9746528,1
179052,1,1,0.9999995,1
179053,1,1,0.9571178,1
179054,1,1,0.5056455,1
179055,1,1,0.9999546,1
179056,1,1,0.99929726,1
179057,1,1,0.9999901,1
179058,1,1,0.9999882,1
179059,1,1,0.99999976,1
179060,1,1,0.99977654,1
179061,1,1,0.9946568,1
179062,1,1,0.9999155,1
179063,1,0,0.12738101,0
179064,1,0,0.00013765464,0
179065,1,0,0.0818861,0
179066,1,1,0.9994735,1
179067,1,0,0.007562568,0
179068,1,0,0.20473911,0
179069,1,1,0.66175896,1
179070,1,0,0.005544146,0
179071,1,0,0.10711016,0
179072,1,0,0.10338597,0
179073,1,0,0.10402136,0
179074,1,0,0.05051767,0
179075,1,0,0.0037800951,0
179076,1,0,0.12059406,0
179077,1,0,0.20378675,0
179078,1,1,0.9665054,1
179079,1,1,0.99586606,1
179080,1,1,0.72335833,1
179081,1,1,0.93891287,1
179082,1,1,0.99004436,1
179083,1,1,0.9999987,1
179084,1,1,0.61335236,1
179085,1,1,0.8293538,1
179086,1,1,0.9999995,1
179087,1,1,0.99972624,1
179088,1,1,0.9999695,1
179089,1,1,0.891339,1
179090,1,1,0.7348337,1
179091,1,1,0.9996594,1
179092,1,0,0.0012113067,0
179093,1,0,0.010611421,0
179094,1,1,0.9998623,1
179095,1,0,0.0770997,0
179096,1,1,0.9999906,1
179097,1,1,0.934455,1
179098,1,1,0.97396845,1
179099,1,1,0.92736334,1
179100,1,1,0.93952614,1
179101,1,0,0.04418332,0
179102,1,0,0.26759952,0
179103,1,1,0.99600047,1
179104,1,1,0.40086666,1
179105,1,1,0.9996444,1
179106,1,0,0.09081609,0
179107,1,1,0.9998876,1
179108,1,1,0.99997044,1
179109,1,1,0.999997,1
179110,1,1,0.98401695,1
179111,1,0,0.042009052,0
179112,1,1,0.6915494,1
179113,1,1,0.9999802,1
179114,1,1,0.9992084,1
179115,1,1,0.8986777,1
179116,1,1,0.9997358,1
179117,1,1,0.8900078,1
179118,1,1,0.99697804,1
179119,1,1,0.59296125,1
179120,1,1,0.9184071,1
179121,1,1,0.9834705,1
179122,1,0,0.036390893,0
179123,1,1,0.9994735,1
179124,1,1,0.9741166,1
179125,1,1,0.99986494,1
179126,1,1,0.99723166,1
179127,1,1,0.99999285,1
179128,1,1,1.0,1
179129,1,1,0.9999999,1
179130,1,1,0.9999987,1
179131,1,1,1.0,1
179132,1,1,0.9999987,1
179133,1,1,1.0,1
179134,1,1,0.99999607,1
179135,1,1,0.99999917,1
179136,1,1,1.0,1
179137,1,1,1.0,1
179138,1,1,0.9999982,1
179139,1,1,0.9742149,1
179140,1,1,1.0,1
179141,1,1,0.99993944,1
179142,1,1,1.0,1
179143,1,1,1.0,1
179144,1,1,1.0,1
179145,1,1,1.0,1
179146,1,1,0.99999774,1
179147,1,1,1.0,1
179148,1,1,1.0,1
179149,1,1,1.0,1
179150,1,1,0.9999989,1
179151,1,1,1.0,1
179152,1,1,0.99999976,1
179153,1,1,0.9999993,1
179154,1,1,1.0,1
179155,1,1,0.99998593,1
179156,1,1,0.9999895,1
179157,1,1,1.0,1
179158,1,1,1.0,1
179159,1,1,0.9999999,1
179160,1,1,0.9914887,1
179161,1,1,1.0,1
179162,1,1,1.0,1
179163,1,1,1.0,1
179164,1,1,1.0,1
179165,1,1,1.0,1
179166,1,1,1.0,1
179167,1,1,1.0,1
179168,1,1,0.99999976,1
179169,1,1,1.0,1
179170,1,1,0.9999913,1
179171,1,1,1.0,1
179172,1,1,1.0,1
179173,1,1,1.0,1
179174,1,1,1.0,1
179175,1,1,1.0,1
179176,1,1,1.0,1
179177,1,1,0.9995963,1
179178,1,1,1.0,1
179179,1,1,1.0,1
179180,1,1,1.0,1
179181,1,1,0.99999833,1
179182,1,1,1.0,1
179183,1,1,1.0,1
179184,1,1,1.0,1
179185,1,1,0.99999976,1
179186,1,1,1.0,1
179187,1,1,0.9983223,1
179188,1,1,0.9858004,1
179189,1,1,0.999943,1
179190,1,1,1.0,1
179191,1,1,0.9658996,1
179192,1,1,1.0,1
179193,1,1,1.0,1
179194,1,1,0.99988127,1
179195,1,1,0.99995804,1
179196,1,1,0.9949886,1
179197,1,1,0.9976265,1
179198,1,1,1.0,1
179199,1,1,0.9999999,1
179200,1,1,0.9999871,1
179201,1,0,0.2115797,0
179202,1,1,0.9253649,1
179203,1,1,0.99981266,1
179204,1,1,0.9960622,1
179205,1,1,0.99996257,1
179206,1,1,0.9999865,1
179207,1,1,0.9999479,1
179208,1,1,0.99994457,1
179209,1,1,0.8813088,1
179210,1,1,0.9943581,1
179211,1,1,0.9999925,1
179212,1,1,0.99987364,1
179213,1,1,0.99987364,1
179214,1,1,0.99986553,1
179215,1,1,0.9999969,1
179216,1,1,0.99998474,1
179217,1,1,0.9999999,1
179218,1,1,1.0,1
179219,1,1,1.0,1
179220,1,1,0.99997795,1
179221,1,1,1.0,1
179222,1,1,1.0,1
179223,1,1,1.0,1
179224,1,1,1.0,1
179225,1,1,1.0,1
179226,1,1,1.0,1
179227,1,1,1.0,1
179228,1,1,1.0,1
179229,1,1,0.999997,1
179230,1,1,1.0,1
179231,1,1,1.0,1
179232,1,1,1.0,1
179233,1,1,1.0,1
179234,1,1,0.9999999,1
179235,1,1,1.0,1
179236,1,1,1.0,1
179237,1,1,1.0,1
179238,1,1,0.99999535,1
179239,1,1,0.99999666,1
179240,1,1,1.0,1
179241,1,1,1.0,1
179242,1,1,1.0,1
179243,1,1,0.9999728,1
179244,1,1,0.9999974,1
179245,1,1,1.0,1
179246,1,1,1.0,1
179247,1,1,0.99999976,1
179248,1,1,1.0,1
179249,1,1,1.0,1
179250,1,1,1.0,1
179251,1,1,0.99999964,1
179252,1,1,1.0,1
179253,1,1,0.9999684,1
179254,1,1,0.9999937,1
179255,1,1,1.0,1
179256,1,1,1.0,1
179257,1,1,0.9999994,1
179258,1,1,0.9999999,1
179259,1,1,1.0,1
179260,1,1,0.9999999,1
179261,1,1,1.0,1
179262,1,1,0.9999945,1
179263,1,1,1.0,1
179264,1,1,1.0,1
179265,1,1,1.0,1
179266,1,1,1.0,1
179267,1,1,1.0,1
179268,1,1,0.9999988,1
179269,1,1,0.9999908,1
179270,1,1,1.0,1
179271,1,1,0.9998505,1
179272,1,1,0.99999774,1
179273,1,1,0.99999666,1
179274,1,1,1.0,1
179275,1,1,0.99976856,1
179276,1,1,1.0,1
179277,1,1,0.9999999,1
179278,1,1,0.999997,1
179279,1,1,0.9995652,1
179280,1,1,1.0,1
179281,1,1,0.8769508,1
179282,1,1,0.97865146,1
179283,1,1,0.98552424,1
179284,1,1,1.0,1
179285,1,1,0.9999999,1
179286,1,1,0.9931629,1
179287,1,1,0.9999999,1
179288,1,1,0.99293363,1
179289,1,1,1.0,1
179290,1,1,0.5758862,1
179291,1,1,1.0,1
179292,1,1,1.0,1
179293,1,1,0.9691787,1
179294,1,1,0.9999697,1
179295,1,1,1.0,1
179296,1,1,0.9999938,1
179297,1,1,0.999908,1
179298,1,1,1.0,1
179299,1,1,0.7799929,1
179300,1,1,1.0,1
179301,1,1,0.9994286,1
179302,1,1,0.9999995,1
179303,1,1,1.0,1
179304,1,1,0.9999914,1
179305,1,1,0.99999976,1
179306,1,1,0.9999925,1
179307,1,1,0.999998,1
179308,1,1,0.9999963,1
179309,1,1,0.99996173,1
179310,1,1,0.99992394,1
179311,1,1,0.9999989,1
179312,1,1,0.9999237,1
179313,1,1,0.9998104,1
179314,1,0,0.0640069,0
179315,1,1,0.99998045,1
179316,1,1,0.99999964,1
179317,1,1,0.9991736,1
179318,1,1,0.9998845,1
179319,1,1,0.99980134,1
179320,1,1,1.0,1
179321,1,1,0.99999905,1
179322,1,1,1.0,1
179323,1,1,1.0,1
179324,1,1,0.9999963,1
179325,1,1,0.9999999,1
179326,1,1,0.9897315,1
179327,1,1,0.9999951,1
179328,1,1,1.0,1
179329,1,1,1.0,1
179330,1,1,0.9999999,1
179331,1,1,0.99998486,1
179332,1,1,0.99999917,1
179333,1,1,0.9981614,1
179334,1,1,1.0,1
179335,1,1,0.99915075,1
179336,1,1,0.9958093,1
179337,1,1,1.0,1
179338,1,1,1.0,1
179339,1,1,0.99999785,1
179340,1,1,0.93732566,1
179341,1,1,0.9999993,1
179342,1,1,0.9986802,1
179343,1,1,0.99997616,1
179344,1,1,0.99999976,1
179345,1,1,0.9997408,1
179346,1,1,0.9999844,1
179347,1,1,0.9999999,1
179348,1,1,0.9999691,1
179349,1,1,0.99999976,1
179350,1,1,1.0,1
179351,1,1,1.0,1
179352,1,1,1.0,1
179353,1,1,1.0,1
179354,1,1,0.9999999,1
179355,1,1,0.99999917,1
179356,1,1,1.0,1
179357,1,1,1.0,1
179358,1,1,0.9999999,1
179359,1,1,0.9999982,1
179360,1,1,1.0,1
179361,1,1,1.0,1
179362,1,1,0.9999999,1
179363,1,1,0.9629877,1
179364,1,1,0.98378503,1
179365,1,1,0.9999471,1
179366,1,1,1.0,1
179367,1,1,1.0,1
179368,1,1,0.9999999,1
179369,1,1,1.0,1
179370,1,1,0.6328432,1
179371,1,1,0.99999976,1
179372,1,1,0.9166335,1
179373,1,1,0.9944126,1
179374,1,1,0.9750835,1
179375,1,1,0.99999976,1
179376,1,1,0.9999999,1
179377,1,1,0.999997,1
179378,1,1,1.0,1
179379,1,1,1.0,1
179380,1,1,0.9999999,1
179381,1,1,0.9999349,1
179382,1,1,1.0,1
179383,1,1,0.9999974,1
179384,1,1,0.9999653,1
179385,1,1,0.9985758,1
179386,1,1,0.9998005,1
179387,1,1,0.99999106,1
179388,1,1,0.9997209,1
179389,1,1,1.0,1
179390,1,1,1.0,1
179391,1,1,0.9998535,1
179392,1,1,0.99995494,1
179393,1,1,0.9999083,1
179394,1,1,0.9999999,1
179395,1,1,0.9998981,1
179396,1,1,0.99911004,1
179397,1,1,0.9418684,1
179398,1,1,0.9980161,1
179399,1,1,0.99991035,1
179400,1,0,0.091058284,0
179401,1,1,0.99291986,1
179402,1,1,0.98159516,1
179403,1,1,0.98096734,1
179404,1,1,1.0,1
179405,1,1,0.99999774,1
179406,1,1,0.9999243,1
179407,1,1,1.0,1
179408,1,1,0.9998287,1
179409,1,1,0.99992394,1
179410,1,1,0.9323302,1
179411,1,1,0.9999802,1
179412,1,1,0.99995553,1
179413,1,1,0.9999497,1
179414,1,1,0.9999933,1
179415,1,1,0.99999917,1
179416,1,1,0.9999999,1
179417,1,0,0.11606085,0
179418,1,1,0.99509466,1
179419,1,0,0.31636927,0
179420,1,1,0.9659639,1
179421,1,1,0.99998426,1
179422,1,1,0.89796406,1
179423,1,1,0.9898499,1
179424,1,1,0.99999917,1
179425,1,1,1.0,1
179426,1,1,0.99302894,1
179427,1,1,0.99999905,1
179428,1,1,1.0,1
179429,1,1,0.9999995,1
179430,1,1,1.0,1
179431,1,1,1.0,1
179432,1,1,1.0,1
179433,1,1,0.9999994,1
179434,1,1,0.99999976,1
179435,1,1,1.0,1
179436,1,1,0.9999999,1
179437,1,1,1.0,1
179438,1,1,1.0,1
179439,1,1,0.9999503,1
179440,1,1,0.9990728,1
179441,1,1,0.9999913,1
179442,1,1,1.0,1
179443,1,1,1.0,1
179444,1,1,1.0,1
179445,1,1,0.999972,1
179446,1,1,1.0,1
179447,1,1,1.0,1
179448,1,1,0.9999951,1
179449,1,1,0.99999535,1
179450,1,1,0.999894,1
179451,1,1,1.0,1
179452,1,1,1.0,1
179453,1,1,0.99550545,1
179454,1,1,0.99961334,1
179455,1,1,1.0,1
179456,1,0,0.0962801,0
179457,1,1,0.97840524,1
179458,1,1,1.0,1
179459,1,1,0.9892855,1
179460,1,1,1.0,1
179461,1,1,0.9911355,1
179462,1,1,1.0,1
179463,1,1,1.0,1
179464,1,1,1.0,1
179465,1,1,0.9999995,1
179466,1,1,0.9997658,1
179467,1,1,0.99999976,1
179468,1,1,1.0,1
179469,1,1,0.99999845,1
179470,1,1,0.99999845,1
179471,1,1,0.99999964,1
179472,1,1,0.840259,1
179473,1,1,1.0,1
179474,1,1,0.9999994,1
179475,1,1,0.9998579,1
179476,1,1,0.99999964,1
179477,1,1,1.0,1
179478,1,1,0.9999982,1
179479,1,1,1.0,1
179480,1,1,1.0,1
179481,1,1,1.0,1
179482,1,1,1.0,1
179483,1,1,0.9999988,1
179484,1,1,0.9999076,1
179485,1,1,0.9989556,1
179486,1,1,1.0,1
179487,1,1,1.0,1
179488,1,1,1.0,1
179489,1,1,0.9999999,1
179490,1,1,0.99999166,1
179491,1,1,1.0,1
179492,1,1,0.9999635,1
179493,1,1,1.0,1
179494,1,1,1.0,1
179495,1,1,0.99953544,1
179496,1,1,0.99999964,1
179497,1,1,1.0,1
179498,1,1,1.0,1
179499,1,1,0.9999994,1
179500,1,1,0.98951083,1
179501,1,1,0.9998859,1
179502,1,1,0.999926,1
179503,1,1,0.9999851,1
179504,1,1,0.99999547,1
179505,1,1,1.0,1
179506,1,1,1.0,1
179507,1,1,1.0,1
179508,1,1,0.9999999,1
179509,1,1,0.9999993,1
179510,1,1,1.0,1
179511,1,1,1.0,1
179512,1,1,1.0,1
179513,1,1,0.9999999,1
179514,1,1,0.99897975,1
179515,1,1,0.999969,1
179516,1,1,0.9999329,1
179517,1,1,1.0,1
179518,1,1,1.0,1
179519,1,1,0.99999785,1
179520,1,1,1.0,1
179521,1,1,1.0,1
179522,1,1,1.0,1
179523,1,1,1.0,1
179524,1,1,0.9999999,1
179525,1,1,1.0,1
179526,1,1,1.0,1
179527,1,1,1.0,1
179528,1,1,0.8992984,1
179529,1,1,0.9999993,1
179530,1,1,1.0,1
179531,1,1,1.0,1
179532,1,1,1.0,1
179533,1,1,0.9999995,1
179534,1,1,1.0,1
179535,1,1,0.99999976,1
179536,1,1,1.0,1
179537,1,1,0.9999999,1
179538,1,1,1.0,1
179539,1,1,1.0,1
179540,1,1,1.0,1
179541,1,1,1.0,1
179542,1,1,1.0,1
179543,1,1,1.0,1
179544,1,1,1.0,1
179545,1,1,1.0,1
179546,1,1,1.0,1
179547,1,1,0.99996936,1
179548,1,1,0.46304968,1
179549,1,1,0.99994123,1
179550,1,0,0.1308397,0
179551,1,1,0.36920136,1
179552,1,1,0.99036634,1
179553,1,1,0.99999976,1
179554,1,1,0.99769044,1
179555,1,1,0.9783226,1
179556,1,0,0.1775255,0
179557,1,1,0.9999708,1
179558,1,0,0.34964374,0
179559,1,1,0.8715842,1
179560,1,1,0.9990169,1
179561,1,1,0.9999937,1
179562,1,1,0.9999689,1
179563,1,1,0.9999932,1
179564,1,1,0.99998486,1
179565,1,1,0.50744575,1
179566,1,1,0.99802387,1
179567,1,1,0.9999857,1
179568,1,1,0.97999567,1
179569,1,1,0.9820483,1
179570,1,0,0.03194934,0
179571,1,1,0.9999473,1
179572,1,1,1.0,1
179573,1,1,0.9994173,1
179574,1,1,0.9996762,1
179575,1,1,0.9999976,1
179576,1,1,0.99999595,1
179577,1,1,0.99994326,1
179578,1,1,0.8565725,1
179579,1,0,0.06330841,0
179580,1,0,0.12586902,0
179581,1,1,0.99411184,1
179582,1,1,0.9995073,1
179583,1,1,0.858244,1
179584,1,1,0.9988575,1
179585,1,1,0.97881407,1
179586,1,1,0.9570777,1
179587,1,1,1.0,1
179588,1,1,0.7728737,1
179589,1,1,0.9771756,1
179590,1,1,0.6548396,1
179591,1,1,0.9998952,1
179592,1,0,0.03330537,0
179593,1,1,0.99869555,1
179594,1,1,0.99984646,1
179595,1,1,0.99997437,1
179596,1,1,0.9987056,1
179597,1,1,0.5103745,1
179598,1,1,0.9932156,1
179599,1,1,0.75401044,1
179600,1,1,0.9998535,1
179601,1,1,0.6122517,1
179602,1,1,0.5750512,1
179603,1,1,0.9987232,1
179604,1,1,0.50872713,1
179605,1,1,0.9863369,1
179606,1,1,0.982524,1
179607,1,0,0.00030534895,0
179608,1,1,0.8338664,1
179609,1,0,0.0083967,0
179610,1,0,0.0072047687,0
179611,1,1,0.98667485,1
179612,1,0,0.030329255,0
179613,1,0,0.0027255828,0
179614,1,0,0.083441176,0
179615,1,0,0.00014653131,0
179616,1,0,4.8704638e-05,0
179617,1,0,0.03191915,0
179618,1,0,0.0037362208,0
179619,1,0,0.013222823,0
179620,1,0,0.026006784,0
179621,1,1,0.65218604,1
179622,1,0,0.22988081,0
179623,1,1,0.80115914,1
179624,1,0,0.003642891,0
179625,1,0,0.03188899,0
179626,1,0,0.29451925,0
179627,1,0,0.0031912676,0
179628,1,0,0.018743115,0
179629,1,1,0.9997942,1
179630,1,1,0.9781146,1
179631,1,1,0.8308688,1
179632,1,0,0.0003113695,0
179633,1,0,0.1274896,0
179634,1,1,0.9046505,1
179635,1,0,0.26156664,0
179636,1,0,0.29234272,0
179637,1,1,0.9999981,1
179638,1,1,0.99963593,1
179639,1,1,0.99999225,1
179640,1,1,0.9988236,1
179641,1,1,0.9969722,1
179642,1,1,0.99993527,1
179643,1,1,1.0,1
179644,1,1,0.9927532,1
179645,1,1,0.98445636,1
179646,1,1,0.9801483,1
179647,1,1,0.70755625,1
179648,1,1,0.96765566,1
179649,1,1,0.99890983,1
179650,1,1,0.9993625,1
179651,1,1,0.9988991,1
179652,1,1,0.9999604,1
179653,1,1,0.99374664,1
179654,1,1,0.46350497,1
179655,1,1,1.0,1
179656,1,1,1.0,1
179657,1,1,0.999841,1
179658,1,1,0.9996437,1
179659,1,1,0.8631611,1
179660,1,1,1.0,1
179661,1,1,0.9999999,1
179662,1,1,1.0,1
179663,1,1,0.99994636,1
179664,1,1,1.0,1
179665,1,1,0.9998981,1
179666,1,1,0.9999994,1
179667,1,0,0.34919977,0
179668,1,1,0.8010035,1
179669,1,1,0.99941504,1
179670,1,1,0.36375988,1
179671,1,1,0.9722835,1
179672,1,1,0.99941385,1
179673,1,1,0.97678024,1
179674,1,1,0.99729556,1
179675,1,1,0.9935868,1
179676,1,1,0.99932945,1
179677,1,1,1.0,1
179678,1,1,1.0,1
179679,1,1,1.0,1
179680,1,1,0.9999763,1
179681,1,1,0.9999987,1
179682,1,1,1.0,1
179683,1,1,1.0,1
179684,1,1,0.9999993,1
179685,1,1,0.99999714,1
179686,1,1,0.99999595,1
179687,1,1,0.9999987,1
179688,1,1,0.9998036,1
179689,1,1,0.82018155,1
179690,1,1,0.92468774,1
179691,1,1,0.997414,1
179692,1,1,0.97840524,1
179693,1,1,0.99999917,1
179694,1,1,0.9997284,1
179695,1,1,0.9999987,1
179696,1,1,0.80193585,1
179697,1,1,0.9989818,1
179698,1,1,1.0,1
179699,1,1,0.99999917,1
179700,1,1,1.0,1
179701,1,1,1.0,1
179702,1,1,1.0,1
179703,1,1,0.9999206,1
179704,1,1,1.0,1
179705,1,1,0.9999994,1
179706,1,1,1.0,1
179707,1,1,1.0,1
179708,1,1,0.9999542,1
179709,1,1,0.9998233,1
179710,1,1,1.0,1
179711,1,1,0.99632865,1
179712,1,1,0.9795115,1
179713,1,1,0.9999989,1
179714,1,1,0.9999976,1
179715,1,1,1.0,1
179716,1,0,0.12085323,0
179717,1,1,0.91086304,1
179718,1,1,0.9846347,1
179719,1,1,0.99999,1
179720,1,1,0.9991391,1
179721,1,1,0.93868846,1
179722,1,1,0.99990165,1
179723,1,1,0.9999999,1
179724,1,1,0.99999833,1
179725,1,1,0.9999995,1
179726,1,1,1.0,1
179727,1,1,0.9858549,1
179728,1,1,0.7189892,1
179729,1,1,1.0,1
179730,1,1,1.0,1
179731,1,1,1.0,1
179732,1,1,0.9994241,1
179733,1,1,0.9999993,1
179734,1,1,1.0,1
179735,1,1,0.9999999,1
179736,1,1,0.999998,1
179737,1,1,0.98888505,1
179738,1,1,0.9974788,1
179739,1,1,0.58207536,1
179740,1,1,0.99622726,1
179741,1,1,1.0,1
179742,1,1,0.99999917,1
179743,1,1,1.0,1
179744,1,1,1.0,1
179745,1,1,0.9999999,1
179746,1,1,1.0,1
179747,1,1,1.0,1
179748,1,1,1.0,1
179749,1,1,0.9999852,1
179750,1,1,0.99999917,1
179751,1,1,0.999902,1
179752,1,1,0.99999964,1
179753,1,1,0.99090964,1
179754,1,1,0.99999976,1
179755,1,1,0.9611345,1
179756,1,1,1.0,1
179757,1,1,1.0,1
179758,1,1,1.0,1
179759,1,1,1.0,1
179760,1,1,1.0,1
179761,1,1,1.0,1
179762,1,1,0.9999999,1
179763,1,1,0.99999976,1
179764,1,1,1.0,1
179765,1,1,1.0,1
179766,1,1,1.0,1
179767,1,1,0.99999976,1
179768,1,1,0.99993265,1
179769,1,1,0.9999994,1
179770,1,1,1.0,1
179771,1,1,1.0,1
179772,1,1,1.0,1
179773,1,1,1.0,1
179774,1,1,1.0,1
179775,1,1,1.0,1
179776,1,1,1.0,1
179777,1,1,1.0,1
179778,1,1,1.0,1
179779,1,1,1.0,1
179780,1,1,1.0,1
179781,1,1,0.9999918,1
179782,1,1,1.0,1
179783,1,1,1.0,1
179784,1,1,1.0,1
179785,1,1,1.0,1
179786,1,1,1.0,1
179787,1,1,0.99946314,1
179788,1,1,0.99456257,1
179789,1,1,0.9992944,1
179790,1,1,0.77534974,1
179791,1,0,0.23528405,0
179792,1,0,0.22644132,0
179793,1,1,0.9837225,1
179794,1,1,0.9979771,1
179795,1,1,0.9990978,1
179796,1,1,0.9999999,1
179797,1,1,0.9999999,1
179798,1,1,0.93171144,1
179799,1,1,0.9600252,1
179800,1,1,0.99898964,1
179801,1,1,0.99956685,1
179802,1,1,0.9998574,1
179803,1,1,0.99951875,1
179804,1,1,0.99490017,1
179805,1,1,0.99993217,1
179806,1,1,0.9999844,1
179807,1,1,1.0,1
179808,1,1,0.5301149,1
179809,1,1,0.99155444,1
179810,1,1,0.90183425,1
179811,1,1,0.9901782,1
179812,1,1,0.9796092,1
179813,1,1,0.9984603,1
179814,1,0,0.14511536,0
179815,1,1,0.9999777,1
179816,1,1,0.42485932,1
179817,1,1,1.0,1
179818,1,1,0.9999963,1
179819,1,1,1.0,1
179820,1,1,0.9999944,1
179821,1,1,0.99982256,1
179822,1,1,0.99903405,1
179823,1,1,0.99890125,1
179824,1,1,0.99999964,1
179825,1,1,0.99999976,1
179826,1,1,0.99999654,1
179827,1,1,0.97601515,1
179828,1,1,0.9997131,1
179829,1,1,0.99999917,1
179830,1,0,0.2631731,0
179831,1,1,1.0,1
179832,1,1,0.76073956,1
179833,1,1,1.0,1
179834,1,1,0.99999964,1
179835,1,1,0.99982256,1
179836,1,0,0.15687834,0
179837,1,1,0.999666,1
179838,1,1,1.0,1
179839,1,1,0.9999937,1
179840,1,1,0.9996983,1
179841,1,1,1.0,1
179842,1,1,0.9999944,1
179843,1,1,1.0,1
179844,1,1,0.9999999,1
179845,1,1,0.9999763,1
179846,1,1,0.9999993,1
179847,1,1,1.0,1
179848,1,1,1.0,1
179849,1,1,1.0,1
179850,1,1,1.0,1
179851,1,1,1.0,1
179852,1,1,1.0,1
179853,1,1,1.0,1
179854,1,1,0.9997851,1
179855,1,1,0.99999964,1
179856,1,1,0.99999964,1
179857,1,1,0.9999988,1
179858,1,1,1.0,1
179859,1,1,1.0,1
179860,1,1,1.0,1
179861,1,1,0.99990356,1
179862,1,1,1.0,1
179863,1,1,0.99999976,1
179864,1,1,0.9999982,1
179865,1,1,1.0,1
179866,1,1,0.99999976,1
179867,1,1,0.99994004,1
179868,1,1,1.0,1
179869,1,1,1.0,1
179870,1,1,1.0,1
179871,1,1,1.0,1
179872,1,1,1.0,1
179873,1,1,1.0,1
179874,1,1,1.0,1
179875,1,1,1.0,1
179876,1,1,0.9999995,1
179877,1,1,0.6402423,1
179878,1,1,0.9998332,1
179879,1,1,0.92421025,1
179880,1,1,1.0,1
179881,1,1,0.90747637,1
179882,1,1,0.999433,1
179883,1,1,1.0,1
179884,1,1,1.0,1
179885,1,1,1.0,1
179886,1,1,1.0,1
179887,1,1,1.0,1
179888,1,1,0.99993026,1
179889,1,1,0.9999999,1
179890,1,1,1.0,1
179891,1,1,1.0,1
179892,1,1,1.0,1
179893,1,1,0.94934165,1
179894,1,1,0.99999845,1
179895,1,1,1.0,1
179896,1,1,0.9999993,1
179897,1,1,0.99993944,1
179898,1,1,0.998698,1
179899,1,1,0.9999995,1
179900,1,1,0.99999976,1
179901,1,1,0.9996983,1
179902,1,1,0.9998385,1
179903,1,1,1.0,1
179904,1,1,0.9999999,1
179905,1,1,1.0,1
179906,1,1,0.99999547,1
179907,1,1,0.99999845,1
179908,1,1,0.9953181,1
179909,1,1,0.9999987,1
179910,1,1,0.9999982,1
179911,1,1,0.99948174,1
179912,1,1,0.95068645,1
179913,1,0,0.11823231,0
179914,1,1,0.99994147,1
179915,1,1,0.9826576,1
179916,1,0,0.26067168,0
179917,1,1,0.9999734,1
179918,1,1,0.99938214,1
179919,1,1,0.7561325,1
179920,1,1,0.9999956,1
179921,1,0,0.30725408,0
179922,1,1,0.99844813,1
179923,1,1,0.99999857,1
179924,1,1,0.8510886,1
179925,1,1,0.99991214,1
179926,1,1,0.97517824,1
179927,1,1,0.80700475,1
179928,1,1,0.93686515,1
179929,1,1,0.99978846,1
179930,1,1,0.9999949,1
179931,1,1,0.52597755,1
179932,1,1,0.44083032,1
179933,1,1,0.84221536,1
179934,1,1,0.9999988,1
179935,1,0,0.12608409,0
179936,1,0,0.12646116,0
179937,1,1,1.0,1
179938,1,1,0.9999194,1
179939,1,1,0.9999999,1
179940,1,1,0.9996935,1
179941,1,1,0.9998741,1
179942,1,1,0.86613256,1
179943,1,1,1.0,1
179944,1,1,1.0,1
179945,1,1,1.0,1
179946,1,1,0.999998,1
179947,1,1,1.0,1
179948,1,1,0.99999857,1
179949,1,1,1.0,1
179950,1,1,1.0,1
179951,1,1,1.0,1
179952,1,1,0.999982,1
179953,1,1,1.0,1
179954,1,1,1.0,1
179955,1,1,0.9992848,1
179956,1,1,1.0,1
179957,1,1,1.0,1
179958,1,1,0.99999976,1
179959,1,1,0.98293835,1
179960,1,1,0.9999981,1
179961,1,1,0.9999958,1
179962,1,1,0.99999976,1
179963,1,1,0.9994173,1
179964,1,1,0.9998691,1
179965,1,1,0.95691687,1
179966,1,1,0.9947187,1
179967,1,0,0.031055551,0
179968,1,1,0.9987888,1
179969,1,0,0.13150749,0
179970,1,0,0.013299493,0
179971,1,1,0.84556025,1
179972,1,1,0.7889899,1
179973,1,0,0.004190637,0
179974,1,0,0.016593179,0
179975,1,1,0.86083776,1
179976,1,0,0.02118586,0
179977,1,0,0.17300858,0
179978,1,0,0.07191642,0
179979,1,1,0.9729338,1
179980,1,0,0.0018895386,0
179981,1,0,0.03085051,0
179982,1,0,0.15869519,0
179983,1,1,0.5316349,1
179984,1,1,0.9982317,1
179985,1,1,0.9873262,1
179986,1,1,0.71839684,1
179987,1,1,0.99993396,1
179988,1,1,0.9768687,1
179989,1,1,0.9923044,1
179990,1,1,0.77713084,1
179991,1,1,0.99999845,1
179992,1,1,0.99865156,1
179993,1,1,0.66979885,1
179994,1,1,0.8299059,1
179995,1,1,0.4906932,1
179996,1,0,0.2358996,0
179997,1,1,1.0,1
179998,1,1,0.99998224,1
179999,1,1,0.99999917,1
180000,1,1,0.99996996,1
180001,1,1,0.99944717,1
180002,1,1,0.99877685,1
180003,1,1,1.0,1
180004,1,1,1.0,1
180005,1,1,0.9997843,1
180006,1,1,1.0,1
180007,1,1,1.0,1
180008,1,1,0.99992335,1
180009,1,1,0.99985397,1
180010,1,1,0.99971205,1
180011,1,1,0.9999999,1
180012,1,1,0.9991474,1
180013,1,1,0.9999913,1
180014,1,1,0.9999969,1
180015,1,1,0.99987364,1
180016,1,1,0.9982003,1
180017,1,1,0.9991959,1
180018,1,1,0.9998691,1
180019,1,1,0.99968255,1
180020,1,1,0.99999917,1
180021,1,1,0.9998191,1
180022,1,1,1.0,1
180023,1,1,0.9983707,1
180024,1,0,0.042206,0
180025,1,1,1.0,1
180026,1,1,0.99999833,1
180027,1,1,0.9974342,1
180028,1,0,0.0019380355,0
180029,1,0,0.005220126,0
180030,1,0,0.009708477,0
180031,1,0,0.2263558,0
180032,1,1,0.4431184,1
180033,1,0,0.06430006,0
180034,1,0,0.0065388246,0
180035,1,0,0.0007495314,0
180036,1,0,0.17567943,0
180037,1,0,0.01083937,0
180038,1,0,0.0015639359,0
180039,1,1,0.9970305,1
180040,1,0,0.30704626,0
180041,1,0,0.08181271,0
180042,1,0,0.1237887,0
180043,1,0,0.07626997,0
180044,1,0,0.15771976,0
180045,1,1,0.38093168,1
180046,1,1,0.5312094,1
180047,1,1,0.99999905,1
180048,1,1,0.63956726,1
180049,1,0,0.01676938,0
180050,1,1,0.68177974,1
180051,1,1,0.4151952,1
180052,1,1,0.9893885,1
180053,1,1,0.8932163,1
180054,1,1,0.99653685,1
180055,1,1,0.99991584,1
180056,1,1,0.74460995,1
180057,1,0,0.005685907,0
180058,1,1,0.6769937,1
180059,1,0,0.03775027,0
180060,1,1,0.8429925,1
180061,1,0,0.083441176,0
180062,1,1,0.9960699,1
180063,1,1,0.98677725,1
180064,1,1,0.8865187,1
180065,1,1,0.85741025,1
180066,1,0,0.25256836,0
180067,1,1,0.9563089,1
180068,1,1,0.88710684,1
180069,1,0,0.093016796,0
180070,1,1,0.41860777,1
180071,1,1,0.9709919,1
180072,1,1,0.9999337,1
180073,1,1,0.9999918,1
180074,1,0,0.11114469,0
180075,1,1,0.9658352,1
180076,1,0,0.091382094,0
180077,1,0,0.006326631,0
180078,1,0,0.15002882,0
180079,1,1,0.6722779,1
180080,1,0,0.19125213,0
180081,1,1,0.8262917,1
180082,1,0,0.31478733,0
180083,1,1,0.92529744,1
180084,1,1,0.80609053,1
180085,1,1,0.97678024,1
180086,1,1,0.999982,1
180087,1,0,0.043691058,0
180088,1,0,0.18330103,0
180089,1,1,0.9928647,1
180090,1,1,1.0,1
180091,1,1,0.9998691,1
180092,1,1,0.99846625,1
180093,1,1,0.99997985,1
180094,1,1,0.9995054,1
180095,1,0,0.01243165,0
180096,1,1,0.9937709,1
180097,1,0,0.1056711,0
180098,1,0,0.34676248,0
180099,1,1,0.6734602,1
180100,1,1,0.9990283,1
180101,1,0,0.011093566,0
180102,1,1,0.9532315,1
180103,1,0,0.008061991,0
180104,1,1,0.99951875,1
180105,1,0,0.044597577,0
180106,1,1,0.9996338,1
180107,1,1,0.9982692,1
180108,1,1,0.9954704,1
180109,1,1,0.9941004,1
180110,1,1,0.9999999,1
180111,1,1,0.9973888,1
180112,1,1,0.99379504,1
180113,1,1,0.9999999,1
180114,1,1,0.9999913,1
180115,1,1,0.9999995,1
180116,1,1,0.99984455,1
180117,1,1,0.3665897,1
180118,1,1,0.9962419,1
180119,1,1,0.78208053,1
180120,1,1,0.9859093,1
180121,1,1,0.99135584,1
180122,1,1,0.99952435,1
180123,1,1,0.99995804,1
180124,1,1,1.0,1
180125,1,1,0.9999789,1
180126,1,1,0.97161794,1
180127,1,1,1.0,1
180128,1,1,0.9997826,1
180129,1,1,0.723456,1
180130,1,1,0.99140584,1
180131,1,1,0.9972154,1
180132,1,1,0.9999522,1
180133,1,1,0.99826247,1
180134,1,1,0.689776,1
180135,1,1,0.9999746,1
180136,1,1,0.999159,1
180137,1,1,1.0,1
180138,1,1,0.9084556,1
180139,1,1,1.0,1
180140,1,1,0.99517965,1
180141,1,1,1.0,1
180142,1,1,0.9996259,1
180143,1,1,1.0,1
180144,1,1,0.99999785,1
180145,1,1,0.9996947,1
180146,1,1,0.81479084,1
180147,1,1,0.9999924,1
180148,1,1,0.99999857,1
180149,1,1,0.99999154,1
180150,1,1,1.0,1
180151,1,1,1.0,1
180152,1,1,1.0,1
180153,1,1,0.99998426,1
180154,1,1,0.9999987,1
180155,1,1,0.95589906,1
180156,1,1,0.99999464,1
180157,1,1,0.9999652,1
180158,1,1,0.90523857,1
180159,1,1,0.57791233,1
180160,1,0,0.025908018,0
180161,1,1,0.692486,1
180162,1,1,0.9999939,1
180163,1,1,0.9853843,1
180164,1,0,0.05404875,0
180165,1,1,0.9987281,1
180166,1,1,0.99991345,1
180167,1,0,0.25753158,0
180168,1,1,0.9997527,1
180169,1,1,0.99999964,1
180170,1,1,0.98871195,1
180171,1,1,0.7136811,1
180172,1,0,0.020254692,0
180173,1,1,0.9999999,1
180174,1,0,0.020904195,0
180175,1,0,0.0037580945,0
180176,1,1,0.7261344,1
180177,1,1,0.67613894,1
180178,1,1,0.8304567,1
180179,1,1,0.97678024,1
180180,1,1,1.0,1
180181,1,1,0.99863297,1
180182,1,1,0.6259527,1
180183,1,1,0.999995,1
180184,1,1,0.9548583,1
180185,1,0,0.007815888,0
180186,1,1,0.9999187,1
180187,1,1,0.9407353,1
180188,1,1,0.99979264,1
180189,1,1,0.9807842,1
180190,1,1,0.99999857,1
180191,1,1,0.9999578,1
180192,1,1,0.999995,1
180193,1,1,0.9994837,1
180194,1,1,0.99999154,1
180195,1,1,1.0,1
180196,1,1,0.99999297,1
180197,1,1,0.9998134,1
180198,1,1,1.0,1
180199,1,1,0.99999213,1
180200,1,1,1.0,1
180201,1,1,1.0,1
180202,1,1,1.0,1
180203,1,1,0.99999845,1
180204,1,1,0.99999976,1
180205,1,1,0.99995935,1
180206,1,1,0.99999404,1
180207,1,0,0.11920292,0
180208,1,1,0.7113808,1
180209,1,1,0.9493886,1
180210,1,1,0.9999753,1
180211,1,1,0.7096735,1
180212,1,1,0.99997973,1
180213,1,1,0.9999993,1
180214,1,1,0.99956864,1
180215,1,1,0.37119362,1
180216,1,1,1.0,1
180217,1,1,1.0,1
180218,1,1,0.9990545,1
180219,1,1,0.8315539,1
180220,1,1,0.99999917,1
180221,1,1,0.99997234,1
180222,1,1,0.9999999,1
180223,1,1,0.9997757,1
180224,1,1,0.98260766,1
180225,1,1,0.99416876,1
180226,1,1,0.9999994,1
180227,1,1,0.985342,1
180228,1,1,0.99060565,1
180229,1,1,0.9999734,1
180230,1,1,0.9970765,1
180231,1,1,0.78357476,1
180232,1,1,0.999129,1
180233,1,1,0.99999976,1
180234,1,1,0.9997843,1
180235,1,1,0.9999877,1
180236,1,1,0.9992084,1
180237,1,0,0.085403666,0
180238,1,1,0.76646847,1
180239,1,1,0.9916033,1
180240,1,1,0.9965771,1
180241,1,1,0.9990508,1
180242,1,1,0.9999814,1
180243,1,1,0.99216896,1
180244,1,1,0.84606963,1
180245,1,1,0.9784671,1
180246,1,1,0.8525676,1
180247,1,1,0.83325684,1
180248,1,1,0.999554,1
180249,1,1,0.99990654,1
180250,1,0,0.010902374,0
180251,1,1,0.99996555,1
180252,1,1,0.98553824,1
180253,1,1,0.9756001,1
180254,1,1,0.53087497,1
180255,1,1,0.856092,1
180256,1,1,0.77244484,1
180257,1,1,0.999764,1
180258,1,1,0.99903214,1
180259,1,1,0.9908478,1
180260,1,1,0.9967963,1
180261,1,1,0.9807842,1
180262,1,1,0.97675806,1
180263,1,1,0.6583077,1
180264,1,1,0.87621135,1
180265,1,1,0.9167081,1
180266,1,1,0.68177974,1
180267,1,1,1.0,1
180268,1,1,1.0,1
180269,1,1,1.0,1
180270,1,1,0.99956185,1
180271,1,1,0.99999976,1
180272,1,1,0.9999976,1
180273,1,1,1.0,1
180274,1,1,1.0,1
180275,1,1,0.99975747,1
180276,1,1,1.0,1
180277,1,1,1.0,1
180278,1,1,1.0,1
180279,1,1,0.9999479,1
180280,1,1,0.9999676,1
180281,1,1,0.9967649,1
180282,1,1,0.9989718,1
180283,1,1,0.99766326,1
180284,1,1,0.9999999,1
180285,1,1,1.0,1
180286,1,1,1.0,1
180287,1,1,1.0,1
180288,1,1,0.99997675,1
180289,1,1,1.0,1
180290,1,1,1.0,1
180291,1,1,0.9994715,1
180292,1,1,1.0,1
180293,1,1,1.0,1
180294,1,1,0.99014014,1
180295,1,1,1.0,1
180296,1,1,0.99999976,1
180297,1,0,0.06916357,0
180298,1,1,0.99997497,1
180299,1,1,0.9999565,1
180300,1,1,0.9985923,1
180301,1,1,0.9999825,1
180302,1,1,0.9999994,1
180303,1,1,0.9309621,1
180304,1,1,0.49246272,1
180305,1,0,0.21858597,0
180306,1,1,0.99989486,1
180307,1,1,0.9991991,1
180308,1,0,0.052037824,0
180309,1,1,0.9991186,1
180310,1,1,0.6800824,1
180311,1,1,0.7282171,1
180312,1,1,1.0,1
180313,1,1,1.0,1
180314,1,1,0.9982212,1
180315,1,1,0.7015597,1
180316,1,1,1.0,1
180317,1,1,0.9480585,1
180318,1,1,0.996503,1
180319,1,1,0.99793327,1
180320,1,1,0.9999999,1
180321,1,1,0.9953544,1
180322,1,1,0.9999888,1
180323,1,1,0.99914575,1
180324,1,1,0.9986646,1
180325,1,1,1.0,1
180326,1,1,0.9999442,1
180327,1,1,0.9999684,1
180328,1,0,0.1334717,0
180329,1,0,0.015218292,0
180330,1,0,0.0527164,0
180331,1,1,0.90473473,1
180332,1,1,0.9985104,1
180333,1,1,0.9744591,1
180334,1,0,0.13352816,0
180335,1,0,0.3019792,0
180336,1,1,0.9999974,1
180337,1,1,0.99528164,1
180338,1,1,0.8916225,1
180339,1,1,0.9950563,1
180340,1,1,0.9625677,1
180341,1,1,1.0,1
180342,1,1,0.99999964,1
180343,1,1,0.96882665,1
180344,1,1,0.9915216,1
180345,1,0,0.06644793,0
180346,1,1,0.98715407,1
180347,1,0,0.11636177,0
180348,1,0,0.0029694447,0
180349,1,1,0.99995935,1
180350,1,1,0.71273226,1
180351,1,1,0.5607338,1
180352,1,1,1.0,1
180353,1,1,0.9984573,1
180354,1,1,0.9933975,1
180355,1,1,0.9999975,1
180356,1,1,0.9913892,1
180357,1,1,0.9985134,1
180358,1,1,0.99994993,1
180359,1,1,0.99999964,1
180360,1,1,0.9999465,1
180361,1,1,0.99995375,1
180362,1,1,0.9999225,1
180363,1,1,1.0,1
180364,1,1,1.0,1
180365,1,1,1.0,1
180366,1,1,0.9999999,1
180367,1,1,0.9999913,1
180368,1,1,0.9999999,1
180369,1,1,1.0,1
180370,1,1,0.9999968,1
180371,1,1,0.9999908,1
180372,1,1,1.0,1
180373,1,1,0.9999864,1
180374,1,1,0.9999584,1
180375,1,1,0.99999976,1
180376,1,1,1.0,1
180377,1,1,0.9977569,1
180378,1,1,0.99999976,1
180379,1,1,0.9999957,1
180380,1,1,1.0,1
180381,1,1,0.99999666,1
180382,1,1,1.0,1
180383,1,1,0.99999976,1
180384,1,1,1.0,1
180385,1,1,0.999433,1
180386,1,1,1.0,1
180387,1,1,0.9999901,1
180388,1,1,0.9999962,1
180389,1,1,1.0,1
180390,1,1,0.95430803,1
180391,1,1,0.9999999,1
180392,1,1,1.0,1
180393,1,1,0.9999975,1
180394,1,1,0.995858,1
180395,1,1,0.98629737,1
180396,1,1,0.9999994,1
180397,1,1,0.9999379,1
180398,1,1,0.9999999,1
180399,1,1,1.0,1
180400,1,1,0.99999666,1
180401,1,1,0.9999999,1
180402,1,1,0.9994286,1
180403,1,1,1.0,1
180404,1,1,1.0,1
180405,1,1,0.9994622,1
180406,1,1,1.0,1
180407,1,1,0.99460465,1
180408,1,1,0.99700147,1
180409,1,1,0.9999999,1
180410,1,1,0.99999964,1
180411,1,1,1.0,1
180412,1,1,1.0,1
180413,1,1,0.9999981,1
180414,1,1,0.8636218,1
180415,1,1,0.9848838,1
180416,1,1,0.9999882,1
180417,1,1,0.9999596,1
180418,1,1,0.9999994,1
180419,1,1,0.99999416,1
180420,1,1,1.0,1
180421,1,1,0.99999774,1
180422,1,1,1.0,1
180423,1,1,1.0,1
180424,1,1,1.0,1
180425,1,1,1.0,1
180426,1,1,1.0,1
180427,1,1,1.0,1
180428,1,1,0.9999949,1
180429,1,1,1.0,1
180430,1,1,0.9999362,1
180431,1,1,0.99995303,1
180432,1,1,1.0,1
180433,1,1,0.9999869,1
180434,1,1,1.0,1
180435,1,1,1.0,1
180436,1,1,1.0,1
180437,1,1,1.0,1
180438,1,1,1.0,1
180439,1,1,0.99860877,1
180440,1,1,1.0,1
180441,1,1,1.0,1
180442,1,1,0.9999999,1
180443,1,1,0.9999975,1
180444,1,1,0.99999785,1
180445,1,1,0.9999999,1
180446,1,1,1.0,1
180447,1,1,0.99999917,1
180448,1,1,1.0,1
180449,1,1,1.0,1
180450,1,1,1.0,1
180451,1,1,0.99999976,1
180452,1,1,0.9999999,1
180453,1,1,0.9998746,1
180454,1,1,0.9998499,1
180455,1,1,0.9999995,1
180456,1,1,0.999433,1
180457,1,1,0.99999714,1
180458,1,1,0.9999989,1
180459,1,1,1.0,1
180460,1,1,0.9999995,1
180461,1,1,0.99999917,1
180462,1,1,0.99998736,1
180463,1,1,0.9999999,1
180464,1,1,0.99936,1
180465,1,1,0.9999919,1
180466,1,1,0.99854773,1
180467,1,1,0.9991943,1
180468,1,1,1.0,1
180469,1,1,0.9998746,1
180470,1,1,0.7834919,1
180471,1,1,1.0,1
180472,1,1,1.0,1
180473,1,1,0.9989617,1
180474,1,1,1.0,1
180475,1,1,0.9999987,1
180476,1,1,1.0,1
180477,1,1,0.9990169,1
180478,1,1,0.7832433,1
180479,1,1,0.87147486,1
180480,1,1,0.9950177,1
180481,1,1,0.89395916,1
180482,1,1,0.99998844,1
180483,1,1,0.9998005,1
180484,1,1,1.0,1
180485,1,1,0.9998523,1
180486,1,1,0.99861693,1
180487,1,1,0.9997918,1
180488,1,1,0.983343,1
180489,1,1,0.9999722,1
180490,1,1,0.9971495,1
180491,1,1,0.99999976,1
180492,1,1,0.99999595,1
180493,1,1,0.9999479,1
180494,1,1,0.9995778,1
180495,1,1,1.0,1
180496,1,1,0.97032446,1
180497,1,1,1.0,1
180498,1,1,0.999998,1
180499,1,1,0.9955835,1
180500,1,1,1.0,1
180501,1,1,0.99962807,1
180502,1,1,0.9999852,1
180503,1,1,0.9999962,1
180504,1,1,0.89858866,1
180505,1,0,0.26175526,0
180506,1,1,0.99997187,1
180507,1,1,0.9983386,1
180508,1,1,0.9993081,1
180509,1,1,0.9999999,1
180510,1,1,1.0,1
180511,1,1,0.99970406,1
180512,1,1,1.0,1
180513,1,1,0.99959236,1
180514,1,1,1.0,1
180515,1,1,1.0,1
180516,1,0,0.22875896,0
180517,1,1,0.9998809,1
180518,1,1,0.9999957,1
180519,1,1,0.99999404,1
180520,1,1,0.97664696,1
180521,1,1,0.99960023,1
180522,1,1,1.0,1
180523,1,1,0.99989104,1
180524,1,1,0.99248135,1
180525,1,1,0.99992,1
180526,1,1,0.9992206,1
180527,1,1,0.99988675,1
180528,1,1,0.7923036,1
180529,1,1,0.8352149,1
180530,1,1,0.9743129,1
180531,1,1,0.9887988,1
180532,1,1,0.99996793,1
180533,1,1,0.9979966,1
180534,1,1,0.9999881,1
180535,1,1,0.5046996,1
180536,1,1,0.9014011,1
180537,1,1,0.98164797,1
180538,1,1,0.50817794,1
180539,1,0,0.29884934,0
180540,1,0,0.2965524,0
180541,1,1,0.48352647,1
180542,1,0,0.20071429,0
180543,1,0,0.25036255,0
180544,1,1,0.58148134,1
180545,1,1,0.78116375,1
180546,1,1,0.73989254,1
180547,1,1,0.9999858,1
180548,1,1,0.9868787,1
180549,1,1,0.9980045,1
180550,1,1,0.99176437,1
180551,1,0,0.009917223,0
180552,1,0,0.0071352525,0
180553,1,0,0.036390893,0
180554,1,0,0.029395703,0
180555,1,1,0.44610256,1
180556,1,1,0.9946774,1
180557,1,1,0.8959786,1
180558,1,1,0.8429925,1
180559,1,1,0.53582716,1
180560,1,1,0.9952077,1
180561,1,0,0.0036499873,0
180562,1,1,0.8702668,1
180563,1,1,0.9999944,1
180564,1,0,0.17483254,0
180565,1,1,0.9951609,1
180566,1,1,0.97881407,1
180567,1,1,0.99993217,1
180568,1,1,0.79182106,1
180569,1,1,0.8315539,1
180570,1,1,0.99987364,1
180571,1,0,0.04577727,0
180572,1,1,0.80022407,1
180573,1,1,0.952131,1
180574,1,1,0.60270476,1
180575,1,0,0.029507361,0
180576,1,0,0.012624949,0
180577,1,1,0.85158294,1
180578,1,1,0.44571048,1
180579,1,1,0.7111301,1
180580,1,1,0.5189119,1
180581,1,1,0.7195807,1
180582,1,1,0.71417975,1
180583,1,1,0.985663,1
180584,1,1,0.95409465,1
180585,1,1,0.9993242,1
180586,1,1,0.9999995,1
180587,1,1,0.9993869,1
180588,1,1,0.99994755,1
180589,1,1,1.0,1
180590,1,1,0.9997818,1
180591,1,1,0.99978095,1
180592,1,1,0.98154205,1
180593,1,1,0.9902727,1
180594,1,1,0.35801628,1
180595,1,1,0.96171397,1
180596,1,1,0.9999591,1
180597,1,1,0.9999999,1
180598,1,1,0.9999802,1
180599,1,1,0.9998623,1
180600,1,1,0.98873377,1
180601,1,1,0.999966,1
180602,1,1,0.9995408,1
180603,1,1,0.99998975,1
180604,1,1,1.0,1
180605,1,1,1.0,1
180606,1,1,1.0,1
180607,1,1,1.0,1
180608,1,1,1.0,1
180609,1,1,1.0,1
180610,1,1,0.99999297,1
180611,1,1,1.0,1
180612,1,1,0.99999964,1
180613,1,1,0.99997926,1
180614,1,1,1.0,1
180615,1,1,1.0,1
180616,1,1,1.0,1
180617,1,1,1.0,1
180618,1,1,1.0,1
180619,1,1,1.0,1
180620,1,1,1.0,1
180621,1,1,1.0,1
180622,1,1,1.0,1
180623,1,1,1.0,1
180624,1,1,1.0,1
180625,1,1,1.0,1
180626,1,1,1.0,1
180627,1,1,0.99999976,1
180628,1,1,1.0,1
180629,1,1,0.9609151,1
180630,1,1,0.9999999,1
180631,1,1,0.7798252,1
180632,1,1,0.9848984,1
180633,1,1,0.8596637,1
180634,1,1,0.7824132,1
180635,1,1,0.7968463,1
180636,1,1,0.9997273,1
180637,1,1,0.97503597,1
180638,1,1,0.9995566,1
180639,1,1,0.9970305,1
180640,1,1,0.9999999,1
180641,1,1,0.9999994,1
180642,1,1,0.99999917,1
180643,1,1,1.0,1
180644,1,1,0.9999974,1
180645,1,1,0.9997851,1
180646,1,1,0.999928,1
180647,1,1,0.99999905,1
180648,1,1,0.9999995,1
180649,1,1,0.99999595,1
180650,1,1,1.0,1
180651,1,1,0.9998416,1
180652,1,1,0.9999422,1
180653,1,1,0.9999974,1
180654,1,1,0.9999187,1
180655,1,1,0.99998045,1
180656,1,1,0.99999034,1
180657,1,1,0.99999917,1
180658,1,1,0.9999757,1
180659,1,1,0.999982,1
180660,1,1,0.9999999,1
180661,1,1,1.0,1
180662,1,1,1.0,1
180663,1,1,1.0,1
180664,1,1,0.9999968,1
180665,1,1,0.9999918,1
180666,1,1,1.0,1
180667,1,1,1.0,1
180668,1,1,0.99999857,1
180669,1,1,0.99999046,1
180670,1,1,1.0,1
180671,1,1,1.0,1
180672,1,1,1.0,1
180673,1,1,0.998092,1
180674,1,1,0.9994374,1
180675,1,1,0.9999999,1
180676,1,1,0.99999774,1
180677,1,1,0.9999993,1
180678,1,1,1.0,1
180679,1,1,0.99999976,1
180680,1,1,1.0,1
180681,1,1,0.9999999,1
180682,1,1,1.0,1
180683,1,1,0.9982522,1
180684,1,1,1.0,1
180685,1,1,0.9965436,1
180686,1,1,0.99999964,1
180687,1,1,1.0,1
180688,1,1,1.0,1
180689,1,1,1.0,1
180690,1,1,1.0,1
180691,1,1,1.0,1
180692,1,1,0.99999905,1
180693,1,1,1.0,1
180694,1,1,1.0,1
180695,1,1,1.0,1
180696,1,1,1.0,1
180697,1,1,1.0,1
180698,1,1,1.0,1
180699,1,1,1.0,1
180700,1,1,1.0,1
180701,1,1,0.9999994,1
180702,1,1,1.0,1
180703,1,1,1.0,1
180704,1,1,1.0,1
180705,1,1,1.0,1
180706,1,1,1.0,1
180707,1,1,1.0,1
180708,1,1,1.0,1
180709,1,1,1.0,1
180710,1,1,0.9999995,1
180711,1,1,1.0,1
180712,1,1,1.0,1
180713,1,1,0.9999902,1
180714,1,1,0.99999976,1
180715,1,1,0.99996376,1
180716,1,1,1.0,1
180717,1,1,0.64057964,1
180718,1,1,0.99980444,1
180719,1,1,0.9992549,1
180720,1,1,0.98432124,1
180721,1,1,0.9361684,1
180722,1,0,0.0044597043,0
180723,1,0,0.28962278,0
180724,1,1,0.9859364,1
180725,1,1,0.7580631,1
180726,1,0,0.005011402,0
180727,1,0,0.07409726,0
180728,1,0,0.06342434,0
180729,1,1,0.9693532,1
180730,1,1,0.90414387,1
180731,1,1,0.74623144,1
180732,1,0,0.31975833,0
180733,1,1,0.9994173,1
180734,1,1,0.9992161,1
180735,1,0,0.30393836,0
180736,1,1,0.9983354,1
180737,1,1,0.81960475,1
180738,1,1,0.9602495,1
180739,1,1,0.9987478,1
180740,1,1,0.9999796,1
180741,1,1,0.81390494,1
180742,1,1,0.9997459,1
180743,1,1,0.9925827,1
180744,1,0,0.018055335,0
180745,1,1,0.858244,1
180746,1,1,0.43773338,1
180747,1,1,0.92043275,1
180748,1,1,0.8698252,1
180749,1,1,0.99983,1
180750,1,1,0.999824,1
180751,1,1,0.99999213,1
180752,1,1,1.0,1
180753,1,1,0.9973218,1
180754,1,1,1.0,1
180755,1,1,1.0,1
180756,1,1,0.9999914,1
180757,1,1,0.8884688,1
180758,1,1,0.9999999,1
180759,1,1,0.9999993,1
180760,1,1,0.99999595,1
180761,1,1,0.9998535,1
180762,1,1,0.9999337,1
180763,1,1,0.9999565,1
180764,1,1,0.9999975,1
180765,1,1,0.99980515,1
180766,1,1,0.99999464,1
180767,1,1,1.0,1
180768,1,1,1.0,1
180769,1,1,0.9875923,1
180770,1,1,0.9719925,1
180771,1,1,0.9645559,1
180772,1,1,0.99992096,1
180773,1,1,0.9999981,1
180774,1,1,1.0,1
180775,1,1,0.9997187,1
180776,1,1,0.99999964,1
180777,1,1,0.999188,1
180778,1,1,0.99999976,1
180779,1,1,0.9999999,1
180780,1,1,0.98056203,1
180781,1,1,0.97311324,1
180782,1,1,0.99999774,1
180783,1,1,1.0,1
180784,1,1,0.99928063,1
180785,1,1,1.0,1
180786,1,1,1.0,1
180787,1,1,0.9054896,1
180788,1,1,0.99225944,1
180789,1,1,0.9845011,1
180790,1,1,0.9999999,1
180791,1,1,1.0,1
180792,1,1,0.99999964,1
180793,1,1,0.99990463,1
180794,1,1,0.99999964,1
180795,1,1,0.9959693,1
180796,1,1,1.0,1
180797,1,1,1.0,1
180798,1,1,0.9901782,1
180799,1,1,0.99999976,1
180800,1,1,0.83508044,1
180801,1,1,0.397529,1
180802,1,0,0.12262824,0
180803,1,1,0.5966682,1
180804,1,0,0.064653486,0
180805,1,1,0.9606575,1
180806,1,0,0.0140636265,0
180807,1,1,0.94192183,1
180808,1,1,0.97112906,1
180809,1,1,1.0,1
180810,1,1,0.99999976,1
180811,1,1,1.0,1
180812,1,1,0.8333246,1
180813,1,1,0.99954176,1
180814,1,0,0.046638034,0
180815,1,1,0.73411953,1
180816,1,0,0.2877178,0
180817,1,1,0.7142794,1
180818,1,0,0.030043371,0
180819,1,1,0.82318634,1
180820,1,0,0.16640429,0
180821,1,0,0.08225394,0
180822,1,1,0.9457512,1
180823,1,1,0.9622852,1
180824,1,1,0.9999976,1
180825,1,1,0.9999999,1
180826,1,1,0.999995,1
180827,1,1,1.0,1
180828,1,1,1.0,1
180829,1,1,0.9999012,1
180830,1,1,0.9999964,1
180831,1,1,0.99999857,1
180832,1,1,1.0,1
180833,1,1,0.9999999,1
180834,1,1,1.0,1
180835,1,1,0.9993162,1
180836,1,1,1.0,1
180837,1,0,0.19505687,0
180838,1,0,0.07517641,0
180839,1,0,0.050190784,0
180840,1,0,0.23607564,0
180841,1,0,0.07126734,0
180842,1,0,0.14390808,0
180843,1,0,0.05470151,0
180844,1,0,0.21370518,0
180845,1,0,0.2708658,0
180846,1,1,0.9999999,1
180847,1,1,1.0,1
180848,1,1,0.99525404,1
180849,1,1,1.0,1
180850,1,1,1.0,1
180851,1,1,0.9999988,1
180852,1,1,1.0,1
180853,1,1,1.0,1
180854,1,1,0.99999976,1
180855,1,1,0.99999595,1
180856,1,1,0.99999917,1
180857,1,1,1.0,1
180858,1,1,0.99967873,1
180859,1,1,0.9797647,1
180860,1,1,0.9999713,1
180861,1,1,0.9998148,1
180862,1,1,0.9979048,1
180863,1,1,0.9238675,1
180864,1,1,1.0,1
180865,1,1,0.98707956,1
180866,1,1,0.99297464,1
180867,1,1,0.9418149,1
180868,1,1,0.754282,1
180869,1,1,0.6009497,1
180870,1,1,0.85633236,1
180871,1,1,0.9595731,1
180872,1,0,0.06572467,0
180873,1,1,0.5619962,1
180874,1,0,0.086323485,0
180875,1,0,0.067056276,0
180876,1,0,0.026105914,0
180877,1,1,0.38375676,1
180878,1,0,0.19636348,0
180879,1,0,0.028034119,0
180880,1,0,0.07835981,0
180881,1,1,0.5452252,1
180882,1,0,0.0489941,0
180883,1,1,0.78874594,1
180884,1,0,0.08787644,0
180885,1,1,0.5209838,1
180886,1,1,0.9986878,1
180887,1,1,0.44824514,1
180888,1,1,0.9999286,1
180889,1,0,0.074164286,0
180890,1,0,0.14294825,0
180891,1,0,0.017831627,0
180892,1,1,0.98313373,1
180893,1,1,0.98866826,1
180894,1,0,0.19200854,0
180895,1,0,0.32391453,0
180896,1,0,0.050097767,0
180897,1,1,0.9999999,1
180898,1,1,0.9989267,1
180899,1,1,1.0,1
180900,1,1,0.9999616,1
180901,1,1,0.83004373,1
180902,1,1,0.99999714,1
180903,1,1,0.9991186,1
180904,1,1,0.9869544,1
180905,1,1,0.96408546,1
180906,1,1,0.9208609,1
180907,1,0,0.07094482,0
180908,1,1,0.9999969,1
180909,1,1,0.9999269,1
180910,1,1,0.98466414,1
180911,1,1,0.9979771,1
180912,1,1,0.99999905,1
180913,1,1,1.0,1
180914,1,1,0.99999964,1
180915,1,1,0.8293538,1
180916,1,1,0.99999917,1
180917,1,1,1.0,1
180918,1,1,1.0,1
180919,1,1,0.46359602,1
180920,1,1,0.99818975,1
180921,1,1,0.9999963,1
180922,1,1,0.9975799,1
180923,1,1,1.0,1
180924,1,1,1.0,1
180925,1,1,0.8677098,1
180926,1,1,0.48822236,1
180927,1,1,1.0,1
180928,1,1,0.9999993,1
180929,1,1,0.50006104,1
180930,1,1,0.99999654,1
180931,1,1,0.9999999,1
180932,1,1,0.9997378,1
180933,1,1,0.99992335,1
180934,1,1,0.99975747,1
180935,1,1,1.0,1
180936,1,1,0.99997604,1
180937,1,1,1.0,1
180938,1,1,0.9999993,1
180939,1,1,0.99999976,1
180940,1,1,0.9999987,1
180941,1,1,1.0,1
180942,1,1,0.99999976,1
180943,1,1,0.9999974,1
180944,1,1,0.99999714,1
180945,1,1,1.0,1
180946,1,1,1.0,1
180947,1,1,0.99961996,1
180948,1,1,0.9999732,1
180949,1,1,0.9999994,1
180950,1,1,0.995037,1
180951,1,1,0.9993724,1
180952,1,1,0.99988544,1
180953,1,1,0.99999857,1
180954,1,1,0.9999988,1
180955,1,1,1.0,1
180956,1,1,0.99953175,1
180957,1,1,1.0,1
180958,1,1,1.0,1
180959,1,1,0.99999964,1
180960,1,1,1.0,1
180961,1,1,1.0,1
180962,1,1,1.0,1
180963,1,1,1.0,1
180964,1,1,1.0,1
180965,1,1,0.9999999,1
180966,1,1,1.0,1
180967,1,1,1.0,1
180968,1,1,1.0,1
180969,1,1,1.0,1
180970,1,1,1.0,1
180971,1,1,1.0,1
180972,1,1,1.0,1
180973,1,1,1.0,1
180974,1,1,1.0,1
180975,1,1,1.0,1
180976,1,1,1.0,1
180977,1,1,1.0,1
180978,1,1,0.9999994,1
180979,1,1,1.0,1
180980,1,1,1.0,1
180981,1,1,1.0,1
180982,1,1,1.0,1
180983,1,1,1.0,1
180984,1,1,1.0,1
180985,1,1,1.0,1
180986,1,1,0.99999964,1
180987,1,1,1.0,1
180988,1,1,1.0,1
180989,1,1,1.0,1
180990,1,1,1.0,1
180991,1,1,0.99999976,1
180992,1,1,1.0,1
180993,1,1,1.0,1
180994,1,1,0.9999995,1
180995,1,1,1.0,1
180996,1,1,1.0,1
180997,1,1,0.99999964,1
180998,1,1,1.0,1
180999,1,1,1.0,1
181000,1,1,1.0,1
181001,1,1,1.0,1
181002,1,1,0.9966365,1
181003,1,1,1.0,1
181004,1,1,0.99999976,1
181005,1,1,1.0,1
181006,1,1,0.99999976,1
181007,1,1,1.0,1
181008,1,1,1.0,1
181009,1,1,0.9999912,1
181010,1,1,1.0,1
181011,1,1,1.0,1
181012,1,1,0.99999905,1
181013,1,1,0.9999999,1
181014,1,1,0.99999523,1
181015,1,1,1.0,1
181016,1,1,1.0,1
181017,1,0,0.15190639,0
181018,1,1,0.9730109,1
181019,1,1,0.9662198,1
181020,1,1,0.9917163,1
181021,1,1,0.74632394,1
181022,1,1,0.99894744,1
181023,1,1,0.9971328,1
181024,1,0,0.33106568,0
181025,1,1,0.9492005,1
181026,1,0,0.32215267,0
181027,1,1,0.9869544,1
181028,1,1,0.817283,1
181029,1,1,0.65704346,1
181030,1,1,0.73211324,1
181031,1,1,0.99915576,1
181032,1,1,0.6131787,1
181033,1,1,0.8429925,1
181034,1,1,0.9889064,1
181035,1,1,0.99991035,1
181036,1,1,0.9976126,1
181037,1,1,0.446193,1
181038,1,1,0.99999964,1
181039,1,1,0.9998822,1
181040,1,1,0.99999964,1
181041,1,1,0.99155444,1
181042,1,1,0.9996898,1
181043,1,0,0.12262824,0
181044,1,1,0.6561627,1
181045,1,1,0.99999297,1
181046,1,1,0.64400125,1
181047,1,1,0.99999905,1
181048,1,1,0.99971753,1
181049,1,1,1.0,1
181050,1,1,1.0,1
181051,1,1,0.9999926,1
181052,1,1,1.0,1
181053,1,1,1.0,1
181054,1,1,1.0,1
181055,1,1,0.9999913,1
181056,1,1,1.0,1
181057,1,1,1.0,1
181058,1,1,1.0,1
181059,1,1,1.0,1
181060,1,1,1.0,1
181061,1,1,1.0,1
181062,1,1,0.99999976,1
181063,1,1,1.0,1
181064,1,1,1.0,1
181065,1,1,1.0,1
181066,1,1,1.0,1
181067,1,1,0.9999893,1
181068,1,1,0.9999727,1
181069,1,1,1.0,1
181070,1,1,0.9999995,1
181071,1,1,1.0,1
181072,1,1,1.0,1
181073,1,1,1.0,1
181074,1,1,1.0,1
181075,1,1,0.99984944,1
181076,1,1,1.0,1
181077,1,1,0.91125876,1
181078,1,1,0.79358625,1
181079,1,1,0.9355235,1
181080,1,1,0.88602656,1
181081,1,0,0.29517913,0
181082,1,1,0.99996054,1
181083,1,1,0.48614854,1
181084,1,1,0.9700703,1
181085,1,1,0.99801993,1
181086,1,1,0.9999907,1
181087,1,1,0.8433798,1
181088,1,1,1.0,1
181089,1,1,0.94458723,1
181090,1,1,0.9999999,1
181091,1,1,0.99999905,1
181092,1,1,1.0,1
181093,1,1,0.99999976,1
181094,1,1,0.9999974,1
181095,1,1,0.9999999,1
181096,1,1,0.99999106,1
181097,1,1,0.9982488,1
181098,1,1,0.9843514,1
181099,1,1,0.99970055,1
181100,1,1,0.9938788,1
181101,1,1,0.97032446,1
181102,1,1,0.9960083,1
181103,1,1,0.9998306,1
181104,1,1,0.9980732,1
181105,1,1,0.9990656,1
181106,1,1,0.9750835,1
181107,1,0,0.11752149,0
181108,1,0,0.001158158,0
181109,1,1,0.75680715,1
181110,1,1,0.7211054,1
181111,1,1,0.649523,1
181112,1,1,0.9984269,1
181113,1,1,0.9888419,1
181114,1,1,0.9649544,1
181115,1,0,0.1732882,0
181116,1,1,0.44700763,1
181117,1,1,0.98155975,1
181118,1,0,0.20354918,0
181119,1,1,0.88759494,1
181120,1,1,0.99797314,1
181121,1,1,0.9563089,1
181122,1,0,0.19567093,0
181123,1,0,0.27566564,0
181124,1,0,0.044722572,0
181125,1,1,0.99621993,1
181126,1,0,0.15784954,0
181127,1,1,0.8952483,1
181128,1,1,0.99442345,1
181129,1,1,0.8161134,1
181130,1,1,0.99575186,1
181131,1,1,0.9999995,1
181132,1,1,0.9996594,1
181133,1,1,0.9999337,1
181134,1,1,0.99813604,1
181135,1,1,0.99394965,1
181136,1,1,0.50598115,1
181137,1,1,0.5179976,1
181138,1,0,0.30362853,0
181139,1,1,0.8008478,1
181140,1,1,0.9962565,1
181141,1,0,0.20354918,0
181142,1,0,0.1821344,0
181143,1,0,0.30512765,0
181144,1,0,0.11716748,0
181145,1,1,0.999355,1
181146,1,1,0.5420755,1
181147,1,1,0.8821236,1
181148,1,1,0.9978636,1
181149,1,1,0.9999237,1
181150,1,1,0.9999962,1
181151,1,1,0.9998313,1
181152,1,1,1.0,1
181153,1,1,0.9999311,1
181154,1,1,0.9999957,1
181155,1,1,1.0,1
181156,1,1,0.99986553,1
181157,1,1,0.99997604,1
181158,1,1,0.99987066,1
181159,1,1,0.8472108,1
181160,1,1,0.99986124,1
181161,1,1,0.9998872,1
181162,1,1,0.98514324,1
181163,1,1,0.9999931,1
181164,1,1,0.9997063,1
181165,1,1,0.99999964,1
181166,1,1,0.9999989,1
181167,1,1,0.99997723,1
181168,1,1,0.999943,1
181169,1,1,1.0,1
181170,1,1,0.9999968,1
181171,1,1,1.0,1
181172,1,1,0.9999981,1
181173,1,1,0.99999964,1
181174,1,1,0.9997029,1
181175,1,1,0.99998987,1
181176,1,1,0.9999969,1
181177,1,1,0.9999981,1
181178,1,1,1.0,1
181179,1,1,0.9999999,1
181180,1,1,0.99999654,1
181181,1,1,1.0,1
181182,1,1,0.9999994,1
181183,1,1,1.0,1
181184,1,1,0.99999917,1
181185,1,1,1.0,1
181186,1,1,0.9999999,1
181187,1,1,0.99990535,1
181188,1,1,0.999997,1
181189,1,1,0.9997584,1
181190,1,1,0.99999976,1
181191,1,1,1.0,1
181192,1,1,1.0,1
181193,1,1,0.84453726,1
181194,1,1,1.0,1
181195,1,1,0.9999877,1
181196,1,1,1.0,1
181197,1,0,0.32955354,0
181198,1,0,0.06935241,0
181199,1,0,0.06030764,0
181200,1,0,0.2180027,0
181201,1,1,0.97503597,1
181202,1,1,0.55760443,1
181203,1,1,0.89469755,1
181204,1,1,0.999765,1
181205,1,1,0.8976056,1
181206,1,1,0.81669897,1
181207,1,0,0.19993211,0
181208,1,1,0.8863221,1
181209,1,1,0.74853617,1
181210,1,1,0.9858413,1
181211,1,1,0.7570767,1
181212,1,1,0.9983865,1
181213,1,1,0.92482364,1
181214,1,1,0.9999999,1
181215,1,1,0.9999993,1
181216,1,1,0.97953105,1
181217,1,1,0.91730267,1
181218,1,1,0.96691406,1
181219,1,1,0.9999988,1
181220,1,1,0.9971771,1
181221,1,1,1.0,1
181222,1,1,0.99910825,1
181223,1,1,0.93919235,1
181224,1,1,0.99999857,1
181225,1,1,0.99924016,1
181226,1,1,1.0,1
181227,1,1,0.9999999,1
181228,1,1,0.9999999,1
181229,1,1,1.0,1
181230,1,1,1.0,1
181231,1,1,1.0,1
181232,1,1,1.0,1
181233,1,1,1.0,1
181234,1,1,0.99999964,1
181235,1,1,1.0,1
181236,1,1,1.0,1
181237,1,1,1.0,1
181238,1,1,0.99997735,1
181239,1,1,0.99999976,1
181240,1,1,1.0,1
181241,1,1,1.0,1
181242,1,1,1.0,1
181243,1,1,1.0,1
181244,1,1,1.0,1
181245,1,1,1.0,1
181246,1,1,0.99999845,1
181247,1,1,1.0,1
181248,1,1,0.99999714,1
181249,1,1,1.0,1
181250,1,1,0.99999964,1
181251,1,1,0.999997,1
181252,1,1,1.0,1
181253,1,1,1.0,1
181254,1,1,0.9999039,1
181255,1,1,1.0,1
181256,1,1,1.0,1
181257,1,1,0.99999356,1
181258,1,1,0.99704784,1
181259,1,1,0.9964825,1
181260,1,1,0.91321325,1
181261,1,0,0.10217026,0
181262,1,1,0.90183425,1
181263,1,1,0.7057343,1
181264,1,1,0.81508535,1
181265,1,1,0.99740905,1
181266,1,0,0.00784624,0
181267,1,1,0.6488558,1
181268,1,1,0.9999331,1
181269,1,1,0.99958354,1
181270,1,1,0.8874974,1
181271,1,1,0.9982658,1
181272,1,1,0.99999857,1
181273,1,1,0.49945065,1
181274,1,1,1.0,1
181275,1,1,0.99991906,1
181276,1,1,0.99998546,1
181277,1,1,0.990329,1
181278,1,0,0.22906063,0
181279,1,1,0.9961681,1
181280,1,1,0.99999917,1
181281,1,1,0.99999607,1
181282,1,1,0.9999974,1
181283,1,1,1.0,1
181284,1,1,0.9999939,1
181285,1,1,0.9999956,1
181286,1,1,0.9999919,1
181287,1,1,0.9999956,1
181288,1,1,1.0,1
181289,1,1,0.99998415,1
181290,1,1,0.99999976,1
181291,1,1,0.9999989,1
181292,1,1,0.99999964,1
181293,1,1,0.9999987,1
181294,1,1,0.9999553,1
181295,1,1,1.0,1
181296,1,1,0.9999925,1
181297,1,1,0.9999999,1
181298,1,1,0.9999995,1
181299,1,1,0.99832886,1
181300,1,1,0.9999995,1
181301,1,1,1.0,1
181302,1,1,0.9999745,1
181303,1,1,1.0,1
181304,1,1,1.0,1
181305,1,1,0.9999999,1
181306,1,1,1.0,1
181307,1,1,0.8472108,1
181308,1,1,1.0,1
181309,1,1,1.0,1
181310,1,1,0.9999999,1
181311,1,1,1.0,1
181312,1,1,1.0,1
181313,1,1,0.99999976,1
181314,1,1,0.9813286,1
181315,1,1,1.0,1
181316,1,1,0.9999975,1
181317,1,1,1.0,1
181318,1,1,1.0,1
181319,1,1,0.99971646,1
181320,1,1,1.0,1
181321,1,1,0.99999976,1
181322,1,1,1.0,1
181323,1,1,1.0,1
181324,1,1,0.99996376,1
181325,1,1,1.0,1
181326,1,1,0.9999962,1
181327,1,1,0.8539127,1
181328,1,1,1.0,1
181329,1,1,0.9999337,1
181330,1,1,0.99979585,1
181331,1,1,0.99999774,1
181332,1,1,0.9993893,1
181333,1,1,0.97057647,1
181334,1,1,0.9999994,1
181335,1,1,0.9999094,1
181336,1,1,0.9967333,1
181337,1,1,0.9882902,1
181338,1,1,1.0,1
181339,1,1,0.8406518,1
181340,1,1,0.9999856,1
181341,1,1,0.99960107,1
181342,1,1,0.99822825,1
181343,1,1,0.994615,1
181344,1,0,0.004451041,0
181345,1,1,0.8908652,1
181346,1,1,0.9999995,1
181347,1,1,0.8039445,1
181348,1,1,0.9508236,1
181349,1,1,0.9508236,1
181350,1,1,0.9508236,1
181351,1,1,0.9508236,1
181352,1,1,0.9508236,1
181353,1,1,0.9508236,1
181354,1,1,0.9508236,1
181355,1,1,0.9508236,1
181356,1,1,0.9508236,1
181357,1,1,0.9508236,1
181358,1,1,0.9508236,1
181359,1,1,0.9508236,1
181360,1,1,0.9508236,1
181361,1,1,0.9508236,1
181362,1,1,0.9508236,1
181363,1,1,0.9508236,1
181364,1,1,0.9508236,1
181365,1,1,0.9508236,1
181366,1,1,0.9508236,1
181367,1,1,0.9508236,1
181368,1,1,0.9508236,1
181369,1,1,0.9508236,1
181370,1,1,0.9508236,1
181371,1,1,0.9508236,1
181372,1,1,0.9508236,1
181373,1,1,0.9508236,1
181374,1,1,0.9508236,1
181375,1,1,0.9508236,1
181376,1,1,0.9508236,1
181377,1,1,0.9799382,1
181378,1,1,0.9999999,1
181379,1,1,0.928668,1
181380,1,1,0.94468933,1
181381,1,0,0.17660058,0
181382,1,1,0.79645085,1
181383,1,1,0.6886255,1
181384,1,1,0.99997854,1
181385,1,1,0.4426365,1
181386,1,1,0.99917525,1
181387,1,1,0.81227237,1
181388,1,1,0.7692537,1
181389,1,1,0.9843364,1
181390,1,1,0.999159,1
181391,1,0,0.108850285,0
181392,1,1,0.9987576,1
181393,1,0,0.05399884,0
181394,1,1,0.99997294,1
181395,1,1,0.9999949,1
181396,1,1,0.9998287,1
181397,1,1,0.62457985,1
181398,1,1,0.98971164,1
181399,1,1,0.96411926,1
181400,1,1,0.99861693,1
181401,1,0,0.000964092,0
181402,1,1,0.9038049,1
181403,1,0,0.058507007,0
181404,1,1,0.9999981,1
181405,1,0,0.07470251,0
181406,1,1,0.4101655,1
181407,1,1,0.9992489,1
181408,1,0,0.102484226,0
181409,1,0,0.102484226,0
181410,1,0,0.102484226,0
181411,1,0,0.102484226,0
181412,1,0,0.102484226,0
181413,1,0,0.102484226,0
181414,1,0,0.102484226,0
181415,1,0,0.102484226,0
181416,1,0,0.102484226,0
181417,1,0,0.102484226,0
181418,1,0,0.102484226,0
181419,1,0,0.102484226,0
181420,1,0,0.102484226,0
181421,1,0,0.102484226,0
181422,1,0,0.102484226,0
181423,1,0,0.102484226,0
181424,1,0,0.102484226,0
181425,1,0,0.102484226,0
181426,1,0,0.102484226,0
181427,1,0,0.102484226,0
181428,1,0,0.102484226,0
181429,1,0,0.102484226,0
181430,1,0,0.102484226,0
181431,1,0,0.102484226,0
181432,1,0,0.102484226,0
181433,1,0,0.102484226,0
181434,1,0,0.102484226,0
181435,1,0,0.102484226,0
181436,1,0,0.102484226,0
181437,1,0,0.010169658,0
181438,1,0,0.026330303,0
181439,1,1,0.8838389,1
181440,1,0,0.0140636265,0
181441,1,0,0.08411581,0
181442,1,1,0.9999012,1
181443,1,0,0.10771874,0
181444,1,1,1.0,1
181445,1,1,0.7101763,1
181446,1,0,0.23651622,0
181447,1,0,0.00042058743,0
181448,1,1,0.7705943,1
181449,1,1,0.9999999,1
181450,1,1,0.96160597,1
181451,1,0,0.0009362828,0
181452,1,1,0.8872046,1
181453,1,1,0.9928092,1
181454,1,1,0.99758446,1
181455,1,1,0.9970708,1
181456,1,1,0.99990606,1
181457,1,1,0.9999695,1
181458,1,1,0.99415743,1
181459,1,1,0.70684856,1
181460,1,1,0.9999999,1
181461,1,1,0.9881765,1
181462,1,1,0.999894,1
181463,1,1,1.0,1
181464,1,1,0.99766326,1
181465,1,1,0.99993646,1
181466,1,1,0.9881765,1
181467,1,1,1.0,1
181468,1,1,0.99999917,1
181469,1,1,1.0,1
181470,1,1,1.0,1
181471,1,1,1.0,1
181472,1,1,1.0,1
181473,1,1,1.0,1
181474,1,1,1.0,1
181475,1,1,1.0,1
181476,1,1,1.0,1
181477,1,1,1.0,1
181478,1,1,1.0,1
181479,1,1,1.0,1
181480,1,1,0.9995635,1
181481,1,1,0.9997677,1
181482,1,1,0.99664307,1
181483,1,1,0.9999999,1
181484,1,1,0.9951609,1
181485,1,1,1.0,1
181486,1,1,0.99999917,1
181487,1,1,0.99999845,1
181488,1,1,1.0,1
181489,1,1,0.999905,1
181490,1,1,0.99867237,1
181491,1,1,1.0,1
181492,1,1,1.0,1
181493,1,1,0.9959927,1
181494,1,1,0.9986462,1
181495,1,1,0.9796092,1
181496,1,1,0.9999949,1
181497,1,1,0.99987364,1
181498,1,0,0.19946387,0
181499,1,1,1.0,1
181500,1,1,0.99999964,1
181501,1,1,0.9999305,1
181502,1,1,0.9999999,1
181503,1,1,0.9999999,1
181504,1,1,0.99999964,1
181505,1,1,0.9999902,1
181506,1,1,0.9998981,1
181507,1,1,1.0,1
181508,1,1,1.0,1
181509,1,1,0.99999905,1
181510,1,1,0.9999701,1
181511,1,1,1.0,1
181512,1,0,0.016753288,0
181513,1,1,0.9999994,1
181514,1,1,1.0,1
181515,1,1,1.0,1
181516,1,1,0.99565166,1
181517,1,1,0.99999976,1
181518,1,0,0.08929564,0
181519,1,1,0.99999833,1
181520,1,1,1.0,1
181521,1,1,1.0,1
181522,1,1,0.99999917,1
181523,1,1,0.99975556,1
181524,1,1,0.9999999,1
181525,1,1,0.99999166,1
181526,1,1,0.990732,1
181527,1,0,0.13887003,0
181528,1,1,0.9551939,1
181529,1,1,0.9551939,1
181530,1,1,0.9551939,1
181531,1,1,0.9551939,1
181532,1,1,0.9551939,1
181533,1,1,0.9551939,1
181534,1,1,0.9551939,1
181535,1,1,0.9551939,1
181536,1,1,0.9551939,1
181537,1,1,0.9551939,1
181538,1,1,0.9551939,1
181539,1,1,0.9551939,1
181540,1,1,0.9551939,1
181541,1,1,0.9551939,1
181542,1,1,0.9551939,1
181543,1,1,0.9551939,1
181544,1,1,0.9551939,1
181545,1,1,0.9551939,1
181546,1,1,0.9551939,1
181547,1,1,0.9551939,1
181548,1,1,0.9551939,1
181549,1,1,0.9551939,1
181550,1,1,0.9551939,1
181551,1,1,0.9551939,1
181552,1,1,0.9551939,1
181553,1,1,0.9551939,1
181554,1,1,0.9551939,1
181555,1,1,0.9551939,1
181556,1,1,0.9551939,1
181557,1,1,1.0,1
181558,1,1,0.9999392,1
181559,1,1,1.0,1
181560,1,1,0.99999094,1
181561,1,1,0.999998,1
181562,1,1,1.0,1
181563,1,1,1.0,1
181564,1,1,1.0,1
181565,1,1,1.0,1
181566,1,1,1.0,1
181567,1,1,1.0,1
181568,1,1,1.0,1
181569,1,1,1.0,1
181570,1,1,1.0,1
181571,1,1,1.0,1
181572,1,1,1.0,1
181573,1,1,0.99999976,1
181574,1,1,1.0,1
181575,1,1,1.0,1
181576,1,1,1.0,1
181577,1,1,1.0,1
181578,1,1,0.9980994,1
181579,1,1,1.0,1
181580,1,1,0.99924016,1
181581,1,1,0.99999976,1
181582,1,1,0.99999976,1
181583,1,1,1.0,1
181584,1,1,1.0,1
181585,1,1,1.0,1
181586,1,1,1.0,1
181587,1,1,0.9971717,1
181588,1,1,0.9998827,1
181589,1,1,0.99999964,1
181590,1,1,0.9997613,1
181591,1,1,0.97249323,1
181592,1,1,1.0,1
181593,1,1,0.9999999,1
181594,1,1,1.0,1
181595,1,1,1.0,1
181596,1,1,0.9730109,1
181597,1,0,0.023757325,0
181598,1,1,0.9996259,1
181599,1,1,0.97275317,1
181600,1,1,0.9999912,1
181601,1,1,0.99975365,1
181602,1,1,0.9994504,1
181603,1,1,0.99963236,1
181604,1,1,0.98953116,1
181605,1,1,0.9999995,1
181606,1,1,1.0,1
181607,1,1,1.0,1
181608,1,1,0.9999907,1
181609,1,1,0.9883802,1
181610,1,1,0.88252914,1
181611,1,1,0.99529076,1
181612,1,1,0.99999964,1
181613,1,1,1.0,1
181614,1,1,1.0,1
181615,1,1,0.99999464,1
181616,1,1,0.99999905,1
181617,1,1,0.99999154,1
181618,1,1,1.0,1
181619,1,1,0.99687636,1
181620,1,1,1.0,1
181621,1,1,0.9998253,1
181622,1,1,0.99999857,1
181623,1,1,1.0,1
181624,1,1,0.99999726,1
181625,1,1,0.9999715,1
181626,1,1,0.9999982,1
181627,1,1,0.99999964,1
181628,1,1,0.9999908,1
181629,1,1,1.0,1
181630,1,1,0.9999715,1
181631,1,1,1.0,1
181632,1,1,1.0,1
181633,1,1,1.0,1
181634,1,1,1.0,1
181635,1,1,0.9999999,1
181636,1,1,1.0,1
181637,1,1,0.999992,1
181638,1,1,1.0,1
181639,1,1,0.99999,1
181640,1,1,0.9999969,1
181641,1,1,1.0,1
181642,1,1,0.9999951,1
181643,1,1,0.99999976,1
181644,1,1,0.99994147,1
181645,1,1,0.99999964,1
181646,1,1,0.9982692,1
181647,1,1,0.99968624,1
181648,1,1,0.9999995,1
181649,1,1,1.0,1
181650,1,1,0.9996259,1
181651,1,1,1.0,1
181652,1,1,1.0,1
181653,1,1,0.99939406,1
181654,1,1,1.0,1
181655,1,1,1.0,1
181656,1,1,0.99998486,1
181657,1,1,0.99993896,1
181658,1,1,1.0,1
181659,1,1,0.99998915,1
181660,1,1,0.99999905,1
181661,1,1,0.99999297,1
181662,1,1,0.99999976,1
181663,1,1,1.0,1
181664,1,1,1.0,1
181665,1,1,1.0,1
181666,1,1,0.99998844,1
181667,1,1,1.0,1
181668,1,1,1.0,1
181669,1,1,1.0,1
181670,1,1,0.99999976,1
181671,1,1,1.0,1
181672,1,1,0.9999999,1
181673,1,1,0.99999726,1
181674,1,1,0.9999999,1
181675,1,1,1.0,1
181676,1,1,1.0,1
181677,1,1,0.9088609,1
181678,1,1,0.99960726,1
181679,1,0,0.11124121,0
181680,1,1,0.5565201,1
181681,1,1,0.99927205,1
181682,1,1,0.6534034,1
181683,1,1,0.99736315,1
181684,1,1,0.9005298,1
181685,1,1,0.9999862,1
181686,1,1,0.9999939,1
181687,1,0,0.02118586,0
181688,1,1,0.99632865,1
181689,1,1,0.9999982,1
181690,1,1,0.99999976,1
181691,1,1,0.98475236,1
181692,1,1,0.96538115,1
181693,1,1,0.9523531,1
181694,1,1,0.99999857,1
181695,1,1,0.9997974,1
181696,1,1,0.9991013,1
181697,1,1,0.99999917,1
181698,1,1,0.99984646,1
181699,1,1,0.99999535,1
181700,1,1,1.0,1
181701,1,1,0.9999995,1
181702,1,1,0.9999981,1
181703,1,1,0.99997866,1
181704,1,1,0.99997914,1
181705,1,1,0.9999888,1
181706,1,1,0.99999976,1
181707,1,1,1.0,1
181708,1,1,0.9999994,1
181709,1,1,1.0,1
181710,1,1,0.99998975,1
181711,1,1,0.99999976,1
181712,1,1,0.99979097,1
181713,1,1,0.9999999,1
181714,1,1,0.99817204,1
181715,1,1,1.0,1
181716,1,1,0.9999999,1
181717,1,1,0.9999989,1
181718,1,1,0.99999666,1
181719,1,1,0.99998224,1
181720,1,1,0.9999982,1
181721,1,1,0.99998987,1
181722,1,1,1.0,1
181723,1,1,1.0,1
181724,1,1,1.0,1
181725,1,1,1.0,1
181726,1,1,1.0,1
181727,1,1,1.0,1
181728,1,1,1.0,1
181729,1,1,1.0,1
181730,1,1,1.0,1
181731,1,1,0.99980134,1
181732,1,1,0.99956006,1
181733,1,1,0.9999989,1
181734,1,1,1.0,1
181735,1,1,1.0,1
181736,1,1,0.99999976,1
181737,1,1,1.0,1
181738,1,1,0.99933845,1
181739,1,1,0.9999949,1
181740,1,1,1.0,1
181741,1,1,0.99996626,1
181742,1,1,1.0,1
181743,1,1,0.9999994,1
181744,1,1,0.9999894,1
181745,1,1,1.0,1
181746,1,1,1.0,1
181747,1,1,1.0,1
181748,1,1,1.0,1
181749,1,1,1.0,1
181750,1,1,0.99999964,1
181751,1,1,0.99999976,1
181752,1,1,0.9999995,1
181753,1,1,1.0,1
181754,1,1,1.0,1
181755,1,1,0.99586606,1
181756,1,1,1.0,1
181757,1,1,1.0,1
181758,1,1,1.0,1
181759,1,1,1.0,1
181760,1,1,1.0,1
181761,1,1,1.0,1
181762,1,1,1.0,1
181763,1,1,1.0,1
181764,1,1,1.0,1
181765,1,1,0.9999999,1
181766,1,1,1.0,1
181767,1,1,1.0,1
181768,1,1,0.9998666,1
181769,1,1,1.0,1
181770,1,1,1.0,1
181771,1,1,1.0,1
181772,1,1,1.0,1
181773,1,1,0.999995,1
181774,1,1,0.99846625,1
181775,1,1,1.0,1
181776,1,1,1.0,1
181777,1,1,1.0,1
181778,1,1,0.9999987,1
181779,1,1,0.99999976,1
181780,1,1,1.0,1
181781,1,1,1.0,1
181782,1,1,1.0,1
181783,1,1,0.9999453,1
181784,1,1,1.0,1
181785,1,1,0.99999046,1
181786,1,1,0.999998,1
181787,1,1,1.0,1
181788,1,1,1.0,1
181789,1,1,1.0,1
181790,1,1,0.9999771,1
181791,1,1,1.0,1
181792,1,1,0.50384516,1
181793,1,1,0.99999714,1
181794,1,1,0.7684726,1
181795,1,1,0.99999976,1
181796,1,1,1.0,1
181797,1,1,0.6730305,1
181798,1,1,0.964355,1
181799,1,1,0.99700147,1
181800,1,1,0.45211253,1
181801,1,1,0.9999988,1
181802,1,1,0.8304567,1
181803,1,1,0.7533306,1
181804,1,1,0.7713272,1
181805,1,1,0.99979097,1
181806,1,1,0.9993255,1
181807,1,1,0.99931884,1
181808,1,1,0.54710114,1
181809,1,0,0.06336634,0
181810,1,1,0.9999263,1
181811,1,1,0.8472108,1
181812,1,1,0.9946878,1
181813,1,1,0.9593071,1
181814,1,1,0.9853843,1
181815,1,1,0.9999999,1
181816,1,1,0.99936503,1
181817,1,1,0.9999999,1
181818,1,1,0.9999999,1
181819,1,1,0.9269014,1
181820,1,1,0.99025387,1
181821,1,1,0.99906737,1
181822,1,1,0.9987281,1
181823,1,1,0.9888204,1
181824,1,1,0.99999166,1
181825,1,1,0.83359575,1
181826,1,1,0.99999964,1
181827,1,1,0.9997631,1
181828,1,1,0.98178816,1
181829,1,1,0.9172285,1
181830,1,1,0.8959786,1
181831,1,1,0.7439129,1
181832,1,1,0.9984207,1
181833,1,1,0.9936487,1
181834,1,0,0.26170808,0
181835,1,1,0.99990535,1
181836,1,1,0.9570777,1
181837,1,1,0.999071,1
181838,1,1,0.9999994,1
181839,1,1,0.9916842,1
181840,1,1,0.95911604,1
181841,1,1,0.8840393,1
181842,1,1,0.9890765,1
181843,1,1,0.82190347,1
181844,1,1,0.9763782,1
181845,1,1,0.9904591,1
181846,1,1,0.99572706,1
181847,1,1,0.98792297,1
181848,1,1,0.99865675,1
181849,1,1,0.8940517,1
181850,1,1,0.99907637,1
181851,1,1,0.9976769,1
181852,1,1,0.8733229,1
181853,1,1,0.96841115,1
181854,1,0,0.20914644,0
181855,1,1,0.95857656,1
181856,1,1,0.83169055,1
181857,1,1,0.9999893,1
181858,1,1,1.0,1
181859,1,1,0.9999914,1
181860,1,1,0.99928623,1
181861,1,1,0.99997497,1
181862,1,1,1.0,1
181863,1,1,0.9869544,1
181864,1,1,0.972178,1
181865,1,1,0.99992156,1
181866,1,1,0.9998198,1
181867,1,1,0.99932015,1
181868,1,1,0.9589241,1
181869,1,1,0.9999578,1
181870,1,1,0.9999926,1
181871,1,1,0.8866169,1
181872,1,1,0.6530716,1
181873,1,1,1.0,1
181874,1,1,0.9999994,1
181875,1,1,0.99979335,1
181876,1,1,0.99995124,1
181877,1,1,0.9628482,1
181878,1,1,0.9999999,1
181879,1,1,1.0,1
181880,1,1,0.9421883,1
181881,1,1,0.99999475,1
181882,1,1,0.99998593,1
181883,1,1,0.9999615,1
181884,1,1,0.99996805,1
181885,1,1,1.0,1
181886,1,1,0.99996006,1
181887,1,1,0.9999993,1
181888,1,1,0.9999995,1
181889,1,1,0.99999654,1
181890,1,1,1.0,1
181891,1,1,1.0,1
181892,1,1,0.99999356,1
181893,1,1,0.99999976,1
181894,1,1,1.0,1
181895,1,1,1.0,1
181896,1,1,0.9997273,1
181897,1,1,0.9981828,1
181898,1,1,1.0,1
181899,1,1,1.0,1
181900,1,1,0.9999789,1
181901,1,1,1.0,1
181902,1,1,1.0,1
181903,1,1,1.0,1
181904,1,1,1.0,1
181905,1,1,0.9974837,1
181906,1,1,0.99999964,1
181907,1,1,0.9998253,1
181908,1,1,1.0,1
181909,1,1,0.99997556,1
181910,1,1,0.9967077,1
181911,1,1,0.9999999,1
181912,1,1,0.9999995,1
181913,1,1,1.0,1
181914,1,1,0.9848984,1
181915,1,1,0.99936754,1
181916,1,1,0.9999999,1
181917,1,1,0.9999994,1
181918,1,1,1.0,1
181919,1,1,0.99813974,1
181920,1,1,0.9999988,1
181921,1,1,0.99951124,1
181922,1,1,0.99999857,1
181923,1,1,0.99995995,1
181924,1,1,1.0,1
181925,1,1,0.9946878,1
181926,1,1,0.999943,1
181927,1,1,1.0,1
181928,1,1,0.99999225,1
181929,1,1,0.99991417,1
181930,1,1,0.9989536,1
181931,1,0,0.33486128,0
181932,1,1,0.9983354,1
181933,1,1,0.99999964,1
181934,1,1,0.9997546,1
181935,1,1,0.8342719,1
181936,1,1,0.9924666,1
181937,1,1,0.9955576,1
181938,1,1,0.99952805,1
181939,1,1,0.9998691,1
181940,1,1,1.0,1
181941,1,1,0.998844,1
181942,1,1,0.9990169,1
181943,1,1,0.99758923,1
181944,1,1,0.99999964,1
181945,1,1,0.999979,1
181946,1,1,1.0,1
